#            date       tau255        Tb[K]      pwv[mm] lwp[kg*m^-2] iwp[kg*m^-2]       o3[DU]
20251212_12:00:00   1.8685e+00   2.5051e+02   2.5197e+01   0.0000e+00   0.0000e+00   2.5913e+02
20251212_13:00:00   1.7946e+00   2.4721e+02   2.4401e+01   0.0000e+00   1.7684e-07   2.5940e+02
20251212_14:00:00   1.8008e+00   2.4773e+02   2.4269e+01   0.0000e+00   0.0000e+00   2.5653e+02
20251212_15:00:00   1.9071e+00   2.5275e+02   2.5179e+01   0.0000e+00   0.0000e+00   2.5541e+02
20251212_16:00:00   1.8928e+00   2.5201e+02   2.5175e+01   0.0000e+00   0.0000e+00   2.5466e+02
20251212_17:00:00   1.8230e+00   2.4881e+02   2.4637e+01   0.0000e+00   1.3208e-05   2.5539e+02
20251212_18:00:00   1.8822e+00   2.5142e+02   2.5132e+01   4.7750e-06   0.0000e+00   2.5748e+02
20251212_19:00:00   2.2655e+00   2.6544e+02   2.9397e+01   4.7340e-04   0.0000e+00   2.5760e+02
20251212_20:00:00   2.3150e+00   2.6682e+02   3.0269e+01   6.1880e-04   0.0000e+00   2.5747e+02
20251212_21:00:00   2.3657e+00   2.6821e+02   3.0646e+01   0.0000e+00   0.0000e+00   2.5712e+02
20251212_22:00:00   2.2458e+00   2.6484e+02   2.9650e+01   0.0000e+00   0.0000e+00   2.5633e+02
20251212_23:00:00   1.9731e+00   2.5517e+02   2.6281e+01   0.0000e+00   0.0000e+00   2.5490e+02
20251213_00:00:00   2.0376e+00   2.5761e+02   2.7173e+01   0.0000e+00   0.0000e+00   2.5580e+02
20251213_01:00:00   2.0550e+00   2.5821e+02   2.7821e+01   0.0000e+00   0.0000e+00   2.5670e+02
20251213_02:00:00   2.2786e+00   2.6556e+02   3.0622e+01   2.6520e-07   0.0000e+00   2.5793e+02
20251213_03:00:00   2.5790e+00   2.7323e+02   3.3827e+01   1.9452e-06   0.0000e+00   2.5892e+02
20251213_04:00:00   2.9731e+00   2.8014e+02   3.8365e+01   3.7281e-03   0.0000e+00   2.5943e+02
20251213_05:00:00   3.0751e+00   2.8136e+02   3.9623e+01   2.0100e-05   0.0000e+00   2.5977e+02
20251213_06:00:00   3.0641e+00   2.8117e+02   3.9817e+01   5.8260e-05   0.0000e+00   2.6058e+02
20251213_07:00:00   2.9607e+00   2.7977e+02   3.8864e+01   1.3456e-04   0.0000e+00   2.6016e+02
20251213_08:00:00   2.5508e+00   2.7252e+02   3.3463e+01   4.8045e-05   0.0000e+00   2.5893e+02
20251213_09:00:00   2.2724e+00   2.6542e+02   2.9648e+01   0.0000e+00   0.0000e+00   2.5773e+02
20251213_10:00:00   2.3221e+00   2.6671e+02   3.0676e+01   0.0000e+00   0.0000e+00   2.5875e+02
20251213_11:00:00   2.3123e+00   2.6640e+02   3.0571e+01   0.0000e+00   0.0000e+00   2.5839e+02
20251213_12:00:00   2.2873e+00   2.6580e+02   3.0331e+01   0.0000e+00   0.0000e+00   2.5672e+02
20251213_13:00:00   2.4748e+00   2.7085e+02   3.2902e+01   0.0000e+00   0.0000e+00   2.5670e+02
20251213_14:00:00   2.7297e+00   2.7611e+02   3.6032e+01   7.9860e-05   0.0000e+00   2.5536e+02
20251213_15:00:00   2.9334e+00   2.7958e+02   3.8543e+01   7.2799e-04   0.0000e+00   2.5382e+02
20251213_16:00:00   3.0507e+00   2.8129e+02   4.0126e+01   3.7200e-04   0.0000e+00   2.5537e+02
20251213_17:00:00   3.1832e+00   2.8288e+02   4.2075e+01   1.4030e-04   0.0000e+00   2.5425e+02
20251213_18:00:00   3.3178e+00   2.8431e+02   4.4029e+01   1.4785e-03   0.0000e+00   2.5662e+02
20251213_19:00:00   3.3925e+00   2.8500e+02   4.4763e+01   7.3514e-03   0.0000e+00   2.5583e+02
20251213_20:00:00   3.3191e+00   2.8433e+02   4.4044e+01   2.9300e-04   0.0000e+00   2.5476e+02
20251213_21:00:00   3.2762e+00   2.8393e+02   4.3535e+01   4.5540e-05   0.0000e+00   2.5418e+02
20251213_22:00:00   3.2768e+00   2.8392e+02   4.3700e+01   1.4542e-04   0.0000e+00   2.5413e+02
20251213_23:00:00   3.3183e+00   2.8432e+02   4.4366e+01   5.0564e-04   0.0000e+00   2.5236e+02
20251214_00:00:00   3.3500e+00   2.8472e+02   4.4851e+01   2.4613e-04   0.0000e+00   2.5360e+02
20251214_01:00:00   3.3792e+00   2.8508e+02   4.5149e+01   4.7957e-05   0.0000e+00   2.5409e+02
20251214_02:00:00   3.4029e+00   2.8532e+02   4.5935e+01   9.2805e-06   0.0000e+00   2.5527e+02
20251214_03:00:00   3.4026e+00   2.8503e+02   4.6842e+01   0.0000e+00   9.8320e-23   2.5580e+02
20251214_04:00:00   3.1322e+00   2.8194e+02   4.4181e+01   0.0000e+00   9.1660e-06   2.5531e+02
20251214_05:00:00   3.0857e+00   2.8114e+02   4.3585e+01   0.0000e+00   3.9920e-06   2.5512e+02
20251214_06:00:00   2.8604e+00   2.7754e+02   4.0887e+01   0.0000e+00   7.4900e-06   2.5497e+02
20251214_07:00:00   2.6332e+00   2.7316e+02   3.7919e+01   0.0000e+00   1.7820e-07   2.5481e+02
20251214_08:00:00   2.4161e+00   2.6808e+02   3.5029e+01   0.0000e+00   8.9100e-08   2.5562e+02
20251214_09:00:00   2.2401e+00   2.6318e+02   3.2478e+01   0.0000e+00   0.0000e+00   2.5616e+02
20251214_10:00:00   2.0835e+00   2.5818e+02   2.9753e+01   0.0000e+00   0.0000e+00   2.5680e+02
20251214_11:00:00   1.9007e+00   2.5128e+02   2.6509e+01   0.0000e+00   0.0000e+00   2.5526e+02
20251214_12:00:00   1.7817e+00   2.4606e+02   2.4224e+01   0.0000e+00   0.0000e+00   2.5481e+02
20251214_13:00:00   1.7511e+00   2.4463e+02   2.3580e+01   0.0000e+00   0.0000e+00   2.5582e+02
20251214_14:00:00   1.7939e+00   2.4680e+02   2.4016e+01   0.0000e+00   0.0000e+00   2.5647e+02
20251214_15:00:00   1.8461e+00   2.4940e+02   2.4584e+01   0.0000e+00   0.0000e+00   2.5551e+02
20251214_16:00:00   1.9346e+00   2.5335e+02   2.5561e+01   0.0000e+00   0.0000e+00   2.5449e+02
20251214_17:00:00   1.9878e+00   2.5543e+02   2.6194e+01   2.7947e-04   5.1840e-06   2.5399e+02
20251214_18:00:00   1.8794e+00   2.5092e+02   2.4897e+01   2.1539e-03   6.7800e-06   2.5365e+02
20251214_19:00:00   1.6085e+00   2.3724e+02   2.1909e+01   0.0000e+00   0.0000e+00   2.5338e+02
20251214_20:00:00   1.5251e+00   2.3226e+02   2.0844e+01   0.0000e+00   4.4280e-07   2.5329e+02
20251214_21:00:00   1.5771e+00   2.3550e+02   2.1383e+01   0.0000e+00   0.0000e+00   2.5277e+02
20251214_22:00:00   1.6207e+00   2.3797e+02   2.1943e+01   0.0000e+00   0.0000e+00   2.5238e+02
20251214_23:00:00   1.6023e+00   2.3685e+02   2.1773e+01   0.0000e+00   0.0000e+00   2.5275e+02
20251215_00:00:00   1.5883e+00   2.3606e+02   2.1629e+01   0.0000e+00   0.0000e+00   2.5190e+02
20251215_01:00:00   1.6589e+00   2.4003e+02   2.2761e+01   0.0000e+00   0.0000e+00   2.5130e+02
20251215_02:00:00   1.8827e+00   2.5093e+02   2.5816e+01   0.0000e+00   0.0000e+00   2.5099e+02
20251215_03:00:00   2.1353e+00   2.6067e+02   2.9116e+01   0.0000e+00   0.0000e+00   2.5109e+02
20251215_04:00:00   2.4168e+00   2.6900e+02   3.2910e+01   0.0000e+00   0.0000e+00   2.5038e+02
20251215_05:00:00   2.8755e+00   2.7833e+02   3.8964e+01   0.0000e+00   0.0000e+00   2.4965e+02
20251215_06:00:00   3.2356e+00   2.8301e+02   4.3582e+01   0.0000e+00   0.0000e+00   2.5001e+02
20251215_07:00:00   3.2764e+00   2.8340e+02   4.4164e+01   0.0000e+00   0.0000e+00   2.4994e+02
20251215_08:00:00   3.2131e+00   2.8261e+02   4.3644e+01   0.0000e+00   0.0000e+00   2.4910e+02
20251215_09:00:00   3.1956e+00   2.8240e+02   4.3697e+01   0.0000e+00   3.3240e-05   2.4879e+02
20251215_10:00:00   3.2295e+00   2.8269e+02   4.4523e+01   0.0000e+00   7.8500e-05   2.4772e+02
20251215_11:00:00   3.2490e+00   2.8282e+02   4.5175e+01   0.0000e+00   6.4380e-04   2.4876e+02
20251215_12:00:00   3.2461e+00   2.8292e+02   4.5166e+01   0.0000e+00   7.0060e-04   2.4986e+02
20251215_13:00:00   3.2175e+00   2.8276e+02   4.4791e+01   0.0000e+00   3.7754e-05   2.5077e+02
20251215_14:00:00   3.2235e+00   2.8291e+02   4.4909e+01   0.0000e+00   1.6489e-05   2.5125e+02
20251215_15:00:00   3.2814e+00   2.8356e+02   4.6101e+01   0.0000e+00   4.3096e-05   2.5054e+02
20251215_16:00:00   3.4067e+00   2.8487e+02   4.7636e+01   0.0000e+00   6.2980e-05   2.5063e+02
20251215_17:00:00   3.5362e+00   2.8603e+02   4.9129e+01   0.0000e+00   1.8758e-04   2.5012e+02
20251215_18:00:00   3.5504e+00   2.8618e+02   4.9323e+01   0.0000e+00   5.5560e-04   2.4928e+02
20251215_19:00:00   3.5507e+00   2.8621e+02   4.9399e+01   0.0000e+00   1.9862e-05   2.4861e+02
20251215_20:00:00   3.5270e+00   2.8599e+02   4.9091e+01   0.0000e+00   8.1960e-05   2.4878e+02
20251215_21:00:00   3.5524e+00   2.8624e+02   4.9254e+01   0.0000e+00   1.0943e-04   2.4981e+02
20251215_22:00:00   3.5728e+00   2.8642e+02   4.9206e+01   0.0000e+00   4.9260e-05   2.5015e+02
20251215_23:00:00   3.5492e+00   2.8627e+02   4.8839e+01   0.0000e+00   7.9543e-04   2.5149e+02
20251216_00:00:00   3.4827e+00   2.8582e+02   4.8082e+01   0.0000e+00   2.8380e-04   2.5340e+02
20251216_01:00:00   3.4253e+00   2.8530e+02   4.7319e+01   5.2560e-06   3.1778e-03   2.5598e+02
20251216_02:00:00   3.3734e+00   2.8476e+02   4.6643e+01   1.7820e-07   1.9624e-03   2.5562e+02
20251216_03:00:00   3.3282e+00   2.8420e+02   4.6040e+01   1.0024e-06   1.5645e-03   2.5502e+02
20251216_04:00:00   3.2776e+00   2.8369e+02   4.5216e+01   0.0000e+00   2.6526e-03   2.5492e+02
20251216_05:00:00   3.2207e+00   2.8309e+02   4.4480e+01   0.0000e+00   8.5018e-04   2.5503e+02
20251216_06:00:00   3.1475e+00   2.8223e+02   4.3606e+01   0.0000e+00   7.0660e-06   2.5523e+02
20251216_07:00:00   3.0965e+00   2.8152e+02   4.2878e+01   1.3544e-06   5.7620e-05   2.5431e+02
20251216_08:00:00   3.0458e+00   2.8086e+02   4.2077e+01   0.0000e+00   1.1020e-04   2.5264e+02
20251216_09:00:00   2.9822e+00   2.7998e+02   4.1267e+01   0.0000e+00   6.3000e-05   2.5194e+02
20251216_10:00:00   2.9185e+00   2.7902e+02   4.0475e+01   0.0000e+00   3.5640e-07   2.5164e+02
20251216_11:00:00   2.8626e+00   2.7813e+02   3.9743e+01   7.5740e-07   0.0000e+00   2.5099e+02
20251216_12:00:00   2.8271e+00   2.7760e+02   3.9260e+01   3.3020e-06   3.0260e-06   2.5050e+02
20251216_13:00:00   2.8490e+00   2.7807e+02   3.9593e+01   7.8740e-06   6.6820e-05   2.5182e+02
20251216_14:00:00   2.9018e+00   2.7895e+02   4.0355e+01   1.0685e-03   1.6908e-03   2.5384e+02
20251216_15:00:00   2.9243e+00   2.7924e+02   4.0696e+01   6.0007e-04   2.8280e-03   2.5629e+02
20251216_16:00:00   3.0123e+00   2.8049e+02   4.1873e+01   1.5004e-04   3.0541e-04   2.5728e+02
20251216_17:00:00   3.0029e+00   2.8038e+02   4.2078e+01   3.1145e-06   2.1156e-04   2.5760e+02
20251216_18:00:00   2.9974e+00   2.8035e+02   4.2123e+01   7.0800e-07   5.1324e-05   2.5769e+02
20251216_19:00:00   2.9675e+00   2.7994e+02   4.1686e+01   0.0000e+00   1.3919e-05   2.5650e+02
20251216_20:00:00   2.9245e+00   2.7925e+02   4.0941e+01   0.0000e+00   5.5916e-05   2.5633e+02
20251216_21:00:00   2.9137e+00   2.7900e+02   4.0820e+01   0.0000e+00   2.8382e-04   2.5680e+02
20251216_22:00:00   2.9154e+00   2.7901e+02   4.0758e+01   0.0000e+00   1.3227e-03   2.5553e+02
20251216_23:00:00   2.9467e+00   2.7945e+02   4.1052e+01   0.0000e+00   1.8026e-03   2.5395e+02
20251217_00:00:00   3.0146e+00   2.8048e+02   4.1948e+01   0.0000e+00   1.7916e-05   2.5489e+02
20251217_01:00:00   3.0850e+00   2.8134e+02   4.3114e+01   2.2720e-06   1.6182e-03   2.5587e+02
20251217_02:00:00   3.0757e+00   2.8126e+02   4.3062e+01   0.0000e+00   1.4978e-03   2.5744e+02
20251217_03:00:00   2.9557e+00   2.7952e+02   4.1595e+01   3.0110e-05   7.4928e-04   2.5834e+02
20251217_04:00:00   2.8409e+00   2.7762e+02   4.0233e+01   9.0060e-05   1.8112e-03   2.5753e+02
20251217_05:00:00   2.7347e+00   2.7574e+02   3.8792e+01   1.3691e-03   3.0915e-04   2.5702e+02
20251217_06:00:00   2.6630e+00   2.7431e+02   3.7571e+01   3.4936e-03   7.9020e-06   2.5635e+02
20251217_07:00:00   2.4888e+00   2.7031e+02   3.5516e+01   6.1490e-04   0.0000e+00   2.5663e+02
20251217_08:00:00   2.4057e+00   2.6812e+02   3.4267e+01   2.3728e-05   2.6620e-05   2.5616e+02
20251217_09:00:00   2.4370e+00   2.6902e+02   3.4170e+01   9.6570e-05   2.6520e-05   2.5545e+02
20251217_10:00:00   2.5034e+00   2.7072e+02   3.4449e+01   0.0000e+00   2.8440e-03   2.5376e+02
20251217_11:00:00   2.5418e+00   2.7169e+02   3.4566e+01   2.6328e-04   2.9260e-03   2.5333e+02
20251217_12:00:00   2.6158e+00   2.7338e+02   3.5309e+01   5.7720e-04   3.8601e-03   2.5474e+02
20251217_15:00:00   2.7660e+00   2.7644e+02   3.8100e+01   6.2380e-07   4.5000e-04   2.5446e+02
20251217_18:00:00   3.0909e+00   2.8109e+02   4.3120e+01   8.5520e-05   0.0000e+00   2.5205e+02
20251217_21:00:00   2.5545e+00   2.7109e+02   3.8340e+01   0.0000e+00   1.5148e-06   2.4944e+02
20251218_00:00:00   2.0996e+00   2.5765e+02   3.2306e+01   0.0000e+00   2.0060e-04   2.4635e+02
20251218_03:00:00   2.6951e+00   2.7466e+02   3.8122e+01   6.3980e-05   0.0000e+00   2.4819e+02
20251218_06:00:00   2.8606e+00   2.7756e+02   4.0264e+01   2.9925e-05   0.0000e+00   2.4701e+02
20251218_09:00:00   2.4668e+00   2.6928e+02   3.5543e+01   0.0000e+00   0.0000e+00   2.4759e+02
20251218_12:00:00   2.2708e+00   2.6407e+02   3.1939e+01   4.9920e-05   4.2940e-04   2.5031e+02
20251218_15:00:00   2.1210e+00   2.5932e+02   3.1304e+01   0.0000e+00   1.2878e-03   2.5219e+02
20251218_18:00:00   3.0304e+00   2.8012e+02   4.2701e+01   2.3459e-04   4.6068e-03   2.5047e+02
20251218_21:00:00   2.3072e+00   2.6581e+02   3.2169e+01   0.0000e+00   3.1560e-03   2.4922e+02
20251219_00:00:00   2.9168e+00   2.7864e+02   4.0828e+01   3.3900e-06   2.2129e-03   2.4947e+02
20251219_03:00:00   2.8361e+00   2.7713e+02   4.1250e+01   1.0875e-05   2.0125e-03   2.4829e+02
20251219_06:00:00   3.0880e+00   2.8101e+02   4.3972e+01   4.9910e-06   1.2543e-03   2.5072e+02
20251219_09:00:00   3.0853e+00   2.8088e+02   4.4346e+01   0.0000e+00   1.2132e-02   2.5520e+02
20251219_12:00:00   3.0119e+00   2.8008e+02   4.2903e+01   0.0000e+00   1.4118e-03   2.5726e+02
20251219_15:00:00   2.9206e+00   2.7887e+02   4.1469e+01   0.0000e+00   1.1584e-03   2.6107e+02
20251219_18:00:00   2.9213e+00   2.7889e+02   4.1398e+01   0.0000e+00   2.9036e-04   2.6021e+02
20251219_21:00:00   2.9057e+00   2.7858e+02   4.1264e+01   0.0000e+00   6.0580e-04   2.5921e+02
20251220_00:00:00   2.7708e+00   2.7634e+02   3.9426e+01   2.6522e-07   3.2715e-04   2.5913e+02
20251220_03:00:00   2.6825e+00   2.7435e+02   3.8256e+01   9.9060e-06   2.1845e-03   2.5280e+02
20251220_06:00:00   2.5741e+00   2.7199e+02   3.6643e+01   0.0000e+00   1.4604e-03   2.5189e+02
20251220_09:00:00   2.6323e+00   2.7324e+02   3.7845e+01   0.0000e+00   3.7965e-04   2.5290e+02
20251220_12:00:00   2.6596e+00   2.7384e+02   3.8069e+01   8.9150e-05   2.8059e-03   2.5144e+02
20251220_15:00:00   3.0761e+00   2.8073e+02   4.3127e+01   4.9790e-04   1.6312e-03   2.5193e+02
20251220_18:00:00   2.9655e+00   2.7920e+02   4.1924e+01   7.4870e-06   0.0000e+00   2.5051e+02
20251220_21:00:00   3.0018e+00   2.7975e+02   4.2256e+01   0.0000e+00   4.9854e-04   2.5095e+02
20251221_00:00:00   2.8740e+00   2.7783e+02   4.0400e+01   0.0000e+00   0.0000e+00   2.5203e+02
20251221_03:00:00   2.8584e+00   2.7752e+02   4.0172e+01   0.0000e+00   0.0000e+00   2.5370e+02
20251221_06:00:00   2.9417e+00   2.7859e+02   4.1473e+01   1.7923e-06   0.0000e+00   2.5178e+02
20251221_09:00:00   2.8250e+00   2.7667e+02   4.0114e+01   0.0000e+00   0.0000e+00   2.5075e+02
20251221_12:00:00   2.7899e+00   2.7612e+02   3.9576e+01   0.0000e+00   0.0000e+00   2.5297e+02
20251221_15:00:00   2.9105e+00   2.7826e+02   4.1111e+01   0.0000e+00   0.0000e+00   2.5386e+02
20251221_18:00:00   2.9548e+00   2.7871e+02   4.1717e+01   5.5410e-04   0.0000e+00   2.5404e+02
20251221_21:00:00   2.9443e+00   2.7840e+02   4.1702e+01   0.0000e+00   0.0000e+00   2.5023e+02
20251222_00:00:00   2.8908e+00   2.7772e+02   4.0576e+01   0.0000e+00   0.0000e+00   2.5002e+02
20251222_03:00:00   2.7133e+00   2.7482e+02   3.7319e+01   0.0000e+00   0.0000e+00   2.5310e+02
20251222_06:00:00   2.6388e+00   2.7312e+02   3.6055e+01   0.0000e+00   0.0000e+00   2.5352e+02
20251222_09:00:00   2.4953e+00   2.7001e+02   3.4036e+01   0.0000e+00   0.0000e+00   2.5313e+02
20251222_12:00:00   2.5154e+00   2.7061e+02   3.4711e+01   0.0000e+00   0.0000e+00   2.5197e+02
20251222_15:00:00   2.5812e+00   2.7222e+02   3.5446e+01   0.0000e+00   0.0000e+00   2.5141e+02
20251222_18:00:00   2.6100e+00   2.7286e+02   3.5993e+01   0.0000e+00   0.0000e+00   2.5114e+02
20251222_21:00:00   2.5443e+00   2.7144e+02   3.5093e+01   0.0000e+00   0.0000e+00   2.5091e+02
20251223_00:00:00   2.4553e+00   2.6940e+02   3.3845e+01   0.0000e+00   0.0000e+00   2.5081e+02
20251223_03:00:00   2.3186e+00   2.6570e+02   3.2034e+01   0.0000e+00   0.0000e+00   2.5228e+02
20251223_06:00:00   2.5943e+00   2.7210e+02   3.5602e+01   2.9055e-05   2.8520e-24   2.5084e+02
20251223_09:00:00   2.3873e+00   2.6723e+02   3.3187e+01   0.0000e+00   0.0000e+00   2.5240e+02
20251223_12:00:00   2.3094e+00   2.6533e+02   3.1442e+01   0.0000e+00   0.0000e+00   2.5533e+02
20251223_15:00:00   2.2201e+00   2.6287e+02   3.0167e+01   0.0000e+00   0.0000e+00   2.5842e+02
20251223_18:00:00   2.1631e+00   2.6109e+02   2.9422e+01   0.0000e+00   0.0000e+00   2.5370e+02
20251223_21:00:00   2.3766e+00   2.6725e+02   3.2197e+01   0.0000e+00   1.0336e-04   2.5286e+02
20251224_00:00:00   2.2428e+00   2.6337e+02   3.0926e+01   0.0000e+00   3.3349e-03   2.5490e+02
20251224_03:00:00   2.3301e+00   2.6568e+02   3.2351e+01   0.0000e+00   2.4636e-03   2.5621e+02
20251224_06:00:00   2.5055e+00   2.6978e+02   3.4974e+01   0.0000e+00   3.1106e-03   2.5702e+02
20251224_09:00:00   2.3949e+00   2.6711e+02   3.3335e+01   0.0000e+00   2.7872e-03   2.5508e+02
20251224_12:00:00   2.4269e+00   2.6805e+02   3.3585e+01   0.0000e+00   1.2735e-03   2.5702e+02
20251224_15:00:00   2.5883e+00   2.7176e+02   3.6252e+01   0.0000e+00   1.2426e-04   2.5638e+02
20251224_18:00:00   2.5239e+00   2.7044e+02   3.4991e+01   0.0000e+00   4.2689e-04   2.5376e+02
20251224_21:00:00   2.5490e+00   2.7083e+02   3.5730e+01   0.0000e+00   9.4821e-04   2.5493e+02
20251225_00:00:00   2.6054e+00   2.7201e+02   3.6416e+01   0.0000e+00   8.5856e-05   2.5665e+02
20251225_03:00:00   2.5753e+00   2.7141e+02   3.5559e+01   0.0000e+00   0.0000e+00   2.6039e+02
20251225_06:00:00   2.6865e+00   2.7365e+02   3.7115e+01   2.6522e-07   0.0000e+00   2.5869e+02
20251225_09:00:00   2.8892e+00   2.7683e+02   4.0069e+01   1.5823e-05   6.9620e-23   2.5811e+02
20251225_12:00:00   2.9831e+00   2.7856e+02   4.1456e+01   1.5269e-06   0.0000e+00   2.5960e+02
20251225_15:00:00   3.1085e+00   2.8039e+02   4.3314e+01   8.4880e-04   0.0000e+00   2.5927e+02
20251225_18:00:00   3.1545e+00   2.8105e+02   4.3884e+01   1.3126e-03   0.0000e+00   2.5763e+02
20251225_21:00:00   3.2687e+00   2.8231e+02   4.5310e+01   1.5224e-04   0.0000e+00   2.5718e+02
20251226_00:00:00   3.2474e+00   2.8228e+02   4.5306e+01   5.1248e-06   5.2940e-05   2.5824e+02
20251226_03:00:00   3.2706e+00   2.8224e+02   4.6019e+01   2.4865e-06   1.7176e-04   2.5982e+02
20251226_06:00:00   3.3274e+00   2.8280e+02   4.7033e+01   9.7410e-05   0.0000e+00   2.5864e+02
20251226_09:00:00   3.2388e+00   2.8184e+02   4.6030e+01   1.0932e-04   4.4278e-06   2.5809e+02
20251226_12:00:00   3.4498e+00   2.8368e+02   4.8866e+01   1.9814e-05   3.0159e-03   2.5953e+02
20251226_15:00:00   3.4566e+00   2.8378e+02   4.8722e+01   1.0053e-03   2.6158e-02   2.5924e+02
20251226_18:00:00   3.1924e+00   2.8097e+02   4.4760e+01   2.3085e-03   0.0000e+00   2.6377e+02
20251226_21:00:00   2.9656e+00   2.7778e+02   4.1128e+01   1.5080e-03   1.0601e-04   2.6474e+02
20251227_00:00:00   2.5463e+00   2.7018e+02   3.4490e+01   2.5374e-03   1.3208e-05   2.6951e+02
20251227_03:00:00   2.2026e+00   2.6138e+02   2.9299e+01   0.0000e+00   0.0000e+00   2.7368e+02
20251227_06:00:00   2.2768e+00   2.6331e+02   3.0207e+01   3.3160e-06   0.0000e+00   2.8029e+02
20251227_09:00:00   2.2730e+00   2.6283e+02   3.0266e+01   7.1280e-07   0.0000e+00   2.8045e+02
20251227_12:00:00   2.2641e+00   2.6267e+02   2.7821e+01   5.6337e-02   0.0000e+00   2.7717e+02
20251227_15:00:00   2.1344e+00   2.5856e+02   2.6945e+01   3.6260e-02   0.0000e+00   2.7949e+02
20251227_18:00:00   2.0911e+00   2.5713e+02   2.6535e+01   3.9889e-02   0.0000e+00   2.8012e+02
20251227_21:00:00   2.1466e+00   2.5879e+02   2.8801e+01   2.3222e-06   0.0000e+00   2.7624e+02
20251228_00:00:00   2.3494e+00   2.6430e+02   3.2014e+01   1.9367e-03   0.0000e+00   2.7512e+02
20251228_03:00:00   2.3883e+00   2.6513e+02   3.2697e+01   7.9130e-04   0.0000e+00   2.7620e+02
20251228_06:00:00   2.3348e+00   2.6348e+02   3.1626e+01   6.7250e-05   0.0000e+00   2.7390e+02
20251228_09:00:00   2.2641e+00   2.6152e+02   2.8130e+01   7.3500e-02   0.0000e+00   2.7556e+02
20251228_12:00:00   1.8418e+00   2.4605e+02   2.4601e+01   2.8005e-02   0.0000e+00   2.7525e+02
