#            date       tau255        Tb[K]      pwv[mm] lwp[kg*m^-2] iwp[kg*m^-2]       o3[DU]
20251203_12:00:00   2.4107e+00   2.6849e+02   3.4417e+01   0.0000e+00   0.0000e+00   2.6686e+02
20251203_13:00:00   2.4437e+00   2.6973e+02   3.4350e+01   0.0000e+00   0.0000e+00   2.6826e+02
20251203_14:00:00   2.4385e+00   2.6989e+02   3.3875e+01   0.0000e+00   0.0000e+00   2.6763e+02
20251203_15:00:00   2.3908e+00   2.6889e+02   3.2899e+01   0.0000e+00   0.0000e+00   2.6812e+02
20251203_16:00:00   2.4213e+00   2.6980e+02   3.2864e+01   0.0000e+00   0.0000e+00   2.6750e+02
20251203_17:00:00   2.6730e+00   2.7544e+02   3.5767e+01   0.0000e+00   0.0000e+00   2.6591e+02
20251203_18:00:00   2.8405e+00   2.7839e+02   3.8294e+01   1.4973e-05   0.0000e+00   2.6735e+02
20251203_19:00:00   2.9924e+00   2.8057e+02   4.0622e+01   6.6040e-06   0.0000e+00   2.6806e+02
20251203_20:00:00   3.1131e+00   2.8203e+02   4.2638e+01   2.7780e-04   0.0000e+00   2.6844e+02
20251203_21:00:00   3.2275e+00   2.8312e+02   4.4652e+01   8.8420e-08   0.0000e+00   2.6752e+02
20251203_22:00:00   3.3065e+00   2.8393e+02   4.5710e+01   2.7080e-04   0.0000e+00   2.6774e+02
20251203_23:00:00   3.4600e+00   2.8541e+02   4.7646e+01   2.9720e-05   0.0000e+00   2.6612e+02
20251204_00:00:00   3.5095e+00   2.8593e+02   4.8332e+01   7.8320e-05   0.0000e+00   2.6318e+02
20251204_01:00:00   3.4603e+00   2.8564e+02   4.7780e+01   0.0000e+00   0.0000e+00   2.6105e+02
20251204_02:00:00   3.3849e+00   2.8497e+02   4.6790e+01   7.2640e-05   0.0000e+00   2.6095e+02
20251204_03:00:00   3.3616e+00   2.8472e+02   4.6493e+01   0.0000e+00   0.0000e+00   2.6056e+02
20251204_04:00:00   3.2824e+00   2.8401e+02   4.5539e+01   0.0000e+00   0.0000e+00   2.5937e+02
20251204_05:00:00   3.1881e+00   2.8299e+02   4.4614e+01   2.6600e-07   0.0000e+00   2.6140e+02
20251204_06:00:00   3.2132e+00   2.8322e+02   4.4891e+01   4.9050e-05   0.0000e+00   2.6256e+02
20251204_07:00:00   3.1233e+00   2.8203e+02   4.3950e+01   0.0000e+00   0.0000e+00   2.6179e+02
20251204_08:00:00   3.0623e+00   2.8125e+02   4.3278e+01   0.0000e+00   0.0000e+00   2.6239e+02
20251204_09:00:00   3.1121e+00   2.8193e+02   4.3941e+01   0.0000e+00   0.0000e+00   2.6343e+02
20251204_10:00:00   3.2837e+00   2.8373e+02   4.6444e+01   6.1560e-05   0.0000e+00   2.6409e+02
20251204_11:00:00   3.3517e+00   2.8446e+02   4.7298e+01   4.9920e-06   0.0000e+00   2.6387e+02
20251204_12:00:00   3.3789e+00   2.8474e+02   4.7334e+01   3.1880e-04   0.0000e+00   2.6497e+02
20251204_13:00:00   3.2659e+00   2.8376e+02   4.5393e+01   3.0980e-07   0.0000e+00   2.6575e+02
20251204_14:00:00   3.1555e+00   2.8271e+02   4.3610e+01   0.0000e+00   4.3390e-06   2.6646e+02
20251204_15:00:00   3.0567e+00   2.8167e+02   4.1946e+01   1.6470e-04   5.6290e-05   2.6626e+02
20251204_16:00:00   2.7769e+00   2.7738e+02   3.8091e+01   0.0000e+00   1.1496e-04   2.6601e+02
20251204_17:00:00   2.5417e+00   2.7273e+02   3.4783e+01   1.3263e-07   5.3390e-05   2.6362e+02
20251204_18:00:00   2.3726e+00   2.6836e+02   3.3114e+01   1.3365e-07   3.9900e-05   2.6295e+02
20251204_19:00:00   2.8148e+00   2.7761e+02   3.9595e+01   0.0000e+00   3.1830e-05   2.6243e+02
20251204_20:00:00   3.3122e+00   2.8431e+02   4.5978e+01   6.2760e-05   1.2712e-05   2.6151e+02
20251204_21:00:00   3.2333e+00   2.8351e+02   4.5206e+01   4.4560e-08   2.6480e-23   2.6158e+02
20251204_22:00:00   2.8629e+00   2.7847e+02   4.0886e+01   0.0000e+00   1.6964e-22   2.6166e+02
20251204_23:00:00   2.9296e+00   2.7943e+02   4.1832e+01   0.0000e+00   0.0000e+00   2.5984e+02
20251205_00:00:00   3.1188e+00   2.8209e+02   4.4117e+01   0.0000e+00   0.0000e+00   2.5757e+02
20251205_01:00:00   3.2102e+00   2.8333e+02   4.4777e+01   2.3911e-05   0.0000e+00   2.5752e+02
20251205_02:00:00   3.1177e+00   2.8210e+02   4.3122e+01   2.9551e-04   0.0000e+00   2.5816e+02
20251205_03:00:00   2.5146e+00   2.7132e+02   3.5666e+01   1.2018e-06   0.0000e+00   2.5829e+02
20251205_04:00:00   1.6720e+00   2.4033e+02   2.4120e+01   0.0000e+00   0.0000e+00   2.5828e+02
20251205_05:00:00   1.6114e+00   2.3691e+02   2.2925e+01   0.0000e+00   0.0000e+00   2.5842e+02
20251205_06:00:00   2.1200e+00   2.6005e+02   2.8697e+01   0.0000e+00   6.4130e-06   2.5837e+02
20251205_07:00:00   2.4742e+00   2.7052e+02   3.2792e+01   1.8214e-04   3.4250e-05   2.5877e+02
20251205_08:00:00   2.6607e+00   2.7482e+02   3.5191e+01   4.0400e-04   4.9404e-05   2.5963e+02
20251205_09:00:00   2.4391e+00   2.6982e+02   3.3099e+01   0.0000e+00   2.0201e-05   2.5995e+02
20251205_10:00:00   2.1815e+00   2.6225e+02   3.0360e+01   0.0000e+00   7.5540e-06   2.5879e+02
20251205_11:00:00   2.3423e+00   2.6714e+02   3.1836e+01   3.5360e-06   2.6620e-06   2.5840e+02
20251205_12:00:00   2.6991e+00   2.7555e+02   3.5655e+01   3.3623e-04   2.6620e-06   2.5855e+02
20251205_13:00:00   2.5037e+00   2.7142e+02   3.3176e+01   3.5080e-04   0.0000e+00   2.5974e+02
20251205_14:00:00   2.0595e+00   2.5824e+02   2.7685e+01   7.2270e-04   0.0000e+00   2.6052e+02
20251205_15:00:00   1.6735e+00   2.4094e+02   2.2809e+01   0.0000e+00   0.0000e+00   2.6064e+02
20251205_16:00:00   1.6144e+00   2.3771e+02   2.2062e+01   0.0000e+00   0.0000e+00   2.6133e+02
20251205_17:00:00   2.1426e+00   2.6117e+02   2.8972e+01   2.0895e-04   0.0000e+00   2.6149e+02
20251205_18:00:00   2.7139e+00   2.7596e+02   3.6159e+01   1.0905e-03   0.0000e+00   2.6016e+02
20251205_19:00:00   2.8441e+00   2.7829e+02   3.8016e+01   2.1510e-03   0.0000e+00   2.5991e+02
20251205_20:00:00   2.9288e+00   2.7957e+02   3.9248e+01   5.3160e-07   0.0000e+00   2.5989e+02
20251205_21:00:00   2.5894e+00   2.7300e+02   3.5937e+01   2.4958e-06   0.0000e+00   2.6008e+02
20251205_22:00:00   2.4002e+00   2.6858e+02   3.3302e+01   0.0000e+00   0.0000e+00   2.6131e+02
20251205_23:00:00   2.5882e+00   2.7341e+02   3.4477e+01   0.0000e+00   0.0000e+00   2.6133e+02
20251206_00:00:00   2.6861e+00   2.7557e+02   3.5182e+01   3.6940e-04   0.0000e+00   2.6127e+02
20251206_01:00:00   2.9094e+00   2.7937e+02   3.8772e+01   3.0407e-05   0.0000e+00   2.6088e+02
20251206_02:00:00   3.1252e+00   2.8211e+02   4.1913e+01   3.5749e-04   0.0000e+00   2.6004e+02
20251206_03:00:00   3.1410e+00   2.8223e+02   4.2111e+01   3.7829e-04   0.0000e+00   2.5896e+02
20251206_04:00:00   3.1559e+00   2.8240e+02   4.1521e+01   1.4627e-02   0.0000e+00   2.5802e+02
20251206_05:00:00   3.0592e+00   2.8139e+02   3.8364e+01   6.4403e-02   0.0000e+00   2.5752e+02
20251206_06:00:00   2.3421e+00   2.6716e+02   3.1492e+01   1.0422e-02   0.0000e+00   2.5679e+02
20251206_07:00:00   2.1797e+00   2.6206e+02   2.9798e+01   1.9814e-05   0.0000e+00   2.5624e+02
20251206_08:00:00   2.4526e+00   2.6978e+02   3.3520e+01   1.8436e-05   0.0000e+00   2.5526e+02
20251206_09:00:00   2.7886e+00   2.7687e+02   3.7986e+01   3.3305e-04   0.0000e+00   2.5424e+02
20251206_10:00:00   2.8996e+00   2.7877e+02   3.9186e+01   2.6177e-04   0.0000e+00   2.5410e+02
20251206_11:00:00   2.9450e+00   2.7953e+02   3.9834e+01   1.3063e-04   0.0000e+00   2.5437e+02
20251206_12:00:00   3.0543e+00   2.8118e+02   4.1505e+01   2.5648e-04   0.0000e+00   2.5534e+02
20251206_13:00:00   3.2051e+00   2.8301e+02   4.3557e+01   1.0970e-04   0.0000e+00   2.5632e+02
20251206_14:00:00   3.1971e+00   2.8294e+02   4.3274e+01   4.2550e-04   0.0000e+00   2.5825e+02
20251206_15:00:00   2.6395e+00   2.7445e+02   3.5955e+01   1.8268e-03   0.0000e+00   2.5999e+02
20251206_16:00:00   1.8378e+00   2.4891e+02   2.6508e+01   0.0000e+00   0.0000e+00   2.6030e+02
20251206_17:00:00   1.9836e+00   2.5505e+02   2.8564e+01   0.0000e+00   0.0000e+00   2.5944e+02
20251206_18:00:00   2.6855e+00   2.7524e+02   3.6633e+01   5.4380e-06   0.0000e+00   2.5861e+02
20251206_19:00:00   2.5762e+00   2.7325e+02   3.4661e+01   1.8797e-03   0.0000e+00   2.5856e+02
20251206_20:00:00   2.5144e+00   2.7197e+02   3.3885e+01   1.8490e-05   0.0000e+00   2.5747e+02
20251206_21:00:00   2.2920e+00   2.6601e+02   3.2054e+01   0.0000e+00   0.0000e+00   2.5642e+02
20251206_22:00:00   2.3742e+00   2.6811e+02   3.3362e+01   0.0000e+00   0.0000e+00   2.5506e+02
20251206_23:00:00   2.6420e+00   2.7443e+02   3.6654e+01   1.0295e-04   0.0000e+00   2.5475e+02
20251207_00:00:00   2.8177e+00   2.7794e+02   3.8096e+01   2.7620e-03   0.0000e+00   2.5556e+02
20251207_01:00:00   2.7260e+00   2.7647e+02   3.6595e+01   8.2737e-03   0.0000e+00   2.5665e+02
20251207_02:00:00   2.2402e+00   2.6431e+02   3.1567e+01   2.4335e-03   0.0000e+00   2.5666e+02
20251207_03:00:00   2.2359e+00   2.6375e+02   3.2001e+01   2.7854e-06   0.0000e+00   2.5695e+02
20251207_04:00:00   2.7144e+00   2.7565e+02   3.7472e+01   6.9487e-05   0.0000e+00   2.5608e+02
20251207_05:00:00   3.2398e+00   2.8339e+02   4.4049e+01   1.1568e-03   0.0000e+00   2.5427e+02
20251207_06:00:00   3.5486e+00   2.8637e+02   4.8483e+01   1.4996e-04   0.0000e+00   2.5282e+02
20251207_07:00:00   3.4657e+00   2.8572e+02   4.7586e+01   3.7701e-04   1.3228e-05   2.5283e+02
20251207_08:00:00   2.3530e+00   2.6749e+02   3.2353e+01   3.9538e-04   0.0000e+00   2.5427e+02
20251207_09:00:00   1.7425e+00   2.4425e+02   2.4432e+01   0.0000e+00   0.0000e+00   2.5364e+02
20251207_10:00:00   1.9563e+00   2.5378e+02   2.7551e+01   4.0320e-06   0.0000e+00   2.5334e+02
20251207_11:00:00   2.5013e+00   2.7103e+02   3.4655e+01   6.6150e-06   0.0000e+00   2.5361e+02
20251207_12:00:00   3.1502e+00   2.8253e+02   4.2779e+01   1.5536e-03   0.0000e+00   2.5374e+02
20251207_13:00:00   3.0955e+00   2.8215e+02   4.1675e+01   1.9600e-04   0.0000e+00   2.5441e+02
20251207_14:00:00   2.4000e+00   2.6916e+02   3.2642e+01   1.3476e-04   0.0000e+00   2.5545e+02
20251207_15:00:00   1.9819e+00   2.5545e+02   2.7270e+01   0.0000e+00   0.0000e+00   2.5644e+02
20251207_16:00:00   1.8727e+00   2.5090e+02   2.5978e+01   0.0000e+00   0.0000e+00   2.5715e+02
20251207_17:00:00   2.0039e+00   2.5641e+02   2.7618e+01   0.0000e+00   0.0000e+00   2.5679e+02
20251207_18:00:00   2.3709e+00   2.6844e+02   3.1986e+01   5.1620e-04   0.0000e+00   2.5558e+02
20251207_19:00:00   2.4661e+00   2.7089e+02   3.3368e+01   7.9440e-04   0.0000e+00   2.5396e+02
20251207_20:00:00   2.1700e+00   2.6232e+02   3.0321e+01   0.0000e+00   0.0000e+00   2.5176e+02
20251207_21:00:00   2.2140e+00   2.6369e+02   3.0590e+01   0.0000e+00   0.0000e+00   2.5086e+02
20251207_22:00:00   2.5901e+00   2.7353e+02   3.4797e+01   3.3020e-06   0.0000e+00   2.5198e+02
20251207_23:00:00   2.8617e+00   2.7873e+02   3.8144e+01   1.7368e-05   0.0000e+00   2.5277e+02
20251208_00:00:00   2.7733e+00   2.7729e+02   3.7386e+01   1.3310e-05   0.0000e+00   2.5224e+02
20251208_01:00:00   2.7514e+00   2.7694e+02   3.7318e+01   0.0000e+00   0.0000e+00   2.5130e+02
20251208_02:00:00   2.6465e+00   2.7489e+02   3.6274e+01   9.7880e-06   0.0000e+00   2.5055e+02
20251208_03:00:00   2.5227e+00   2.7189e+02   3.5472e+01   0.0000e+00   0.0000e+00   2.5099e+02
20251208_04:00:00   2.4924e+00   2.7105e+02   3.4963e+01   5.0400e-06   0.0000e+00   2.5248e+02
20251208_05:00:00   2.7228e+00   2.7623e+02   3.6832e+01   5.8640e-04   0.0000e+00   2.5365e+02
20251208_06:00:00   2.8292e+00   2.7812e+02   3.7779e+01   2.9360e-03   0.0000e+00   2.5428e+02
20251208_07:00:00   2.4561e+00   2.7011e+02   3.3825e+01   2.5618e-04   0.0000e+00   2.5439e+02
20251208_08:00:00   2.4079e+00   2.6893e+02   3.3077e+01   1.1144e-05   0.0000e+00   2.5402e+02
20251208_09:00:00   2.8947e+00   2.7914e+02   3.7252e+01   5.2142e-02   0.0000e+00   2.5312e+02
20251208_10:00:00   3.3553e+00   2.8490e+02   4.1050e+01   1.2684e-01   0.0000e+00   2.5262e+02
20251208_11:00:00   3.6664e+00   2.8761e+02   4.3986e+01   1.6619e-01   0.0000e+00   2.5240e+02
20251208_12:00:00   3.7764e+00   2.8843e+02   4.4996e+01   1.7890e-01   0.0000e+00   2.5197e+02
20251208_15:00:00   1.9768e+00   2.5503e+02   2.8265e+01   0.0000e+00   0.0000e+00   2.5468e+02
20251208_18:00:00   2.9558e+00   2.8041e+02   3.9820e+01   3.3585e-03   0.0000e+00   2.5404e+02
20251208_21:00:00   2.2556e+00   2.6467e+02   3.1838e+01   0.0000e+00   0.0000e+00   2.5224e+02
20251209_00:00:00   2.5161e+00   2.7197e+02   3.3291e+01   1.6930e-06   0.0000e+00   2.5350e+02
20251209_03:00:00   1.8889e+00   2.5123e+02   2.6424e+01   0.0000e+00   0.0000e+00   2.5555e+02
20251209_06:00:00   1.7018e+00   2.4185e+02   2.3861e+01   0.0000e+00   0.0000e+00   2.5379e+02
20251209_09:00:00   1.7849e+00   2.4589e+02   2.4813e+01   1.3632e-05   0.0000e+00   2.5531e+02
20251209_12:00:00   2.7199e+00   2.7563e+02   3.6048e+01   1.4186e-03   0.0000e+00   2.5664e+02
20251209_15:00:00   2.8401e+00   2.7836e+02   3.8390e+01   1.6624e-03   0.0000e+00   2.5655e+02
20251209_18:00:00   2.7592e+00   2.7696e+02   3.7547e+01   9.5580e-07   0.0000e+00   2.5607e+02
20251209_21:00:00   2.6904e+00   2.7554e+02   3.6686e+01   0.0000e+00   0.0000e+00   2.5685e+02
20251210_00:00:00   3.0746e+00   2.8170e+02   4.2044e+01   5.3360e-06   0.0000e+00   2.5306e+02
20251210_03:00:00   3.2387e+00   2.8358e+02   4.4536e+01   8.4600e-06   7.3694e-05   2.5295e+02
20251210_06:00:00   3.3675e+00   2.8470e+02   4.6747e+01   5.2800e-04   8.0577e-04   2.5146e+02
20251210_09:00:00   2.2326e+00   2.6303e+02   3.2860e+01   1.7820e-07   9.5040e-06   2.5343e+02
20251210_12:00:00   1.8254e+00   2.4773e+02   2.6309e+01   0.0000e+00   3.3280e-06   2.5277e+02
20251210_15:00:00   2.3579e+00   2.6763e+02   3.1655e+01   1.5706e-02   0.0000e+00   2.5855e+02
20251210_18:00:00   2.0162e+00   2.5633e+02   2.8475e+01   0.0000e+00   0.0000e+00   2.5985e+02
20251210_21:00:00   2.1692e+00   2.6191e+02   3.0578e+01   8.8420e-08   0.0000e+00   2.5808e+02
20251211_00:00:00   2.7654e+00   2.7673e+02   3.8155e+01   7.3247e-04   0.0000e+00   2.5654e+02
20251211_03:00:00   2.2739e+00   2.6505e+02   3.2669e+01   0.0000e+00   0.0000e+00   2.5746e+02
20251211_06:00:00   2.9222e+00   2.7947e+02   3.9837e+01   1.2124e-03   0.0000e+00   2.5621e+02
20251211_09:00:00   2.0100e+00   2.5612e+02   2.8285e+01   2.9942e-05   0.0000e+00   2.5603e+02
20251211_12:00:00   2.2299e+00   2.6325e+02   3.2755e+01   0.0000e+00   0.0000e+00   2.5697e+02
20251211_15:00:00   3.0111e+00   2.8091e+02   4.1904e+01   1.7641e-03   0.0000e+00   2.5693e+02
20251211_18:00:00   2.8297e+00   2.7814e+02   3.8390e+01   3.3866e-03   0.0000e+00   2.5784e+02
20251211_21:00:00   3.3014e+00   2.8439e+02   4.5535e+01   5.6480e-06   2.4760e-06   2.5841e+02
20251212_00:00:00   1.7696e+00   2.4559e+02   2.5347e+01   0.0000e+00   0.0000e+00   2.5798e+02
20251212_03:00:00   2.4742e+00   2.7086e+02   3.2879e+01   4.4360e-03   0.0000e+00   2.5882e+02
20251212_06:00:00   2.3549e+00   2.6739e+02   3.1870e+01   5.1520e-05   0.0000e+00   2.5867e+02
20251212_09:00:00   1.9438e+00   2.5318e+02   2.6591e+01   0.0000e+00   0.0000e+00   2.5796e+02
20251212_12:00:00   2.0338e+00   2.5721e+02   2.7069e+01   0.0000e+00   0.0000e+00   2.5873e+02
20251212_15:00:00   1.6264e+00   2.3783e+02   2.2077e+01   0.0000e+00   0.0000e+00   2.5945e+02
20251212_18:00:00   1.8182e+00   2.4764e+02   2.4361e+01   1.2878e-04   0.0000e+00   2.6053e+02
20251212_21:00:00   1.8235e+00   2.4808e+02   2.4820e+01   5.9500e-04   0.0000e+00   2.6178e+02
20251213_00:00:00   2.3142e+00   2.6635e+02   3.0232e+01   2.4958e-06   0.0000e+00   2.6096e+02
20251213_03:00:00   1.8036e+00   2.4700e+02   2.4298e+01   0.0000e+00   0.0000e+00   2.6325e+02
20251213_06:00:00   1.6074e+00   2.3653e+02   2.1871e+01   0.0000e+00   0.0000e+00   2.6623e+02
20251213_09:00:00   1.7329e+00   2.4346e+02   2.3554e+01   1.9172e-05   0.0000e+00   2.6519e+02
20251213_12:00:00   1.8588e+00   2.4943e+02   2.5526e+01   0.0000e+00   0.0000e+00   2.6431e+02
20251213_15:00:00   2.3858e+00   2.6804e+02   3.1693e+01   3.9790e-07   0.0000e+00   2.6341e+02
20251213_18:00:00   2.5975e+00   2.7342e+02   3.4101e+01   4.0288e-04   2.0380e-06   2.6118e+02
20251213_21:00:00   1.9947e+00   2.5542e+02   2.6398e+01   2.1448e-05   2.6699e-05   2.6061e+02
20251214_00:00:00   2.6265e+00   2.7354e+02   3.4665e+01   1.5192e-03   4.2772e-06   2.5801e+02
20251214_03:00:00   1.4262e+00   2.2471e+02   2.0674e+01   1.3263e-07   4.6011e-04   2.6023e+02
20251214_06:00:00   2.8290e+00   2.7723e+02   3.8739e+01   0.0000e+00   0.0000e+00   2.6142e+02
20251214_09:00:00   2.9719e+00   2.7929e+02   4.1211e+01   3.0316e-04   5.1840e-05   2.6073e+02
20251214_12:00:00   3.1129e+00   2.8127e+02   4.3725e+01   1.7830e-04   8.8420e-04   2.5952e+02
20251214_15:00:00   3.1883e+00   2.8251e+02   4.5161e+01   6.3978e-04   9.5880e-04   2.5931e+02
20251214_18:00:00   3.2484e+00   2.8302e+02   4.6408e+01   3.3617e-05   5.4293e-03   2.5771e+02
20251214_21:00:00   3.2967e+00   2.8357e+02   4.7131e+01   0.0000e+00   2.9651e-03   2.5439e+02
20251215_00:00:00   3.2719e+00   2.8335e+02   4.6748e+01   0.0000e+00   5.8087e-03   2.5563e+02
20251215_03:00:00   3.3258e+00   2.8376e+02   4.7390e+01   3.7906e-04   1.2008e-03   2.5894e+02
20251215_06:00:00   3.2991e+00   2.8332e+02   4.7367e+01   4.9900e-06   1.4411e-02   2.5966e+02
20251215_09:00:00   3.3511e+00   2.8360e+02   4.8206e+01   9.1498e-06   4.1868e-02   2.5966e+02
20251215_12:00:00   3.3458e+00   2.8371e+02   4.8313e+01   1.0683e-04   1.5598e-02   2.5947e+02
20251215_15:00:00   3.3676e+00   2.8409e+02   4.8511e+01   3.3020e-06   1.0294e-02   2.6211e+02
20251215_18:00:00   3.3913e+00   2.8414e+02   4.8950e+01   2.6420e-05   1.3177e-01   2.6083e+02
20251215_21:00:00   3.3399e+00   2.8374e+02   4.7990e+01   0.0000e+00   1.4015e-03   2.6095e+02
20251216_00:00:00   3.4277e+00   2.8446e+02   4.8813e+01   7.1820e-04   2.1812e-03   2.6258e+02
20251216_03:00:00   2.6714e+00   2.7321e+02   4.0369e+01   0.0000e+00   5.3546e-06   2.6397e+02
20251216_06:00:00   3.0980e+00   2.8075e+02   4.3991e+01   6.0245e-05   6.6040e-06   2.6368e+02
20251216_09:00:00   3.0096e+00   2.7950e+02   4.2522e+01   1.1937e-06   2.9280e-23   2.6527e+02
20251216_12:00:00   2.9862e+00   2.7930e+02   4.2098e+01   2.7364e-04   3.9620e-05   2.6300e+02
20251216_15:00:00   2.9123e+00   2.7866e+02   4.0896e+01   0.0000e+00   5.2840e-04   2.6098e+02
20251216_18:00:00   2.6839e+00   2.7476e+02   3.7785e+01   4.8010e-05   4.4634e-03   2.6227e+02
20251216_21:00:00   2.8543e+00   2.7782e+02   3.9774e+01   2.7854e-06   8.2740e-04   2.6142e+02
20251217_00:00:00   2.8557e+00   2.7793e+02   3.9603e+01   0.0000e+00   4.8760e-05   2.6065e+02
20251217_03:00:00   2.8165e+00   2.7722e+02   3.8717e+01   0.0000e+00   1.2628e-04   2.6311e+02
20251217_06:00:00   2.7487e+00   2.7583e+02   3.7822e+01   0.0000e+00   0.0000e+00   2.6148e+02
20251217_09:00:00   2.8736e+00   2.7801e+02   3.9121e+01   0.0000e+00   1.7684e-07   2.5963e+02
20251217_12:00:00   2.9060e+00   2.7840e+02   3.9892e+01   2.5546e-04   0.0000e+00   2.5848e+02
20251217_15:00:00   2.8977e+00   2.7844e+02   4.0072e+01   0.0000e+00   1.3488e-05   2.5990e+02
20251217_18:00:00   2.8777e+00   2.7827e+02   3.9629e+01   0.0000e+00   1.7882e-03   2.6029e+02
20251217_21:00:00   2.8740e+00   2.7814e+02   3.9544e+01   0.0000e+00   0.0000e+00   2.5796e+02
20251218_00:00:00   2.7780e+00   2.7656e+02   3.8119e+01   0.0000e+00   2.7124e-05   2.5809e+02
20251218_03:00:00   2.6796e+00   2.7471e+02   3.6736e+01   0.0000e+00   1.0914e-04   2.5813e+02
20251218_06:00:00   2.6578e+00   2.7418e+02   3.6508e+01   0.0000e+00   1.5638e-03   2.5817e+02
20251218_09:00:00   2.6742e+00   2.7445e+02   3.6974e+01   0.0000e+00   1.9548e-04   2.5781e+02
20251218_12:00:00   2.7018e+00   2.7511e+02   3.7316e+01   0.0000e+00   6.6540e-06   2.5749e+02
20251218_15:00:00   2.9095e+00   2.7890e+02   4.0184e+01   1.7969e-04   3.0380e-04   2.5893e+02
20251218_18:00:00   2.8980e+00   2.7869e+02   4.0055e+01   4.9910e-06   2.6540e-06   2.6205e+02
20251218_21:00:00   2.7817e+00   2.7680e+02   3.8508e+01   0.0000e+00   3.3737e-04   2.6040e+02
20251219_00:00:00   2.8581e+00   2.7794e+02   3.9541e+01   0.0000e+00   2.3160e-04   2.5583e+02
20251219_03:00:00   2.6757e+00   2.7470e+02   3.6858e+01   0.0000e+00   0.0000e+00   2.5905e+02
20251219_06:00:00   2.4754e+00   2.7025e+02   3.3626e+01   0.0000e+00   6.6540e-06   2.6184e+02
20251219_09:00:00   2.3576e+00   2.6727e+02   3.1184e+01   0.0000e+00   1.2788e-04   2.6568e+02
20251219_12:00:00   2.3216e+00   2.6641e+02   3.0768e+01   0.0000e+00   5.3211e-03   2.6585e+02
