#            date       tau255        Tb[K]      pwv[mm] lwp[kg*m^-2] iwp[kg*m^-2]       o3[DU]
20251201_12:00:00   2.4462e+00   2.6918e+02   3.4786e+01   0.0000e+00   0.0000e+00   2.6867e+02
20251201_13:00:00   2.3415e+00   2.6638e+02   3.3561e+01   0.0000e+00   0.0000e+00   2.6760e+02
20251201_14:00:00   2.4387e+00   2.6916e+02   3.4356e+01   0.0000e+00   0.0000e+00   2.6778e+02
20251201_15:00:00   2.4686e+00   2.7013e+02   3.4378e+01   0.0000e+00   0.0000e+00   2.6789e+02
20251201_16:00:00   2.4079e+00   2.6871e+02   3.3713e+01   0.0000e+00   0.0000e+00   2.6534e+02
20251201_17:00:00   2.3375e+00   2.6670e+02   3.3113e+01   0.0000e+00   0.0000e+00   2.6453e+02
20251201_18:00:00   2.3708e+00   2.6748e+02   3.3534e+01   0.0000e+00   0.0000e+00   2.6338e+02
20251201_19:00:00   2.4768e+00   2.7021e+02   3.4559e+01   0.0000e+00   0.0000e+00   2.6236e+02
20251201_20:00:00   2.4064e+00   2.6857e+02   3.3648e+01   1.3226e-04   0.0000e+00   2.6234e+02
20251201_21:00:00   2.3614e+00   2.6732e+02   3.3097e+01   0.0000e+00   0.0000e+00   2.6077e+02
20251201_22:00:00   2.3312e+00   2.6645e+02   3.2602e+01   0.0000e+00   0.0000e+00   2.6124e+02
20251201_23:00:00   2.3187e+00   2.6616e+02   3.2240e+01   0.0000e+00   0.0000e+00   2.6054e+02
20251202_00:00:00   2.4541e+00   2.6985e+02   3.3537e+01   0.0000e+00   0.0000e+00   2.6021e+02
20251202_01:00:00   2.4844e+00   2.7066e+02   3.3840e+01   1.2732e-06   0.0000e+00   2.6094e+02
20251202_02:00:00   2.5256e+00   2.7143e+02   3.4423e+01   0.0000e+00   0.0000e+00   2.6074e+02
20251202_03:00:00   2.5717e+00   2.7243e+02   3.5178e+01   0.0000e+00   0.0000e+00   2.6121e+02
20251202_04:00:00   2.5997e+00   2.7308e+02   3.5566e+01   0.0000e+00   0.0000e+00   2.6023e+02
20251202_05:00:00   2.6727e+00   2.7452e+02   3.6616e+01   0.0000e+00   0.0000e+00   2.6024e+02
20251202_06:00:00   2.6448e+00   2.7388e+02   3.6416e+01   4.9910e-06   0.0000e+00   2.6256e+02
20251202_07:00:00   2.6535e+00   2.7402e+02   3.6544e+01   0.0000e+00   0.0000e+00   2.6565e+02
20251202_08:00:00   2.6412e+00   2.7370e+02   3.6405e+01   0.0000e+00   0.0000e+00   2.6632e+02
20251202_09:00:00   2.6651e+00   2.7411e+02   3.6747e+01   0.0000e+00   0.0000e+00   2.6496e+02
20251202_10:00:00   2.6928e+00   2.7462e+02   3.7197e+01   0.0000e+00   0.0000e+00   2.6452e+02
20251202_11:00:00   2.6934e+00   2.7463e+02   3.7193e+01   0.0000e+00   0.0000e+00   2.6498e+02
20251202_12:00:00   2.6569e+00   2.7404e+02   3.6679e+01   0.0000e+00   0.0000e+00   2.6618e+02
20251202_13:00:00   2.6533e+00   2.7411e+02   3.6555e+01   0.0000e+00   0.0000e+00   2.6695e+02
20251202_14:00:00   2.7006e+00   2.7516e+02   3.7026e+01   4.9910e-06   0.0000e+00   2.6894e+02
20251202_15:00:00   2.7216e+00   2.7569e+02   3.7302e+01   3.3690e-04   0.0000e+00   2.7095e+02
20251202_16:00:00   2.7246e+00   2.7577e+02   3.7436e+01   3.4440e-04   0.0000e+00   2.7253e+02
20251202_17:00:00   2.7606e+00   2.7642e+02   3.8051e+01   1.9965e-06   0.0000e+00   2.7336e+02
20251202_18:00:00   2.7541e+00   2.7631e+02   3.8171e+01   4.9910e-06   0.0000e+00   2.7101e+02
20251202_19:00:00   2.7354e+00   2.7598e+02   3.8089e+01   0.0000e+00   0.0000e+00   2.6803e+02
20251202_20:00:00   2.7532e+00   2.7629e+02   3.8382e+01   0.0000e+00   0.0000e+00   2.6926e+02
20251202_21:00:00   2.8403e+00   2.7773e+02   3.9490e+01   0.0000e+00   0.0000e+00   2.7050e+02
20251202_22:00:00   2.8233e+00   2.7740e+02   3.9324e+01   0.0000e+00   0.0000e+00   2.6992e+02
20251202_23:00:00   2.9447e+00   2.7933e+02   4.0735e+01   0.0000e+00   0.0000e+00   2.6850e+02
20251203_00:00:00   3.0299e+00   2.8042e+02   4.2022e+01   0.0000e+00   1.7170e-04   2.6787e+02
20251203_01:00:00   3.1258e+00   2.8157e+02   4.3682e+01   0.0000e+00   8.9200e-04   2.6477e+02
20251203_02:00:00   3.1245e+00   2.8144e+02   4.4001e+01   0.0000e+00   9.7520e-04   2.6336e+02
20251203_03:00:00   3.0384e+00   2.8035e+02   4.2714e+01   0.0000e+00   5.2640e-04   2.6373e+02
20251203_04:00:00   2.9838e+00   2.7953e+02   4.1915e+01   0.0000e+00   0.0000e+00   2.6449e+02
20251203_05:00:00   2.9488e+00   2.7899e+02   4.1467e+01   0.0000e+00   0.0000e+00   2.6520e+02
20251203_06:00:00   2.9732e+00   2.7927e+02   4.2040e+01   0.0000e+00   0.0000e+00   2.6532e+02
20251203_07:00:00   2.9960e+00   2.7960e+02   4.2591e+01   0.0000e+00   0.0000e+00   2.6414e+02
20251203_08:00:00   2.9627e+00   2.7916e+02   4.2362e+01   0.0000e+00   0.0000e+00   2.6407e+02
20251203_09:00:00   2.9651e+00   2.7925e+02   4.2219e+01   0.0000e+00   0.0000e+00   2.6426e+02
20251203_10:00:00   2.9688e+00   2.7939e+02   4.1992e+01   0.0000e+00   0.0000e+00   2.6426e+02
20251203_11:00:00   2.9863e+00   2.7973e+02   4.2112e+01   0.0000e+00   0.0000e+00   2.6497e+02
20251203_12:00:00   2.9876e+00   2.7983e+02   4.2210e+01   0.0000e+00   0.0000e+00   2.6609e+02
20251203_13:00:00   2.9898e+00   2.7999e+02   4.2249e+01   0.0000e+00   0.0000e+00   2.6715e+02
20251203_14:00:00   3.0015e+00   2.8032e+02   4.2282e+01   0.0000e+00   0.0000e+00   2.6713e+02
20251203_15:00:00   3.0287e+00   2.8063e+02   4.2778e+01   0.0000e+00   0.0000e+00   2.6699e+02
20251203_16:00:00   3.0775e+00   2.8122e+02   4.3469e+01   0.0000e+00   0.0000e+00   2.6635e+02
20251203_17:00:00   3.1126e+00   2.8162e+02   4.3890e+01   2.8200e-04   0.0000e+00   2.6603e+02
20251203_18:00:00   3.1103e+00   2.8160e+02   4.3798e+01   2.6447e-04   0.0000e+00   2.6522e+02
20251203_19:00:00   3.1003e+00   2.8148e+02   4.3531e+01   7.3860e-04   0.0000e+00   2.6388e+02
20251203_20:00:00   3.0629e+00   2.8108e+02   4.3000e+01   0.0000e+00   0.0000e+00   2.6423e+02
20251203_21:00:00   3.0246e+00   2.8065e+02   4.2393e+01   0.0000e+00   0.0000e+00   2.6415e+02
20251203_22:00:00   3.0329e+00   2.8082e+02   4.2340e+01   0.0000e+00   0.0000e+00   2.6452e+02
20251203_23:00:00   3.0164e+00   2.8068e+02   4.2058e+01   0.0000e+00   0.0000e+00   2.6368e+02
20251204_00:00:00   3.0167e+00   2.8078e+02   4.1938e+01   2.6730e-07   0.0000e+00   2.6481e+02
20251204_01:00:00   3.0313e+00   2.8095e+02   4.2158e+01   0.0000e+00   0.0000e+00   2.6550e+02
20251204_02:00:00   3.0532e+00   2.8112e+02   4.2520e+01   5.8160e-05   0.0000e+00   2.6521e+02
20251204_03:00:00   3.0976e+00   2.8143e+02   4.3188e+01   1.6636e-06   0.0000e+00   2.6441e+02
20251204_04:00:00   3.0804e+00   2.8114e+02   4.3238e+01   3.5680e-06   0.0000e+00   2.6466e+02
20251204_05:00:00   3.0607e+00   2.8091e+02   4.2976e+01   8.8420e-08   0.0000e+00   2.6506e+02
20251204_06:00:00   3.0749e+00   2.8103e+02   4.3173e+01   0.0000e+00   0.0000e+00   2.6501e+02
20251204_07:00:00   3.0418e+00   2.8059e+02   4.2880e+01   0.0000e+00   0.0000e+00   2.6386e+02
20251204_08:00:00   2.9938e+00   2.7999e+02   4.2344e+01   0.0000e+00   0.0000e+00   2.6432e+02
20251204_09:00:00   3.0282e+00   2.8057e+02   4.2688e+01   0.0000e+00   0.0000e+00   2.6577e+02
20251204_10:00:00   3.0997e+00   2.8134e+02   4.3605e+01   5.3600e-04   0.0000e+00   2.6517e+02
20251204_11:00:00   3.1156e+00   2.8154e+02   4.4052e+01   1.1084e-06   0.0000e+00   2.6443e+02
20251204_12:00:00   3.1159e+00   2.8167e+02   4.4002e+01   1.6636e-06   0.0000e+00   2.6538e+02
20251204_13:00:00   3.1295e+00   2.8202e+02   4.4105e+01   9.9820e-06   0.0000e+00   2.6447e+02
20251204_14:00:00   3.1459e+00   2.8229e+02   4.4336e+01   0.0000e+00   0.0000e+00   2.6212e+02
20251204_15:00:00   3.2121e+00   2.8313e+02   4.5446e+01   0.0000e+00   0.0000e+00   2.6216e+02
20251204_16:00:00   3.2598e+00   2.8376e+02   4.6131e+01   0.0000e+00   0.0000e+00   2.6112e+02
20251204_17:00:00   3.2215e+00   2.8330e+02   4.5597e+01   0.0000e+00   0.0000e+00   2.5919e+02
20251204_18:00:00   3.1771e+00   2.8276e+02   4.4985e+01   0.0000e+00   0.0000e+00   2.5776e+02
20251204_19:00:00   3.2090e+00   2.8311e+02   4.5531e+01   0.0000e+00   0.0000e+00   2.5812e+02
20251204_20:00:00   3.2457e+00   2.8350e+02   4.5836e+01   0.0000e+00   0.0000e+00   2.5962e+02
20251204_21:00:00   3.3087e+00   2.8424e+02   4.6465e+01   0.0000e+00   2.0340e-22   2.5919e+02
20251204_22:00:00   3.3170e+00   2.8426e+02   4.6741e+01   0.0000e+00   0.0000e+00   2.5874e+02
20251204_23:00:00   3.2752e+00   2.8379e+02   4.6476e+01   4.9910e-06   5.6580e-23   2.5821e+02
20251205_00:00:00   3.1582e+00   2.8250e+02   4.4861e+01   0.0000e+00   0.0000e+00   2.5853e+02
20251205_01:00:00   2.9743e+00   2.8027e+02   4.2272e+01   0.0000e+00   0.0000e+00   2.6047e+02
20251205_02:00:00   3.0606e+00   2.8154e+02   4.2998e+01   0.0000e+00   0.0000e+00   2.6086e+02
20251205_03:00:00   3.2005e+00   2.8308e+02   4.4748e+01   1.0300e-04   5.7400e-22   2.6120e+02
20251205_04:00:00   3.2207e+00   2.8328e+02   4.4895e+01   0.0000e+00   0.0000e+00   2.6153e+02
20251205_05:00:00   2.8109e+00   2.7743e+02   3.9759e+01   0.0000e+00   0.0000e+00   2.6183e+02
20251205_06:00:00   2.5659e+00   2.7259e+02   3.6155e+01   9.8070e-04   0.0000e+00   2.6106e+02
20251205_07:00:00   2.4498e+00   2.6994e+02   3.3863e+01   1.3868e-04   0.0000e+00   2.6096e+02
20251205_08:00:00   2.3429e+00   2.6731e+02   3.1710e+01   3.5850e-04   0.0000e+00   2.6141e+02
20251205_09:00:00   2.4972e+00   2.7134e+02   3.3443e+01   0.0000e+00   0.0000e+00   2.6058e+02
20251205_10:00:00   2.7972e+00   2.7748e+02   3.7824e+01   2.4958e-06   0.0000e+00   2.6011e+02
20251205_11:00:00   2.9246e+00   2.7957e+02   4.0213e+01   1.2478e-05   2.1247e-05   2.5845e+02
20251205_12:00:00   2.7335e+00   2.7625e+02   3.8263e+01   0.0000e+00   2.7600e-05   2.5834e+02
20251205_13:00:00   2.5114e+00   2.7171e+02   3.5296e+01   0.0000e+00   8.4530e-06   2.5831e+02
20251205_14:00:00   2.6215e+00   2.7435e+02   3.5989e+01   1.3687e-03   0.0000e+00   2.5814e+02
20251205_15:00:00   2.5892e+00   2.7376e+02   3.5281e+01   6.9740e-04   0.0000e+00   2.5809e+02
20251205_16:00:00   2.5915e+00   2.7381e+02   3.5279e+01   2.3970e-04   0.0000e+00   2.5671e+02
20251205_17:00:00   2.7079e+00   2.7621e+02   3.7216e+01   0.0000e+00   0.0000e+00   2.5683e+02
20251205_18:00:00   2.8593e+00   2.7891e+02   3.9306e+01   0.0000e+00   0.0000e+00   2.5720e+02
20251205_19:00:00   2.8627e+00   2.7893e+02   3.9448e+01   0.0000e+00   0.0000e+00   2.5742e+02
20251205_20:00:00   3.0098e+00   2.8110e+02   4.1187e+01   3.3020e-06   0.0000e+00   2.5762e+02
20251205_21:00:00   3.0876e+00   2.8199e+02   4.1998e+01   5.3500e-04   0.0000e+00   2.5720e+02
20251205_22:00:00   2.8685e+00   2.7876e+02   3.9051e+01   4.6220e-05   0.0000e+00   2.5721e+02
20251205_23:00:00   2.7005e+00   2.7579e+02   3.6875e+01   0.0000e+00   0.0000e+00   2.5593e+02
20251206_00:00:00   2.5181e+00   2.7202e+02   3.4385e+01   2.4059e-06   0.0000e+00   2.5463e+02
20251206_01:00:00   2.8468e+00   2.7853e+02   3.8548e+01   2.3480e-06   0.0000e+00   2.5288e+02
20251206_02:00:00   3.0160e+00   2.8096e+02   4.1272e+01   0.0000e+00   0.0000e+00   2.5259e+02
20251206_03:00:00   3.0355e+00   2.8096e+02   4.1900e+01   1.6636e-06   0.0000e+00   2.5255e+02
20251206_04:00:00   2.1204e+00   2.6010e+02   3.0447e+01   0.0000e+00   0.0000e+00   2.5352e+02
20251206_05:00:00   1.9269e+00   2.5263e+02   2.7821e+01   0.0000e+00   0.0000e+00   2.5455e+02
20251206_06:00:00   2.1293e+00   2.6034e+02   2.9856e+01   5.3050e-07   0.0000e+00   2.5531e+02
20251206_07:00:00   2.2712e+00   2.6507e+02   3.0925e+01   1.7308e-06   0.0000e+00   2.5619e+02
20251206_08:00:00   2.3516e+00   2.6754e+02   3.1156e+01   0.0000e+00   0.0000e+00   2.5738e+02
20251206_09:00:00   2.2985e+00   2.6613e+02   3.0291e+01   3.0822e-04   0.0000e+00   2.5744e+02
20251206_10:00:00   2.6204e+00   2.7406e+02   3.3641e+01   1.9475e-02   0.0000e+00   2.5708e+02
20251206_11:00:00   2.6586e+00   2.7488e+02   3.4561e+01   6.8286e-03   0.0000e+00   2.5717e+02
20251206_12:00:00   2.3144e+00   2.6664e+02   3.1384e+01   1.1937e-06   0.0000e+00   2.5660e+02
20251206_15:00:00   3.0804e+00   2.8174e+02   4.1742e+01   2.7560e-04   0.0000e+00   2.5436e+02
20251206_18:00:00   2.0856e+00   2.5927e+02   2.9307e+01   0.0000e+00   0.0000e+00   2.5595e+02
20251206_21:00:00   2.3560e+00   2.6802e+02   3.2302e+01   0.0000e+00   0.0000e+00   2.5535e+02
20251207_00:00:00   2.8125e+00   2.7792e+02   3.8152e+01   0.0000e+00   0.0000e+00   2.5578e+02
20251207_03:00:00   2.5733e+00   2.7336e+02   3.4832e+01   5.3460e-07   0.0000e+00   2.5469e+02
20251207_06:00:00   2.3556e+00   2.6788e+02   3.1929e+01   0.0000e+00   0.0000e+00   2.5293e+02
20251207_09:00:00   2.3153e+00   2.6644e+02   3.2116e+01   9.4110e-05   0.0000e+00   2.5437e+02
20251207_12:00:00   2.2907e+00   2.6571e+02   3.2006e+01   0.0000e+00   0.0000e+00   2.5880e+02
20251207_15:00:00   2.8101e+00   2.7810e+02   3.8134e+01   1.7473e-05   0.0000e+00   2.6052e+02
20251207_18:00:00   2.8577e+00   2.7883e+02   3.9013e+01   0.0000e+00   0.0000e+00   2.5709e+02
20251207_21:00:00   2.3438e+00   2.6772e+02   3.2007e+01   1.3208e-05   0.0000e+00   2.5861e+02
20251208_00:00:00   2.7153e+00   2.7626e+02   3.6462e+01   2.6960e-05   0.0000e+00   2.5867e+02
20251208_03:00:00   2.7564e+00   2.7673e+02   3.8267e+01   0.0000e+00   0.0000e+00   2.5789e+02
20251208_06:00:00   2.2912e+00   2.6582e+02   3.1726e+01   1.1494e-06   0.0000e+00   2.5633e+02
20251208_09:00:00   2.2847e+00   2.6566e+02   3.1423e+01   1.3521e-02   0.0000e+00   2.5494e+02
20251208_12:00:00   3.2528e+00   2.8342e+02   4.4255e+01   3.3532e-04   0.0000e+00   2.5504e+02
20251208_15:00:00   1.9695e+00   2.5473e+02   2.8093e+01   5.3460e-07   0.0000e+00   2.5633e+02
20251208_18:00:00   2.3394e+00   2.6737e+02   3.1480e+01   3.3020e-06   0.0000e+00   2.5402e+02
20251208_21:00:00   2.1185e+00   2.6011e+02   3.0669e+01   3.5640e-07   0.0000e+00   2.5370e+02
20251209_00:00:00   1.9690e+00   2.5480e+02   2.6850e+01   0.0000e+00   0.0000e+00   2.5254e+02
20251209_03:00:00   2.4231e+00   2.6974e+02   3.2045e+01   5.2400e-06   0.0000e+00   2.5360e+02
20251209_06:00:00   2.7753e+00   2.7693e+02   3.8090e+01   7.0740e-07   0.0000e+00   2.5493e+02
20251209_09:00:00   2.6998e+00   2.7522e+02   3.7079e+01   7.2800e-03   7.9840e-24   2.5498e+02
20251209_12:00:00   1.9545e+00   2.5385e+02   2.6882e+01   0.0000e+00   0.0000e+00   2.5535e+02
20251209_15:00:00   1.9659e+00   2.5439e+02   2.7570e+01   8.8420e-07   0.0000e+00   2.5511e+02
20251209_18:00:00   2.7770e+00   2.7715e+02   3.7128e+01   4.8054e-03   2.6640e-05   2.5765e+02
20251209_21:00:00   1.8141e+00   2.4790e+02   2.5528e+01   0.0000e+00   8.8820e-07   2.5528e+02
20251210_00:00:00   2.1267e+00   2.6046e+02   3.0006e+01   0.0000e+00   5.2840e-06   2.5340e+02
20251210_03:00:00   2.4995e+00   2.7139e+02   3.4330e+01   2.4944e-03   0.0000e+00   2.5351e+02
20251210_06:00:00   2.5679e+00   2.7266e+02   3.6306e+01   1.3263e-07   1.4324e-05   2.5200e+02
20251210_09:00:00   2.4384e+00   2.6978e+02   3.2915e+01   6.9080e-05   8.9100e-08   2.5450e+02
20251210_12:00:00   1.8044e+00   2.4708e+02   2.6169e+01   0.0000e+00   1.0994e-05   2.5705e+02
20251210_15:00:00   2.3888e+00   2.6881e+02   3.1837e+01   1.6815e-03   0.0000e+00   2.5695e+02
20251210_18:00:00   3.1048e+00   2.8223e+02   4.2963e+01   2.0131e-04   6.8320e-06   2.5511e+02
20251210_21:00:00   2.9320e+00   2.7990e+02   4.0185e+01   0.0000e+00   0.0000e+00   2.5337e+02
20251211_00:00:00   2.5697e+00   2.7311e+02   3.5403e+01   0.0000e+00   0.0000e+00   2.5352e+02
20251211_03:00:00   3.3015e+00   2.8438e+02   4.4717e+01   1.4098e-04   9.9160e-05   2.5412e+02
20251211_06:00:00   2.2550e+00   2.6448e+02   3.2217e+01   0.0000e+00   0.0000e+00   2.5520e+02
20251211_09:00:00   2.4276e+00   2.6930e+02   3.3195e+01   8.6473e-04   0.0000e+00   2.5510e+02
20251211_12:00:00   3.3450e+00   2.8458e+02   4.5716e+01   2.9768e-04   3.1799e-04   2.5229e+02
20251211_15:00:00   2.3201e+00   2.6641e+02   3.3866e+01   0.0000e+00   0.0000e+00   2.5157e+02
20251211_18:00:00   2.7084e+00   2.7623e+02   3.6933e+01   1.5044e-05   8.4880e-07   2.5178e+02
20251211_21:00:00   2.5528e+00   2.7281e+02   3.5095e+01   0.0000e+00   0.0000e+00   2.5280e+02
20251212_00:00:00   2.7757e+00   2.7747e+02   3.7939e+01   0.0000e+00   0.0000e+00   2.5101e+02
20251212_03:00:00   2.9487e+00   2.8012e+02   4.0665e+01   0.0000e+00   2.7340e-06   2.5242e+02
20251212_06:00:00   2.8363e+00   2.7823e+02   3.8759e+01   1.4154e-06   5.3460e-07   2.5096e+02
20251212_09:00:00   2.9524e+00   2.7984e+02   4.0119e+01   6.2460e-04   6.6540e-06   2.4909e+02
20251212_12:00:00   3.3100e+00   2.8409e+02   4.4856e+01   1.0158e-02   0.0000e+00   2.4885e+02
20251212_15:00:00   2.6770e+00   2.7504e+02   3.6997e+01   2.0804e-04   0.0000e+00   2.4977e+02
20251212_18:00:00   3.3509e+00   2.8484e+02   4.5951e+01   2.2354e-03   0.0000e+00   2.4869e+02
20251212_21:00:00   3.6578e+00   2.8719e+02   5.1011e+01   2.9180e-06   0.0000e+00   2.5012e+02
20251213_00:00:00   2.8875e+00   2.7901e+02   3.9989e+01   4.8740e-04   0.0000e+00   2.5220e+02
20251213_03:00:00   3.0412e+00   2.8124e+02   4.1954e+01   4.2600e-05   1.7259e-23   2.5373e+02
20251213_06:00:00   2.2461e+00   2.6417e+02   3.1369e+01   7.4870e-06   0.0000e+00   2.5517e+02
20251213_09:00:00   2.2400e+00   2.6390e+02   3.1122e+01   2.2799e-05   0.0000e+00   2.5436e+02
20251213_12:00:00   2.1764e+00   2.6214e+02   2.8887e+01   1.1036e-02   0.0000e+00   2.5346e+02
20251213_15:00:00   2.4162e+00   2.6960e+02   3.1654e+01   0.0000e+00   0.0000e+00   2.5552e+02
20251213_18:00:00   2.7864e+00   2.7758e+02   3.6581e+01   5.4900e-04   0.0000e+00   2.5582e+02
20251213_21:00:00   2.8188e+00   2.7806e+02   3.8707e+01   0.0000e+00   0.0000e+00   2.5527e+02
20251214_00:00:00   2.8862e+00   2.7911e+02   3.9873e+01   0.0000e+00   0.0000e+00   2.5372e+02
20251214_03:00:00   2.6518e+00   2.7434e+02   3.8085e+01   0.0000e+00   0.0000e+00   2.5538e+02
20251214_06:00:00   2.4072e+00   2.6850e+02   3.4360e+01   2.7720e-05   0.0000e+00   2.5752e+02
20251214_09:00:00   3.1959e+00   2.8255e+02   4.3909e+01   1.4235e-05   3.3280e-06   2.5627e+02
20251214_12:00:00   2.8430e+00   2.7805e+02   3.8943e+01   8.5680e-04   0.0000e+00   2.5735e+02
20251214_15:00:00   2.3498e+00   2.6740e+02   3.1680e+01   0.0000e+00   0.0000e+00   2.6085e+02
20251214_18:00:00   2.1651e+00   2.6192e+02   2.9240e+01   0.0000e+00   4.2900e-05   2.6006e+02
20251214_21:00:00   2.2226e+00   2.6395e+02   2.9270e+01   0.0000e+00   1.3208e-05   2.6007e+02
20251215_00:00:00   2.2964e+00   2.6574e+02   3.1979e+01   0.0000e+00   0.0000e+00   2.5704e+02
20251215_03:00:00   2.4491e+00   2.7003e+02   3.1799e+01   4.7021e-03   0.0000e+00   2.5966e+02
20251215_06:00:00   2.6158e+00   2.7366e+02   3.4582e+01   1.3263e-07   0.0000e+00   2.5573e+02
20251215_09:00:00   2.7287e+00   2.7596e+02   3.5713e+01   5.6857e-03   0.0000e+00   2.5429e+02
20251215_12:00:00   1.5566e+00   2.3344e+02   2.2536e+01   0.0000e+00   0.0000e+00   2.5749e+02
20251215_15:00:00   2.2531e+00   2.6447e+02   3.0922e+01   7.9340e-06   0.0000e+00   2.5566e+02
20251215_18:00:00   1.6991e+00   2.4158e+02   2.4831e+01   2.2592e-05   0.0000e+00   2.5492e+02
20251215_21:00:00   1.6385e+00   2.3833e+02   2.2745e+01   0.0000e+00   0.0000e+00   2.5472e+02
20251216_00:00:00   1.7027e+00   2.4187e+02   2.3080e+01   0.0000e+00   1.7976e-04   2.5284e+02
20251216_03:00:00   2.3819e+00   2.6817e+02   3.1033e+01   5.1900e-06   8.0260e-05   2.5125e+02
20251216_06:00:00   2.7770e+00   2.7654e+02   3.6948e+01   3.8181e-05   0.0000e+00   2.5268e+02
20251216_09:00:00   2.4979e+00   2.7084e+02   3.3800e+01   6.4790e-04   0.0000e+00   2.5229e+02
20251216_12:00:00   2.8917e+00   2.7850e+02   3.9667e+01   0.0000e+00   0.0000e+00   2.5091e+02
20251216_15:00:00   2.8554e+00   2.7821e+02   3.9289e+01   3.0458e-04   0.0000e+00   2.5102e+02
20251216_18:00:00   2.9879e+00   2.7998e+02   4.1277e+01   5.7381e-04   3.6400e-05   2.5112e+02
20251216_21:00:00   2.9610e+00   2.7969e+02   4.1537e+01   0.0000e+00   1.3842e-05   2.4936e+02
20251217_00:00:00   2.9348e+00   2.7934e+02   4.1275e+01   8.9100e-08   0.0000e+00   2.5024e+02
20251217_03:00:00   2.9809e+00   2.7974e+02   4.2173e+01   4.9910e-06   7.1280e-07   2.5316e+02
20251217_06:00:00   3.0053e+00   2.7979e+02   4.2647e+01   0.0000e+00   2.3140e-06   2.5092e+02
20251217_09:00:00   3.0126e+00   2.7972e+02   4.2578e+01   1.3208e-05   1.0078e-04   2.5000e+02
20251217_12:00:00   2.8685e+00   2.7763e+02   4.0340e+01   0.0000e+00   4.2453e-04   2.4986e+02
