#            date       tau255        Tb[K]      pwv[mm] lwp[kg*m^-2] iwp[kg*m^-2]       o3[DU]
20251211_06:00:00   2.7829e+00   2.7692e+02   3.7208e+01   0.0000e+00   0.0000e+00   2.5210e+02
20251211_07:00:00   2.7989e+00   2.7722e+02   3.6740e+01   6.9743e-03   0.0000e+00   2.4998e+02
20251211_08:00:00   2.5534e+00   2.7232e+02   3.3281e+01   9.8425e-03   0.0000e+00   2.5025e+02
20251211_09:00:00   1.7592e+00   2.4494e+02   2.3520e+01   1.0554e-02   0.0000e+00   2.5311e+02
20251211_10:00:00   1.5051e+00   2.3049e+02   2.0564e+01   0.0000e+00   0.0000e+00   2.5410e+02
20251211_11:00:00   1.6136e+00   2.3719e+02   2.1767e+01   0.0000e+00   0.0000e+00   2.5585e+02
20251211_12:00:00   1.8122e+00   2.4785e+02   2.4277e+01   1.1937e-06   0.0000e+00   2.5698e+02
20251211_13:00:00   2.4353e+00   2.6992e+02   3.1982e+01   5.6870e-04   0.0000e+00   2.5732e+02
20251211_14:00:00   2.8085e+00   2.7779e+02   3.6416e+01   2.6327e-03   0.0000e+00   2.6033e+02
20251211_15:00:00   2.9269e+00   2.7962e+02   3.8048e+01   7.9990e-04   0.0000e+00   2.5697e+02
20251211_16:00:00   3.0539e+00   2.8143e+02   4.0012e+01   1.0552e-03   0.0000e+00   2.5468e+02
20251211_17:00:00   3.1563e+00   2.8271e+02   4.1336e+01   2.3336e-03   0.0000e+00   2.5590e+02
20251211_18:00:00   3.0831e+00   2.8183e+02   4.0705e+01   1.8919e-04   0.0000e+00   2.5731e+02
20251211_19:00:00   2.9883e+00   2.8043e+02   3.9859e+01   0.0000e+00   0.0000e+00   2.5727e+02
20251211_20:00:00   3.1293e+00   2.8247e+02   4.1396e+01   0.0000e+00   0.0000e+00   2.5547e+02
20251211_21:00:00   3.2818e+00   2.8431e+02   4.3453e+01   4.3680e-04   0.0000e+00   2.5318e+02
20251211_22:00:00   3.2729e+00   2.8427e+02   4.3549e+01   2.6520e-07   0.0000e+00   2.5310e+02
20251211_23:00:00   3.2295e+00   2.8380e+02   4.3222e+01   6.2160e-06   0.0000e+00   2.5292e+02
20251212_00:00:00   3.2263e+00   2.8380e+02   4.3303e+01   0.0000e+00   0.0000e+00   2.5039e+02
20251212_01:00:00   3.2469e+00   2.8391e+02   4.3427e+01   3.3600e-06   0.0000e+00   2.5008e+02
20251212_02:00:00   3.2657e+00   2.8406e+02   4.3488e+01   6.9160e-06   0.0000e+00   2.5120e+02
20251212_03:00:00   3.0682e+00   2.8155e+02   4.1380e+01   2.6280e-06   0.0000e+00   2.5412e+02
20251212_04:00:00   2.6699e+00   2.7472e+02   3.6982e+01   0.0000e+00   0.0000e+00   2.5672e+02
20251212_05:00:00   2.5684e+00   2.7258e+02   3.5526e+01   0.0000e+00   0.0000e+00   2.5764e+02
20251212_06:00:00   2.6782e+00   2.7504e+02   3.6243e+01   6.5080e-04   0.0000e+00   2.5642e+02
20251212_07:00:00   2.7804e+00   2.7711e+02   3.7030e+01   2.2120e-04   0.0000e+00   2.5690e+02
20251212_08:00:00   2.8973e+00   2.7891e+02   3.8195e+01   7.1600e-04   0.0000e+00   2.5567e+02
20251212_09:00:00   2.9735e+00   2.7991e+02   3.8978e+01   2.3239e-03   0.0000e+00   2.5553e+02
20251212_10:00:00   2.7253e+00   2.7565e+02   3.6241e+01   4.5680e-04   0.0000e+00   2.5691e+02
20251212_11:00:00   2.4441e+00   2.6962e+02   3.2423e+01   8.3236e-03   0.0000e+00   2.5774e+02
20251212_12:00:00   2.3240e+00   2.6648e+02   3.0549e+01   1.3992e-02   0.0000e+00   2.5901e+02
20251212_13:00:00   2.1069e+00   2.5956e+02   2.8567e+01   1.0050e-04   0.0000e+00   2.5907e+02
20251212_14:00:00   1.9142e+00   2.5235e+02   2.5991e+01   0.0000e+00   0.0000e+00   2.5828e+02
20251212_15:00:00   1.6979e+00   2.4236e+02   2.3020e+01   0.0000e+00   0.0000e+00   2.5681e+02
20251212_16:00:00   1.6860e+00   2.4163e+02   2.2958e+01   0.0000e+00   0.0000e+00   2.5590e+02
20251212_17:00:00   1.9899e+00   2.5563e+02   2.6337e+01   0.0000e+00   0.0000e+00   2.5520e+02
20251212_18:00:00   2.2987e+00   2.6617e+02   2.9981e+01   6.2610e-04   0.0000e+00   2.5597e+02
20251212_19:00:00   2.6004e+00   2.7376e+02   3.3528e+01   3.9680e-04   0.0000e+00   2.5866e+02
20251212_20:00:00   2.7738e+00   2.7713e+02   3.5822e+01   3.4612e-04   0.0000e+00   2.5898e+02
20251212_21:00:00   3.0304e+00   2.8109e+02   3.8725e+01   1.4071e-02   0.0000e+00   2.5776e+02
20251212_22:00:00   3.0380e+00   2.8133e+02   3.9267e+01   5.6556e-04   0.0000e+00   2.5632e+02
20251212_23:00:00   2.8208e+00   2.7801e+02   3.7314e+01   4.4260e-04   0.0000e+00   2.5670e+02
20251213_00:00:00   2.6502e+00   2.7488e+02   3.5298e+01   0.0000e+00   0.0000e+00   2.5603e+02
20251213_01:00:00   2.4608e+00   2.7074e+02   3.2727e+01   0.0000e+00   0.0000e+00   2.5600e+02
20251213_02:00:00   2.4538e+00   2.7060e+02   3.2291e+01   5.3060e-07   0.0000e+00   2.5735e+02
20251213_03:00:00   2.8640e+00   2.7867e+02   3.7250e+01   7.0020e-04   0.0000e+00   2.5727e+02
20251213_04:00:00   3.0316e+00   2.8105e+02   3.9669e+01   4.7220e-04   0.0000e+00   2.5576e+02
20251213_05:00:00   3.1661e+00   2.8263e+02   4.1583e+01   6.8300e-04   2.6420e-05   2.5560e+02
20251213_06:00:00   3.2353e+00   2.8335e+02   4.2645e+01   3.6647e-03   1.3208e-05   2.5475e+02
20251213_07:00:00   3.0544e+00   2.8115e+02   4.0694e+01   1.4485e-03   0.0000e+00   2.5358e+02
20251213_08:00:00   2.7679e+00   2.7691e+02   3.7231e+01   0.0000e+00   0.0000e+00   2.5489e+02
20251213_09:00:00   2.5874e+00   2.7345e+02   3.4600e+01   0.0000e+00   0.0000e+00   2.5519e+02
20251213_10:00:00   2.2337e+00   2.6435e+02   2.9995e+01   0.0000e+00   0.0000e+00   2.5342e+02
20251213_11:00:00   1.9938e+00   2.5585e+02   2.7101e+01   0.0000e+00   0.0000e+00   2.5333e+02
20251213_12:00:00   2.3335e+00   2.6695e+02   3.1193e+01   1.9319e-04   0.0000e+00   2.5209e+02
20251213_13:00:00   2.7691e+00   2.7699e+02   3.6595e+01   0.0000e+00   0.0000e+00   2.5264e+02
20251213_14:00:00   3.0996e+00   2.8193e+02   4.1094e+01   1.5326e-03   0.0000e+00   2.5283e+02
20251213_15:00:00   3.1930e+00   2.8305e+02   4.2507e+01   5.3480e-04   0.0000e+00   2.5398e+02
20251213_16:00:00   3.2636e+00   2.8383e+02   4.3539e+01   7.4420e-04   0.0000e+00   2.5325e+02
20251213_17:00:00   3.3754e+00   2.8492e+02   4.5070e+01   2.3540e-03   0.0000e+00   2.5361e+02
20251213_18:00:00   3.4597e+00   2.8569e+02   4.6335e+01   2.9233e-03   0.0000e+00   2.5300e+02
20251213_19:00:00   3.4013e+00   2.8523e+02   4.5804e+01   1.0830e-03   0.0000e+00   2.5362e+02
20251213_20:00:00   3.3806e+00   2.8504e+02   4.5689e+01   2.0360e-04   0.0000e+00   2.5324e+02
20251213_21:00:00   3.4540e+00   2.8570e+02   4.6581e+01   1.1574e-05   2.2460e-24   2.5291e+02
20251213_22:00:00   3.5276e+00   2.8630e+02   4.7519e+01   2.5426e-04   0.0000e+00   2.5129e+02
20251213_23:00:00   3.5539e+00   2.8656e+02   4.7973e+01   1.0786e-04   2.0480e-06   2.5081e+02
20251214_00:00:00   3.5575e+00   2.8668e+02   4.8096e+01   1.2508e-04   1.7468e-05   2.5152e+02
20251214_01:00:00   3.4260e+00   2.8560e+02   4.6898e+01   5.9430e-05   3.8960e-05   2.5055e+02
20251214_02:00:00   3.1914e+00   2.8304e+02   4.4413e+01   0.0000e+00   1.1030e-05   2.5053e+02
20251214_03:00:00   3.0196e+00   2.8072e+02   4.2539e+01   2.2617e-05   1.5066e-06   2.5119e+02
20251214_04:00:00   2.9247e+00   2.7914e+02   4.1538e+01   6.1800e-05   1.7684e-07   2.5319e+02
20251214_05:00:00   2.8683e+00   2.7808e+02   4.0870e+01   2.9672e-05   0.0000e+00   2.5362e+02
20251214_06:00:00   2.8698e+00   2.7800e+02   4.0935e+01   2.4092e-04   0.0000e+00   2.5348e+02
20251214_07:00:00   3.0427e+00   2.8056e+02   4.2945e+01   1.0335e-03   0.0000e+00   2.5295e+02
20251214_08:00:00   3.2590e+00   2.8338e+02   4.5012e+01   6.6930e-03   1.7820e-07   2.5155e+02
20251214_09:00:00   3.4632e+00   2.8562e+02   4.6016e+01   4.6215e-02   2.5635e-05   2.5251e+02
20251214_10:00:00   3.5652e+00   2.8640e+02   4.6918e+01   6.0907e-02   1.0108e-04   2.5190e+02
20251214_11:00:00   3.5561e+00   2.8623e+02   4.8506e+01   6.2358e-03   8.6559e-05   2.5001e+02
20251214_12:00:00   3.6108e+00   2.8663e+02   4.9255e+01   1.4458e-05   2.2377e-04   2.5013e+02
20251214_13:00:00   3.5621e+00   2.8626e+02   4.8606e+01   7.3920e-05   5.4914e-05   2.5185e+02
20251214_14:00:00   3.5050e+00   2.8601e+02   4.7816e+01   8.7691e-04   5.5457e-06   2.5314e+02
20251214_15:00:00   3.1572e+00   2.8261e+02   4.3111e+01   1.1112e-03   3.5640e-07   2.5701e+02
20251214_16:00:00   2.4800e+00   2.7113e+02   3.3590e+01   4.6000e-04   1.7684e-07   2.5481e+02
20251214_17:00:00   2.3338e+00   2.6753e+02   3.1299e+01   0.0000e+00   0.0000e+00   2.5397e+02
20251214_18:00:00   2.4421e+00   2.7042e+02   3.2018e+01   5.4650e-04   0.0000e+00   2.5243e+02
20251214_19:00:00   2.6788e+00   2.7555e+02   3.4751e+01   3.6930e-04   1.0610e-06   2.5157e+02
20251214_20:00:00   2.9171e+00   2.7952e+02   3.7949e+01   3.0160e-05   3.5360e-07   2.5060e+02
20251214_21:00:00   3.1414e+00   2.8237e+02   4.1687e+01   8.8420e-08   0.0000e+00   2.5029e+02
20251214_22:00:00   3.2717e+00   2.8380e+02   4.3914e+01   1.7684e-07   0.0000e+00   2.5063e+02
20251214_23:00:00   2.9560e+00   2.7995e+02   4.0225e+01   0.0000e+00   0.0000e+00   2.5099e+02
20251215_00:00:00   2.6877e+00   2.7555e+02   3.6667e+01   1.7684e-07   0.0000e+00   2.5230e+02
20251215_01:00:00   2.5683e+00   2.7304e+02   3.5367e+01   0.0000e+00   0.0000e+00   2.5405e+02
20251215_02:00:00   2.5349e+00   2.7203e+02   3.5260e+01   0.0000e+00   0.0000e+00   2.5501e+02
20251215_03:00:00   2.5784e+00   2.7282e+02   3.5913e+01   4.9530e-06   0.0000e+00   2.5469e+02
20251215_04:00:00   2.6777e+00   2.7490e+02   3.6951e+01   1.0946e-04   0.0000e+00   2.5342e+02
20251215_05:00:00   2.7656e+00   2.7653e+02   3.7922e+01   6.8870e-04   0.0000e+00   2.5291e+02
20251215_06:00:00   2.8262e+00   2.7750e+02   3.8902e+01   0.0000e+00   0.0000e+00   2.5091e+02
20251215_07:00:00   2.8848e+00   2.7837e+02   3.9855e+01   4.6340e-05   0.0000e+00   2.4968e+02
20251215_08:00:00   2.9369e+00   2.7916e+02   4.0593e+01   6.1980e-06   0.0000e+00   2.4872e+02
20251215_09:00:00   3.0109e+00   2.8026e+02   4.1422e+01   5.7716e-04   0.0000e+00   2.4903e+02
20251215_10:00:00   3.0699e+00   2.8105e+02   4.2133e+01   2.3786e-04   2.1280e-06   2.4889e+02
20251215_11:00:00   3.1105e+00   2.8158e+02   4.2727e+01   2.1140e-05   1.2476e-05   2.4827e+02
20251215_12:00:00   3.1719e+00   2.8240e+02   4.3553e+01   3.9620e-05   1.9988e-05   2.4832e+02
20251215_13:00:00   3.1851e+00   2.8273e+02   4.3655e+01   0.0000e+00   0.0000e+00   2.4900e+02
20251215_14:00:00   3.1882e+00   2.8289e+02   4.3666e+01   1.7197e-03   3.7320e-05   2.4953e+02
20251215_15:00:00   3.1580e+00   2.8250e+02   4.3336e+01   9.6516e-04   2.6600e-07   2.4932e+02
20251215_16:00:00   3.0781e+00   2.8140e+02   4.2516e+01   1.6510e-05   3.9820e-05   2.5060e+02
20251215_17:00:00   3.0762e+00   2.8127e+02   4.2587e+01   8.8420e-08   3.0680e-04   2.5109e+02
20251215_18:00:00   3.1024e+00   2.8150e+02   4.3003e+01   3.5680e-06   3.3622e-03   2.5087e+02
20251215_19:00:00   3.1790e+00   2.8239e+02   4.3904e+01   0.0000e+00   5.2981e-03   2.5061e+02
20251215_20:00:00   3.1609e+00   2.8224e+02   4.3863e+01   0.0000e+00   6.0874e-04   2.4845e+02
20251215_21:00:00   3.1509e+00   2.8217e+02   4.3786e+01   0.0000e+00   4.6959e-04   2.4963e+02
20251215_22:00:00   3.1257e+00   2.8189e+02   4.3394e+01   0.0000e+00   1.1634e-03   2.5204e+02
20251215_23:00:00   3.1244e+00   2.8183e+02   4.3261e+01   0.0000e+00   1.1742e-04   2.5160e+02
20251216_00:00:00   3.1635e+00   2.8236e+02   4.3593e+01   0.0000e+00   5.8939e-04   2.5421e+02
20251216_01:00:00   3.2266e+00   2.8309e+02   4.4027e+01   0.0000e+00   1.7788e-03   2.5690e+02
20251216_02:00:00   3.2395e+00   2.8324e+02   4.4152e+01   0.0000e+00   3.8498e-03   2.5962e+02
20251216_03:00:00   3.1991e+00   2.8267e+02   4.3849e+01   0.0000e+00   5.1558e-03   2.6122e+02
20251216_04:00:00   3.1871e+00   2.8238e+02   4.4013e+01   0.0000e+00   7.4050e-03   2.6182e+02
20251216_05:00:00   3.1764e+00   2.8225e+02   4.3830e+01   0.0000e+00   5.5572e-03   2.6229e+02
20251216_06:00:00   3.1419e+00   2.8179e+02   4.3362e+01   0.0000e+00   1.4433e-03   2.6138e+02
20251216_09:00:00   3.2151e+00   2.8242e+02   4.5042e+01   0.0000e+00   1.0566e-04   2.5922e+02
20251216_12:00:00   3.0359e+00   2.8066e+02   4.1758e+01   0.0000e+00   2.0254e-05   2.6002e+02
20251216_15:00:00   2.5385e+00   2.7172e+02   3.6213e+01   3.0200e-04   5.0161e-03   2.5876e+02
20251216_18:00:00   3.1368e+00   2.8190e+02   4.4308e+01   0.0000e+00   7.6920e-03   2.5683e+02
20251216_21:00:00   3.3079e+00   2.8385e+02   4.6280e+01   0.0000e+00   7.1933e-03   2.5334e+02
20251217_00:00:00   3.2426e+00   2.8343e+02   4.4933e+01   0.0000e+00   1.6836e-04   2.5391e+02
20251217_03:00:00   3.2792e+00   2.8371e+02   4.5168e+01   7.0740e-07   1.1314e-05   2.5086e+02
20251217_06:00:00   3.3486e+00   2.8434e+02   4.6148e+01   7.1020e-05   6.8720e-04   2.4827e+02
20251217_09:00:00   3.2740e+00   2.8346e+02   4.5895e+01   2.5620e-05   2.8240e-04   2.4500e+02
20251217_12:00:00   3.2144e+00   2.8281e+02   4.5471e+01   2.0960e-04   9.3380e-04   2.4546e+02
20251217_15:00:00   3.0755e+00   2.8125e+02   4.4030e+01   3.1600e-05   2.9488e-04   2.4881e+02
20251217_18:00:00   2.8596e+00   2.7807e+02   4.0991e+01   1.1263e-04   0.0000e+00   2.4974e+02
20251217_21:00:00   2.3873e+00   2.6764e+02   3.5484e+01   0.0000e+00   1.0233e-03   2.4980e+02
20251218_00:00:00   2.8332e+00   2.7750e+02   4.0006e+01   5.2840e-05   6.6040e-06   2.4687e+02
20251218_03:00:00   2.1830e+00   2.6125e+02   3.2682e+01   6.2380e-07   1.4135e-05   2.4680e+02
20251218_06:00:00   2.1775e+00   2.6079e+02   3.2196e+01   0.0000e+00   5.1877e-04   2.4657e+02
20251218_09:00:00   2.8203e+00   2.7706e+02   3.9751e+01   0.0000e+00   3.9182e-05   2.4492e+02
20251218_12:00:00   3.1683e+00   2.8199e+02   4.4882e+01   6.2376e-06   2.1280e-07   2.4547e+02
20251218_15:00:00   2.8151e+00   2.7702e+02   4.1146e+01   0.0000e+00   0.0000e+00   2.4709e+02
20251218_18:00:00   2.9789e+00   2.7980e+02   4.3113e+01   1.2454e-06   2.4180e-04   2.4548e+02
20251218_21:00:00   2.5569e+00   2.7209e+02   3.7312e+01   0.0000e+00   2.1219e-03   2.4485e+02
20251219_00:00:00   2.7989e+00   2.7702e+02   3.9726e+01   0.0000e+00   1.8624e-03   2.4330e+02
20251219_03:00:00   3.1512e+00   2.8200e+02   4.4798e+01   0.0000e+00   1.1308e-04   2.4537e+02
20251219_06:00:00   2.8820e+00   2.7729e+02   4.2460e+01   4.0770e-06   4.7202e-03   2.4743e+02
20251219_09:00:00   1.8846e+00   2.4911e+02   2.8040e+01   0.0000e+00   3.0885e-03   2.4730e+02
20251219_12:00:00   3.0834e+00   2.8071e+02   4.3420e+01   6.2390e-05   6.5267e-04   2.4898e+02
20251219_15:00:00   3.0446e+00   2.8062e+02   4.3125e+01   0.0000e+00   1.4636e-03   2.4986e+02
20251219_18:00:00   2.8699e+00   2.7796e+02   4.0863e+01   1.3263e-07   1.4780e-03   2.5432e+02
20251219_21:00:00   2.9531e+00   2.7919e+02   4.2610e+01   0.0000e+00   2.3599e-03   2.5290e+02
20251220_00:00:00   2.8923e+00   2.7827e+02   4.1587e+01   3.0920e-05   3.0393e-03   2.4850e+02
20251220_03:00:00   3.1145e+00   2.8125e+02   4.4672e+01   0.0000e+00   3.2133e-03   2.5166e+02
20251220_06:00:00   3.3671e+00   2.8387e+02   4.7664e+01   1.5224e-05   1.3102e-03   2.5087e+02
20251220_09:00:00   2.9002e+00   2.7820e+02   4.1277e+01   0.0000e+00   1.6536e-05   2.5121e+02
20251220_12:00:00   2.8281e+00   2.7715e+02   3.9884e+01   0.0000e+00   0.0000e+00   2.5260e+02
20251220_15:00:00   2.9772e+00   2.7922e+02   4.1869e+01   4.9740e-04   0.0000e+00   2.5442e+02
20251220_18:00:00   2.9015e+00   2.7804e+02   4.0745e+01   4.5670e-04   0.0000e+00   2.5358e+02
20251220_21:00:00   2.8774e+00   2.7765e+02   4.0278e+01   0.0000e+00   0.0000e+00   2.5417e+02
20251221_00:00:00   2.7779e+00   2.7601e+02   3.9048e+01   1.8569e-06   0.0000e+00   2.5139e+02
20251221_03:00:00   2.7435e+00   2.7518e+02   3.8662e+01   0.0000e+00   0.0000e+00   2.5363e+02
20251221_06:00:00   2.6080e+00   2.7255e+02   3.6109e+01   0.0000e+00   0.0000e+00   2.5571e+02
20251221_09:00:00   2.5143e+00   2.7049e+02   3.4220e+01   0.0000e+00   0.0000e+00   2.5736e+02
20251221_12:00:00   2.4533e+00   2.6925e+02   3.2771e+01   0.0000e+00   0.0000e+00   2.5849e+02
20251221_15:00:00   2.4449e+00   2.6926e+02   3.2572e+01   0.0000e+00   0.0000e+00   2.5711e+02
20251221_18:00:00   2.4366e+00   2.6895e+02   3.2906e+01   7.5610e-04   0.0000e+00   2.5516e+02
20251221_21:00:00   2.5134e+00   2.7054e+02   3.4047e+01   0.0000e+00   0.0000e+00   2.5559e+02
20251222_00:00:00   2.6046e+00   2.7251e+02   3.5897e+01   2.2457e-05   4.2440e-06   2.5643e+02
20251222_03:00:00   2.6385e+00   2.7316e+02   3.6450e+01   0.0000e+00   0.0000e+00   2.5732e+02
20251222_06:00:00   2.6536e+00   2.7324e+02   3.6953e+01   0.0000e+00   0.0000e+00   2.5637e+02
20251222_09:00:00   2.6920e+00   2.7387e+02   3.7717e+01   7.4870e-06   0.0000e+00   2.5500e+02
20251222_12:00:00   2.7153e+00   2.7438e+02   3.8183e+01   0.0000e+00   0.0000e+00   2.5446e+02
20251222_15:00:00   2.8350e+00   2.7657e+02   4.0166e+01   0.0000e+00   2.6600e-07   2.5568e+02
20251222_18:00:00   2.8342e+00   2.7653e+02   4.0454e+01   4.9910e-06   7.9855e-05   2.5482e+02
20251222_21:00:00   2.8738e+00   2.7695e+02   4.1105e+01   5.7980e-06   4.5061e-05   2.5468e+02
20251223_00:00:00   2.9413e+00   2.7790e+02   4.2118e+01   0.0000e+00   4.2309e-03   2.5624e+02
20251223_03:00:00   2.9429e+00   2.7779e+02   4.2378e+01   0.0000e+00   1.0691e-03   2.5503e+02
20251223_06:00:00   2.9327e+00   2.7749e+02   4.2300e+01   1.7820e-07   5.7567e-04   2.5485e+02
20251223_09:00:00   2.9526e+00   2.7750e+02   4.2717e+01   0.0000e+00   1.2568e-04   2.5562e+02
20251223_12:00:00   3.0308e+00   2.7870e+02   4.3736e+01   0.0000e+00   6.6254e-04   2.5706e+02
20251223_15:00:00   3.0279e+00   2.7898e+02   4.3804e+01   0.0000e+00   1.5269e-03   2.5782e+02
20251223_18:00:00   2.8985e+00   2.7709e+02   4.2064e+01   2.4958e-06   2.7772e-03   2.5774e+02
20251223_21:00:00   2.8401e+00   2.7623e+02   4.0976e+01   0.0000e+00   1.5612e-04   2.5808e+02
20251224_00:00:00   2.7211e+00   2.7418e+02   3.9297e+01   5.4900e-05   1.0621e-03   2.5945e+02
20251224_03:00:00   2.7292e+00   2.7426e+02   3.9300e+01   0.0000e+00   1.7581e-03   2.5921e+02
20251224_06:00:00   2.6833e+00   2.7307e+02   3.8910e+01   0.0000e+00   1.7259e-03   2.5952e+02
20251224_09:00:00   2.6202e+00   2.7177e+02   3.7844e+01   0.0000e+00   8.9076e-05   2.6021e+02
20251224_12:00:00   2.7076e+00   2.7355e+02   3.9304e+01   0.0000e+00   3.3522e-03   2.6119e+02
20251224_15:00:00   2.6916e+00   2.7347e+02   3.8959e+01   0.0000e+00   3.6493e-03   2.6151e+02
20251224_18:00:00   2.7184e+00   2.7416e+02   3.9302e+01   0.0000e+00   1.2734e-04   2.6137e+02
20251224_21:00:00   2.7765e+00   2.7530e+02   4.0029e+01   0.0000e+00   9.6700e-04   2.6181e+02
20251225_00:00:00   2.8233e+00   2.7602e+02   4.0720e+01   0.0000e+00   1.0897e-02   2.6148e+02
20251225_03:00:00   2.9187e+00   2.7750e+02   4.2018e+01   1.6363e-04   3.0263e-02   2.6394e+02
20251225_06:00:00   3.0550e+00   2.7941e+02   4.4157e+01   2.9326e-04   5.3334e-03   2.6168e+02
20251225_09:00:00   3.2752e+00   2.8194e+02   4.5366e+01   5.6670e-02   2.7753e-02   2.6161e+02
20251225_12:00:00   3.2366e+00   2.8173e+02   4.6448e+01   5.6854e-03   4.5096e-02   2.6084e+02
20251225_15:00:00   3.2946e+00   2.8258e+02   4.7469e+01   2.4863e-06   1.3554e-03   2.6243e+02
20251225_18:00:00   3.1974e+00   2.8161e+02   4.6127e+01   2.1211e-05   4.5323e-03   2.5839e+02
20251225_21:00:00   3.2460e+00   2.8207e+02   4.6740e+01   0.0000e+00   1.0953e-03   2.5563e+02
20251226_00:00:00   3.2920e+00   2.8259e+02   4.7304e+01   4.9910e-06   1.4072e-03   2.5529e+02
20251226_03:00:00   3.2686e+00   2.8225e+02   4.7138e+01   3.1120e-07   1.9922e-03   2.5656e+02
20251226_06:00:00   3.1461e+00   2.8078e+02   4.5345e+01   0.0000e+00   2.6561e-03   2.5685e+02
20251226_09:00:00   3.1628e+00   2.8106e+02   4.5808e+01   0.0000e+00   4.7553e-04   2.5720e+02
20251226_12:00:00   3.3074e+00   2.8295e+02   4.7360e+01   0.0000e+00   1.8628e-04   2.5830e+02
20251226_15:00:00   3.5015e+00   2.8494e+02   5.0450e+01   7.5106e-03   3.1273e-02   2.5819e+02
20251226_18:00:00   3.3228e+00   2.8324e+02   4.8004e+01   6.7578e-05   1.4952e-03   2.5849e+02
20251226_21:00:00   3.3057e+00   2.8332e+02   4.7367e+01   0.0000e+00   2.3124e-04   2.5625e+02
20251227_00:00:00   3.2934e+00   2.8325e+02   4.6887e+01   0.0000e+00   2.8428e-03   2.5543e+02
20251227_03:00:00   3.3454e+00   2.8380e+02   4.7157e+01   3.8320e-06   1.6592e-04   2.5791e+02
20251227_06:00:00   3.3509e+00   2.8373e+02   4.7173e+01   2.3440e-06   0.0000e+00   2.5882e+02
