#            date       tau255        Tb[K]      pwv[mm] lwp[kg*m^-2] iwp[kg*m^-2]       o3[DU]
20251210_06:00:00   2.9336e+00   2.7939e+02   3.8210e+01   3.7656e-04   0.0000e+00   2.5957e+02
20251210_07:00:00   3.0203e+00   2.8057e+02   3.9523e+01   8.9832e-05   0.0000e+00   2.5806e+02
20251210_08:00:00   3.5520e+00   2.8621e+02   4.4536e+01   8.0305e-02   0.0000e+00   2.5739e+02
20251210_09:00:00   3.6668e+00   2.8721e+02   4.6484e+01   6.3977e-02   0.0000e+00   2.5770e+02
20251210_10:00:00   3.5228e+00   2.8620e+02   4.6267e+01   2.3595e-02   0.0000e+00   2.5728e+02
20251210_11:00:00   3.5015e+00   2.8604e+02   4.6697e+01   9.7008e-04   2.6620e-06   2.5649e+02
20251210_12:00:00   3.2461e+00   2.8376e+02   4.3528e+01   5.3760e-06   6.7440e-06   2.5671e+02
20251210_13:00:00   3.0559e+00   2.8154e+02   4.1282e+01   0.0000e+00   2.1420e-05   2.5713e+02
20251210_14:00:00   3.3311e+00   2.8450e+02   4.5400e+01   0.0000e+00   1.3384e-05   2.5756e+02
20251210_15:00:00   3.5376e+00   2.8640e+02   4.7960e+01   0.0000e+00   0.0000e+00   2.5839e+02
20251210_16:00:00   3.5649e+00   2.8667e+02   4.8658e+01   0.0000e+00   0.0000e+00   2.5765e+02
20251210_17:00:00   3.5374e+00   2.8635e+02   4.8068e+01   6.4487e-03   0.0000e+00   2.5777e+02
20251210_18:00:00   3.4644e+00   2.8563e+02   4.7407e+01   5.8317e-03   0.0000e+00   2.5588e+02
20251210_19:00:00   3.3043e+00   2.8404e+02   4.5723e+01   6.7400e-03   0.0000e+00   2.5434e+02
20251210_20:00:00   3.0012e+00   2.8026e+02   4.2116e+01   7.4554e-04   0.0000e+00   2.5471e+02
20251210_21:00:00   2.5914e+00   2.7305e+02   3.6689e+01   1.6038e-06   0.0000e+00   2.5833e+02
20251210_22:00:00   2.1456e+00   2.6102e+02   3.0576e+01   0.0000e+00   0.0000e+00   2.6085e+02
20251210_23:00:00   1.8854e+00   2.5107e+02   2.6622e+01   0.0000e+00   0.0000e+00   2.6095e+02
20251211_00:00:00   1.8184e+00   2.4814e+02   2.4824e+01   0.0000e+00   0.0000e+00   2.6082e+02
20251211_01:00:00   1.9907e+00   2.5577e+02   2.6017e+01   4.0490e-06   0.0000e+00   2.5887e+02
20251211_02:00:00   2.1102e+00   2.6034e+02   2.7585e+01   0.0000e+00   0.0000e+00   2.5422e+02
20251211_03:00:00   2.2796e+00   2.6582e+02   2.9436e+01   0.0000e+00   0.0000e+00   2.4983e+02
20251211_04:00:00   2.6343e+00   2.7445e+02   3.4013e+01   7.0020e-04   0.0000e+00   2.5082e+02
20251211_05:00:00   2.7825e+00   2.7715e+02   3.6268e+01   6.4847e-04   0.0000e+00   2.5444e+02
20251211_06:00:00   2.8387e+00   2.7799e+02   3.7355e+01   1.6123e-03   0.0000e+00   2.5700e+02
20251211_07:00:00   2.7637e+00   2.7659e+02   3.6296e+01   6.8984e-03   0.0000e+00   2.5574e+02
20251211_08:00:00   2.3413e+00   2.6662e+02   3.1766e+01   3.6120e-03   0.0000e+00   2.5401e+02
20251211_09:00:00   1.9437e+00   2.5271e+02   2.7484e+01   0.0000e+00   0.0000e+00   2.5126e+02
20251211_10:00:00   1.6933e+00   2.4129e+02   2.3469e+01   0.0000e+00   0.0000e+00   2.5138e+02
20251211_11:00:00   1.7723e+00   2.4569e+02   2.3583e+01   0.0000e+00   0.0000e+00   2.5456e+02
20251211_12:00:00   2.0014e+00   2.5603e+02   2.5951e+01   3.4720e-04   0.0000e+00   2.5668e+02
20251211_13:00:00   2.2301e+00   2.6424e+02   2.7899e+01   2.5862e-02   0.0000e+00   2.5772e+02
20251211_14:00:00   2.2803e+00   2.6584e+02   2.9616e+01   6.2120e-03   0.0000e+00   2.5846e+02
20251211_15:00:00   2.4888e+00   2.7130e+02   3.2603e+01   1.2227e-04   0.0000e+00   2.5974e+02
20251211_16:00:00   2.7738e+00   2.7709e+02   3.6053e+01   2.1773e-04   0.0000e+00   2.6210e+02
20251211_17:00:00   2.9175e+00   2.7933e+02   3.7934e+01   2.6483e-04   0.0000e+00   2.5898e+02
20251211_18:00:00   3.0228e+00   2.8092e+02   3.9451e+01   2.9638e-04   0.0000e+00   2.5595e+02
20251211_19:00:00   2.9002e+00   2.7894e+02   3.8280e+01   6.3390e-04   0.0000e+00   2.5480e+02
20251211_20:00:00   2.8086e+00   2.7745e+02   3.7172e+01   0.0000e+00   0.0000e+00   2.5343e+02
20251211_21:00:00   2.8354e+00   2.7808e+02   3.7435e+01   8.0310e-04   0.0000e+00   2.5373e+02
20251211_22:00:00   2.9262e+00   2.7969e+02   3.8491e+01   0.0000e+00   0.0000e+00   2.5275e+02
20251211_23:00:00   2.9283e+00   2.7987e+02   3.8497e+01   0.0000e+00   0.0000e+00   2.4989e+02
20251212_00:00:00   2.9140e+00   2.7962e+02   3.8513e+01   0.0000e+00   0.0000e+00   2.4783e+02
20251212_01:00:00   2.9174e+00   2.7974e+02   3.8491e+01   4.5980e-06   0.0000e+00   2.4756e+02
20251212_02:00:00   2.8607e+00   2.7876e+02   3.7826e+01   5.6160e-06   0.0000e+00   2.5048e+02
20251212_03:00:00   2.7028e+00   2.7569e+02   3.6122e+01   2.6507e-06   0.0000e+00   2.5332e+02
20251212_04:00:00   2.6422e+00   2.7434e+02   3.5456e+01   9.9060e-06   0.0000e+00   2.5279e+02
20251212_05:00:00   2.5982e+00   2.7338e+02   3.4923e+01   9.6330e-05   0.0000e+00   2.5272e+02
20251212_06:00:00   2.7683e+00   2.7679e+02   3.4796e+01   6.5059e-02   0.0000e+00   2.5429e+02
20251212_07:00:00   2.8451e+00   2.7813e+02   3.4242e+01   1.1199e-01   0.0000e+00   2.5218e+02
20251212_08:00:00   2.4306e+00   2.6947e+02   3.2705e+01   1.4443e-02   0.0000e+00   2.5136e+02
20251212_09:00:00   2.4908e+00   2.7109e+02   3.3414e+01   3.0578e-05   0.0000e+00   2.5295e+02
20251212_10:00:00   2.6262e+00   2.7412e+02   3.4600e+01   5.2998e-05   0.0000e+00   2.5395e+02
20251212_11:00:00   2.6010e+00   2.7364e+02   3.4240e+01   1.0682e-03   0.0000e+00   2.5262e+02
20251212_12:00:00   2.3427e+00   2.6726e+02   3.1240e+01   2.4752e-04   0.0000e+00   2.5476e+02
20251212_13:00:00   2.1659e+00   2.6193e+02   2.9172e+01   0.0000e+00   0.0000e+00   2.5394e+02
20251212_14:00:00   1.9905e+00   2.5555e+02   2.6904e+01   3.9790e-07   0.0000e+00   2.5232e+02
20251212_15:00:00   2.1277e+00   2.6073e+02   2.8001e+01   3.5470e-04   0.0000e+00   2.5333e+02
20251212_16:00:00   2.4867e+00   2.7121e+02   3.2256e+01   1.3300e-03   0.0000e+00   2.5515e+02
20251212_17:00:00   2.5601e+00   2.7304e+02   3.3332e+01   2.2054e-03   3.9823e-04   2.5664e+02
20251212_18:00:00   2.3870e+00   2.6878e+02   3.1692e+01   1.4835e-03   6.9864e-04   2.5499e+02
20251212_19:00:00   2.5152e+00   2.7180e+02   3.3449e+01   5.2910e-05   3.9662e-04   2.5371e+02
20251212_20:00:00   2.8789e+00   2.7881e+02   3.7879e+01   0.0000e+00   1.3384e-05   2.5298e+02
20251212_21:00:00   2.9384e+00   2.7989e+02   3.8706e+01   0.0000e+00   5.4223e-04   2.5196e+02
20251212_22:00:00   2.8157e+00   2.7803e+02   3.7418e+01   1.2471e-05   3.6835e-03   2.5185e+02
20251212_23:00:00   2.6405e+00   2.7486e+02   3.5122e+01   3.4080e-06   5.5925e-03   2.5077e+02
20251213_00:00:00   2.8483e+00   2.7866e+02   3.7176e+01   6.6040e-06   2.6422e-03   2.5119e+02
20251213_01:00:00   2.8555e+00   2.7873e+02   3.7486e+01   5.6280e-06   1.8082e-04   2.5114e+02
20251213_02:00:00   2.9580e+00   2.8022e+02   3.9054e+01   3.0060e-06   3.5360e-07   2.5208e+02
20251213_03:00:00   3.1544e+00   2.8276e+02   4.1558e+01   3.9600e-05   0.0000e+00   2.5182e+02
20251213_04:00:00   3.3186e+00   2.8442e+02   4.3842e+01   1.0564e-03   0.0000e+00   2.5100e+02
20251213_05:00:00   3.4541e+00   2.8567e+02   4.5559e+01   2.1940e-03   0.0000e+00   2.5045e+02
20251213_06:00:00   3.5693e+00   2.8655e+02   4.7231e+01   2.8840e-03   0.0000e+00   2.5002e+02
20251213_07:00:00   3.2240e+00   2.8336e+02   4.3442e+01   3.3860e-06   0.0000e+00   2.4992e+02
20251213_08:00:00   2.9404e+00   2.7966e+02   3.9908e+01   0.0000e+00   0.0000e+00   2.5010e+02
20251213_09:00:00   2.3159e+00   2.6649e+02   3.2292e+01   0.0000e+00   0.0000e+00   2.5027e+02
20251213_10:00:00   2.0846e+00   2.5892e+02   2.8953e+01   7.9580e-07   0.0000e+00   2.5046e+02
20251213_11:00:00   2.2778e+00   2.6537e+02   3.0519e+01   1.7115e-05   0.0000e+00   2.5005e+02
20251213_12:00:00   2.3663e+00   2.6797e+02   3.1721e+01   1.1937e-06   0.0000e+00   2.5047e+02
20251213_13:00:00   2.6194e+00   2.7415e+02   3.4851e+01   2.6731e-06   0.0000e+00   2.5087e+02
20251213_14:00:00   2.6749e+00   2.7531e+02   3.5846e+01   1.4326e-05   0.0000e+00   2.5158e+02
20251213_15:00:00   2.5798e+00   2.7333e+02   3.5110e+01   6.8360e-06   0.0000e+00   2.5101e+02
20251213_16:00:00   2.5691e+00   2.7307e+02   3.5131e+01   0.0000e+00   0.0000e+00   2.5166e+02
20251213_17:00:00   2.5641e+00   2.7291e+02   3.5253e+01   1.0038e-05   0.0000e+00   2.5264e+02
20251213_18:00:00   2.4993e+00   2.7135e+02   3.4728e+01   3.7650e-04   0.0000e+00   2.5276e+02
20251213_19:00:00   2.4296e+00   2.6947e+02   3.4107e+01   0.0000e+00   0.0000e+00   2.5260e+02
20251213_20:00:00   2.4190e+00   2.6909e+02   3.4069e+01   0.0000e+00   0.0000e+00   2.5171e+02
20251213_21:00:00   2.3555e+00   2.6734e+02   3.3399e+01   0.0000e+00   0.0000e+00   2.4990e+02
20251213_22:00:00   2.3502e+00   2.6712e+02   3.3162e+01   0.0000e+00   0.0000e+00   2.5054e+02
20251213_23:00:00   2.3667e+00   2.6758e+02   3.3374e+01   0.0000e+00   0.0000e+00   2.5161e+02
20251214_00:00:00   2.2618e+00   2.6465e+02   3.2047e+01   0.0000e+00   0.0000e+00   2.5167e+02
20251214_01:00:00   2.2957e+00   2.6559e+02   3.2590e+01   5.3050e-07   0.0000e+00   2.5227e+02
20251214_02:00:00   2.4960e+00   2.7086e+02   3.5072e+01   0.0000e+00   0.0000e+00   2.5292e+02
20251214_03:00:00   2.5510e+00   2.7218e+02   3.5600e+01   6.6830e-08   0.0000e+00   2.5236e+02
20251214_04:00:00   2.5178e+00   2.7141e+02   3.5277e+01   0.0000e+00   0.0000e+00   2.5176e+02
20251214_05:00:00   2.6739e+00   2.7468e+02   3.7506e+01   9.7510e-06   0.0000e+00   2.5126e+02
20251214_06:00:00   2.9773e+00   2.7988e+02   4.1235e+01   2.9012e-04   0.0000e+00   2.5017e+02
20251214_07:00:00   3.1585e+00   2.8235e+02   4.3141e+01   5.7273e-03   0.0000e+00   2.5031e+02
20251214_08:00:00   3.2743e+00   2.8376e+02   4.4644e+01   6.6830e-08   0.0000e+00   2.4981e+02
20251214_09:00:00   3.4513e+00   2.8557e+02   4.6603e+01   7.5600e-07   3.1840e-06   2.5011e+02
20251214_10:00:00   3.5472e+00   2.8640e+02   4.7824e+01   5.3250e-05   5.1380e-06   2.5065e+02
20251214_11:00:00   3.5650e+00   2.8662e+02   4.7991e+01   5.3700e-03   0.0000e+00   2.5095e+02
20251214_12:00:00   3.5714e+00   2.8671e+02   4.8315e+01   4.0680e-06   0.0000e+00   2.5128e+02
20251214_13:00:00   3.6403e+00   2.8721e+02   4.9227e+01   2.5828e-05   1.9964e-05   2.5077e+02
20251214_14:00:00   3.6511e+00   2.8728e+02   4.9368e+01   3.2780e-04   4.9803e-23   2.5116e+02
20251214_15:00:00   3.5364e+00   2.8645e+02   4.8176e+01   5.0981e-03   2.1244e-06   2.5274e+02
20251214_16:00:00   3.4635e+00   2.8598e+02   4.7742e+01   2.6954e-04   3.5360e-07   2.5352e+02
20251214_17:00:00   3.3735e+00   2.8509e+02   4.6826e+01   2.7420e-06   7.0740e-07   2.5210e+02
20251214_18:00:00   3.1657e+00   2.8270e+02   4.4345e+01   3.9040e-06   1.7684e-07   2.5028e+02
20251214_19:00:00   2.8866e+00   2.7852e+02   4.0932e+01   1.5072e-06   0.0000e+00   2.5067e+02
20251214_20:00:00   2.6651e+00   2.7452e+02   3.8119e+01   0.0000e+00   0.0000e+00   2.5158e+02
20251214_21:00:00   2.5206e+00   2.7139e+02   3.6254e+01   2.2051e-06   0.0000e+00   2.5036e+02
20251214_22:00:00   2.4269e+00   2.6916e+02   3.4929e+01   4.0100e-07   0.0000e+00   2.4939e+02
20251214_23:00:00   2.4044e+00   2.6861e+02   3.4549e+01   2.6057e-06   0.0000e+00   2.5027e+02
20251215_00:00:00   2.4188e+00   2.6894e+02   3.4718e+01   0.0000e+00   0.0000e+00   2.4996e+02
20251215_01:00:00   2.4120e+00   2.6869e+02   3.4689e+01   0.0000e+00   0.0000e+00   2.4883e+02
20251215_02:00:00   2.4474e+00   2.6950e+02   3.5181e+01   0.0000e+00   0.0000e+00   2.4959e+02
20251215_03:00:00   2.4348e+00   2.6905e+02   3.5074e+01   0.0000e+00   0.0000e+00   2.4981e+02
20251215_04:00:00   2.2942e+00   2.6508e+02   3.3369e+01   0.0000e+00   0.0000e+00   2.5040e+02
20251215_05:00:00   2.1465e+00   2.6028e+02   3.1563e+01   0.0000e+00   1.0198e-05   2.5120e+02
20251215_06:00:00   2.0602e+00   2.5711e+02   3.0480e+01   0.0000e+00   1.7820e-07   2.5169e+02
20251215_09:00:00   2.1551e+00   2.6041e+02   3.1486e+01   6.6420e-07   3.7338e-05   2.4908e+02
20251215_12:00:00   2.1186e+00   2.5932e+02   3.0872e+01   0.0000e+00   3.5855e-05   2.5094e+02
20251215_15:00:00   2.0173e+00   2.5582e+02   2.9264e+01   0.0000e+00   1.3160e-03   2.5403e+02
20251215_18:00:00   1.9920e+00   2.5487e+02   2.9059e+01   0.0000e+00   3.8235e-03   2.5767e+02
20251215_21:00:00   2.0682e+00   2.5782e+02   2.9716e+01   0.0000e+00   0.0000e+00   2.5734e+02
20251216_00:00:00   1.8982e+00   2.5120e+02   2.7189e+01   0.0000e+00   0.0000e+00   2.5974e+02
20251216_03:00:00   1.8125e+00   2.4728e+02   2.5594e+01   0.0000e+00   7.3120e-06   2.5688e+02
20251216_06:00:00   1.7905e+00   2.4639e+02   2.4280e+01   0.0000e+00   0.0000e+00   2.5825e+02
20251216_09:00:00   1.8226e+00   2.4782e+02   2.4596e+01   0.0000e+00   1.2027e-05   2.5593e+02
20251216_12:00:00   1.6189e+00   2.3746e+02   2.2038e+01   0.0000e+00   0.0000e+00   2.5621e+02
20251216_15:00:00   1.6232e+00   2.3800e+02   2.2320e+01   0.0000e+00   3.9040e-04   2.5807e+02
20251216_18:00:00   1.8690e+00   2.5022e+02   2.5970e+01   0.0000e+00   1.8978e-04   2.5657e+02
20251216_21:00:00   2.4436e+00   2.6952e+02   3.3603e+01   0.0000e+00   5.8140e-04   2.5435e+02
20251217_00:00:00   2.6772e+00   2.7476e+02   3.6392e+01   0.0000e+00   5.6325e-03   2.5452e+02
20251217_03:00:00   2.7375e+00   2.7588e+02   3.7152e+01   0.0000e+00   1.1947e-04   2.5492e+02
20251217_06:00:00   2.7877e+00   2.7665e+02   3.7646e+01   0.0000e+00   1.6686e-03   2.5026e+02
20251217_09:00:00   2.8402e+00   2.7741e+02   3.8713e+01   0.0000e+00   4.1640e-04   2.4946e+02
20251217_12:00:00   2.9118e+00   2.7852e+02   3.9737e+01   1.4896e-05   0.0000e+00   2.5025e+02
20251217_15:00:00   3.0025e+00   2.8000e+02   4.1351e+01   6.9872e-04   0.0000e+00   2.5080e+02
20251217_18:00:00   3.0947e+00   2.8126e+02   4.3000e+01   5.3488e-04   0.0000e+00   2.5069e+02
20251217_21:00:00   3.1039e+00   2.8155e+02   4.3497e+01   3.9160e-05   0.0000e+00   2.5081e+02
20251218_00:00:00   3.1865e+00   2.8271e+02   4.4478e+01   0.0000e+00   0.0000e+00   2.4909e+02
20251218_03:00:00   3.2305e+00   2.8304e+02   4.5485e+01   0.0000e+00   6.6040e-06   2.5045e+02
20251218_06:00:00   3.1997e+00   2.8265e+02   4.4908e+01   0.0000e+00   3.5640e-07   2.4755e+02
20251218_09:00:00   2.7751e+00   2.7599e+02   4.0242e+01   2.6520e-07   0.0000e+00   2.4604e+02
20251218_12:00:00   2.7556e+00   2.7588e+02   3.9716e+01   4.9530e-06   7.5960e-05   2.4516e+02
20251218_15:00:00   3.1456e+00   2.8218e+02   4.4119e+01   2.3117e-04   0.0000e+00   2.4507e+02
20251218_18:00:00   3.1439e+00   2.8195e+02   4.4821e+01   8.7090e-04   9.6360e-05   2.4712e+02
20251218_21:00:00   2.6403e+00   2.7366e+02   3.8254e+01   3.9630e-04   1.3420e-04   2.4698e+02
20251219_00:00:00   3.1434e+00   2.8221e+02   4.3687e+01   3.5640e-07   2.5259e-04   2.4548e+02
20251219_03:00:00   3.0655e+00   2.8125e+02   4.2531e+01   3.3280e-06   2.2495e-04   2.4531e+02
20251219_06:00:00   2.8117e+00   2.7693e+02   3.9895e+01   0.0000e+00   7.5000e-04   2.4599e+02
20251219_09:00:00   2.7939e+00   2.7691e+02   3.8796e+01   0.0000e+00   2.1479e-04   2.4686e+02
20251219_12:00:00   2.4386e+00   2.6947e+02   3.4046e+01   0.0000e+00   7.8876e-05   2.4760e+02
20251219_15:00:00   2.6885e+00   2.7530e+02   3.7046e+01   0.0000e+00   1.3812e-03   2.4835e+02
20251219_18:00:00   2.9500e+00   2.7947e+02   4.0242e+01   1.9343e-04   3.1839e-04   2.4938e+02
20251219_21:00:00   2.6560e+00   2.7394e+02   3.7603e+01   1.0599e-03   6.6958e-04   2.4812e+02
20251220_00:00:00   2.4273e+00   2.6885e+02   3.4818e+01   1.0638e-06   8.2762e-04   2.4729e+02
20251220_03:00:00   3.0634e+00   2.8104e+02   4.2113e+01   1.6433e-04   9.3196e-03   2.4556e+02
20251220_06:00:00   2.2239e+00   2.6224e+02   3.2608e+01   0.0000e+00   1.6802e-04   2.4517e+02
20251220_09:00:00   2.5943e+00   2.7244e+02   3.6546e+01   0.0000e+00   3.6680e-04   2.4544e+02
20251220_12:00:00   3.0207e+00   2.8000e+02   4.1771e+01   2.4640e-05   1.1144e-03   2.4649e+02
20251220_15:00:00   2.8934e+00   2.7836e+02   4.1142e+01   1.1895e-04   3.2663e-04   2.4828e+02
20251220_18:00:00   2.8073e+00   2.7700e+02   3.9834e+01   0.0000e+00   0.0000e+00   2.5033e+02
20251220_21:00:00   2.8927e+00   2.7843e+02   4.0630e+01   0.0000e+00   0.0000e+00   2.4945e+02
20251221_00:00:00   2.5953e+00   2.7257e+02   3.7431e+01   0.0000e+00   1.3208e-05   2.4750e+02
20251221_03:00:00   2.6942e+00   2.7476e+02   3.7893e+01   0.0000e+00   3.3320e-04   2.4907e+02
20251221_06:00:00   2.6945e+00   2.7461e+02   3.7881e+01   0.0000e+00   0.0000e+00   2.4996e+02
20251221_09:00:00   2.7460e+00   2.7553e+02   3.8507e+01   0.0000e+00   0.0000e+00   2.4831e+02
20251221_12:00:00   2.7455e+00   2.7541e+02   3.8600e+01   0.0000e+00   1.0614e-04   2.4918e+02
20251221_15:00:00   2.5615e+00   2.7170e+02   3.6695e+01   0.0000e+00   0.0000e+00   2.4997e+02
20251221_18:00:00   2.6511e+00   2.7379e+02   3.7863e+01   0.0000e+00   0.0000e+00   2.5007e+02
20251221_21:00:00   2.8416e+00   2.7721e+02   4.0261e+01   0.0000e+00   0.0000e+00   2.5016e+02
20251222_00:00:00   2.8410e+00   2.7711e+02   4.0398e+01   8.9100e-08   0.0000e+00   2.4905e+02
20251222_03:00:00   2.7742e+00   2.7563e+02   3.9970e+01   1.8266e-06   0.0000e+00   2.5005e+02
20251222_06:00:00   2.4540e+00   2.6808e+02   3.6958e+01   0.0000e+00   0.0000e+00   2.5050e+02
20251222_09:00:00   2.3719e+00   2.6572e+02   3.5980e+01   0.0000e+00   0.0000e+00   2.4949e+02
20251222_12:00:00   2.3433e+00   2.6496e+02   3.5550e+01   0.0000e+00   0.0000e+00   2.5072e+02
20251222_15:00:00   2.6636e+00   2.7329e+02   3.9010e+01   2.8349e-04   0.0000e+00   2.4956e+02
20251222_18:00:00   2.4053e+00   2.6672e+02   3.6862e+01   0.0000e+00   0.0000e+00   2.5099e+02
20251222_21:00:00   2.6119e+00   2.7196e+02   3.8873e+01   0.0000e+00   8.2980e-05   2.5109e+02
20251223_00:00:00   2.9257e+00   2.7815e+02   4.1910e+01   7.7820e-05   0.0000e+00   2.5091e+02
20251223_03:00:00   2.9696e+00   2.7882e+02   4.2032e+01   1.3263e-07   0.0000e+00   2.5191e+02
20251223_06:00:00   2.6698e+00   2.7354e+02   3.8445e+01   0.0000e+00   0.0000e+00   2.5378e+02
20251223_09:00:00   2.8843e+00   2.7753e+02   4.0547e+01   1.9847e-05   0.0000e+00   2.5426e+02
20251223_12:00:00   2.8270e+00   2.7684e+02   3.9388e+01   0.0000e+00   0.0000e+00   2.5537e+02
20251223_15:00:00   2.9770e+00   2.7917e+02   4.1322e+01   0.0000e+00   0.0000e+00   2.5360e+02
20251223_18:00:00   2.9040e+00   2.7804e+02   4.0411e+01   7.2370e-05   0.0000e+00   2.5424e+02
20251223_21:00:00   2.8487e+00   2.7708e+02   4.0089e+01   0.0000e+00   0.0000e+00   2.5398e+02
20251224_00:00:00   2.7395e+00   2.7522e+02   3.8433e+01   8.3550e-06   0.0000e+00   2.5483e+02
20251224_03:00:00   2.8135e+00   2.7649e+02   3.9065e+01   0.0000e+00   0.0000e+00   2.5649e+02
20251224_06:00:00   2.7886e+00   2.7586e+02   3.8843e+01   0.0000e+00   0.0000e+00   2.5518e+02
20251224_09:00:00   2.6730e+00   2.7365e+02   3.7147e+01   0.0000e+00   0.0000e+00   2.5862e+02
20251224_12:00:00   2.6769e+00   2.7386e+02   3.7244e+01   0.0000e+00   0.0000e+00   2.5788e+02
20251224_15:00:00   2.4951e+00   2.7009e+02   3.4474e+01   0.0000e+00   0.0000e+00   2.6078e+02
20251224_18:00:00   2.5747e+00   2.7165e+02   3.5993e+01   0.0000e+00   0.0000e+00   2.5983e+02
20251224_21:00:00   2.6226e+00   2.7278e+02   3.6589e+01   0.0000e+00   0.0000e+00   2.5894e+02
20251225_00:00:00   2.6672e+00   2.7350e+02   3.7271e+01   0.0000e+00   3.4000e-05   2.6116e+02
20251225_03:00:00   2.6889e+00   2.7365e+02   3.7691e+01   0.0000e+00   3.1320e-05   2.6195e+02
20251225_06:00:00   2.6893e+00   2.7348e+02   3.7859e+01   0.0000e+00   0.0000e+00   2.6369e+02
20251225_09:00:00   2.7021e+00   2.7363e+02   3.8093e+01   0.0000e+00   0.0000e+00   2.6093e+02
20251225_12:00:00   2.6862e+00   2.7344e+02   3.7898e+01   3.2940e-04   2.6420e-05   2.6121e+02
20251225_15:00:00   2.5916e+00   2.7192e+02   3.6454e+01   1.7716e-04   0.0000e+00   2.6165e+02
20251225_18:00:00   2.6880e+00   2.7352e+02   3.8025e+01   5.6960e-04   1.5108e-04   2.6070e+02
20251225_21:00:00   2.6729e+00   2.7338e+02   3.7522e+01   3.0690e-03   2.6119e-05   2.6167e+02
20251226_00:00:00   2.5861e+00   2.7176e+02   3.6416e+01   0.0000e+00   0.0000e+00   2.6076e+02
20251226_03:00:00   2.5717e+00   2.7128e+02   3.5906e+01   0.0000e+00   1.3310e-05   2.6422e+02
20251226_06:00:00   2.5306e+00   2.7035e+02   3.5285e+01   0.0000e+00   0.0000e+00   2.6728e+02
