#            date       tau255        Tb[K]      pwv[mm] lwp[kg*m^-2] iwp[kg*m^-2]       o3[DU]
20251207_12:00:00   2.3509e+00   2.6729e+02   3.1563e+01   0.0000e+00   0.0000e+00   2.5868e+02
20251207_13:00:00   2.5160e+00   2.7155e+02   3.3679e+01   0.0000e+00   0.0000e+00   2.5861e+02
20251207_14:00:00   2.5226e+00   2.7180e+02   3.3857e+01   1.2879e-04   0.0000e+00   2.5811e+02
20251207_15:00:00   2.2624e+00   2.6501e+02   3.0606e+01   2.7901e-06   0.0000e+00   2.5769e+02
20251207_16:00:00   2.3767e+00   2.6823e+02   3.1859e+01   1.6709e-06   0.0000e+00   2.5616e+02
20251207_17:00:00   2.5834e+00   2.7314e+02   3.4421e+01   0.0000e+00   0.0000e+00   2.5447e+02
20251207_18:00:00   2.3068e+00   2.6620e+02   3.1005e+01   0.0000e+00   0.0000e+00   2.5462e+02
20251207_19:00:00   2.2825e+00   2.6552e+02   3.0580e+01   0.0000e+00   0.0000e+00   2.5416e+02
20251207_20:00:00   2.4878e+00   2.7104e+02   3.2716e+01   1.4854e-05   0.0000e+00   2.5316e+02
20251207_21:00:00   2.6031e+00   2.7364e+02   3.3884e+01   2.1760e-05   0.0000e+00   2.5179e+02
20251207_22:00:00   2.6143e+00   2.7387e+02   3.3988e+01   0.0000e+00   0.0000e+00   2.5154e+02
20251207_23:00:00   2.3936e+00   2.6870e+02   3.1644e+01   0.0000e+00   0.0000e+00   2.5197e+02
20251208_00:00:00   2.5155e+00   2.7175e+02   3.2936e+01   1.0824e-05   0.0000e+00   2.5282e+02
20251208_01:00:00   2.5951e+00   2.7346e+02   3.3895e+01   8.9100e-08   0.0000e+00   2.5401e+02
20251208_02:00:00   2.8685e+00   2.7838e+02   3.6875e+01   1.9953e-02   0.0000e+00   2.5354e+02
20251208_03:00:00   2.6728e+00   2.7480e+02   3.5512e+01   2.6132e-03   0.0000e+00   2.5286e+02
20251208_04:00:00   2.0910e+00   2.5895e+02   2.8559e+01   0.0000e+00   0.0000e+00   2.5375e+02
20251208_05:00:00   1.9103e+00   2.5176e+02   2.5945e+01   0.0000e+00   0.0000e+00   2.5492e+02
20251208_06:00:00   1.7947e+00   2.4636e+02   2.4305e+01   0.0000e+00   0.0000e+00   2.5478e+02
20251208_07:00:00   1.6831e+00   2.4058e+02   2.2785e+01   0.0000e+00   0.0000e+00   2.5342e+02
20251208_08:00:00   1.5667e+00   2.3383e+02   2.1399e+01   0.0000e+00   0.0000e+00   2.5273e+02
20251208_09:00:00   1.4810e+00   2.2834e+02   2.0399e+01   0.0000e+00   0.0000e+00   2.5200e+02
20251208_10:00:00   1.4134e+00   2.2384e+02   1.9478e+01   0.0000e+00   0.0000e+00   2.5203e+02
20251208_11:00:00   1.3783e+00   2.2145e+02   1.8867e+01   0.0000e+00   0.0000e+00   2.5207e+02
20251208_12:00:00   1.4226e+00   2.2473e+02   1.9247e+01   0.0000e+00   0.0000e+00   2.5242e+02
20251208_13:00:00   1.5518e+00   2.3329e+02   2.0699e+01   0.0000e+00   0.0000e+00   2.5347e+02
20251208_14:00:00   1.7625e+00   2.4502e+02   2.3107e+01   0.0000e+00   0.0000e+00   2.5382e+02
20251208_15:00:00   1.9441e+00   2.5336e+02   2.5150e+01   1.3139e-04   0.0000e+00   2.5385e+02
20251208_16:00:00   2.0809e+00   2.5871e+02   2.6853e+01   7.4880e-04   0.0000e+00   2.5524e+02
20251208_17:00:00   2.3585e+00   2.6738e+02   2.9356e+01   3.1980e-02   0.0000e+00   2.5580e+02
20251208_18:00:00   2.7531e+00   2.7619e+02   3.1800e+01   1.0778e-01   0.0000e+00   2.5384e+02
20251208_19:00:00   2.6685e+00   2.7456e+02   3.2470e+01   6.3720e-02   0.0000e+00   2.5302e+02
20251208_20:00:00   2.5972e+00   2.7307e+02   3.3471e+01   1.4219e-02   0.0000e+00   2.5272e+02
20251208_21:00:00   2.6628e+00   2.7443e+02   3.4392e+01   1.6214e-02   0.0000e+00   2.5262e+02
20251208_22:00:00   2.6615e+00   2.7442e+02   3.5008e+01   7.1770e-04   0.0000e+00   2.5227e+02
20251208_23:00:00   2.7305e+00   2.7575e+02   3.5915e+01   5.5400e-04   0.0000e+00   2.5267e+02
20251209_00:00:00   2.7759e+00   2.7650e+02   3.6503e+01   0.0000e+00   0.0000e+00   2.5222e+02
20251209_01:00:00   2.7844e+00   2.7667e+02   3.6744e+01   0.0000e+00   0.0000e+00   2.5174e+02
20251209_02:00:00   2.7915e+00   2.7683e+02   3.6928e+01   2.1224e-06   0.0000e+00   2.5160e+02
20251209_03:00:00   2.8457e+00   2.7777e+02   3.7534e+01   1.8737e-04   0.0000e+00   2.5212e+02
20251209_04:00:00   2.7520e+00   2.7602e+02   3.6653e+01   8.6090e-04   0.0000e+00   2.5262e+02
20251209_05:00:00   2.6104e+00   2.7304e+02   3.5222e+01   3.9940e-04   0.0000e+00   2.5227e+02
20251209_06:00:00   2.6470e+00   2.7376e+02   3.5575e+01   0.0000e+00   0.0000e+00   2.5090e+02
20251209_07:00:00   2.7008e+00   2.7482e+02   3.6225e+01   1.9814e-04   0.0000e+00   2.5046e+02
20251209_08:00:00   2.6860e+00   2.7445e+02   3.6167e+01   0.0000e+00   0.0000e+00   2.5063e+02
20251209_09:00:00   2.5904e+00   2.7242e+02   3.5170e+01   4.0100e-07   0.0000e+00   2.5055e+02
20251209_10:00:00   2.5262e+00   2.7101e+02   3.4391e+01   0.0000e+00   0.0000e+00   2.5130e+02
20251209_11:00:00   2.5291e+00   2.7112e+02   3.4382e+01   0.0000e+00   0.0000e+00   2.5172e+02
20251209_12:00:00   2.5179e+00   2.7103e+02   3.4217e+01   0.0000e+00   0.0000e+00   2.5362e+02
20251209_13:00:00   2.4917e+00   2.7050e+02   3.3908e+01   0.0000e+00   0.0000e+00   2.5551e+02
20251209_14:00:00   2.4483e+00   2.6950e+02   3.3417e+01   0.0000e+00   0.0000e+00   2.5621e+02
20251209_15:00:00   2.3773e+00   2.6761e+02   3.2596e+01   0.0000e+00   0.0000e+00   2.5586e+02
20251209_16:00:00   2.2910e+00   2.6515e+02   3.1571e+01   0.0000e+00   0.0000e+00   2.5484e+02
20251209_17:00:00   2.1810e+00   2.6168e+02   3.0179e+01   0.0000e+00   0.0000e+00   2.5419e+02
20251209_18:00:00   2.0640e+00   2.5756e+02   2.8674e+01   0.0000e+00   0.0000e+00   2.5386e+02
20251209_19:00:00   1.9408e+00   2.5273e+02   2.7001e+01   0.0000e+00   0.0000e+00   2.5462e+02
20251209_20:00:00   1.8094e+00   2.4704e+02   2.5039e+01   0.0000e+00   0.0000e+00   2.5407e+02
20251209_21:00:00   1.7227e+00   2.4300e+02   2.3492e+01   0.0000e+00   0.0000e+00   2.5535e+02
20251209_22:00:00   1.6301e+00   2.3814e+02   2.2159e+01   0.0000e+00   0.0000e+00   2.5602e+02
20251209_23:00:00   1.5561e+00   2.3380e+02   2.1035e+01   0.0000e+00   0.0000e+00   2.5554e+02
20251210_00:00:00   1.5554e+00   2.3384e+02   2.0727e+01   0.0000e+00   0.0000e+00   2.5500e+02
20251210_01:00:00   1.6348e+00   2.3851e+02   2.1647e+01   2.6522e-05   0.0000e+00   2.5432e+02
20251210_02:00:00   1.8519e+00   2.4941e+02   2.4052e+01   3.0990e-03   0.0000e+00   2.5305e+02
20251210_03:00:00   2.2067e+00   2.6287e+02   2.6720e+01   5.2080e-02   0.0000e+00   2.5220e+02
20251210_04:00:00   2.4946e+00   2.7078e+02   2.9287e+01   8.3691e-02   0.0000e+00   2.5209e+02
20251210_05:00:00   2.4477e+00   2.6968e+02   3.1140e+01   1.2637e-02   0.0000e+00   2.5277e+02
20251210_06:00:00   2.6461e+00   2.7414e+02   3.3588e+01   1.8912e-02   0.0000e+00   2.5383e+02
20251210_07:00:00   2.7026e+00   2.7525e+02   3.4986e+01   3.1780e-03   0.0000e+00   2.5380e+02
20251210_08:00:00   2.6991e+00   2.7514e+02   3.5245e+01   0.0000e+00   0.0000e+00   2.5225e+02
20251210_09:00:00   2.7240e+00   2.7564e+02   3.5599e+01   0.0000e+00   0.0000e+00   2.5322e+02
20251210_10:00:00   2.7525e+00   2.7617e+02   3.6062e+01   0.0000e+00   0.0000e+00   2.5503e+02
20251210_11:00:00   2.7470e+00   2.7618e+02   3.6045e+01   1.6636e-06   0.0000e+00   2.5569e+02
20251210_12:00:00   2.8785e+00   2.7854e+02   3.7787e+01   0.0000e+00   0.0000e+00   2.5711e+02
20251210_13:00:00   3.0573e+00   2.8135e+02   4.0168e+01   8.3180e-06   0.0000e+00   2.5812e+02
20251210_14:00:00   3.2809e+00   2.8411e+02   4.3093e+01   2.0608e-03   0.0000e+00   2.5831e+02
20251210_15:00:00   3.4006e+00   2.8536e+02   4.4830e+01   1.9157e-03   0.0000e+00   2.5838e+02
20251210_16:00:00   3.3475e+00   2.8473e+02   4.4882e+01   2.1810e-03   0.0000e+00   2.5629e+02
20251210_17:00:00   3.5572e+00   2.8665e+02   4.8620e+01   0.0000e+00   0.0000e+00   2.5515e+02
20251210_18:00:00   3.6827e+00   2.8755e+02   5.0705e+01   1.2524e-03   0.0000e+00   2.5397e+02
20251210_19:00:00   3.7356e+00   2.8790e+02   5.1617e+01   5.7160e-04   0.0000e+00   2.5380e+02
20251210_20:00:00   3.7471e+00   2.8804e+02   5.1790e+01   1.6920e-04   1.5626e-21   2.5285e+02
20251210_21:00:00   3.5939e+00   2.8700e+02   4.9591e+01   9.7040e-04   0.0000e+00   2.5175e+02
20251210_22:00:00   2.8665e+00   2.7822e+02   4.1287e+01   9.2840e-06   0.0000e+00   2.5211e+02
20251210_23:00:00   2.3800e+00   2.6750e+02   3.5416e+01   0.0000e+00   0.0000e+00   2.5239e+02
20251211_00:00:00   2.4543e+00   2.6975e+02   3.5719e+01   0.0000e+00   0.0000e+00   2.5040e+02
20251211_01:00:00   2.7154e+00   2.7586e+02   3.7950e+01   6.0801e-04   0.0000e+00   2.5010e+02
20251211_02:00:00   3.1651e+00   2.8291e+02   4.2851e+01   1.1281e-04   0.0000e+00   2.4888e+02
20251211_03:00:00   3.3472e+00   2.8477e+02   4.5299e+01   8.1360e-05   0.0000e+00   2.5027e+02
20251211_04:00:00   3.4839e+00   2.8594e+02   4.7090e+01   6.7680e-05   6.7620e-22   2.5046e+02
20251211_05:00:00   3.5808e+00   2.8663e+02   4.8629e+01   5.6420e-06   0.0000e+00   2.4919e+02
20251211_06:00:00   3.1704e+00   2.8251e+02   4.4153e+01   0.0000e+00   0.0000e+00   2.5123e+02
20251211_07:00:00   2.8568e+00   2.7780e+02   4.0585e+01   0.0000e+00   0.0000e+00   2.5101e+02
20251211_08:00:00   2.7369e+00   2.7557e+02   3.8927e+01   0.0000e+00   0.0000e+00   2.5092e+02
20251211_09:00:00   2.7863e+00   2.7651e+02   3.9316e+01   4.2440e-06   0.0000e+00   2.5084e+02
20251211_10:00:00   3.0925e+00   2.8133e+02   4.2235e+01   3.5361e-07   0.0000e+00   2.5112e+02
20251211_11:00:00   3.3037e+00   2.8390e+02   4.4514e+01   5.5440e-05   0.0000e+00   2.5026e+02
20251211_12:00:00   3.2168e+00   2.8305e+02   4.3682e+01   3.0980e-07   0.0000e+00   2.5019e+02
20251211_13:00:00   3.1930e+00   2.8289e+02   4.3119e+01   4.1520e-04   0.0000e+00   2.4992e+02
20251211_14:00:00   2.9588e+00   2.8007e+02   3.9581e+01   4.2396e-03   0.0000e+00   2.5047e+02
20251211_15:00:00   2.2532e+00   2.6465e+02   3.0728e+01   9.2350e-03   0.0000e+00   2.5188e+02
20251211_16:00:00   1.8160e+00   2.4791e+02   2.5379e+01   0.0000e+00   0.0000e+00   2.5453e+02
20251211_17:00:00   1.7724e+00   2.4587e+02   2.4463e+01   0.0000e+00   0.0000e+00   2.5345e+02
20251211_18:00:00   1.6395e+00   2.3889e+02   2.2787e+01   0.0000e+00   0.0000e+00   2.5251e+02
20251211_19:00:00   1.8015e+00   2.4726e+02   2.5009e+01   0.0000e+00   0.0000e+00   2.5235e+02
20251211_20:00:00   1.9341e+00   2.5312e+02   2.6885e+01   0.0000e+00   0.0000e+00   2.5293e+02
20251211_21:00:00   1.9211e+00   2.5254e+02   2.6778e+01   0.0000e+00   0.0000e+00   2.5288e+02
20251211_22:00:00   1.8647e+00   2.5021e+02   2.5634e+01   0.0000e+00   0.0000e+00   2.5100e+02
20251211_23:00:00   2.1476e+00   2.6147e+02   2.8028e+01   3.2095e-03   0.0000e+00   2.5252e+02
20251212_00:00:00   2.2505e+00   2.6489e+02   2.9664e+01   0.0000e+00   0.0000e+00   2.5250e+02
20251212_01:00:00   2.0672e+00   2.5858e+02   2.7901e+01   8.8420e-08   0.0000e+00   2.5287e+02
20251212_02:00:00   2.0336e+00   2.5724e+02   2.7257e+01   0.0000e+00   0.0000e+00   2.5325e+02
20251212_03:00:00   2.1920e+00   2.6276e+02   2.8778e+01   1.4592e-05   0.0000e+00   2.5448e+02
20251212_04:00:00   2.4656e+00   2.7033e+02   3.2009e+01   8.0300e-04   0.0000e+00   2.5383e+02
20251212_05:00:00   2.4904e+00   2.7087e+02   3.2519e+01   9.3020e-04   0.0000e+00   2.5409e+02
20251212_06:00:00   1.8463e+00   2.4926e+02   2.5228e+01   0.0000e+00   0.0000e+00   2.5235e+02
20251212_07:00:00   1.8587e+00   2.4982e+02   2.4851e+01   1.7684e-07   0.0000e+00   2.5136e+02
20251212_08:00:00   2.2458e+00   2.6417e+02   2.9526e+01   1.3964e-04   0.0000e+00   2.5130e+02
20251212_09:00:00   2.5433e+00   2.7189e+02   3.3264e+01   1.8825e-04   0.0000e+00   2.5172e+02
20251212_10:00:00   2.4136e+00   2.6885e+02   3.1748e+01   2.1584e-03   0.0000e+00   2.5076e+02
20251212_11:00:00   2.1964e+00   2.6271e+02   2.9268e+01   2.0730e-03   0.0000e+00   2.5132e+02
20251212_12:00:00   2.2396e+00   2.6402e+02   2.9993e+01   9.9060e-06   0.0000e+00   2.5153e+02
20251212_15:00:00   2.3917e+00   2.6843e+02   3.2526e+01   0.0000e+00   0.0000e+00   2.5279e+02
20251212_18:00:00   3.1251e+00   2.8225e+02   4.0838e+01   1.8664e-02   0.0000e+00   2.5156e+02
20251212_21:00:00   2.8119e+00   2.7770e+02   3.7297e+01   9.1400e-06   0.0000e+00   2.5101e+02
20251213_00:00:00   1.6677e+00   2.4058e+02   2.3058e+01   0.0000e+00   1.7820e-07   2.5347e+02
20251213_03:00:00   2.6323e+00   2.7430e+02   3.3932e+01   4.2513e-04   3.4160e-06   2.5671e+02
20251213_06:00:00   2.9946e+00   2.8023e+02   3.9020e+01   6.6140e-04   6.7820e-04   2.5475e+02
20251213_09:00:00   2.7626e+00   2.7666e+02   3.7299e+01   8.9100e-08   4.9302e-04   2.5187e+02
20251213_12:00:00   2.5534e+00   2.7278e+02   3.3600e+01   2.5468e-05   6.0920e-04   2.5197e+02
20251213_15:00:00   3.2432e+00   2.8366e+02   4.3303e+01   5.1520e-05   2.0960e-03   2.5354e+02
20251213_18:00:00   3.0039e+00   2.8062e+02   4.0928e+01   3.0060e-06   5.3600e-04   2.5160e+02
20251213_21:00:00   1.6429e+00   2.3927e+02   2.2719e+01   0.0000e+00   0.0000e+00   2.5172e+02
20251214_00:00:00   1.9601e+00   2.5434e+02   2.5601e+01   2.1392e-03   0.0000e+00   2.5302e+02
20251214_03:00:00   2.3684e+00   2.6801e+02   3.0662e+01   6.7591e-04   6.5500e-05   2.5460e+02
20251214_06:00:00   3.0054e+00   2.8016e+02   3.8377e+01   7.4014e-03   2.3348e-05   2.5294e+02
20251214_09:00:00   2.8063e+00   2.7697e+02   3.6328e+01   1.1195e-03   7.0525e-04   2.5323e+02
20251214_12:00:00   2.6287e+00   2.7348e+02   3.3996e+01   8.3564e-03   2.0201e-03   2.5269e+02
20251214_15:00:00   1.9193e+00   2.5222e+02   2.5736e+01   0.0000e+00   3.7420e-03   2.5438e+02
20251214_18:00:00   2.0099e+00   2.5606e+02   2.6396e+01   0.0000e+00   1.3429e-03   2.5470e+02
20251214_21:00:00   1.8273e+00   2.4845e+02   2.4168e+01   0.0000e+00   0.0000e+00   2.5357e+02
20251215_00:00:00   1.8498e+00   2.4958e+02   2.4580e+01   0.0000e+00   1.5330e-05   2.5574e+02
20251215_03:00:00   2.3704e+00   2.6823e+02   3.0944e+01   1.0636e-04   0.0000e+00   2.5901e+02
20251215_06:00:00   3.2648e+00   2.8366e+02   4.4685e+01   6.8540e-06   2.7099e-04   2.5738e+02
20251215_09:00:00   3.2188e+00   2.8293e+02   4.5919e+01   0.0000e+00   2.2180e-04   2.5741e+02
20251215_12:00:00   2.3430e+00   2.6668e+02   3.4523e+01   1.3366e-07   7.1280e-08   2.6138e+02
20251215_15:00:00   1.9897e+00   2.5524e+02   2.8867e+01   0.0000e+00   0.0000e+00   2.6002e+02
20251215_18:00:00   1.9654e+00   2.5474e+02   2.6820e+01   0.0000e+00   0.0000e+00   2.6108e+02
20251215_21:00:00   2.2583e+00   2.6525e+02   2.9797e+01   0.0000e+00   0.0000e+00   2.6038e+02
20251216_00:00:00   2.2274e+00   2.6425e+02   3.0129e+01   0.0000e+00   0.0000e+00   2.6075e+02
20251216_03:00:00   2.1068e+00   2.5998e+02   2.8858e+01   0.0000e+00   0.0000e+00   2.5667e+02
20251216_06:00:00   2.1645e+00   2.6183e+02   2.9254e+01   0.0000e+00   0.0000e+00   2.5782e+02
20251216_09:00:00   2.5285e+00   2.7190e+02   3.3908e+01   0.0000e+00   0.0000e+00   2.5633e+02
20251216_12:00:00   2.8331e+00   2.7795e+02   3.8918e+01   0.0000e+00   1.1054e-04   2.5552e+02
20251216_15:00:00   2.9971e+00   2.8065e+02   4.1974e+01   2.9942e-04   6.3940e-05   2.5696e+02
20251216_18:00:00   3.1681e+00   2.8270e+02   4.4313e+01   8.3350e-04   4.4520e-05   2.5648e+02
20251216_21:00:00   2.7668e+00   2.7640e+02   4.0436e+01   0.0000e+00   0.0000e+00   2.5633e+02
20251217_00:00:00   2.9307e+00   2.7954e+02   4.1244e+01   0.0000e+00   4.1878e-04   2.5658e+02
20251217_03:00:00   2.8088e+00   2.7742e+02   3.9499e+01   4.5580e-06   8.0858e-05   2.5932e+02
20251217_06:00:00   2.9667e+00   2.7976e+02   4.1894e+01   0.0000e+00   1.0748e-03   2.6220e+02
20251217_09:00:00   2.9879e+00   2.7996e+02   4.2130e+01   0.0000e+00   3.3156e-04   2.6319e+02
20251217_12:00:00   3.0225e+00   2.8044e+02   4.2975e+01   0.0000e+00   1.9344e-03   2.6175e+02
20251217_15:00:00   3.2036e+00   2.8279e+02   4.5339e+01   6.5503e-04   1.7820e-07   2.6177e+02
20251217_18:00:00   2.9838e+00   2.8003e+02   4.2845e+01   0.0000e+00   1.3340e-04   2.5462e+02
20251217_21:00:00   2.9694e+00   2.7962e+02   4.2717e+01   1.0318e-05   3.5640e-07   2.5041e+02
20251218_00:00:00   2.9332e+00   2.7926e+02   4.2173e+01   0.0000e+00   1.3788e-03   2.4727e+02
20251218_03:00:00   2.9225e+00   2.7898e+02   4.1880e+01   0.0000e+00   5.5642e-03   2.4789e+02
20251218_06:00:00   2.6775e+00   2.7435e+02   3.9185e+01   0.0000e+00   6.5372e-03   2.4669e+02
20251218_09:00:00   2.6682e+00   2.7416e+02   3.8791e+01   0.0000e+00   3.7226e-04   2.4591e+02
20251218_12:00:00   2.5581e+00   2.7200e+02   3.6860e+01   5.1360e-04   5.9049e-03   2.4734e+02
20251218_15:00:00   2.8038e+00   2.7722e+02   3.9487e+01   2.2213e-04   6.7800e-04   2.4944e+02
20251218_18:00:00   2.7698e+00   2.7661e+02   3.9327e+01   1.3226e-04   1.4713e-03   2.4955e+02
20251218_21:00:00   3.0449e+00   2.8077e+02   4.3388e+01   0.0000e+00   1.9862e-05   2.4644e+02
20251219_00:00:00   3.0282e+00   2.8056e+02   4.3443e+01   0.0000e+00   8.8580e-05   2.4554e+02
20251219_03:00:00   3.0179e+00   2.8034e+02   4.3274e+01   1.1494e-06   1.1132e-04   2.4486e+02
20251219_06:00:00   2.9439e+00   2.7880e+02   4.2714e+01   5.6420e-04   2.3640e-05   2.4615e+02
20251219_09:00:00   2.6420e+00   2.7336e+02   3.7089e+01   1.6898e-02   3.5051e-06   2.4520e+02
20251219_12:00:00   2.7151e+00   2.7515e+02   3.7956e+01   3.2730e-04   0.0000e+00   2.4723e+02
20251219_15:00:00   2.9663e+00   2.7946e+02   4.1678e+01   5.9823e-04   0.0000e+00   2.4777e+02
20251219_18:00:00   2.1956e+00   2.6158e+02   3.3360e+01   7.9580e-07   7.6640e-06   2.4672e+02
20251219_21:00:00   2.4990e+00   2.7072e+02   3.5253e+01   1.9122e-06   6.7800e-06   2.4530e+02
20251220_00:00:00   2.5186e+00   2.7077e+02   3.6991e+01   0.0000e+00   5.1640e-05   2.4858e+02
20251220_03:00:00   2.9002e+00   2.7855e+02   4.1175e+01   0.0000e+00   0.0000e+00   2.4669e+02
20251220_06:00:00   2.2325e+00   2.6256e+02   3.3617e+01   2.3474e-05   3.1700e-05   2.4669e+02
20251220_09:00:00   2.4512e+00   2.6854e+02   3.6711e+01   0.0000e+00   0.0000e+00   2.4812e+02
20251220_12:00:00   2.8343e+00   2.7712e+02   4.0588e+01   6.5720e-06   0.0000e+00   2.4895e+02
20251220_15:00:00   2.9465e+00   2.7906e+02   4.2800e+01   9.9570e-04   0.0000e+00   2.5137e+02
20251220_18:00:00   2.4332e+00   2.6821e+02   3.7061e+01   0.0000e+00   0.0000e+00   2.5166e+02
20251220_21:00:00   2.9002e+00   2.7806e+02   4.2733e+01   0.0000e+00   6.8700e-06   2.5013e+02
20251221_00:00:00   3.0651e+00   2.8089e+02   4.4261e+01   0.0000e+00   0.0000e+00   2.5063e+02
20251221_03:00:00   2.7767e+00   2.7610e+02   4.0597e+01   0.0000e+00   0.0000e+00   2.5326e+02
20251221_06:00:00   2.2074e+00   2.6130e+02   3.3820e+01   0.0000e+00   0.0000e+00   2.5386e+02
20251221_09:00:00   2.3475e+00   2.6564e+02   3.4947e+01   0.0000e+00   0.0000e+00   2.5035e+02
20251221_12:00:00   3.0624e+00   2.8046e+02   4.3902e+01   3.3120e-06   0.0000e+00   2.4768e+02
20251221_15:00:00   3.0226e+00   2.8020e+02   4.3303e+01   0.0000e+00   0.0000e+00   2.4883e+02
20251221_18:00:00   3.1136e+00   2.8116e+02   4.4631e+01   4.2930e-04   0.0000e+00   2.5071e+02
20251221_21:00:00   3.1276e+00   2.8154e+02   4.4964e+01   0.0000e+00   0.0000e+00   2.5075e+02
20251222_00:00:00   3.1153e+00   2.8130e+02   4.4719e+01   0.0000e+00   0.0000e+00   2.4952e+02
20251222_03:00:00   2.5034e+00   2.6999e+02   3.7141e+01   0.0000e+00   0.0000e+00   2.4885e+02
20251222_06:00:00   2.8007e+00   2.7625e+02   4.0675e+01   0.0000e+00   6.7800e-06   2.4879e+02
20251222_09:00:00   2.7843e+00   2.7599e+02   4.0009e+01   0.0000e+00   0.0000e+00   2.4846e+02
20251222_12:00:00   2.9483e+00   2.7878e+02   4.2320e+01   0.0000e+00   0.0000e+00   2.4966e+02
20251222_15:00:00   3.0008e+00   2.7978e+02   4.2906e+01   3.7180e-04   0.0000e+00   2.5152e+02
20251222_18:00:00   2.6991e+00   2.7457e+02   3.9400e+01   0.0000e+00   0.0000e+00   2.5290e+02
20251222_21:00:00   2.6642e+00   2.7380e+02   3.8656e+01   0.0000e+00   0.0000e+00   2.5048e+02
20251223_00:00:00   2.7822e+00   2.7617e+02   3.9919e+01   0.0000e+00   2.8660e-04   2.4974e+02
20251223_03:00:00   2.7436e+00   2.7535e+02   3.9062e+01   0.0000e+00   5.3180e-05   2.4981e+02
20251223_06:00:00   2.7347e+00   2.7495e+02   3.8347e+01   5.2770e-04   0.0000e+00   2.5148e+02
20251223_09:00:00   2.7146e+00   2.7448e+02   3.8052e+01   1.2865e-05   0.0000e+00   2.5292e+02
20251223_12:00:00   2.6300e+00   2.7305e+02   3.6623e+01   4.9530e-06   0.0000e+00   2.5448e+02
