#            date       tau255        Tb[K]      pwv[mm] lwp[kg*m^-2] iwp[kg*m^-2]       o3[DU]
20251202_00:00:00   2.4091e+00   2.6887e+02   3.2769e+01   0.0000e+00   0.0000e+00   2.6300e+02
20251202_01:00:00   2.5688e+00   2.7246e+02   3.5032e+01   4.2420e-05   0.0000e+00   2.6286e+02
20251202_02:00:00   2.5359e+00   2.7173e+02   3.4884e+01   0.0000e+00   0.0000e+00   2.6352e+02
20251202_03:00:00   2.5694e+00   2.7237e+02   3.5462e+01   0.0000e+00   0.0000e+00   2.6301e+02
20251202_04:00:00   2.5767e+00   2.7242e+02   3.5646e+01   1.1979e-04   0.0000e+00   2.6296e+02
20251202_05:00:00   2.6525e+00   2.7393e+02   3.6638e+01   0.0000e+00   0.0000e+00   2.6387e+02
20251202_06:00:00   2.6925e+00   2.7470e+02   3.7200e+01   0.0000e+00   0.0000e+00   2.6500e+02
20251202_07:00:00   2.7599e+00   2.7591e+02   3.8016e+01   0.0000e+00   0.0000e+00   2.6605e+02
20251202_08:00:00   2.8185e+00   2.7687e+02   3.8793e+01   0.0000e+00   0.0000e+00   2.6732e+02
20251202_09:00:00   2.8258e+00   2.7704e+02   3.8797e+01   0.0000e+00   0.0000e+00   2.6496e+02
20251202_10:00:00   2.8708e+00   2.7782e+02   3.9263e+01   0.0000e+00   0.0000e+00   2.6413e+02
20251202_11:00:00   2.8673e+00   2.7776e+02   3.9166e+01   2.9823e-06   0.0000e+00   2.6571e+02
20251202_12:00:00   2.9128e+00   2.7859e+02   3.9645e+01   1.6340e-05   0.0000e+00   2.6724e+02
20251202_13:00:00   2.9927e+00   2.7988e+02   4.0668e+01   5.8560e-05   0.0000e+00   2.6797e+02
20251202_14:00:00   3.0546e+00   2.8072e+02   4.1652e+01   1.0246e-06   0.0000e+00   2.6984e+02
20251202_15:00:00   3.0909e+00   2.8120e+02   4.2301e+01   5.0171e-04   0.0000e+00   2.7003e+02
20251202_16:00:00   3.1009e+00   2.8140e+02   4.2406e+01   1.8346e-03   0.0000e+00   2.6937e+02
20251202_17:00:00   3.0844e+00   2.8120e+02   4.2272e+01   1.2977e-03   0.0000e+00   2.6998e+02
20251202_18:00:00   3.0768e+00   2.8112e+02   4.2221e+01   2.0958e-03   0.0000e+00   2.7097e+02
20251202_19:00:00   3.0728e+00   2.8102e+02   4.2364e+01   1.9632e-04   0.0000e+00   2.7074e+02
20251202_20:00:00   3.0566e+00   2.8086e+02   4.2291e+01   0.0000e+00   0.0000e+00   2.6749e+02
20251202_21:00:00   3.0334e+00   2.8054e+02   4.2174e+01   0.0000e+00   0.0000e+00   2.6433e+02
20251202_22:00:00   2.9052e+00   2.7866e+02   4.0831e+01   0.0000e+00   0.0000e+00   2.6671e+02
20251202_23:00:00   2.8779e+00   2.7813e+02   4.0524e+01   0.0000e+00   0.0000e+00   2.6680e+02
20251203_00:00:00   2.8743e+00   2.7803e+02   4.0392e+01   0.0000e+00   0.0000e+00   2.6622e+02
20251203_01:00:00   2.8957e+00   2.7839e+02   4.0531e+01   0.0000e+00   6.2380e-07   2.6578e+02
20251203_02:00:00   2.9308e+00   2.7893e+02   4.0972e+01   0.0000e+00   8.9100e-08   2.6484e+02
20251203_03:00:00   2.8687e+00   2.7785e+02   4.0333e+01   0.0000e+00   9.9820e-05   2.6499e+02
20251203_04:00:00   2.7663e+00   2.7603e+02   3.9310e+01   0.0000e+00   0.0000e+00   2.6618e+02
20251203_05:00:00   2.8596e+00   2.7756e+02   4.0471e+01   1.7684e-07   0.0000e+00   2.6639e+02
20251203_06:00:00   3.0002e+00   2.7960e+02   4.2240e+01   0.0000e+00   0.0000e+00   2.6634e+02
20251203_07:00:00   3.0888e+00   2.8059e+02   4.3602e+01   0.0000e+00   0.0000e+00   2.6682e+02
20251203_08:00:00   3.1264e+00   2.8105e+02   4.4159e+01   0.0000e+00   0.0000e+00   2.6674e+02
20251203_09:00:00   3.0088e+00   2.7961e+02   4.2888e+01   0.0000e+00   0.0000e+00   2.6833e+02
20251203_10:00:00   2.7516e+00   2.7548e+02   3.9891e+01   0.0000e+00   0.0000e+00   2.6964e+02
20251203_11:00:00   2.6749e+00   2.7406e+02   3.8795e+01   0.0000e+00   0.0000e+00   2.7126e+02
20251203_12:00:00   2.7949e+00   2.7664e+02   3.9599e+01   0.0000e+00   0.0000e+00   2.7034e+02
20251203_13:00:00   2.8214e+00   2.7746e+02   3.9679e+01   0.0000e+00   0.0000e+00   2.6947e+02
20251203_14:00:00   2.8235e+00   2.7767e+02   3.9576e+01   3.3280e-06   0.0000e+00   2.6791e+02
20251203_15:00:00   2.7677e+00   2.7674e+02   3.8776e+01   0.0000e+00   0.0000e+00   2.6731e+02
20251203_16:00:00   2.7844e+00   2.7706e+02   3.8775e+01   0.0000e+00   0.0000e+00   2.6634e+02
20251203_17:00:00   2.7854e+00   2.7716e+02   3.8654e+01   0.0000e+00   0.0000e+00   2.6555e+02
20251203_18:00:00   2.8408e+00   2.7799e+02   3.9482e+01   0.0000e+00   0.0000e+00   2.6505e+02
20251203_19:00:00   2.9034e+00   2.7898e+02   4.0312e+01   3.1690e-04   0.0000e+00   2.6493e+02
20251203_20:00:00   2.9457e+00   2.7965e+02   4.0788e+01   1.5057e-04   0.0000e+00   2.6608e+02
20251203_21:00:00   3.0153e+00   2.8059e+02   4.1715e+01   0.0000e+00   5.8280e-21   2.6586e+02
20251203_22:00:00   3.0837e+00   2.8139e+02   4.2710e+01   5.6540e-04   0.0000e+00   2.6629e+02
20251203_23:00:00   3.0837e+00   2.8151e+02   4.2703e+01   1.2386e-04   0.0000e+00   2.6578e+02
20251204_00:00:00   3.0771e+00   2.8163e+02   4.2566e+01   5.7920e-07   0.0000e+00   2.6411e+02
20251204_01:00:00   3.0990e+00   2.8185e+02   4.2862e+01   4.9530e-06   0.0000e+00   2.6219e+02
20251204_02:00:00   3.1183e+00   2.8203e+02   4.3083e+01   1.0881e-05   0.0000e+00   2.6221e+02
20251204_03:00:00   3.1393e+00   2.8218e+02   4.3500e+01   0.0000e+00   0.0000e+00   2.6131e+02
20251204_04:00:00   3.3453e+00   2.8412e+02   4.6595e+01   4.9740e-05   0.0000e+00   2.6137e+02
20251204_05:00:00   3.3800e+00   2.8436e+02   4.7676e+01   1.9932e-06   3.3840e-04   2.6137e+02
20251204_06:00:00   3.4128e+00   2.8481e+02   4.8339e+01   1.5546e-04   0.0000e+00   2.6164e+02
20251204_07:00:00   3.3686e+00   2.8441e+02   4.7990e+01   3.4670e-05   0.0000e+00   2.6130e+02
20251204_08:00:00   3.3221e+00   2.8399e+02   4.7526e+01   0.0000e+00   0.0000e+00   2.6303e+02
20251204_09:00:00   3.2573e+00   2.8334e+02   4.6715e+01   0.0000e+00   0.0000e+00   2.6369e+02
20251204_10:00:00   3.2362e+00   2.8320e+02   4.6247e+01   0.0000e+00   0.0000e+00   2.6466e+02
20251204_11:00:00   3.2654e+00   2.8350e+02   4.6477e+01   0.0000e+00   0.0000e+00   2.6616e+02
20251204_12:00:00   3.3287e+00   2.8410e+02   4.7289e+01   0.0000e+00   0.0000e+00   2.6603e+02
20251204_13:00:00   3.3232e+00   2.8415e+02   4.7292e+01   0.0000e+00   0.0000e+00   2.6439e+02
20251204_14:00:00   3.3093e+00   2.8406e+02   4.7180e+01   0.0000e+00   0.0000e+00   2.6374e+02
20251204_15:00:00   3.2617e+00   2.8360e+02   4.6759e+01   4.4920e-05   2.6048e-05   2.6377e+02
20251204_16:00:00   3.2793e+00   2.8386e+02   4.7002e+01   2.9203e-04   1.5182e-05   2.6376e+02
20251204_17:00:00   3.3036e+00   2.8402e+02   4.7757e+01   0.0000e+00   4.5700e-05   2.6440e+02
20251204_18:00:00   3.3110e+00   2.8411e+02   4.7507e+01   6.7880e-04   3.7840e-05   2.6524e+02
20251204_19:00:00   3.2207e+00   2.8314e+02   4.6390e+01   3.7930e-04   1.3224e-05   2.6526e+02
20251204_20:00:00   3.1682e+00   2.8264e+02   4.5591e+01   0.0000e+00   8.7120e-06   2.6542e+02
20251204_21:00:00   3.1971e+00   2.8314e+02   4.5614e+01   0.0000e+00   8.1580e-06   2.6445e+02
20251204_22:00:00   3.2388e+00   2.8347e+02   4.6201e+01   0.0000e+00   6.5260e-06   2.6185e+02
20251204_23:00:00   3.2455e+00   2.8367e+02   4.6057e+01   0.0000e+00   6.4690e-06   2.6024e+02
20251205_00:00:00   3.2761e+00   2.8406e+02   4.6310e+01   9.5420e-05   0.0000e+00   2.5901e+02
20251205_01:00:00   3.3072e+00   2.8427e+02   4.6882e+01   0.0000e+00   0.0000e+00   2.5840e+02
20251205_02:00:00   3.3255e+00   2.8447e+02   4.7129e+01   0.0000e+00   0.0000e+00   2.5794e+02
20251205_03:00:00   3.3325e+00   2.8457e+02   4.6915e+01   1.7820e-07   0.0000e+00   2.5827e+02
20251205_04:00:00   2.9617e+00   2.7986e+02   4.1814e+01   2.1812e-04   0.0000e+00   2.5772e+02
20251205_05:00:00   2.3450e+00   2.6711e+02   3.3511e+01   3.9620e-05   0.0000e+00   2.5888e+02
20251205_06:00:00   2.1058e+00   2.5966e+02   2.9780e+01   0.0000e+00   0.0000e+00   2.5896e+02
20251205_07:00:00   2.1386e+00   2.6041e+02   3.1276e+01   0.0000e+00   0.0000e+00   2.5897e+02
20251205_08:00:00   2.3107e+00   2.6537e+02   3.4156e+01   0.0000e+00   0.0000e+00   2.5905e+02
20251205_09:00:00   1.8885e+00   2.5020e+02   2.8208e+01   0.0000e+00   0.0000e+00   2.5984e+02
20251205_10:00:00   1.9516e+00   2.5330e+02   2.7947e+01   0.0000e+00   0.0000e+00   2.6127e+02
20251205_11:00:00   2.4560e+00   2.6995e+02   3.2891e+01   3.1838e-03   0.0000e+00   2.6060e+02
20251205_12:00:00   2.8567e+00   2.7847e+02   3.6674e+01   3.0631e-02   0.0000e+00   2.5818e+02
20251205_13:00:00   3.1402e+00   2.8294e+02   3.8551e+01   8.9945e-02   8.4530e-06   2.5714e+02
20251205_14:00:00   2.4201e+00   2.6956e+02   3.3325e+01   1.3890e-02   3.4480e-05   2.5643e+02
20251205_15:00:00   1.9049e+00   2.5168e+02   2.8444e+01   0.0000e+00   4.5010e-05   2.5674e+02
20251205_16:00:00   2.0747e+00   2.5812e+02   3.1272e+01   0.0000e+00   3.2000e-05   2.5577e+02
20251205_17:00:00   2.5340e+00   2.7167e+02   3.6851e+01   0.0000e+00   0.0000e+00   2.5544e+02
20251205_18:00:00   2.7865e+00   2.7711e+02   3.9349e+01   0.0000e+00   7.1280e-08   2.5612e+02
20251205_19:00:00   2.6826e+00   2.7541e+02   3.7538e+01   0.0000e+00   0.0000e+00   2.5581e+02
20251205_20:00:00   2.5937e+00   2.7369e+02   3.6161e+01   0.0000e+00   0.0000e+00   2.5618e+02
20251205_21:00:00   2.6129e+00   2.7407e+02   3.6556e+01   0.0000e+00   0.0000e+00   2.5496e+02
20251205_22:00:00   2.6746e+00   2.7518e+02   3.7605e+01   0.0000e+00   0.0000e+00   2.5424e+02
20251205_23:00:00   2.9145e+00   2.7936e+02   4.0887e+01   0.0000e+00   0.0000e+00   2.5460e+02
20251206_00:00:00   3.4152e+00   2.8522e+02   4.7629e+01   7.0800e-07   0.0000e+00   2.5461e+02
20251206_01:00:00   3.0552e+00   2.8120e+02   4.2699e+01   4.9000e-07   0.0000e+00   2.5509e+02
20251206_02:00:00   1.8100e+00   2.4760e+02   2.6182e+01   0.0000e+00   0.0000e+00   2.5580e+02
20251206_03:00:00   1.7905e+00   2.4668e+02   2.5221e+01   7.9250e-04   0.0000e+00   2.5470e+02
20251206_04:00:00   2.7022e+00   2.7562e+02   3.6498e+01   9.2745e-03   0.0000e+00   2.5375e+02
20251206_05:00:00   2.7493e+00   2.7653e+02   3.7052e+01   8.8695e-03   0.0000e+00   2.5308e+02
20251206_06:00:00   2.4465e+00   2.7002e+02   3.3444e+01   6.1562e-05   0.0000e+00   2.5251e+02
20251206_07:00:00   2.5408e+00   2.7205e+02   3.4651e+01   6.4823e-04   0.0000e+00   2.5294e+02
20251206_08:00:00   2.6694e+00   2.7473e+02   3.6745e+01   3.1236e-03   0.0000e+00   2.5276e+02
20251206_09:00:00   2.7356e+00   2.7602e+02   3.8012e+01   2.3726e-04   0.0000e+00   2.5266e+02
20251206_10:00:00   3.0121e+00   2.8064e+02   4.1260e+01   4.0275e-04   0.0000e+00   2.5266e+02
20251206_11:00:00   2.4602e+00   2.7026e+02   3.4314e+01   0.0000e+00   0.0000e+00   2.5354e+02
20251206_12:00:00   2.0712e+00   2.5852e+02   2.9425e+01   0.0000e+00   0.0000e+00   2.5429e+02
20251206_13:00:00   2.2984e+00   2.6609e+02   3.1856e+01   0.0000e+00   0.0000e+00   2.5397e+02
20251206_14:00:00   2.6525e+00   2.7489e+02   3.5821e+01   6.5210e-03   0.0000e+00   2.5331e+02
20251206_15:00:00   2.7019e+00   2.7597e+02   3.6552e+01   7.4910e-03   0.0000e+00   2.5347e+02
20251206_16:00:00   2.9581e+00   2.8026e+02   4.0209e+01   4.5668e-04   0.0000e+00   2.5459e+02
20251206_17:00:00   3.0800e+00   2.8198e+02   4.1236e+01   3.1884e-03   0.0000e+00   2.5447e+02
20251206_18:00:00   2.7545e+00   2.7689e+02   3.7274e+01   3.6930e-04   0.0000e+00   2.5396e+02
20251206_19:00:00   2.2344e+00   2.6449e+02   3.0758e+01   0.0000e+00   0.0000e+00   2.5380e+02
20251206_20:00:00   2.0135e+00   2.5681e+02   2.8016e+01   0.0000e+00   0.0000e+00   2.5175e+02
20251206_21:00:00   2.0248e+00   2.5719e+02   2.8105e+01   6.6830e-08   0.0000e+00   2.5039e+02
20251206_22:00:00   2.1660e+00   2.6223e+02   2.9714e+01   0.0000e+00   0.0000e+00   2.5114e+02
20251206_23:00:00   2.3940e+00   2.6891e+02   3.2850e+01   0.0000e+00   0.0000e+00   2.5284e+02
20251207_00:00:00   2.7002e+00   2.7587e+02   3.6888e+01   0.0000e+00   0.0000e+00   2.5387e+02
20251207_03:00:00   1.9585e+00   2.5424e+02   2.7671e+01   0.0000e+00   0.0000e+00   2.5780e+02
20251207_06:00:00   2.9433e+00   2.7959e+02   4.0861e+01   1.7226e-05   0.0000e+00   2.5676e+02
20251207_09:00:00   2.1753e+00   2.6195e+02   3.0985e+01   0.0000e+00   1.0692e-06   2.5621e+02
20251207_12:00:00   2.7351e+00   2.7633e+02   3.7461e+01   0.0000e+00   0.0000e+00   2.5672e+02
20251207_15:00:00   2.1183e+00   2.6022e+02   3.0537e+01   0.0000e+00   0.0000e+00   2.5907e+02
20251207_18:00:00   2.9513e+00   2.8036e+02   3.9860e+01   4.4640e-04   0.0000e+00   2.5630e+02
20251207_21:00:00   2.8729e+00   2.7912e+02   3.8961e+01   0.0000e+00   0.0000e+00   2.5329e+02
20251208_00:00:00   2.7905e+00   2.7771e+02   3.8355e+01   0.0000e+00   0.0000e+00   2.5407e+02
20251208_03:00:00   2.5561e+00   2.7296e+02   3.4419e+01   0.0000e+00   0.0000e+00   2.5621e+02
20251208_06:00:00   3.0678e+00   2.8160e+02   4.2077e+01   8.1860e-06   0.0000e+00   2.5817e+02
20251208_09:00:00   2.6837e+00   2.7536e+02   3.7476e+01   0.0000e+00   0.0000e+00   2.6010e+02
20251208_12:00:00   2.7014e+00   2.7568e+02   3.7844e+01   2.0040e-06   0.0000e+00   2.6018e+02
20251208_15:00:00   2.7846e+00   2.7750e+02   3.8847e+01   2.7778e-03   0.0000e+00   2.5659e+02
20251208_18:00:00   3.1141e+00   2.8231e+02   4.3245e+01   1.0595e-03   8.8560e-07   2.5489e+02
20251208_21:00:00   2.8382e+00   2.7841e+02   3.8900e+01   0.0000e+00   0.0000e+00   2.5612e+02
20251209_00:00:00   2.9506e+00   2.8005e+02   4.0023e+01   0.0000e+00   0.0000e+00   2.5624e+02
20251209_03:00:00   1.8684e+00   2.4989e+02   2.7714e+01   3.5360e-07   0.0000e+00   2.5651e+02
20251209_06:00:00   2.2071e+00   2.6283e+02   3.1337e+01   2.6740e-06   0.0000e+00   2.5833e+02
20251209_09:00:00   2.8800e+00   2.7836e+02   3.9521e+01   4.9660e-06   0.0000e+00   2.5984e+02
20251209_12:00:00   3.0793e+00   2.8112e+02   4.2871e+01   0.0000e+00   8.9100e-08   2.5710e+02
20251209_15:00:00   2.9290e+00   2.7907e+02   4.0658e+01   8.4446e-04   7.1000e-07   2.5609e+02
20251209_18:00:00   1.9589e+00   2.5385e+02   2.7932e+01   0.0000e+00   1.3562e-05   2.5699e+02
20251209_21:00:00   1.5583e+00   2.3381e+02   2.2241e+01   0.0000e+00   0.0000e+00   2.5612e+02
20251210_00:00:00   1.6121e+00   2.3716e+02   2.2036e+01   0.0000e+00   0.0000e+00   2.5515e+02
20251210_03:00:00   2.3091e+00   2.6626e+02   2.9898e+01   3.2535e-03   2.8740e-06   2.5613e+02
20251210_06:00:00   2.1536e+00   2.6147e+02   2.8729e+01   1.7684e-07   0.0000e+00   2.5717e+02
20251210_09:00:00   2.5397e+00   2.7168e+02   3.4491e+01   1.3109e-02   1.0032e-04   2.5628e+02
20251210_12:00:00   1.9668e+00   2.5398e+02   2.7866e+01   0.0000e+00   9.9320e-06   2.5853e+02
20251210_15:00:00   2.3187e+00   2.6695e+02   3.0782e+01   1.6522e-03   0.0000e+00   2.5815e+02
20251210_18:00:00   2.1629e+00   2.6132e+02   3.1613e+01   0.0000e+00   0.0000e+00   2.5382e+02
20251210_21:00:00   2.2798e+00   2.6504e+02   3.2594e+01   0.0000e+00   0.0000e+00   2.5253e+02
20251211_00:00:00   1.9555e+00   2.5353e+02   2.8643e+01   0.0000e+00   0.0000e+00   2.5226e+02
20251211_03:00:00   2.6520e+00   2.7468e+02   3.4899e+01   3.2840e-03   0.0000e+00   2.5296e+02
20251211_06:00:00   3.0789e+00   2.8120e+02   4.1849e+01   4.5740e-04   0.0000e+00   2.5287e+02
20251211_09:00:00   3.2200e+00   2.8261e+02   4.4687e+01   5.0100e-04   7.7800e-25   2.5109e+02
20251211_12:00:00   1.6544e+00   2.3903e+02   2.3780e+01   0.0000e+00   0.0000e+00   2.5234e+02
20251211_15:00:00   2.8686e+00   2.7859e+02   3.8710e+01   4.1801e-03   2.4760e-06   2.5249e+02
20251211_18:00:00   2.6391e+00   2.7477e+02   3.5596e+01   0.0000e+00   0.0000e+00   2.5056e+02
20251211_21:00:00   2.9015e+00   2.7934e+02   3.9341e+01   1.2474e-06   3.7160e-06   2.5177e+02
20251212_00:00:00   2.4915e+00   2.7102e+02   3.5793e+01   0.0000e+00   8.9100e-08   2.5257e+02
20251212_03:00:00   2.5721e+00   2.7272e+02   3.5859e+01   8.2540e-05   0.0000e+00   2.5333e+02
20251212_06:00:00   3.2975e+00   2.8387e+02   4.5943e+01   5.2500e-04   2.0160e-04   2.5080e+02
20251212_09:00:00   3.2168e+00   2.8305e+02   4.5201e+01   5.7920e-07   0.0000e+00   2.5030e+02
20251212_12:00:00   3.2192e+00   2.8317e+02   4.5005e+01   7.6800e-04   2.1040e-04   2.5116e+02
20251212_15:00:00   3.2154e+00   2.8345e+02   4.5130e+01   2.7940e-05   6.7221e-06   2.5195e+02
20251212_18:00:00   3.1903e+00   2.8304e+02   4.5133e+01   0.0000e+00   1.6591e-04   2.5095e+02
20251212_21:00:00   3.2046e+00   2.8324e+02   4.5022e+01   6.6560e-07   1.2006e-04   2.5080e+02
20251213_00:00:00   2.6285e+00   2.7393e+02   3.8150e+01   0.0000e+00   1.7820e-07   2.5120e+02
20251213_03:00:00   2.8314e+00   2.7782e+02   4.0350e+01   2.3695e-05   0.0000e+00   2.5277e+02
20251213_06:00:00   3.1120e+00   2.8207e+02   4.3227e+01   0.0000e+00   3.1840e-21   2.5259e+02
20251213_09:00:00   3.2308e+00   2.8314e+02   4.4991e+01   0.0000e+00   8.9900e-05   2.5219e+02
20251213_12:00:00   2.6160e+00   2.7382e+02   3.6906e+01   0.0000e+00   1.7820e-07   2.5600e+02
20251213_15:00:00   1.8213e+00   2.4758e+02   2.7232e+01   0.0000e+00   0.0000e+00   2.5632e+02
20251213_18:00:00   2.2850e+00   2.6559e+02   3.1555e+01   1.4522e-03   0.0000e+00   2.5703e+02
20251213_21:00:00   1.9794e+00   2.5461e+02   2.8472e+01   0.0000e+00   0.0000e+00   2.5742e+02
20251214_00:00:00   2.1273e+00   2.6026e+02   3.0126e+01   0.0000e+00   0.0000e+00   2.5640e+02
20251214_03:00:00   2.2913e+00   2.6528e+02   3.2807e+01   0.0000e+00   0.0000e+00   2.5733e+02
20251214_06:00:00   2.7174e+00   2.7561e+02   3.7918e+01   9.7040e-06   0.0000e+00   2.5751e+02
20251214_09:00:00   2.9693e+00   2.7980e+02   4.1301e+01   0.0000e+00   0.0000e+00   2.5713e+02
20251214_12:00:00   2.5873e+00   2.7340e+02   3.5575e+01   0.0000e+00   0.0000e+00   2.5865e+02
20251214_15:00:00   2.1240e+00   2.6037e+02   3.0283e+01   0.0000e+00   0.0000e+00   2.5767e+02
20251214_18:00:00   2.7393e+00   2.7659e+02   3.7845e+01   2.6101e-03   0.0000e+00   2.5866e+02
20251214_21:00:00   2.6521e+00   2.7476e+02   3.7413e+01   0.0000e+00   2.9600e-04   2.5945e+02
20251215_00:00:00   2.8898e+00   2.7908e+02   3.9672e+01   1.4974e-05   2.3224e-04   2.5931e+02
20251215_03:00:00   2.5143e+00   2.7137e+02   3.5905e+01   1.0024e-06   1.3512e-05   2.6046e+02
20251215_06:00:00   3.1212e+00   2.8193e+02   4.3346e+01   2.8660e-05   0.0000e+00   2.6109e+02
20251215_09:00:00   3.1404e+00   2.8192e+02   4.3612e+01   3.1540e-04   7.0100e-06   2.6125e+02
20251215_12:00:00   2.5254e+00   2.7122e+02   3.6326e+01   2.5020e-05   4.9625e-04   2.6146e+02
20251215_15:00:00   2.9103e+00   2.7923e+02   4.0521e+01   8.6143e-04   3.3165e-03   2.6184e+02
20251215_18:00:00   2.9066e+00   2.7889e+02   4.0279e+01   4.7180e-03   0.0000e+00   2.6010e+02
20251215_21:00:00   3.0974e+00   2.8151e+02   4.3160e+01   3.3460e-04   0.0000e+00   2.5920e+02
20251216_00:00:00   2.9112e+00   2.7890e+02   4.0698e+01   1.1738e-04   0.0000e+00   2.5947e+02
20251216_03:00:00   2.4711e+00   2.6982e+02   3.6025e+01   4.9530e-06   0.0000e+00   2.6096e+02
20251216_06:00:00   2.9975e+00   2.7996e+02   4.2174e+01   0.0000e+00   0.0000e+00   2.6259e+02
20251216_09:00:00   2.8943e+00   2.7830e+02   4.1249e+01   0.0000e+00   3.1920e-06   2.6475e+02
20251216_12:00:00   3.1331e+00   2.8151e+02   4.4343e+01   1.9928e-04   8.9462e-05   2.6331e+02
20251216_15:00:00   2.8661e+00   2.7773e+02   4.1601e+01   2.2120e-04   4.4658e-04   2.6221e+02
20251216_18:00:00   2.9962e+00   2.7980e+02   4.2494e+01   4.4670e-04   0.0000e+00   2.6083e+02
20251216_21:00:00   3.0363e+00   2.8009e+02   4.3065e+01   6.7520e-05   0.0000e+00   2.6142e+02
20251217_00:00:00   2.7399e+00   2.7511e+02   4.0445e+01   0.0000e+00   0.0000e+00   2.6140e+02
20251217_03:00:00   2.8395e+00   2.7709e+02   4.0794e+01   0.0000e+00   0.0000e+00   2.6345e+02
20251217_06:00:00   2.9541e+00   2.7866e+02   4.2336e+01   0.0000e+00   3.2740e-06   2.6292e+02
20251217_09:00:00   2.5735e+00   2.7114e+02   3.8620e+01   0.0000e+00   2.1600e-03   2.6172e+02
20251217_12:00:00   3.0253e+00   2.7967e+02   4.3610e+01   0.0000e+00   2.2274e-03   2.6320e+02
20251217_15:00:00   2.9937e+00   2.7938e+02   4.3080e+01   0.0000e+00   2.1840e-04   2.6759e+02
20251217_18:00:00   2.9729e+00   2.7878e+02   4.2611e+01   1.4224e-04   2.0720e-03   2.6670e+02
20251217_21:00:00   2.7837e+00   2.7587e+02   4.0256e+01   0.0000e+00   8.1556e-04   2.6532e+02
20251218_00:00:00   2.9181e+00   2.7819e+02   4.1821e+01   0.0000e+00   1.6814e-05   2.6419e+02
