#            date       tau255        Tb[K]      pwv[mm] lwp[kg*m^-2] iwp[kg*m^-2]       o3[DU]
20251204_00:00:00   3.3362e+00   2.8445e+02   4.5804e+01   0.0000e+00   0.0000e+00   2.6519e+02
20251204_01:00:00   3.3041e+00   2.8419e+02   4.5584e+01   3.4760e-05   0.0000e+00   2.6243e+02
20251204_02:00:00   3.2767e+00   2.8390e+02   4.5498e+01   4.6580e-05   1.1330e-04   2.6169e+02
20251204_03:00:00   3.2584e+00   2.8363e+02   4.5198e+01   5.8120e-05   8.7520e-05   2.6265e+02
20251204_04:00:00   3.2058e+00   2.8308e+02   4.4536e+01   5.2640e-04   2.1980e-05   2.6349e+02
20251204_05:00:00   3.1256e+00   2.8214e+02   4.3623e+01   1.2496e-03   2.8300e-07   2.6358e+02
20251204_06:00:00   3.0158e+00   2.8076e+02   4.1911e+01   3.3283e-03   0.0000e+00   2.6423e+02
20251204_07:00:00   2.9489e+00   2.7983e+02   4.0676e+01   3.4038e-03   0.0000e+00   2.6416e+02
20251204_08:00:00   3.0447e+00   2.8112e+02   4.2321e+01   0.0000e+00   0.0000e+00   2.6532e+02
20251204_09:00:00   3.3585e+00   2.8461e+02   4.6946e+01   2.9700e-05   0.0000e+00   2.6610e+02
20251204_10:00:00   3.5524e+00   2.8630e+02   4.9724e+01   5.6600e-05   0.0000e+00   2.6657e+02
20251204_11:00:00   3.5770e+00   2.8645e+02   5.0124e+01   2.0360e-04   3.3100e-04   2.6650e+02
20251204_12:00:00   3.4940e+00   2.8588e+02   4.9046e+01   9.1320e-05   3.0860e-04   2.6594e+02
20251204_13:00:00   3.3962e+00   2.8539e+02   4.7438e+01   2.1620e-05   3.3280e-05   2.6612e+02
20251204_14:00:00   3.3348e+00   2.8501e+02   4.6340e+01   0.0000e+00   0.0000e+00   2.6836e+02
20251204_15:00:00   3.3559e+00   2.8528e+02   4.6022e+01   3.7440e-04   0.0000e+00   2.6874e+02
20251204_16:00:00   3.0719e+00   2.8180e+02   4.2271e+01   5.0067e-03   4.3170e-06   2.6684e+02
20251204_17:00:00   2.5405e+00   2.7241e+02   3.5510e+01   1.4334e-03   8.4850e-06   2.6607e+02
20251204_18:00:00   2.3307e+00   2.6724e+02   3.2302e+01   0.0000e+00   4.4860e-06   2.6433e+02
20251204_19:00:00   2.4763e+00   2.7118e+02   3.3764e+01   1.1479e-04   3.3090e-05   2.6318e+02
20251204_20:00:00   2.5936e+00   2.7368e+02   3.6281e+01   0.0000e+00   2.1167e-05   2.6215e+02
20251204_21:00:00   2.7541e+00   2.7639e+02   3.9792e+01   0.0000e+00   0.0000e+00   2.6132e+02
20251204_22:00:00   2.8065e+00   2.7719e+02   4.0444e+01   5.5360e-05   0.0000e+00   2.6082e+02
20251204_23:00:00   2.7087e+00   2.7549e+02   3.8841e+01   2.2207e-06   0.0000e+00   2.6105e+02
20251205_00:00:00   2.8655e+00   2.7833e+02   4.0747e+01   0.0000e+00   8.1580e-06   2.6068e+02
20251205_01:00:00   3.1515e+00   2.8257e+02   4.3901e+01   1.4237e-05   8.7120e-06   2.6023e+02
20251205_02:00:00   3.0560e+00   2.8145e+02   4.2320e+01   2.2634e-05   0.0000e+00   2.5992e+02
20251205_03:00:00   2.3604e+00   2.6726e+02   3.4235e+01   0.0000e+00   0.0000e+00   2.6035e+02
20251205_04:00:00   1.7823e+00   2.4572e+02   2.6391e+01   0.0000e+00   2.1869e-06   2.6141e+02
20251205_05:00:00   1.8588e+00   2.4953e+02   2.6204e+01   2.1224e-06   2.1869e-06   2.6229e+02
20251205_06:00:00   2.1601e+00   2.6155e+02   2.9144e+01   7.2960e-05   2.2433e-06   2.6131e+02
20251205_07:00:00   2.4888e+00   2.7098e+02   3.3016e+01   4.9807e-03   6.5840e-06   2.6036e+02
20251205_08:00:00   2.7618e+00   2.7684e+02   3.4809e+01   5.6514e-02   1.7106e-05   2.5938e+02
20251205_09:00:00   2.3954e+00   2.6863e+02   3.2162e+01   6.4170e-03   4.8636e-06   2.5972e+02
20251205_10:00:00   2.2947e+00   2.6565e+02   3.1301e+01   0.0000e+00   3.4160e-06   2.5957e+02
20251205_11:00:00   2.3256e+00   2.6649e+02   3.1866e+01   3.7340e-05   0.0000e+00   2.5898e+02
20251205_12:00:00   2.3301e+00   2.6673e+02   3.1910e+01   3.7925e-05   0.0000e+00   2.5866e+02
20251205_13:00:00   2.4986e+00   2.7130e+02   3.3472e+01   1.9048e-05   0.0000e+00   2.5975e+02
20251205_14:00:00   2.5513e+00   2.7245e+02   3.3755e+01   5.7840e-04   0.0000e+00   2.6057e+02
20251205_15:00:00   2.2502e+00   2.6455e+02   2.9995e+01   8.7600e-04   0.0000e+00   2.6065e+02
20251205_16:00:00   1.9010e+00   2.5179e+02   2.5881e+01   0.0000e+00   0.0000e+00   2.6048e+02
20251205_17:00:00   1.7411e+00   2.4435e+02   2.3812e+01   0.0000e+00   0.0000e+00   2.6046e+02
20251205_18:00:00   1.7458e+00   2.4449e+02   2.4287e+01   0.0000e+00   0.0000e+00   2.6067e+02
20251205_19:00:00   1.9016e+00   2.5156e+02   2.6685e+01   0.0000e+00   0.0000e+00   2.6058e+02
20251205_20:00:00   2.3310e+00   2.6661e+02   3.1849e+01   0.0000e+00   0.0000e+00   2.6048e+02
20251205_21:00:00   2.9123e+00   2.7891e+02   3.8683e+01   6.7564e-04   0.0000e+00   2.6060e+02
20251205_22:00:00   2.6854e+00   2.7504e+02   3.5879e+01   0.0000e+00   0.0000e+00   2.6087e+02
20251205_23:00:00   2.2110e+00   2.6333e+02   2.9767e+01   0.0000e+00   0.0000e+00   2.6181e+02
20251206_00:00:00   1.9790e+00   2.5503e+02   2.6685e+01   0.0000e+00   0.0000e+00   2.6219e+02
20251206_01:00:00   1.7187e+00   2.4298e+02   2.3450e+01   0.0000e+00   0.0000e+00   2.6094e+02
20251206_02:00:00   1.8203e+00   2.4791e+02   2.4942e+01   0.0000e+00   0.0000e+00   2.5983e+02
20251206_03:00:00   2.2194e+00   2.6338e+02   2.9761e+01   0.0000e+00   0.0000e+00   2.6038e+02
20251206_04:00:00   2.3784e+00   2.6809e+02   3.1602e+01   8.9840e-05   0.0000e+00   2.6004e+02
20251206_05:00:00   2.2243e+00   2.6371e+02   3.0025e+01   0.0000e+00   0.0000e+00   2.5896e+02
20251206_06:00:00   2.2841e+00   2.6544e+02   3.0997e+01   1.7237e-06   0.0000e+00   2.5843e+02
20251206_07:00:00   2.6497e+00   2.7432e+02   3.5898e+01   2.4314e-04   0.0000e+00   2.5821e+02
20251206_08:00:00   2.8739e+00   2.7823e+02   3.8899e+01   5.8619e-05   0.0000e+00   2.5842e+02
20251206_09:00:00   2.8280e+00   2.7740e+02   3.8348e+01   1.7521e-05   0.0000e+00   2.5821e+02
20251206_10:00:00   2.4836e+00   2.7069e+02   3.4049e+01   8.7389e-05   0.0000e+00   2.5814e+02
20251206_11:00:00   2.8302e+00   2.7784e+02   3.7250e+01   2.5214e-02   0.0000e+00   2.5849e+02
20251206_12:00:00   3.1558e+00   2.8261e+02   3.9996e+01   7.1962e-02   0.0000e+00   2.5867e+02
20251206_13:00:00   2.9703e+00   2.8010e+02   3.8976e+01   3.2180e-02   0.0000e+00   2.5837e+02
20251206_14:00:00   2.6149e+00   2.7408e+02   3.5073e+01   2.3925e-05   0.0000e+00   2.5988e+02
20251206_15:00:00   2.2907e+00   2.6585e+02   3.2168e+01   7.7080e-06   0.0000e+00   2.6038e+02
20251206_16:00:00   2.2250e+00   2.6338e+02   3.2180e+01   0.0000e+00   0.0000e+00   2.6018e+02
20251206_17:00:00   2.4157e+00   2.6895e+02   3.3851e+01   0.0000e+00   0.0000e+00   2.5883e+02
20251206_18:00:00   2.6469e+00   2.7459e+02   3.5777e+01   4.5117e-04   0.0000e+00   2.5915e+02
20251206_19:00:00   3.0506e+00   2.8113e+02   4.1548e+01   4.9414e-04   0.0000e+00   2.5767e+02
20251206_20:00:00   3.2646e+00   2.8371e+02   4.4250e+01   1.3358e-06   0.0000e+00   2.5678e+02
20251206_21:00:00   2.6775e+00   2.7518e+02   3.6542e+01   2.2442e-03   0.0000e+00   2.5802e+02
20251206_22:00:00   1.9667e+00   2.5459e+02   2.7475e+01   0.0000e+00   0.0000e+00   2.5749e+02
20251206_23:00:00   1.8951e+00   2.5150e+02   2.6369e+01   0.0000e+00   0.0000e+00   2.5802e+02
20251207_00:00:00   1.8369e+00   2.4888e+02   2.5769e+01   1.4589e-06   0.0000e+00   2.5823e+02
20251207_01:00:00   1.7118e+00   2.4275e+02   2.4278e+01   0.0000e+00   0.0000e+00   2.5919e+02
20251207_02:00:00   1.8045e+00   2.4724e+02   2.5497e+01   0.0000e+00   0.0000e+00   2.5938e+02
20251207_03:00:00   2.0375e+00   2.5687e+02   2.8665e+01   0.0000e+00   0.0000e+00   2.5844e+02
20251207_04:00:00   2.2471e+00   2.6394e+02   3.1350e+01   8.9150e-05   0.0000e+00   2.5780e+02
20251207_05:00:00   2.5569e+00   2.7207e+02   3.4763e+01   4.1495e-03   0.0000e+00   2.5790e+02
20251207_06:00:00   2.8602e+00   2.7802e+02   3.7912e+01   1.6000e-02   0.0000e+00   2.5714e+02
20251207_07:00:00   3.0439e+00   2.8094e+02   3.9283e+01   5.1815e-02   0.0000e+00   2.5590e+02
20251207_08:00:00   2.7171e+00   2.7544e+02   3.6869e+01   1.3677e-02   0.0000e+00   2.5575e+02
20251207_09:00:00   2.5705e+00   2.7241e+02   3.5273e+01   5.9430e-04   0.0000e+00   2.5565e+02
20251207_10:00:00   2.6841e+00   2.7507e+02   3.5927e+01   4.5125e-04   0.0000e+00   2.5608e+02
20251207_11:00:00   2.8732e+00   2.7855e+02   3.8239e+01   4.8347e-04   0.0000e+00   2.5513e+02
20251207_12:00:00   2.7169e+00   2.7587e+02   3.6732e+01   2.0402e-04   0.0000e+00   2.5366e+02
20251207_13:00:00   2.4913e+00   2.7103e+02   3.4355e+01   0.0000e+00   0.0000e+00   2.5372e+02
20251207_14:00:00   2.6131e+00   2.7399e+02   3.5477e+01   0.0000e+00   0.0000e+00   2.5484e+02
20251207_15:00:00   2.5073e+00   2.7192e+02   3.3515e+01   0.0000e+00   0.0000e+00   2.5596e+02
20251207_16:00:00   2.3133e+00   2.6708e+02   3.0509e+01   0.0000e+00   0.0000e+00   2.5674e+02
20251207_17:00:00   2.2684e+00   2.6583e+02   2.9838e+01   7.0740e-07   0.0000e+00   2.5619e+02
20251207_18:00:00   2.1995e+00   2.6360e+02   2.9265e+01   1.1090e-06   0.0000e+00   2.5541e+02
20251207_19:00:00   2.0511e+00   2.5828e+02   2.7786e+01   1.7820e-07   0.0000e+00   2.5498e+02
20251207_20:00:00   2.0808e+00   2.5935e+02   2.8059e+01   0.0000e+00   0.0000e+00   2.5297e+02
20251207_21:00:00   2.3317e+00   2.6745e+02   3.0464e+01   0.0000e+00   0.0000e+00   2.5204e+02
20251207_22:00:00   2.5157e+00   2.7220e+02   3.2523e+01   0.0000e+00   0.0000e+00   2.5190e+02
20251207_23:00:00   2.5270e+00   2.7246e+02   3.3193e+01   0.0000e+00   0.0000e+00   2.5184e+02
20251208_00:00:00   2.6674e+00   2.7539e+02   3.5447e+01   0.0000e+00   0.0000e+00   2.5219e+02
20251208_01:00:00   2.8686e+00   2.7896e+02   3.8425e+01   1.1656e-04   0.0000e+00   2.5248e+02
20251208_02:00:00   2.8767e+00   2.7904e+02   3.8821e+01   4.6780e-07   0.0000e+00   2.5276e+02
20251208_03:00:00   2.8941e+00   2.7929e+02   3.9014e+01   4.7554e-04   0.0000e+00   2.5247e+02
20251208_04:00:00   2.9007e+00   2.7919e+02   3.8864e+01   2.6653e-03   0.0000e+00   2.5284e+02
20251208_05:00:00   2.7511e+00   2.7661e+02   3.7276e+01   0.0000e+00   0.0000e+00   2.5375e+02
20251208_06:00:00   2.5887e+00   2.7342e+02   3.5376e+01   0.0000e+00   0.0000e+00   2.5511e+02
20251208_07:00:00   2.7528e+00   2.7674e+02   3.7038e+01   0.0000e+00   0.0000e+00   2.5530e+02
20251208_08:00:00   2.8198e+00   2.7785e+02   3.8194e+01   0.0000e+00   0.0000e+00   2.5353e+02
20251208_09:00:00   3.0913e+00   2.8178e+02   4.2616e+01   0.0000e+00   0.0000e+00   2.5220e+02
20251208_10:00:00   3.4881e+00   2.8586e+02   4.8453e+01   0.0000e+00   5.2840e-05   2.5092e+02
20251208_11:00:00   3.5665e+00   2.8654e+02   4.9145e+01   1.0738e-04   6.6040e-06   2.5164e+02
20251208_12:00:00   3.2790e+00   2.8390e+02   4.4995e+01   1.2402e-05   0.0000e+00   2.5211e+02
20251208_13:00:00   2.9524e+00   2.7972e+02   4.0817e+01   1.5194e-05   0.0000e+00   2.5037e+02
20251208_14:00:00   2.4923e+00   2.7093e+02   3.4756e+01   5.5600e-03   0.0000e+00   2.5056e+02
20251208_15:00:00   1.9360e+00   2.5322e+02   2.7735e+01   0.0000e+00   0.0000e+00   2.5098e+02
20251208_16:00:00   1.6911e+00   2.4176e+02   2.4323e+01   0.0000e+00   0.0000e+00   2.5158e+02
20251208_17:00:00   1.6886e+00   2.4162e+02   2.4418e+01   0.0000e+00   0.0000e+00   2.5197e+02
20251208_18:00:00   1.8844e+00   2.5113e+02   2.6983e+01   0.0000e+00   0.0000e+00   2.5201e+02
20251208_19:00:00   2.2356e+00   2.6424e+02   3.1190e+01   0.0000e+00   0.0000e+00   2.5200e+02
20251208_20:00:00   2.6343e+00   2.7440e+02   3.6165e+01   0.0000e+00   0.0000e+00   2.5227e+02
20251208_21:00:00   2.7808e+00   2.7725e+02   3.8164e+01   0.0000e+00   0.0000e+00   2.5283e+02
20251208_22:00:00   2.6243e+00   2.7410e+02   3.6516e+01   0.0000e+00   0.0000e+00   2.5327e+02
20251208_23:00:00   2.4018e+00   2.6872e+02   3.3941e+01   0.0000e+00   0.0000e+00   2.5328e+02
20251209_00:00:00   2.4261e+00   2.6943e+02   3.3922e+01   1.5797e-03   0.0000e+00   2.5315e+02
20251209_03:00:00   2.1335e+00   2.6073e+02   2.9719e+01   0.0000e+00   0.0000e+00   2.5409e+02
20251209_06:00:00   1.7999e+00   2.4683e+02   2.4966e+01   0.0000e+00   0.0000e+00   2.5440e+02
20251209_09:00:00   1.7804e+00   2.4570e+02   2.4443e+01   0.0000e+00   3.6840e-06   2.5624e+02
20251209_12:00:00   1.9049e+00   2.5149e+02   2.5842e+01   0.0000e+00   8.0160e-06   2.5411e+02
20251209_15:00:00   1.8606e+00   2.4979e+02   2.5501e+01   0.0000e+00   0.0000e+00   2.5325e+02
20251209_18:00:00   1.8561e+00   2.4974e+02   2.5714e+01   0.0000e+00   0.0000e+00   2.5391e+02
20251209_21:00:00   2.7748e+00   2.7688e+02   3.7405e+01   5.6140e-05   0.0000e+00   2.5326e+02
20251210_00:00:00   2.9316e+00   2.7966e+02   4.1316e+01   1.6636e-06   0.0000e+00   2.5182e+02
20251210_03:00:00   1.8342e+00   2.4886e+02   2.5857e+01   0.0000e+00   0.0000e+00   2.5376e+02
20251210_06:00:00   2.2350e+00   2.6387e+02   3.0248e+01   3.4170e-04   0.0000e+00   2.5498e+02
20251210_09:00:00   2.6113e+00   2.7345e+02   3.4889e+01   3.1261e-02   0.0000e+00   2.5353e+02
20251210_12:00:00   3.1783e+00   2.8271e+02   4.3702e+01   1.9736e-02   0.0000e+00   2.5205e+02
20251210_15:00:00   3.4406e+00   2.8566e+02   4.8432e+01   5.6088e-04   1.6473e-03   2.5252e+02
20251210_18:00:00   3.2519e+00   2.8375e+02   4.5369e+01   1.1322e-03   2.4146e-03   2.5206e+02
20251210_21:00:00   2.4235e+00   2.6951e+02   3.3510e+01   2.4542e-04   2.9152e-04   2.5440e+02
20251211_00:00:00   2.3844e+00   2.6873e+02   3.3106e+01   7.5200e-07   8.0147e-05   2.5521e+02
20251211_03:00:00   2.3380e+00   2.6729e+02   3.2194e+01   1.7684e-07   3.3980e-05   2.5651e+02
20251211_06:00:00   2.7867e+00   2.7689e+02   3.9748e+01   0.0000e+00   1.7820e-07   2.5590e+02
20251211_09:00:00   2.4456e+00   2.7001e+02   3.3594e+01   1.1569e-02   0.0000e+00   2.5617e+02
20251211_12:00:00   3.5061e+00   2.8609e+02   4.7467e+01   1.2884e-02   5.6093e-23   2.5570e+02
20251211_15:00:00   2.3016e+00   2.6593e+02   3.3374e+01   1.1853e-03   0.0000e+00   2.5764e+02
20251211_18:00:00   2.6913e+00   2.7562e+02   3.7980e+01   7.5600e-07   0.0000e+00   2.5627e+02
20251211_21:00:00   2.8491e+00   2.7867e+02   3.8855e+01   2.0040e-04   0.0000e+00   2.5445e+02
20251212_00:00:00   3.5351e+00   2.8656e+02   4.8546e+01   3.7660e-04   2.8540e-04   2.5403e+02
20251212_03:00:00   2.8941e+00   2.7896e+02   4.1298e+01   2.2200e-04   3.3280e-06   2.5583e+02
20251212_06:00:00   2.9031e+00   2.7903e+02   3.9926e+01   6.5130e-03   0.0000e+00   2.5377e+02
20251212_09:00:00   3.4805e+00   2.8580e+02   4.7516e+01   2.4140e-03   5.6380e-05   2.5102e+02
20251212_12:00:00   3.7599e+00   2.8803e+02   5.1999e+01   6.4651e-04   1.0991e-03   2.5282e+02
20251212_15:00:00   3.5510e+00   2.8686e+02   4.8237e+01   5.9650e-03   5.1260e-05   2.5307e+02
20251212_18:00:00   2.9480e+00   2.7986e+02   4.0886e+01   4.7410e-05   0.0000e+00   2.4961e+02
20251212_21:00:00   2.5924e+00   2.7373e+02   3.4915e+01   0.0000e+00   0.0000e+00   2.4939e+02
20251213_00:00:00   2.8728e+00   2.7907e+02   3.7093e+01   3.6520e-05   0.0000e+00   2.4976e+02
20251213_03:00:00   2.8582e+00   2.7869e+02   3.7357e+01   0.0000e+00   0.0000e+00   2.5125e+02
20251213_06:00:00   2.4043e+00   2.6933e+02   3.1284e+01   7.7320e-06   0.0000e+00   2.5138e+02
20251213_09:00:00   2.5621e+00   2.7293e+02   3.3658e+01   2.6522e-07   0.0000e+00   2.5200e+02
20251213_12:00:00   2.5312e+00   2.7225e+02   3.3807e+01   0.0000e+00   0.0000e+00   2.5074e+02
20251213_15:00:00   2.3765e+00   2.6869e+02   3.2091e+01   0.0000e+00   0.0000e+00   2.4709e+02
20251213_18:00:00   2.4825e+00   2.7154e+02   3.3231e+01   0.0000e+00   0.0000e+00   2.4836e+02
20251213_21:00:00   3.0462e+00   2.8148e+02   4.2115e+01   0.0000e+00   0.0000e+00   2.4948e+02
20251214_00:00:00   2.8818e+00   2.7902e+02   3.9897e+01   0.0000e+00   3.1340e-05   2.5062e+02
20251214_03:00:00   3.1104e+00   2.8214e+02   4.2398e+01   8.3680e-05   6.1960e-07   2.5188e+02
20251214_06:00:00   3.2422e+00   2.8353e+02   4.4787e+01   1.5570e-04   7.9440e-05   2.5210e+02
20251214_09:00:00   3.2067e+00   2.8294e+02   4.4512e+01   4.4183e-04   2.6754e-04   2.5130e+02
20251214_12:00:00   3.0392e+00   2.8115e+02   4.1872e+01   4.0960e-06   2.8184e-05   2.5265e+02
20251214_15:00:00   3.0072e+00   2.8086e+02   4.1325e+01   0.0000e+00   2.6420e-05   2.5190e+02
20251214_18:00:00   3.1529e+00   2.8250e+02   4.3441e+01   7.8840e-04   2.5219e-04   2.5046e+02
20251214_21:00:00   2.9302e+00   2.7974e+02   4.0454e+01   0.0000e+00   0.0000e+00   2.4860e+02
20251215_00:00:00   2.9996e+00   2.8065e+02   4.1486e+01   4.0140e-06   4.1357e-04   2.5029e+02
20251215_03:00:00   3.2181e+00   2.8311e+02   4.4834e+01   4.7700e-05   7.0746e-04   2.5102e+02
20251215_06:00:00   3.2515e+00   2.8301e+02   4.5693e+01   5.6100e-04   5.5718e-04   2.5272e+02
20251215_09:00:00   2.3166e+00   2.6550e+02   3.4176e+01   2.8280e-05   3.9165e-04   2.5290e+02
20251215_12:00:00   2.6529e+00   2.7400e+02   3.7528e+01   0.0000e+00   0.0000e+00   2.5412e+02
20251215_15:00:00   3.0624e+00   2.8114e+02   4.2767e+01   2.0300e-04   3.7464e-04   2.5336e+02
20251215_18:00:00   2.9146e+00   2.7881e+02   4.1167e+01   4.1280e-04   3.7360e-04   2.5148e+02
20251215_21:00:00   2.8555e+00   2.7799e+02   4.0595e+01   1.1138e-04   1.6712e-05   2.4953e+02
20251216_00:00:00   2.9456e+00   2.7940e+02   4.1583e+01   3.0460e-05   1.6934e-05   2.4789e+02
20251216_03:00:00   3.0971e+00   2.8108e+02   4.3904e+01   4.1060e-04   2.3340e-04   2.4850e+02
20251216_06:00:00   3.1221e+00   2.8135e+02   4.4578e+01   0.0000e+00   1.3188e-03   2.4800e+02
20251216_09:00:00   3.2734e+00   2.8289e+02   4.6868e+01   2.1786e-04   8.5628e-04   2.4641e+02
20251216_12:00:00   3.4615e+00   2.8462e+02   4.9398e+01   1.9210e-04   2.1065e-03   2.5105e+02
20251216_15:00:00   3.4392e+00   2.8461e+02   4.9087e+01   0.0000e+00   8.4353e-03   2.5000e+02
20251216_18:00:00   3.3515e+00   2.8378e+02   4.7790e+01   2.4958e-06   7.0441e-03   2.4999e+02
20251216_21:00:00   3.2947e+00   2.8307e+02   4.6800e+01   7.9040e-05   1.7027e-02   2.4973e+02
20251217_00:00:00   3.1056e+00   2.8085e+02   4.3992e+01   1.3425e-04   4.6434e-03   2.5067e+02
20251217_03:00:00   3.0659e+00   2.8016e+02   4.3389e+01   2.3341e-04   3.8152e-03   2.5172e+02
20251217_06:00:00   3.1809e+00   2.8117e+02   4.5146e+01   4.5080e-03   7.1178e-03   2.5396e+02
20251217_09:00:00   3.2839e+00   2.8252e+02   4.6413e+01   1.7701e-02   2.6818e-03   2.5412e+02
20251217_12:00:00   3.6924e+00   2.8640e+02   4.7190e+01   1.4796e-01   2.9662e-04   2.5548e+02
20251217_15:00:00   3.5565e+00   2.8560e+02   4.7538e+01   8.7349e-02   2.3276e-04   2.5854e+02
20251217_18:00:00   3.2925e+00   2.8284e+02   4.7203e+01   7.0470e-04   8.5920e-05   2.5949e+02
20251217_21:00:00   3.2930e+00   2.8281e+02   4.7348e+01   2.7916e-05   9.2009e-04   2.5679e+02
20251218_00:00:00   3.2317e+00   2.8218e+02   4.6363e+01   1.0027e-05   1.4743e-04   2.5546e+02
20251218_03:00:00   3.2977e+00   2.8266e+02   4.7194e+01   9.6980e-05   2.1524e-04   2.5616e+02
20251218_06:00:00   3.2436e+00   2.8209e+02   4.5993e+01   1.3263e-07   5.5370e-04   2.6001e+02
20251218_09:00:00   3.2880e+00   2.8240e+02   4.6744e+01   4.8600e-03   1.0601e-03   2.6052e+02
20251218_12:00:00   3.0971e+00   2.8046e+02   4.3665e+01   3.3275e-03   0.0000e+00   2.6443e+02
20251218_15:00:00   3.1170e+00   2.8092e+02   4.3437e+01   9.3330e-04   0.0000e+00   2.6469e+02
20251218_18:00:00   3.2062e+00   2.8180e+02   4.4154e+01   1.7466e-02   0.0000e+00   2.6432e+02
20251218_21:00:00   3.4452e+00   2.8432e+02   4.4920e+01   7.4736e-02   0.0000e+00   2.6664e+02
20251219_00:00:00   3.4426e+00   2.8452e+02   4.2806e+01   1.1791e-01   0.0000e+00   2.6705e+02
20251219_03:00:00   3.0753e+00   2.8035e+02   4.1389e+01   1.4796e-02   0.0000e+00   2.7222e+02
20251219_06:00:00   3.0860e+00   2.8020e+02   4.2016e+01   2.3548e-03   0.0000e+00   2.7202e+02
20251219_09:00:00   3.1034e+00   2.8054e+02   3.8067e+01   9.0123e-02   0.0000e+00   2.6918e+02
20251219_12:00:00   1.9334e+00   2.5160e+02   2.6712e+01   0.0000e+00   0.0000e+00   2.6300e+02
20251219_15:00:00   1.9097e+00   2.5098e+02   2.5340e+01   6.8540e-04   0.0000e+00   2.6173e+02
20251219_18:00:00   1.8285e+00   2.4748e+02   2.4598e+01   0.0000e+00   0.0000e+00   2.6054e+02
20251219_21:00:00   1.7868e+00   2.4557e+02   2.4203e+01   1.9262e-04   0.0000e+00   2.6362e+02
20251220_00:00:00   2.3225e+00   2.6535e+02   3.1029e+01   4.0980e-03   0.0000e+00   2.5948e+02
