#            date       tau255        Tb[K]      pwv[mm] lwp[kg*m^-2] iwp[kg*m^-2]       o3[DU]
20251206_06:00:00   2.2695e+00   2.6459e+02   3.0998e+01   8.8060e-04   0.0000e+00   2.5669e+02
20251206_07:00:00   2.5521e+00   2.7173e+02   3.3946e+01   1.2107e-03   0.0000e+00   2.5566e+02
20251206_08:00:00   2.6652e+00   2.7401e+02   3.5377e+01   0.0000e+00   0.0000e+00   2.5464e+02
20251206_09:00:00   2.7963e+00   2.7645e+02   3.6748e+01   1.6834e-02   0.0000e+00   2.5368e+02
20251206_10:00:00   2.6869e+00   2.7461e+02   3.6218e+01   1.2382e-04   0.0000e+00   2.5419e+02
20251206_11:00:00   2.5784e+00   2.7247e+02   3.5091e+01   5.2620e-04   0.0000e+00   2.5592e+02
20251206_12:00:00   2.3899e+00   2.6817e+02   3.2262e+01   2.5865e-05   0.0000e+00   2.5767e+02
20251206_13:00:00   2.4623e+00   2.7021e+02   3.3262e+01   0.0000e+00   0.0000e+00   2.5849e+02
20251206_14:00:00   2.5140e+00   2.7155e+02   3.4041e+01   0.0000e+00   0.0000e+00   2.5842e+02
20251206_15:00:00   2.5369e+00   2.7214e+02   3.4570e+01   1.6877e-04   0.0000e+00   2.5732e+02
20251206_16:00:00   2.6410e+00   2.7441e+02   3.6165e+01   2.4002e-05   0.0000e+00   2.5696e+02
20251206_17:00:00   2.7086e+00   2.7585e+02   3.6588e+01   2.7450e-05   0.0000e+00   2.5702e+02
20251206_18:00:00   2.7875e+00   2.7733e+02   3.7608e+01   4.8160e-04   0.0000e+00   2.5543e+02
20251206_19:00:00   2.6690e+00   2.7507e+02   3.6568e+01   6.8880e-04   0.0000e+00   2.5466e+02
20251206_20:00:00   2.5610e+00   2.7261e+02   3.5923e+01   1.7684e-07   0.0000e+00   2.5328e+02
20251206_21:00:00   2.7748e+00   2.7675e+02   3.8537e+01   4.4560e-08   0.0000e+00   2.5296e+02
20251206_22:00:00   2.9331e+00   2.7941e+02   4.0142e+01   0.0000e+00   0.0000e+00   2.5278e+02
20251206_23:00:00   2.9913e+00   2.8035e+02   4.0636e+01   0.0000e+00   0.0000e+00   2.5380e+02
20251207_00:00:00   3.0657e+00   2.8125e+02   4.1262e+01   8.2655e-05   0.0000e+00   2.5574e+02
20251207_01:00:00   2.9560e+00   2.7981e+02   3.9893e+01   6.6780e-05   0.0000e+00   2.5697e+02
20251207_02:00:00   2.9963e+00   2.8028e+02   4.0727e+01   0.0000e+00   0.0000e+00   2.5741e+02
20251207_03:00:00   3.0449e+00   2.8086e+02   4.0943e+01   4.1188e-03   0.0000e+00   2.5671e+02
20251207_04:00:00   2.8120e+00   2.7747e+02   3.8277e+01   1.5650e-04   0.0000e+00   2.5708e+02
20251207_05:00:00   2.5680e+00   2.7275e+02   3.5069e+01   2.0053e-07   0.0000e+00   2.5758e+02
20251207_06:00:00   2.7774e+00   2.7679e+02   3.7619e+01   2.2038e-04   0.0000e+00   2.5768e+02
20251207_07:00:00   2.9309e+00   2.7916e+02   3.9879e+01   1.1628e-03   0.0000e+00   2.5639e+02
20251207_08:00:00   2.7663e+00   2.7649e+02   3.7870e+01   2.0880e-04   0.0000e+00   2.5659e+02
20251207_09:00:00   2.5727e+00   2.7258e+02   3.5534e+01   0.0000e+00   0.0000e+00   2.5714e+02
20251207_10:00:00   2.7311e+00   2.7591e+02   3.7014e+01   4.1610e-04   0.0000e+00   2.5820e+02
20251207_11:00:00   2.9955e+00   2.8015e+02   4.0160e+01   4.0490e-04   0.0000e+00   2.5818e+02
20251207_12:00:00   2.9360e+00   2.7929e+02   3.9378e+01   3.7280e-05   0.0000e+00   2.5857e+02
20251207_13:00:00   2.7099e+00   2.7569e+02   3.6207e+01   7.4000e-03   0.0000e+00   2.5937e+02
20251207_14:00:00   2.5916e+00   2.7346e+02   3.4841e+01   5.9400e-04   0.0000e+00   2.5997e+02
20251207_15:00:00   2.5296e+00   2.7198e+02   3.4367e+01   8.9840e-04   0.0000e+00   2.5898e+02
20251207_16:00:00   2.2808e+00   2.6546e+02   3.1426e+01   0.0000e+00   0.0000e+00   2.5727e+02
20251207_17:00:00   2.1596e+00   2.6180e+02   2.9471e+01   0.0000e+00   0.0000e+00   2.5688e+02
20251207_18:00:00   2.1931e+00   2.6300e+02   2.9572e+01   0.0000e+00   0.0000e+00   2.5734e+02
20251207_19:00:00   2.4724e+00   2.7073e+02   3.3294e+01   0.0000e+00   0.0000e+00   2.5781e+02
20251207_20:00:00   2.7249e+00   2.7608e+02   3.6463e+01   0.0000e+00   0.0000e+00   2.5378e+02
20251207_21:00:00   3.0197e+00   2.8090e+02   3.9791e+01   1.6800e-06   0.0000e+00   2.5181e+02
20251207_22:00:00   2.9905e+00   2.8045e+02   3.9771e+01   1.3661e-05   0.0000e+00   2.5169e+02
20251207_23:00:00   2.7786e+00   2.7706e+02   3.7598e+01   3.1830e-06   0.0000e+00   2.5307e+02
20251208_00:00:00   2.7865e+00   2.7733e+02   3.7210e+01   0.0000e+00   0.0000e+00   2.5461e+02
20251208_01:00:00   2.7116e+00   2.7597e+02   3.6063e+01   0.0000e+00   0.0000e+00   2.5523e+02
20251208_02:00:00   2.6686e+00   2.7508e+02   3.5413e+01   0.0000e+00   0.0000e+00   2.5551e+02
20251208_03:00:00   2.7849e+00   2.7724e+02   3.6798e+01   1.1494e-06   0.0000e+00   2.5578e+02
20251208_04:00:00   2.5036e+00   2.7115e+02   3.3940e+01   1.2454e-06   0.0000e+00   2.5698e+02
20251208_05:00:00   2.1210e+00   2.5999e+02   2.9382e+01   0.0000e+00   0.0000e+00   2.5726e+02
20251208_06:00:00   2.0044e+00   2.5553e+02   2.7928e+01   0.0000e+00   0.0000e+00   2.5656e+02
20251208_07:00:00   2.0418e+00   2.5677e+02   2.8451e+01   0.0000e+00   0.0000e+00   2.5599e+02
20251208_08:00:00   2.1330e+00   2.5991e+02   2.9482e+01   0.0000e+00   0.0000e+00   2.5564e+02
20251208_09:00:00   2.1265e+00   2.5969e+02   2.9275e+01   0.0000e+00   0.0000e+00   2.5545e+02
20251208_10:00:00   2.1686e+00   2.6125e+02   2.9535e+01   4.4870e-04   0.0000e+00   2.5438e+02
20251208_11:00:00   2.2163e+00   2.6296e+02   2.9715e+01   1.9423e-03   0.0000e+00   2.5583e+02
20251208_12:00:00   2.2684e+00   2.6470e+02   3.0173e+01   3.6992e-03   0.0000e+00   2.5597e+02
20251208_13:00:00   2.0195e+00   2.5647e+02   2.7636e+01   2.6055e-04   0.0000e+00   2.5678e+02
20251208_14:00:00   1.8151e+00   2.4795e+02   2.4989e+01   1.1947e-06   0.0000e+00   2.5552e+02
20251208_15:00:00   1.7838e+00   2.4654e+02   2.4321e+01   0.0000e+00   0.0000e+00   2.5521e+02
20251208_16:00:00   1.9583e+00   2.5422e+02   2.6206e+01   0.0000e+00   0.0000e+00   2.5550e+02
20251208_17:00:00   2.1415e+00   2.6096e+02   2.8415e+01   1.3131e-05   0.0000e+00   2.5537e+02
20251208_18:00:00   2.2875e+00   2.6565e+02   3.0113e+01   6.7543e-04   0.0000e+00   2.5412e+02
20251208_19:00:00   2.4216e+00   2.6931e+02   3.1663e+01   7.1013e-03   0.0000e+00   2.5349e+02
20251208_20:00:00   2.5212e+00   2.7152e+02   3.3213e+01   9.5180e-03   0.0000e+00   2.5372e+02
20251208_21:00:00   2.5928e+00   2.7298e+02   3.4563e+01   0.0000e+00   0.0000e+00   2.5356e+02
20251208_22:00:00   2.7282e+00   2.7566e+02   3.6172e+01   0.0000e+00   0.0000e+00   2.5217e+02
20251208_23:00:00   2.8982e+00   2.7862e+02   3.8015e+01   0.0000e+00   0.0000e+00   2.5181e+02
20251209_00:00:00   3.0388e+00   2.8084e+02   3.9541e+01   8.8420e-08   0.0000e+00   2.5209e+02
20251209_01:00:00   3.1463e+00   2.8236e+02   4.0900e+01   7.8661e-03   0.0000e+00   2.5298e+02
20251209_02:00:00   3.3503e+00   2.8450e+02   4.2273e+01   5.1975e-02   0.0000e+00   2.5442e+02
20251209_03:00:00   3.1772e+00   2.8269e+02   4.1642e+01   2.1783e-04   0.0000e+00   2.5367e+02
20251209_04:00:00   3.0467e+00   2.8100e+02   4.0205e+01   1.1027e-03   0.0000e+00   2.5241e+02
20251209_05:00:00   2.8816e+00   2.7839e+02   3.8276e+01   3.4320e-05   0.0000e+00   2.5103e+02
20251209_06:00:00   2.7981e+00   2.7691e+02   3.7324e+01   1.8089e-04   0.0000e+00   2.5004e+02
20251209_07:00:00   2.7372e+00   2.7585e+02   3.6541e+01   9.8190e-04   0.0000e+00   2.5043e+02
20251209_08:00:00   2.7023e+00   2.7530e+02   3.5937e+01   4.2800e-04   0.0000e+00   2.5226e+02
20251209_09:00:00   2.7575e+00   2.7654e+02   3.6200e+01   1.7544e-03   0.0000e+00   2.5305e+02
20251209_10:00:00   2.5710e+00   2.7269e+02   3.4032e+01   6.1071e-03   0.0000e+00   2.5428e+02
20251209_11:00:00   2.3662e+00   2.6752e+02   3.1836e+01   2.8356e-04   0.0000e+00   2.5481e+02
20251209_12:00:00   2.4366e+00   2.6969e+02   3.1525e+01   2.7180e-02   0.0000e+00   2.5499e+02
20251209_13:00:00   2.4243e+00   2.6953e+02   3.2007e+01   2.0591e-03   0.0000e+00   2.5444e+02
20251209_14:00:00   2.4627e+00   2.7060e+02   3.2238e+01   6.6480e-03   0.0000e+00   2.5368e+02
20251209_15:00:00   2.1253e+00   2.6085e+02   2.8649e+01   1.4734e-03   0.0000e+00   2.5602e+02
20251209_16:00:00   1.9260e+00   2.5315e+02   2.6199e+01   4.3780e-06   0.0000e+00   2.5645e+02
20251209_17:00:00   1.8017e+00   2.4757e+02   2.4440e+01   0.0000e+00   0.0000e+00   2.5510e+02
20251209_18:00:00   1.7873e+00   2.4689e+02   2.3804e+01   0.0000e+00   0.0000e+00   2.5506e+02
20251209_19:00:00   1.9411e+00   2.5373e+02   2.5424e+01   3.7640e-04   0.0000e+00   2.5503e+02
20251209_20:00:00   2.2967e+00   2.6604e+02   2.9260e+01   2.5753e-02   0.0000e+00   2.5362e+02
20251209_21:00:00   2.6338e+00   2.7424e+02   3.3643e+01   4.3260e-02   0.0000e+00   2.5297e+02
20251209_22:00:00   2.8769e+00   2.7864e+02   3.7569e+01   2.8049e-02   0.0000e+00   2.5211e+02
20251209_23:00:00   3.0253e+00   2.8089e+02   3.9990e+01   1.3227e-02   0.0000e+00   2.5060e+02
20251210_00:00:00   3.0866e+00   2.8176e+02   4.1175e+01   0.0000e+00   0.0000e+00   2.5018e+02
20251210_01:00:00   3.1049e+00   2.8205e+02   4.1492e+01   0.0000e+00   0.0000e+00   2.4978e+02
20251210_02:00:00   3.0956e+00   2.8186e+02   4.1433e+01   0.0000e+00   0.0000e+00   2.5039e+02
20251210_03:00:00   3.1209e+00   2.8213e+02   4.1650e+01   0.0000e+00   0.0000e+00   2.5071e+02
20251210_04:00:00   3.1015e+00   2.8185e+02   4.1543e+01   1.8712e-04   0.0000e+00   2.5216e+02
20251210_05:00:00   3.0086e+00   2.8064e+02   4.0494e+01   2.1640e-04   0.0000e+00   2.5261e+02
20251210_06:00:00   2.7448e+00   2.7636e+02   3.7202e+01   9.9060e-06   0.0000e+00   2.5227e+02
20251210_07:00:00   2.3858e+00   2.6840e+02   3.2478e+01   0.0000e+00   0.0000e+00   2.5339e+02
20251210_08:00:00   2.1180e+00   2.6016e+02   2.9604e+01   0.0000e+00   0.0000e+00   2.5392e+02
20251210_09:00:00   2.2106e+00   2.6307e+02   3.1066e+01   0.0000e+00   0.0000e+00   2.5331e+02
20251210_10:00:00   2.3006e+00   2.6580e+02   3.1875e+01   0.0000e+00   0.0000e+00   2.5368e+02
20251210_11:00:00   2.3386e+00   2.6706e+02   3.1830e+01   0.0000e+00   0.0000e+00   2.5330e+02
20251210_12:00:00   2.4303e+00   2.6963e+02   3.2649e+01   0.0000e+00   0.0000e+00   2.5365e+02
20251210_13:00:00   2.6215e+00   2.7417e+02   3.4689e+01   0.0000e+00   0.0000e+00   2.5476e+02
20251210_14:00:00   2.5727e+00   2.7313e+02   3.4418e+01   3.5190e-04   0.0000e+00   2.5557e+02
20251210_15:00:00   2.4430e+00   2.6993e+02   3.2999e+01   0.0000e+00   0.0000e+00   2.5619e+02
20251210_16:00:00   2.6635e+00   2.7493e+02   3.5480e+01   1.6874e-03   0.0000e+00   2.5573e+02
20251210_17:00:00   3.1113e+00   2.8223e+02   4.1795e+01   2.4319e-03   0.0000e+00   2.5417e+02
20251210_18:00:00   3.4593e+00   2.8577e+02   4.7585e+01   1.3509e-03   0.0000e+00   2.5251e+02
20251210_19:00:00   3.5081e+00   2.8621e+02   4.8611e+01   5.7667e-04   0.0000e+00   2.5184e+02
20251210_20:00:00   3.4860e+00   2.8599e+02   4.8541e+01   5.8880e-05   3.2500e-04   2.5168e+02
20251210_21:00:00   3.4775e+00   2.8599e+02   4.8496e+01   3.5640e-07   1.7483e-03   2.5132e+02
20251210_22:00:00   3.2269e+00   2.8347e+02   4.5270e+01   5.9840e-05   4.4936e-04   2.5071e+02
20251210_23:00:00   2.5373e+00   2.7227e+02   3.5661e+01   7.8480e-05   1.0594e-05   2.4989e+02
20251211_00:00:00   2.3685e+00   2.6818e+02   3.3024e+01   1.5826e-05   0.0000e+00   2.4963e+02
20251211_01:00:00   2.7101e+00   2.7582e+02   3.7687e+01   2.9176e-06   0.0000e+00   2.4865e+02
20251211_02:00:00   3.1574e+00   2.8265e+02   4.2790e+01   0.0000e+00   0.0000e+00   2.4822e+02
20251211_03:00:00   3.3896e+00   2.8529e+02   4.5042e+01   1.3111e-02   0.0000e+00   2.4792e+02
20251211_04:00:00   3.3427e+00   2.8481e+02   4.5082e+01   2.1841e-03   0.0000e+00   2.4815e+02
20251211_05:00:00   3.2785e+00   2.8403e+02   4.4582e+01   1.8514e-04   0.0000e+00   2.4883e+02
20251211_06:00:00   3.1996e+00   2.8297e+02   4.3894e+01   2.6522e-07   0.0000e+00   2.4933e+02
20251211_09:00:00   2.9730e+00   2.8010e+02   4.0703e+01   0.0000e+00   0.0000e+00   2.5138e+02
20251211_12:00:00   2.6261e+00   2.7420e+02   3.6360e+01   0.0000e+00   0.0000e+00   2.5163e+02
20251211_15:00:00   3.4282e+00   2.8580e+02   4.5663e+01   4.3360e-03   0.0000e+00   2.5445e+02
20251211_18:00:00   2.8175e+00   2.7796e+02   3.8254e+01   4.3590e-04   0.0000e+00   2.5377e+02
20251211_21:00:00   3.3722e+00   2.8524e+02   4.4778e+01   1.5982e-04   0.0000e+00   2.5009e+02
20251212_00:00:00   2.2691e+00   2.6517e+02   3.1964e+01   0.0000e+00   0.0000e+00   2.5286e+02
20251212_03:00:00   2.8994e+00   2.7922e+02   3.3189e+01   1.4385e-01   0.0000e+00   2.5212e+02
20251212_06:00:00   3.0580e+00   2.8143e+02   4.0200e+01   4.1642e-03   0.0000e+00   2.5327e+02
20251212_09:00:00   2.7758e+00   2.7678e+02   3.7546e+01   0.0000e+00   0.0000e+00   2.5394e+02
20251212_12:00:00   2.0928e+00   2.5925e+02   2.8963e+01   0.0000e+00   0.0000e+00   2.5404e+02
20251212_15:00:00   2.1492e+00   2.6146e+02   2.9040e+01   5.0040e-04   0.0000e+00   2.5509e+02
20251212_18:00:00   2.0783e+00   2.5865e+02   2.9893e+01   1.3263e-07   0.0000e+00   2.5415e+02
20251212_21:00:00   3.4550e+00   2.8583e+02   4.6558e+01   9.1920e-04   4.0500e-05   2.5194e+02
20251213_00:00:00   3.4029e+00   2.8544e+02   4.7197e+01   1.4974e-05   2.0145e-05   2.5176e+02
20251213_03:00:00   3.2667e+00   2.8370e+02   4.5680e+01   1.7866e-05   5.4860e-06   2.5264e+02
20251213_06:00:00   3.2709e+00   2.8354e+02   4.5236e+01   3.1998e-04   1.9815e-05   2.5474e+02
20251213_09:00:00   3.0774e+00   2.8140e+02   4.1957e+01   1.1140e-04   0.0000e+00   2.5316e+02
20251213_12:00:00   3.4151e+00   2.8517e+02   4.5846e+01   1.9486e-03   0.0000e+00   2.5200e+02
20251213_15:00:00   2.6195e+00   2.7419e+02   3.6210e+01   2.4958e-05   0.0000e+00   2.5232e+02
20251213_18:00:00   3.0624e+00   2.8157e+02   4.1194e+01   5.6774e-05   0.0000e+00   2.5201e+02
20251213_21:00:00   3.4431e+00   2.8562e+02   4.6869e+01   2.2100e-06   2.4020e-03   2.4914e+02
20251214_00:00:00   3.2490e+00   2.8388e+02   4.4696e+01   4.2440e-06   7.9173e-05   2.4975e+02
20251214_03:00:00   2.8323e+00   2.7804e+02   3.8967e+01   0.0000e+00   8.8820e-07   2.5110e+02
20251214_06:00:00   3.2340e+00   2.8337e+02   4.3524e+01   1.4006e-04   2.4243e-03   2.5193e+02
20251214_09:00:00   3.3326e+00   2.8439e+02   4.5286e+01   4.5620e-04   2.3517e-03   2.5152e+02
20251214_12:00:00   3.0462e+00   2.8115e+02   4.2466e+01   1.3310e-05   2.0404e-03   2.5323e+02
20251214_15:00:00   3.0160e+00   2.8117e+02   4.1364e+01   2.1027e-03   2.0528e-02   2.5318e+02
20251214_18:00:00   2.3374e+00   2.6731e+02   3.2136e+01   7.1000e-05   1.1760e-02   2.5398e+02
20251214_21:00:00   3.4140e+00   2.8559e+02   4.6424e+01   7.4190e-05   9.6985e-04   2.5339e+02
20251215_00:00:00   3.7374e+00   2.8831e+02   4.9051e+01   3.9742e-02   5.3180e-07   2.5418e+02
20251215_03:00:00   3.5779e+00   2.8695e+02   4.8599e+01   1.5060e-04   7.8799e-04   2.5450e+02
20251215_06:00:00   3.5529e+00   2.8636e+02   4.9479e+01   1.5270e-04   4.9774e-03   2.5295e+02
20251215_09:00:00   3.1440e+00   2.8221e+02   4.5265e+01   0.0000e+00   9.8334e-03   2.5191e+02
20251215_12:00:00   2.3122e+00   2.6561e+02   3.4004e+01   1.3263e-07   4.1693e-03   2.5522e+02
20251215_15:00:00   2.5355e+00   2.7183e+02   3.7080e+01   7.4870e-04   3.3844e-03   2.5488e+02
20251215_18:00:00   2.7509e+00   2.7653e+02   3.8900e+01   1.8391e-03   2.8265e-04   2.5159e+02
20251215_21:00:00   2.9123e+00   2.7929e+02   4.1007e+01   0.0000e+00   1.3208e-05   2.4682e+02
20251216_00:00:00   2.9797e+00   2.8013e+02   4.1785e+01   0.0000e+00   1.9862e-05   2.4813e+02
20251216_03:00:00   2.7217e+00   2.7591e+02   3.7588e+01   0.0000e+00   8.0566e-06   2.5227e+02
20251216_06:00:00   2.9190e+00   2.7890e+02   4.0527e+01   2.4958e-06   6.9480e-04   2.4923e+02
20251216_09:00:00   2.8330e+00   2.7747e+02   3.9672e+01   1.5316e-06   2.0162e-04   2.5135e+02
20251216_12:00:00   3.1103e+00   2.8143e+02   4.3882e+01   7.6040e-06   2.8460e-04   2.5700e+02
20251216_15:00:00   2.8395e+00   2.7740e+02   4.0220e+01   1.2447e-03   1.0612e-04   2.6262e+02
20251216_18:00:00   2.8413e+00   2.7763e+02   4.0010e+01   1.7369e-03   6.6540e-06   2.6496e+02
20251216_21:00:00   2.8634e+00   2.7785e+02   4.0591e+01   0.0000e+00   0.0000e+00   2.6530e+02
20251217_00:00:00   2.8840e+00   2.7821e+02   4.0053e+01   3.0780e-04   0.0000e+00   2.6802e+02
20251217_03:00:00   2.8803e+00   2.7807e+02   3.9658e+01   6.6240e-06   0.0000e+00   2.6984e+02
20251217_06:00:00   2.7409e+00   2.7544e+02   3.8075e+01   0.0000e+00   0.0000e+00   2.7168e+02
20251217_09:00:00   2.6188e+00   2.7258e+02   3.7759e+01   0.0000e+00   1.3266e-04   2.6997e+02
20251217_12:00:00   2.2139e+00   2.6207e+02   3.2318e+01   0.0000e+00   6.6040e-06   2.7008e+02
20251217_15:00:00   2.1998e+00   2.6214e+02   3.1190e+01   5.9890e-05   1.0238e-03   2.6810e+02
20251217_18:00:00   2.2014e+00   2.6253e+02   3.0897e+01   0.0000e+00   2.7800e-04   2.6686e+02
20251217_21:00:00   2.1327e+00   2.6024e+02   3.0218e+01   0.0000e+00   1.0346e-03   2.6345e+02
20251218_00:00:00   2.4245e+00   2.6890e+02   3.3671e+01   0.0000e+00   4.0035e-03   2.6031e+02
20251218_03:00:00   2.6968e+00   2.7475e+02   3.7907e+01   0.0000e+00   6.7744e-03   2.5871e+02
20251218_06:00:00   2.9904e+00   2.7936e+02   4.2871e+01   1.6598e-05   1.1884e-02   2.5433e+02
20251218_09:00:00   3.0909e+00   2.8052e+02   4.4471e+01   1.3298e-07   1.7483e-03   2.5147e+02
20251218_12:00:00   3.1331e+00   2.8116e+02   4.5127e+01   2.3083e-05   2.1878e-04   2.5234e+02
20251218_15:00:00   3.2047e+00   2.8229e+02   4.6045e+01   4.1670e-04   4.1850e-03   2.5119e+02
20251218_18:00:00   3.2312e+00   2.8254e+02   4.6588e+01   4.2842e-04   3.7379e-03   2.5092e+02
20251218_21:00:00   2.7974e+00   2.7601e+02   4.2112e+01   0.0000e+00   2.4660e-03   2.4864e+02
20251219_00:00:00   3.1916e+00   2.8221e+02   4.5830e+01   2.3120e-04   2.2237e-03   2.4902e+02
20251219_03:00:00   2.9312e+00   2.7859e+02   4.2882e+01   0.0000e+00   4.7341e-03   2.4899e+02
20251219_06:00:00   2.6965e+00   2.7413e+02   3.9989e+01   2.6959e-06   1.7578e-04   2.4617e+02
20251219_09:00:00   2.6127e+00   2.7243e+02   3.8741e+01   0.0000e+00   4.3483e-06   2.4813e+02
20251219_12:00:00   2.7749e+00   2.7606e+02   4.0021e+01   5.8195e-05   0.0000e+00   2.5059e+02
20251219_15:00:00   3.0420e+00   2.8080e+02   4.1579e+01   8.9676e-03   0.0000e+00   2.5135e+02
20251219_18:00:00   2.8394e+00   2.7755e+02   3.8403e+01   2.7342e-02   0.0000e+00   2.5093e+02
20251219_21:00:00   2.3012e+00   2.6517e+02   3.3466e+01   0.0000e+00   6.8548e-05   2.4960e+02
20251220_00:00:00   2.0999e+00   2.5859e+02   3.1154e+01   4.4220e-07   0.0000e+00   2.4789e+02
20251220_03:00:00   2.3311e+00   2.6577e+02   3.4220e+01   1.4322e-05   4.5000e-04   2.4932e+02
20251220_06:00:00   2.5000e+00   2.7010e+02   3.6247e+01   0.0000e+00   2.3300e-05   2.5174e+02
20251220_09:00:00   2.3940e+00   2.6738e+02   3.5001e+01   0.0000e+00   6.6196e-05   2.5312e+02
20251220_12:00:00   2.4126e+00   2.6810e+02   3.4973e+01   3.3191e-05   5.0400e-05   2.5648e+02
20251220_15:00:00   2.7809e+00   2.7678e+02   3.8663e+01   7.5360e-04   9.8080e-05   2.6066e+02
20251220_18:00:00   3.1880e+00   2.8269e+02   4.4038e+01   1.7701e-03   5.3820e-05   2.6258e+02
20251220_21:00:00   2.5470e+00   2.7183e+02   3.6611e+01   0.0000e+00   1.6712e-05   2.6236e+02
20251221_00:00:00   2.5206e+00   2.7090e+02   3.6927e+01   0.0000e+00   1.2380e-05   2.6164e+02
20251221_03:00:00   3.1174e+00   2.8158e+02   4.3664e+01   1.2852e-06   2.3276e-03   2.6302e+02
20251221_06:00:00   2.7551e+00   2.7578e+02   3.9483e+01   0.0000e+00   2.8859e-04   2.6286e+02
20251221_09:00:00   2.4868e+00   2.7021e+02   3.5111e+01   2.1840e-04   1.7018e-04   2.6211e+02
20251221_12:00:00   3.1806e+00   2.8243e+02   4.3985e+01   1.2378e-06   4.6020e-04   2.6026e+02
20251221_15:00:00   2.8412e+00   2.7769e+02   4.0055e+01   1.7266e-03   2.2860e-04   2.6052e+02
20251221_18:00:00   2.5631e+00   2.7228e+02   3.6692e+01   1.9965e-05   2.2960e-04   2.5424e+02
20251221_21:00:00   2.5305e+00   2.7175e+02   3.5180e+01   0.0000e+00   6.9580e-06   2.5138e+02
20251222_00:00:00   2.9686e+00   2.7991e+02   4.0667e+01   0.0000e+00   0.0000e+00   2.5116e+02
20251222_03:00:00   2.5997e+00   2.7300e+02   3.6635e+01   0.0000e+00   5.1180e-05   2.5188e+02
20251222_06:00:00   2.9690e+00   2.7963e+02   4.1089e+01   0.0000e+00   0.0000e+00   2.5285e+02
