#            date       tau255        Tb[K]      pwv[mm] lwp[kg*m^-2] iwp[kg*m^-2]       o3[DU]
20251206_12:00:00   2.3570e+00   2.6730e+02   3.1806e+01   3.1500e-04   0.0000e+00   2.5895e+02
20251206_13:00:00   2.4087e+00   2.6886e+02   3.2589e+01   1.4561e-05   0.0000e+00   2.6071e+02
20251206_14:00:00   2.4645e+00   2.7042e+02   3.3370e+01   0.0000e+00   0.0000e+00   2.6162e+02
20251206_15:00:00   2.5353e+00   2.7213e+02   3.4691e+01   0.0000e+00   0.0000e+00   2.6171e+02
20251206_16:00:00   2.7298e+00   2.7605e+02   3.7640e+01   0.0000e+00   0.0000e+00   2.6167e+02
20251206_17:00:00   2.6989e+00   2.7548e+02   3.6843e+01   4.2420e-05   0.0000e+00   2.6296e+02
20251206_18:00:00   2.7213e+00   2.7594e+02   3.6912e+01   0.0000e+00   0.0000e+00   2.6143e+02
20251206_19:00:00   2.7842e+00   2.7704e+02   3.8056e+01   4.9910e-06   0.0000e+00   2.5937e+02
20251206_20:00:00   2.8654e+00   2.7840e+02   3.9596e+01   0.0000e+00   0.0000e+00   2.5442e+02
20251206_21:00:00   2.9986e+00   2.8035e+02   4.0938e+01   4.9030e-04   0.0000e+00   2.5155e+02
20251206_22:00:00   3.0143e+00   2.8063e+02   4.0853e+01   0.0000e+00   0.0000e+00   2.5067e+02
20251206_23:00:00   3.0356e+00   2.8092e+02   4.0982e+01   8.0120e-04   0.0000e+00   2.5042e+02
20251207_00:00:00   3.0478e+00   2.8102e+02   4.0919e+01   3.8880e-04   0.0000e+00   2.5255e+02
20251207_01:00:00   3.0227e+00   2.8066e+02   4.0554e+01   3.1410e-06   0.0000e+00   2.5408e+02
20251207_02:00:00   2.9775e+00   2.8000e+02   3.9953e+01   1.7383e-04   0.0000e+00   2.5573e+02
20251207_03:00:00   2.9858e+00   2.8001e+02   4.0068e+01   5.7852e-04   0.0000e+00   2.5519e+02
20251207_04:00:00   2.8486e+00   2.7792e+02   3.8534e+01   2.0917e-04   0.0000e+00   2.5615e+02
20251207_05:00:00   2.5194e+00   2.7152e+02   3.4513e+01   0.0000e+00   0.0000e+00   2.5886e+02
20251207_06:00:00   2.5947e+00   2.7328e+02   3.5013e+01   4.4448e-05   0.0000e+00   2.6082e+02
20251207_07:00:00   2.6750e+00   2.7483e+02   3.6248e+01   1.0458e-04   0.0000e+00   2.6182e+02
20251207_08:00:00   2.4929e+00   2.7079e+02   3.4355e+01   2.6057e-06   0.0000e+00   2.6001e+02
20251207_09:00:00   2.3848e+00   2.6785e+02   3.3138e+01   0.0000e+00   0.0000e+00   2.5847e+02
20251207_10:00:00   2.4510e+00   2.6960e+02   3.3794e+01   4.1668e-07   0.0000e+00   2.5829e+02
20251207_11:00:00   2.5307e+00   2.7162e+02   3.4551e+01   0.0000e+00   0.0000e+00   2.5887e+02
20251207_12:00:00   2.6771e+00   2.7480e+02   3.6177e+01   0.0000e+00   0.0000e+00   2.6000e+02
20251207_13:00:00   2.7233e+00   2.7579e+02   3.6743e+01   5.5710e-05   0.0000e+00   2.6099e+02
20251207_14:00:00   2.7176e+00   2.7573e+02   3.6936e+01   1.2702e-03   0.0000e+00   2.6121e+02
20251207_15:00:00   2.4789e+00   2.7053e+02   3.4103e+01   2.1440e-05   0.0000e+00   2.6208e+02
20251207_16:00:00   2.2384e+00   2.6417e+02   3.0647e+01   0.0000e+00   0.0000e+00   2.6081e+02
20251207_17:00:00   2.2903e+00   2.6584e+02   3.0697e+01   0.0000e+00   0.0000e+00   2.5877e+02
20251207_18:00:00   2.4580e+00   2.7031e+02   3.2750e+01   0.0000e+00   0.0000e+00   2.5758e+02
20251207_19:00:00   2.5785e+00   2.7309e+02   3.4131e+01   9.9060e-06   0.0000e+00   2.5643e+02
20251207_20:00:00   2.7424e+00   2.7635e+02   3.5969e+01   1.6871e-04   0.0000e+00   2.5615e+02
20251207_21:00:00   2.9027e+00   2.7900e+02   3.8264e+01   2.2760e-04   0.0000e+00   2.5388e+02
20251207_22:00:00   2.9713e+00   2.7972e+02   3.9353e+01   2.8940e-04   0.0000e+00   2.5407e+02
20251207_23:00:00   3.0405e+00   2.8076e+02   4.0217e+01   1.0884e-02   0.0000e+00   2.5547e+02
20251208_00:00:00   2.7170e+00   2.7580e+02   3.6650e+01   1.7178e-03   0.0000e+00   2.5653e+02
20251208_01:00:00   2.5824e+00   2.7332e+02   3.4453e+01   0.0000e+00   0.0000e+00   2.5833e+02
20251208_02:00:00   2.4723e+00   2.7070e+02   3.3166e+01   0.0000e+00   0.0000e+00   2.5753e+02
20251208_03:00:00   2.4449e+00   2.6978e+02   3.3028e+01   7.8048e-05   0.0000e+00   2.5649e+02
20251208_04:00:00   2.3936e+00   2.6840e+02   3.2384e+01   1.9952e-06   0.0000e+00   2.5633e+02
20251208_05:00:00   2.2377e+00   2.6372e+02   3.0602e+01   0.0000e+00   0.0000e+00   2.5520e+02
20251208_06:00:00   2.2300e+00   2.6335e+02   3.0426e+01   0.0000e+00   0.0000e+00   2.5339e+02
20251208_07:00:00   2.2904e+00   2.6508e+02   3.0974e+01   0.0000e+00   0.0000e+00   2.5276e+02
20251208_08:00:00   2.2598e+00   2.6419e+02   3.0606e+01   0.0000e+00   0.0000e+00   2.5228e+02
20251208_09:00:00   2.0660e+00   2.5774e+02   2.8218e+01   0.0000e+00   0.0000e+00   2.5192e+02
20251208_10:00:00   1.8632e+00   2.4953e+02   2.5492e+01   0.0000e+00   0.0000e+00   2.5244e+02
20251208_11:00:00   1.6732e+00   2.4012e+02   2.2981e+01   0.0000e+00   0.0000e+00   2.5375e+02
20251208_12:00:00   1.5821e+00   2.3497e+02   2.1789e+01   0.0000e+00   0.0000e+00   2.5385e+02
20251208_13:00:00   1.5792e+00   2.3486e+02   2.1691e+01   0.0000e+00   0.0000e+00   2.5418e+02
20251208_14:00:00   1.7406e+00   2.4384e+02   2.3451e+01   0.0000e+00   0.0000e+00   2.5467e+02
20251208_15:00:00   1.9691e+00   2.5425e+02   2.5878e+01   5.9430e-05   0.0000e+00   2.5687e+02
20251208_16:00:00   2.1848e+00   2.6226e+02   2.7644e+01   2.4013e-02   0.0000e+00   2.5711e+02
20251208_17:00:00   2.3723e+00   2.6792e+02   2.9382e+01   3.9860e-02   0.0000e+00   2.5547e+02
20251208_18:00:00   2.4077e+00   2.6897e+02   3.1123e+01   2.2667e-03   0.0000e+00   2.5454e+02
20251208_19:00:00   2.5888e+00   2.7322e+02   3.3700e+01   7.8690e-04   0.0000e+00   2.5433e+02
20251208_20:00:00   2.7012e+00   2.7543e+02   3.5034e+01   6.3700e-05   0.0000e+00   2.5482e+02
20251208_21:00:00   2.7641e+00   2.7661e+02   3.5879e+01   4.1040e-04   0.0000e+00   2.5480e+02
20251208_22:00:00   2.8364e+00   2.7789e+02   3.6495e+01   7.8840e-03   0.0000e+00   2.5540e+02
20251208_23:00:00   2.8969e+00   2.7886e+02   3.7162e+01   9.0510e-03   0.0000e+00   2.5381e+02
20251209_00:00:00   2.9164e+00   2.7925e+02   3.7812e+01   6.6997e-04   0.0000e+00   2.5213e+02
20251209_01:00:00   2.9893e+00   2.8034e+02   3.8464e+01   1.3741e-02   0.0000e+00   2.5079e+02
20251209_02:00:00   2.8792e+00   2.7866e+02   3.7698e+01   2.4300e-03   0.0000e+00   2.5102e+02
20251209_03:00:00   2.7671e+00   2.7655e+02   3.6649e+01   3.4650e-04   0.0000e+00   2.5144e+02
20251209_04:00:00   2.7225e+00   2.7558e+02   3.6249e+01   1.3365e-07   0.0000e+00   2.5217e+02
20251209_05:00:00   2.7678e+00   2.7644e+02   3.6595e+01   0.0000e+00   0.0000e+00   2.5164e+02
20251209_06:00:00   2.8796e+00   2.7843e+02   3.7734e+01   8.2540e-05   0.0000e+00   2.4949e+02
20251209_07:00:00   3.0410e+00   2.8077e+02   3.9765e+01   5.1433e-04   0.0000e+00   2.4772e+02
20251209_08:00:00   3.0751e+00   2.8124e+02   4.0391e+01   1.5831e-05   0.0000e+00   2.4817e+02
20251209_09:00:00   2.7269e+00   2.7548e+02   3.6912e+01   4.1377e-05   0.0000e+00   2.5071e+02
20251209_10:00:00   2.4936e+00   2.7041e+02   3.4271e+01   3.1180e-07   0.0000e+00   2.5185e+02
20251209_11:00:00   2.4327e+00   2.6901e+02   3.3319e+01   0.0000e+00   0.0000e+00   2.5211e+02
20251209_12:00:00   2.3759e+00   2.6770e+02   3.2421e+01   1.3263e-07   0.0000e+00   2.5315e+02
20251209_13:00:00   2.3524e+00   2.6727e+02   3.1922e+01   0.0000e+00   0.0000e+00   2.5422e+02
20251209_14:00:00   2.2414e+00   2.6418e+02   3.0443e+01   0.0000e+00   0.0000e+00   2.5455e+02
20251209_15:00:00   2.0823e+00   2.5892e+02   2.8255e+01   0.0000e+00   0.0000e+00   2.5541e+02
20251209_16:00:00   1.9425e+00   2.5360e+02   2.6146e+01   0.0000e+00   0.0000e+00   2.5643e+02
20251209_17:00:00   1.8820e+00   2.5115e+02   2.5010e+01   0.0000e+00   0.0000e+00   2.5620e+02
20251209_18:00:00   1.8502e+00   2.4981e+02   2.4401e+01   0.0000e+00   0.0000e+00   2.5485e+02
20251209_19:00:00   1.8577e+00   2.5015e+02   2.4424e+01   0.0000e+00   0.0000e+00   2.5304e+02
20251209_20:00:00   1.9304e+00   2.5330e+02   2.5365e+01   2.2019e-05   0.0000e+00   2.5277e+02
20251209_21:00:00   2.0022e+00   2.5622e+02   2.6368e+01   2.6522e-05   0.0000e+00   2.5246e+02
20251209_22:00:00   2.0142e+00   2.5657e+02   2.6831e+01   0.0000e+00   0.0000e+00   2.5215e+02
20251209_23:00:00   2.0716e+00   2.5863e+02   2.7779e+01   0.0000e+00   0.0000e+00   2.5244e+02
20251210_00:00:00   2.1794e+00   2.6229e+02   2.9299e+01   0.0000e+00   0.0000e+00   2.5116e+02
20251210_01:00:00   2.2744e+00   2.6519e+02   3.0515e+01   0.0000e+00   0.0000e+00   2.4973e+02
20251210_02:00:00   2.3236e+00   2.6661e+02   3.1015e+01   0.0000e+00   0.0000e+00   2.4980e+02
20251210_03:00:00   2.3538e+00   2.6751e+02   3.1318e+01   0.0000e+00   0.0000e+00   2.5173e+02
20251210_04:00:00   2.4548e+00   2.7014e+02   3.2602e+01   1.2378e-06   0.0000e+00   2.5262e+02
20251210_05:00:00   2.6371e+00   2.7424e+02   3.4742e+01   2.1660e-05   0.0000e+00   2.5209e+02
20251210_06:00:00   2.8037e+00   2.7722e+02   3.6949e+01   1.0611e-06   0.0000e+00   2.5164e+02
20251210_07:00:00   2.9019e+00   2.7875e+02   3.8342e+01   5.9680e-06   0.0000e+00   2.5294e+02
20251210_08:00:00   2.8242e+00   2.7754e+02   3.7266e+01   4.9910e-06   0.0000e+00   2.5341e+02
20251210_09:00:00   2.7550e+00   2.7639e+02   3.6409e+01   4.4580e-05   0.0000e+00   2.5361e+02
20251210_10:00:00   2.6314e+00   2.7400e+02   3.5164e+01   3.0180e-04   0.0000e+00   2.5429e+02
20251210_11:00:00   2.4179e+00   2.6898e+02   3.3047e+01   5.3050e-07   0.0000e+00   2.5516e+02
20251210_12:00:00   2.2500e+00   2.6445e+02   3.0592e+01   6.6830e-08   0.0000e+00   2.5594e+02
20251210_13:00:00   2.1626e+00   2.6195e+02   2.8784e+01   7.0550e-05   0.0000e+00   2.5632e+02
20251210_14:00:00   2.1764e+00   2.6252e+02   2.9127e+01   0.0000e+00   0.0000e+00   2.5493e+02
20251210_15:00:00   2.2361e+00   2.6432e+02   3.0429e+01   0.0000e+00   0.0000e+00   2.5328e+02
20251210_16:00:00   2.4599e+00   2.7017e+02   3.4051e+01   0.0000e+00   0.0000e+00   2.5319e+02
20251210_17:00:00   2.8102e+00   2.7749e+02   3.8690e+01   1.5583e-03   0.0000e+00   2.5313e+02
20251210_18:00:00   3.1589e+00   2.8271e+02   4.2849e+01   1.3090e-02   0.0000e+00   2.5305e+02
20251210_19:00:00   3.6278e+00   2.8726e+02   4.7509e+01   5.6173e-02   0.0000e+00   2.5334e+02
20251210_20:00:00   3.6875e+00   2.8761e+02   5.0744e+01   3.4980e-03   0.0000e+00   2.5350e+02
20251210_21:00:00   3.7124e+00   2.8759e+02   5.1701e+01   4.2150e-05   0.0000e+00   2.5185e+02
20251210_22:00:00   3.6595e+00   2.8716e+02   5.0726e+01   2.0613e-05   2.8440e-23   2.5080e+02
20251210_23:00:00   2.8627e+00   2.7848e+02   4.0272e+01   1.7216e-05   1.7820e-07   2.4987e+02
20251211_00:00:00   2.4039e+00   2.6907e+02   3.3863e+01   7.1280e-07   0.0000e+00   2.4935e+02
20251211_01:00:00   2.6729e+00   2.7478e+02   3.8122e+01   0.0000e+00   0.0000e+00   2.4884e+02
20251211_02:00:00   3.2790e+00   2.8375e+02   4.5098e+01   0.0000e+00   0.0000e+00   2.4772e+02
20251211_03:00:00   3.6217e+00   2.8705e+02   4.9020e+01   1.1556e-04   0.0000e+00   2.4782e+02
20251211_04:00:00   3.6256e+00   2.8715e+02   4.9731e+01   8.1270e-04   7.5780e-23   2.4668e+02
20251211_05:00:00   3.1762e+00   2.8268e+02   4.5173e+01   7.9216e-06   1.7820e-07   2.4826e+02
20251211_06:00:00   2.7218e+00   2.7527e+02   3.9722e+01   0.0000e+00   6.6540e-06   2.4853e+02
20251211_07:00:00   2.4101e+00   2.6806e+02   3.5219e+01   0.0000e+00   0.0000e+00   2.4982e+02
20251211_08:00:00   2.2303e+00   2.6286e+02   3.2531e+01   0.0000e+00   0.0000e+00   2.5123e+02
20251211_09:00:00   2.2056e+00   2.6226e+02   3.1924e+01   0.0000e+00   0.0000e+00   2.5108e+02
20251211_10:00:00   2.1375e+00   2.6016e+02   3.0653e+01   0.0000e+00   0.0000e+00   2.5053e+02
20251211_11:00:00   2.2397e+00   2.6361e+02   3.1664e+01   0.0000e+00   0.0000e+00   2.4995e+02
20251211_12:00:00   2.6011e+00   2.7304e+02   3.6052e+01   9.9060e-06   0.0000e+00   2.5195e+02
20251211_15:00:00   3.0673e+00   2.8154e+02   4.1464e+01   3.1500e-04   0.0000e+00   2.5415e+02
20251211_18:00:00   3.2836e+00   2.8419e+02   4.4013e+01   1.2062e-03   0.0000e+00   2.5197e+02
20251211_21:00:00   3.1059e+00   2.8214e+02   4.1923e+01   2.0126e-05   0.0000e+00   2.5000e+02
20251212_00:00:00   2.0977e+00   2.5952e+02   2.8949e+01   0.0000e+00   0.0000e+00   2.5372e+02
20251212_03:00:00   3.0513e+00   2.8109e+02   4.0383e+01   1.5359e-03   0.0000e+00   2.5289e+02
20251212_06:00:00   3.2414e+00   2.8340e+02   4.3067e+01   1.6685e-05   0.0000e+00   2.5233e+02
20251212_09:00:00   2.7391e+00   2.7599e+02   3.5637e+01   2.5724e-02   0.0000e+00   2.5260e+02
20251212_12:00:00   2.7727e+00   2.7656e+02   3.6939e+01   0.0000e+00   0.0000e+00   2.5533e+02
20251212_15:00:00   1.7667e+00   2.4556e+02   2.3939e+01   0.0000e+00   0.0000e+00   2.5707e+02
20251212_18:00:00   1.7417e+00   2.4431e+02   2.3612e+01   0.0000e+00   0.0000e+00   2.5311e+02
20251212_21:00:00   2.1488e+00   2.6133e+02   2.8876e+01   0.0000e+00   0.0000e+00   2.5428e+02
20251213_00:00:00   2.3551e+00   2.6781e+02   3.0982e+01   0.0000e+00   0.0000e+00   2.5316e+02
20251213_03:00:00   2.7630e+00   2.7658e+02   3.5530e+01   9.3904e-04   0.0000e+00   2.5407e+02
20251213_06:00:00   2.3255e+00   2.6653e+02   3.0520e+01   1.9814e-04   0.0000e+00   2.5583e+02
20251213_09:00:00   2.6061e+00   2.7359e+02   3.3515e+01   2.8738e-03   0.0000e+00   2.5312e+02
20251213_12:00:00   2.4670e+00   2.7065e+02   3.2238e+01   4.6751e-03   0.0000e+00   2.5334e+02
20251213_15:00:00   2.3012e+00   2.6665e+02   2.9799e+01   3.4651e-03   0.0000e+00   2.5410e+02
20251213_18:00:00   2.1642e+00   2.6161e+02   3.0809e+01   2.2547e-06   0.0000e+00   2.5019e+02
20251213_21:00:00   2.2110e+00   2.6373e+02   3.0127e+01   0.0000e+00   0.0000e+00   2.5071e+02
20251214_00:00:00   2.9718e+00   2.8036e+02   4.0158e+01   3.3020e-05   0.0000e+00   2.5070e+02
20251214_03:00:00   3.3944e+00   2.8525e+02   4.6055e+01   1.3018e-04   0.0000e+00   2.5073e+02
20251214_06:00:00   3.4319e+00   2.8546e+02   4.6896e+01   7.5160e-06   0.0000e+00   2.5226e+02
20251214_09:00:00   3.5034e+00   2.8588e+02   4.8245e+01   4.7180e-04   2.1100e-04   2.5117e+02
20251214_12:00:00   3.2296e+00   2.8336e+02   4.5555e+01   0.0000e+00   1.3310e-06   2.5168e+02
20251214_15:00:00   2.7134e+00   2.7563e+02   3.9589e+01   0.0000e+00   1.4174e-06   2.5270e+02
20251214_18:00:00   3.0463e+00   2.8156e+02   4.2067e+01   4.7410e-04   0.0000e+00   2.5324e+02
20251214_21:00:00   2.9564e+00   2.8036e+02   4.0591e+01   0.0000e+00   8.6020e-06   2.5252e+02
20251215_00:00:00   3.1180e+00   2.8250e+02   4.2815e+01   1.5850e-05   2.6420e-05   2.5359e+02
20251215_03:00:00   3.0241e+00   2.8110e+02   4.1868e+01   2.3360e-05   0.0000e+00   2.5758e+02
20251215_06:00:00   2.5837e+00   2.7305e+02   3.6174e+01   1.3063e-04   1.4749e-04   2.5774e+02
20251215_09:00:00   2.3063e+00   2.6598e+02   3.2410e+01   7.0650e-04   4.5276e-04   2.5467e+02
20251215_12:00:00   1.9638e+00   2.5440e+02   2.6339e+01   2.4765e-05   1.3310e-05   2.5480e+02
20251215_15:00:00   2.1642e+00   2.6212e+02   2.9474e+01   0.0000e+00   1.9964e-05   2.5530e+02
20251215_18:00:00   2.3179e+00   2.6688e+02   3.2321e+01   0.0000e+00   4.2661e-04   2.6160e+02
20251215_21:00:00   2.5071e+00   2.7125e+02   3.6170e+01   1.0082e-05   3.0498e-03   2.5951e+02
20251216_00:00:00   2.3594e+00   2.6726e+02   3.4763e+01   0.0000e+00   2.0207e-03   2.5569e+02
20251216_03:00:00   2.6021e+00   2.7373e+02   3.5059e+01   0.0000e+00   3.0305e-03   2.5536e+02
20251216_06:00:00   2.6706e+00   2.7493e+02   3.6345e+01   0.0000e+00   9.3139e-04   2.5547e+02
20251216_09:00:00   2.5807e+00   2.7288e+02   3.5364e+01   8.1790e-06   3.7680e-04   2.6212e+02
20251216_12:00:00   2.7170e+00   2.7573e+02   3.7121e+01   0.0000e+00   0.0000e+00   2.6679e+02
20251216_15:00:00   2.9055e+00   2.7905e+02   4.0089e+01   0.0000e+00   0.0000e+00   2.6742e+02
20251216_18:00:00   2.9642e+00   2.7969e+02   4.1525e+01   4.9583e-04   6.0426e-05   2.6816e+02
20251216_21:00:00   3.0800e+00   2.8112e+02   4.3370e+01   0.0000e+00   0.0000e+00   2.7227e+02
20251217_00:00:00   3.1248e+00   2.8165e+02   4.3903e+01   0.0000e+00   1.4068e-04   2.7238e+02
20251217_03:00:00   3.0261e+00   2.8029e+02   4.2712e+01   0.0000e+00   9.9920e-05   2.7203e+02
20251217_06:00:00   3.0417e+00   2.8033e+02   4.2920e+01   0.0000e+00   7.5050e-05   2.7070e+02
20251217_09:00:00   2.9942e+00   2.7967e+02   4.2377e+01   9.9060e-06   1.1476e-04   2.6721e+02
20251217_12:00:00   3.0339e+00   2.8008e+02   4.3258e+01   1.9965e-05   0.0000e+00   2.6723e+02
20251217_15:00:00   3.0119e+00   2.7993e+02   4.2825e+01   5.2586e-04   0.0000e+00   2.6214e+02
20251217_18:00:00   3.0208e+00   2.7997e+02   4.3088e+01   5.3650e-04   1.0440e-04   2.5847e+02
20251217_21:00:00   2.9718e+00   2.7938e+02   4.2574e+01   0.0000e+00   6.1720e-05   2.5159e+02
20251218_00:00:00   3.0042e+00   2.7983e+02   4.2889e+01   0.0000e+00   2.2761e-03   2.4798e+02
20251218_03:00:00   3.1169e+00   2.8099e+02   4.4473e+01   1.0454e-04   9.0013e-04   2.4940e+02
20251218_06:00:00   2.8650e+00   2.7712e+02   4.1717e+01   0.0000e+00   2.5925e-03   2.4813e+02
20251218_09:00:00   2.9738e+00   2.7892e+02   4.2598e+01   3.3460e-04   7.4303e-04   2.4757e+02
20251218_12:00:00   3.1489e+00   2.8129e+02   4.5180e+01   7.6050e-05   5.6790e-04   2.4929e+02
20251218_15:00:00   2.8987e+00   2.7788e+02   4.3032e+01   0.0000e+00   1.0739e-04   2.5131e+02
20251218_18:00:00   3.2481e+00   2.8267e+02   4.6574e+01   1.6334e-03   2.2240e-04   2.4872e+02
20251218_21:00:00   3.1118e+00   2.8105e+02   4.4648e+01   3.2862e-04   3.4134e-05   2.4652e+02
20251219_00:00:00   3.0404e+00   2.8027e+02   4.3533e+01   3.0020e-05   4.0380e-06   2.4550e+02
20251219_03:00:00   2.5319e+00   2.7082e+02   3.7480e+01   6.6830e-08   9.3162e-06   2.4774e+02
20251219_06:00:00   2.5456e+00   2.7113e+02   3.7567e+01   0.0000e+00   0.0000e+00   2.4829e+02
20251219_09:00:00   2.5958e+00   2.7225e+02   3.7812e+01   2.1598e-03   0.0000e+00   2.4638e+02
20251219_12:00:00   2.7278e+00   2.7526e+02   3.9356e+01   0.0000e+00   0.0000e+00   2.4719e+02
20251219_15:00:00   2.5093e+00   2.7098e+02   3.5916e+01   0.0000e+00   1.7820e-07   2.5150e+02
20251219_18:00:00   2.5144e+00   2.7130e+02   3.5166e+01   0.0000e+00   0.0000e+00   2.5331e+02
20251219_21:00:00   3.1322e+00   2.8171e+02   4.3450e+01   0.0000e+00   0.0000e+00   2.5085e+02
20251220_00:00:00   2.9952e+00   2.8002e+02   4.1681e+01   0.0000e+00   0.0000e+00   2.5303e+02
20251220_03:00:00   2.7629e+00   2.7629e+02   3.8689e+01   0.0000e+00   2.0060e-05   2.5212e+02
20251220_06:00:00   2.8541e+00   2.7764e+02   3.9814e+01   0.0000e+00   0.0000e+00   2.5091e+02
20251220_09:00:00   2.8280e+00   2.7717e+02   3.9448e+01   2.4958e-05   0.0000e+00   2.5177e+02
20251220_12:00:00   2.9155e+00   2.7873e+02   4.0633e+01   0.0000e+00   0.0000e+00   2.5647e+02
20251220_15:00:00   3.0138e+00   2.8030e+02   4.2030e+01   6.1640e-04   0.0000e+00   2.5844e+02
20251220_18:00:00   2.8309e+00   2.7753e+02   3.9871e+01   0.0000e+00   6.6540e-06   2.5963e+02
20251220_21:00:00   3.0051e+00   2.7987e+02   4.2350e+01   0.0000e+00   0.0000e+00   2.5645e+02
20251221_00:00:00   2.8668e+00   2.7792e+02   4.0376e+01   0.0000e+00   0.0000e+00   2.5525e+02
20251221_03:00:00   3.1291e+00   2.8125e+02   4.3903e+01   7.8640e-05   0.0000e+00   2.5477e+02
20251221_06:00:00   2.9985e+00   2.7947e+02   4.2207e+01   0.0000e+00   0.0000e+00   2.5507e+02
20251221_09:00:00   2.9562e+00   2.7886e+02   4.1626e+01   0.0000e+00   1.6074e-05   2.5382e+02
20251221_12:00:00   2.9785e+00   2.7925e+02   4.2091e+01   0.0000e+00   2.3800e-05   2.5257e+02
20251221_15:00:00   2.9402e+00   2.7899e+02   4.1715e+01   0.0000e+00   2.7040e-05   2.5343e+02
20251221_18:00:00   3.0040e+00   2.7967e+02   4.2733e+01   4.7910e-04   4.0200e-04   2.5214e+02
20251221_21:00:00   2.9117e+00   2.7847e+02   4.1174e+01   0.0000e+00   3.4560e-05   2.5195e+02
20251222_00:00:00   2.9260e+00   2.7864e+02   4.1161e+01   2.4958e-06   0.0000e+00   2.4968e+02
20251222_03:00:00   2.8206e+00   2.7686e+02   3.9898e+01   0.0000e+00   0.0000e+00   2.5213e+02
20251222_06:00:00   2.8604e+00   2.7735e+02   4.0231e+01   0.0000e+00   0.0000e+00   2.5513e+02
20251222_09:00:00   2.9348e+00   2.7845e+02   4.1359e+01   0.0000e+00   0.0000e+00   2.5473e+02
20251222_12:00:00   2.8591e+00   2.7736e+02   4.0278e+01   0.0000e+00   0.0000e+00   2.5311e+02
