#            date       tau255        Tb[K]      pwv[mm] lwp[kg*m^-2] iwp[kg*m^-2]       o3[DU]
20251211_12:00:00   1.8116e+00   2.4792e+02   2.4079e+01   0.0000e+00   0.0000e+00   2.5714e+02
20251211_13:00:00   2.4333e+00   2.6996e+02   3.1866e+01   2.7703e-04   0.0000e+00   2.5788e+02
20251211_14:00:00   2.7455e+00   2.7684e+02   3.5647e+01   1.0631e-03   0.0000e+00   2.6119e+02
20251211_15:00:00   2.8398e+00   2.7849e+02   3.6836e+01   7.1418e-04   0.0000e+00   2.5713e+02
20251211_16:00:00   2.9773e+00   2.8048e+02   3.9029e+01   1.7358e-04   0.0000e+00   2.5581e+02
20251211_17:00:00   3.1627e+00   2.8281e+02   4.0872e+01   1.4472e-02   0.0000e+00   2.5805e+02
20251211_18:00:00   3.0977e+00   2.8207e+02   4.0718e+01   7.3010e-04   0.0000e+00   2.5931e+02
20251211_19:00:00   2.9959e+00   2.8062e+02   3.9762e+01   2.0115e-03   0.0000e+00   2.5848e+02
20251211_20:00:00   3.0892e+00   2.8204e+02   4.0684e+01   6.6040e-05   0.0000e+00   2.5635e+02
20251211_21:00:00   3.1747e+00   2.8314e+02   4.1711e+01   4.1240e-06   0.0000e+00   2.5348e+02
20251211_22:00:00   3.1966e+00   2.8342e+02   4.2269e+01   3.5820e-06   0.0000e+00   2.5288e+02
20251211_23:00:00   3.1553e+00   2.8298e+02   4.2029e+01   4.9520e-06   0.0000e+00   2.5306e+02
20251212_00:00:00   3.1422e+00   2.8283e+02   4.1972e+01   1.0610e-06   0.0000e+00   2.5067e+02
20251212_01:00:00   3.1815e+00   2.8325e+02   4.2445e+01   8.8420e-08   0.0000e+00   2.5047e+02
20251212_02:00:00   3.2245e+00   2.8360e+02   4.2822e+01   5.2180e-06   0.0000e+00   2.5320e+02
20251212_03:00:00   3.1450e+00   2.8261e+02   4.1779e+01   2.0500e-05   0.0000e+00   2.5442e+02
20251212_04:00:00   2.6835e+00   2.7510e+02   3.6864e+01   0.0000e+00   0.0000e+00   2.5663e+02
20251212_05:00:00   2.5103e+00   2.7135e+02   3.4615e+01   0.0000e+00   0.0000e+00   2.5622e+02
20251212_06:00:00   2.6091e+00   2.7367e+02   3.5225e+01   3.3240e-04   0.0000e+00   2.5537e+02
20251212_07:00:00   2.6671e+00   2.7498e+02   3.5536e+01   0.0000e+00   0.0000e+00   2.5635e+02
20251212_08:00:00   2.7920e+00   2.7727e+02   3.6698e+01   1.9658e-04   0.0000e+00   2.5555e+02
20251212_09:00:00   2.7480e+00   2.7628e+02   3.6019e+01   1.2835e-05   0.0000e+00   2.5612e+02
20251212_10:00:00   2.5242e+00   2.7143e+02   3.3456e+01   1.8661e-03   0.0000e+00   2.5767e+02
20251212_11:00:00   2.4413e+00   2.6949e+02   3.1127e+01   3.5302e-02   0.0000e+00   2.5801e+02
20251212_12:00:00   2.3915e+00   2.6825e+02   2.9827e+01   5.4181e-02   0.0000e+00   2.5856e+02
20251212_13:00:00   2.0323e+00   2.5686e+02   2.7390e+01   8.6550e-04   0.0000e+00   2.5897e+02
20251212_14:00:00   1.8266e+00   2.4841e+02   2.4656e+01   0.0000e+00   0.0000e+00   2.5872e+02
20251212_15:00:00   1.8997e+00   2.5199e+02   2.4973e+01   0.0000e+00   0.0000e+00   2.5820e+02
20251212_16:00:00   1.8585e+00   2.5030e+02   2.4623e+01   0.0000e+00   0.0000e+00   2.5430e+02
20251212_17:00:00   2.0381e+00   2.5754e+02   2.6814e+01   0.0000e+00   2.6420e-05   2.5328e+02
20251212_18:00:00   2.3111e+00   2.6647e+02   3.0039e+01   6.5060e-04   0.0000e+00   2.5493e+02
20251212_19:00:00   2.5533e+00   2.7262e+02   3.2894e+01   2.8200e-04   1.3208e-05   2.5839e+02
20251212_20:00:00   2.5958e+00   2.7357e+02   3.3490e+01   2.6847e-04   0.0000e+00   2.5700e+02
20251212_21:00:00   2.5541e+00   2.7273e+02   3.3247e+01   0.0000e+00   0.0000e+00   2.5558e+02
20251212_22:00:00   2.5678e+00   2.7308e+02   3.3419e+01   8.8620e-06   0.0000e+00   2.5538e+02
20251212_23:00:00   2.7055e+00   2.7593e+02   3.5035e+01   3.3020e-06   0.0000e+00   2.5614e+02
20251213_00:00:00   2.6426e+00   2.7465e+02   3.4590e+01   7.8200e-04   0.0000e+00   2.5710e+02
20251213_01:00:00   2.4110e+00   2.6942e+02   3.2157e+01   0.0000e+00   0.0000e+00   2.5759e+02
20251213_02:00:00   2.4948e+00   2.7153e+02   3.2652e+01   3.5360e-07   0.0000e+00   2.5806e+02
20251213_03:00:00   2.8885e+00   2.7902e+02   3.7662e+01   5.1780e-05   0.0000e+00   2.5596e+02
20251213_04:00:00   2.9792e+00   2.8038e+02   3.8751e+01   7.2920e-04   0.0000e+00   2.5696e+02
20251213_05:00:00   3.2240e+00   2.8336e+02   4.1070e+01   3.1978e-02   0.0000e+00   2.5714e+02
20251213_06:00:00   3.0714e+00   2.8163e+02   4.0390e+01   3.2968e-03   0.0000e+00   2.5631e+02
20251213_07:00:00   2.9212e+00   2.7943e+02   3.8746e+01   6.0160e-06   0.0000e+00   2.5555e+02
20251213_08:00:00   3.0418e+00   2.8108e+02   4.0265e+01   3.7420e-04   0.0000e+00   2.5533e+02
20251213_09:00:00   2.9433e+00   2.7961e+02   3.9315e+01   2.7220e-04   0.0000e+00   2.5553e+02
20251213_10:00:00   2.5043e+00   2.7154e+02   3.3495e+01   0.0000e+00   0.0000e+00   2.5494e+02
20251213_11:00:00   2.2399e+00   2.6446e+02   3.0138e+01   0.0000e+00   0.0000e+00   2.5309e+02
20251213_12:00:00   2.1888e+00   2.6286e+02   2.9157e+01   0.0000e+00   0.0000e+00   2.5376e+02
20251213_13:00:00   2.5620e+00   2.7295e+02   3.4043e+01   0.0000e+00   0.0000e+00   2.5392e+02
20251213_14:00:00   2.9601e+00   2.8015e+02   3.9297e+01   7.0395e-04   0.0000e+00   2.5217e+02
20251213_15:00:00   3.1546e+00   2.8256e+02   4.2078e+01   8.8630e-04   0.0000e+00   2.5192e+02
20251213_16:00:00   3.2031e+00   2.8309e+02   4.2690e+01   3.4300e-04   0.0000e+00   2.5434e+02
20251213_17:00:00   3.2783e+00   2.8398e+02   4.3712e+01   6.0182e-04   0.0000e+00   2.5425e+02
20251213_18:00:00   3.3666e+00   2.8495e+02   4.5029e+01   3.5083e-04   0.0000e+00   2.5515e+02
20251213_19:00:00   3.4508e+00   2.8566e+02   4.6112e+01   1.1046e-03   2.0860e-23   2.5387e+02
20251213_20:00:00   3.5030e+00   2.8607e+02   4.6957e+01   3.4140e-05   0.0000e+00   2.5255e+02
20251213_21:00:00   3.5566e+00   2.8644e+02   4.7657e+01   1.9811e-05   0.0000e+00   2.5190e+02
20251213_22:00:00   3.5612e+00   2.8656e+02   4.7890e+01   8.2840e-04   2.7180e-23   2.5105e+02
20251213_23:00:00   3.5656e+00   2.8671e+02   4.8220e+01   1.8789e-05   2.4060e-06   2.5037e+02
20251214_00:00:00   3.5906e+00   2.8699e+02   4.8560e+01   1.3311e-04   2.6680e-06   2.5185e+02
20251214_01:00:00   3.5345e+00   2.8653e+02   4.8198e+01   2.9866e-05   4.3381e-06   2.5100e+02
20251214_02:00:00   3.6207e+00   2.8720e+02   4.9286e+01   8.8420e-08   8.8420e-07   2.5007e+02
20251214_03:00:00   3.5957e+00   2.8691e+02   4.8950e+01   0.0000e+00   1.6636e-05   2.5043e+02
20251214_04:00:00   3.3764e+00   2.8487e+02   4.6747e+01   0.0000e+00   6.1180e-05   2.5136e+02
20251214_05:00:00   3.0672e+00   2.8107e+02   4.3359e+01   0.0000e+00   1.8578e-05   2.5150e+02
20251214_06:00:00   2.9015e+00   2.7838e+02   4.1397e+01   0.0000e+00   6.5132e-06   2.5209e+02
20251214_07:00:00   2.7679e+00   2.7596e+02   3.9747e+01   0.0000e+00   4.3060e-06   2.5222e+02
20251214_08:00:00   2.6628e+00   2.7383e+02   3.8441e+01   0.0000e+00   7.5440e-06   2.5306e+02
20251214_09:00:00   2.5561e+00   2.7137e+02   3.7192e+01   0.0000e+00   7.1860e-06   2.5379e+02
20251214_10:00:00   2.5561e+00   2.7149e+02   3.6909e+01   0.0000e+00   8.9100e-08   2.5437e+02
20251214_11:00:00   2.5080e+00   2.7047e+02   3.6256e+01   0.0000e+00   0.0000e+00   2.5320e+02
20251214_12:00:00   2.4450e+00   2.6905e+02   3.5248e+01   0.0000e+00   0.0000e+00   2.5318e+02
20251214_13:00:00   2.3993e+00   2.6818e+02   3.4223e+01   0.0000e+00   0.0000e+00   2.5279e+02
20251214_14:00:00   2.3184e+00   2.6629e+02   3.2670e+01   2.9716e-05   0.0000e+00   2.5423e+02
20251214_15:00:00   2.3205e+00   2.6677e+02   3.1589e+01   0.0000e+00   0.0000e+00   2.5569e+02
20251214_16:00:00   2.5238e+00   2.7214e+02   3.3354e+01   1.0481e-03   0.0000e+00   2.5484e+02
20251214_17:00:00   2.7429e+00   2.7663e+02   3.5814e+01   7.9308e-04   0.0000e+00   2.5308e+02
20251214_18:00:00   2.8240e+00   2.7791e+02   3.7122e+01   9.2314e-04   0.0000e+00   2.5136e+02
20251214_19:00:00   2.9159e+00   2.7940e+02   3.8327e+01   2.0840e-03   0.0000e+00   2.4962e+02
20251214_20:00:00   2.8564e+00   2.7852e+02   3.7730e+01   9.1320e-05   0.0000e+00   2.4911e+02
20251214_21:00:00   2.6042e+00   2.7387e+02   3.4971e+01   7.1280e-07   0.0000e+00   2.4941e+02
20251214_22:00:00   2.4250e+00   2.6957e+02   3.3019e+01   0.0000e+00   0.0000e+00   2.4884e+02
20251214_23:00:00   2.3079e+00   2.6628e+02   3.1779e+01   0.0000e+00   0.0000e+00   2.4884e+02
20251215_00:00:00   2.3025e+00   2.6612e+02   3.1685e+01   0.0000e+00   0.0000e+00   2.4956e+02
20251215_01:00:00   2.3746e+00   2.6809e+02   3.2342e+01   0.0000e+00   0.0000e+00   2.4928e+02
20251215_02:00:00   2.4998e+00   2.7114e+02   3.3686e+01   1.1254e-03   0.0000e+00   2.5041e+02
20251215_03:00:00   2.5135e+00   2.7146e+02   3.4057e+01   0.0000e+00   0.0000e+00   2.5141e+02
20251215_04:00:00   2.5618e+00   2.7248e+02   3.4928e+01   1.3856e-05   0.0000e+00   2.5196e+02
20251215_05:00:00   2.5648e+00   2.7240e+02   3.5265e+01   0.0000e+00   0.0000e+00   2.5272e+02
20251215_06:00:00   2.5309e+00   2.7150e+02   3.5242e+01   0.0000e+00   0.0000e+00   2.5309e+02
20251215_07:00:00   2.5480e+00   2.7177e+02   3.5710e+01   0.0000e+00   0.0000e+00   2.5402e+02
20251215_08:00:00   2.7218e+00   2.7534e+02   3.8017e+01   0.0000e+00   0.0000e+00   2.5252e+02
20251215_09:00:00   2.9285e+00   2.7888e+02   4.0550e+01   0.0000e+00   0.0000e+00   2.5016e+02
20251215_10:00:00   3.0012e+00   2.8005e+02   4.1484e+01   0.0000e+00   1.1352e-05   2.4946e+02
20251215_11:00:00   2.9956e+00   2.8000e+02   4.1491e+01   0.0000e+00   1.7712e-06   2.4955e+02
20251215_12:00:00   2.9845e+00   2.7991e+02   4.1346e+01   0.0000e+00   1.1350e-05   2.4844e+02
20251215_13:00:00   3.0219e+00   2.8064e+02   4.1804e+01   0.0000e+00   0.0000e+00   2.4896e+02
20251215_14:00:00   3.0374e+00   2.8094e+02   4.2079e+01   0.0000e+00   4.9760e-05   2.4972e+02
20251215_15:00:00   2.9191e+00   2.7919e+02   4.0963e+01   0.0000e+00   5.6360e-05   2.5025e+02
20251215_16:00:00   2.8888e+00   2.7867e+02   4.0771e+01   0.0000e+00   5.4600e-05   2.5140e+02
20251215_17:00:00   2.9195e+00   2.7912e+02   4.1186e+01   0.0000e+00   8.9100e-08   2.5264e+02
20251215_18:00:00   2.8994e+00   2.7869e+02   4.1086e+01   0.0000e+00   7.1020e-05   2.5184e+02
20251215_19:00:00   2.8421e+00   2.7759e+02   4.0575e+01   0.0000e+00   5.6517e-04   2.5151e+02
20251215_20:00:00   2.8350e+00   2.7736e+02   4.0672e+01   0.0000e+00   4.0219e-03   2.5167e+02
20251215_21:00:00   2.8996e+00   2.7847e+02   4.1244e+01   0.0000e+00   5.3541e-03   2.4788e+02
20251215_22:00:00   3.0047e+00   2.8018e+02   4.2292e+01   0.0000e+00   4.0314e-03   2.4802e+02
20251215_23:00:00   3.0952e+00   2.8150e+02   4.3069e+01   0.0000e+00   2.3502e-03   2.4959e+02
20251216_00:00:00   3.1264e+00   2.8201e+02   4.3341e+01   0.0000e+00   5.3443e-03   2.5211e+02
20251216_01:00:00   3.2017e+00   2.8290e+02   4.4003e+01   0.0000e+00   5.8638e-03   2.5232e+02
20251216_02:00:00   3.2090e+00   2.8299e+02   4.4080e+01   0.0000e+00   5.1584e-03   2.5295e+02
20251216_03:00:00   3.1719e+00   2.8256e+02   4.3566e+01   0.0000e+00   5.3585e-03   2.5334e+02
20251216_04:00:00   3.0907e+00   2.8151e+02   4.2524e+01   0.0000e+00   5.4405e-03   2.5595e+02
20251216_05:00:00   2.9833e+00   2.8003e+02   4.1022e+01   0.0000e+00   3.5652e-03   2.5815e+02
20251216_06:00:00   2.9343e+00   2.7920e+02   4.0243e+01   1.7684e-07   6.8581e-04   2.5889e+02
20251216_07:00:00   2.8756e+00   2.7825e+02   3.9300e+01   0.0000e+00   7.3780e-05   2.5906e+02
20251216_08:00:00   2.7633e+00   2.7625e+02   3.8142e+01   0.0000e+00   0.0000e+00   2.5830e+02
20251216_09:00:00   2.7666e+00   2.7618e+02   3.8416e+01   0.0000e+00   0.0000e+00   2.5765e+02
20251216_10:00:00   2.9479e+00   2.7918e+02   4.1038e+01   0.0000e+00   0.0000e+00   2.5779e+02
20251216_11:00:00   3.1310e+00   2.8173e+02   4.3620e+01   0.0000e+00   0.0000e+00   2.5781e+02
20251216_12:00:00   2.9243e+00   2.7888e+02   4.1591e+01   0.0000e+00   0.0000e+00   2.5862e+02
20251216_15:00:00   2.8851e+00   2.7877e+02   3.9946e+01   2.9235e-04   3.2921e-04   2.5916e+02
20251216_18:00:00   2.9735e+00   2.8002e+02   4.1394e+01   3.9930e-05   8.4020e-03   2.5904e+02
20251216_21:00:00   3.0426e+00   2.8083e+02   4.2607e+01   0.0000e+00   9.4180e-03   2.5896e+02
20251217_00:00:00   3.2832e+00   2.8364e+02   4.5781e+01   1.3244e-04   1.4465e-03   2.5813e+02
20251217_03:00:00   3.3739e+00   2.8450e+02   4.7229e+01   7.4860e-05   4.6040e-06   2.5171e+02
20251217_06:00:00   3.3274e+00   2.8402e+02   4.6851e+01   2.2814e-05   3.3280e-06   2.4675e+02
20251217_09:00:00   3.2835e+00   2.8340e+02   4.6367e+01   3.3020e-06   1.2007e-03   2.4381e+02
20251217_12:00:00   3.2894e+00   2.8342e+02   4.6544e+01   5.2780e-06   3.4744e-03   2.4641e+02
20251217_15:00:00   3.1292e+00   2.8177e+02   4.4826e+01   4.5140e-06   1.4640e-04   2.4915e+02
20251217_18:00:00   2.9181e+00   2.7877e+02   4.1604e+01   1.8264e-03   0.0000e+00   2.5014e+02
20251217_21:00:00   3.0298e+00   2.8035e+02   4.3478e+01   1.6636e-06   0.0000e+00   2.4987e+02
20251218_00:00:00   2.7125e+00   2.7486e+02   4.0283e+01   0.0000e+00   2.1300e-06   2.4953e+02
20251218_03:00:00   3.0546e+00   2.8074e+02   4.3282e+01   4.7968e-04   7.2891e-04   2.4868e+02
20251218_06:00:00   2.4634e+00   2.6917e+02   3.6910e+01   0.0000e+00   8.9100e-07   2.4718e+02
20251218_09:00:00   2.4444e+00   2.6893e+02   3.5234e+01   0.0000e+00   8.2820e-05   2.4647e+02
20251218_12:00:00   3.0279e+00   2.8020e+02   4.2511e+01   4.3680e-05   0.0000e+00   2.4821e+02
20251218_15:00:00   3.0293e+00   2.8046e+02   4.2431e+01   1.7698e-03   6.6080e-05   2.4999e+02
20251218_18:00:00   3.3553e+00   2.8440e+02   4.7260e+01   3.7180e-04   6.2804e-03   2.4773e+02
20251218_21:00:00   3.2515e+00   2.8291e+02   4.6327e+01   3.9720e-03   2.5714e-03   2.4695e+02
20251219_00:00:00   2.6279e+00   2.7307e+02   3.8905e+01   0.0000e+00   7.3034e-04   2.4670e+02
20251219_03:00:00   2.7398e+00   2.7589e+02   3.8297e+01   3.1620e-06   3.4261e-03   2.5126e+02
20251219_06:00:00   2.4658e+00   2.6956e+02   3.6105e+01   0.0000e+00   1.7004e-02   2.5194e+02
20251219_09:00:00   2.9461e+00   2.7898e+02   4.2159e+01   1.6636e-06   2.9933e-02   2.5506e+02
20251219_12:00:00   2.7862e+00   2.7661e+02   3.9688e+01   0.0000e+00   8.1135e-03   2.5896e+02
20251219_15:00:00   2.8381e+00   2.7758e+02   4.0417e+01   0.0000e+00   8.7486e-03   2.5870e+02
20251219_18:00:00   2.8222e+00   2.7716e+02   4.0575e+01   0.0000e+00   3.8715e-03   2.5739e+02
20251219_21:00:00   2.6956e+00   2.7501e+02   3.8404e+01   0.0000e+00   2.6077e-03   2.5907e+02
20251220_00:00:00   2.7028e+00   2.7486e+02   3.9326e+01   0.0000e+00   3.1803e-04   2.5566e+02
20251220_03:00:00   3.0616e+00   2.8053e+02   4.3549e+01   0.0000e+00   2.7880e-03   2.5664e+02
20251220_06:00:00   2.6002e+00   2.7255e+02   3.7527e+01   1.8824e-04   4.7905e-03   2.5415e+02
20251220_09:00:00   2.9187e+00   2.7850e+02   4.1129e+01   0.0000e+00   7.3660e-06   2.5521e+02
20251220_12:00:00   3.0822e+00   2.8057e+02   4.3536e+01   7.4870e-06   2.7868e-03   2.5733e+02
20251220_15:00:00   3.1595e+00   2.8157e+02   4.4584e+01   1.6723e-03   1.4348e-04   2.5688e+02
20251220_18:00:00   3.1402e+00   2.8141e+02   4.4465e+01   8.8860e-04   5.7887e-03   2.5803e+02
20251220_21:00:00   3.2152e+00   2.8201e+02   4.5978e+01   0.0000e+00   1.2030e-04   2.5590e+02
20251221_00:00:00   3.1479e+00   2.8104e+02   4.5395e+01   3.8600e-06   2.3577e-03   2.5515e+02
20251221_03:00:00   2.7440e+00   2.7506e+02   3.9882e+01   0.0000e+00   1.3208e-05   2.5798e+02
20251221_06:00:00   2.9813e+00   2.7856e+02   4.2532e+01   0.0000e+00   3.0180e-05   2.5868e+02
20251221_09:00:00   3.0287e+00   2.7901e+02   4.3334e+01   2.9942e-05   1.6050e-04   2.5940e+02
20251221_12:00:00   2.9047e+00   2.7742e+02   4.1762e+01   0.0000e+00   1.7684e-07   2.6112e+02
20251221_15:00:00   2.8816e+00   2.7733e+02   4.1219e+01   0.0000e+00   0.0000e+00   2.6553e+02
20251221_18:00:00   2.7935e+00   2.7592e+02   4.0068e+01   2.4958e-05   0.0000e+00   2.6734e+02
20251221_21:00:00   2.8274e+00   2.7659e+02   3.9920e+01   0.0000e+00   0.0000e+00   2.6333e+02
20251222_00:00:00   2.8159e+00   2.7621e+02   3.9180e+01   4.9910e-06   0.0000e+00   2.6262e+02
20251222_03:00:00   2.6807e+00   2.7393e+02   3.6985e+01   0.0000e+00   0.0000e+00   2.6304e+02
20251222_06:00:00   2.6952e+00   2.7403e+02   3.7289e+01   7.9640e-07   0.0000e+00   2.6387e+02
20251222_09:00:00   2.7921e+00   2.7548e+02   3.8930e+01   2.5614e-05   0.0000e+00   2.6185e+02
20251222_12:00:00   2.8527e+00   2.7665e+02   3.9895e+01   0.0000e+00   0.0000e+00   2.6327e+02
20251222_15:00:00   2.8846e+00   2.7747e+02   4.0202e+01   1.9965e-05   0.0000e+00   2.6391e+02
20251222_18:00:00   2.8282e+00   2.7658e+02   3.9186e+01   1.4025e-03   0.0000e+00   2.6278e+02
20251222_21:00:00   2.7561e+00   2.7545e+02   3.8047e+01   1.0620e-06   0.0000e+00   2.5978e+02
20251223_00:00:00   2.7145e+00   2.7490e+02   3.7300e+01   4.9910e-06   0.0000e+00   2.6078e+02
20251223_03:00:00   2.5717e+00   2.7209e+02   3.4817e+01   0.0000e+00   0.0000e+00   2.6074e+02
20251223_06:00:00   2.3713e+00   2.6717e+02   3.2292e+01   0.0000e+00   0.0000e+00   2.5697e+02
20251223_09:00:00   2.4980e+00   2.7025e+02   3.4001e+01   0.0000e+00   0.0000e+00   2.5671e+02
20251223_12:00:00   2.2318e+00   2.6327e+02   3.0697e+01   0.0000e+00   0.0000e+00   2.5655e+02
20251223_15:00:00   2.4732e+00   2.7019e+02   3.3141e+01   9.9820e-06   0.0000e+00   2.5517e+02
20251223_18:00:00   2.7473e+00   2.7545e+02   3.8822e+01   1.0692e-06   0.0000e+00   2.5477e+02
20251223_21:00:00   2.7204e+00   2.7503e+02   3.7991e+01   5.3060e-07   0.0000e+00   2.5292e+02
20251224_00:00:00   2.6350e+00   2.7344e+02   3.6675e+01   0.0000e+00   0.0000e+00   2.5222e+02
20251224_03:00:00   2.6894e+00   2.7419e+02   3.7419e+01   5.4820e-06   8.9220e-05   2.5233e+02
20251224_06:00:00   2.6922e+00   2.7402e+02   3.7661e+01   4.9620e-05   0.0000e+00   2.5147e+02
20251224_09:00:00   2.7508e+00   2.7503e+02   3.8550e+01   1.6636e-06   0.0000e+00   2.5322e+02
20251224_12:00:00   2.8153e+00   2.7642e+02   3.9571e+01   0.0000e+00   0.0000e+00   2.5407e+02
20251224_15:00:00   2.9709e+00   2.7905e+02   4.1861e+01   5.3240e-05   0.0000e+00   2.5632e+02
20251224_18:00:00   3.0518e+00   2.8013e+02   4.3266e+01   0.0000e+00   3.2028e-04   2.5703e+02
20251224_21:00:00   3.1559e+00   2.8121e+02   4.4954e+01   0.0000e+00   7.2713e-04   2.5487e+02
20251225_00:00:00   3.1864e+00   2.8156e+02   4.5416e+01   0.0000e+00   4.7692e-04   2.5483e+02
20251225_03:00:00   3.1200e+00   2.8068e+02   4.4793e+01   2.4958e-06   2.6651e-03   2.5875e+02
20251225_06:00:00   3.0223e+00   2.7925e+02   4.3758e+01   0.0000e+00   1.2399e-02   2.5698e+02
20251225_09:00:00   3.0001e+00   2.7871e+02   4.3516e+01   0.0000e+00   4.5069e-02   2.5828e+02
20251225_12:00:00   2.9346e+00   2.7781e+02   4.2808e+01   0.0000e+00   8.9175e-02   2.5556e+02
20251225_15:00:00   3.1130e+00   2.8025e+02   4.5182e+01   5.1900e-04   3.8110e-01   2.5783e+02
20251225_18:00:00   3.0195e+00   2.7894e+02   4.4077e+01   0.0000e+00   1.4242e-01   2.5912e+02
20251225_21:00:00   3.0571e+00   2.7938e+02   4.4536e+01   2.4958e-06   2.7480e-01   2.5652e+02
20251226_00:00:00   3.0453e+00   2.7937e+02   4.4355e+01   1.7998e-05   3.3055e-01   2.5823e+02
20251226_03:00:00   3.0506e+00   2.7949e+02   4.4282e+01   1.1937e-06   4.1082e-01   2.6074e+02
20251226_06:00:00   3.1140e+00   2.8017e+02   4.5147e+01   1.2833e-05   1.0172e-01   2.6123e+02
20251226_09:00:00   3.2709e+00   2.8206e+02   4.6940e+01   6.1300e-04   4.3281e-03   2.6244e+02
20251226_12:00:00   3.3552e+00   2.8326e+02   4.7931e+01   1.3263e-07   7.2117e-03   2.6381e+02
20251226_15:00:00   3.3880e+00   2.8394e+02   4.8457e+01   9.6040e-05   1.4808e-03   2.6619e+02
20251226_18:00:00   3.4229e+00   2.8423e+02   4.8942e+01   6.2390e-05   1.0338e-03   2.6708e+02
20251226_21:00:00   3.5427e+00   2.8527e+02   5.0500e+01   0.0000e+00   4.8493e-03   2.6407e+02
20251227_00:00:00   3.5939e+00   2.8560e+02   5.1176e+01   7.2720e-06   5.0442e-02   2.6423e+02
20251227_03:00:00   3.7070e+00   2.8626e+02   5.2494e+01   1.0488e-03   1.8169e-02   2.6356e+02
20251227_06:00:00   3.7270e+00   2.8625e+02   5.2979e+01   2.3975e-03   8.7276e-02   2.6310e+02
20251227_09:00:00   3.5452e+00   2.8477e+02   5.1128e+01   1.3105e-03   1.3763e-01   2.6304e+02
20251227_12:00:00   3.4974e+00   2.8439e+02   5.0590e+01   1.0222e-04   3.7246e-02   2.6198e+02
