#            date       tau255        Tb[K]      pwv[mm] lwp[kg*m^-2] iwp[kg*m^-2]       o3[DU]
20251205_00:00:00   3.0864e+00   2.8216e+02   4.2307e+01   0.0000e+00   2.3601e-05   2.6277e+02
20251205_01:00:00   3.1347e+00   2.8269e+02   4.3068e+01   0.0000e+00   2.6461e-05   2.6226e+02
20251205_02:00:00   2.6906e+00   2.7531e+02   3.8343e+01   0.0000e+00   4.2270e-06   2.6173e+02
20251205_03:00:00   2.3635e+00   2.6737e+02   3.4527e+01   0.0000e+00   0.0000e+00   2.6158e+02
20251205_04:00:00   2.3104e+00   2.6617e+02   3.2707e+01   0.0000e+00   0.0000e+00   2.6097e+02
20251205_05:00:00   2.3355e+00   2.6716e+02   3.2106e+01   4.6350e-04   0.0000e+00   2.6073e+02
20251205_06:00:00   2.4812e+00   2.7106e+02   3.3499e+01   0.0000e+00   1.4148e-07   2.6005e+02
20251205_07:00:00   2.5638e+00   2.7294e+02   3.4429e+01   3.4940e-05   0.0000e+00   2.5996e+02
20251205_08:00:00   2.5022e+00   2.7150e+02   3.3544e+01   0.0000e+00   0.0000e+00   2.5976e+02
20251205_09:00:00   2.4956e+00   2.7136e+02   3.3346e+01   4.6470e-07   0.0000e+00   2.5923e+02
20251205_10:00:00   2.6033e+00   2.7367e+02   3.4378e+01   3.2530e-04   0.0000e+00   2.5859e+02
20251205_11:00:00   2.4997e+00   2.7122e+02   3.3116e+01   1.9949e-07   0.0000e+00   2.5835e+02
20251205_12:00:00   2.2474e+00   2.6444e+02   3.0140e+01   0.0000e+00   0.0000e+00   2.5985e+02
20251205_13:00:00   1.9728e+00   2.5478e+02   2.6887e+01   0.0000e+00   0.0000e+00   2.6098e+02
20251205_14:00:00   1.8463e+00   2.4924e+02   2.5380e+01   0.0000e+00   0.0000e+00   2.6109e+02
20251205_15:00:00   1.7645e+00   2.4536e+02   2.4525e+01   0.0000e+00   0.0000e+00   2.6086e+02
20251205_16:00:00   1.9194e+00   2.5240e+02   2.6832e+01   0.0000e+00   1.1318e-07   2.6008e+02
20251205_17:00:00   2.3961e+00   2.6840e+02   3.2593e+01   8.9150e-05   4.2270e-06   2.6037e+02
20251205_18:00:00   2.5994e+00   2.7343e+02   3.4558e+01   2.4990e-04   4.2830e-06   2.6114e+02
20251205_19:00:00   2.7048e+00   2.7575e+02   3.5774e+01   1.4943e-04   6.3550e-06   2.6044e+02
20251205_20:00:00   2.8078e+00   2.7766e+02   3.7073e+01   4.2180e-04   0.0000e+00   2.6046e+02
20251205_21:00:00   2.6020e+00   2.7374e+02   3.4703e+01   0.0000e+00   0.0000e+00   2.6091e+02
20251205_22:00:00   2.6009e+00   2.7371e+02   3.4332e+01   2.6522e-07   0.0000e+00   2.6071e+02
20251205_23:00:00   2.6491e+00   2.7464e+02   3.4576e+01   2.1211e-04   0.0000e+00   2.5936e+02
20251206_00:00:00   2.3943e+00   2.6858e+02   3.1537e+01   3.1170e-05   0.0000e+00   2.5803e+02
20251206_01:00:00   2.0839e+00   2.5882e+02   2.7976e+01   0.0000e+00   0.0000e+00   2.5657e+02
20251206_02:00:00   1.8106e+00   2.4750e+02   2.4682e+01   0.0000e+00   0.0000e+00   2.5668e+02
20251206_03:00:00   1.7153e+00   2.4284e+02   2.3290e+01   0.0000e+00   0.0000e+00   2.5618e+02
20251206_04:00:00   2.0330e+00   2.5690e+02   2.7112e+01   0.0000e+00   0.0000e+00   2.5595e+02
20251206_05:00:00   2.1921e+00   2.6248e+02   2.8749e+01   0.0000e+00   0.0000e+00   2.5572e+02
20251206_06:00:00   2.0254e+00   2.5668e+02   2.7103e+01   0.0000e+00   0.0000e+00   2.5535e+02
20251206_07:00:00   2.5216e+00   2.7113e+02   3.3452e+01   1.0698e-03   0.0000e+00   2.5502e+02
20251206_08:00:00   2.5697e+00   2.7220e+02   3.3842e+01   1.3000e-03   0.0000e+00   2.5607e+02
20251206_09:00:00   2.3467e+00   2.6658e+02   3.1873e+01   2.8003e-04   0.0000e+00   2.5592e+02
20251206_10:00:00   2.6376e+00   2.7337e+02   3.5522e+01   1.2991e-03   0.0000e+00   2.5527e+02
20251206_11:00:00   2.9219e+00   2.7843e+02   3.8581e+01   8.0896e-03   0.0000e+00   2.5524e+02
20251206_12:00:00   2.3987e+00   2.6827e+02   3.2905e+01   1.1775e-06   0.0000e+00   2.5673e+02
20251206_13:00:00   2.1778e+00   2.6191e+02   3.0591e+01   0.0000e+00   0.0000e+00   2.5813e+02
20251206_14:00:00   2.3544e+00   2.6710e+02   3.2766e+01   0.0000e+00   0.0000e+00   2.5867e+02
20251206_15:00:00   2.3193e+00   2.6650e+02   3.1123e+01   0.0000e+00   0.0000e+00   2.5927e+02
20251206_16:00:00   2.5343e+00   2.7199e+02   3.4104e+01   4.0170e-04   0.0000e+00   2.5902e+02
20251206_17:00:00   2.5514e+00   2.7218e+02   3.4883e+01   2.6954e-04   0.0000e+00   2.5654e+02
20251206_18:00:00   2.4958e+00   2.7077e+02   3.4677e+01   0.0000e+00   0.0000e+00   2.5611e+02
20251206_19:00:00   2.5604e+00   2.7224e+02   3.5381e+01   0.0000e+00   0.0000e+00   2.5472e+02
20251206_20:00:00   2.7737e+00   2.7653e+02   3.8106e+01   0.0000e+00   0.0000e+00   2.5343e+02
20251206_21:00:00   2.9746e+00   2.7985e+02   4.0482e+01   1.1391e-04   0.0000e+00   2.5254e+02
20251206_22:00:00   3.3196e+00   2.8405e+02   4.4550e+01   3.2943e-03   0.0000e+00   2.5174e+02
20251206_23:00:00   3.1796e+00   2.8257e+02   4.2784e+01   2.6203e-03   0.0000e+00   2.5219e+02
20251207_00:00:00   3.4356e+00   2.8534e+02   4.3544e+01   8.4395e-02   0.0000e+00   2.5397e+02
20251207_01:00:00   3.5871e+00   2.8666e+02   4.4336e+01   1.1618e-01   0.0000e+00   2.5677e+02
20251207_02:00:00   3.1923e+00   2.8304e+02   4.2867e+01   3.9140e-03   0.0000e+00   2.5917e+02
20251207_03:00:00   3.0276e+00   2.8101e+02   4.0951e+01   0.0000e+00   0.0000e+00   2.5903e+02
20251207_04:00:00   3.1589e+00   2.8256e+02   4.2763e+01   5.6140e-05   0.0000e+00   2.5840e+02
20251207_05:00:00   3.1839e+00   2.8278e+02   4.3101e+01   0.0000e+00   0.0000e+00   2.5754e+02
20251207_06:00:00   3.3306e+00   2.8432e+02   4.5183e+01   3.7657e-04   0.0000e+00   2.5754e+02
20251207_07:00:00   3.3672e+00   2.8457e+02   4.5271e+01   1.2614e-02   0.0000e+00   2.5671e+02
20251207_08:00:00   2.6742e+00   2.7454e+02   3.7598e+01   1.8707e-06   0.0000e+00   2.5648e+02
20251207_09:00:00   2.2686e+00   2.6455e+02   3.2460e+01   2.6522e-07   0.0000e+00   2.5618e+02
20251207_10:00:00   2.1487e+00   2.6122e+02   2.9918e+01   1.3365e-07   0.0000e+00   2.5685e+02
20251207_11:00:00   1.9642e+00   2.5463e+02   2.6759e+01   1.7820e-07   0.0000e+00   2.5824e+02
20251207_12:00:00   2.0926e+00   2.5950e+02   2.8521e+01   0.0000e+00   0.0000e+00   2.5847e+02
20251207_13:00:00   2.4452e+00   2.7032e+02   3.3049e+01   1.3263e-07   0.0000e+00   2.5689e+02
20251207_14:00:00   2.9261e+00   2.7985e+02   3.9434e+01   0.0000e+00   0.0000e+00   2.5625e+02
20251207_15:00:00   3.3667e+00   2.8500e+02   4.5120e+01   1.6064e-03   0.0000e+00   2.5642e+02
20251207_16:00:00   3.3674e+00   2.8508e+02   4.5167e+01   2.0754e-03   0.0000e+00   2.5734e+02
20251207_17:00:00   3.1817e+00   2.8333e+02   4.2861e+01   2.4152e-03   0.0000e+00   2.5654e+02
20251207_18:00:00   3.1803e+00   2.8339e+02   4.2643e+01   1.3309e-04   0.0000e+00   2.5596e+02
20251207_19:00:00   3.3169e+00   2.8460e+02   4.4463e+01   2.4538e-04   0.0000e+00   2.5334e+02
20251207_20:00:00   3.2131e+00   2.8344e+02   4.3513e+01   5.4600e-05   0.0000e+00   2.5251e+02
20251207_21:00:00   3.0952e+00   2.8220e+02   4.1971e+01   0.0000e+00   0.0000e+00   2.5321e+02
20251207_22:00:00   2.9893e+00   2.8090e+02   4.0331e+01   1.4678e-04   0.0000e+00   2.5282e+02
20251207_23:00:00   2.9051e+00   2.7947e+02   3.9821e+01   4.7960e-04   0.0000e+00   2.5221e+02
20251208_00:00:00   3.0045e+00   2.8085e+02   4.1033e+01   0.0000e+00   0.0000e+00   2.5178e+02
20251208_01:00:00   2.9870e+00   2.8064e+02   4.0327e+01   1.5168e-04   0.0000e+00   2.5191e+02
20251208_02:00:00   2.7423e+00   2.7661e+02   3.7544e+01   0.0000e+00   0.0000e+00   2.5278e+02
20251208_03:00:00   2.5025e+00   2.7136e+02   3.4808e+01   0.0000e+00   0.0000e+00   2.5282e+02
20251208_04:00:00   2.2270e+00   2.6373e+02   3.1770e+01   0.0000e+00   0.0000e+00   2.5332e+02
20251208_05:00:00   2.1761e+00   2.6202e+02   3.1256e+01   0.0000e+00   0.0000e+00   2.5489e+02
20251208_06:00:00   2.3125e+00   2.6626e+02   3.2567e+01   0.0000e+00   0.0000e+00   2.5549e+02
20251208_07:00:00   2.6879e+00   2.7541e+02   3.6348e+01   2.8348e-04   0.0000e+00   2.5429e+02
20251208_08:00:00   2.9421e+00   2.7970e+02   3.9505e+01   1.4218e-04   0.0000e+00   2.5300e+02
20251208_09:00:00   3.0497e+00   2.8119e+02   4.1153e+01   7.3160e-06   0.0000e+00   2.5279e+02
20251208_10:00:00   3.0637e+00   2.8141e+02   4.1573e+01   1.9308e-04   0.0000e+00   2.5406e+02
20251208_11:00:00   2.9197e+00   2.7946e+02   3.9716e+01   6.2640e-06   0.0000e+00   2.5592e+02
20251208_12:00:00   2.9475e+00   2.8016e+02   3.9054e+01   1.3787e-02   0.0000e+00   2.5677e+02
20251208_13:00:00   2.7194e+00   2.7629e+02   3.6040e+01   1.8704e-02   0.0000e+00   2.5620e+02
20251208_14:00:00   2.0901e+00   2.5948e+02   2.8674e+01   1.0025e-02   0.0000e+00   2.5426e+02
20251208_15:00:00   1.8644e+00   2.5042e+02   2.5994e+01   0.0000e+00   0.0000e+00   2.5271e+02
20251208_16:00:00   1.9470e+00   2.5398e+02   2.6954e+01   7.7380e-06   0.0000e+00   2.5184e+02
20251208_17:00:00   1.9331e+00   2.5330e+02   2.7020e+01   8.3430e-05   0.0000e+00   2.5264e+02
20251208_18:00:00   1.8674e+00   2.5034e+02   2.6160e+01   1.8408e-05   0.0000e+00   2.5329e+02
20251208_19:00:00   1.8835e+00   2.5118e+02   2.5518e+01   0.0000e+00   0.0000e+00   2.5449e+02
20251208_20:00:00   1.8826e+00   2.5130e+02   2.5108e+01   0.0000e+00   0.0000e+00   2.5620e+02
20251208_21:00:00   2.0391e+00   2.5767e+02   2.7016e+01   0.0000e+00   0.0000e+00   2.5505e+02
20251208_22:00:00   2.3832e+00   2.6843e+02   3.1320e+01   3.5920e-04   0.0000e+00   2.5423e+02
20251208_23:00:00   2.5528e+00   2.7251e+02   3.3677e+01   0.0000e+00   0.0000e+00   2.5369e+02
20251209_00:00:00   2.5384e+00   2.7206e+02   3.4121e+01   0.0000e+00   0.0000e+00   2.5340e+02
20251209_01:00:00   2.6063e+00   2.7345e+02   3.5770e+01   0.0000e+00   0.0000e+00   2.5344e+02
20251209_02:00:00   2.8028e+00   2.7741e+02   3.8302e+01   0.0000e+00   0.0000e+00   2.5306e+02
20251209_03:00:00   2.9008e+00   2.7911e+02   3.9366e+01   3.5440e-07   0.0000e+00   2.5305e+02
20251209_04:00:00   2.5745e+00   2.7270e+02   3.5824e+01   7.7566e-05   0.0000e+00   2.5373e+02
20251209_05:00:00   2.1088e+00   2.5944e+02   3.0332e+01   3.5640e-07   0.0000e+00   2.5388e+02
20251209_06:00:00   1.9539e+00   2.5365e+02   2.7722e+01   0.0000e+00   0.0000e+00   2.5312e+02
20251209_07:00:00   1.9741e+00   2.5454e+02   2.7144e+01   3.7140e-06   0.0000e+00   2.5287e+02
20251209_08:00:00   1.9504e+00   2.5380e+02   2.6198e+01   6.3930e-05   0.0000e+00   2.5284e+02
20251209_09:00:00   1.8741e+00   2.5061e+02   2.5025e+01   3.1830e-06   0.0000e+00   2.5166e+02
20251209_10:00:00   1.8439e+00   2.4922e+02   2.4686e+01   0.0000e+00   0.0000e+00   2.5244e+02
20251209_11:00:00   1.8214e+00   2.4809e+02   2.4458e+01   0.0000e+00   0.0000e+00   2.5357e+02
20251209_12:00:00   1.7787e+00   2.4601e+02   2.3911e+01   0.0000e+00   0.0000e+00   2.5291e+02
20251209_13:00:00   1.7183e+00   2.4302e+02   2.3293e+01   0.0000e+00   0.0000e+00   2.5372e+02
20251209_14:00:00   1.6841e+00   2.4129e+02   2.2984e+01   0.0000e+00   0.0000e+00   2.5558e+02
20251209_15:00:00   1.6732e+00   2.4074e+02   2.2932e+01   0.0000e+00   0.0000e+00   2.5760e+02
20251209_16:00:00   1.6624e+00   2.4015e+02   2.2797e+01   0.0000e+00   0.0000e+00   2.5714e+02
20251209_17:00:00   1.6048e+00   2.3689e+02   2.2117e+01   0.0000e+00   0.0000e+00   2.5644e+02
20251209_18:00:00   1.5498e+00   2.3355e+02   2.1528e+01   0.0000e+00   0.0000e+00   2.5634e+02
20251209_19:00:00   1.5222e+00   2.3179e+02   2.1225e+01   0.0000e+00   0.0000e+00   2.5617e+02
20251209_20:00:00   1.5448e+00   2.3320e+02   2.1500e+01   0.0000e+00   6.8320e-06   2.5508e+02
20251209_21:00:00   1.5921e+00   2.3604e+02   2.2152e+01   0.0000e+00   2.1200e-05   2.5409e+02
20251209_22:00:00   1.6752e+00   2.4072e+02   2.3210e+01   0.0000e+00   1.7820e-07   2.5320e+02
20251209_23:00:00   1.8600e+00   2.4985e+02   2.5514e+01   0.0000e+00   0.0000e+00   2.5348e+02
20251210_00:00:00   2.2214e+00   2.6348e+02   2.9984e+01   3.1200e-04   0.0000e+00   2.5309e+02
20251210_03:00:00   3.2400e+00   2.8335e+02   4.2907e+01   3.9200e-05   0.0000e+00   2.5125e+02
20251210_06:00:00   3.6529e+00   2.8704e+02   5.0262e+01   1.1672e-05   2.8720e-04   2.5083e+02
20251210_09:00:00   2.0893e+00   2.5860e+02   3.0286e+01   0.0000e+00   1.0628e-04   2.5419e+02
20251210_12:00:00   2.3591e+00   2.6758e+02   3.0570e+01   3.3870e-02   0.0000e+00   2.5779e+02
20251210_15:00:00   2.8655e+00   2.7883e+02   3.8289e+01   8.5690e-04   0.0000e+00   2.5831e+02
20251210_18:00:00   3.6396e+00   2.8739e+02   4.9822e+01   3.8430e-04   0.0000e+00   2.5280e+02
20251210_21:00:00   3.5082e+00   2.8639e+02   4.7937e+01   0.0000e+00   2.4600e-24   2.5469e+02
20251211_00:00:00   2.9925e+00   2.8087e+02   4.1048e+01   6.6480e-05   1.5984e-06   2.5352e+02
20251211_03:00:00   2.5354e+00   2.7250e+02   3.2281e+01   3.9663e-02   0.0000e+00   2.5344e+02
20251211_06:00:00   3.3776e+00   2.8533e+02   4.4239e+01   2.2378e-02   1.1318e-07   2.5650e+02
20251211_09:00:00   2.8825e+00   2.7861e+02   4.0373e+01   1.2998e-05   6.8254e-06   2.5258e+02
20251211_12:00:00   2.7328e+00   2.7650e+02   3.7787e+01   2.6730e-07   2.7235e-04   2.5328e+02
20251211_15:00:00   3.1003e+00   2.8246e+02   4.1112e+01   3.7039e-03   1.3208e-05   2.5547e+02
20251211_18:00:00   3.5213e+00   2.8651e+02   4.7776e+01   2.7845e-03   9.2760e-05   2.5603e+02
20251211_21:00:00   2.9402e+00   2.7956e+02   4.2718e+01   0.0000e+00   0.0000e+00   2.5533e+02
20251212_00:00:00   2.4015e+00   2.6936e+02   3.2194e+01   1.5238e-03   0.0000e+00   2.5854e+02
20251212_03:00:00   2.3153e+00   2.6674e+02   3.2464e+01   4.3620e-05   3.5360e-07   2.5719e+02
20251212_06:00:00   2.8362e+00   2.7847e+02   3.7537e+01   3.7740e-04   0.0000e+00   2.5474e+02
20251212_09:00:00   3.0289e+00   2.8106e+02   4.0835e+01   2.0479e-03   2.0642e-04   2.5579e+02
20251212_12:00:00   2.6971e+00   2.7582e+02   3.5722e+01   0.0000e+00   2.0140e-05   2.5784e+02
20251212_15:00:00   2.4340e+00   2.6993e+02   3.3249e+01   8.0810e-04   2.0040e-05   2.5917e+02
20251212_18:00:00   2.2149e+00   2.6364e+02   3.0733e+01   0.0000e+00   0.0000e+00   2.5870e+02
20251212_21:00:00   2.4326e+00   2.7009e+02   3.3052e+01   0.0000e+00   0.0000e+00   2.5796e+02
20251213_00:00:00   2.3474e+00   2.6759e+02   3.2253e+01   0.0000e+00   0.0000e+00   2.5729e+02
20251213_03:00:00   2.0068e+00   2.5636e+02   2.8097e+01   2.3878e-06   0.0000e+00   2.5803e+02
20251213_06:00:00   2.2613e+00   2.6522e+02   3.0420e+01   6.0400e-04   0.0000e+00   2.5725e+02
20251213_09:00:00   2.6745e+00   2.7528e+02   3.5584e+01   1.0221e-03   0.0000e+00   2.5561e+02
20251213_12:00:00   3.3155e+00   2.8437e+02   4.5188e+01   1.8380e-04   1.5860e-04   2.5525e+02
20251213_15:00:00   3.3085e+00   2.8450e+02   4.5633e+01   2.9162e-03   1.3884e-04   2.5707e+02
20251213_18:00:00   3.2559e+00   2.8409e+02   4.4907e+01   2.6789e-04   7.1959e-04   2.5501e+02
20251213_21:00:00   3.1178e+00   2.8252e+02   4.3041e+01   0.0000e+00   8.1587e-03   2.5442e+02
20251214_00:00:00   3.4702e+00   2.8596e+02   4.7900e+01   3.9060e-04   1.1530e-02   2.5791e+02
20251214_03:00:00   3.3245e+00   2.8462e+02   4.6356e+01   2.6660e-07   1.0223e-02   2.5926e+02
20251214_06:00:00   3.4733e+00   2.8573e+02   4.8393e+01   8.6240e-05   5.3551e-03   2.6163e+02
20251214_09:00:00   3.5594e+00   2.8628e+02   5.0039e+01   5.5920e-04   3.3587e-02   2.5376e+02
20251214_12:00:00   3.6163e+00   2.8681e+02   5.1153e+01   1.1458e-04   4.6254e-02   2.5340e+02
20251214_15:00:00   3.5712e+00   2.8675e+02   5.0575e+01   1.6656e-04   5.7946e-02   2.5461e+02
20251214_18:00:00   3.5385e+00   2.8634e+02   5.0203e+01   5.4880e-04   2.2024e-02   2.5386e+02
20251214_21:00:00   3.4533e+00   2.8579e+02   4.8893e+01   0.0000e+00   7.8936e-03   2.5584e+02
20251215_00:00:00   3.3474e+00   2.8486e+02   4.7327e+01   0.0000e+00   1.8727e-02   2.5634e+02
20251215_03:00:00   3.3979e+00   2.8510e+02   4.7889e+01   1.0510e-03   8.6787e-03   2.5683e+02
20251215_06:00:00   3.3441e+00   2.8449e+02   4.7320e+01   3.3600e-04   6.3258e-03   2.5725e+02
20251215_09:00:00   2.6189e+00   2.7321e+02   3.9056e+01   8.8420e-08   9.0330e-04   2.5540e+02
20251215_12:00:00   3.3086e+00   2.8403e+02   4.6728e+01   1.5106e-03   9.8563e-04   2.5976e+02
20251215_15:00:00   3.0477e+00   2.8093e+02   4.4498e+01   1.1036e-05   1.8909e-03   2.5841e+02
20251215_18:00:00   2.8375e+00   2.7786e+02   4.0823e+01   2.7285e-04   2.2074e-03   2.5883e+02
20251215_21:00:00   2.9453e+00   2.7981e+02   4.1996e+01   0.0000e+00   6.8074e-04   2.5708e+02
20251216_00:00:00   3.0993e+00   2.8205e+02   4.3396e+01   0.0000e+00   3.5906e-04   2.5463e+02
20251216_03:00:00   2.9402e+00   2.7968e+02   4.1058e+01   1.4190e-04   5.6460e-04   2.5558e+02
20251216_06:00:00   2.9900e+00   2.8027e+02   4.1242e+01   5.3100e-05   8.2420e-04   2.5495e+02
20251216_09:00:00   2.6894e+00   2.7505e+02   3.7617e+01   3.1240e-05   3.0097e-04   2.5527e+02
20251216_12:00:00   2.9005e+00   2.7892e+02   4.0471e+01   3.3280e-06   4.7480e-06   2.5598e+02
20251216_15:00:00   2.6419e+00   2.7446e+02   3.7113e+01   1.4973e-05   1.0820e-04   2.5740e+02
20251216_18:00:00   2.5406e+00   2.7227e+02   3.5764e+01   0.0000e+00   2.2962e-04   2.5699e+02
20251216_21:00:00   2.7062e+00   2.7577e+02   3.7761e+01   0.0000e+00   0.0000e+00   2.5832e+02
20251217_00:00:00   2.9064e+00   2.7889e+02   4.0505e+01   2.5120e-04   1.9400e-05   2.5993e+02
20251217_03:00:00   2.9844e+00   2.7995e+02   4.2028e+01   0.0000e+00   1.2270e-04   2.6010e+02
20251217_06:00:00   3.0565e+00   2.8090e+02   4.3122e+01   0.0000e+00   4.6047e-06   2.6170e+02
20251217_09:00:00   2.8748e+00   2.7819e+02   4.0690e+01   0.0000e+00   0.0000e+00   2.6018e+02
20251217_12:00:00   2.8238e+00   2.7755e+02   3.9601e+01   0.0000e+00   1.6240e-04   2.6218e+02
20251217_15:00:00   2.8832e+00   2.7870e+02   4.0620e+01   0.0000e+00   7.1900e-06   2.6255e+02
20251217_18:00:00   2.5987e+00   2.7333e+02   3.7262e+01   1.7684e-07   7.8993e-06   2.6291e+02
20251217_21:00:00   2.8330e+00   2.7782e+02   3.9881e+01   0.0000e+00   1.4202e-06   2.5972e+02
20251218_00:00:00   2.7772e+00   2.7675e+02   3.9299e+01   0.0000e+00   4.2756e-04   2.6019e+02
20251218_03:00:00   2.8493e+00   2.7805e+02   4.0199e+01   0.0000e+00   1.3993e-03   2.6106e+02
20251218_06:00:00   2.9305e+00   2.7904e+02   4.1406e+01   8.8420e-08   4.4575e-03   2.6116e+02
20251218_09:00:00   3.0498e+00   2.8058e+02   4.3324e+01   0.0000e+00   3.2916e-03   2.5907e+02
20251218_12:00:00   3.1527e+00   2.8194e+02   4.4940e+01   1.0410e-04   9.5120e-04   2.5667e+02
20251218_15:00:00   3.1290e+00   2.8199e+02   4.4731e+01   0.0000e+00   1.3801e-04   2.6024e+02
20251218_18:00:00   3.1744e+00   2.8238e+02   4.5401e+01   0.0000e+00   1.5594e-03   2.5801e+02
20251218_21:00:00   3.2563e+00   2.8326e+02   4.6708e+01   0.0000e+00   5.3860e-04   2.5193e+02
20251219_00:00:00   3.2248e+00   2.8289e+02   4.6192e+01   0.0000e+00   2.7637e-04   2.4751e+02
20251219_03:00:00   3.1403e+00   2.8193e+02   4.4947e+01   0.0000e+00   1.9892e-04   2.4844e+02
20251219_06:00:00   3.2865e+00   2.8316e+02   4.6836e+01   3.0451e-04   4.6560e-05   2.4926e+02
20251219_09:00:00   2.6563e+00   2.7288e+02   4.0583e+01   0.0000e+00   0.0000e+00   2.4793e+02
20251219_12:00:00   2.4588e+00   2.6921e+02   3.5555e+01   8.0930e-04   0.0000e+00   2.4761e+02
20251219_15:00:00   2.3693e+00   2.6684e+02   3.5346e+01   0.0000e+00   1.0610e-06   2.4833e+02
20251219_18:00:00   2.9919e+00   2.7994e+02   4.1557e+01   6.0458e-03   4.4560e-07   2.5083e+02
20251219_21:00:00   1.6914e+00   2.4049e+02   2.5564e+01   0.0000e+00   1.0982e-04   2.5226e+02
20251220_00:00:00   2.2024e+00   2.6224e+02   3.1690e+01   0.0000e+00   1.6048e-05   2.5126e+02
20251220_03:00:00   2.3740e+00   2.6741e+02   3.4224e+01   0.0000e+00   4.0880e-05   2.5315e+02
20251220_06:00:00   2.4657e+00   2.6939e+02   3.5415e+01   1.9318e-04   3.6160e-04   2.5192e+02
20251220_09:00:00   3.0180e+00   2.7977e+02   4.2252e+01   2.3613e-04   0.0000e+00   2.5034e+02
20251220_12:00:00   2.6826e+00   2.7452e+02   3.8383e+01   9.3560e-07   0.0000e+00   2.5219e+02
20251220_15:00:00   2.6444e+00   2.7400e+02   3.7473e+01   0.0000e+00   0.0000e+00   2.5475e+02
20251220_18:00:00   2.6716e+00   2.7446e+02   3.8221e+01   0.0000e+00   0.0000e+00   2.5757e+02
20251220_21:00:00   2.8720e+00   2.7804e+02   4.0622e+01   0.0000e+00   1.3060e-04   2.5709e+02
20251221_00:00:00   3.0603e+00   2.8062e+02   4.3513e+01   1.3208e-05   5.5240e-05   2.5656e+02
