#            date       tau255        Tb[K]      pwv[mm] lwp[kg*m^-2] iwp[kg*m^-2]       o3[DU]
20251206_18:00:00   2.7937e+00   2.7720e+02   3.7960e+01   0.0000e+00   0.0000e+00   2.6222e+02
20251206_19:00:00   2.8572e+00   2.7818e+02   3.9050e+01   2.4958e-06   0.0000e+00   2.6161e+02
20251206_20:00:00   2.9655e+00   2.7991e+02   4.0743e+01   0.0000e+00   0.0000e+00   2.5811e+02
20251206_21:00:00   3.0729e+00   2.8143e+02   4.1820e+01   2.2980e-06   0.0000e+00   2.5551e+02
20251206_22:00:00   3.0603e+00   2.8131e+02   4.1544e+01   0.0000e+00   0.0000e+00   2.5482e+02
20251206_23:00:00   3.0893e+00   2.8175e+02   4.1877e+01   2.7140e-03   0.0000e+00   2.5418e+02
20251207_00:00:00   3.2924e+00   2.8394e+02   4.3348e+01   4.5413e-02   0.0000e+00   2.5539e+02
20251207_01:00:00   3.1221e+00   2.8215e+02   4.2078e+01   5.5512e-03   0.0000e+00   2.5575e+02
20251207_02:00:00   3.0363e+00   2.8104e+02   4.0935e+01   0.0000e+00   0.0000e+00   2.5651e+02
20251207_03:00:00   2.9734e+00   2.8010e+02   4.0080e+01   0.0000e+00   0.0000e+00   2.5705e+02
20251207_04:00:00   2.9179e+00   2.7923e+02   3.9301e+01   0.0000e+00   0.0000e+00   2.5780e+02
20251207_05:00:00   2.6702e+00   2.7491e+02   3.6348e+01   0.0000e+00   0.0000e+00   2.5922e+02
20251207_06:00:00   2.6482e+00   2.7446e+02   3.5667e+01   3.9910e-04   0.0000e+00   2.5985e+02
20251207_07:00:00   2.6690e+00   2.7481e+02   3.6038e+01   2.1853e-04   0.0000e+00   2.6091e+02
20251207_08:00:00   2.5387e+00   2.7215e+02   3.4546e+01   0.0000e+00   0.0000e+00   2.6182e+02
20251207_09:00:00   2.4975e+00   2.7099e+02   3.4047e+01   2.9042e-05   0.0000e+00   2.6150e+02
20251207_10:00:00   2.4356e+00   2.6948e+02   3.3314e+01   1.9513e-04   0.0000e+00   2.6161e+02
20251207_11:00:00   2.3370e+00   2.6691e+02   3.1976e+01   9.2460e-05   0.0000e+00   2.6178e+02
20251207_12:00:00   2.3678e+00   2.6792e+02   3.1933e+01   3.8760e-06   0.0000e+00   2.6074e+02
20251207_13:00:00   2.5860e+00   2.7330e+02   3.4602e+01   3.1830e-06   0.0000e+00   2.5886e+02
20251207_14:00:00   2.7546e+00   2.7667e+02   3.6933e+01   7.4730e-04   0.0000e+00   2.5900e+02
20251207_15:00:00   2.5236e+00   2.7195e+02   3.4130e+01   9.8149e-04   0.0000e+00   2.5968e+02
20251207_16:00:00   2.1000e+00   2.5992e+02   2.8669e+01   4.1936e-04   0.0000e+00   2.5924e+02
20251207_17:00:00   2.1893e+00   2.6297e+02   2.9626e+01   0.0000e+00   0.0000e+00   2.5835e+02
20251207_18:00:00   2.5083e+00   2.7174e+02   3.3477e+01   0.0000e+00   0.0000e+00   2.5753e+02
20251207_19:00:00   2.6130e+00   2.7404e+02   3.4892e+01   0.0000e+00   0.0000e+00   2.5962e+02
20251207_20:00:00   2.9002e+00   2.7908e+02   3.8598e+01   0.0000e+00   0.0000e+00   2.5904e+02
20251207_21:00:00   3.0528e+00   2.8116e+02   4.0585e+01   0.0000e+00   0.0000e+00   2.5763e+02
20251207_22:00:00   3.0537e+00   2.8112e+02   4.0660e+01   4.2800e-04   0.0000e+00   2.5523e+02
20251207_23:00:00   3.2497e+00   2.8338e+02   4.3235e+01   1.0880e-02   0.0000e+00   2.5526e+02
20251208_00:00:00   3.4593e+00   2.8555e+02   4.4875e+01   4.4019e-02   0.0000e+00   2.5615e+02
20251208_01:00:00   3.0603e+00   2.8141e+02   3.9840e+01   5.6181e-02   0.0000e+00   2.5781e+02
20251208_02:00:00   2.3711e+00   2.6810e+02   3.2932e+01   2.5640e-06   0.0000e+00   2.5758e+02
20251208_03:00:00   2.2979e+00   2.6600e+02   3.1836e+01   6.1900e-07   0.0000e+00   2.5646e+02
20251208_04:00:00   2.4739e+00   2.7065e+02   3.3629e+01   4.4560e-07   0.0000e+00   2.5580e+02
20251208_05:00:00   2.4858e+00   2.7094e+02   3.3608e+01   0.0000e+00   0.0000e+00   2.5543e+02
20251208_06:00:00   2.4534e+00   2.6998e+02   3.3236e+01   0.0000e+00   0.0000e+00   2.5561e+02
20251208_07:00:00   2.4535e+00   2.6972e+02   3.3338e+01   0.0000e+00   0.0000e+00   2.5562e+02
20251208_08:00:00   2.4534e+00   2.6967e+02   3.3292e+01   9.9180e-04   0.0000e+00   2.5458e+02
20251208_09:00:00   2.3375e+00   2.6668e+02   3.1882e+01   8.4480e-04   0.0000e+00   2.5427e+02
20251208_10:00:00   2.0015e+00   2.5567e+02   2.7459e+01   1.3967e-05   0.0000e+00   2.5482e+02
20251208_11:00:00   1.7231e+00   2.4325e+02   2.3382e+01   0.0000e+00   0.0000e+00   2.5616e+02
20251208_12:00:00   1.5695e+00   2.3474e+02   2.1192e+01   0.0000e+00   0.0000e+00   2.5812e+02
20251208_13:00:00   1.4580e+00   2.2768e+02   1.9773e+01   0.0000e+00   0.0000e+00   2.5822e+02
20251208_14:00:00   1.4585e+00   2.2768e+02   1.9993e+01   0.0000e+00   0.0000e+00   2.5845e+02
20251208_15:00:00   1.6810e+00   2.4114e+02   2.2848e+01   0.0000e+00   0.0000e+00   2.5906e+02
20251208_16:00:00   1.9691e+00   2.5467e+02   2.6220e+01   0.0000e+00   0.0000e+00   2.5851e+02
20251208_17:00:00   2.1680e+00   2.6202e+02   2.8490e+01   0.0000e+00   0.0000e+00   2.5835e+02
20251208_18:00:00   2.3127e+00   2.6655e+02   3.0284e+01   0.0000e+00   0.0000e+00   2.5757e+02
20251208_19:00:00   2.4252e+00   2.6955e+02   3.1768e+01   3.9790e-07   0.0000e+00   2.5677e+02
20251208_20:00:00   2.5386e+00   2.7221e+02   3.3170e+01   0.0000e+00   0.0000e+00   2.5578e+02
20251208_21:00:00   2.6396e+00   2.7446e+02   3.4485e+01   0.0000e+00   0.0000e+00   2.5519e+02
20251208_22:00:00   2.7361e+00   2.7635e+02   3.5830e+01   0.0000e+00   0.0000e+00   2.5463e+02
20251208_23:00:00   2.8096e+00   2.7761e+02   3.6714e+01   1.2609e-05   0.0000e+00   2.5469e+02
20251209_00:00:00   2.9178e+00   2.7939e+02   3.7982e+01   0.0000e+00   0.0000e+00   2.5484e+02
20251209_01:00:00   3.0211e+00   2.8094e+02   3.9395e+01   1.2714e-04   0.0000e+00   2.5518e+02
20251209_02:00:00   3.0847e+00   2.8194e+02   4.0225e+01   4.9910e-06   0.0000e+00   2.5451e+02
20251209_03:00:00   3.1220e+00   2.8234e+02   4.0707e+01   6.2100e-05   0.0000e+00   2.5344e+02
20251209_04:00:00   3.0505e+00   2.8145e+02   3.9922e+01   3.9200e-07   0.0000e+00   2.5229e+02
20251209_05:00:00   3.0099e+00   2.8082e+02   3.9479e+01   1.8554e-05   0.0000e+00   2.5269e+02
20251209_06:00:00   3.0906e+00   2.8173e+02   4.0613e+01   5.6750e-04   0.0000e+00   2.5292e+02
20251209_07:00:00   3.1443e+00   2.8222e+02   4.1832e+01   3.1780e-04   0.0000e+00   2.5277e+02
20251209_08:00:00   3.1646e+00   2.8248e+02   4.2560e+01   1.3443e-04   0.0000e+00   2.5326e+02
20251209_09:00:00   3.0286e+00   2.8057e+02   4.1428e+01   8.4371e-04   0.0000e+00   2.5516e+02
20251209_10:00:00   2.7884e+00   2.7664e+02   3.8943e+01   0.0000e+00   0.0000e+00   2.5593e+02
20251209_11:00:00   2.6926e+00   2.7490e+02   3.7744e+01   0.0000e+00   0.0000e+00   2.5599e+02
20251209_12:00:00   2.6552e+00   2.7434e+02   3.7114e+01   0.0000e+00   0.0000e+00   2.5645e+02
20251209_13:00:00   2.5433e+00   2.7208e+02   3.5523e+01   0.0000e+00   0.0000e+00   2.5775e+02
20251209_14:00:00   2.3151e+00   2.6626e+02   3.2449e+01   0.0000e+00   0.0000e+00   2.5824e+02
20251209_15:00:00   2.1430e+00   2.6100e+02   2.9712e+01   0.0000e+00   0.0000e+00   2.5831e+02
20251209_16:00:00   2.0320e+00   2.5713e+02   2.7824e+01   0.0000e+00   0.0000e+00   2.5925e+02
20251209_17:00:00   1.9677e+00   2.5474e+02   2.6743e+01   0.0000e+00   0.0000e+00   2.5946e+02
20251209_18:00:00   1.9103e+00   2.5241e+02   2.5826e+01   0.0000e+00   0.0000e+00   2.5816e+02
20251209_19:00:00   1.8335e+00   2.4898e+02   2.4657e+01   0.0000e+00   0.0000e+00   2.5599e+02
20251209_20:00:00   1.8056e+00   2.4766e+02   2.4053e+01   0.0000e+00   0.0000e+00   2.5537e+02
20251209_21:00:00   1.8130e+00   2.4801e+02   2.4004e+01   0.0000e+00   0.0000e+00   2.5568e+02
20251209_22:00:00   1.8102e+00   2.4789e+02   2.3999e+01   0.0000e+00   0.0000e+00   2.5459e+02
20251209_23:00:00   1.8318e+00   2.4893e+02   2.4323e+01   0.0000e+00   0.0000e+00   2.5341e+02
20251210_00:00:00   1.8993e+00   2.5198e+02   2.5142e+01   4.4480e-05   0.0000e+00   2.5299e+02
20251210_01:00:00   2.0031e+00   2.5623e+02   2.6262e+01   8.9500e-04   0.0000e+00   2.5315e+02
20251210_02:00:00   2.0965e+00   2.5971e+02   2.7404e+01   6.8760e-05   0.0000e+00   2.5277e+02
20251210_03:00:00   2.3042e+00   2.6626e+02   3.0102e+01   8.8140e-06   0.0000e+00   2.5345e+02
20251210_04:00:00   2.6912e+00   2.7537e+02   3.5365e+01   9.6240e-04   0.0000e+00   2.5289e+02
20251210_05:00:00   3.0970e+00   2.8177e+02   4.0878e+01   2.1224e-06   0.0000e+00   2.5242e+02
20251210_06:00:00   3.1873e+00   2.8288e+02   4.2187e+01   0.0000e+00   0.0000e+00   2.5217e+02
20251210_07:00:00   3.0711e+00   2.8144e+02   4.1074e+01   0.0000e+00   0.0000e+00   2.5209e+02
20251210_08:00:00   3.0090e+00   2.8057e+02   4.0471e+01   1.8568e-06   0.0000e+00   2.5237e+02
20251210_09:00:00   3.0284e+00   2.8085e+02   4.0752e+01   0.0000e+00   0.0000e+00   2.5286e+02
20251210_10:00:00   2.9745e+00   2.8012e+02   4.0264e+01   0.0000e+00   0.0000e+00   2.5215e+02
20251210_11:00:00   2.9952e+00   2.8041e+02   4.0985e+01   0.0000e+00   0.0000e+00   2.5247e+02
20251210_12:00:00   3.1588e+00   2.8250e+02   4.3346e+01   0.0000e+00   8.7820e-23   2.5359e+02
20251210_13:00:00   3.2486e+00   2.8375e+02   4.4536e+01   0.0000e+00   3.5360e-07   2.5490e+02
20251210_14:00:00   3.4119e+00   2.8548e+02   4.6807e+01   0.0000e+00   0.0000e+00   2.5559e+02
20251210_15:00:00   3.4348e+00   2.8573e+02   4.7432e+01   3.4940e-05   0.0000e+00   2.5603e+02
20251210_16:00:00   3.1026e+00   2.8211e+02   4.3507e+01   4.5090e-03   0.0000e+00   2.5566e+02
20251210_17:00:00   3.1826e+00   2.8314e+02   4.4955e+01   6.3630e-04   0.0000e+00   2.5415e+02
20251210_18:00:00   3.3743e+00   2.8515e+02   4.7998e+01   6.2220e-04   0.0000e+00   2.5341e+02
20251210_19:00:00   3.3273e+00   2.8445e+02   4.7987e+01   3.8460e-05   0.0000e+00   2.5329e+02
20251210_20:00:00   3.3455e+00   2.8478e+02   4.7556e+01   2.2260e-04   0.0000e+00   2.5228e+02
20251210_21:00:00   3.5219e+00   2.8652e+02   4.8823e+01   4.2260e-05   4.4040e-23   2.5195e+02
20251210_22:00:00   3.6561e+00   2.8745e+02   5.0409e+01   1.8076e-04   0.0000e+00   2.5192e+02
20251210_23:00:00   3.7554e+00   2.8830e+02   5.1883e+01   8.7072e-05   2.5540e-21   2.5091e+02
20251211_00:00:00   3.7699e+00   2.8854e+02   5.2129e+01   1.4534e-05   0.0000e+00   2.4961e+02
20251211_01:00:00   3.3826e+00   2.8551e+02   4.7407e+01   9.3160e-06   5.0316e-05   2.4937e+02
20251211_02:00:00   2.9211e+00   2.7967e+02   4.0398e+01   2.9920e-03   7.9340e-05   2.4959e+02
20251211_03:00:00   2.6870e+00   2.7533e+02   3.8147e+01   0.0000e+00   6.6040e-06   2.4897e+02
20251211_04:00:00   3.1884e+00   2.8303e+02   4.3750e+01   2.1080e-04   4.9560e-05   2.4836e+02
20251211_05:00:00   3.6388e+00   2.8721e+02   4.9083e+01   1.0746e-03   2.7980e-04   2.4955e+02
20251211_06:00:00   3.7061e+00   2.8779e+02   5.0687e+01   5.0062e-04   2.1477e-04   2.5009e+02
20251211_07:00:00   3.1829e+00   2.8267e+02   4.5487e+01   2.2457e-05   1.1348e-05   2.5129e+02
20251211_08:00:00   3.0034e+00   2.8018e+02   4.3258e+01   0.0000e+00   2.3000e-06   2.5208e+02
20251211_09:00:00   3.1758e+00   2.8269e+02   4.4602e+01   4.2260e-05   8.8560e-07   2.5187e+02
20251211_10:00:00   3.3701e+00   2.8499e+02   4.6170e+01   4.5760e-04   2.6260e-05   2.5370e+02
20251211_11:00:00   3.3931e+00   2.8517e+02   4.6270e+01   1.9386e-04   2.7120e-05   2.5329e+02
20251211_12:00:00   3.4341e+00   2.8569e+02   4.6657e+01   5.0100e-05   1.2378e-06   2.5371e+02
20251211_13:00:00   3.4346e+00   2.8586e+02   4.6732e+01   3.8220e-05   2.1221e-06   2.5393e+02
20251211_14:00:00   3.4842e+00   2.8639e+02   4.7357e+01   7.9020e-04   1.4422e-04   2.5341e+02
20251211_15:00:00   3.5251e+00   2.8681e+02   4.7944e+01   2.7172e-04   7.6058e-06   2.5397e+02
20251211_16:00:00   3.2562e+00   2.8417e+02   4.4892e+01   2.1381e-03   2.0359e-06   2.5237e+02
20251211_17:00:00   2.4592e+00   2.7076e+02   3.4196e+01   0.0000e+00   0.0000e+00   2.5255e+02
20251211_18:00:00   2.0943e+00   2.6001e+02   2.8045e+01   0.0000e+00   0.0000e+00   2.5121e+02
20251211_21:00:00   1.8809e+00   2.5119e+02   2.5458e+01   2.2740e-04   0.0000e+00   2.5248e+02
20251212_00:00:00   2.1270e+00   2.6089e+02   2.9036e+01   5.1130e-04   0.0000e+00   2.5326e+02
20251212_03:00:00   2.2280e+00   2.6386e+02   3.0388e+01   0.0000e+00   0.0000e+00   2.5367e+02
20251212_06:00:00   2.7643e+00   2.7704e+02   3.6592e+01   7.4354e-03   0.0000e+00   2.5511e+02
20251212_09:00:00   2.4777e+00   2.7012e+02   3.3418e+01   1.3274e-02   0.0000e+00   2.5350e+02
20251212_12:00:00   2.0142e+00   2.5654e+02   2.6705e+01   0.0000e+00   0.0000e+00   2.5432e+02
20251212_15:00:00   2.0147e+00   2.5687e+02   2.6484e+01   0.0000e+00   0.0000e+00   2.5620e+02
20251212_18:00:00   2.6930e+00   2.7559e+02   3.5928e+01   1.0952e-03   0.0000e+00   2.5346e+02
20251212_21:00:00   2.7935e+00   2.7767e+02   3.7249e+01   3.4480e-06   0.0000e+00   2.5116e+02
20251213_00:00:00   2.0148e+00   2.5671e+02   2.7443e+01   0.0000e+00   0.0000e+00   2.5111e+02
20251213_03:00:00   2.3520e+00   2.6790e+02   3.0821e+01   0.0000e+00   0.0000e+00   2.5223e+02
20251213_06:00:00   2.4506e+00   2.7029e+02   3.3025e+01   0.0000e+00   0.0000e+00   2.5322e+02
20251213_09:00:00   2.1763e+00   2.6253e+02   2.8340e+01   1.1243e-02   0.0000e+00   2.4979e+02
20251213_12:00:00   2.9005e+00   2.7936e+02   3.7917e+01   4.0100e-07   0.0000e+00   2.4838e+02
20251213_15:00:00   2.7538e+00   2.7726e+02   3.5724e+01   7.0870e-04   0.0000e+00   2.5065e+02
20251213_18:00:00   2.8125e+00   2.7827e+02   3.7457e+01   0.0000e+00   0.0000e+00   2.4931e+02
20251213_21:00:00   3.0319e+00   2.8142e+02   4.1600e+01   0.0000e+00   3.3280e-06   2.4636e+02
20251214_00:00:00   1.8165e+00   2.4843e+02   2.5390e+01   0.0000e+00   1.1502e-06   2.4646e+02
20251214_03:00:00   1.5635e+00   2.3465e+02   2.1875e+01   0.0000e+00   6.2846e-04   2.4894e+02
20251214_06:00:00   2.0673e+00   2.5848e+02   2.8773e+01   2.4797e-05   7.1840e-04   2.4981e+02
20251214_09:00:00   2.7982e+00   2.7760e+02   3.8148e+01   1.1138e-06   1.0992e-05   2.4942e+02
20251214_12:00:00   3.4612e+00   2.8597e+02   4.7441e+01   0.0000e+00   1.2075e-04   2.5205e+02
20251214_15:00:00   3.5990e+00   2.8710e+02   5.0225e+01   0.0000e+00   2.2453e-03   2.5042e+02
20251214_18:00:00   3.5416e+00   2.8666e+02   4.9486e+01   3.4940e-05   1.8201e-03   2.5195e+02
20251214_21:00:00   3.6113e+00   2.8719e+02   5.0367e+01   0.0000e+00   4.0635e-03   2.5410e+02
20251215_00:00:00   3.7085e+00   2.8805e+02   5.1223e+01   1.4258e-04   1.1801e-03   2.5433e+02
20251215_03:00:00   3.8889e+00   2.8909e+02   5.3829e+01   2.6000e-04   2.8764e-03   2.5462e+02
20251215_06:00:00   3.9043e+00   2.8915e+02   5.4294e+01   2.8220e-04   1.0721e-03   2.5587e+02
20251215_09:00:00   3.7130e+00   2.8796e+02   5.2116e+01   1.0630e-03   1.4429e-03   2.5673e+02
20251215_12:00:00   3.4697e+00   2.8632e+02   4.8807e+01   0.0000e+00   4.3633e-04   2.5704e+02
20251215_15:00:00   2.9322e+00   2.7980e+02   4.2163e+01   1.6636e-05   2.8144e-04   2.5783e+02
20251215_18:00:00   2.4589e+00   2.7044e+02   3.5167e+01   0.0000e+00   2.0175e-03   2.6045e+02
20251215_21:00:00   2.4245e+00   2.6952e+02   3.4516e+01   0.0000e+00   2.6741e-03   2.6276e+02
20251216_00:00:00   3.0031e+00   2.8099e+02   4.0847e+01   1.9958e-05   1.8990e-03   2.6095e+02
20251216_03:00:00   2.3646e+00   2.6787e+02   3.3603e+01   0.0000e+00   1.4596e-03   2.5378e+02
20251216_06:00:00   2.6415e+00   2.7466e+02   3.5762e+01   0.0000e+00   3.3080e-04   2.5069e+02
20251216_09:00:00   2.9313e+00   2.7952e+02   4.0387e+01   4.4200e-05   2.4298e-04   2.5561e+02
20251216_12:00:00   2.8656e+00   2.7866e+02   3.9635e+01   8.8420e-08   3.4420e-04   2.5668e+02
20251216_15:00:00   2.7462e+00   2.7667e+02   3.8475e+01   0.0000e+00   1.5688e-05   2.5780e+02
20251216_18:00:00   2.8984e+00   2.7908e+02   4.0638e+01   2.4958e-06   3.8740e-04   2.5798e+02
20251216_21:00:00   2.8653e+00   2.7840e+02   4.0074e+01   8.8420e-08   3.5640e-07   2.6053e+02
20251217_00:00:00   2.9008e+00   2.7906e+02   4.0537e+01   0.0000e+00   6.7440e-06   2.6511e+02
20251217_03:00:00   3.0194e+00   2.8065e+02   4.2453e+01   0.0000e+00   0.0000e+00   2.6919e+02
20251217_06:00:00   3.0703e+00   2.8109e+02   4.3377e+01   3.3020e-05   0.0000e+00   2.7061e+02
20251217_09:00:00   3.1055e+00   2.8146e+02   4.3941e+01   2.6522e-07   2.6620e-06   2.7003e+02
20251217_12:00:00   3.2823e+00   2.8352e+02   4.6394e+01   1.8042e-05   1.5081e-05   2.7257e+02
20251217_15:00:00   3.4853e+00   2.8546e+02   4.9107e+01   1.8490e-03   7.5264e-04   2.7117e+02
20251217_18:00:00   3.2661e+00   2.8342e+02   4.6998e+01   9.0971e-04   3.4160e-06   2.6693e+02
20251217_21:00:00   2.8928e+00   2.7789e+02   4.2774e+01   1.0024e-06   9.9980e-04   2.5949e+02
20251218_00:00:00   2.0175e+00   2.5500e+02   3.0640e+01   1.8043e-05   6.0640e-04   2.5169e+02
20251218_03:00:00   1.4542e+00   2.2548e+02   2.2624e+01   0.0000e+00   5.0021e-05   2.4881e+02
20251218_06:00:00   1.8628e+00   2.4889e+02   2.6869e+01   4.3810e-05   6.1837e-03   2.4878e+02
20251218_09:00:00   2.9129e+00   2.7866e+02   4.0474e+01   0.0000e+00   2.9644e-03   2.5062e+02
20251218_12:00:00   2.7441e+00   2.7591e+02   3.9289e+01   0.0000e+00   8.3826e-04   2.5077e+02
20251218_15:00:00   2.9365e+00   2.7949e+02   4.0481e+01   5.5078e-05   5.0862e-04   2.5152e+02
20251218_18:00:00   2.9144e+00   2.7918e+02   4.0707e+01   1.7969e-04   3.7708e-04   2.4757e+02
20251218_21:00:00   2.9643e+00   2.7980e+02   4.1817e+01   0.0000e+00   6.5220e-05   2.4449e+02
20251219_00:00:00   2.8158e+00   2.7734e+02   4.0548e+01   0.0000e+00   1.6852e-05   2.4377e+02
20251219_03:00:00   2.3485e+00   2.6671e+02   3.4830e+01   0.0000e+00   9.2080e-06   2.4807e+02
20251219_06:00:00   2.6104e+00   2.7333e+02   3.6762e+01   2.3309e-06   0.0000e+00   2.4774e+02
20251219_09:00:00   2.5537e+00   2.7208e+02   3.5970e+01   0.0000e+00   0.0000e+00   2.4637e+02
20251219_12:00:00   2.9625e+00   2.7959e+02   4.1586e+01   2.3878e-05   0.0000e+00   2.4500e+02
20251219_15:00:00   2.7065e+00   2.7545e+02   3.7659e+01   8.8290e-04   0.0000e+00   2.4819e+02
20251219_18:00:00   2.7201e+00   2.7592e+02   3.7443e+01   2.2963e-04   0.0000e+00   2.5015e+02
20251219_21:00:00   3.0626e+00   2.8114e+02   4.2981e+01   0.0000e+00   0.0000e+00   2.4978e+02
20251220_00:00:00   2.3192e+00   2.6577e+02   3.4394e+01   0.0000e+00   0.0000e+00   2.5023e+02
20251220_03:00:00   2.6020e+00   2.7287e+02   3.8130e+01   0.0000e+00   0.0000e+00   2.5011e+02
20251220_06:00:00   2.8753e+00   2.7825e+02   4.0222e+01   1.2728e-05   0.0000e+00   2.5133e+02
20251220_09:00:00   2.9859e+00   2.7979e+02   4.1872e+01   6.3400e-04   0.0000e+00   2.5303e+02
20251220_12:00:00   3.0303e+00   2.8072e+02   4.2524e+01   9.2840e-06   6.6540e-06   2.5483e+02
20251220_15:00:00   2.6921e+00   2.7521e+02   3.8782e+01   0.0000e+00   0.0000e+00   2.5657e+02
20251220_18:00:00   2.9298e+00   2.7956e+02   4.1035e+01   9.9820e-04   0.0000e+00   2.5588e+02
20251220_21:00:00   2.5506e+00   2.7203e+02   3.7364e+01   0.0000e+00   6.6040e-06   2.5367e+02
20251221_00:00:00   2.8116e+00   2.7726e+02   4.0399e+01   0.0000e+00   0.0000e+00   2.5426e+02
20251221_03:00:00   3.4972e+00   2.8579e+02   4.8927e+01   1.2622e-04   0.0000e+00   2.5059e+02
20251221_06:00:00   3.2176e+00   2.8286e+02   4.5590e+01   2.8560e-05   1.3474e-05   2.4899e+02
20251221_09:00:00   2.8379e+00   2.7739e+02   4.0372e+01   0.0000e+00   0.0000e+00   2.4893e+02
20251221_12:00:00   2.7068e+00   2.7514e+02   3.8451e+01   0.0000e+00   0.0000e+00   2.4925e+02
20251221_15:00:00   2.7460e+00   2.7640e+02   3.8139e+01   0.0000e+00   0.0000e+00   2.5111e+02
20251221_18:00:00   3.0928e+00   2.8142e+02   4.3309e+01   2.1960e-04   0.0000e+00   2.4777e+02
20251221_21:00:00   2.9304e+00   2.7925e+02   4.1040e+01   0.0000e+00   0.0000e+00   2.4825e+02
20251222_00:00:00   3.0710e+00   2.8105e+02   4.2965e+01   0.0000e+00   0.0000e+00   2.4823e+02
20251222_03:00:00   2.5256e+00   2.7135e+02   3.5197e+01   0.0000e+00   0.0000e+00   2.5067e+02
20251222_06:00:00   2.4982e+00   2.7024e+02   3.5161e+01   2.1224e-06   0.0000e+00   2.4954e+02
20251222_09:00:00   2.6041e+00   2.7270e+02   3.6274e+01   9.2840e-07   0.0000e+00   2.4634e+02
20251222_12:00:00   2.6083e+00   2.7255e+02   3.6081e+01   0.0000e+00   0.0000e+00   2.4739e+02
20251222_15:00:00   2.2013e+00   2.6198e+02   3.0820e+01   1.4859e-04   0.0000e+00   2.4807e+02
20251222_18:00:00   2.3949e+00   2.6719e+02   3.4368e+01   2.4958e-06   0.0000e+00   2.4622e+02
