#            date       tau255        Tb[K]      pwv[mm] lwp[kg*m^-2] iwp[kg*m^-2]       o3[DU]
20251207_00:00:00   3.3525e+00   2.8445e+02   4.2939e+01   8.1962e-02   0.0000e+00   2.5696e+02
20251207_01:00:00   3.4446e+00   2.8534e+02   4.3298e+01   1.0340e-01   0.0000e+00   2.5771e+02
20251207_02:00:00   3.2612e+00   2.8357e+02   4.2536e+01   4.7742e-02   0.0000e+00   2.5863e+02
20251207_03:00:00   3.1453e+00   2.8211e+02   4.0936e+01   4.4539e-02   0.0000e+00   2.5943e+02
20251207_04:00:00   2.8673e+00   2.7832e+02   3.8540e+01   2.2307e-04   0.0000e+00   2.5918e+02
20251207_05:00:00   2.7684e+00   2.7649e+02   3.7752e+01   1.8239e-04   0.0000e+00   2.6040e+02
20251207_06:00:00   3.0152e+00   2.8031e+02   3.9633e+01   2.9634e-02   0.0000e+00   2.6034e+02
20251207_07:00:00   2.9668e+00   2.7960e+02   3.9004e+01   3.0480e-02   0.0000e+00   2.5999e+02
20251207_08:00:00   2.6230e+00   2.7354e+02   3.5714e+01   5.6500e-05   0.0000e+00   2.5998e+02
20251207_09:00:00   2.4825e+00   2.7031e+02   3.3715e+01   0.0000e+00   0.0000e+00   2.5958e+02
20251207_10:00:00   2.2581e+00   2.6430e+02   3.0776e+01   2.5183e-05   0.0000e+00   2.5932e+02
20251207_11:00:00   2.1504e+00   2.6098e+02   2.9262e+01   0.0000e+00   0.0000e+00   2.6024e+02
20251207_12:00:00   2.2705e+00   2.6494e+02   3.0409e+01   0.0000e+00   0.0000e+00   2.6007e+02
20251207_13:00:00   2.4062e+00   2.6889e+02   3.1888e+01   0.0000e+00   0.0000e+00   2.5824e+02
20251207_14:00:00   2.3666e+00   2.6797e+02   3.1336e+01   8.2757e-05   0.0000e+00   2.5696e+02
20251207_15:00:00   2.2099e+00   2.6328e+02   2.9615e+01   2.6700e-06   0.0000e+00   2.5576e+02
20251207_16:00:00   2.3300e+00   2.6685e+02   3.1145e+01   0.0000e+00   0.0000e+00   2.5500e+02
20251207_17:00:00   2.4450e+00   2.6990e+02   3.2597e+01   0.0000e+00   0.0000e+00   2.5559e+02
20251207_18:00:00   2.3521e+00   2.6749e+02   3.1121e+01   1.4973e-04   0.0000e+00   2.5635e+02
20251207_19:00:00   2.3155e+00   2.6653e+02   3.0544e+01   0.0000e+00   0.0000e+00   2.5335e+02
20251207_20:00:00   2.3637e+00   2.6792e+02   3.1084e+01   0.0000e+00   0.0000e+00   2.5329e+02
20251207_21:00:00   2.4245e+00   2.6951e+02   3.1660e+01   0.0000e+00   0.0000e+00   2.5257e+02
20251207_22:00:00   2.4539e+00   2.7021e+02   3.1997e+01   0.0000e+00   0.0000e+00   2.5184e+02
20251207_23:00:00   2.7378e+00   2.7613e+02   3.5600e+01   1.7506e-04   0.0000e+00   2.5331e+02
20251208_00:00:00   2.8452e+00   2.7803e+02   3.7304e+01   2.0901e-03   0.0000e+00   2.5453e+02
20251208_01:00:00   2.4579e+00   2.7014e+02   3.3113e+01   3.5070e-05   0.0000e+00   2.5581e+02
20251208_02:00:00   2.2024e+00   2.6299e+02   3.0128e+01   1.3263e-07   0.0000e+00   2.5720e+02
20251208_03:00:00   2.4092e+00   2.6899e+02   3.2240e+01   1.8306e-05   0.0000e+00   2.5735e+02
20251208_04:00:00   2.5363e+00   2.7204e+02   3.3451e+01   1.1246e-04   0.0000e+00   2.5751e+02
20251208_05:00:00   2.2956e+00   2.6554e+02   3.1010e+01   0.0000e+00   0.0000e+00   2.5709e+02
20251208_06:00:00   2.2542e+00   2.6417e+02   3.0647e+01   0.0000e+00   0.0000e+00   2.5639e+02
20251208_07:00:00   2.2352e+00   2.6345e+02   3.0351e+01   0.0000e+00   0.0000e+00   2.5557e+02
20251208_08:00:00   2.1774e+00   2.6163e+02   2.9363e+01   9.8710e-04   0.0000e+00   2.5508e+02
20251208_09:00:00   2.0676e+00   2.5791e+02   2.7609e+01   2.1238e-03   0.0000e+00   2.5377e+02
20251208_10:00:00   1.8941e+00   2.5105e+02   2.5457e+01   4.8600e-04   0.0000e+00   2.5361e+02
20251208_11:00:00   1.7686e+00   2.4528e+02   2.3814e+01   0.0000e+00   0.0000e+00   2.5544e+02
20251208_12:00:00   1.6216e+00   2.3749e+02   2.1911e+01   0.0000e+00   0.0000e+00   2.5646e+02
20251208_13:00:00   1.4361e+00   2.2588e+02   1.9706e+01   0.0000e+00   0.0000e+00   2.5558e+02
20251208_14:00:00   1.3953e+00   2.2311e+02   1.9400e+01   0.0000e+00   0.0000e+00   2.5546e+02
20251208_15:00:00   1.6112e+00   2.3701e+02   2.2110e+01   0.0000e+00   0.0000e+00   2.5621e+02
20251208_16:00:00   1.8590e+00   2.4962e+02   2.5048e+01   0.0000e+00   0.0000e+00   2.5528e+02
20251208_17:00:00   2.0657e+00   2.5801e+02   2.7397e+01   0.0000e+00   0.0000e+00   2.5440e+02
20251208_18:00:00   2.2819e+00   2.6514e+02   2.9770e+01   1.0564e-03   0.0000e+00   2.5263e+02
20251208_19:00:00   2.4463e+00   2.6966e+02   3.1524e+01   8.7060e-03   0.0000e+00   2.5185e+02
20251208_20:00:00   2.6571e+00   2.7438e+02   3.3334e+01   3.6960e-02   0.0000e+00   2.5200e+02
20251208_21:00:00   2.7829e+00   2.7680e+02   3.4343e+01   5.6315e-02   0.0000e+00   2.5195e+02
20251208_22:00:00   2.7373e+00   2.7598e+02   3.5073e+01   2.2696e-02   0.0000e+00   2.5166e+02
20251208_23:00:00   2.6959e+00   2.7513e+02   3.5467e+01   2.8138e-04   0.0000e+00   2.5131e+02
20251209_00:00:00   2.7597e+00   2.7629e+02   3.6208e+01   0.0000e+00   0.0000e+00   2.5108e+02
20251209_01:00:00   2.8402e+00   2.7778e+02   3.7088e+01   0.0000e+00   0.0000e+00   2.5122e+02
20251209_02:00:00   2.9468e+00   2.7965e+02   3.8205e+01   8.3580e-05   0.0000e+00   2.5203e+02
20251209_03:00:00   2.9556e+00   2.7973e+02   3.8648e+01   2.1036e-04   0.0000e+00   2.5311e+02
20251209_04:00:00   2.7816e+00   2.7679e+02   3.6764e+01   6.8000e-05   0.0000e+00   2.5360e+02
20251209_05:00:00   2.7235e+00   2.7575e+02   3.6056e+01   2.3386e-06   0.0000e+00   2.5353e+02
20251209_06:00:00   2.8767e+00   2.7832e+02   3.7850e+01   3.6320e-05   0.0000e+00   2.5312e+02
20251209_07:00:00   3.0314e+00   2.8044e+02   3.9657e+01   2.3046e-04   0.0000e+00   2.5292e+02
20251209_08:00:00   3.0618e+00   2.8090e+02   4.0088e+01   3.7929e-04   0.0000e+00   2.5276e+02
20251209_09:00:00   2.9856e+00   2.7975e+02   3.9399e+01   1.2084e-03   0.0000e+00   2.5307e+02
20251209_10:00:00   2.8194e+00   2.7722e+02   3.7712e+01   0.0000e+00   0.0000e+00   2.5313e+02
20251209_11:00:00   2.7036e+00   2.7517e+02   3.5843e+01   1.5032e-02   0.0000e+00   2.5381e+02
20251209_12:00:00   2.5699e+00   2.7257e+02   3.4151e+01   1.6695e-02   0.0000e+00   2.5373e+02
20251209_13:00:00   2.3932e+00   2.6824e+02   3.2526e+01   6.0140e-04   0.0000e+00   2.5338e+02
20251209_14:00:00   2.2998e+00   2.6561e+02   3.1263e+01   0.0000e+00   0.0000e+00   2.5444e+02
20251209_15:00:00   2.1652e+00   2.6127e+02   2.9644e+01   0.0000e+00   0.0000e+00   2.5494e+02
20251209_16:00:00   2.0525e+00   2.5727e+02   2.8216e+01   0.0000e+00   0.0000e+00   2.5516e+02
20251209_17:00:00   1.9345e+00   2.5266e+02   2.6741e+01   0.0000e+00   0.0000e+00   2.5558e+02
20251209_18:00:00   1.8530e+00   2.4914e+02   2.5589e+01   0.0000e+00   0.0000e+00   2.5459e+02
20251209_19:00:00   1.7674e+00   2.4524e+02   2.4237e+01   0.0000e+00   0.0000e+00   2.5389e+02
20251209_20:00:00   1.6547e+00   2.3943e+02   2.2436e+01   0.0000e+00   0.0000e+00   2.5351e+02
20251209_21:00:00   1.5560e+00   2.3377e+02   2.0913e+01   0.0000e+00   0.0000e+00   2.5372e+02
20251209_22:00:00   1.4885e+00   2.2948e+02   1.9950e+01   0.0000e+00   0.0000e+00   2.5397e+02
20251209_23:00:00   1.4929e+00   2.2979e+02   1.9881e+01   0.0000e+00   0.0000e+00   2.5375e+02
20251210_00:00:00   1.5576e+00   2.3396e+02   2.0567e+01   0.0000e+00   0.0000e+00   2.5250e+02
20251210_01:00:00   1.5984e+00   2.3643e+02   2.1038e+01   0.0000e+00   0.0000e+00   2.5153e+02
20251210_02:00:00   1.7067e+00   2.4237e+02   2.2441e+01   7.7660e-04   0.0000e+00   2.5088e+02
20251210_03:00:00   1.9203e+00   2.5234e+02   2.5104e+01   4.4520e-04   0.0000e+00   2.5170e+02
20251210_04:00:00   2.1461e+00   2.6073e+02   2.7836e+01   1.8396e-04   0.0000e+00   2.5198e+02
20251210_05:00:00   2.3728e+00   2.6748e+02   3.0609e+01   5.4220e-04   0.0000e+00   2.5132e+02
20251210_06:00:00   2.5844e+00   2.7250e+02   3.3330e+01   3.8660e-04   0.0000e+00   2.5143e+02
20251210_07:00:00   2.5938e+00   2.7275e+02   3.3823e+01   1.5904e-04   0.0000e+00   2.5222e+02
20251210_08:00:00   2.5235e+00   2.7135e+02   3.3143e+01   0.0000e+00   0.0000e+00   2.5358e+02
20251210_09:00:00   2.5925e+00   2.7293e+02   3.4005e+01   0.0000e+00   0.0000e+00   2.5296e+02
20251210_10:00:00   2.6738e+00   2.7464e+02   3.5015e+01   0.0000e+00   0.0000e+00   2.5293e+02
20251210_11:00:00   2.7528e+00   2.7622e+02   3.6098e+01   0.0000e+00   0.0000e+00   2.5419e+02
20251210_12:00:00   2.8289e+00   2.7757e+02   3.7427e+01   7.9580e-07   0.0000e+00   2.5512e+02
20251210_13:00:00   2.9361e+00   2.7941e+02   3.9242e+01   1.0276e-03   0.0000e+00   2.5633e+02
20251210_14:00:00   3.1368e+00   2.8215e+02   4.2257e+01   0.0000e+00   0.0000e+00   2.5674e+02
20251210_15:00:00   3.2903e+00   2.8402e+02   4.4354e+01   1.1729e-04   0.0000e+00   2.5788e+02
20251210_16:00:00   3.3344e+00   2.8466e+02   4.5008e+01   1.7473e-05   0.0000e+00   2.5837e+02
20251210_17:00:00   3.2143e+00   2.8320e+02   4.3777e+01   1.6658e-03   0.0000e+00   2.5757e+02
20251210_18:00:00   3.0922e+00   2.8168e+02   4.2047e+01   1.3800e-03   0.0000e+00   2.5611e+02
20251210_19:00:00   3.3315e+00   2.8448e+02   4.5142e+01   3.2745e-03   0.0000e+00   2.5454e+02
20251210_20:00:00   3.6540e+00   2.8732e+02   5.0356e+01   2.7038e-04   0.0000e+00   2.5318e+02
20251210_21:00:00   3.5505e+00   2.8642e+02   5.0183e+01   1.3652e-05   4.9120e-21   2.5246e+02
20251210_22:00:00   3.2196e+00   2.8318e+02   4.6413e+01   1.2164e-04   0.0000e+00   2.5196e+02
20251210_23:00:00   2.8353e+00   2.7764e+02   4.1620e+01   2.6522e-07   0.0000e+00   2.5135e+02
20251211_00:00:00   2.8310e+00   2.7762e+02   4.0950e+01   7.2640e-05   0.0000e+00   2.5043e+02
20251211_01:00:00   3.3139e+00   2.8425e+02   4.6093e+01   6.3366e-04   1.4858e-21   2.4970e+02
20251211_02:00:00   3.4313e+00   2.8548e+02   4.7365e+01   6.9420e-05   0.0000e+00   2.4998e+02
20251211_03:00:00   3.3797e+00   2.8499e+02   4.6334e+01   1.1553e-04   0.0000e+00   2.4996e+02
20251211_04:00:00   3.4723e+00   2.8573e+02   4.7276e+01   5.8160e-04   7.0740e-07   2.4901e+02
20251211_05:00:00   3.3498e+00   2.8448e+02   4.6425e+01   7.6980e-05   8.9100e-08   2.4971e+02
20251211_06:00:00   3.0678e+00   2.8092e+02   4.3663e+01   1.1361e-06   0.0000e+00   2.4971e+02
20251211_07:00:00   2.9749e+00   2.7946e+02   4.2392e+01   0.0000e+00   0.0000e+00   2.5035e+02
20251211_08:00:00   3.0440e+00   2.8052e+02   4.2454e+01   7.7940e-04   0.0000e+00   2.4972e+02
20251211_09:00:00   3.2860e+00   2.8364e+02   4.4799e+01   2.9173e-04   0.0000e+00   2.5036e+02
20251211_10:00:00   2.9834e+00   2.7998e+02   4.0857e+01   4.6880e-03   0.0000e+00   2.5240e+02
20251211_11:00:00   2.4994e+00   2.7111e+02   3.4738e+01   3.5760e-04   0.0000e+00   2.5155e+02
20251211_12:00:00   2.1524e+00   2.6133e+02   3.0048e+01   0.0000e+00   0.0000e+00   2.5115e+02
20251211_13:00:00   2.0040e+00   2.5587e+02   2.7862e+01   0.0000e+00   0.0000e+00   2.5156e+02
20251211_14:00:00   2.0081e+00   2.5603e+02   2.7534e+01   3.9630e-05   0.0000e+00   2.5322e+02
20251211_15:00:00   1.9789e+00   2.5504e+02   2.6967e+01   0.0000e+00   0.0000e+00   2.5468e+02
20251211_16:00:00   2.0200e+00   2.5676e+02   2.7576e+01   9.9060e-06   0.0000e+00   2.5525e+02
20251211_17:00:00   2.0823e+00   2.5924e+02   2.7767e+01   4.2420e-04   0.0000e+00   2.5337e+02
20251211_18:00:00   2.1403e+00   2.6139e+02   2.8150e+01   0.0000e+00   0.0000e+00   2.5216e+02
20251211_19:00:00   1.7892e+00   2.4682e+02   2.4100e+01   0.0000e+00   0.0000e+00   2.5359e+02
20251211_20:00:00   1.6159e+00   2.3745e+02   2.2153e+01   0.0000e+00   0.0000e+00   2.5378e+02
20251211_21:00:00   1.6367e+00   2.3871e+02   2.2279e+01   0.0000e+00   0.0000e+00   2.5227e+02
20251211_22:00:00   1.8443e+00   2.4928e+02   2.4679e+01   6.5440e-04   0.0000e+00   2.5312e+02
20251211_23:00:00   2.3489e+00   2.6744e+02   3.0558e+01   5.3259e-03   0.0000e+00   2.5361e+02
20251212_00:00:00   2.7130e+00   2.7596e+02   3.5036e+01   6.2100e-04   0.0000e+00   2.5317e+02
20251212_03:00:00   1.8951e+00   2.5112e+02   2.6117e+01   1.7346e-04   0.0000e+00   2.5707e+02
20251212_06:00:00   1.8262e+00   2.4789e+02   2.4999e+01   0.0000e+00   0.0000e+00   2.5497e+02
20251212_09:00:00   2.3086e+00   2.6591e+02   3.0456e+01   2.9087e-05   0.0000e+00   2.5372e+02
20251212_12:00:00   2.4759e+00   2.7070e+02   3.2695e+01   3.5827e-05   0.0000e+00   2.5260e+02
20251212_15:00:00   2.2057e+00   2.6348e+02   2.9116e+01   0.0000e+00   0.0000e+00   2.5224e+02
20251212_18:00:00   2.4001e+00   2.6869e+02   3.1672e+01   1.5061e-03   0.0000e+00   2.5416e+02
20251212_21:00:00   2.2422e+00   2.6433e+02   2.9794e+01   0.0000e+00   0.0000e+00   2.5086e+02
20251213_00:00:00   2.3468e+00   2.6760e+02   3.0772e+01   9.0180e-06   0.0000e+00   2.4988e+02
20251213_03:00:00   2.7518e+00   2.7620e+02   3.6299e+01   2.9265e-05   0.0000e+00   2.5349e+02
20251213_06:00:00   1.9185e+00   2.5243e+02   2.5879e+01   0.0000e+00   0.0000e+00   2.5601e+02
20251213_09:00:00   2.5388e+00   2.7177e+02   3.3158e+01   4.4579e-04   0.0000e+00   2.5405e+02
20251213_12:00:00   2.7772e+00   2.7676e+02   3.6185e+01   5.0780e-06   0.0000e+00   2.5300e+02
20251213_15:00:00   2.3045e+00   2.6662e+02   3.0430e+01   1.5224e-04   0.0000e+00   2.5262e+02
20251213_18:00:00   1.9635e+00   2.5480e+02   2.6035e+01   0.0000e+00   0.0000e+00   2.5174e+02
20251213_21:00:00   2.3723e+00   2.6835e+02   3.1174e+01   0.0000e+00   0.0000e+00   2.4989e+02
20251214_00:00:00   1.9692e+00   2.5495e+02   2.6237e+01   0.0000e+00   0.0000e+00   2.5097e+02
20251214_03:00:00   1.8989e+00   2.5178e+02   2.5145e+01   2.8441e-04   0.0000e+00   2.5209e+02
20251214_06:00:00   2.3253e+00   2.6659e+02   3.0168e+01   0.0000e+00   4.4280e-07   2.5308e+02
20251214_09:00:00   2.3472e+00   2.6681e+02   3.0999e+01   1.0692e-06   2.4260e-03   2.5327e+02
20251214_12:00:00   2.2269e+00   2.6387e+02   2.9062e+01   6.9600e-05   0.0000e+00   2.5352e+02
20251214_15:00:00   2.1634e+00   2.6195e+02   2.7759e+01   1.0776e-02   0.0000e+00   2.5274e+02
20251214_18:00:00   1.9791e+00   2.5527e+02   2.6231e+01   0.0000e+00   6.8700e-06   2.5277e+02
20251214_21:00:00   1.9290e+00   2.5324e+02   2.5446e+01   0.0000e+00   8.9100e-08   2.5184e+02
20251215_00:00:00   1.7974e+00   2.4736e+02   2.3706e+01   0.0000e+00   3.1356e-04   2.5538e+02
20251215_03:00:00   1.6614e+00   2.4015e+02   2.2637e+01   1.5474e-06   2.6237e-04   2.5675e+02
20251215_06:00:00   2.7064e+00   2.7554e+02   3.5551e+01   0.0000e+00   2.9064e-05   2.5574e+02
20251215_09:00:00   3.4338e+00   2.8497e+02   4.6695e+01   0.0000e+00   2.8704e-03   2.5581e+02
20251215_12:00:00   3.4729e+00   2.8551e+02   4.7380e+01   1.7684e-07   2.8341e-03   2.5851e+02
20251215_15:00:00   3.2196e+00   2.8356e+02   4.5009e+01   8.5350e-04   7.2520e-04   2.6040e+02
20251215_18:00:00   3.2390e+00   2.8380e+02   4.4291e+01   2.1343e-03   3.4156e-03   2.5964e+02
20251215_21:00:00   2.9108e+00   2.7966e+02   3.9884e+01   0.0000e+00   1.6010e-06   2.5935e+02
20251216_00:00:00   2.8297e+00   2.7824e+02   3.8783e+01   0.0000e+00   4.9683e-04   2.6502e+02
20251216_03:00:00   2.9251e+00   2.7958e+02   4.0272e+01   0.0000e+00   1.0646e-03   2.6534e+02
20251216_06:00:00   2.9388e+00   2.7956e+02   4.0540e+01   0.0000e+00   9.0692e-04   2.6050e+02
20251216_09:00:00   3.0023e+00   2.8025e+02   4.1795e+01   5.7800e-05   3.4631e-04   2.6011e+02
20251216_12:00:00   3.1291e+00   2.8193e+02   4.3856e+01   1.6638e-04   7.9801e-05   2.6139e+02
20251216_15:00:00   3.0791e+00   2.8156e+02   4.3268e+01   2.4126e-04   2.6740e-07   2.6329e+02
20251216_18:00:00   2.5857e+00   2.7323e+02   3.6239e+01   2.5951e-04   0.0000e+00   2.5931e+02
20251216_21:00:00   2.7316e+00   2.7615e+02   3.7864e+01   0.0000e+00   1.3208e-05   2.6025e+02
20251217_00:00:00   2.8636e+00   2.7833e+02   3.9603e+01   0.0000e+00   0.0000e+00   2.6187e+02
20251217_03:00:00   3.0970e+00   2.8153e+02   4.2875e+01   0.0000e+00   0.0000e+00   2.6333e+02
20251217_06:00:00   3.0986e+00   2.8150e+02   4.2995e+01   1.3132e-05   0.0000e+00   2.6397e+02
20251217_09:00:00   3.1084e+00   2.8159e+02   4.3343e+01   0.0000e+00   1.0428e-05   2.6143e+02
20251217_12:00:00   3.1260e+00   2.8189e+02   4.3916e+01   2.3878e-06   0.0000e+00   2.5915e+02
20251217_15:00:00   3.0934e+00   2.8161e+02   4.3510e+01   2.7183e-03   0.0000e+00   2.5878e+02
20251217_18:00:00   3.0005e+00   2.8025e+02   4.2606e+01   3.9009e-04   1.4263e-04   2.5579e+02
20251217_21:00:00   2.6927e+00   2.7513e+02   3.7682e+01   0.0000e+00   0.0000e+00   2.5041e+02
20251218_00:00:00   3.0681e+00   2.8093e+02   4.2814e+01   0.0000e+00   0.0000e+00   2.4410e+02
20251218_03:00:00   3.0095e+00   2.7988e+02   4.2537e+01   1.6510e-05   0.0000e+00   2.4527e+02
20251218_06:00:00   2.8648e+00   2.7752e+02   4.0568e+01   1.3366e-07   0.0000e+00   2.4358e+02
20251218_09:00:00   2.1102e+00   2.5856e+02   3.0973e+01   2.4958e-06   0.0000e+00   2.4432e+02
20251218_12:00:00   2.4423e+00   2.6855e+02   3.4734e+01   4.2630e-04   1.1723e-05   2.4680e+02
20251218_15:00:00   2.9313e+00   2.7878e+02   4.1134e+01   8.4369e-04   3.6818e-06   2.4561e+02
20251218_18:00:00   2.5076e+00   2.7015e+02   3.7506e+01   0.0000e+00   3.4806e-04   2.4653e+02
20251218_21:00:00   2.7569e+00   2.7607e+02   3.9231e+01   0.0000e+00   4.0074e-03   2.4450e+02
20251219_00:00:00   2.7154e+00   2.7527e+02   3.8359e+01   0.0000e+00   1.2717e-02   2.4287e+02
20251219_03:00:00   2.9012e+00   2.7848e+02   4.0875e+01   0.0000e+00   2.5620e-03   2.4409e+02
20251219_06:00:00   3.1624e+00   2.8156e+02   4.4822e+01   7.1160e-04   2.5045e-03   2.4416e+02
20251219_09:00:00   3.1866e+00   2.8174e+02   4.5512e+01   2.8300e-05   8.1560e-04   2.4377e+02
20251219_12:00:00   2.7387e+00   2.7539e+02   3.9744e+01   0.0000e+00   4.9660e-05   2.4459e+02
20251219_15:00:00   2.8508e+00   2.7761e+02   4.0271e+01   1.5091e-03   0.0000e+00   2.4632e+02
20251219_18:00:00   2.7544e+00   2.7609e+02   3.9207e+01   0.0000e+00   1.6586e-05   2.4816e+02
20251219_21:00:00   2.6328e+00   2.7380e+02   3.7060e+01   0.0000e+00   0.0000e+00   2.4743e+02
20251220_00:00:00   2.2399e+00   2.6369e+02   3.1885e+01   0.0000e+00   0.0000e+00   2.4716e+02
20251220_03:00:00   2.6603e+00   2.7454e+02   3.5913e+01   0.0000e+00   0.0000e+00   2.4811e+02
20251220_06:00:00   2.7460e+00   2.7602e+02   3.7175e+01   0.0000e+00   0.0000e+00   2.4916e+02
20251220_09:00:00   2.7321e+00   2.7573e+02   3.7118e+01   0.0000e+00   0.0000e+00   2.4953e+02
20251220_12:00:00   2.7441e+00   2.7605e+02   3.7471e+01   0.0000e+00   0.0000e+00   2.5036e+02
20251220_15:00:00   2.8374e+00   2.7775e+02   3.8819e+01   2.4124e-05   0.0000e+00   2.5161e+02
20251220_18:00:00   2.8180e+00   2.7749e+02   3.8465e+01   0.0000e+00   0.0000e+00   2.5024e+02
20251220_21:00:00   2.9481e+00   2.7946e+02   4.0237e+01   1.5916e-06   0.0000e+00   2.5142e+02
20251221_00:00:00   2.4416e+00   2.6948e+02   3.4376e+01   0.0000e+00   0.0000e+00   2.5182e+02
20251221_03:00:00   2.2373e+00   2.6375e+02   3.1557e+01   0.0000e+00   0.0000e+00   2.5323e+02
20251221_06:00:00   2.3452e+00   2.6673e+02   3.2288e+01   3.3020e-06   0.0000e+00   2.5021e+02
20251221_09:00:00   2.7730e+00   2.7620e+02   3.8140e+01   0.0000e+00   5.3240e-06   2.4971e+02
20251221_12:00:00   1.9790e+00   2.5392e+02   2.9165e+01   0.0000e+00   5.2840e-06   2.5157e+02
20251221_15:00:00   2.3876e+00   2.6796e+02   3.3513e+01   0.0000e+00   8.0160e-06   2.5253e+02
20251221_18:00:00   2.3170e+00   2.6597e+02   3.2688e+01   1.5828e-05   1.0730e-05   2.5203e+02
20251221_21:00:00   2.4725e+00   2.6992e+02   3.4961e+01   7.4420e-06   1.3880e-05   2.5248e+02
20251222_00:00:00   2.2763e+00   2.6428e+02   3.3487e+01   0.0000e+00   7.1236e-04   2.4824e+02
20251222_03:00:00   2.5528e+00   2.7188e+02   3.5608e+01   3.3420e-07   1.8964e-03   2.4589e+02
20251222_06:00:00   2.5711e+00   2.7236e+02   3.5167e+01   0.0000e+00   2.5100e-03   2.4713e+02
20251222_09:00:00   2.5307e+00   2.7142e+02   3.4468e+01   0.0000e+00   1.4535e-03   2.4989e+02
20251222_12:00:00   2.3702e+00   2.6749e+02   3.2428e+01   0.0000e+00   3.9921e-05   2.5107e+02
20251222_15:00:00   2.3576e+00   2.6733e+02   3.2246e+01   0.0000e+00   5.9540e-05   2.5174e+02
20251222_18:00:00   2.7232e+00   2.7548e+02   3.7586e+01   0.0000e+00   2.2300e-04   2.5175e+02
20251222_21:00:00   2.5353e+00   2.7132e+02   3.5887e+01   0.0000e+00   4.2240e-04   2.4965e+02
20251223_00:00:00   2.4626e+00   2.6989e+02   3.3979e+01   1.2878e-04   4.5760e-05   2.5018e+02
