#            date       tau255        Tb[K]      pwv[mm] lwp[kg*m^-2] iwp[kg*m^-2]       o3[DU]
20251205_12:00:00   2.2564e+00   2.6486e+02   3.0345e+01   0.0000e+00   0.0000e+00   2.5990e+02
20251205_13:00:00   2.0636e+00   2.5849e+02   2.8075e+01   0.0000e+00   0.0000e+00   2.6141e+02
20251205_14:00:00   1.9811e+00   2.5528e+02   2.7119e+01   0.0000e+00   0.0000e+00   2.6147e+02
20251205_15:00:00   1.9345e+00   2.5336e+02   2.6533e+01   0.0000e+00   0.0000e+00   2.6048e+02
20251205_16:00:00   1.9664e+00   2.5458e+02   2.7141e+01   0.0000e+00   0.0000e+00   2.5939e+02
20251205_17:00:00   2.2077e+00   2.6308e+02   3.0215e+01   0.0000e+00   0.0000e+00   2.6038e+02
20251205_18:00:00   2.2848e+00   2.6541e+02   3.0879e+01   0.0000e+00   0.0000e+00   2.6110e+02
20251205_19:00:00   2.3608e+00   2.6762e+02   3.1686e+01   0.0000e+00   0.0000e+00   2.6000e+02
20251205_20:00:00   2.5966e+00   2.7347e+02   3.4255e+01   1.6381e-04   0.0000e+00   2.5908e+02
20251205_21:00:00   2.7238e+00   2.7621e+02   3.5636e+01   0.0000e+00   0.0000e+00   2.5762e+02
20251205_22:00:00   2.6857e+00   2.7549e+02   3.5381e+01   7.1840e-05   0.0000e+00   2.5628e+02
20251205_23:00:00   2.6895e+00   2.7550e+02   3.5403e+01   1.1673e-05   0.0000e+00   2.5455e+02
20251206_00:00:00   2.7868e+00   2.7711e+02   3.6418e+01   3.0952e-04   0.0000e+00   2.5317e+02
20251206_01:00:00   2.3833e+00   2.6816e+02   3.1872e+01   1.9650e-05   0.0000e+00   2.5254e+02
20251206_02:00:00   1.8681e+00   2.5024e+02   2.5494e+01   0.0000e+00   0.0000e+00   2.5367e+02
20251206_03:00:00   1.7624e+00   2.4531e+02   2.3709e+01   0.0000e+00   0.0000e+00   2.5455e+02
20251206_04:00:00   1.9471e+00   2.5363e+02   2.5886e+01   0.0000e+00   0.0000e+00   2.5478e+02
20251206_05:00:00   2.1116e+00   2.5985e+02   2.7793e+01   0.0000e+00   0.0000e+00   2.5478e+02
20251206_06:00:00   2.3567e+00   2.6724e+02   3.1238e+01   7.9250e-05   0.0000e+00   2.5454e+02
20251206_07:00:00   2.6648e+00   2.7416e+02   3.5012e+01   3.8140e-04   0.0000e+00   2.5524e+02
20251206_08:00:00   2.5716e+00   2.7225e+02   3.3995e+01   1.0466e-04   0.0000e+00   2.5561e+02
20251206_09:00:00   2.4650e+00   2.6993e+02   3.2735e+01   4.7550e-04   0.0000e+00   2.5529e+02
20251206_10:00:00   2.6818e+00   2.7442e+02   3.5878e+01   7.5910e-04   0.0000e+00   2.5426e+02
20251206_11:00:00   2.8540e+00   2.7739e+02   3.8024e+01   2.9759e-05   0.0000e+00   2.5354e+02
20251206_12:00:00   2.7986e+00   2.7658e+02   3.7156e+01   5.6677e-04   0.0000e+00   2.5432e+02
20251206_13:00:00   2.3665e+00   2.6753e+02   3.2244e+01   0.0000e+00   0.0000e+00   2.5501e+02
20251206_14:00:00   2.2628e+00   2.6468e+02   3.0847e+01   0.0000e+00   0.0000e+00   2.5449e+02
20251206_15:00:00   2.3247e+00   2.6667e+02   3.0930e+01   4.1890e-04   0.0000e+00   2.5329e+02
20251206_16:00:00   2.2015e+00   2.6296e+02   3.0133e+01   6.4890e-05   0.0000e+00   2.5424e+02
20251206_17:00:00   2.0575e+00   2.5767e+02   2.9184e+01   0.0000e+00   0.0000e+00   2.5412e+02
20251206_18:00:00   2.1570e+00   2.6095e+02   3.0744e+01   0.0000e+00   0.0000e+00   2.5503e+02
20251206_19:00:00   2.3360e+00   2.6633e+02   3.3035e+01   0.0000e+00   0.0000e+00   2.5480e+02
20251206_20:00:00   2.5551e+00   2.7182e+02   3.5913e+01   0.0000e+00   0.0000e+00   2.5461e+02
20251206_21:00:00   2.7384e+00   2.7566e+02   3.8125e+01   0.0000e+00   0.0000e+00   2.5379e+02
20251206_22:00:00   3.1185e+00   2.8156e+02   4.2343e+01   2.9008e-05   0.0000e+00   2.5238e+02
20251206_23:00:00   3.2245e+00   2.8281e+02   4.3262e+01   3.0440e-04   0.0000e+00   2.5311e+02
20251207_00:00:00   3.0150e+00   2.8042e+02   4.0561e+01   0.0000e+00   0.0000e+00   2.5461e+02
20251207_01:00:00   2.9575e+00   2.7977e+02   3.9664e+01   9.9820e-06   0.0000e+00   2.5549e+02
20251207_02:00:00   2.8906e+00   2.7882e+02   3.8630e+01   7.6071e-05   0.0000e+00   2.5589e+02
20251207_03:00:00   2.8433e+00   2.7804e+02   3.8000e+01   1.4434e-05   0.0000e+00   2.5623e+02
20251207_04:00:00   2.7799e+00   2.7690e+02   3.7205e+01   0.0000e+00   0.0000e+00   2.5728e+02
20251207_05:00:00   2.3695e+00   2.6781e+02   3.2653e+01   0.0000e+00   0.0000e+00   2.5789e+02
20251207_06:00:00   2.4824e+00   2.7056e+02   3.4485e+01   0.0000e+00   0.0000e+00   2.5747e+02
20251207_07:00:00   2.9978e+00   2.8008e+02   4.0702e+01   7.0439e-04   0.0000e+00   2.5717e+02
20251207_08:00:00   3.0611e+00   2.8087e+02   4.1355e+01   8.2958e-03   0.0000e+00   2.5733e+02
20251207_09:00:00   2.3602e+00   2.6720e+02   3.3197e+01   0.0000e+00   0.0000e+00   2.5745e+02
20251207_10:00:00   2.0300e+00   2.5668e+02   2.8438e+01   0.0000e+00   0.0000e+00   2.5727e+02
20251207_11:00:00   2.4609e+00   2.6994e+02   3.3445e+01   2.1000e-03   0.0000e+00   2.5781e+02
20251207_12:00:00   3.0764e+00   2.8107e+02   4.1394e+01   1.2954e-02   0.0000e+00   2.5887e+02
20251207_13:00:00   3.3860e+00   2.8468e+02   4.3131e+01   7.4922e-02   0.0000e+00   2.5891e+02
20251207_14:00:00   3.1081e+00   2.8192e+02   4.1912e+01   3.6620e-03   0.0000e+00   2.5857e+02
20251207_15:00:00   2.9151e+00   2.7943e+02   3.9446e+01   0.0000e+00   0.0000e+00   2.5926e+02
20251207_16:00:00   2.8632e+00   2.7863e+02   3.8153e+01   6.2140e-04   0.0000e+00   2.6022e+02
20251207_17:00:00   2.7587e+00   2.7681e+02   3.6730e+01   5.4900e-05   0.0000e+00   2.5865e+02
20251207_18:00:00   2.7108e+00   2.7597e+02   3.6090e+01   4.3170e-04   0.0000e+00   2.5776e+02
20251207_19:00:00   2.7606e+00   2.7691e+02   3.6757e+01   1.7969e-04   0.0000e+00   2.5790e+02
20251207_20:00:00   2.7453e+00   2.7659e+02   3.6513e+01   0.0000e+00   0.0000e+00   2.5762e+02
20251207_21:00:00   2.6908e+00   2.7570e+02   3.5633e+01   3.9200e-07   0.0000e+00   2.5588e+02
20251207_22:00:00   2.8148e+00   2.7788e+02   3.7267e+01   0.0000e+00   0.0000e+00   2.5508e+02
20251207_23:00:00   2.9444e+00   2.7984e+02   3.9399e+01   5.5580e-05   0.0000e+00   2.5477e+02
20251208_00:00:00   2.9241e+00   2.7946e+02   3.9264e+01   8.1340e-06   0.0000e+00   2.5536e+02
20251208_01:00:00   2.9127e+00   2.7938e+02   3.9328e+01   1.0004e-03   0.0000e+00   2.5596e+02
20251208_02:00:00   2.5393e+00   2.7220e+02   3.5193e+01   2.4107e-04   0.0000e+00   2.5550e+02
20251208_03:00:00   2.1577e+00   2.6142e+02   3.0399e+01   0.0000e+00   0.0000e+00   2.5496e+02
20251208_04:00:00   2.1343e+00   2.6060e+02   2.9873e+01   0.0000e+00   0.0000e+00   2.5581e+02
20251208_05:00:00   2.1130e+00   2.5978e+02   2.9535e+01   0.0000e+00   0.0000e+00   2.5612e+02
20251208_06:00:00   2.2806e+00   2.6512e+02   3.1453e+01   0.0000e+00   0.0000e+00   2.5614e+02
20251208_07:00:00   2.4793e+00   2.7051e+02   3.3641e+01   1.3571e-03   0.0000e+00   2.5611e+02
20251208_08:00:00   2.5277e+00   2.7177e+02   3.4242e+01   3.6650e-04   0.0000e+00   2.5532e+02
20251208_09:00:00   2.4500e+00   2.6996e+02   3.3510e+01   1.9874e-04   0.0000e+00   2.5594e+02
20251208_10:00:00   2.2871e+00   2.6546e+02   3.1596e+01   1.3263e-07   0.0000e+00   2.5669e+02
20251208_11:00:00   2.3834e+00   2.6827e+02   3.1991e+01   5.0396e-04   0.0000e+00   2.5749e+02
20251208_12:00:00   2.6497e+00   2.7479e+02   3.2950e+01   3.8389e-02   0.0000e+00   2.5741e+02
20251208_13:00:00   2.3958e+00   2.6908e+02   3.0823e+01   3.1107e-03   0.0000e+00   2.5702e+02
20251208_14:00:00   2.2407e+00   2.6476e+02   2.9163e+01   5.0412e-06   0.0000e+00   2.5708e+02
20251208_15:00:00   2.3366e+00   2.6767e+02   3.0179e+01   3.5640e-07   0.0000e+00   2.5623e+02
20251208_16:00:00   2.5683e+00   2.7339e+02   3.2647e+01   1.5383e-03   0.0000e+00   2.5555e+02
20251208_17:00:00   2.4615e+00   2.7074e+02   3.1925e+01   4.0394e-03   0.0000e+00   2.5643e+02
20251208_18:00:00   2.2157e+00   2.6367e+02   2.9629e+01   1.7246e-04   0.0000e+00   2.5744e+02
20251208_19:00:00   1.9751e+00   2.5495e+02   2.7178e+01   4.1777e-06   0.0000e+00   2.5751e+02
20251208_20:00:00   1.8752e+00   2.5064e+02   2.6097e+01   0.0000e+00   0.0000e+00   2.5724e+02
20251208_21:00:00   1.9068e+00   2.5200e+02   2.6369e+01   0.0000e+00   0.0000e+00   2.5696e+02
20251208_22:00:00   1.9717e+00   2.5468e+02   2.7002e+01   0.0000e+00   0.0000e+00   2.5628e+02
20251208_23:00:00   2.0335e+00   2.5710e+02   2.7702e+01   0.0000e+00   0.0000e+00   2.5607e+02
20251209_00:00:00   2.1174e+00   2.6016e+02   2.8629e+01   0.0000e+00   0.0000e+00   2.5564e+02
20251209_01:00:00   2.1900e+00   2.6255e+02   2.9300e+01   0.0000e+00   0.0000e+00   2.5443e+02
20251209_02:00:00   2.2148e+00   2.6331e+02   2.9462e+01   3.9630e-05   0.0000e+00   2.5424e+02
20251209_03:00:00   2.1969e+00   2.6266e+02   2.9311e+01   1.0700e-04   0.0000e+00   2.5443e+02
20251209_04:00:00   2.1607e+00   2.6137e+02   2.9212e+01   7.4870e-06   0.0000e+00   2.5321e+02
20251209_05:00:00   2.1241e+00   2.6009e+02   2.9103e+01   0.0000e+00   0.0000e+00   2.5117e+02
20251209_06:00:00   2.0950e+00   2.5899e+02   2.8879e+01   0.0000e+00   0.0000e+00   2.5150e+02
20251209_07:00:00   2.1543e+00   2.6107e+02   2.9277e+01   3.5340e-05   0.0000e+00   2.5006e+02
20251209_08:00:00   2.1662e+00   2.6163e+02   2.8811e+01   6.0087e-03   0.0000e+00   2.4869e+02
20251209_09:00:00   2.0576e+00   2.5805e+02   2.7184e+01   7.6393e-03   0.0000e+00   2.4800e+02
20251209_10:00:00   1.9957e+00   2.5576e+02   2.6687e+01   1.1248e-03   0.0000e+00   2.4961e+02
20251209_11:00:00   2.0525e+00   2.5772e+02   2.7680e+01   4.1690e-04   0.0000e+00   2.5048e+02
20251209_12:00:00   1.9014e+00   2.5152e+02   2.5920e+01   1.0692e-06   0.0000e+00   2.5195e+02
20251209_13:00:00   1.6466e+00   2.3904e+02   2.2517e+01   0.0000e+00   0.0000e+00   2.5522e+02
20251209_14:00:00   1.5358e+00   2.3259e+02   2.1043e+01   0.0000e+00   0.0000e+00   2.5762e+02
20251209_15:00:00   1.4246e+00   2.2545e+02   1.9693e+01   0.0000e+00   0.0000e+00   2.5953e+02
20251209_16:00:00   1.4060e+00   2.2427e+02   1.9345e+01   0.0000e+00   0.0000e+00   2.5996e+02
20251209_17:00:00   1.4847e+00   2.2963e+02   2.0285e+01   0.0000e+00   0.0000e+00   2.5989e+02
20251209_18:00:00   1.6629e+00   2.4024e+02   2.2456e+01   0.0000e+00   0.0000e+00   2.5957e+02
20251209_19:00:00   1.9116e+00   2.5222e+02   2.5368e+01   0.0000e+00   0.0000e+00   2.5900e+02
20251209_20:00:00   2.1972e+00   2.6277e+02   2.8656e+01   2.5964e-04   0.0000e+00   2.5778e+02
20251209_21:00:00   2.4209e+00   2.6926e+02   3.1419e+01   3.0510e-06   0.0000e+00   2.5670e+02
20251209_22:00:00   2.5854e+00   2.7309e+02   3.3713e+01   2.7019e-05   0.0000e+00   2.5548e+02
20251209_23:00:00   2.6203e+00   2.7379e+02   3.4388e+01   1.2082e-05   0.0000e+00   2.5358e+02
20251210_00:00:00   2.4086e+00   2.6897e+02   3.1785e+01   0.0000e+00   0.0000e+00   2.5213e+02
20251210_01:00:00   2.3003e+00   2.6609e+02   3.0582e+01   0.0000e+00   7.1280e-08   2.5121e+02
20251210_02:00:00   2.4323e+00   2.6961e+02   3.2461e+01   0.0000e+00   8.3000e-06   2.4998e+02
20251210_03:00:00   2.5922e+00   2.7330e+02   3.4525e+01   0.0000e+00   1.3512e-05   2.5071e+02
20251210_04:00:00   2.7404e+00   2.7616e+02   3.6480e+01   0.0000e+00   1.3652e-05   2.5164e+02
20251210_05:00:00   3.0186e+00   2.8057e+02   4.0049e+01   7.9580e-07   1.0708e-05   2.5109e+02
20251210_06:00:00   3.0644e+00   2.8112e+02   4.0814e+01   0.0000e+00   0.0000e+00   2.5163e+02
20251210_07:00:00   3.0079e+00   2.8032e+02   4.0129e+01   3.1360e-04   3.5040e-06   2.5192e+02
20251210_08:00:00   3.1585e+00   2.8218e+02   4.2857e+01   1.0337e-05   1.8978e-05   2.5164e+02
20251210_09:00:00   3.2818e+00   2.8356e+02   4.4361e+01   5.5600e-04   1.6486e-05   2.5216e+02
20251210_10:00:00   3.0157e+00   2.8043e+02   4.0446e+01   7.4617e-03   8.9100e-08   2.5207e+02
20251210_11:00:00   2.7936e+00   2.7709e+02   3.7651e+01   2.4958e-06   6.2740e-06   2.5329e+02
20251210_12:00:00   2.9065e+00   2.7900e+02   3.9109e+01   3.0460e-04   8.9100e-08   2.5321e+02
20251210_15:00:00   3.4267e+00   2.8561e+02   4.6604e+01   3.5068e-04   0.0000e+00   2.5204e+02
20251210_18:00:00   3.1602e+00   2.8270e+02   4.4767e+01   2.6600e-07   0.0000e+00   2.5365e+02
20251210_21:00:00   2.7213e+00   2.7615e+02   3.7450e+01   1.2760e-05   1.7820e-07   2.5019e+02
20251211_00:00:00   2.5251e+00   2.7224e+02   3.4269e+01   6.4400e-05   0.0000e+00   2.4970e+02
20251211_03:00:00   3.5267e+00   2.8646e+02   4.8011e+01   0.0000e+00   0.0000e+00   2.5005e+02
20251211_06:00:00   3.5355e+00   2.8645e+02   4.7713e+01   3.6260e-04   1.1580e-04   2.5106e+02
20251211_09:00:00   3.4803e+00   2.8582e+02   4.8008e+01   3.0216e-03   5.7138e-04   2.5159e+02
20251211_12:00:00   2.2763e+00   2.6509e+02   3.1726e+01   0.0000e+00   2.0320e-05   2.5097e+02
20251211_15:00:00   2.6668e+00   2.7506e+02   3.5895e+01   0.0000e+00   8.4530e-06   2.5246e+02
20251211_18:00:00   3.3956e+00   2.8530e+02   4.5518e+01   6.7975e-04   2.1682e-05   2.5238e+02
20251211_21:00:00   3.1114e+00   2.8247e+02   4.1804e+01   9.7260e-07   1.3564e-05   2.5189e+02
20251212_00:00:00   2.8453e+00   2.7868e+02   3.7421e+01   6.6830e-08   0.0000e+00   2.5134e+02
20251212_03:00:00   3.2229e+00   2.8355e+02   4.3204e+01   2.7417e-05   0.0000e+00   2.5248e+02
20251212_06:00:00   2.4177e+00   2.6889e+02   3.4381e+01   0.0000e+00   0.0000e+00   2.5116e+02
20251212_09:00:00   1.9121e+00   2.5216e+02   2.6353e+01   3.3210e-07   0.0000e+00   2.5340e+02
20251212_12:00:00   2.0454e+00   2.5765e+02   2.7891e+01   0.0000e+00   0.0000e+00   2.5324e+02
20251212_15:00:00   2.6462e+00   2.7461e+02   3.4874e+01   4.2394e-03   0.0000e+00   2.5497e+02
20251212_18:00:00   1.9173e+00   2.5268e+02   2.6953e+01   0.0000e+00   0.0000e+00   2.5689e+02
20251212_21:00:00   2.7098e+00   2.7593e+02   3.6716e+01   0.0000e+00   0.0000e+00   2.5493e+02
20251213_00:00:00   3.3081e+00   2.8425e+02   4.4864e+01   5.6480e-04   4.6718e-04   2.5352e+02
20251213_03:00:00   3.1244e+00   2.8224e+02   4.3151e+01   8.2860e-05   1.6938e-04   2.5529e+02
20251213_06:00:00   3.1745e+00   2.8279e+02   4.4009e+01   5.9180e-05   4.9560e-05   2.5618e+02
20251213_09:00:00   3.5468e+00   2.8628e+02   4.9212e+01   1.0550e-03   7.8094e-04   2.5256e+02
20251213_12:00:00   3.6728e+00   2.8721e+02   5.1146e+01   6.6140e-04   2.9265e-03   2.4957e+02
20251213_15:00:00   3.6448e+00   2.8711e+02   5.1224e+01   1.0350e-03   3.5169e-03   2.4696e+02
20251213_18:00:00   3.6330e+00   2.8700e+02   5.1137e+01   5.3221e-04   4.9644e-03   2.4774e+02
20251213_21:00:00   3.7528e+00   2.8782e+02   5.2707e+01   5.3040e-04   8.1980e-03   2.4519e+02
20251214_00:00:00   3.8523e+00   2.8844e+02   5.3752e+01   1.7582e-04   2.5505e-02   2.4778e+02
20251214_03:00:00   3.4067e+00   2.8505e+02   4.8303e+01   2.1280e-05   3.0765e-02   2.5040e+02
20251214_06:00:00   3.6224e+00   2.8654e+02   5.0283e+01   3.6820e-05   1.8899e-02   2.5085e+02
20251214_09:00:00   3.0589e+00   2.8099e+02   4.2370e+01   2.3880e-06   9.2456e-03   2.5155e+02
20251214_12:00:00   3.1419e+00   2.8217e+02   4.3321e+01   1.6126e-05   7.0695e-03   2.5321e+02
20251214_15:00:00   3.0067e+00   2.8063e+02   4.1580e+01   1.9468e-04   9.4302e-05   2.5628e+02
20251214_18:00:00   1.9340e+00   2.5366e+02   2.5867e+01   1.7054e-04   0.0000e+00   2.5564e+02
20251214_21:00:00   1.9450e+00   2.5397e+02   2.6007e+01   0.0000e+00   0.0000e+00   2.5438e+02
20251215_00:00:00   2.7015e+00   2.7568e+02   3.5361e+01   1.9876e-02   8.5222e-05   2.5337e+02
20251215_03:00:00   2.9143e+00   2.7926e+02   3.9702e+01   0.0000e+00   1.0844e-03   2.5446e+02
20251215_06:00:00   3.2229e+00   2.8347e+02   4.3230e+01   1.8384e-04   6.1505e-04   2.5448e+02
20251215_09:00:00   3.2923e+00   2.8395e+02   4.5031e+01   1.0970e-04   6.4802e-04   2.5527e+02
20251215_12:00:00   3.2845e+00   2.8402e+02   4.5577e+01   1.7046e-05   1.0534e-03   2.5550e+02
20251215_15:00:00   3.3595e+00   2.8504e+02   4.7213e+01   1.1978e-04   2.7767e-03   2.5429e+02
20251215_18:00:00   3.4146e+00   2.8556e+02   4.8261e+01   1.0348e-03   3.2841e-03   2.5371e+02
20251215_21:00:00   3.4137e+00   2.8560e+02   4.8321e+01   1.9812e-05   1.0148e-03   2.5343e+02
20251216_00:00:00   3.4058e+00   2.8545e+02   4.8105e+01   1.2074e-04   2.6033e-03   2.5580e+02
20251216_03:00:00   3.4488e+00   2.8561e+02   4.8603e+01   6.4340e-04   1.0838e-04   2.5681e+02
20251216_06:00:00   3.5276e+00   2.8607e+02   4.9975e+01   1.4304e-05   1.8054e-03   2.5671e+02
20251216_09:00:00   3.5778e+00   2.8645e+02   5.1099e+01   0.0000e+00   7.6566e-04   2.5327e+02
20251216_12:00:00   3.6033e+00   2.8679e+02   5.1327e+01   0.0000e+00   2.3888e-03   2.5491e+02
20251216_15:00:00   3.5379e+00   2.8637e+02   5.0362e+01   4.5420e-04   1.2430e-03   2.5523e+02
20251216_18:00:00   3.4361e+00   2.8542e+02   4.9258e+01   1.2082e-04   8.3039e-04   2.5477e+02
20251216_21:00:00   3.3397e+00   2.8458e+02   4.7729e+01   0.0000e+00   2.1042e-04   2.5427e+02
20251217_00:00:00   3.3100e+00   2.8440e+02   4.7002e+01   0.0000e+00   5.9237e-05   2.5379e+02
20251217_03:00:00   3.2712e+00   2.8371e+02   4.6585e+01   1.6510e-05   4.6458e-04   2.5365e+02
20251217_06:00:00   3.1990e+00   2.8263e+02   4.5872e+01   9.9060e-06   4.4249e-03   2.5300e+02
20251217_09:00:00   3.1871e+00   2.8229e+02   4.5901e+01   0.0000e+00   1.3765e-02   2.4998e+02
20251217_12:00:00   2.9121e+00   2.7839e+02   4.3107e+01   0.0000e+00   6.6272e-03   2.5159e+02
20251217_15:00:00   2.3442e+00   2.6636e+02   3.5679e+01   0.0000e+00   1.0827e-02   2.5193e+02
20251217_18:00:00   2.0824e+00   2.5833e+02   3.0881e+01   0.0000e+00   1.9479e-04   2.5116e+02
20251217_21:00:00   2.2853e+00   2.6525e+02   3.3434e+01   0.0000e+00   1.1606e-03   2.4949e+02
20251218_00:00:00   3.1385e+00   2.8234e+02   4.4161e+01   7.6280e-06   1.5670e-03   2.4664e+02
20251218_03:00:00   3.2940e+00   2.8393e+02   4.6329e+01   2.4440e-04   1.2487e-03   2.4730e+02
20251218_06:00:00   2.4648e+00   2.6930e+02   3.7282e+01   8.8420e-08   2.7241e-05   2.4664e+02
20251218_09:00:00   2.5471e+00   2.7145e+02   3.7616e+01   1.2738e-04   0.0000e+00   2.4548e+02
20251218_12:00:00   2.6318e+00   2.7368e+02   3.7957e+01   1.9049e-02   6.6540e-06   2.4729e+02
20251218_15:00:00   2.4257e+00   2.6879e+02   3.5880e+01   0.0000e+00   3.5940e-06   2.4780e+02
20251218_18:00:00   2.8105e+00   2.7739e+02   3.9915e+01   4.7080e-05   3.8898e-06   2.4761e+02
20251218_21:00:00   2.2789e+00   2.6453e+02   3.4318e+01   0.0000e+00   1.2396e-04   2.4745e+02
20251219_00:00:00   2.6676e+00   2.7453e+02   3.7989e+01   3.6060e-04   3.3444e-04   2.4828e+02
20251219_03:00:00   3.1908e+00   2.8266e+02   4.3650e+01   1.9417e-02   7.0682e-04   2.4727e+02
20251219_06:00:00   2.3640e+00   2.6649e+02   3.5320e+01   0.0000e+00   6.2671e-04   2.4714e+02
20251219_09:00:00   2.3015e+00   2.6458e+02   3.4590e+01   0.0000e+00   1.5073e-03   2.4839e+02
20251219_12:00:00   3.0224e+00   2.8027e+02   4.2481e+01   2.0800e-03   1.7311e-03   2.4876e+02
20251219_15:00:00   3.2586e+00   2.8321e+02   4.6261e+01   3.1300e-04   1.9580e-03   2.5028e+02
20251219_18:00:00   3.3494e+00   2.8428e+02   4.7784e+01   8.2023e-04   2.5105e-04   2.4995e+02
20251219_21:00:00   3.4359e+00   2.8501e+02   4.9165e+01   0.0000e+00   1.0296e-04   2.4968e+02
20251220_00:00:00   3.4971e+00   2.8538e+02   4.9837e+01   1.3263e-07   0.0000e+00   2.4954e+02
20251220_03:00:00   3.3271e+00   2.8371e+02   4.7427e+01   1.3310e-05   0.0000e+00   2.4845e+02
20251220_06:00:00   3.1990e+00   2.8195e+02   4.5675e+01   1.1112e-04   0.0000e+00   2.4754e+02
20251220_09:00:00   2.7179e+00   2.7458e+02   3.9546e+01   0.0000e+00   0.0000e+00   2.4792e+02
20251220_12:00:00   2.8528e+00   2.7736e+02   4.1037e+01   7.9250e-05   0.0000e+00   2.4954e+02
20251220_15:00:00   3.0229e+00   2.8029e+02   4.2906e+01   0.0000e+00   0.0000e+00   2.5158e+02
20251220_18:00:00   3.1113e+00   2.8128e+02   4.4166e+01   2.5202e-04   0.0000e+00   2.5261e+02
20251220_21:00:00   3.2407e+00   2.8261e+02   4.5655e+01   9.0140e-05   0.0000e+00   2.5534e+02
20251221_00:00:00   3.0484e+00   2.8036e+02   4.3140e+01   7.3460e-06   0.0000e+00   2.5465e+02
20251221_03:00:00   2.5801e+00   2.7174e+02   3.7475e+01   0.0000e+00   0.0000e+00   2.5495e+02
20251221_06:00:00   2.9708e+00   2.7921e+02   4.0032e+01   2.5865e-02   0.0000e+00   2.5422e+02
20251221_09:00:00   2.9331e+00   2.7879e+02   4.0006e+01   1.2658e-04   0.0000e+00   2.5614e+02
20251221_12:00:00   2.4489e+00   2.6938e+02   3.4198e+01   1.1361e-06   0.0000e+00   2.5508e+02
