#            date       tau255        Tb[K]      pwv[mm] lwp[kg*m^-2] iwp[kg*m^-2]       o3[DU]
20251203_06:00:00   2.6855e+00   2.7474e+02   3.7215e+01   0.0000e+00   0.0000e+00   2.6437e+02
20251203_07:00:00   2.6346e+00   2.7372e+02   3.6372e+01   1.5386e-05   2.8300e-07   2.6559e+02
20251203_08:00:00   2.6616e+00   2.7426e+02   3.6669e+01   0.0000e+00   0.0000e+00   2.6609e+02
20251203_09:00:00   2.6912e+00   2.7486e+02   3.7111e+01   0.0000e+00   0.0000e+00   2.6422e+02
20251203_10:00:00   2.7599e+00   2.7605e+02   3.8402e+01   0.0000e+00   0.0000e+00   2.6221e+02
20251203_11:00:00   2.5641e+00   2.7201e+02   3.6464e+01   0.0000e+00   0.0000e+00   2.6306e+02
20251203_12:00:00   2.4112e+00   2.6836e+02   3.4559e+01   0.0000e+00   0.0000e+00   2.6483e+02
20251203_13:00:00   2.3818e+00   2.6794e+02   3.3893e+01   0.0000e+00   0.0000e+00   2.6621e+02
20251203_14:00:00   2.3886e+00   2.6839e+02   3.3610e+01   4.7410e-05   0.0000e+00   2.6568e+02
20251203_15:00:00   2.3133e+00   2.6646e+02   3.2561e+01   0.0000e+00   0.0000e+00   2.6493e+02
20251203_16:00:00   2.3775e+00   2.6837e+02   3.2906e+01   0.0000e+00   0.0000e+00   2.6573e+02
20251203_17:00:00   2.5516e+00   2.7267e+02   3.4454e+01   2.3188e-04   0.0000e+00   2.6475e+02
20251203_18:00:00   2.6658e+00   2.7520e+02   3.5611e+01   9.9070e-04   0.0000e+00   2.6450e+02
20251203_19:00:00   2.8193e+00   2.7788e+02   3.7718e+01   0.0000e+00   0.0000e+00   2.6496e+02
20251203_20:00:00   2.9202e+00   2.7929e+02   3.9429e+01   1.4948e-05   0.0000e+00   2.6592e+02
20251203_21:00:00   2.9971e+00   2.8036e+02   4.0759e+01   0.0000e+00   0.0000e+00   2.6541e+02
20251203_22:00:00   3.1244e+00   2.8199e+02   4.2633e+01   1.7684e-07   0.0000e+00   2.6579e+02
20251203_23:00:00   3.2494e+00   2.8329e+02   4.4670e+01   4.1560e-06   0.0000e+00   2.6591e+02
20251204_00:00:00   3.3384e+00   2.8410e+02   4.6100e+01   0.0000e+00   0.0000e+00   2.6410e+02
20251204_01:00:00   3.3517e+00   2.8430e+02   4.6310e+01   0.0000e+00   0.0000e+00   2.6229e+02
20251204_02:00:00   3.3428e+00   2.8439e+02   4.6041e+01   5.1980e-06   0.0000e+00   2.6045e+02
20251204_03:00:00   3.2769e+00   2.8380e+02   4.5243e+01   3.9920e-06   0.0000e+00   2.5953e+02
20251204_04:00:00   3.2755e+00   2.8380e+02   4.5219e+01   5.8180e-03   0.0000e+00   2.5859e+02
20251204_05:00:00   3.2270e+00   2.8332e+02   4.4733e+01   1.0610e-02   0.0000e+00   2.5776e+02
20251204_06:00:00   3.1743e+00   2.8263e+02   4.4471e+01   5.2910e-03   0.0000e+00   2.5727e+02
20251204_07:00:00   3.1386e+00   2.8214e+02   4.4280e+01   0.0000e+00   0.0000e+00   2.5920e+02
20251204_08:00:00   3.0552e+00   2.8106e+02   4.3264e+01   0.0000e+00   0.0000e+00   2.6099e+02
20251204_09:00:00   3.0531e+00   2.8104e+02   4.3369e+01   0.0000e+00   0.0000e+00   2.6242e+02
20251204_10:00:00   3.2367e+00   2.8332e+02   4.5898e+01   0.0000e+00   0.0000e+00   2.6349e+02
20251204_11:00:00   3.3292e+00   2.8428e+02   4.7130e+01   0.0000e+00   0.0000e+00   2.6449e+02
20251204_12:00:00   3.3386e+00   2.8428e+02   4.7034e+01   8.7600e-05   0.0000e+00   2.6475e+02
20251204_13:00:00   3.3073e+00   2.8410e+02   4.6241e+01   8.0040e-05   0.0000e+00   2.6550e+02
20251204_14:00:00   3.2398e+00   2.8353e+02   4.5275e+01   1.7820e-07   2.1296e-06   2.6563e+02
20251204_15:00:00   3.1008e+00   2.8210e+02   4.3082e+01   5.0160e-04   3.8300e-05   2.6481e+02
20251204_16:00:00   2.7952e+00   2.7756e+02   3.8968e+01   0.0000e+00   7.9250e-05   2.6445e+02
20251204_17:00:00   2.5116e+00   2.7181e+02   3.5467e+01   0.0000e+00   7.8910e-05   2.6327e+02
20251204_18:00:00   2.2120e+00   2.6332e+02   3.2261e+01   8.8420e-08   5.2990e-05   2.6272e+02
20251204_19:00:00   2.5832e+00   2.7292e+02   3.7460e+01   4.4560e-08   5.3200e-05   2.6293e+02
20251204_20:00:00   3.0564e+00   2.8131e+02   4.2967e+01   0.0000e+00   1.0566e-05   2.6177e+02
20251204_21:00:00   3.2625e+00   2.8385e+02   4.5243e+01   1.6232e-04   0.0000e+00   2.5941e+02
20251204_22:00:00   2.9397e+00   2.7978e+02   4.1024e+01   1.5916e-06   0.0000e+00   2.6084e+02
20251204_23:00:00   2.9044e+00   2.7933e+02   4.0685e+01   1.4694e-06   0.0000e+00   2.6200e+02
20251205_00:00:00   3.2824e+00   2.8420e+02   4.5758e+01   0.0000e+00   0.0000e+00   2.6110e+02
20251205_01:00:00   3.4100e+00   2.8538e+02   4.6965e+01   0.0000e+00   0.0000e+00   2.6033e+02
20251205_02:00:00   3.3540e+00   2.8479e+02   4.6092e+01   5.2780e-05   0.0000e+00   2.5934e+02
20251205_03:00:00   3.0150e+00   2.8058e+02   4.2291e+01   2.2031e-05   0.0000e+00   2.5876e+02
20251205_04:00:00   2.2257e+00   2.6341e+02   3.2232e+01   7.3510e-07   0.0000e+00   2.5903e+02
20251205_05:00:00   1.6103e+00   2.3686e+02   2.3314e+01   0.0000e+00   0.0000e+00   2.6010e+02
20251205_06:00:00   1.7101e+00   2.4245e+02   2.3746e+01   0.0000e+00   0.0000e+00   2.6022e+02
20251205_07:00:00   2.1331e+00   2.6057e+02   2.8289e+01   3.4410e-03   0.0000e+00   2.6040e+02
20251205_08:00:00   2.4229e+00   2.6941e+02   3.1886e+01   5.9240e-05   0.0000e+00   2.5985e+02
20251205_09:00:00   2.3847e+00   2.6836e+02   3.2506e+01   4.3252e-05   2.1296e-06   2.5924e+02
20251205_10:00:00   2.2390e+00   2.6386e+02   3.1738e+01   0.0000e+00   0.0000e+00   2.5904e+02
20251205_11:00:00   2.4187e+00   2.6900e+02   3.3428e+01   4.1270e-07   0.0000e+00   2.5819e+02
20251205_12:00:00   2.7682e+00   2.7674e+02   3.6968e+01   3.9979e-04   0.0000e+00   2.5647e+02
20251205_13:00:00   2.4748e+00   2.7082e+02   3.2748e+01   4.4949e-05   0.0000e+00   2.5692e+02
20251205_14:00:00   1.7587e+00   2.4532e+02   2.4331e+01   7.9350e-04   0.0000e+00   2.5796e+02
20251205_15:00:00   1.6567e+00   2.3977e+02   2.3753e+01   0.0000e+00   0.0000e+00   2.5845e+02
20251205_16:00:00   1.9235e+00   2.5273e+02   2.7164e+01   8.8420e-08   0.0000e+00   2.5841e+02
20251205_17:00:00   2.1242e+00   2.6061e+02   2.8890e+01   8.9100e-08   0.0000e+00   2.5892e+02
20251205_18:00:00   1.9756e+00   2.5522e+02   2.6597e+01   0.0000e+00   0.0000e+00   2.5956e+02
20251205_19:00:00   1.6635e+00   2.4050e+02   2.2625e+01   0.0000e+00   0.0000e+00   2.6007e+02
20251205_20:00:00   1.4621e+00   2.2809e+02   2.0434e+01   0.0000e+00   0.0000e+00   2.6070e+02
20251205_21:00:00   1.7451e+00   2.4442e+02   2.4104e+01   0.0000e+00   0.0000e+00   2.6151e+02
20251205_22:00:00   2.2664e+00   2.6502e+02   3.0333e+01   0.0000e+00   0.0000e+00   2.6153e+02
20251205_23:00:00   2.3639e+00   2.6792e+02   3.1814e+01   1.2998e-05   0.0000e+00   2.6156e+02
20251206_00:00:00   1.9796e+00   2.5495e+02   2.7910e+01   2.1119e-05   0.0000e+00   2.6020e+02
20251206_01:00:00   2.0637e+00   2.5828e+02   2.8492e+01   0.0000e+00   0.0000e+00   2.5872e+02
20251206_02:00:00   2.3459e+00   2.6754e+02   3.1076e+01   1.4828e-04   0.0000e+00   2.5753e+02
20251206_03:00:00   2.4820e+00   2.7094e+02   3.2994e+01   2.2296e-04   0.0000e+00   2.5753e+02
20251206_04:00:00   2.6638e+00   2.7467e+02   3.5359e+01   2.0567e-04   0.0000e+00   2.5733e+02
20251206_05:00:00   2.6215e+00   2.7372e+02   3.4866e+01   2.9533e-04   0.0000e+00   2.5689e+02
20251206_06:00:00   2.4126e+00   2.6879e+02   3.2569e+01   3.7440e-05   0.0000e+00   2.5633e+02
20251206_07:00:00   2.2193e+00   2.6322e+02   3.0346e+01   1.9814e-05   0.0000e+00   2.5642e+02
20251206_08:00:00   2.3495e+00   2.6703e+02   3.1873e+01   1.9544e-03   0.0000e+00   2.5589e+02
20251206_09:00:00   2.7895e+00   2.7672e+02   3.7637e+01   5.0175e-04   0.0000e+00   2.5495e+02
20251206_10:00:00   3.1006e+00   2.8141e+02   4.1756e+01   1.1419e-03   0.0000e+00   2.5389e+02
20251206_11:00:00   3.0909e+00   2.8142e+02   4.1451e+01   3.6200e-04   0.0000e+00   2.5415e+02
20251206_12:00:00   3.0333e+00   2.8089e+02   4.0485e+01   4.3680e-04   0.0000e+00   2.5495e+02
20251206_13:00:00   2.9309e+00   2.7946e+02   3.9207e+01   3.8470e-04   0.0000e+00   2.5544e+02
20251206_14:00:00   3.0808e+00   2.8158e+02   4.1471e+01   3.2897e-03   0.0000e+00   2.5503e+02
20251206_15:00:00   3.2367e+00   2.8340e+02   4.3736e+01   3.2497e-03   0.0000e+00   2.5510e+02
20251206_16:00:00   3.1644e+00   2.8272e+02   4.3019e+01   1.4278e-03   0.0000e+00   2.5511e+02
20251206_17:00:00   3.2001e+00   2.8322e+02   4.3499e+01   9.4392e-04   0.0000e+00   2.5316e+02
20251206_18:00:00   3.0065e+00   2.8082e+02   4.0833e+01   1.6428e-03   0.0000e+00   2.5296e+02
20251206_19:00:00   2.5987e+00   2.7387e+02   3.5089e+01   6.4486e-04   0.0000e+00   2.5324e+02
20251206_20:00:00   2.2194e+00   2.6400e+02   3.0362e+01   0.0000e+00   0.0000e+00   2.5303e+02
20251206_21:00:00   1.8546e+00   2.4990e+02   2.6465e+01   0.0000e+00   0.0000e+00   2.5353e+02
20251206_22:00:00   1.9079e+00   2.5213e+02   2.7368e+01   0.0000e+00   0.0000e+00   2.5404e+02
20251206_23:00:00   2.3421e+00   2.6732e+02   3.2857e+01   1.7684e-07   0.0000e+00   2.5506e+02
20251207_00:00:00   2.8068e+00   2.7772e+02   3.8558e+01   5.8428e-05   0.0000e+00   2.5408e+02
20251207_01:00:00   3.0042e+00   2.8101e+02   4.0645e+01   1.4292e-04   0.0000e+00   2.5275e+02
20251207_02:00:00   3.0576e+00   2.8164e+02   4.1109e+01   8.5860e-05   0.0000e+00   2.5348e+02
20251207_03:00:00   2.4337e+00   2.6957e+02   3.4860e+01   0.0000e+00   0.0000e+00   2.5335e+02
20251207_04:00:00   2.2049e+00   2.6288e+02   3.2102e+01   2.9180e-06   0.0000e+00   2.5265e+02
20251207_05:00:00   2.1933e+00   2.6226e+02   3.2271e+01   5.5560e-06   0.0000e+00   2.5312e+02
20251207_06:00:00   2.1491e+00   2.6075e+02   3.1661e+01   8.9100e-08   0.0000e+00   2.5360e+02
20251207_07:00:00   1.9695e+00   2.5417e+02   2.8897e+01   0.0000e+00   0.0000e+00   2.5375e+02
20251207_08:00:00   1.8427e+00   2.4878e+02   2.6739e+01   0.0000e+00   0.0000e+00   2.5345e+02
20251207_09:00:00   2.0630e+00   2.5794e+02   2.9382e+01   0.0000e+00   0.0000e+00   2.5255e+02
20251207_10:00:00   2.7222e+00   2.7574e+02   3.7576e+01   6.4266e-04   0.0000e+00   2.5277e+02
20251207_11:00:00   3.2302e+00   2.8336e+02   4.3553e+01   7.3316e-05   0.0000e+00   2.5436e+02
20251207_12:00:00   2.6023e+00   2.7365e+02   3.6067e+01   9.3749e-06   0.0000e+00   2.5524e+02
20251207_13:00:00   1.9593e+00   2.5433e+02   2.8239e+01   0.0000e+00   0.0000e+00   2.5610e+02
20251207_14:00:00   2.2140e+00   2.6364e+02   3.0785e+01   2.6260e-05   0.0000e+00   2.5544e+02
20251207_15:00:00   2.7267e+00   2.7645e+02   3.6327e+01   1.8121e-03   0.0000e+00   2.5500e+02
20251207_16:00:00   2.7608e+00   2.7729e+02   3.6632e+01   1.1999e-03   0.0000e+00   2.5526e+02
20251207_17:00:00   2.3223e+00   2.6725e+02   3.1802e+01   9.7685e-04   0.0000e+00   2.5600e+02
20251207_18:00:00   1.9959e+00   2.5605e+02   2.8140e+01   1.3358e-05   0.0000e+00   2.5518e+02
20251207_19:00:00   2.1268e+00   2.6080e+02   2.9805e+01   1.1895e-05   0.0000e+00   2.5403e+02
20251207_20:00:00   2.2491e+00   2.6478e+02   3.1113e+01   0.0000e+00   0.0000e+00   2.5283e+02
20251207_21:00:00   2.1139e+00   2.6029e+02   2.9806e+01   0.0000e+00   0.0000e+00   2.5185e+02
20251207_22:00:00   2.1229e+00   2.6055e+02   3.0116e+01   0.0000e+00   0.0000e+00   2.5214e+02
20251207_23:00:00   2.4343e+00   2.6996e+02   3.3585e+01   9.2880e-07   0.0000e+00   2.5215e+02
20251208_00:00:00   2.6460e+00   2.7492e+02   3.5768e+01   5.6480e-05   0.0000e+00   2.5160e+02
20251208_01:00:00   2.7962e+00   2.7783e+02   3.7353e+01   0.0000e+00   0.0000e+00   2.5202e+02
20251208_02:00:00   2.9213e+00   2.7987e+02   3.9393e+01   1.2378e-06   0.0000e+00   2.5203e+02
20251208_03:00:00   3.1631e+00   2.8313e+02   4.3059e+01   6.1960e-07   3.9960e-23   2.5250e+02
20251208_04:00:00   2.9621e+00   2.8014e+02   4.0742e+01   3.4091e-06   1.1966e-21   2.5190e+02
20251208_05:00:00   2.8213e+00   2.7774e+02   3.8897e+01   2.7047e-04   0.0000e+00   2.5182e+02
20251208_06:00:00   2.8062e+00   2.7750e+02   3.8916e+01   3.5360e-07   0.0000e+00   2.5166e+02
20251208_09:00:00   2.3384e+00   2.6721e+02   3.2046e+01   1.2184e-04   0.0000e+00   2.5196e+02
20251208_12:00:00   2.1875e+00   2.6263e+02   3.0538e+01   1.4859e-05   0.0000e+00   2.5358e+02
20251208_15:00:00   2.9589e+00   2.8026e+02   3.9981e+01   2.7375e-03   0.0000e+00   2.5171e+02
20251208_18:00:00   2.0971e+00   2.5949e+02   2.9924e+01   0.0000e+00   0.0000e+00   2.5304e+02
20251208_21:00:00   1.7086e+00   2.4255e+02   2.4769e+01   0.0000e+00   0.0000e+00   2.5337e+02
20251209_00:00:00   2.3076e+00   2.6630e+02   3.1885e+01   7.5940e-05   0.0000e+00   2.5440e+02
20251209_03:00:00   3.1292e+00   2.8252e+02   4.2346e+01   1.0790e-05   0.0000e+00   2.5387e+02
20251209_06:00:00   2.8678e+00   2.7850e+02   4.0251e+01   7.4440e-05   8.9100e-08   2.5484e+02
20251209_09:00:00   2.1302e+00   2.6042e+02   2.9826e+01   0.0000e+00   0.0000e+00   2.5567e+02
20251209_12:00:00   2.1020e+00   2.5955e+02   2.9324e+01   0.0000e+00   0.0000e+00   2.5541e+02
20251209_15:00:00   3.2127e+00   2.8321e+02   4.4951e+01   7.8982e-04   3.1980e-04   2.5434e+02
20251209_18:00:00   2.3052e+00   2.6635e+02   3.1675e+01   0.0000e+00   0.0000e+00   2.5708e+02
20251209_21:00:00   2.9551e+00   2.8002e+02   4.0061e+01   1.0254e-04   1.9943e-04   2.5361e+02
20251210_00:00:00   3.2115e+00   2.8352e+02   4.4074e+01   3.3280e-06   1.7615e-03   2.5262e+02
20251210_03:00:00   2.7973e+00   2.7756e+02   3.8013e+01   9.6380e-05   2.4760e-06   2.5168e+02
20251210_06:00:00   3.3456e+00   2.8456e+02   4.6531e+01   1.3434e-04   1.5520e-04   2.5127e+02
20251210_09:00:00   2.7648e+00   2.7644e+02   3.8747e+01   8.3720e-05   1.7166e-05   2.5266e+02
20251210_12:00:00   1.8731e+00   2.4995e+02   2.7037e+01   0.0000e+00   8.0800e-06   2.5152e+02
20251210_15:00:00   2.1018e+00   2.5946e+02   2.9452e+01   9.3610e-04   7.9900e-06   2.5646e+02
20251210_18:00:00   2.7998e+00   2.7745e+02   3.9256e+01   1.7473e-05   0.0000e+00   2.5813e+02
20251210_21:00:00   3.1806e+00   2.8299e+02   4.4437e+01   3.5360e-07   0.0000e+00   2.5897e+02
20251211_00:00:00   2.5374e+00   2.7256e+02   3.4513e+01   2.2460e-03   0.0000e+00   2.5989e+02
20251211_03:00:00   2.7647e+00   2.7676e+02   3.7332e+01   1.5227e-02   0.0000e+00   2.6070e+02
20251211_06:00:00   3.0757e+00   2.8134e+02   4.2790e+01   3.2600e-04   9.2280e-25   2.5774e+02
20251211_09:00:00   2.8437e+00   2.7784e+02   3.9943e+01   1.6591e-03   0.0000e+00   2.5810e+02
20251211_12:00:00   2.8804e+00   2.7872e+02   4.0415e+01   0.0000e+00   0.0000e+00   2.6019e+02
20251211_15:00:00   3.2508e+00   2.8393e+02   4.5099e+01   4.0937e-04   1.9964e-05   2.5784e+02
20251211_18:00:00   2.6468e+00   2.7479e+02   3.5439e+01   5.7150e-03   0.0000e+00   2.5657e+02
20251211_21:00:00   2.0854e+00   2.5880e+02   2.9849e+01   4.8120e-06   0.0000e+00   2.5727e+02
20251212_00:00:00   2.6187e+00   2.7393e+02   3.5476e+01   4.7170e-05   0.0000e+00   2.5804e+02
20251212_03:00:00   2.8093e+00   2.7738e+02   3.9459e+01   1.9782e-04   0.0000e+00   2.5830e+02
20251212_06:00:00   3.0833e+00   2.8174e+02   4.2988e+01   0.0000e+00   0.0000e+00   2.5823e+02
20251212_09:00:00   3.5954e+00   2.8680e+02   4.9322e+01   5.6200e-04   7.5360e-05   2.5576e+02
20251212_12:00:00   3.6447e+00   2.8707e+02   4.9853e+01   2.7324e-05   5.4232e-04   2.5569e+02
20251212_15:00:00   3.6125e+00   2.8694e+02   4.9339e+01   6.8810e-04   2.7467e-03   2.5588e+02
20251212_18:00:00   2.8502e+00   2.7786e+02   4.0527e+01   2.2272e-05   3.0940e-05   2.5655e+02
20251212_21:00:00   2.5471e+00   2.7223e+02   3.5281e+01   5.3730e-06   0.0000e+00   2.5650e+02
20251213_00:00:00   2.7035e+00   2.7600e+02   3.5701e+01   9.9820e-06   0.0000e+00   2.5523e+02
20251213_03:00:00   2.3737e+00   2.6859e+02   3.0355e+01   8.9820e-06   0.0000e+00   2.5761e+02
20251213_06:00:00   2.9218e+00   2.7933e+02   3.8672e+01   7.1868e-05   0.0000e+00   2.5762e+02
20251213_09:00:00   2.8241e+00   2.7780e+02   3.8314e+01   5.9840e-06   0.0000e+00   2.5822e+02
20251213_12:00:00   2.8857e+00   2.7924e+02   3.8497e+01   0.0000e+00   0.0000e+00   2.5877e+02
20251213_15:00:00   3.2354e+00   2.8395e+02   4.3954e+01   1.3052e-03   0.0000e+00   2.5698e+02
20251213_18:00:00   3.4095e+00   2.8574e+02   4.7206e+01   1.6636e-06   1.6970e-04   2.5705e+02
20251213_21:00:00   3.0334e+00   2.8142e+02   4.2389e+01   0.0000e+00   0.0000e+00   2.5686e+02
20251214_00:00:00   3.2033e+00   2.8353e+02   4.3424e+01   3.5860e-04   3.3280e-06   2.5790e+02
20251214_03:00:00   3.2377e+00   2.8382e+02   4.4057e+01   8.0120e-05   8.9100e-08   2.5811e+02
20251214_06:00:00   3.4317e+00   2.8562e+02   4.7153e+01   2.8120e-05   4.0640e-05   2.5986e+02
20251214_09:00:00   3.5506e+00   2.8654e+02   4.9220e+01   6.6540e-06   7.9700e-04   2.6070e+02
20251214_12:00:00   3.5419e+00   2.8656e+02   4.9725e+01   6.6040e-06   1.3079e-03   2.6062e+02
20251214_15:00:00   3.5807e+00   2.8684e+02   5.0153e+01   4.3644e-03   3.3766e-04   2.6125e+02
20251214_18:00:00   2.7527e+00   2.7632e+02   3.9615e+01   7.1280e-07   6.5860e-03   2.6051e+02
20251214_21:00:00   1.9432e+00   2.5329e+02   2.8136e+01   0.0000e+00   1.4247e-03   2.5931e+02
20251215_00:00:00   2.3211e+00   2.6659e+02   3.1846e+01   0.0000e+00   1.9833e-03   2.5946e+02
20251215_03:00:00   2.7364e+00   2.7636e+02   3.6333e+01   2.5082e-03   2.7741e-03   2.5977e+02
20251215_06:00:00   2.2459e+00   2.6445e+02   3.0592e+01   0.0000e+00   4.9635e-03   2.6112e+02
20251215_09:00:00   2.8743e+00   2.7854e+02   3.9112e+01   0.0000e+00   3.5830e-04   2.5853e+02
20251215_12:00:00   3.0979e+00   2.8169e+02   4.2249e+01   0.0000e+00   5.7005e-04   2.6018e+02
20251215_15:00:00   3.0488e+00   2.8135e+02   4.1900e+01   2.7118e-04   1.9706e-04   2.5990e+02
20251215_18:00:00   2.8527e+00   2.7856e+02   3.9259e+01   0.0000e+00   1.3763e-03   2.5891e+02
20251215_21:00:00   3.0111e+00   2.8079e+02   4.1192e+01   0.0000e+00   3.5022e-04   2.5824e+02
20251216_00:00:00   3.1315e+00   2.8244e+02   4.2975e+01   0.0000e+00   6.6060e-05   2.5797e+02
20251216_03:00:00   2.9454e+00   2.7978e+02   4.0898e+01   0.0000e+00   6.1894e-06   2.5889e+02
20251216_06:00:00   2.8205e+00   2.7759e+02   3.9236e+01   1.0294e-05   0.0000e+00   2.5649e+02
20251216_09:00:00   2.8385e+00   2.7766e+02   3.9567e+01   8.8420e-08   1.5889e-04   2.5645e+02
20251216_12:00:00   3.0645e+00   2.8071e+02   4.2905e+01   5.2840e-05   0.0000e+00   2.5962e+02
20251216_15:00:00   3.0409e+00   2.8069e+02   4.3024e+01   2.9940e-05   1.4906e-05   2.6018e+02
20251216_18:00:00   3.0670e+00   2.8104e+02   4.3540e+01   2.4564e-04   6.9020e-05   2.5864e+02
20251216_21:00:00   3.0570e+00   2.8082e+02   4.3810e+01   0.0000e+00   5.6132e-04   2.6043e+02
20251217_00:00:00   3.0908e+00   2.8114e+02   4.4273e+01   0.0000e+00   3.3423e-03   2.6032e+02
20251217_03:00:00   3.0871e+00   2.8090e+02   4.4300e+01   0.0000e+00   4.5068e-04   2.5939e+02
20251217_06:00:00   3.0202e+00   2.7998e+02   4.3158e+01   0.0000e+00   2.4660e-05   2.5662e+02
20251217_09:00:00   2.9547e+00   2.7911e+02   4.2369e+01   0.0000e+00   9.7480e-05   2.5536e+02
20251217_12:00:00   3.0078e+00   2.7987e+02   4.2932e+01   0.0000e+00   1.0715e-04   2.5853e+02
20251217_15:00:00   3.0316e+00   2.8038e+02   4.3031e+01   0.0000e+00   1.7532e-03   2.6258e+02
20251217_18:00:00   3.0094e+00   2.8003e+02   4.2903e+01   0.0000e+00   3.8140e-05   2.6615e+02
20251217_21:00:00   3.0776e+00   2.8084e+02   4.3558e+01   0.0000e+00   0.0000e+00   2.6616e+02
20251218_00:00:00   3.0728e+00   2.8077e+02   4.3410e+01   2.6086e-04   1.4256e-04   2.6705e+02
20251218_03:00:00   3.2012e+00   2.8216e+02   4.4879e+01   1.3183e-05   3.1243e-03   2.6895e+02
20251218_06:00:00   3.1248e+00   2.8115e+02   4.4069e+01   1.2078e-05   8.6743e-03   2.7094e+02
20251218_09:00:00   3.1032e+00   2.8079e+02   4.3640e+01   2.8697e-04   9.8282e-03   2.7168e+02
20251218_12:00:00   3.1213e+00   2.8108e+02   4.4004e+01   0.0000e+00   5.9039e-03   2.7092e+02
20251218_15:00:00   3.1888e+00   2.8192e+02   4.4989e+01   1.3286e-04   7.8556e-03   2.6927e+02
20251218_18:00:00   3.0714e+00   2.8041e+02   4.3319e+01   2.3956e-04   8.1191e-03   2.6627e+02
20251218_21:00:00   3.0676e+00   2.8036e+02   4.3464e+01   4.4220e-07   9.0966e-03   2.6480e+02
20251219_00:00:00   3.0363e+00   2.7998e+02   4.2351e+01   3.5450e-04   7.7640e-03   2.6383e+02
20251219_03:00:00   3.1240e+00   2.8094e+02   4.4144e+01   1.3366e-07   7.8883e-03   2.6482e+02
20251219_06:00:00   3.2236e+00   2.8177e+02   4.6047e+01   2.9115e-03   3.0607e-02   2.6444e+02
