#            date       tau255        Tb[K]      pwv[mm] lwp[kg*m^-2] iwp[kg*m^-2]       o3[DU]
20251209_00:00:00   2.6455e+00   2.7451e+02   3.4056e+01   6.6980e-03   0.0000e+00   2.5542e+02
20251209_01:00:00   2.7265e+00   2.7612e+02   3.5222e+01   1.4191e-05   0.0000e+00   2.5673e+02
20251209_02:00:00   2.8940e+00   2.7898e+02   3.7247e+01   3.0660e-03   0.0000e+00   2.5753e+02
20251209_03:00:00   3.0906e+00   2.8170e+02   3.8779e+01   4.7620e-02   0.0000e+00   2.5793e+02
20251209_04:00:00   3.0642e+00   2.8132e+02   3.9151e+01   3.5440e-02   0.0000e+00   2.5683e+02
20251209_05:00:00   2.8388e+00   2.7791e+02   3.7360e+01   1.3726e-03   0.0000e+00   2.5622e+02
20251209_06:00:00   2.8459e+00   2.7797e+02   3.7286e+01   6.7640e-06   0.0000e+00   2.5565e+02
20251209_07:00:00   3.0935e+00   2.8141e+02   3.9472e+01   3.0913e-02   0.0000e+00   2.5679e+02
20251209_08:00:00   3.2172e+00   2.8291e+02   4.0400e+01   5.1201e-02   0.0000e+00   2.5709e+02
20251209_09:00:00   2.9648e+00   2.7971e+02   3.8824e+01   1.2439e-02   0.0000e+00   2.5642e+02
20251209_10:00:00   2.6644e+00   2.7450e+02   3.5858e+01   3.1830e-06   0.0000e+00   2.5627e+02
20251209_11:00:00   2.6202e+00   2.7373e+02   3.4995e+01   2.6057e-06   0.0000e+00   2.5609e+02
20251209_12:00:00   2.7210e+00   2.7604e+02   3.5701e+01   9.9060e-06   0.0000e+00   2.5646e+02
20251209_13:00:00   2.7028e+00   2.7559e+02   3.5178e+01   2.1677e-03   0.0000e+00   2.5777e+02
20251209_14:00:00   2.4060e+00   2.6874e+02   3.1884e+01   3.6480e-03   0.0000e+00   2.6099e+02
20251209_15:00:00   2.0969e+00   2.5922e+02   2.8544e+01   1.1361e-05   0.0000e+00   2.6194e+02
20251209_16:00:00   1.7918e+00   2.4657e+02   2.4979e+01   0.0000e+00   0.0000e+00   2.6451e+02
20251209_17:00:00   1.5681e+00   2.3461e+02   2.2071e+01   0.0000e+00   0.0000e+00   2.6414e+02
20251209_18:00:00   1.6119e+00   2.3734e+02   2.2067e+01   0.0000e+00   0.0000e+00   2.6175e+02
20251209_19:00:00   1.7650e+00   2.4569e+02   2.3297e+01   0.0000e+00   0.0000e+00   2.5904e+02
20251209_20:00:00   1.8213e+00   2.4842e+02   2.3788e+01   1.3884e-05   0.0000e+00   2.5894e+02
20251209_21:00:00   1.8493e+00   2.4962e+02   2.4132e+01   3.0580e-04   0.0000e+00   2.5964e+02
20251209_22:00:00   1.8934e+00   2.5150e+02   2.4649e+01   8.7979e-04   0.0000e+00   2.5905e+02
20251209_23:00:00   2.0137e+00   2.5630e+02   2.6033e+01   7.8591e-05   0.0000e+00   2.5930e+02
20251210_00:00:00   2.1673e+00   2.6176e+02   2.7915e+01   0.0000e+00   0.0000e+00   2.5930e+02
20251210_01:00:00   2.3620e+00   2.6766e+02   3.0364e+01   0.0000e+00   0.0000e+00   2.5913e+02
20251210_02:00:00   2.4729e+00   2.7050e+02   3.1732e+01   9.6206e-05   0.0000e+00   2.5885e+02
20251210_03:00:00   2.5172e+00   2.7158e+02   3.2396e+01   1.8174e-05   0.0000e+00   2.5866e+02
20251210_04:00:00   2.5226e+00   2.7172e+02   3.2705e+01   1.2344e-05   0.0000e+00   2.5975e+02
20251210_05:00:00   2.6809e+00   2.7499e+02   3.4798e+01   8.6240e-03   0.0000e+00   2.5926e+02
20251210_06:00:00   3.0185e+00   2.8033e+02   3.9477e+01   9.7190e-03   0.0000e+00   2.5646e+02
20251210_07:00:00   3.3101e+00   2.8378e+02   4.2930e+01   2.5137e-02   0.0000e+00   2.5493e+02
20251210_08:00:00   3.1580e+00   2.8206e+02   4.2221e+01   1.6929e-03   0.0000e+00   2.5469e+02
20251210_09:00:00   2.8054e+00   2.7712e+02   3.7738e+01   1.3938e-03   0.0000e+00   2.5581e+02
20251210_10:00:00   2.7211e+00   2.7579e+02   3.6169e+01   4.3300e-04   0.0000e+00   2.5688e+02
20251210_11:00:00   3.1222e+00   2.8182e+02   4.1089e+01   2.0672e-02   0.0000e+00   2.5646e+02
20251210_12:00:00   3.1509e+00   2.8237e+02   4.1967e+01   2.5228e-04   0.0000e+00   2.5620e+02
20251210_13:00:00   3.1500e+00   2.8252e+02   4.1967e+01   7.4800e-06   0.0000e+00   2.5658e+02
20251210_14:00:00   3.1948e+00   2.8312e+02   4.2721e+01   6.4420e-04   0.0000e+00   2.5734e+02
20251210_15:00:00   3.1833e+00   2.8305e+02   4.2990e+01   3.2940e-04   2.6600e-07   2.5728e+02
20251210_16:00:00   2.9560e+00   2.7972e+02   4.0967e+01   0.0000e+00   1.4148e-07   2.5800e+02
20251210_17:00:00   2.8430e+00   2.7796e+02   3.9536e+01   2.8231e-04   0.0000e+00   2.5713e+02
20251210_18:00:00   3.0347e+00   2.8120e+02   4.0940e+01   2.3507e-03   0.0000e+00   2.5596e+02
20251210_19:00:00   3.0562e+00   2.8151e+02   4.1288e+01   7.8360e-04   0.0000e+00   2.5526e+02
20251210_20:00:00   2.8562e+00   2.7843e+02   3.9585e+01   0.0000e+00   0.0000e+00   2.5474e+02
20251210_21:00:00   2.4002e+00   2.6830e+02   3.4747e+01   0.0000e+00   0.0000e+00   2.5427e+02
20251210_22:00:00   2.3865e+00   2.6802e+02   3.4201e+01   0.0000e+00   0.0000e+00   2.5473e+02
20251210_23:00:00   2.6472e+00   2.7445e+02   3.6372e+01   6.0720e-03   0.0000e+00   2.5549e+02
20251211_00:00:00   2.6187e+00   2.7411e+02   3.5532e+01   2.3235e-03   0.0000e+00   2.5386e+02
20251211_01:00:00   2.5909e+00   2.7364e+02   3.4592e+01   2.0057e-03   0.0000e+00   2.5348e+02
20251211_02:00:00   2.8101e+00   2.7789e+02   3.7213e+01   0.0000e+00   0.0000e+00   2.5341e+02
20251211_03:00:00   3.0311e+00   2.8126e+02   4.0155e+01   1.1786e-04   0.0000e+00   2.5285e+02
20251211_04:00:00   3.1784e+00   2.8297e+02   4.2180e+01   1.3196e-04   0.0000e+00   2.5287e+02
20251211_05:00:00   3.2541e+00   2.8376e+02   4.3267e+01   2.6387e-05   0.0000e+00   2.5118e+02
20251211_06:00:00   3.1548e+00   2.8251e+02   4.2712e+01   3.4979e-04   0.0000e+00   2.5002e+02
20251211_07:00:00   2.7301e+00   2.7537e+02   3.8512e+01   0.0000e+00   0.0000e+00   2.5157e+02
20251211_08:00:00   2.4423e+00   2.6878e+02   3.4957e+01   0.0000e+00   0.0000e+00   2.5137e+02
20251211_09:00:00   2.1012e+00   2.5877e+02   3.0062e+01   0.0000e+00   0.0000e+00   2.5375e+02
20251211_10:00:00   1.8667e+00   2.4974e+02   2.6186e+01   0.0000e+00   0.0000e+00   2.5406e+02
20251211_11:00:00   1.8938e+00   2.5124e+02   2.5678e+01   0.0000e+00   0.0000e+00   2.5406e+02
20251211_12:00:00   2.0658e+00   2.5841e+02   2.7200e+01   1.0345e-05   0.0000e+00   2.5723e+02
20251211_13:00:00   2.2924e+00   2.6597e+02   2.9727e+01   1.4600e-06   0.0000e+00   2.5764e+02
20251211_14:00:00   2.5076e+00   2.7171e+02   3.2269e+01   4.1180e-04   0.0000e+00   2.5745e+02
20251211_15:00:00   2.6345e+00   2.7452e+02   3.3840e+01   8.8165e-04   0.0000e+00   2.5726e+02
20251211_16:00:00   2.7781e+00   2.7730e+02   3.5898e+01   1.4876e-04   0.0000e+00   2.5611e+02
20251211_17:00:00   2.9121e+00   2.7952e+02   3.7858e+01   1.4733e-03   0.0000e+00   2.5465e+02
20251211_18:00:00   2.8293e+00   2.7819e+02   3.7217e+01   1.2815e-03   0.0000e+00   2.5286e+02
20251211_19:00:00   2.6531e+00   2.7478e+02   3.5697e+01   0.0000e+00   0.0000e+00   2.5328e+02
20251211_20:00:00   2.5445e+00   2.7248e+02   3.4509e+01   1.9814e-05   0.0000e+00   2.5273e+02
20251211_21:00:00   2.6981e+00   2.7589e+02   3.5651e+01   2.6028e-05   0.0000e+00   2.5167e+02
20251211_22:00:00   2.9422e+00   2.8007e+02   3.8503e+01   7.0620e-05   0.0000e+00   2.5136e+02
20251211_23:00:00   2.8213e+00   2.7813e+02   3.7564e+01   5.4520e-04   0.0000e+00   2.5216e+02
20251212_00:00:00   2.3585e+00   2.6811e+02   3.2110e+01   0.0000e+00   0.0000e+00   2.5186e+02
20251212_01:00:00   2.1393e+00   2.6136e+02   2.8824e+01   3.7440e-05   0.0000e+00   2.5176e+02
20251212_02:00:00   1.9195e+00   2.5284e+02   2.5697e+01   7.2620e-04   0.0000e+00   2.5107e+02
20251212_03:00:00   1.9924e+00   2.5555e+02   2.6494e+01   1.5254e-05   0.0000e+00   2.5282e+02
20251212_04:00:00   2.2361e+00   2.6402e+02   2.9008e+01   2.0955e-03   0.0000e+00   2.5227e+02
20251212_05:00:00   2.3276e+00   2.6675e+02   3.0122e+01   1.3957e-03   0.0000e+00   2.5268e+02
20251212_06:00:00   2.4025e+00   2.6864e+02   3.1313e+01   1.0477e-04   0.0000e+00   2.5242e+02
20251212_07:00:00   2.4359e+00   2.6953e+02   3.1951e+01   0.0000e+00   0.0000e+00   2.5186e+02
20251212_08:00:00   2.3937e+00   2.6843e+02   3.1499e+01   2.6620e-05   0.0000e+00   2.5258e+02
20251212_09:00:00   2.0857e+00   2.5911e+02   2.7636e+01   2.3177e-03   0.0000e+00   2.5171e+02
20251212_10:00:00   2.2840e+00   2.6543e+02   2.9698e+01   2.7241e-03   0.0000e+00   2.5132e+02
20251212_11:00:00   2.3518e+00   2.6735e+02   3.0814e+01   1.0712e-03   0.0000e+00   2.5065e+02
20251212_12:00:00   2.2566e+00   2.6446e+02   2.9739e+01   3.4957e-04   0.0000e+00   2.5091e+02
20251212_13:00:00   1.8668e+00   2.5025e+02   2.5294e+01   2.8520e-06   0.0000e+00   2.5229e+02
20251212_14:00:00   2.0060e+00   2.5609e+02   2.6737e+01   0.0000e+00   0.0000e+00   2.5467e+02
20251212_15:00:00   2.1295e+00   2.6080e+02   2.7808e+01   4.9680e-03   0.0000e+00   2.5421e+02
20251212_16:00:00   2.4889e+00   2.7122e+02   3.2333e+01   4.8690e-03   0.0000e+00   2.5379e+02
20251212_17:00:00   2.5460e+00   2.7275e+02   3.3397e+01   8.6240e-04   0.0000e+00   2.5460e+02
20251212_18:00:00   2.6142e+00   2.7421e+02   3.4152e+01   7.0630e-03   0.0000e+00   2.5510e+02
20251212_19:00:00   2.7490e+00   2.7685e+02   3.6088e+01   7.8990e-04   0.0000e+00   2.5466e+02
20251212_20:00:00   2.6946e+00   2.7587e+02   3.5800e+01   4.2770e-06   1.7820e-07   2.5419e+02
20251212_21:00:00   2.7568e+00   2.7704e+02   3.6278e+01   9.7600e-07   7.8960e-06   2.5347e+02
20251212_22:00:00   2.7393e+00   2.7674e+02   3.6031e+01   0.0000e+00   2.0660e-05   2.5427e+02
20251212_23:00:00   2.7699e+00   2.7718e+02   3.6356e+01   2.3620e-04   2.0140e-05   2.5350e+02
20251213_00:00:00   2.7773e+00   2.7725e+02   3.6460e+01   7.7680e-06   1.6726e-05   2.5319e+02
20251213_01:00:00   2.7128e+00   2.7619e+02   3.5754e+01   5.6140e-05   3.1440e-05   2.5245e+02
20251213_02:00:00   2.6720e+00   2.7540e+02   3.5538e+01   3.5940e-06   1.0642e-05   2.5287e+02
20251213_03:00:00   2.6070e+00   2.7390e+02   3.5084e+01   4.6060e-04   8.9100e-08   2.5268e+02
20251213_04:00:00   2.4882e+00   2.7115e+02   3.4033e+01   2.6520e-07   1.9964e-05   2.5207e+02
20251213_05:00:00   2.6248e+00   2.7432e+02   3.5381e+01   2.5360e-06   3.1420e-04   2.5297e+02
20251213_06:00:00   2.5445e+00   2.7250e+02   3.4228e+01   1.7833e-04   7.3420e-04   2.5364e+02
20251213_07:00:00   2.5980e+00   2.7366e+02   3.4450e+01   0.0000e+00   1.7664e-03   2.5434e+02
20251213_08:00:00   2.6817e+00   2.7538e+02   3.5371e+01   2.6740e-07   4.0861e-03   2.5447e+02
20251213_09:00:00   2.5517e+00   2.7270e+02   3.3727e+01   1.3263e-07   8.3176e-03   2.5294e+02
20251213_10:00:00   2.4015e+00   2.6920e+02   3.1419e+01   0.0000e+00   8.6215e-03   2.5136e+02
20251213_11:00:00   2.4434e+00   2.7017e+02   3.1740e+01   0.0000e+00   6.9667e-03   2.5231e+02
20251213_12:00:00   2.0267e+00   2.5716e+02   2.7056e+01   0.0000e+00   4.6879e-03   2.5396e+02
20251213_13:00:00   2.0443e+00   2.5796e+02   2.6962e+01   0.0000e+00   2.3219e-03   2.5387e+02
20251213_14:00:00   2.2887e+00   2.6616e+02   2.9803e+01   0.0000e+00   1.2206e-03   2.5392e+02
20251213_15:00:00   2.0729e+00   2.5896e+02   2.7544e+01   0.0000e+00   5.4838e-04   2.5355e+02
20251213_16:00:00   1.9063e+00   2.5231e+02   2.5716e+01   0.0000e+00   7.2060e-05   2.5482e+02
20251213_17:00:00   1.9473e+00   2.5418e+02   2.6056e+01   0.0000e+00   9.7280e-06   2.5477e+02
20251213_18:00:00   1.9513e+00   2.5434e+02   2.6271e+01   0.0000e+00   3.5360e-07   2.5439e+02
20251213_19:00:00   2.0090e+00   2.5649e+02   2.7218e+01   0.0000e+00   0.0000e+00   2.5314e+02
20251213_20:00:00   2.0601e+00   2.5838e+02   2.7885e+01   0.0000e+00   0.0000e+00   2.5139e+02
20251213_21:00:00   2.0189e+00   2.5686e+02   2.7386e+01   0.0000e+00   0.0000e+00   2.5147e+02
20251213_22:00:00   2.0012e+00   2.5611e+02   2.7106e+01   0.0000e+00   0.0000e+00   2.5223e+02
20251213_23:00:00   2.0090e+00   2.5635e+02   2.7165e+01   0.0000e+00   0.0000e+00   2.5360e+02
20251214_00:00:00   1.9359e+00   2.5338e+02   2.6287e+01   0.0000e+00   0.0000e+00   2.5266e+02
20251214_03:00:00   1.6748e+00   2.4079e+02   2.3913e+01   0.0000e+00   0.0000e+00   2.5517e+02
20251214_06:00:00   3.3157e+00   2.8403e+02   4.4186e+01   1.9202e-03   3.8200e-24   2.5104e+02
20251214_09:00:00   2.9705e+00   2.7991e+02   4.0729e+01   6.3920e-05   0.0000e+00   2.5114e+02
20251214_12:00:00   2.7642e+00   2.7677e+02   3.7741e+01   4.4580e-05   0.0000e+00   2.5294e+02
20251214_15:00:00   3.1594e+00   2.8292e+02   4.2247e+01   3.1440e-04   0.0000e+00   2.4831e+02
20251214_18:00:00   3.2119e+00   2.8348e+02   4.2910e+01   1.3717e-03   0.0000e+00   2.4817e+02
20251214_21:00:00   3.2916e+00   2.8414e+02   4.4405e+01   1.9562e-04   0.0000e+00   2.4871e+02
20251215_00:00:00   3.3907e+00   2.8524e+02   4.6187e+01   0.0000e+00   2.5240e-22   2.5338e+02
20251215_03:00:00   3.2625e+00   2.8398e+02   4.4520e+01   0.0000e+00   0.0000e+00   2.5871e+02
20251215_06:00:00   3.5254e+00   2.8606e+02   4.8622e+01   1.0500e-03   1.8637e-04   2.6163e+02
20251215_09:00:00   3.5356e+00   2.8606e+02   4.8926e+01   8.8420e-07   7.4484e-05   2.6071e+02
20251215_12:00:00   3.5035e+00   2.8590e+02   4.8357e+01   8.8700e-07   2.0447e-03   2.5998e+02
20251215_15:00:00   3.6642e+00   2.8724e+02   5.0914e+01   5.3599e-04   2.9535e-03   2.6181e+02
20251215_18:00:00   3.6341e+00   2.8697e+02   5.0956e+01   5.2020e-04   3.7675e-03   2.5731e+02
20251215_21:00:00   3.5699e+00   2.8640e+02   5.0417e+01   0.0000e+00   4.8100e-03   2.5548e+02
20251216_00:00:00   3.3552e+00   2.8464e+02   4.7075e+01   0.0000e+00   2.8892e-05   2.5300e+02
20251216_03:00:00   3.2219e+00   2.8317e+02   4.5033e+01   0.0000e+00   3.8642e-05   2.5310e+02
20251216_06:00:00   3.1708e+00   2.8251e+02   4.4263e+01   1.6976e-06   5.7540e-05   2.5102e+02
20251216_09:00:00   2.9607e+00   2.7962e+02   4.1788e+01   3.3020e-06   5.0400e-06   2.5043e+02
20251216_12:00:00   2.8453e+00   2.7778e+02   4.0292e+01   0.0000e+00   5.5300e-05   2.5402e+02
20251216_15:00:00   2.8689e+00   2.7846e+02   4.0318e+01   0.0000e+00   8.7059e-05   2.5588e+02
20251216_18:00:00   3.2786e+00   2.8347e+02   4.5405e+01   1.2766e-03   7.7102e-04   2.5482e+02
20251216_21:00:00   2.8709e+00   2.7775e+02   4.1292e+01   0.0000e+00   4.5355e-04   2.5452e+02
20251217_00:00:00   1.8758e+00   2.4928e+02   2.8629e+01   0.0000e+00   9.9820e-06   2.5358e+02
20251217_03:00:00   1.8863e+00   2.5004e+02   2.7094e+01   0.0000e+00   4.8540e-04   2.5497e+02
20251217_06:00:00   2.0176e+00   2.5555e+02   2.8039e+01   9.6090e-04   1.3970e-04   2.5254e+02
20251217_09:00:00   2.3307e+00   2.6624e+02   3.1639e+01   1.8130e-06   2.7623e-04   2.5068e+02
20251217_12:00:00   2.9298e+00   2.7883e+02   4.0759e+01   1.4755e-04   2.2232e-03   2.5220e+02
20251217_15:00:00   3.1706e+00   2.8219e+02   4.4482e+01   9.1780e-05   2.4920e-05   2.5286e+02
20251217_18:00:00   3.2240e+00   2.8272e+02   4.5208e+01   3.3095e-04   2.9894e-05   2.5404e+02
20251217_21:00:00   3.3906e+00   2.8468e+02   4.7402e+01   3.0960e-05   2.9364e-04   2.5320e+02
20251218_00:00:00   3.4735e+00   2.8555e+02   4.8684e+01   1.9933e-04   3.0460e-05   2.5066e+02
20251218_03:00:00   3.5602e+00   2.8632e+02   4.7720e+01   6.7721e-02   9.2235e-06   2.5058e+02
20251218_06:00:00   3.3712e+00   2.8437e+02   4.7439e+01   1.1627e-04   8.5826e-04   2.4856e+02
20251218_09:00:00   3.3909e+00   2.8425e+02   4.8237e+01   0.0000e+00   2.4509e-04   2.4607e+02
20251218_12:00:00   3.4045e+00   2.8430e+02   4.8853e+01   2.8575e-05   7.5971e-04   2.4853e+02
20251218_15:00:00   3.2543e+00   2.8309e+02   4.6908e+01   6.7560e-04   3.2250e-03   2.5050e+02
20251218_18:00:00   2.7182e+00   2.7511e+02   3.9894e+01   6.3720e-06   0.0000e+00   2.5147e+02
20251218_21:00:00   3.0464e+00   2.8058e+02   4.4219e+01   0.0000e+00   6.0590e-05   2.5045e+02
20251219_00:00:00   3.1321e+00   2.8179e+02   4.5430e+01   0.0000e+00   5.2613e-03   2.4850e+02
20251219_03:00:00   3.0335e+00   2.8038e+02   4.4036e+01   0.0000e+00   2.6119e-05   2.4787e+02
20251219_06:00:00   2.8938e+00   2.7817e+02   4.2026e+01   0.0000e+00   3.7379e-04   2.4955e+02
20251219_09:00:00   3.0103e+00   2.7989e+02   4.3250e+01   1.4116e-03   5.5880e-06   2.4960e+02
20251219_12:00:00   3.1635e+00   2.8197e+02   4.5426e+01   1.3366e-07   1.7820e-07   2.5027e+02
20251219_15:00:00   3.2216e+00   2.8278e+02   4.5742e+01   3.5575e-04   0.0000e+00   2.5437e+02
20251219_18:00:00   3.3114e+00   2.8380e+02   4.6663e+01   2.8719e-04   0.0000e+00   2.5440e+02
20251219_21:00:00   2.7888e+00   2.7641e+02   4.0371e+01   0.0000e+00   0.0000e+00   2.5255e+02
20251220_00:00:00   3.0331e+00   2.8051e+02   4.2321e+01   0.0000e+00   0.0000e+00   2.5270e+02
20251220_03:00:00   2.9440e+00   2.7934e+02   4.1083e+01   0.0000e+00   6.6040e-06   2.5525e+02
20251220_06:00:00   2.7808e+00   2.7647e+02   3.8385e+01   1.8392e-06   0.0000e+00   2.5355e+02
20251220_09:00:00   2.8227e+00   2.7707e+02   3.9220e+01   0.0000e+00   3.3280e-06   2.5184e+02
20251220_12:00:00   2.8552e+00   2.7772e+02   3.9326e+01   0.0000e+00   0.0000e+00   2.5419e+02
20251220_15:00:00   2.7786e+00   2.7670e+02   3.8154e+01   0.0000e+00   3.3280e-06   2.5464e+02
20251220_18:00:00   2.4117e+00   2.6871e+02   3.2824e+01   9.9820e-06   0.0000e+00   2.5544e+02
20251220_21:00:00   2.1453e+00   2.6083e+02   2.8696e+01   0.0000e+00   0.0000e+00   2.5607e+02
20251221_00:00:00   2.4650e+00   2.6946e+02   3.3622e+01   0.0000e+00   0.0000e+00   2.5609e+02
20251221_03:00:00   2.0335e+00   2.5635e+02   2.8071e+01   0.0000e+00   0.0000e+00   2.5525e+02
20251221_06:00:00   2.4007e+00   2.6761e+02   3.3198e+01   0.0000e+00   0.0000e+00   2.5445e+02
20251221_09:00:00   2.7859e+00   2.7557e+02   3.9112e+01   0.0000e+00   0.0000e+00   2.5312e+02
20251221_12:00:00   2.2841e+00   2.6420e+02   3.1936e+01   0.0000e+00   0.0000e+00   2.5167e+02
20251221_15:00:00   2.1808e+00   2.6095e+02   3.1122e+01   0.0000e+00   0.0000e+00   2.5344e+02
20251221_18:00:00   2.1739e+00   2.6097e+02   2.9620e+01   0.0000e+00   0.0000e+00   2.5436e+02
20251221_21:00:00   2.5003e+00   2.7003e+02   3.4109e+01   3.5490e-04   0.0000e+00   2.5634e+02
20251222_00:00:00   2.7650e+00   2.7524e+02   3.7972e+01   2.6310e-04   0.0000e+00   2.5485e+02
20251222_03:00:00   2.4220e+00   2.6806e+02   3.3213e+01   4.3190e-05   0.0000e+00   2.5533e+02
20251222_06:00:00   2.2772e+00   2.6395e+02   3.1814e+01   0.0000e+00   0.0000e+00   2.5286e+02
20251222_09:00:00   2.7699e+00   2.7533e+02   3.6989e+01   1.6981e-02   0.0000e+00   2.5550e+02
20251222_12:00:00   2.2319e+00   2.6256e+02   3.1014e+01   4.9530e-04   0.0000e+00   2.5714e+02
20251222_15:00:00   2.5637e+00   2.7164e+02   3.5119e+01   2.6383e-03   0.0000e+00   2.5591e+02
20251222_18:00:00   2.5090e+00   2.7047e+02   3.4880e+01   0.0000e+00   0.0000e+00   2.5538e+02
20251222_21:00:00   2.5715e+00   2.7192e+02   3.5383e+01   0.0000e+00   0.0000e+00   2.5487e+02
20251223_00:00:00   2.9660e+00   2.7871e+02   4.0959e+01   1.1940e-02   2.1380e-07   2.5132e+02
20251223_03:00:00   2.8132e+00   2.7631e+02   3.9143e+01   2.8453e-04   0.0000e+00   2.5018e+02
20251223_06:00:00   2.9428e+00   2.7827e+02   4.1061e+01   0.0000e+00   0.0000e+00   2.4948e+02
20251223_09:00:00   3.0700e+00   2.8002e+02   4.2872e+01   0.0000e+00   0.0000e+00   2.5229e+02
20251223_12:00:00   2.8449e+00   2.7684e+02   4.0035e+01   0.0000e+00   0.0000e+00   2.5576e+02
20251223_15:00:00   3.0186e+00   2.7977e+02   4.2044e+01   0.0000e+00   0.0000e+00   2.5283e+02
20251223_18:00:00   2.7814e+00   2.7596e+02   3.9478e+01   9.9820e-06   0.0000e+00   2.5274e+02
20251223_21:00:00   2.6863e+00   2.7416e+02   3.7632e+01   0.0000e+00   0.0000e+00   2.5117e+02
20251224_00:00:00   3.0289e+00   2.7976e+02   4.2118e+01   0.0000e+00   0.0000e+00   2.5163e+02
20251224_03:00:00   2.8737e+00   2.7737e+02   4.0094e+01   0.0000e+00   0.0000e+00   2.5251e+02
20251224_06:00:00   3.1037e+00   2.8026e+02   4.3997e+01   0.0000e+00   0.0000e+00   2.4800e+02
20251224_09:00:00   2.4338e+00   2.6787e+02   3.5579e+01   0.0000e+00   3.2020e-05   2.4726e+02
20251224_12:00:00   2.4851e+00   2.6945e+02   3.5708e+01   1.4859e-05   1.0384e-04   2.5195e+02
20251224_15:00:00   2.8030e+00   2.7663e+02   3.9325e+01   6.3492e-04   9.5699e-05   2.5192e+02
20251224_18:00:00   2.7390e+00   2.7534e+02   3.9273e+01   0.0000e+00   1.6852e-05   2.5131e+02
20251224_21:00:00   2.9658e+00   2.7915e+02   4.1651e+01   0.0000e+00   1.2110e-04   2.4963e+02
20251225_00:00:00   2.8303e+00   2.7690e+02   4.0034e+01   0.0000e+00   2.9920e-04   2.5005e+02
