#            date       tau255        Tb[K]      pwv[mm] lwp[kg*m^-2] iwp[kg*m^-2]       o3[DU]
20251210_18:00:00   3.5198e+00   2.8622e+02   4.7851e+01   4.4857e-04   0.0000e+00   2.5355e+02
20251210_19:00:00   3.3481e+00   2.8471e+02   4.5872e+01   0.0000e+00   0.0000e+00   2.5317e+02
20251210_20:00:00   3.1915e+00   2.8303e+02   4.3907e+01   0.0000e+00   6.6540e-06   2.5320e+02
20251210_21:00:00   2.9274e+00   2.7950e+02   4.0597e+01   0.0000e+00   0.0000e+00   2.5616e+02
20251210_22:00:00   2.5548e+00   2.7259e+02   3.5780e+01   0.0000e+00   0.0000e+00   2.5986e+02
20251210_23:00:00   2.2027e+00   2.6323e+02   3.0928e+01   0.0000e+00   0.0000e+00   2.6070e+02
20251211_00:00:00   2.0083e+00   2.5658e+02   2.7651e+01   0.0000e+00   0.0000e+00   2.6206e+02
20251211_01:00:00   2.3592e+00   2.6812e+02   3.0805e+01   5.9610e-04   0.0000e+00   2.5865e+02
20251211_02:00:00   2.6363e+00   2.7483e+02   3.4003e+01   4.9000e-07   0.0000e+00   2.5313e+02
20251211_03:00:00   2.7788e+00   2.7752e+02   3.5924e+01   6.5300e-05   0.0000e+00   2.5148e+02
20251211_04:00:00   3.0625e+00   2.8158e+02   4.0225e+01   6.7393e-03   0.0000e+00   2.5110e+02
20251211_05:00:00   3.3116e+00   2.8433e+02   4.3859e+01   1.0049e-02   0.0000e+00   2.5310e+02
20251211_06:00:00   3.1951e+00   2.8299e+02   4.2492e+01   0.0000e+00   0.0000e+00   2.5316e+02
20251211_07:00:00   3.1053e+00   2.8176e+02   4.0966e+01   2.0833e-04   0.0000e+00   2.5115e+02
20251211_08:00:00   2.9616e+00   2.7973e+02   3.8336e+01   1.8623e-02   0.0000e+00   2.4944e+02
20251211_09:00:00   2.1305e+00   2.5996e+02   2.9610e+01   2.9863e-04   0.0000e+00   2.5090e+02
20251211_10:00:00   1.7103e+00   2.4226e+02   2.3750e+01   0.0000e+00   0.0000e+00   2.5340e+02
20251211_11:00:00   1.6145e+00   2.3735e+02   2.1737e+01   0.0000e+00   0.0000e+00   2.5462e+02
20251211_12:00:00   1.7954e+00   2.4719e+02   2.3555e+01   1.3263e-07   0.0000e+00   2.5594e+02
20251211_13:00:00   2.0698e+00   2.5900e+02   2.6746e+01   1.4545e-04   0.0000e+00   2.5551e+02
20251211_14:00:00   2.3787e+00   2.6874e+02   3.0554e+01   2.3714e-03   0.0000e+00   2.5606e+02
20251211_15:00:00   2.6129e+00   2.7429e+02   3.3725e+01   4.9980e-04   0.0000e+00   2.5821e+02
20251211_16:00:00   2.7765e+00   2.7741e+02   3.6008e+01   2.5202e-04   0.0000e+00   2.6064e+02
20251211_17:00:00   2.8837e+00   2.7913e+02   3.7459e+01   4.8420e-04   0.0000e+00   2.6057e+02
20251211_18:00:00   2.9022e+00   2.7933e+02   3.8034e+01   2.4899e-03   0.0000e+00   2.5747e+02
20251211_19:00:00   2.7835e+00   2.7718e+02   3.7461e+01   0.0000e+00   0.0000e+00   2.5534e+02
20251211_20:00:00   2.9167e+00   2.7939e+02   3.9160e+01   0.0000e+00   0.0000e+00   2.5546e+02
20251211_21:00:00   3.1767e+00   2.8320e+02   4.1976e+01   0.0000e+00   0.0000e+00   2.5570e+02
20251211_22:00:00   3.3161e+00   2.8487e+02   4.3814e+01   2.6420e-05   0.0000e+00   2.5494e+02
20251211_23:00:00   3.3291e+00   2.8500e+02   4.4297e+01   0.0000e+00   0.0000e+00   2.5299e+02
20251212_00:00:00   3.2948e+00   2.8471e+02   4.4128e+01   1.0220e-06   0.0000e+00   2.5192e+02
20251212_01:00:00   3.1757e+00   2.8328e+02   4.3100e+01   4.9000e-07   0.0000e+00   2.5139e+02
20251212_02:00:00   3.0279e+00   2.8121e+02   4.1623e+01   0.0000e+00   0.0000e+00   2.5113e+02
20251212_03:00:00   2.9331e+00   2.7970e+02   4.0534e+01   0.0000e+00   0.0000e+00   2.5233e+02
20251212_04:00:00   2.7593e+00   2.7660e+02   3.8538e+01   0.0000e+00   0.0000e+00   2.5614e+02
20251212_05:00:00   2.7340e+00   2.7619e+02   3.8020e+01   0.0000e+00   0.0000e+00   2.5715e+02
20251212_06:00:00   2.8637e+00   2.7868e+02   3.8999e+01   0.0000e+00   0.0000e+00   2.5456e+02
20251212_07:00:00   3.0613e+00   2.8163e+02   4.0767e+01   5.4240e-04   0.0000e+00   2.5476e+02
20251212_08:00:00   3.1500e+00   2.8253e+02   4.1996e+01   1.7884e-05   0.0000e+00   2.5351e+02
20251212_09:00:00   2.9656e+00   2.7982e+02   4.0151e+01   4.2430e-04   0.0000e+00   2.5215e+02
20251212_10:00:00   2.6431e+00   2.7407e+02   3.6460e+01   1.3365e-06   0.0000e+00   2.5390e+02
20251212_11:00:00   2.4126e+00   2.6882e+02   3.3496e+01   0.0000e+00   0.0000e+00   2.5516e+02
20251212_12:00:00   2.2143e+00   2.6323e+02   3.0780e+01   0.0000e+00   0.0000e+00   2.5596e+02
20251212_13:00:00   2.0528e+00   2.5803e+02   2.8345e+01   0.0000e+00   0.0000e+00   2.5583e+02
20251212_14:00:00   1.8616e+00   2.5038e+02   2.5895e+01   0.0000e+00   0.0000e+00   2.5489e+02
20251212_15:00:00   1.8296e+00   2.4895e+02   2.4980e+01   0.0000e+00   8.9100e-08   2.5606e+02
20251212_16:00:00   2.0461e+00   2.5815e+02   2.7061e+01   3.9790e-07   1.0610e-06   2.5440e+02
20251212_17:00:00   2.3314e+00   2.6743e+02   3.0369e+01   3.6880e-03   8.4340e-04   2.5504e+02
20251212_18:00:00   2.6641e+00   2.7541e+02   3.4270e+01   1.8944e-03   1.7282e-03   2.5714e+02
20251212_19:00:00   2.8992e+00   2.7956e+02   3.7623e+01   6.6322e-04   3.6400e-04   2.5665e+02
20251212_20:00:00   3.0433e+00   2.8165e+02   3.9488e+01   4.0940e-04   3.9620e-05   2.5613e+02
20251212_21:00:00   3.1561e+00   2.8313e+02   4.1123e+01   4.2120e-05   8.4482e-04   2.5416e+02
20251212_22:00:00   3.2106e+00   2.8379e+02   4.1951e+01   1.0356e-04   3.3084e-03   2.5503e+02
20251212_23:00:00   3.0384e+00   2.8178e+02   4.0335e+01   0.0000e+00   4.1890e-03   2.5566e+02
20251213_00:00:00   2.6375e+00   2.7506e+02   3.5563e+01   0.0000e+00   6.0164e-03   2.5613e+02
20251213_01:00:00   2.5620e+00   2.7346e+02   3.3830e+01   0.0000e+00   7.3415e-03   2.5542e+02
20251213_02:00:00   2.7120e+00   2.7646e+02   3.5684e+01   1.3366e-06   2.7143e-03   2.5487e+02
20251213_03:00:00   2.9691e+00   2.8058e+02   3.9033e+01   0.0000e+00   3.6115e-04   2.5419e+02
20251213_04:00:00   3.1021e+00   2.8229e+02   4.1231e+01   7.4480e-05   9.4609e-06   2.5344e+02
20251213_05:00:00   3.1368e+00   2.8267e+02   4.1889e+01   1.1476e-04   0.0000e+00   2.5336e+02
20251213_06:00:00   3.2297e+00   2.8360e+02   4.3650e+01   2.6200e-06   4.6739e-04   2.5382e+02
20251213_07:00:00   3.2784e+00   2.8394e+02   4.5027e+01   3.5360e-07   1.0206e-04   2.5360e+02
20251213_08:00:00   3.2453e+00   2.8360e+02   4.4553e+01   0.0000e+00   4.4377e-05   2.5329e+02
20251213_09:00:00   2.9721e+00   2.8037e+02   4.1067e+01   0.0000e+00   1.4210e-05   2.5286e+02
20251213_10:00:00   2.7173e+00   2.7613e+02   3.7408e+01   0.0000e+00   7.0185e-05   2.5295e+02
20251213_11:00:00   2.0354e+00   2.5723e+02   2.9128e+01   0.0000e+00   2.1017e-05   2.5298e+02
20251213_12:00:00   2.0143e+00   2.5648e+02   2.8600e+01   0.0000e+00   3.3280e-06   2.5304e+02
20251213_13:00:00   2.3165e+00   2.6689e+02   3.1616e+01   0.0000e+00   0.0000e+00   2.5269e+02
20251213_14:00:00   2.5733e+00   2.7337e+02   3.4720e+01   3.8580e-05   0.0000e+00   2.5325e+02
20251213_15:00:00   2.7030e+00   2.7607e+02   3.6430e+01   3.3690e-04   0.0000e+00   2.5394e+02
20251213_16:00:00   2.7965e+00   2.7780e+02   3.7736e+01   1.7752e-07   0.0000e+00   2.5404e+02
20251213_17:00:00   2.7961e+00   2.7768e+02   3.8017e+01   1.4648e-04   0.0000e+00   2.5511e+02
20251213_18:00:00   2.8614e+00   2.7867e+02   3.9005e+01   6.6760e-07   0.0000e+00   2.5512e+02
20251213_19:00:00   2.9159e+00   2.7947e+02   3.9679e+01   6.9561e-05   0.0000e+00   2.5434e+02
20251213_20:00:00   3.0015e+00   2.8080e+02   4.0688e+01   0.0000e+00   0.0000e+00   2.5374e+02
20251213_21:00:00   3.1380e+00   2.8264e+02   4.2262e+01   2.9716e-05   0.0000e+00   2.5410e+02
20251213_22:00:00   3.3067e+00   2.8456e+02   4.4479e+01   0.0000e+00   0.0000e+00   2.5287e+02
20251213_23:00:00   3.4830e+00   2.8618e+02   4.6855e+01   0.0000e+00   0.0000e+00   2.5216e+02
20251214_00:00:00   3.6048e+00   2.8705e+02   4.8544e+01   1.9018e-04   0.0000e+00   2.5140e+02
20251214_01:00:00   3.5763e+00   2.8684e+02   4.8391e+01   4.1320e-05   0.0000e+00   2.5067e+02
20251214_02:00:00   3.5470e+00   2.8666e+02   4.8192e+01   5.6180e-05   0.0000e+00   2.5232e+02
20251214_03:00:00   3.4998e+00   2.8623e+02   4.7847e+01   2.0260e-04   1.2308e-05   2.5280e+02
20251214_04:00:00   3.4488e+00   2.8577e+02   4.7125e+01   2.0280e-04   2.9661e-04   2.5464e+02
20251214_05:00:00   3.2741e+00   2.8406e+02   4.4788e+01   1.5368e-05   3.7119e-04   2.5556e+02
20251214_06:00:00   3.2887e+00   2.8415e+02   4.5083e+01   8.3600e-05   8.2114e-04   2.5464e+02
20251214_07:00:00   3.4277e+00   2.8548e+02   4.6837e+01   1.4656e-04   1.5794e-03   2.5407e+02
20251214_08:00:00   3.5099e+00   2.8620e+02   4.8049e+01   5.3140e-04   2.6004e-03   2.5289e+02
20251214_09:00:00   3.5965e+00   2.8683e+02   4.9240e+01   9.6420e-06   3.2919e-03   2.5157e+02
20251214_10:00:00   3.5403e+00   2.8634e+02   4.8685e+01   7.5940e-04   3.3843e-03   2.5242e+02
20251214_11:00:00   3.1449e+00   2.8243e+02   4.3841e+01   1.1556e-06   2.8996e-03   2.5391e+02
20251214_12:00:00   2.6885e+00   2.7550e+02   3.7722e+01   0.0000e+00   6.8562e-04   2.5333e+02
20251214_13:00:00   2.2191e+00   2.6366e+02   3.1891e+01   0.0000e+00   2.3914e-05   2.5450e+02
20251214_14:00:00   2.0630e+00   2.5832e+02   2.9782e+01   5.3060e-07   1.7820e-07   2.5496e+02
20251214_15:00:00   2.1298e+00   2.6082e+02   3.0155e+01   1.3263e-07   0.0000e+00   2.5703e+02
20251214_16:00:00   2.0860e+00   2.5934e+02   2.9320e+01   1.0116e-05   0.0000e+00   2.5640e+02
20251214_17:00:00   2.0603e+00   2.5843e+02   2.8810e+01   1.7939e-05   0.0000e+00   2.5526e+02
20251214_18:00:00   2.1523e+00   2.6166e+02   2.9887e+01   2.6520e-07   0.0000e+00   2.5273e+02
20251214_19:00:00   2.1935e+00   2.6304e+02   3.0500e+01   0.0000e+00   0.0000e+00   2.5244e+02
20251214_20:00:00   2.1152e+00   2.6037e+02   2.9748e+01   0.0000e+00   0.0000e+00   2.5267e+02
20251214_21:00:00   2.0339e+00   2.5737e+02   2.8958e+01   4.2440e-06   0.0000e+00   2.5229e+02
20251214_22:00:00   2.0614e+00   2.5838e+02   2.9454e+01   5.8350e-06   0.0000e+00   2.5097e+02
20251214_23:00:00   2.1970e+00   2.6316e+02   3.1066e+01   1.8569e-06   0.0000e+00   2.5129e+02
20251215_00:00:00   2.3707e+00   2.6843e+02   3.2979e+01   6.1892e-06   0.0000e+00   2.5388e+02
20251215_01:00:00   2.5532e+00   2.7301e+02   3.5031e+01   3.2070e-06   0.0000e+00   2.5478e+02
20251215_02:00:00   2.8271e+00   2.7830e+02   3.8272e+01   2.9976e-04   0.0000e+00   2.5602e+02
20251215_03:00:00   2.9683e+00   2.8048e+02   4.0018e+01   5.7383e-03   0.0000e+00   2.5634e+02
20251215_04:00:00   2.9583e+00   2.8034e+02   4.0286e+01   1.1541e-03   0.0000e+00   2.5400e+02
20251215_05:00:00   2.9214e+00   2.7974e+02   3.9871e+01   1.4749e-03   0.0000e+00   2.5274e+02
20251215_06:00:00   2.9316e+00   2.7974e+02   4.0249e+01   1.2303e-03   0.0000e+00   2.5274e+02
20251215_07:00:00   2.9134e+00   2.7938e+02   4.0179e+01   4.7756e-04   1.7684e-07   2.5133e+02
20251215_08:00:00   2.9469e+00   2.7985e+02   4.0649e+01   1.1817e-04   4.8819e-06   2.4985e+02
20251215_09:00:00   3.0824e+00   2.8180e+02   4.2207e+01   7.7500e-05   2.5720e-06   2.4735e+02
20251215_10:00:00   3.2477e+00   2.8365e+02   4.4347e+01   3.3420e-04   2.0792e-04   2.4673e+02
20251215_11:00:00   3.2703e+00   2.8386e+02   4.4770e+01   0.0000e+00   4.2164e-04   2.4745e+02
20251215_12:00:00   3.2167e+00   2.8338e+02   4.4086e+01   9.9320e-06   9.2720e-05   2.4804e+02
20251215_13:00:00   3.1646e+00   2.8284e+02   4.3643e+01   3.8540e-04   2.3185e-04   2.4778e+02
20251215_14:00:00   3.1102e+00   2.8236e+02   4.2965e+01   0.0000e+00   3.4160e-06   2.4802e+02
20251215_15:00:00   2.8631e+00   2.7872e+02   4.0045e+01   6.1220e-04   1.5930e-04   2.4913e+02
20251215_16:00:00   2.5363e+00   2.7239e+02   3.5955e+01   0.0000e+00   4.5120e-05   2.4986e+02
20251215_17:00:00   2.4528e+00   2.7027e+02   3.5027e+01   0.0000e+00   3.3180e-05   2.5031e+02
20251215_18:00:00   2.5294e+00   2.7201e+02   3.5805e+01   0.0000e+00   1.5234e-04   2.4868e+02
20251215_21:00:00   2.8711e+00   2.7875e+02   4.0040e+01   0.0000e+00   2.5044e-03   2.4794e+02
20251216_00:00:00   3.2600e+00   2.8391e+02   4.4875e+01   0.0000e+00   2.4596e-04   2.4915e+02
20251216_03:00:00   3.4070e+00   2.8538e+02   4.6914e+01   0.0000e+00   2.6357e-03   2.5263e+02
20251216_06:00:00   3.5308e+00   2.8632e+02   4.8527e+01   0.0000e+00   1.6403e-04   2.5521e+02
20251216_09:00:00   3.4637e+00   2.8553e+02   4.7683e+01   0.0000e+00   9.9316e-04   2.5163e+02
20251216_12:00:00   3.2118e+00   2.8324e+02   4.4194e+01   4.0940e-04   4.9006e-05   2.5355e+02
20251216_15:00:00   3.3862e+00   2.8530e+02   4.6445e+01   6.4880e-05   1.3308e-03   2.5609e+02
20251216_18:00:00   3.4652e+00   2.8581e+02   4.7475e+01   7.9460e-04   1.4506e-03   2.5786e+02
20251216_21:00:00   3.5272e+00   2.8621e+02   4.8844e+01   3.5360e-07   4.3776e-03   2.5825e+02
20251217_00:00:00   3.5274e+00   2.8639e+02   4.8863e+01   0.0000e+00   1.0288e-03   2.5733e+02
20251217_03:00:00   3.5206e+00   2.8656e+02   4.8330e+01   0.0000e+00   3.8062e-04   2.5626e+02
20251217_06:00:00   3.5491e+00   2.8643e+02   4.9454e+01   0.0000e+00   1.0394e-03   2.5254e+02
20251217_09:00:00   3.4639e+00   2.8584e+02   4.7870e+01   8.8420e-07   6.1581e-05   2.5023e+02
20251217_12:00:00   3.4410e+00   2.8584e+02   4.7948e+01   7.5040e-06   1.9644e-05   2.5169e+02
20251217_15:00:00   3.4831e+00   2.8633e+02   4.8439e+01   3.2740e-04   6.2360e-04   2.5319e+02
20251217_18:00:00   3.6921e+00   2.8765e+02   5.1516e+01   1.7142e-03   2.7381e-03   2.5181e+02
20251217_21:00:00   3.7714e+00   2.8813e+02   5.3010e+01   2.2700e-04   1.5262e-03   2.5092e+02
20251218_00:00:00   3.6886e+00   2.8756e+02   5.2411e+01   2.6740e-07   2.5380e-03   2.4845e+02
20251218_03:00:00   3.3184e+00   2.8445e+02   4.8042e+01   0.0000e+00   1.0795e-03   2.4760e+02
20251218_06:00:00   3.4063e+00   2.8519e+02   4.9003e+01   0.0000e+00   7.1640e-03   2.4532e+02
20251218_09:00:00   2.7789e+00   2.7607e+02   4.0910e+01   1.2903e-04   1.5188e-02   2.4412e+02
20251218_12:00:00   3.4914e+00   2.8575e+02   4.9582e+01   5.7120e-04   5.9280e-03   2.4735e+02
20251218_15:00:00   3.2864e+00   2.8402e+02   4.7088e+01   8.0360e-04   5.1812e-03   2.4800e+02
20251218_18:00:00   3.3830e+00   2.8500e+02   4.8531e+01   8.0200e-07   7.7788e-03   2.4533e+02
20251218_21:00:00   3.5065e+00   2.8606e+02   4.9708e+01   2.2280e-07   7.3103e-03   2.4444e+02
20251219_00:00:00   3.0021e+00   2.8008e+02   4.4453e+01   0.0000e+00   4.7676e-03   2.4451e+02
20251219_03:00:00   2.6413e+00   2.7352e+02   3.9197e+01   0.0000e+00   4.6123e-03   2.4774e+02
20251219_06:00:00   2.6035e+00   2.7296e+02   3.6941e+01   1.3263e-07   6.6068e-03   2.4743e+02
20251219_09:00:00   2.9990e+00   2.7991e+02   4.1832e+01   1.8038e-05   7.7375e-04   2.4423e+02
20251219_12:00:00   2.1062e+00   2.5932e+02   2.9621e+01   0.0000e+00   8.5640e-05   2.4632e+02
20251219_15:00:00   2.2382e+00   2.6387e+02   3.1133e+01   0.0000e+00   1.1615e-04   2.4824e+02
20251219_18:00:00   2.7358e+00   2.7606e+02   3.7432e+01   4.1670e-04   1.3562e-05   2.4908e+02
20251219_21:00:00   2.7645e+00   2.7650e+02   3.8744e+01   0.0000e+00   1.3356e-04   2.4792e+02
20251220_00:00:00   2.5671e+00   2.7272e+02   3.5246e+01   1.0336e-06   3.9620e-05   2.4678e+02
20251220_03:00:00   2.9696e+00   2.7967e+02   4.0496e+01   4.6220e-05   1.3208e-05   2.4706e+02
20251220_06:00:00   2.9170e+00   2.7875e+02   3.9520e+01   6.0070e-04   2.2555e-04   2.4745e+02
20251220_09:00:00   2.7980e+00   2.7693e+02   3.8627e+01   0.0000e+00   0.0000e+00   2.4891e+02
20251220_12:00:00   2.9944e+00   2.8025e+02   4.1477e+01   0.0000e+00   0.0000e+00   2.4712e+02
20251220_15:00:00   2.9534e+00   2.7981e+02   4.1038e+01   0.0000e+00   4.1400e-05   2.4766e+02
20251220_18:00:00   2.7413e+00   2.7587e+02   3.8961e+01   0.0000e+00   0.0000e+00   2.4819e+02
20251220_21:00:00   2.9402e+00   2.7947e+02   4.0806e+01   0.0000e+00   2.8000e-05   2.4542e+02
20251221_00:00:00   3.0488e+00   2.8095e+02   4.2761e+01   0.0000e+00   2.4340e-04   2.4439e+02
20251221_03:00:00   3.0107e+00   2.8033e+02   4.2013e+01   0.0000e+00   1.3310e-05   2.4949e+02
20251221_06:00:00   2.7935e+00   2.7642e+02   4.0288e+01   2.3000e-06   0.0000e+00   2.4996e+02
20251221_09:00:00   2.9221e+00   2.7833e+02   4.2397e+01   0.0000e+00   0.0000e+00   2.4926e+02
20251221_12:00:00   3.2689e+00   2.8285e+02   4.6736e+01   1.6636e-06   8.8560e-07   2.4780e+02
20251221_15:00:00   3.3325e+00   2.8351e+02   4.7728e+01   3.9270e-04   0.0000e+00   2.5058e+02
20251221_18:00:00   3.3037e+00   2.8314e+02   4.7583e+01   3.1628e-04   0.0000e+00   2.5022e+02
20251221_21:00:00   3.3209e+00   2.8333e+02   4.7940e+01   1.7520e-06   0.0000e+00   2.4752e+02
20251222_00:00:00   3.4735e+00   2.8463e+02   4.9803e+01   7.1940e-05   0.0000e+00   2.4788e+02
20251222_03:00:00   3.1584e+00   2.8131e+02   4.6139e+01   1.9965e-05   0.0000e+00   2.5028e+02
20251222_06:00:00   2.8021e+00   2.7568e+02   4.1613e+01   5.3460e-07   2.1280e-07   2.5117e+02
20251222_09:00:00   2.8673e+00   2.7690e+02   4.2028e+01   0.0000e+00   1.3512e-05   2.5230e+02
20251222_12:00:00   3.1351e+00   2.8063e+02   4.5585e+01   0.0000e+00   2.6620e-06   2.5270e+02
20251222_15:00:00   3.2123e+00   2.8172e+02   4.6655e+01   0.0000e+00   0.0000e+00   2.5416e+02
20251222_18:00:00   3.2803e+00   2.8234e+02   4.7238e+01   2.5455e-04   0.0000e+00   2.5627e+02
20251222_21:00:00   3.2918e+00   2.8256e+02   4.7330e+01   0.0000e+00   0.0000e+00   2.5527e+02
20251223_00:00:00   3.2056e+00   2.8177e+02   4.5668e+01   0.0000e+00   0.0000e+00   2.5571e+02
20251223_03:00:00   3.1475e+00   2.8098e+02   4.4476e+01   0.0000e+00   7.0381e-05   2.5802e+02
20251223_06:00:00   3.1824e+00   2.8127e+02   4.4904e+01   1.6967e-04   1.0991e-04   2.5739e+02
20251223_09:00:00   3.2079e+00   2.8134e+02   4.5478e+01   1.2686e-04   2.6302e-03   2.5860e+02
20251223_12:00:00   3.1208e+00   2.8047e+02   4.4384e+01   2.8063e-05   1.4268e-03   2.5862e+02
20251223_15:00:00   3.0293e+00   2.7950e+02   4.2954e+01   2.9792e-03   2.0929e-03   2.5913e+02
20251223_18:00:00   2.8915e+00   2.7749e+02   4.1036e+01   1.9965e-04   1.4282e-03   2.5850e+02
20251223_21:00:00   2.9661e+00   2.7841e+02   4.2164e+01   0.0000e+00   9.4080e-03   2.5638e+02
20251224_00:00:00   2.9137e+00   2.7760e+02   4.1480e+01   5.0960e-04   2.6384e-02   2.5413e+02
20251224_03:00:00   3.0237e+00   2.7903e+02   4.3050e+01   6.4940e-04   1.2230e-02   2.5745e+02
20251224_06:00:00   2.8962e+00   2.7716e+02   4.1465e+01   0.0000e+00   5.4358e-03   2.6037e+02
20251224_09:00:00   2.9323e+00   2.7748e+02   4.2136e+01   1.3284e-04   5.1263e-03   2.6033e+02
20251224_12:00:00   2.9514e+00   2.7782e+02   4.2413e+01   0.0000e+00   1.8968e-03   2.6015e+02
20251224_15:00:00   3.0129e+00   2.7879e+02   4.3281e+01   8.4850e-05   3.5465e-04   2.5937e+02
20251224_18:00:00   2.9952e+00   2.7843e+02   4.3156e+01   4.5240e-06   1.2550e-03   2.5698e+02
20251224_21:00:00   2.8318e+00   2.7614e+02   4.0654e+01   1.0620e-06   1.5486e-04   2.5526e+02
20251225_00:00:00   2.7722e+00   2.7504e+02   3.9217e+01   1.1117e-05   3.2880e-04   2.5626e+02
20251225_03:00:00   2.6603e+00   2.7296e+02   3.7479e+01   1.2074e-04   4.5724e-04   2.5631e+02
20251225_06:00:00   2.6235e+00   2.7221e+02   3.6852e+01   4.0394e-04   6.8310e-05   2.6003e+02
20251225_09:00:00   2.5881e+00   2.7152e+02   3.6340e+01   0.0000e+00   1.3310e-05   2.5913e+02
20251225_12:00:00   2.6240e+00   2.7233e+02   3.6864e+01   0.0000e+00   4.4440e-04   2.5925e+02
20251225_15:00:00   2.7413e+00   2.7458e+02   3.8659e+01   4.2520e-04   1.7820e-07   2.5789e+02
20251225_18:00:00   2.8001e+00   2.7547e+02   3.9787e+01   2.6954e-04   0.0000e+00   2.5871e+02
20251225_21:00:00   2.8186e+00   2.7592e+02   4.0182e+01   0.0000e+00   3.5360e-06   2.5627e+02
20251226_00:00:00   2.8090e+00   2.7567e+02   3.9939e+01   0.0000e+00   0.0000e+00   2.5816e+02
20251226_03:00:00   2.7960e+00   2.7540e+02   3.9620e+01   0.0000e+00   1.7684e-07   2.6005e+02
20251226_06:00:00   2.7635e+00   2.7465e+02   3.9180e+01   0.0000e+00   0.0000e+00   2.5725e+02
20251226_09:00:00   2.7921e+00   2.7500e+02   3.9597e+01   0.0000e+00   0.0000e+00   2.5679e+02
20251226_12:00:00   2.8058e+00   2.7550e+02   3.9813e+01   0.0000e+00   0.0000e+00   2.6042e+02
20251226_15:00:00   2.8114e+00   2.7585e+02   3.9948e+01   0.0000e+00   2.9640e-05   2.6015e+02
20251226_18:00:00   2.8606e+00   2.7669e+02   4.0638e+01   2.1464e-04   2.6140e-04   2.5903e+02
