#            date       tau255        Tb[K]      pwv[mm] lwp[kg*m^-2] iwp[kg*m^-2]       o3[DU]
20251208_06:00:00   4.8080e-01   1.0948e+02   8.3969e+00   0.0000e+00   1.1054e-03   2.8794e+02
20251208_07:00:00   4.8778e-01   1.1020e+02   8.6781e+00   0.0000e+00   8.0061e-04   2.9063e+02
20251208_08:00:00   4.6272e-01   1.0591e+02   8.2477e+00   0.0000e+00   6.6740e-07   2.9544e+02
20251208_09:00:00   4.4662e-01   1.0316e+02   7.9180e+00   0.0000e+00   0.0000e+00   2.9567e+02
20251208_10:00:00   4.2952e-01   1.0017e+02   7.6125e+00   0.0000e+00   0.0000e+00   2.9497e+02
20251208_11:00:00   4.0050e-01   9.5039e+01   7.0914e+00   0.0000e+00   0.0000e+00   2.9859e+02
20251208_12:00:00   3.8464e-01   9.2128e+01   6.8116e+00   0.0000e+00   0.0000e+00   2.9951e+02
20251208_13:00:00   3.7337e-01   8.9975e+01   6.6188e+00   0.0000e+00   0.0000e+00   2.9501e+02
20251208_14:00:00   3.6645e-01   8.8616e+01   6.5274e+00   0.0000e+00   0.0000e+00   2.8852e+02
20251208_15:00:00   3.6768e-01   8.8736e+01   6.5957e+00   0.0000e+00   0.0000e+00   2.8688e+02
20251208_16:00:00   3.6731e-01   8.8582e+01   6.6570e+00   0.0000e+00   0.0000e+00   2.8624e+02
20251208_17:00:00   3.6913e-01   8.8972e+01   6.7492e+00   0.0000e+00   0.0000e+00   2.9074e+02
20251208_18:00:00   3.7560e-01   9.0357e+01   6.8720e+00   0.0000e+00   0.0000e+00   2.9292e+02
20251208_19:00:00   3.7654e-01   9.0757e+01   6.8923e+00   0.0000e+00   0.0000e+00   2.9334e+02
20251208_20:00:00   3.8632e-01   9.2635e+01   7.1338e+00   0.0000e+00   0.0000e+00   2.9166e+02
20251208_21:00:00   3.7888e-01   9.1511e+01   6.9887e+00   9.8160e-05   0.0000e+00   2.9115e+02
20251208_22:00:00   3.6842e-01   8.9927e+01   6.7229e+00   0.0000e+00   0.0000e+00   2.8925e+02
20251208_23:00:00   3.8044e-01   9.2268e+01   6.9514e+00   0.0000e+00   3.0395e-05   2.8621e+02
20251209_00:00:00   3.8704e-01   9.3458e+01   7.0971e+00   0.0000e+00   4.3842e-03   2.8626e+02
20251209_01:00:00   3.9795e-01   9.5365e+01   7.3563e+00   0.0000e+00   3.1698e-06   2.8443e+02
20251209_02:00:00   4.0054e-01   9.5714e+01   7.4603e+00   0.0000e+00   0.0000e+00   2.8285e+02
20251209_03:00:00   3.9839e-01   9.5247e+01   7.4633e+00   0.0000e+00   0.0000e+00   2.8670e+02
20251209_04:00:00   3.8881e-01   9.3401e+01   7.3171e+00   0.0000e+00   0.0000e+00   2.9219e+02
20251209_05:00:00   3.6767e-01   8.9519e+01   6.9229e+00   0.0000e+00   5.0440e-04   2.9716e+02
20251209_06:00:00   3.5441e-01   8.6962e+01   6.6895e+00   0.0000e+00   3.8540e-06   2.9960e+02
20251209_07:00:00   3.4475e-01   8.5073e+01   6.5286e+00   0.0000e+00   4.9640e-04   2.9640e+02
20251209_08:00:00   3.3821e-01   8.3784e+01   6.4215e+00   0.0000e+00   1.4128e-03   2.8970e+02
20251209_09:00:00   3.3613e-01   8.3346e+01   6.4005e+00   0.0000e+00   9.4211e-04   2.8770e+02
20251209_10:00:00   3.2821e-01   8.1788e+01   6.2686e+00   0.0000e+00   2.1441e-04   2.8536e+02
20251209_11:00:00   3.3873e-01   8.3688e+01   6.5206e+00   0.0000e+00   2.1718e-03   2.8278e+02
20251209_12:00:00   3.4506e-01   8.4686e+01   6.6973e+00   0.0000e+00   9.4257e-03   2.8270e+02
20251209_13:00:00   3.3242e-01   8.2275e+01   6.4340e+00   0.0000e+00   2.7703e-03   2.8407e+02
20251209_14:00:00   3.2094e-01   8.0108e+01   6.1978e+00   0.0000e+00   1.8258e-04   2.8416e+02
20251209_15:00:00   3.1192e-01   7.8340e+01   6.0166e+00   0.0000e+00   0.0000e+00   2.8293e+02
20251209_16:00:00   3.1517e-01   7.9041e+01   6.0587e+00   0.0000e+00   0.0000e+00   2.8171e+02
20251209_17:00:00   3.3162e-01   8.2397e+01   6.3642e+00   0.0000e+00   0.0000e+00   2.8100e+02
20251209_18:00:00   3.5827e-01   8.7731e+01   6.8804e+00   0.0000e+00   1.5338e-05   2.8076e+02
20251209_19:00:00   3.6382e-01   8.8941e+01   7.0099e+00   0.0000e+00   4.5320e-05   2.7952e+02
20251209_20:00:00   3.5537e-01   8.7558e+01   6.8181e+00   0.0000e+00   8.3420e-06   2.7926e+02
20251209_21:00:00   3.4644e-01   8.5924e+01   6.6549e+00   0.0000e+00   0.0000e+00   2.7977e+02
20251209_22:00:00   3.4355e-01   8.5469e+01   6.6000e+00   0.0000e+00   0.0000e+00   2.8055e+02
20251209_23:00:00   3.4272e-01   8.5405e+01   6.5490e+00   0.0000e+00   1.9426e-05   2.8006e+02
20251210_00:00:00   3.3645e-01   8.4151e+01   6.4190e+00   0.0000e+00   4.6705e-04   2.8203e+02
20251210_01:00:00   3.2616e-01   8.2080e+01   6.2014e+00   0.0000e+00   1.9995e-03   2.8323e+02
20251210_02:00:00   3.1108e-01   7.9161e+01   5.8371e+00   0.0000e+00   1.3678e-03   2.8518e+02
20251210_03:00:00   3.0538e-01   7.8059e+01   5.6668e+00   0.0000e+00   1.1925e-05   2.8719e+02
20251210_04:00:00   3.0497e-01   7.7965e+01   5.6083e+00   0.0000e+00   0.0000e+00   2.8934e+02
20251210_05:00:00   3.0328e-01   7.7554e+01   5.5373e+00   0.0000e+00   0.0000e+00   2.9113e+02
20251210_06:00:00   3.0159e-01   7.7144e+01   5.5174e+00   0.0000e+00   0.0000e+00   2.9185e+02
20251210_07:00:00   3.0190e-01   7.7139e+01   5.5248e+00   0.0000e+00   0.0000e+00   2.9339e+02
20251210_08:00:00   3.0362e-01   7.7424e+01   5.5449e+00   0.0000e+00   0.0000e+00   2.9215e+02
20251210_09:00:00   3.0569e-01   7.7742e+01   5.5732e+00   0.0000e+00   0.0000e+00   2.9254e+02
20251210_10:00:00   3.0309e-01   7.7158e+01   5.5260e+00   0.0000e+00   0.0000e+00   2.9415e+02
20251210_11:00:00   2.9844e-01   7.6170e+01   5.4403e+00   0.0000e+00   0.0000e+00   2.9457e+02
20251210_12:00:00   2.9509e-01   7.5432e+01   5.3767e+00   0.0000e+00   0.0000e+00   2.9139e+02
20251210_13:00:00   2.9306e-01   7.4960e+01   5.3316e+00   0.0000e+00   0.0000e+00   2.8806e+02
20251210_14:00:00   2.8500e-01   7.3334e+01   5.1748e+00   0.0000e+00   0.0000e+00   2.8746e+02
20251210_15:00:00   2.7602e-01   7.1527e+01   4.9975e+00   0.0000e+00   0.0000e+00   2.8744e+02
20251210_16:00:00   2.8064e-01   7.2477e+01   5.0809e+00   0.0000e+00   0.0000e+00   2.8902e+02
20251210_17:00:00   3.0258e-01   7.6965e+01   5.5538e+00   0.0000e+00   0.0000e+00   2.9050e+02
20251210_18:00:00   3.2848e-01   8.2222e+01   6.0864e+00   0.0000e+00   0.0000e+00   2.9052e+02
20251210_19:00:00   3.4560e-01   8.5622e+01   6.4716e+00   0.0000e+00   0.0000e+00   2.9077e+02
20251210_20:00:00   3.6208e-01   8.8890e+01   6.8185e+00   0.0000e+00   0.0000e+00   2.9205e+02
20251210_21:00:00   3.7645e-01   9.1706e+01   7.1176e+00   0.0000e+00   0.0000e+00   2.9192e+02
20251210_22:00:00   4.0300e-01   9.6708e+01   7.6333e+00   0.0000e+00   0.0000e+00   2.9080e+02
20251210_23:00:00   4.4774e-01   1.0475e+02   8.4759e+00   0.0000e+00   0.0000e+00   2.9122e+02
20251211_00:00:00   4.9156e-01   1.1224e+02   9.2898e+00   0.0000e+00   0.0000e+00   2.9019e+02
20251211_01:00:00   5.1617e-01   1.1635e+02   9.7503e+00   0.0000e+00   0.0000e+00   2.9090e+02
20251211_02:00:00   5.1934e-01   1.1696e+02   9.8246e+00   0.0000e+00   0.0000e+00   2.9203e+02
20251211_03:00:00   5.0755e-01   1.1507e+02   9.6023e+00   0.0000e+00   0.0000e+00   2.9221e+02
20251211_04:00:00   4.9211e-01   1.1253e+02   9.2816e+00   0.0000e+00   0.0000e+00   2.9142e+02
20251211_05:00:00   4.7814e-01   1.1022e+02   8.9779e+00   0.0000e+00   0.0000e+00   2.8823e+02
20251211_06:00:00   4.7020e-01   1.0891e+02   8.7830e+00   0.0000e+00   0.0000e+00   2.8561e+02
20251211_07:00:00   4.5905e-01   1.0706e+02   8.5366e+00   0.0000e+00   0.0000e+00   2.8411e+02
20251211_08:00:00   4.5326e-01   1.0606e+02   8.4105e+00   0.0000e+00   0.0000e+00   2.8101e+02
20251211_09:00:00   4.5668e-01   1.0665e+02   8.4570e+00   0.0000e+00   0.0000e+00   2.7862e+02
20251211_10:00:00   4.5528e-01   1.0641e+02   8.4164e+00   0.0000e+00   0.0000e+00   2.7831e+02
20251211_11:00:00   4.5173e-01   1.0579e+02   8.3463e+00   0.0000e+00   0.0000e+00   2.7815e+02
20251211_12:00:00   4.4720e-01   1.0499e+02   8.2552e+00   0.0000e+00   0.0000e+00   2.7969e+02
20251211_13:00:00   4.4123e-01   1.0391e+02   8.1472e+00   0.0000e+00   0.0000e+00   2.8211e+02
20251211_14:00:00   4.3326e-01   1.0249e+02   8.0052e+00   0.0000e+00   0.0000e+00   2.8258e+02
20251211_15:00:00   4.3045e-01   1.0198e+02   7.9638e+00   0.0000e+00   0.0000e+00   2.8107e+02
20251211_16:00:00   4.2982e-01   1.0180e+02   7.9622e+00   0.0000e+00   0.0000e+00   2.8043e+02
20251211_17:00:00   4.3446e-01   1.0266e+02   8.0540e+00   0.0000e+00   0.0000e+00   2.8099e+02
20251211_18:00:00   4.4194e-01   1.0413e+02   8.1819e+00   0.0000e+00   0.0000e+00   2.7952e+02
20251211_19:00:00   4.4487e-01   1.0479e+02   8.2466e+00   0.0000e+00   0.0000e+00   2.7749e+02
20251211_20:00:00   4.4712e-01   1.0533e+02   8.3016e+00   0.0000e+00   0.0000e+00   2.7574e+02
20251211_21:00:00   4.4558e-01   1.0517e+02   8.2938e+00   0.0000e+00   0.0000e+00   2.7707e+02
20251211_22:00:00   4.4523e-01   1.0521e+02   8.2954e+00   0.0000e+00   0.0000e+00   2.7610e+02
20251211_23:00:00   4.5128e-01   1.0633e+02   8.3894e+00   0.0000e+00   0.0000e+00   2.7505e+02
20251212_00:00:00   4.4870e-01   1.0585e+02   8.3372e+00   0.0000e+00   0.0000e+00   2.7644e+02
20251212_01:00:00   4.4364e-01   1.0488e+02   8.2402e+00   0.0000e+00   0.0000e+00   2.7765e+02
20251212_02:00:00   4.4257e-01   1.0464e+02   8.2096e+00   0.0000e+00   0.0000e+00   2.7915e+02
20251212_03:00:00   4.4486e-01   1.0500e+02   8.2333e+00   0.0000e+00   0.0000e+00   2.7967e+02
20251212_04:00:00   4.4657e-01   1.0523e+02   8.2506e+00   0.0000e+00   0.0000e+00   2.8026e+02
20251212_05:00:00   4.4570e-01   1.0501e+02   8.2265e+00   0.0000e+00   0.0000e+00   2.8087e+02
20251212_06:00:00   4.4250e-01   1.0436e+02   8.1560e+00   0.0000e+00   0.0000e+00   2.8378e+02
20251212_07:00:00   4.3754e-01   1.0338e+02   8.0550e+00   0.0000e+00   0.0000e+00   2.8550e+02
20251212_08:00:00   4.3029e-01   1.0202e+02   7.9015e+00   0.0000e+00   0.0000e+00   2.8646e+02
20251212_09:00:00   4.2390e-01   1.0082e+02   7.7730e+00   0.0000e+00   0.0000e+00   2.8629e+02
20251212_10:00:00   4.1550e-01   9.9272e+01   7.6134e+00   0.0000e+00   0.0000e+00   2.8492e+02
20251212_11:00:00   4.0955e-01   9.8156e+01   7.4981e+00   0.0000e+00   0.0000e+00   2.8497e+02
20251212_12:00:00   4.0510e-01   9.7248e+01   7.4090e+00   0.0000e+00   0.0000e+00   2.8517e+02
20251212_13:00:00   4.0029e-01   9.6285e+01   7.3099e+00   0.0000e+00   0.0000e+00   2.8418e+02
20251212_14:00:00   3.9656e-01   9.5528e+01   7.2334e+00   0.0000e+00   0.0000e+00   2.8310e+02
20251212_15:00:00   3.9200e-01   9.4614e+01   7.1549e+00   0.0000e+00   0.0000e+00   2.7891e+02
20251212_16:00:00   3.8942e-01   9.4109e+01   7.1014e+00   0.0000e+00   0.0000e+00   2.7852e+02
20251212_17:00:00   3.8999e-01   9.4240e+01   7.1005e+00   0.0000e+00   0.0000e+00   2.7933e+02
20251212_18:00:00   3.9523e-01   9.5398e+01   7.1806e+00   0.0000e+00   0.0000e+00   2.8177e+02
20251212_19:00:00   3.9350e-01   9.5241e+01   7.1468e+00   0.0000e+00   0.0000e+00   2.8119e+02
20251212_20:00:00   3.9106e-01   9.4939e+01   7.1166e+00   0.0000e+00   0.0000e+00   2.8092e+02
20251212_21:00:00   3.8766e-01   9.4400e+01   7.0837e+00   0.0000e+00   0.0000e+00   2.8011e+02
20251212_22:00:00   3.9050e-01   9.4993e+01   7.1519e+00   0.0000e+00   0.0000e+00   2.7915e+02
20251212_23:00:00   4.0258e-01   9.7254e+01   7.3719e+00   0.0000e+00   0.0000e+00   2.7781e+02
20251213_00:00:00   4.1228e-01   9.9017e+01   7.5395e+00   0.0000e+00   0.0000e+00   2.7836e+02
20251213_01:00:00   4.2254e-01   1.0082e+02   7.7074e+00   0.0000e+00   0.0000e+00   2.7709e+02
20251213_02:00:00   4.3499e-01   1.0296e+02   7.8997e+00   0.0000e+00   0.0000e+00   2.7575e+02
20251213_03:00:00   4.4658e-01   1.0492e+02   8.0840e+00   0.0000e+00   0.0000e+00   2.7600e+02
20251213_04:00:00   4.4757e-01   1.0501e+02   8.0877e+00   0.0000e+00   0.0000e+00   2.7776e+02
20251213_05:00:00   4.4715e-01   1.0487e+02   8.0734e+00   0.0000e+00   0.0000e+00   2.7863e+02
20251213_06:00:00   4.4742e-01   1.0484e+02   8.0784e+00   0.0000e+00   0.0000e+00   2.8121e+02
20251213_09:00:00   4.4294e-01   1.0379e+02   7.9783e+00   0.0000e+00   0.0000e+00   2.8272e+02
20251213_12:00:00   4.3247e-01   1.0174e+02   7.7845e+00   0.0000e+00   0.0000e+00   2.8683e+02
20251213_15:00:00   4.1151e-01   9.7806e+01   7.4096e+00   0.0000e+00   0.0000e+00   2.8303e+02
20251213_18:00:00   3.9891e-01   9.5586e+01   7.1896e+00   0.0000e+00   1.3348e-06   2.8173e+02
20251213_21:00:00   4.0034e-01   9.5974e+01   7.3438e+00   0.0000e+00   1.4479e-03   2.7479e+02
20251214_00:00:00   4.8714e-01   1.1097e+02   8.9804e+00   0.0000e+00   2.5754e-03   2.7364e+02
20251214_03:00:00   4.9961e-01   1.1251e+02   9.1585e+00   0.0000e+00   3.6100e-03   2.6649e+02
20251214_06:00:00   4.4831e-01   1.0335e+02   8.3088e+00   0.0000e+00   3.0903e-03   2.6948e+02
20251214_09:00:00   3.7717e-01   9.0651e+01   6.9114e+00   0.0000e+00   1.5054e-04   2.6707e+02
20251214_12:00:00   3.5585e-01   8.6344e+01   6.5597e+00   0.0000e+00   6.6689e-03   2.6589e+02
20251214_15:00:00   3.4060e-01   8.3558e+01   6.2227e+00   0.0000e+00   1.4476e-05   2.6828e+02
20251214_18:00:00   3.3862e-01   8.3485e+01   6.1038e+00   0.0000e+00   0.0000e+00   2.6534e+02
20251214_21:00:00   3.2897e-01   8.1807e+01   6.0323e+00   0.0000e+00   0.0000e+00   2.6223e+02
20251215_00:00:00   3.6141e-01   8.8194e+01   6.6265e+00   0.0000e+00   0.0000e+00   2.6364e+02
20251215_03:00:00   4.1661e-01   9.8399e+01   7.4569e+00   0.0000e+00   2.4377e-04   2.6646e+02
20251215_06:00:00   4.1487e-01   9.7910e+01   7.4505e+00   0.0000e+00   2.4054e-03   2.6904e+02
20251215_09:00:00   3.9237e-01   9.3695e+01   7.0594e+00   0.0000e+00   6.0998e-04   2.7039e+02
20251215_12:00:00   3.7545e-01   9.0475e+01   6.7450e+00   0.0000e+00   1.5894e-04   2.7354e+02
20251215_15:00:00   3.5731e-01   8.6981e+01   6.4145e+00   0.0000e+00   1.3348e-06   2.7409e+02
20251215_18:00:00   3.5440e-01   8.6628e+01   6.3399e+00   0.0000e+00   0.0000e+00   2.7481e+02
20251215_21:00:00   3.4449e-01   8.5133e+01   6.2203e+00   0.0000e+00   0.0000e+00   2.7411e+02
20251216_00:00:00   3.5477e-01   8.7335e+01   6.3916e+00   0.0000e+00   0.0000e+00   2.7313e+02
20251216_03:00:00   3.7041e-01   9.0177e+01   6.6115e+00   0.0000e+00   0.0000e+00   2.7392e+02
20251216_06:00:00   3.5454e-01   8.6983e+01   6.3228e+00   0.0000e+00   0.0000e+00   2.7854e+02
20251216_09:00:00   3.2415e-01   8.1057e+01   5.7552e+00   0.0000e+00   0.0000e+00   2.8160e+02
20251216_12:00:00   3.0339e-01   7.6787e+01   5.4085e+00   0.0000e+00   0.0000e+00   2.8113e+02
20251216_15:00:00   2.9684e-01   7.5151e+01   5.4087e+00   0.0000e+00   0.0000e+00   2.7916e+02
20251216_18:00:00   3.0293e-01   7.6277e+01   5.6168e+00   0.0000e+00   4.4100e-05   2.7735e+02
20251216_21:00:00   3.2884e-01   8.0999e+01   6.3235e+00   0.0000e+00   1.2318e-02   2.7484e+02
20251217_00:00:00   3.9881e-01   9.3484e+01   7.7216e+00   0.0000e+00   1.0015e-01   2.7272e+02
20251217_03:00:00   4.9922e-01   1.1020e+02   9.7282e+00   0.0000e+00   5.9223e-02   2.7492e+02
20251217_06:00:00   5.3192e-01   1.1515e+02   1.0257e+01   0.0000e+00   7.1257e-02   2.8040e+02
20251217_09:00:00   4.8467e-01   1.0719e+02   9.3449e+00   0.0000e+00   6.7089e-02   2.8026e+02
20251217_12:00:00   4.5929e-01   1.0310e+02   8.8634e+00   0.0000e+00   3.0904e-03   2.8403e+02
20251217_15:00:00   3.6933e-01   8.8364e+01   6.7374e+00   0.0000e+00   0.0000e+00   2.8315e+02
20251217_18:00:00   3.3554e-01   8.2639e+01   6.0493e+00   0.0000e+00   0.0000e+00   2.7871e+02
20251217_21:00:00   3.4513e-01   8.5089e+01   6.2404e+00   0.0000e+00   8.6877e-05   2.7548e+02
20251218_00:00:00   3.8039e-01   9.1902e+01   6.8825e+00   0.0000e+00   4.0900e-04   2.7293e+02
20251218_03:00:00   3.8673e-01   9.3131e+01   7.0157e+00   0.0000e+00   2.6700e-06   2.7020e+02
20251218_06:00:00   3.7797e-01   9.1678e+01   6.7644e+00   0.0000e+00   0.0000e+00   2.7128e+02
20251218_09:00:00   3.6374e-01   8.9019e+01   6.4723e+00   0.0000e+00   0.0000e+00   2.6619e+02
20251218_12:00:00   3.5980e-01   8.8229e+01   6.3718e+00   0.0000e+00   0.0000e+00   2.6898e+02
20251218_15:00:00   3.4633e-01   8.5638e+01   6.1415e+00   0.0000e+00   0.0000e+00   2.7173e+02
20251218_18:00:00   3.4143e-01   8.4810e+01   6.0948e+00   0.0000e+00   0.0000e+00   2.7104e+02
20251218_21:00:00   3.3963e-01   8.4841e+01   6.1652e+00   0.0000e+00   0.0000e+00   2.6659e+02
20251219_00:00:00   3.6350e-01   8.9574e+01   6.6843e+00   0.0000e+00   0.0000e+00   2.6518e+02
20251219_03:00:00   3.8192e-01   9.2716e+01   7.0606e+00   0.0000e+00   0.0000e+00   2.6553e+02
20251219_06:00:00   3.6596e-01   8.9538e+01   6.7204e+00   0.0000e+00   0.0000e+00   2.7404e+02
20251219_09:00:00   3.3327e-01   8.3140e+01   6.1471e+00   0.0000e+00   0.0000e+00   2.7116e+02
20251219_12:00:00   3.0975e-01   7.8365e+01   5.6964e+00   0.0000e+00   0.0000e+00   2.6793e+02
20251219_15:00:00   2.7855e-01   7.1927e+01   5.0781e+00   0.0000e+00   0.0000e+00   2.6754e+02
20251219_18:00:00   2.6698e-01   6.9573e+01   4.8508e+00   0.0000e+00   0.0000e+00   2.6733e+02
20251219_21:00:00   2.5907e-01   6.8122e+01   4.7538e+00   0.0000e+00   0.0000e+00   2.6468e+02
20251220_00:00:00   2.6654e-01   6.9738e+01   4.9258e+00   0.0000e+00   0.0000e+00   2.6420e+02
20251220_03:00:00   2.8332e-01   7.2747e+01   5.3767e+00   0.0000e+00   1.9194e-03   2.6191e+02
20251220_06:00:00   2.6907e-01   6.9608e+01   5.1182e+00   0.0000e+00   0.0000e+00   2.6213e+02
20251220_09:00:00   2.9021e-01   7.3256e+01   5.7368e+00   0.0000e+00   1.0482e-04   2.7030e+02
20251220_12:00:00   3.4888e-01   8.4344e+01   7.0643e+00   0.0000e+00   1.9319e-03   2.6735e+02
20251220_15:00:00   4.6381e-01   1.0544e+02   9.1719e+00   0.0000e+00   6.9217e-04   2.6441e+02
20251220_18:00:00   5.7829e-01   1.2471e+02   1.1077e+01   0.0000e+00   4.6292e-04   2.6353e+02
20251220_21:00:00   6.9622e-01   1.4170e+02   1.3329e+01   0.0000e+00   1.6060e-04   2.6770e+02
20251221_00:00:00   7.6561e-01   1.4984e+02   1.4404e+01   0.0000e+00   2.7549e-03   2.7258e+02
20251221_03:00:00   5.4786e-01   1.1890e+02   1.0274e+01   0.0000e+00   6.4888e-03   2.7655e+02
20251221_06:00:00   3.0070e-01   7.4773e+01   5.4367e+00   0.0000e+00   6.7029e-03   2.8840e+02
20251221_09:00:00   3.1447e-01   7.6994e+01   5.3014e+00   0.0000e+00   1.8241e-03   3.0196e+02
20251221_12:00:00   2.5023e-01   6.3944e+01   4.1731e+00   0.0000e+00   1.9936e-03   3.0867e+02
20251221_15:00:00   2.0214e-01   5.3378e+01   3.5842e+00   0.0000e+00   6.9483e-04   3.1325e+02
20251221_18:00:00   1.8595e-01   4.9544e+01   3.4480e+00   0.0000e+00   7.7473e-03   3.2054e+02
20251221_21:00:00   1.5732e-01   4.2874e+01   2.9982e+00   1.0110e-05   5.2555e-03   3.2085e+02
20251222_00:00:00   1.5454e-01   4.2856e+01   2.6800e+00   0.0000e+00   0.0000e+00   3.2267e+02
20251222_03:00:00   1.9048e-01   5.0694e+01   3.0912e+00   2.1060e-06   1.0075e-04   3.2802e+02
20251222_06:00:00   2.3387e-01   5.9124e+01   3.7375e+00   0.0000e+00   5.7165e-05   3.3198e+02
20251222_09:00:00   2.2221e-01   5.6545e+01   3.5104e+00   0.0000e+00   1.9436e-06   3.2729e+02
20251222_12:00:00   1.7540e-01   4.6643e+01   2.6857e+00   0.0000e+00   0.0000e+00   3.2627e+02
20251222_15:00:00   1.2081e-01   3.4287e+01   1.7509e+00   0.0000e+00   0.0000e+00   3.3166e+02
20251222_18:00:00   1.0012e-01   2.9551e+01   1.4037e+00   0.0000e+00   0.0000e+00   3.2882e+02
20251222_21:00:00   1.1164e-01   3.2304e+01   1.6728e+00   0.0000e+00   0.0000e+00   3.2749e+02
20251223_00:00:00   1.4770e-01   4.0449e+01   2.4357e+00   0.0000e+00   5.0556e-05   3.2273e+02
20251223_03:00:00   1.3563e-01   3.7675e+01   2.1625e+00   0.0000e+00   0.0000e+00   3.2503e+02
20251223_06:00:00   1.2399e-01   3.4988e+01   1.9540e+00   0.0000e+00   0.0000e+00   3.1766e+02
20251223_09:00:00   1.2170e-01   3.4388e+01   1.9771e+00   0.0000e+00   0.0000e+00   3.1233e+02
20251223_12:00:00   1.2116e-01   3.4312e+01   1.9939e+00   0.0000e+00   5.7480e-06   3.0291e+02
20251223_15:00:00   1.3392e-01   3.7326e+01   2.2653e+00   0.0000e+00   0.0000e+00   2.9691e+02
20251223_18:00:00   1.4718e-01   4.0454e+01   2.5777e+00   0.0000e+00   6.9180e-06   2.9503e+02
20251223_21:00:00   1.6413e-01   4.4390e+01   2.9802e+00   0.0000e+00   1.4968e-06   2.8788e+02
20251224_00:00:00   1.9606e-01   5.1463e+01   3.6598e+00   0.0000e+00   1.0224e-06   2.8202e+02
20251224_03:00:00   2.1575e-01   5.5742e+01   4.0401e+00   0.0000e+00   2.3000e-05   2.7736e+02
20251224_06:00:00   2.6517e-01   6.5777e+01   5.1368e+00   0.0000e+00   0.0000e+00   2.7307e+02
