#            date       tau255        Tb[K]      pwv[mm] lwp[kg*m^-2] iwp[kg*m^-2]       o3[DU]
20251209_12:00:00   3.4545e-01   8.4681e+01   6.6236e+00   0.0000e+00   2.2900e-05   2.8803e+02
20251209_13:00:00   3.2865e-01   8.1399e+01   6.3073e+00   0.0000e+00   0.0000e+00   2.8853e+02
20251209_14:00:00   3.1812e-01   7.9295e+01   6.1391e+00   0.0000e+00   0.0000e+00   2.8825e+02
20251209_15:00:00   3.1776e-01   7.9163e+01   6.1590e+00   0.0000e+00   6.2056e-05   2.9004e+02
20251209_16:00:00   3.1973e-01   7.9600e+01   6.2047e+00   0.0000e+00   5.7320e-04   2.9133e+02
20251209_17:00:00   3.3090e-01   8.2069e+01   6.3493e+00   0.0000e+00   6.6740e-06   2.9149e+02
20251209_18:00:00   3.3198e-01   8.2596e+01   6.3218e+00   0.0000e+00   0.0000e+00   2.9137e+02
20251209_19:00:00   3.1216e-01   7.8861e+01   5.9401e+00   0.0000e+00   0.0000e+00   2.9028e+02
20251209_20:00:00   2.9574e-01   7.5722e+01   5.6156e+00   0.0000e+00   0.0000e+00   2.8739e+02
20251209_21:00:00   2.9445e-01   7.5599e+01   5.5938e+00   0.0000e+00   0.0000e+00   2.8496e+02
20251209_22:00:00   2.9955e-01   7.6840e+01   5.6635e+00   0.0000e+00   0.0000e+00   2.8341e+02
20251209_23:00:00   2.8988e-01   7.4927e+01   5.4450e+00   0.0000e+00   0.0000e+00   2.8187e+02
20251210_00:00:00   2.7848e-01   7.2530e+01   5.2154e+00   0.0000e+00   0.0000e+00   2.8501e+02
20251210_01:00:00   2.7134e-01   7.0983e+01   5.0744e+00   0.0000e+00   0.0000e+00   2.8574e+02
20251210_02:00:00   2.6894e-01   7.0445e+01   5.0081e+00   0.0000e+00   0.0000e+00   2.8781e+02
20251210_03:00:00   2.7008e-01   7.0656e+01   5.0164e+00   0.0000e+00   0.0000e+00   2.9127e+02
20251210_04:00:00   2.7431e-01   7.1532e+01   5.0813e+00   0.0000e+00   0.0000e+00   2.9373e+02
20251210_05:00:00   2.7677e-01   7.2039e+01   5.1111e+00   0.0000e+00   0.0000e+00   2.9541e+02
20251210_06:00:00   2.7817e-01   7.2303e+01   5.1321e+00   0.0000e+00   0.0000e+00   2.9613e+02
20251210_07:00:00   2.8097e-01   7.2841e+01   5.1798e+00   0.0000e+00   0.0000e+00   2.9696e+02
20251210_08:00:00   2.8254e-01   7.3112e+01   5.1987e+00   0.0000e+00   0.0000e+00   2.9857e+02
20251210_09:00:00   2.8119e-01   7.2787e+01   5.1696e+00   0.0000e+00   0.0000e+00   2.9942e+02
20251210_10:00:00   2.8132e-01   7.2747e+01   5.1783e+00   0.0000e+00   0.0000e+00   2.9978e+02
20251210_11:00:00   2.7876e-01   7.2174e+01   5.1382e+00   0.0000e+00   0.0000e+00   2.9767e+02
20251210_12:00:00   2.7484e-01   7.1341e+01   5.0819e+00   0.0000e+00   0.0000e+00   2.9741e+02
20251210_13:00:00   2.7193e-01   7.0720e+01   5.0341e+00   0.0000e+00   0.0000e+00   2.9600e+02
20251210_14:00:00   2.7224e-01   7.0766e+01   5.0287e+00   0.0000e+00   0.0000e+00   2.9200e+02
20251210_15:00:00   2.7277e-01   7.0850e+01   5.0194e+00   0.0000e+00   0.0000e+00   2.8907e+02
20251210_16:00:00   2.7412e-01   7.1138e+01   5.0288e+00   0.0000e+00   0.0000e+00   2.8712e+02
20251210_17:00:00   2.7662e-01   7.1746e+01   5.0669e+00   0.0000e+00   0.0000e+00   2.8829e+02
20251210_18:00:00   2.8569e-01   7.3814e+01   5.2145e+00   0.0000e+00   0.0000e+00   2.8944e+02
20251210_19:00:00   2.8901e-01   7.4642e+01   5.2802e+00   0.0000e+00   0.0000e+00   2.8983e+02
20251210_20:00:00   2.9117e-01   7.5240e+01   5.3237e+00   0.0000e+00   0.0000e+00   2.8871e+02
20251210_21:00:00   2.9581e-01   7.6309e+01   5.4213e+00   0.0000e+00   0.0000e+00   2.8802e+02
20251210_22:00:00   3.0444e-01   7.8182e+01   5.5892e+00   0.0000e+00   0.0000e+00   2.8674e+02
20251210_23:00:00   3.1334e-01   8.0037e+01   5.7557e+00   0.0000e+00   0.0000e+00   2.8849e+02
20251211_00:00:00   3.1479e-01   8.0271e+01   5.7999e+00   0.0000e+00   0.0000e+00   2.8700e+02
20251211_01:00:00   3.1354e-01   7.9953e+01   5.7904e+00   0.0000e+00   0.0000e+00   2.8577e+02
20251211_02:00:00   3.1240e-01   7.9689e+01   5.7716e+00   0.0000e+00   0.0000e+00   2.8651e+02
20251211_03:00:00   3.1184e-01   7.9530e+01   5.7633e+00   0.0000e+00   0.0000e+00   2.8686e+02
20251211_04:00:00   3.0886e-01   7.8839e+01   5.7151e+00   0.0000e+00   0.0000e+00   2.8668e+02
20251211_05:00:00   3.0422e-01   7.7823e+01   5.6398e+00   0.0000e+00   0.0000e+00   2.8502e+02
20251211_06:00:00   2.9731e-01   7.6370e+01   5.5200e+00   0.0000e+00   0.0000e+00   2.8362e+02
20251211_07:00:00   2.9048e-01   7.4905e+01   5.4048e+00   0.0000e+00   0.0000e+00   2.8327e+02
20251211_08:00:00   2.8592e-01   7.3899e+01   5.3272e+00   0.0000e+00   0.0000e+00   2.8241e+02
20251211_09:00:00   2.8129e-01   7.2882e+01   5.2453e+00   0.0000e+00   0.0000e+00   2.8093e+02
20251211_10:00:00   2.7723e-01   7.2001e+01   5.1702e+00   0.0000e+00   0.0000e+00   2.7889e+02
20251211_11:00:00   2.7258e-01   7.0999e+01   5.0769e+00   0.0000e+00   0.0000e+00   2.7662e+02
20251211_12:00:00   2.6684e-01   6.9761e+01   4.9681e+00   0.0000e+00   0.0000e+00   2.7471e+02
20251211_13:00:00   2.6114e-01   6.8521e+01   4.8647e+00   0.0000e+00   0.0000e+00   2.7478e+02
20251211_14:00:00   2.5398e-01   6.6971e+01   4.7303e+00   0.0000e+00   0.0000e+00   2.7703e+02
20251211_15:00:00   2.4682e-01   6.5422e+01   4.5938e+00   0.0000e+00   0.0000e+00   2.7854e+02
20251211_16:00:00   2.4552e-01   6.5116e+01   4.5664e+00   0.0000e+00   0.0000e+00   2.7902e+02
20251211_17:00:00   2.4590e-01   6.5248e+01   4.5627e+00   0.0000e+00   0.0000e+00   2.8046e+02
20251211_18:00:00   2.5540e-01   6.7433e+01   4.7183e+00   0.0000e+00   0.0000e+00   2.8126e+02
20251211_19:00:00   2.5742e-01   6.7984e+01   4.7546e+00   0.0000e+00   0.0000e+00   2.8146e+02
20251211_20:00:00   2.6033e-01   6.8739e+01   4.8034e+00   0.0000e+00   0.0000e+00   2.8255e+02
20251211_21:00:00   2.6255e-01   6.9327e+01   4.8438e+00   0.0000e+00   0.0000e+00   2.8239e+02
20251211_22:00:00   2.6749e-01   7.0471e+01   4.9359e+00   0.0000e+00   0.0000e+00   2.7985e+02
20251211_23:00:00   2.7379e-01   7.1848e+01   5.0388e+00   0.0000e+00   0.0000e+00   2.8079e+02
20251212_00:00:00   2.7056e-01   7.1089e+01   4.9854e+00   0.0000e+00   0.0000e+00   2.8177e+02
20251212_01:00:00   2.7198e-01   7.1310e+01   5.0271e+00   0.0000e+00   0.0000e+00   2.8273e+02
20251212_02:00:00   2.7586e-01   7.2034e+01   5.1138e+00   0.0000e+00   0.0000e+00   2.8309e+02
20251212_03:00:00   2.7804e-01   7.2419e+01   5.1637e+00   0.0000e+00   0.0000e+00   2.8433e+02
20251212_04:00:00   2.7815e-01   7.2377e+01   5.1757e+00   0.0000e+00   0.0000e+00   2.8450e+02
20251212_05:00:00   2.7559e-01   7.1810e+01   5.1239e+00   0.0000e+00   0.0000e+00   2.8458e+02
20251212_06:00:00   2.7437e-01   7.1532e+01   5.0978e+00   0.0000e+00   0.0000e+00   2.8539e+02
20251212_07:00:00   2.7168e-01   7.0952e+01   5.0428e+00   0.0000e+00   0.0000e+00   2.8667e+02
20251212_08:00:00   2.6852e-01   7.0229e+01   4.9744e+00   0.0000e+00   0.0000e+00   2.8939e+02
20251212_09:00:00   2.6178e-01   6.8778e+01   4.8345e+00   0.0000e+00   0.0000e+00   2.9096e+02
20251212_10:00:00   2.5556e-01   6.7423e+01   4.7099e+00   0.0000e+00   0.0000e+00   2.9186e+02
20251212_11:00:00   2.4949e-01   6.6090e+01   4.5912e+00   0.0000e+00   0.0000e+00   2.9233e+02
20251212_12:00:00   2.4396e-01   6.4866e+01   4.4773e+00   0.0000e+00   0.0000e+00   2.9189e+02
20251212_13:00:00   2.3744e-01   6.3418e+01   4.3426e+00   0.0000e+00   0.0000e+00   2.9204e+02
20251212_14:00:00   2.3430e-01   6.2695e+01   4.2795e+00   0.0000e+00   0.0000e+00   2.9131e+02
20251212_15:00:00   2.3162e-01   6.2050e+01   4.2289e+00   0.0000e+00   0.0000e+00   2.9204e+02
20251212_16:00:00   2.3003e-01   6.1663e+01   4.2028e+00   0.0000e+00   0.0000e+00   2.9301e+02
20251212_17:00:00   2.3297e-01   6.2305e+01   4.2637e+00   0.0000e+00   0.0000e+00   2.9357e+02
20251212_18:00:00   2.4272e-01   6.4525e+01   4.4437e+00   0.0000e+00   0.0000e+00   2.9145e+02
20251212_19:00:00   2.4733e-01   6.5626e+01   4.5414e+00   0.0000e+00   0.0000e+00   2.9060e+02
20251212_20:00:00   2.5187e-01   6.6717e+01   4.6330e+00   0.0000e+00   0.0000e+00   2.9016e+02
20251212_21:00:00   2.5651e-01   6.7797e+01   4.7341e+00   0.0000e+00   0.0000e+00   2.8765e+02
20251212_22:00:00   2.6205e-01   6.9031e+01   4.8445e+00   0.0000e+00   0.0000e+00   2.8760e+02
20251212_23:00:00   2.7127e-01   7.1027e+01   5.0105e+00   0.0000e+00   0.0000e+00   2.8785e+02
20251213_00:00:00   2.7338e-01   7.1437e+01   5.0495e+00   0.0000e+00   0.0000e+00   2.8670e+02
20251213_01:00:00   2.7397e-01   7.1525e+01   5.0529e+00   0.0000e+00   0.0000e+00   2.8601e+02
20251213_02:00:00   2.7598e-01   7.1908e+01   5.0750e+00   0.0000e+00   0.0000e+00   2.8477e+02
20251213_03:00:00   2.7734e-01   7.2157e+01   5.0833e+00   0.0000e+00   0.0000e+00   2.8401e+02
20251213_04:00:00   2.7720e-01   7.2082e+01   5.0701e+00   0.0000e+00   0.0000e+00   2.8441e+02
20251213_05:00:00   2.7497e-01   7.1566e+01   5.0194e+00   0.0000e+00   0.0000e+00   2.8348e+02
20251213_06:00:00   2.7165e-01   7.0820e+01   4.9536e+00   0.0000e+00   0.0000e+00   2.8359e+02
20251213_07:00:00   2.6562e-01   6.9481e+01   4.8422e+00   0.0000e+00   0.0000e+00   2.8520e+02
20251213_08:00:00   2.5762e-01   6.7705e+01   4.6954e+00   0.0000e+00   0.0000e+00   2.8544e+02
20251213_09:00:00   2.4946e-01   6.5896e+01   4.5474e+00   0.0000e+00   1.6196e-07   2.8535e+02
20251213_10:00:00   2.4635e-01   6.5169e+01   4.4998e+00   0.0000e+00   7.7924e-05   2.8485e+02
20251213_11:00:00   2.4762e-01   6.5354e+01   4.5374e+00   0.0000e+00   6.0560e-04   2.8329e+02
20251213_12:00:00   2.4919e-01   6.5571e+01   4.5903e+00   0.0000e+00   4.1131e-03   2.8291e+02
20251213_13:00:00   2.5448e-01   6.6563e+01   4.7222e+00   0.0000e+00   8.4087e-03   2.8146e+02
20251213_14:00:00   2.5843e-01   6.7262e+01   4.8319e+00   0.0000e+00   1.0194e-02   2.8151e+02
20251213_15:00:00   2.6204e-01   6.7934e+01   4.9194e+00   0.0000e+00   9.4394e-03   2.8305e+02
20251213_16:00:00   2.6471e-01   6.8418e+01   4.9832e+00   0.0000e+00   1.3732e-02   2.8263e+02
20251213_17:00:00   2.7342e-01   7.0099e+01   5.1921e+00   0.0000e+00   9.1562e-03   2.8185e+02
20251213_18:00:00   2.8627e-01   7.2885e+01   5.4165e+00   0.0000e+00   6.9752e-04   2.8215e+02
20251213_19:00:00   2.9532e-01   7.4874e+01   5.5774e+00   0.0000e+00   7.0228e-03   2.8202e+02
20251213_20:00:00   3.0590e-01   7.7068e+01   5.7914e+00   0.0000e+00   1.6540e-02   2.8383e+02
20251213_21:00:00   3.1344e-01   7.8718e+01   5.9238e+00   0.0000e+00   1.2681e-02   2.8358e+02
20251213_22:00:00   3.2781e-01   8.1675e+01   6.1884e+00   0.0000e+00   1.3632e-02   2.8215e+02
20251213_23:00:00   3.4611e-01   8.5339e+01   6.5056e+00   0.0000e+00   2.3501e-02   2.8144e+02
20251214_00:00:00   3.6104e-01   8.8213e+01   6.7592e+00   0.0000e+00   1.9717e-02   2.8150e+02
20251214_01:00:00   3.6924e-01   8.9699e+01   6.8753e+00   0.0000e+00   2.1208e-02   2.7903e+02
20251214_02:00:00   3.7837e-01   9.1154e+01   7.0556e+00   0.0000e+00   5.4557e-02   2.7815e+02
20251214_03:00:00   3.7721e-01   9.0776e+01   7.0827e+00   0.0000e+00   1.9229e-02   2.8133e+02
20251214_04:00:00   3.6003e-01   8.7572e+01   6.7510e+00   0.0000e+00   8.9172e-03   2.8201e+02
20251214_05:00:00   3.4528e-01   8.4813e+01   6.4346e+00   0.0000e+00   3.8014e-03   2.8114e+02
20251214_06:00:00   3.3022e-01   8.1912e+01   6.1288e+00   0.0000e+00   2.9013e-04   2.8064e+02
20251214_07:00:00   3.2076e-01   7.9953e+01   5.9663e+00   0.0000e+00   1.9274e-03   2.7928e+02
20251214_08:00:00   3.1559e-01   7.8838e+01   5.8752e+00   0.0000e+00   7.6299e-03   2.7929e+02
20251214_09:00:00   3.1560e-01   7.8686e+01   5.9132e+00   0.0000e+00   1.3190e-03   2.7809e+02
20251214_10:00:00   3.0867e-01   7.7262e+01   5.7766e+00   0.0000e+00   9.5962e-03   2.7445e+02
20251214_11:00:00   3.0525e-01   7.6567e+01   5.7066e+00   0.0000e+00   1.8609e-03   2.7600e+02
20251214_12:00:00   3.0920e-01   7.7211e+01   5.8038e+00   0.0000e+00   9.1662e-03   2.7593e+02
20251214_15:00:00   3.0422e-01   7.6094e+01   5.7052e+00   0.0000e+00   1.0065e-03   2.7972e+02
20251214_18:00:00   3.1307e-01   7.8007e+01   5.8327e+00   0.0000e+00   4.9320e-04   2.7630e+02
20251214_21:00:00   2.9406e-01   7.4942e+01   5.3531e+00   0.0000e+00   0.0000e+00   2.7256e+02
20251215_00:00:00   3.1549e-01   7.9433e+01   5.7124e+00   0.0000e+00   0.0000e+00   2.7239e+02
20251215_03:00:00   3.3294e-01   8.2868e+01   5.9707e+00   0.0000e+00   0.0000e+00   2.7671e+02
20251215_06:00:00   3.2017e-01   7.9986e+01   5.8304e+00   0.0000e+00   2.2935e-03   2.7154e+02
20251215_09:00:00   3.0172e-01   7.5906e+01   5.5807e+00   0.0000e+00   4.8694e-04   2.6948e+02
20251215_12:00:00   2.7117e-01   6.9750e+01   4.9971e+00   0.0000e+00   1.7576e-04   2.6828e+02
20251215_15:00:00   2.5166e-01   6.5481e+01   4.7162e+00   0.0000e+00   2.2996e-04   2.7125e+02
20251215_18:00:00   2.5557e-01   6.6353e+01   4.8668e+00   0.0000e+00   8.0980e-08   2.7056e+02
20251215_21:00:00   3.4208e-01   8.3073e+01   6.9341e+00   0.0000e+00   9.6159e-04   2.6764e+02
20251216_00:00:00   4.2877e-01   9.8537e+01   8.7641e+00   0.0000e+00   6.5273e-04   2.6600e+02
20251216_03:00:00   4.8986e-01   1.0863e+02   9.9172e+00   0.0000e+00   1.4346e-03   2.6705e+02
20251216_06:00:00   5.3442e-01   1.1579e+02   1.0731e+01   0.0000e+00   5.9385e-02   2.6712e+02
20251216_09:00:00   6.0454e-01   1.2648e+02   1.1815e+01   0.0000e+00   1.5768e-02   2.6374e+02
20251216_12:00:00   4.4589e-01   1.0284e+02   8.4576e+00   0.0000e+00   0.0000e+00   2.6496e+02
20251216_15:00:00   3.9195e-01   9.4046e+01   7.2155e+00   0.0000e+00   0.0000e+00   2.6450e+02
20251216_18:00:00   3.8483e-01   9.2999e+01   7.1206e+00   0.0000e+00   2.2882e-04   2.6390e+02
20251216_21:00:00   3.9234e-01   9.4384e+01   7.5041e+00   0.0000e+00   9.4390e-03   2.6404e+02
20251217_00:00:00   4.5118e-01   1.0495e+02   8.7414e+00   0.0000e+00   1.6179e-05   2.6198e+02
20251217_03:00:00   4.5823e-01   1.0550e+02   9.0204e+00   0.0000e+00   2.5600e-04   2.5896e+02
20251217_06:00:00   5.1258e-01   1.1334e+02   1.0324e+01   0.0000e+00   0.0000e+00   2.6435e+02
20251217_09:00:00   6.1463e-01   1.2883e+02   1.2220e+01   0.0000e+00   4.6072e-04   2.6838e+02
20251217_12:00:00   7.5159e-01   1.4803e+02   1.4315e+01   5.1120e-06   1.1472e-05   2.6774e+02
20251217_15:00:00   7.1376e-01   1.4530e+02   1.2800e+01   0.0000e+00   5.3240e-06   2.7521e+02
20251217_18:00:00   6.5676e-01   1.3821e+02   1.1497e+01   0.0000e+00   0.0000e+00   2.7844e+02
20251217_21:00:00   6.1780e-01   1.3318e+02   1.0937e+01   0.0000e+00   6.6660e-04   2.7372e+02
20251218_00:00:00   6.1508e-01   1.3276e+02   1.1043e+01   0.0000e+00   1.1504e-04   2.7500e+02
20251218_03:00:00   5.7923e-01   1.2652e+02   1.0673e+01   0.0000e+00   2.8616e-03   2.7625e+02
20251218_06:00:00   4.7384e-01   1.0830e+02   9.1405e+00   0.0000e+00   2.5953e-03   2.7791e+02
20251218_09:00:00   4.4248e-01   1.0206e+02   8.7571e+00   0.0000e+00   6.9362e-03   2.7965e+02
20251218_12:00:00   4.9113e-01   1.0945e+02   9.8765e+00   0.0000e+00   1.0689e-03   2.7936e+02
20251218_15:00:00   5.4485e-01   1.1804e+02   1.0878e+01   0.0000e+00   2.1326e-04   2.7969e+02
20251218_18:00:00   5.8942e-01   1.2583e+02   1.1525e+01   0.0000e+00   8.7070e-04   2.8167e+02
20251218_21:00:00   5.7481e-01   1.2484e+02   1.1104e+01   0.0000e+00   1.7056e-04   2.7975e+02
20251219_00:00:00   5.2455e-01   1.1765e+02   9.9415e+00   0.0000e+00   3.9223e-03   2.8325e+02
20251219_03:00:00   4.6983e-01   1.0870e+02   8.6879e+00   0.0000e+00   7.4860e-03   2.8237e+02
20251219_06:00:00   4.2265e-01   1.0010e+02   7.9000e+00   0.0000e+00   7.5460e-04   2.7940e+02
20251219_09:00:00   3.7799e-01   9.1726e+01   7.1359e+00   0.0000e+00   4.9080e-04   2.7498e+02
20251219_12:00:00   2.8551e-01   7.3363e+01   5.3635e+00   0.0000e+00   1.5464e-03   2.7320e+02
20251219_15:00:00   2.3498e-01   6.2565e+01   4.3649e+00   0.0000e+00   1.4884e-03   2.7457e+02
20251219_18:00:00   2.4734e-01   6.5042e+01   4.7224e+00   0.0000e+00   1.3005e-03   2.7151e+02
20251219_21:00:00   2.9021e-01   7.3940e+01   5.7165e+00   0.0000e+00   1.5009e-03   2.6559e+02
20251220_00:00:00   3.2366e-01   8.0598e+01   6.4229e+00   0.0000e+00   1.1794e-03   2.6581e+02
20251220_03:00:00   3.0838e-01   7.7499e+01   6.0040e+00   0.0000e+00   4.5716e-04   2.6583e+02
20251220_06:00:00   3.0823e-01   7.7118e+01   6.0347e+00   0.0000e+00   9.9340e-05   2.6282e+02
20251220_09:00:00   3.0924e-01   7.7374e+01   5.9857e+00   0.0000e+00   1.1278e-04   2.5930e+02
20251220_12:00:00   3.2681e-01   8.0736e+01   6.3710e+00   0.0000e+00   1.9242e-03   2.5891e+02
20251220_15:00:00   3.4676e-01   8.3973e+01   6.8029e+00   0.0000e+00   4.3920e-04   2.6638e+02
20251220_18:00:00   5.0812e-01   1.1279e+02   9.8521e+00   0.0000e+00   1.7234e-03   2.6463e+02
20251220_21:00:00   5.8211e-01   1.2572e+02   1.0972e+01   0.0000e+00   2.3655e-04   2.6583e+02
20251221_00:00:00   6.5656e-01   1.3718e+02   1.2204e+01   0.0000e+00   1.6752e-03   2.6317e+02
20251221_03:00:00   7.5269e-01   1.4987e+02   1.3432e+01   1.5914e-04   1.1386e-05   2.6931e+02
20251221_06:00:00   7.8983e-01   1.5458e+02   1.3831e+01   0.0000e+00   3.8880e-07   2.7312e+02
20251221_09:00:00   9.0451e-01   1.6735e+02   1.5844e+01   6.6940e-04   9.4350e-06   2.7803e+02
20251221_12:00:00   9.9541e-01   1.7668e+02   1.7326e+01   1.4723e-03   2.9331e-05   2.8015e+02
20251221_15:00:00   1.0202e+00   1.7902e+02   1.7822e+01   7.1659e-04   5.7221e-04   2.8427e+02
20251221_18:00:00   1.0611e+00   1.8293e+02   1.8527e+01   1.9177e-03   7.4785e-04   2.8590e+02
20251221_21:00:00   1.1341e+00   1.8952e+02   1.9735e+01   7.0092e-04   2.7523e-02   2.8054e+02
20251222_00:00:00   1.1986e+00   1.9461e+02   2.0348e+01   4.3197e-03   4.5278e-02   2.7327e+02
20251222_03:00:00   1.2701e+00   1.9956e+02   1.9570e+01   4.5800e-02   6.3243e-02   2.7595e+02
20251222_06:00:00   1.0810e+00   1.8291e+02   1.8157e+01   4.0044e-03   8.3099e-02   2.7898e+02
20251222_09:00:00   9.5302e-01   1.7062e+02   1.5791e+01   8.7481e-05   7.6869e-03   2.8494e+02
20251222_12:00:00   9.1356e-01   1.6600e+02   1.5208e+01   3.8571e-04   2.6085e-02   2.9158e+02
20251222_15:00:00   8.5104e-01   1.5895e+02   1.3993e+01   1.3077e-03   1.5644e-02   2.9941e+02
20251222_18:00:00   7.7415e-01   1.4994e+02   1.2848e+01   1.9226e-03   2.3633e-02   3.1107e+02
20251222_21:00:00   6.3170e-01   1.3111e+02   1.0766e+01   1.4526e-03   5.4256e-03   3.0503e+02
20251223_00:00:00   7.5693e-01   1.4739e+02   1.2516e+01   7.2033e-04   1.6967e-01   3.1012e+02
20251223_03:00:00   5.6996e-01   1.2190e+02   9.1083e+00   1.4910e-03   2.8836e-03   3.0881e+02
20251223_06:00:00   3.6805e-01   8.7498e+01   5.9598e+00   3.7500e-05   3.4657e-03   3.1867e+02
20251223_09:00:00   2.8633e-01   7.0573e+01   4.8894e+00   4.4497e-05   7.6423e-03   3.2196e+02
20251223_12:00:00   2.2433e-01   5.7468e+01   3.7775e+00   4.4060e-05   1.6252e-03   3.2157e+02
20251223_15:00:00   1.5980e-01   4.3306e+01   2.6303e+00   0.0000e+00   8.2662e-04   3.2367e+02
20251223_18:00:00   1.1351e-01   3.2857e+01   1.7782e+00   0.0000e+00   3.2440e-05   3.2500e+02
20251223_21:00:00   1.2012e-01   3.4639e+01   1.8610e+00   0.0000e+00   1.6196e-07   3.2143e+02
20251224_00:00:00   1.6293e-01   4.4569e+01   2.6258e+00   0.0000e+00   6.4780e-08   3.2458e+02
20251224_03:00:00   2.1793e-01   5.6366e+01   3.4651e+00   1.7250e-05   6.4780e-07   3.2667e+02
20251224_06:00:00   2.2881e-01   5.8208e+01   3.6213e+00   1.2958e-06   6.4780e-08   3.3535e+02
20251224_09:00:00   2.7331e-01   6.7215e+01   4.1660e+00   0.0000e+00   0.0000e+00   3.3358e+02
20251224_12:00:00   2.4100e-01   6.0639e+01   3.6235e+00   0.0000e+00   0.0000e+00   3.3352e+02
20251224_15:00:00   2.1494e-01   5.5147e+01   3.2094e+00   0.0000e+00   0.0000e+00   3.5225e+02
20251224_18:00:00   1.9388e-01   5.0873e+01   2.9047e+00   0.0000e+00   0.0000e+00   3.5402e+02
20251224_21:00:00   1.7200e-01   4.6280e+01   2.6007e+00   0.0000e+00   0.0000e+00   3.5291e+02
20251225_00:00:00   1.9677e-01   5.1682e+01   3.0682e+00   0.0000e+00   2.7980e-05   3.4273e+02
20251225_03:00:00   2.1231e-01   5.4993e+01   3.3679e+00   0.0000e+00   4.6621e-03   3.4036e+02
20251225_06:00:00   2.8752e-01   6.9505e+01   5.1416e+00   0.0000e+00   2.5040e-03   3.3630e+02
20251225_09:00:00   3.8801e-01   8.7973e+01   7.0536e+00   0.0000e+00   2.3894e-02   3.2957e+02
20251225_12:00:00   4.7407e-01   1.0271e+02   8.7442e+00   0.0000e+00   4.3928e-02   3.2666e+02
