#            date       tau255        Tb[K]      pwv[mm] lwp[kg*m^-2] iwp[kg*m^-2]       o3[DU]
20251211_06:00:00   5.1779e-01   1.1675e+02   9.4210e+00   0.0000e+00   0.0000e+00   2.8804e+02
20251211_07:00:00   5.1320e-01   1.1604e+02   9.3328e+00   0.0000e+00   0.0000e+00   2.8714e+02
20251211_08:00:00   5.1500e-01   1.1632e+02   9.3507e+00   0.0000e+00   0.0000e+00   2.8526e+02
20251211_09:00:00   5.1590e-01   1.1651e+02   9.3494e+00   0.0000e+00   0.0000e+00   2.8430e+02
20251211_10:00:00   5.1240e-01   1.1596e+02   9.2775e+00   0.0000e+00   0.0000e+00   2.8343e+02
20251211_11:00:00   5.0496e-01   1.1476e+02   9.1426e+00   0.0000e+00   0.0000e+00   2.8187e+02
20251211_12:00:00   4.8790e-01   1.1196e+02   8.8257e+00   0.0000e+00   0.0000e+00   2.8162e+02
20251211_13:00:00   4.7217e-01   1.0928e+02   8.5496e+00   0.0000e+00   0.0000e+00   2.8211e+02
20251211_14:00:00   4.5269e-01   1.0592e+02   8.1991e+00   0.0000e+00   0.0000e+00   2.8311e+02
20251211_15:00:00   4.3628e-01   1.0299e+02   7.9003e+00   0.0000e+00   0.0000e+00   2.8298e+02
20251211_16:00:00   4.2580e-01   1.0115e+02   7.6941e+00   0.0000e+00   0.0000e+00   2.8312e+02
20251211_17:00:00   4.3372e-01   1.0276e+02   7.8230e+00   0.0000e+00   0.0000e+00   2.8140e+02
20251211_18:00:00   4.4071e-01   1.0423e+02   7.9347e+00   0.0000e+00   0.0000e+00   2.7941e+02
20251211_19:00:00   4.3628e-01   1.0364e+02   7.8674e+00   0.0000e+00   0.0000e+00   2.7767e+02
20251211_20:00:00   4.3752e-01   1.0407e+02   7.8956e+00   0.0000e+00   0.0000e+00   2.7811e+02
20251211_21:00:00   4.5287e-01   1.0695e+02   8.1983e+00   0.0000e+00   0.0000e+00   2.8017e+02
20251211_22:00:00   4.7998e-01   1.1171e+02   8.7314e+00   0.0000e+00   0.0000e+00   2.8047e+02
20251211_23:00:00   4.9792e-01   1.1476e+02   9.0718e+00   0.0000e+00   0.0000e+00   2.8018e+02
20251212_00:00:00   4.8943e-01   1.1327e+02   8.9071e+00   0.0000e+00   0.0000e+00   2.7979e+02
20251212_01:00:00   4.6800e-01   1.0952e+02   8.4855e+00   0.0000e+00   0.0000e+00   2.8319e+02
20251212_02:00:00   4.5369e-01   1.0695e+02   8.1949e+00   0.0000e+00   0.0000e+00   2.8700e+02
20251212_03:00:00   4.4406e-01   1.0517e+02   8.0164e+00   0.0000e+00   0.0000e+00   2.8929e+02
20251212_04:00:00   4.3168e-01   1.0288e+02   7.7930e+00   0.0000e+00   0.0000e+00   2.8927e+02
20251212_05:00:00   4.1584e-01   9.9961e+01   7.5050e+00   0.0000e+00   0.0000e+00   2.8803e+02
20251212_06:00:00   4.0190e-01   9.7327e+01   7.2501e+00   0.0000e+00   0.0000e+00   2.9027e+02
20251212_07:00:00   3.8713e-01   9.4475e+01   6.9728e+00   0.0000e+00   0.0000e+00   2.9183e+02
20251212_08:00:00   3.7533e-01   9.2166e+01   6.7558e+00   0.0000e+00   0.0000e+00   2.9230e+02
20251212_09:00:00   3.6086e-01   8.9306e+01   6.4963e+00   0.0000e+00   0.0000e+00   2.9404e+02
20251212_10:00:00   3.4763e-01   8.6658e+01   6.2623e+00   0.0000e+00   0.0000e+00   2.9566e+02
20251212_11:00:00   3.3668e-01   8.4415e+01   6.0701e+00   0.0000e+00   0.0000e+00   2.9670e+02
20251212_12:00:00   3.2353e-01   8.1716e+01   5.8432e+00   0.0000e+00   0.0000e+00   2.9709e+02
20251212_13:00:00   3.1064e-01   7.9023e+01   5.6151e+00   0.0000e+00   0.0000e+00   2.9611e+02
20251212_14:00:00   2.9727e-01   7.6222e+01   5.3668e+00   0.0000e+00   0.0000e+00   2.9336e+02
20251212_15:00:00   2.8665e-01   7.3967e+01   5.1695e+00   0.0000e+00   0.0000e+00   2.9125e+02
20251212_16:00:00   2.8254e-01   7.3088e+01   5.0859e+00   0.0000e+00   0.0000e+00   2.8988e+02
20251212_17:00:00   2.8749e-01   7.4201e+01   5.1536e+00   0.0000e+00   0.0000e+00   2.9117e+02
20251212_18:00:00   2.9561e-01   7.6058e+01   5.2756e+00   0.0000e+00   0.0000e+00   2.9088e+02
20251212_19:00:00   2.9039e-01   7.5097e+01   5.1996e+00   0.0000e+00   0.0000e+00   2.8855e+02
20251212_20:00:00   2.8807e-01   7.4724e+01   5.1688e+00   0.0000e+00   0.0000e+00   2.8668e+02
20251212_21:00:00   2.8567e-01   7.4298e+01   5.1483e+00   0.0000e+00   0.0000e+00   2.8551e+02
20251212_22:00:00   2.8773e-01   7.4776e+01   5.1984e+00   0.0000e+00   0.0000e+00   2.8410e+02
20251212_23:00:00   2.9432e-01   7.6156e+01   5.3154e+00   0.0000e+00   0.0000e+00   2.8184e+02
20251213_00:00:00   2.9020e-01   7.5246e+01   5.2404e+00   0.0000e+00   0.0000e+00   2.8378e+02
20251213_01:00:00   2.8917e-01   7.4971e+01   5.2214e+00   0.0000e+00   0.0000e+00   2.8341e+02
20251213_02:00:00   2.9218e-01   7.5537e+01   5.2678e+00   0.0000e+00   0.0000e+00   2.8297e+02
20251213_03:00:00   2.9159e-01   7.5350e+01   5.2491e+00   0.0000e+00   0.0000e+00   2.8457e+02
20251213_04:00:00   2.9065e-01   7.5071e+01   5.2274e+00   0.0000e+00   0.0000e+00   2.8453e+02
20251213_05:00:00   2.8689e-01   7.4189e+01   5.1637e+00   0.0000e+00   0.0000e+00   2.8635e+02
20251213_06:00:00   2.8165e-01   7.3009e+01   5.0712e+00   0.0000e+00   0.0000e+00   2.8754e+02
20251213_07:00:00   2.7680e-01   7.1914e+01   4.9866e+00   0.0000e+00   0.0000e+00   2.8914e+02
20251213_08:00:00   2.7294e-01   7.1045e+01   4.9089e+00   0.0000e+00   0.0000e+00   2.8870e+02
20251213_09:00:00   2.7177e-01   7.0766e+01   4.8846e+00   0.0000e+00   0.0000e+00   2.8774e+02
20251213_10:00:00   2.7222e-01   7.0831e+01   4.8992e+00   0.0000e+00   0.0000e+00   2.8733e+02
20251213_11:00:00   2.7430e-01   7.1222e+01   4.9449e+00   0.0000e+00   0.0000e+00   2.8698e+02
20251213_12:00:00   2.7679e-01   7.1693e+01   5.0001e+00   0.0000e+00   0.0000e+00   2.8804e+02
20251213_13:00:00   2.7711e-01   7.1721e+01   5.0136e+00   0.0000e+00   0.0000e+00   2.8786e+02
20251213_14:00:00   2.7976e-01   7.2217e+01   5.0770e+00   0.0000e+00   0.0000e+00   2.8813e+02
20251213_15:00:00   2.8254e-01   7.2737e+01   5.1411e+00   0.0000e+00   0.0000e+00   2.8714e+02
20251213_16:00:00   2.8677e-01   7.3587e+01   5.2320e+00   0.0000e+00   0.0000e+00   2.8479e+02
20251213_17:00:00   2.9389e-01   7.5081e+01   5.3683e+00   0.0000e+00   0.0000e+00   2.8125e+02
20251213_18:00:00   3.0724e-01   7.7882e+01   5.6157e+00   0.0000e+00   0.0000e+00   2.7809e+02
20251213_19:00:00   3.1689e-01   7.9841e+01   5.8267e+00   0.0000e+00   1.4209e-04   2.7914e+02
20251213_20:00:00   3.2310e-01   8.1096e+01   5.9787e+00   0.0000e+00   1.2376e-03   2.7963e+02
20251213_21:00:00   3.3240e-01   8.2926e+01   6.1991e+00   0.0000e+00   4.0985e-03   2.7936e+02
20251213_22:00:00   3.4201e-01   8.4804e+01   6.4006e+00   0.0000e+00   7.5391e-03   2.7903e+02
20251213_23:00:00   3.5521e-01   8.7407e+01   6.6451e+00   0.0000e+00   5.2881e-03   2.7806e+02
20251214_00:00:00   3.6697e-01   8.9624e+01   6.8623e+00   0.0000e+00   2.5655e-03   2.7700e+02
20251214_01:00:00   3.8073e-01   9.2126e+01   7.1133e+00   0.0000e+00   1.3352e-03   2.7441e+02
20251214_02:00:00   3.9530e-01   9.4706e+01   7.3782e+00   0.0000e+00   1.0510e-03   2.7237e+02
20251214_03:00:00   4.0246e-01   9.5904e+01   7.5100e+00   0.0000e+00   1.8538e-04   2.7226e+02
20251214_04:00:00   4.0455e-01   9.6240e+01   7.5381e+00   0.0000e+00   2.0020e-06   2.7179e+02
20251214_05:00:00   4.0108e-01   9.5581e+01   7.4581e+00   0.0000e+00   0.0000e+00   2.7127e+02
20251214_06:00:00   3.8889e-01   9.3340e+01   7.2214e+00   0.0000e+00   0.0000e+00   2.7054e+02
20251214_07:00:00   3.8014e-01   9.1704e+01   7.0457e+00   0.0000e+00   0.0000e+00   2.7361e+02
20251214_08:00:00   3.6472e-01   8.8840e+01   6.7224e+00   0.0000e+00   0.0000e+00   2.7473e+02
20251214_09:00:00   3.5139e-01   8.6326e+01   6.4322e+00   0.0000e+00   0.0000e+00   2.7319e+02
20251214_10:00:00   3.3711e-01   8.3584e+01   6.1247e+00   0.0000e+00   0.0000e+00   2.7442e+02
20251214_11:00:00   3.2051e-01   8.0350e+01   5.7706e+00   0.0000e+00   0.0000e+00   2.7548e+02
20251214_12:00:00   3.0439e-01   7.7145e+01   5.4454e+00   0.0000e+00   0.0000e+00   2.7666e+02
20251214_13:00:00   2.9503e-01   7.5236e+01   5.2600e+00   0.0000e+00   0.0000e+00   2.7687e+02
20251214_14:00:00   2.8882e-01   7.3923e+01   5.1417e+00   0.0000e+00   0.0000e+00   2.7888e+02
20251214_15:00:00   2.8420e-01   7.2926e+01   5.0521e+00   0.0000e+00   0.0000e+00   2.8006e+02
20251214_16:00:00   2.8080e-01   7.2209e+01   4.9824e+00   0.0000e+00   0.0000e+00   2.7978e+02
20251214_17:00:00   2.7734e-01   7.1499e+01   4.9137e+00   0.0000e+00   0.0000e+00   2.7947e+02
20251214_18:00:00   2.7940e-01   7.2053e+01   4.9470e+00   0.0000e+00   0.0000e+00   2.8063e+02
20251214_19:00:00   2.7969e-01   7.2173e+01   4.9763e+00   0.0000e+00   0.0000e+00   2.8260e+02
20251214_20:00:00   2.8198e-01   7.2706e+01   5.0540e+00   0.0000e+00   0.0000e+00   2.8144e+02
20251214_21:00:00   2.8571e-01   7.3474e+01   5.1723e+00   0.0000e+00   0.0000e+00   2.8016e+02
20251214_22:00:00   2.9046e-01   7.4478e+01   5.2950e+00   0.0000e+00   0.0000e+00   2.7958e+02
20251214_23:00:00   2.9948e-01   7.6444e+01   5.4396e+00   0.0000e+00   0.0000e+00   2.7779e+02
20251215_00:00:00   3.0694e-01   7.7964e+01   5.5725e+00   0.0000e+00   0.0000e+00   2.7614e+02
20251215_01:00:00   3.1322e-01   7.9114e+01   5.7171e+00   0.0000e+00   0.0000e+00   2.7640e+02
20251215_02:00:00   3.1582e-01   7.9591e+01   5.7659e+00   0.0000e+00   1.8028e-04   2.7746e+02
20251215_03:00:00   3.2492e-01   8.1259e+01   5.9677e+00   0.0000e+00   2.1102e-03   2.7815e+02
20251215_04:00:00   3.2083e-01   8.0414e+01   5.8920e+00   0.0000e+00   6.1340e-06   2.7922e+02
20251215_05:00:00   3.2054e-01   8.0266e+01   5.9055e+00   0.0000e+00   0.0000e+00   2.7798e+02
20251215_06:00:00   3.1937e-01   8.0028e+01   5.8751e+00   0.0000e+00   0.0000e+00   2.7795e+02
20251215_07:00:00   3.1459e-01   7.8929e+01   5.8282e+00   0.0000e+00   0.0000e+00   2.7625e+02
20251215_08:00:00   3.0667e-01   7.7226e+01   5.7101e+00   0.0000e+00   5.0620e-06   2.7501e+02
20251215_09:00:00   2.9681e-01   7.5178e+01   5.5493e+00   0.0000e+00   0.0000e+00   2.7325e+02
20251215_10:00:00   2.9347e-01   7.4350e+01   5.5421e+00   0.0000e+00   0.0000e+00   2.7344e+02
20251215_11:00:00   2.9504e-01   7.4390e+01   5.6651e+00   0.0000e+00   1.6852e-05   2.7318e+02
20251215_12:00:00   2.9531e-01   7.4211e+01   5.7430e+00   0.0000e+00   4.4607e-04   2.7357e+02
20251215_13:00:00   3.0293e-01   7.5493e+01   5.9691e+00   0.0000e+00   4.3194e-03   2.7354e+02
20251215_14:00:00   3.1040e-01   7.6768e+01   6.1997e+00   0.0000e+00   3.8356e-04   2.7255e+02
20251215_15:00:00   3.1918e-01   7.8366e+01   6.4044e+00   0.0000e+00   0.0000e+00   2.7154e+02
20251215_16:00:00   3.1614e-01   7.7732e+01   6.3485e+00   0.0000e+00   2.0440e-06   2.7031e+02
20251215_17:00:00   3.2108e-01   7.8616e+01   6.5117e+00   0.0000e+00   6.7415e-04   2.6964e+02
20251215_18:00:00   3.2833e-01   8.0147e+01   6.6594e+00   0.0000e+00   4.4764e-04   2.6969e+02
20251215_19:00:00   3.3629e-01   8.1759e+01   6.8298e+00   0.0000e+00   0.0000e+00   2.6945e+02
20251215_20:00:00   3.4634e-01   8.3810e+01   7.0502e+00   0.0000e+00   0.0000e+00   2.6870e+02
20251215_21:00:00   3.6230e-01   8.6798e+01   7.4091e+00   0.0000e+00   0.0000e+00   2.6775e+02
20251215_22:00:00   3.8362e-01   9.0808e+01   7.8548e+00   0.0000e+00   0.0000e+00   2.6707e+02
20251215_23:00:00   3.9774e-01   9.3487e+01   8.1251e+00   0.0000e+00   1.8350e-03   2.6690e+02
20251216_00:00:00   4.1294e-01   9.6170e+01   8.4647e+00   0.0000e+00   1.2913e-02   2.6573e+02
20251216_01:00:00   4.2031e-01   9.7300e+01   8.6594e+00   0.0000e+00   1.0145e-01   2.6481e+02
20251216_02:00:00   4.2941e-01   9.8889e+01   8.8966e+00   0.0000e+00   2.2449e-02   2.6652e+02
20251216_03:00:00   4.4213e-01   1.0111e+02   9.1874e+00   0.0000e+00   1.9166e-02   2.6742e+02
20251216_04:00:00   4.4912e-01   1.0240e+02   9.2668e+00   0.0000e+00   3.8041e-02   2.6722e+02
20251216_05:00:00   4.0732e-01   9.5588e+01   8.2532e+00   0.0000e+00   0.0000e+00   2.6693e+02
20251216_06:00:00   3.9614e-01   9.3829e+01   7.9136e+00   0.0000e+00   0.0000e+00   2.6775e+02
20251216_09:00:00   3.9753e-01   9.4120e+01   7.9528e+00   0.0000e+00   1.3681e-03   2.6580e+02
20251216_12:00:00   4.0552e-01   9.5602e+01   8.1494e+00   0.0000e+00   9.6959e-03   2.6532e+02
20251216_15:00:00   4.3837e-01   1.0126e+02   8.9921e+00   0.0000e+00   4.1764e-02   2.6225e+02
20251216_18:00:00   5.4694e-01   1.1924e+02   1.1140e+01   8.1800e-07   4.2247e-02   2.5800e+02
20251216_21:00:00   6.0133e-01   1.2856e+02   1.2041e+01   0.0000e+00   1.4653e-03   2.5864e+02
20251217_00:00:00   6.6106e-01   1.3796e+02   1.3023e+01   0.0000e+00   1.7626e-04   2.5632e+02
20251217_03:00:00   5.8122e-01   1.2692e+02   1.0989e+01   0.0000e+00   1.0720e-04   2.5670e+02
20251217_06:00:00   6.0627e-01   1.3070e+02   1.1151e+01   0.0000e+00   1.7894e-03   2.5748e+02
20251217_09:00:00   6.6974e-01   1.3955e+02   1.2098e+01   0.0000e+00   4.5703e-03   2.6023e+02
20251217_12:00:00   7.1301e-01   1.4479e+02   1.3006e+01   0.0000e+00   1.2845e-02   2.6647e+02
20251217_15:00:00   7.7573e-01   1.5237e+02   1.4339e+01   0.0000e+00   2.0569e-03   2.6701e+02
20251217_18:00:00   8.8510e-01   1.6630e+02   1.6165e+01   0.0000e+00   6.4441e-03   2.6754e+02
20251217_21:00:00   7.6177e-01   1.5237e+02   1.3942e+01   1.9598e-05   2.3919e-02   2.6853e+02
20251218_00:00:00   6.0149e-01   1.3024e+02   1.0826e+01   0.0000e+00   1.1553e-02   2.6984e+02
20251218_03:00:00   4.8434e-01   1.1016e+02   8.8491e+00   6.9320e-05   4.4947e-05   2.7086e+02
20251218_06:00:00   3.5759e-01   8.6358e+01   6.8890e+00   1.0204e-05   1.9259e-03   2.7403e+02
20251218_09:00:00   3.1366e-01   7.7306e+01   6.2755e+00   0.0000e+00   0.0000e+00   2.7374e+02
20251218_12:00:00   2.7888e-01   7.0170e+01   5.6121e+00   0.0000e+00   4.4237e-04   2.7444e+02
20251218_15:00:00   3.0367e-01   7.4895e+01   6.1531e+00   0.0000e+00   0.0000e+00   2.7609e+02
20251218_18:00:00   3.7180e-01   8.8035e+01   7.4692e+00   0.0000e+00   4.6600e-04   2.8000e+02
20251218_21:00:00   4.6496e-01   1.0431e+02   9.3454e+00   0.0000e+00   4.5197e-03   2.8013e+02
20251219_00:00:00   6.0150e-01   1.2622e+02   1.1741e+01   0.0000e+00   9.6024e-04   2.7780e+02
20251219_03:00:00   8.1943e-01   1.5530e+02   1.5190e+01   0.0000e+00   1.2949e-02   2.7767e+02
20251219_06:00:00   8.4378e-01   1.5784e+02   1.5326e+01   0.0000e+00   7.2069e-03   2.7890e+02
20251219_09:00:00   7.0353e-01   1.4082e+02   1.2697e+01   2.5600e-05   6.1419e-03   2.8147e+02
20251219_12:00:00   4.7083e-01   1.0559e+02   8.6366e+00   3.6920e-05   4.6800e-04   2.8918e+02
20251219_15:00:00   2.7494e-01   7.0012e+01   4.6674e+00   1.4092e-05   1.9436e-07   2.9213e+02
20251219_18:00:00   2.1073e-01   5.6666e+01   3.5105e+00   0.0000e+00   0.0000e+00   2.9311e+02
20251219_21:00:00   2.0631e-01   5.5298e+01   3.7143e+00   0.0000e+00   5.1142e-03   2.8918e+02
20251220_00:00:00   2.3481e-01   6.1352e+01   4.3921e+00   0.0000e+00   5.2600e-05   2.8639e+02
20251220_03:00:00   2.7261e-01   6.8761e+01   5.2355e+00   0.0000e+00   0.0000e+00   2.8082e+02
20251220_06:00:00   3.7367e-01   8.8378e+01   7.1385e+00   0.0000e+00   0.0000e+00   2.7766e+02
20251220_09:00:00   4.6545e-01   1.0401e+02   9.0512e+00   0.0000e+00   2.1614e-03   2.7560e+02
20251220_12:00:00   6.0168e-01   1.2517e+02   1.1575e+01   0.0000e+00   6.6224e-02   2.7562e+02
20251220_15:00:00   8.1533e-01   1.5388e+02   1.5064e+01   0.0000e+00   2.8200e-01   2.7804e+02
20251220_18:00:00   1.0295e+00   1.7778e+02   1.8046e+01   2.9756e-03   1.4020e-01   2.7942e+02
20251220_21:00:00   1.1301e+00   1.8834e+02   1.8359e+01   1.9439e-02   1.5836e-02   2.8094e+02
20251221_00:00:00   9.6788e-01   1.7395e+02   1.5790e+01   6.1019e-03   3.8441e-03   2.8414e+02
20251221_03:00:00   8.7341e-01   1.6375e+02   1.4666e+01   2.4574e-03   2.4290e-03   2.8456e+02
20251221_06:00:00   8.0366e-01   1.5500e+02   1.4012e+01   4.4940e-05   4.8217e-03   2.8975e+02
20251221_09:00:00   7.7254e-01   1.5073e+02   1.3532e+01   3.6040e-05   1.2437e-03   2.9388e+02
20251221_12:00:00   6.9379e-01   1.4052e+02   1.2284e+01   5.7420e-05   3.3941e-04   2.9953e+02
20251221_15:00:00   7.2404e-01   1.4375e+02   1.2959e+01   1.8464e-05   1.0440e-01   3.0139e+02
20251221_18:00:00   7.5108e-01   1.4746e+02   1.3541e+01   0.0000e+00   2.1344e-03   3.0060e+02
20251221_21:00:00   7.8490e-01   1.5204e+02   1.4291e+01   0.0000e+00   7.1346e-03   2.9583e+02
20251222_00:00:00   8.8623e-01   1.6386e+02   1.5711e+01   1.8627e-06   7.4249e-03   2.9524e+02
20251222_03:00:00   1.0134e+00   1.7615e+02   1.7172e+01   5.1585e-05   1.9069e-01   3.0267e+02
20251222_06:00:00   8.7069e-01   1.6202e+02   1.4354e+01   2.1708e-04   2.7813e-03   3.1044e+02
20251222_09:00:00   8.3397e-01   1.5710e+02   1.4097e+01   3.1255e-03   9.2525e-03   3.1049e+02
20251222_12:00:00   9.8055e-01   1.7209e+02   1.6191e+01   2.5567e-03   1.7637e-01   3.1078e+02
20251222_15:00:00   1.2637e+00   1.9679e+02   1.7205e+01   7.6820e-02   4.8208e-01   3.1962e+02
20251222_18:00:00   1.3457e+00   2.0273e+02   1.6461e+01   1.2605e-01   6.8117e-01   3.2341e+02
20251222_21:00:00   8.3762e-01   1.5682e+02   9.8146e+00   8.6842e-02   3.2595e-02   3.2489e+02
20251223_00:00:00   3.7221e-01   8.7273e+01   5.9776e+00   4.2120e-06   2.5674e-03   3.3386e+02
20251223_03:00:00   2.9288e-01   7.1899e+01   4.5106e+00   0.0000e+00   2.9029e-04   3.3269e+02
20251223_06:00:00   2.4462e-01   6.2037e+01   3.6692e+00   3.4020e-06   6.4780e-07   3.2617e+02
20251223_09:00:00   2.2042e-01   5.6636e+01   3.2907e+00   2.1060e-06   1.2050e-05   3.4026e+02
20251223_12:00:00   2.3429e-01   5.9114e+01   3.5398e+00   2.7540e-06   3.6920e-06   3.4506e+02
20251223_15:00:00   2.6384e-01   6.4690e+01   4.0653e+00   0.0000e+00   9.0698e-07   3.5362e+02
20251223_18:00:00   2.7417e-01   6.6864e+01   4.2396e+00   8.0980e-08   3.6280e-06   3.4287e+02
20251223_21:00:00   2.9412e-01   7.1016e+01   4.5554e+00   0.0000e+00   5.9638e-04   3.3240e+02
20251224_00:00:00   2.8611e-01   6.9638e+01   4.4271e+00   0.0000e+00   3.5917e-04   3.4237e+02
20251224_03:00:00   2.8125e-01   6.8371e+01   4.3702e+00   0.0000e+00   6.4780e-08   3.4630e+02
20251224_06:00:00   2.5225e-01   6.2675e+01   3.8857e+00   0.0000e+00   0.0000e+00   3.4197e+02
20251224_09:00:00   2.3494e-01   5.9137e+01   3.6330e+00   0.0000e+00   2.0216e-03   3.4277e+02
20251224_12:00:00   2.4751e-01   6.1593e+01   3.9249e+00   0.0000e+00   1.0583e-04   3.5506e+02
20251224_15:00:00   2.9042e-01   7.0189e+01   4.6215e+00   0.0000e+00   4.4819e-04   3.5593e+02
20251224_18:00:00   3.3393e-01   7.8993e+01   5.3233e+00   0.0000e+00   1.4284e-03   3.6349e+02
20251224_21:00:00   3.5916e-01   8.4263e+01   5.7658e+00   0.0000e+00   1.2846e-03   3.5645e+02
20251225_00:00:00   3.4650e-01   8.2036e+01   5.4683e+00   0.0000e+00   1.9720e-03   3.6678e+02
20251225_03:00:00   3.8955e-01   8.8982e+01   6.1071e+00   2.3600e-04   1.5057e-02   3.8288e+02
20251225_06:00:00   3.9816e-01   9.0064e+01   6.1248e+00   4.0500e-07   7.3059e-02   4.0373e+02
20251225_09:00:00   3.7997e-01   8.6785e+01   5.6712e+00   0.0000e+00   6.3677e-03   3.9773e+02
20251225_12:00:00   2.6700e-01   6.5585e+01   3.9077e+00   0.0000e+00   1.4724e-05   3.8139e+02
20251225_15:00:00   2.3211e-01   5.8580e+01   3.3647e+00   0.0000e+00   0.0000e+00   3.7133e+02
20251225_18:00:00   2.1339e-01   5.4952e+01   3.2102e+00   0.0000e+00   0.0000e+00   3.6116e+02
20251225_21:00:00   2.4059e-01   6.0742e+01   3.9598e+00   0.0000e+00   1.6514e-03   3.5025e+02
20251226_00:00:00   3.2568e-01   7.7536e+01   5.5646e+00   9.0700e-06   1.0353e-03   3.3947e+02
20251226_03:00:00   3.8421e-01   8.7998e+01   6.9016e+00   0.0000e+00   1.1499e-02   3.4412e+02
20251226_06:00:00   4.7342e-01   1.0286e+02   8.7125e+00   0.0000e+00   8.3961e-02   3.4239e+02
20251226_09:00:00   4.7995e-01   1.0436e+02   8.9017e+00   0.0000e+00   1.6322e-02   3.4654e+02
20251226_12:00:00   4.9691e-01   1.0750e+02   9.1898e+00   0.0000e+00   1.1112e-03   3.4248e+02
20251226_15:00:00   5.3447e-01   1.1409e+02   9.8095e+00   0.0000e+00   7.5554e-03   3.3303e+02
20251226_18:00:00   6.0906e-01   1.2585e+02   1.1141e+01   0.0000e+00   5.5580e-03   3.3073e+02
20251226_21:00:00   7.4105e-01   1.4447e+02   1.3253e+01   9.3040e-05   7.6609e-03   3.1878e+02
20251227_00:00:00   8.0061e-01   1.5209e+02   1.4298e+01   0.0000e+00   1.7320e-02   3.1251e+02
20251227_03:00:00   7.9902e-01   1.5206e+02   1.4370e+01   0.0000e+00   3.2189e-02   3.0187e+02
20251227_06:00:00   8.1074e-01   1.5375e+02   1.4622e+01   0.0000e+00   2.0266e-02   2.9951e+02
