#            date       tau255        Tb[K]      pwv[mm] lwp[kg*m^-2] iwp[kg*m^-2]       o3[DU]
20251205_00:00:00   5.2845e-01   1.1395e+02   1.0122e+01   0.0000e+00   4.7210e-03   2.9069e+02
20251205_01:00:00   5.3399e-01   1.1511e+02   1.0147e+01   0.0000e+00   1.6443e-03   2.8992e+02
20251205_02:00:00   5.2898e-01   1.1460e+02   9.9501e+00   0.0000e+00   0.0000e+00   2.9099e+02
20251205_03:00:00   5.3904e-01   1.1625e+02   1.0076e+01   0.0000e+00   9.0861e-05   2.9078e+02
20251205_04:00:00   5.6237e-01   1.1991e+02   1.0486e+01   0.0000e+00   5.9559e-04   2.9071e+02
20251205_05:00:00   5.9635e-01   1.2503e+02   1.1017e+01   0.0000e+00   1.3630e-04   2.8728e+02
20251205_06:00:00   5.9793e-01   1.2560e+02   1.0956e+01   0.0000e+00   0.0000e+00   2.8713e+02
20251205_07:00:00   6.5021e-01   1.3317e+02   1.1808e+01   0.0000e+00   0.0000e+00   2.8534e+02
20251205_08:00:00   6.9011e-01   1.3885e+02   1.2378e+01   0.0000e+00   0.0000e+00   2.8411e+02
20251205_09:00:00   7.1084e-01   1.4191e+02   1.2584e+01   0.0000e+00   0.0000e+00   2.8253e+02
20251205_10:00:00   7.3447e-01   1.4527e+02   1.2898e+01   0.0000e+00   0.0000e+00   2.8144e+02
20251205_11:00:00   7.4716e-01   1.4717e+02   1.3015e+01   0.0000e+00   0.0000e+00   2.8330e+02
20251205_12:00:00   7.6706e-01   1.4972e+02   1.3262e+01   0.0000e+00   0.0000e+00   2.8422e+02
20251205_13:00:00   7.4917e-01   1.4760e+02   1.2874e+01   0.0000e+00   0.0000e+00   2.8624e+02
20251205_14:00:00   7.5168e-01   1.4799e+02   1.2854e+01   0.0000e+00   0.0000e+00   2.8483e+02
20251205_15:00:00   7.4021e-01   1.4659e+02   1.2642e+01   0.0000e+00   0.0000e+00   2.8400e+02
20251205_16:00:00   7.3527e-01   1.4611e+02   1.2550e+01   0.0000e+00   0.0000e+00   2.8191e+02
20251205_17:00:00   7.5932e-01   1.4946e+02   1.3012e+01   0.0000e+00   0.0000e+00   2.8149e+02
20251205_18:00:00   7.3440e-01   1.4675e+02   1.2637e+01   0.0000e+00   1.9822e-04   2.7826e+02
20251205_19:00:00   7.3196e-01   1.4677e+02   1.2604e+01   0.0000e+00   7.1414e-05   2.7822e+02
20251205_20:00:00   7.2557e-01   1.4611e+02   1.2640e+01   0.0000e+00   1.6285e-04   2.7837e+02
20251205_21:00:00   7.1671e-01   1.4507e+02   1.2641e+01   0.0000e+00   0.0000e+00   2.7758e+02
20251205_22:00:00   7.0786e-01   1.4399e+02   1.2593e+01   0.0000e+00   0.0000e+00   2.7831e+02
20251205_23:00:00   6.7097e-01   1.3900e+02   1.2067e+01   0.0000e+00   0.0000e+00   2.7689e+02
20251206_00:00:00   6.5790e-01   1.3706e+02   1.1919e+01   0.0000e+00   0.0000e+00   2.7608e+02
20251206_01:00:00   6.5474e-01   1.3632e+02   1.1975e+01   0.0000e+00   0.0000e+00   2.7680e+02
20251206_02:00:00   6.5835e-01   1.3655e+02   1.2186e+01   0.0000e+00   2.8481e-04   2.7582e+02
20251206_03:00:00   6.4320e-01   1.3439e+02   1.1932e+01   0.0000e+00   1.6922e-04   2.7603e+02
20251206_04:00:00   6.0448e-01   1.2908e+02   1.1060e+01   0.0000e+00   0.0000e+00   2.7755e+02
20251206_05:00:00   5.6361e-01   1.2308e+02   1.0226e+01   0.0000e+00   0.0000e+00   2.7810e+02
20251206_06:00:00   5.3285e-01   1.1830e+02   9.6448e+00   0.0000e+00   0.0000e+00   2.7966e+02
20251206_07:00:00   5.2132e-01   1.1640e+02   9.4422e+00   0.0000e+00   0.0000e+00   2.8073e+02
20251206_08:00:00   5.0832e-01   1.1429e+02   9.2228e+00   0.0000e+00   0.0000e+00   2.8159e+02
20251206_09:00:00   5.1398e-01   1.1519e+02   9.3479e+00   0.0000e+00   0.0000e+00   2.8192e+02
20251206_10:00:00   5.2530e-01   1.1694e+02   9.5865e+00   0.0000e+00   0.0000e+00   2.8106e+02
20251206_11:00:00   5.2084e-01   1.1629e+02   9.4648e+00   0.0000e+00   0.0000e+00   2.8039e+02
20251206_12:00:00   5.1108e-01   1.1464e+02   9.2901e+00   0.0000e+00   0.0000e+00   2.8007e+02
20251206_13:00:00   5.0402e-01   1.1332e+02   9.2389e+00   0.0000e+00   0.0000e+00   2.7943e+02
20251206_14:00:00   5.1373e-01   1.1471e+02   9.4776e+00   0.0000e+00   0.0000e+00   2.7878e+02
20251206_15:00:00   5.1743e-01   1.1517e+02   9.5599e+00   0.0000e+00   0.0000e+00   2.7866e+02
20251206_16:00:00   5.3073e-01   1.1719e+02   9.8339e+00   0.0000e+00   0.0000e+00   2.7636e+02
20251206_17:00:00   5.5974e-01   1.2175e+02   1.0391e+01   0.0000e+00   0.0000e+00   2.7645e+02
20251206_18:00:00   5.9179e-01   1.2671e+02   1.1046e+01   0.0000e+00   8.4260e-06   2.7361e+02
20251206_19:00:00   6.1103e-01   1.2976e+02   1.1463e+01   0.0000e+00   1.1588e-04   2.7238e+02
20251206_20:00:00   6.3095e-01   1.3274e+02   1.1835e+01   0.0000e+00   6.6740e-07   2.7185e+02
20251206_21:00:00   6.4209e-01   1.3441e+02   1.2088e+01   0.0000e+00   0.0000e+00   2.7373e+02
20251206_22:00:00   6.4858e-01   1.3546e+02   1.2213e+01   0.0000e+00   0.0000e+00   2.7552e+02
20251206_23:00:00   6.6670e-01   1.3816e+02   1.2560e+01   0.0000e+00   0.0000e+00   2.7625e+02
20251207_00:00:00   6.8692e-01   1.4102e+02   1.2861e+01   0.0000e+00   0.0000e+00   2.7848e+02
20251207_01:00:00   7.0222e-01   1.4312e+02   1.3047e+01   0.0000e+00   0.0000e+00   2.7711e+02
20251207_02:00:00   7.0183e-01   1.4323e+02   1.2867e+01   0.0000e+00   0.0000e+00   2.7479e+02
20251207_03:00:00   6.9287e-01   1.4211e+02   1.2620e+01   0.0000e+00   0.0000e+00   2.7597e+02
20251207_04:00:00   6.8531e-01   1.4114e+02   1.2382e+01   0.0000e+00   0.0000e+00   2.7642e+02
20251207_05:00:00   7.0484e-01   1.4360e+02   1.2764e+01   0.0000e+00   0.0000e+00   2.7550e+02
20251207_06:00:00   7.0857e-01   1.4414e+02   1.2757e+01   0.0000e+00   0.0000e+00   2.7415e+02
20251207_07:00:00   6.9757e-01   1.4269e+02   1.2466e+01   0.0000e+00   0.0000e+00   2.7411e+02
20251207_08:00:00   6.9972e-01   1.4286e+02   1.2495e+01   0.0000e+00   0.0000e+00   2.7327e+02
20251207_09:00:00   6.7895e-01   1.4004e+02   1.2077e+01   0.0000e+00   3.6719e-06   2.7422e+02
20251207_10:00:00   6.7157e-01   1.3896e+02   1.1943e+01   0.0000e+00   5.3938e-04   2.7520e+02
20251207_11:00:00   6.5103e-01   1.3613e+02   1.1538e+01   0.0000e+00   5.1063e-04   2.7784e+02
20251207_12:00:00   6.3501e-01   1.3389e+02   1.1182e+01   0.0000e+00   1.1311e-03   2.7878e+02
20251207_13:00:00   6.2413e-01   1.3233e+02   1.0953e+01   0.0000e+00   7.6152e-04   2.8010e+02
20251207_14:00:00   6.1800e-01   1.3139e+02   1.0846e+01   0.0000e+00   1.7923e-03   2.8182e+02
20251207_15:00:00   6.1062e-01   1.3027e+02   1.0691e+01   0.0000e+00   2.3476e-03   2.8052e+02
20251207_16:00:00   5.9712e-01   1.2827e+02   1.0422e+01   0.0000e+00   3.8208e-03   2.8194e+02
20251207_17:00:00   5.8415e-01   1.2642e+02   1.0163e+01   0.0000e+00   7.4583e-04   2.8154e+02
20251207_18:00:00   5.7317e-01   1.2503e+02   9.9399e+00   0.0000e+00   6.0060e-05   2.8267e+02
20251207_19:00:00   5.6579e-01   1.2401e+02   9.8891e+00   0.0000e+00   7.3540e-05   2.8342e+02
20251207_20:00:00   5.5879e-01   1.2304e+02   9.8582e+00   0.0000e+00   4.1880e-05   2.8256e+02
20251207_21:00:00   5.6341e-01   1.2385e+02   1.0006e+01   0.0000e+00   1.5015e-04   2.8210e+02
20251207_22:00:00   5.7998e-01   1.2649e+02   1.0334e+01   0.0000e+00   2.5580e-04   2.8207e+02
20251207_23:00:00   5.9782e-01   1.2930e+02   1.0614e+01   0.0000e+00   5.1488e-04   2.8258e+02
20251208_00:00:00   6.2204e-01   1.3291e+02   1.0924e+01   0.0000e+00   1.9444e-04   2.8304e+02
20251208_01:00:00   6.4407e-01   1.3592e+02   1.1176e+01   0.0000e+00   2.5255e-04   2.8279e+02
20251208_02:00:00   6.3575e-01   1.3449e+02   1.0977e+01   0.0000e+00   2.0601e-04   2.8171e+02
20251208_03:00:00   6.0608e-01   1.3012e+02   1.0398e+01   0.0000e+00   4.6235e-04   2.8697e+02
20251208_04:00:00   6.0054e-01   1.2915e+02   1.0347e+01   0.0000e+00   5.3801e-05   2.8971e+02
20251208_05:00:00   6.0844e-01   1.2996e+02   1.0650e+01   0.0000e+00   0.0000e+00   2.8954e+02
20251208_06:00:00   5.9777e-01   1.2826e+02   1.0494e+01   0.0000e+00   0.0000e+00   2.8962e+02
20251208_07:00:00   5.7279e-01   1.2448e+02   1.0035e+01   0.0000e+00   0.0000e+00   2.8998e+02
20251208_08:00:00   5.4223e-01   1.1992e+02   9.3774e+00   0.0000e+00   0.0000e+00   2.9097e+02
20251208_09:00:00   5.3095e-01   1.1816e+02   9.1322e+00   0.0000e+00   0.0000e+00   2.9029e+02
20251208_10:00:00   5.2675e-01   1.1738e+02   9.0918e+00   0.0000e+00   0.0000e+00   2.9093e+02
20251208_11:00:00   5.4088e-01   1.1951e+02   9.3340e+00   0.0000e+00   0.0000e+00   2.9107e+02
20251208_12:00:00   5.3276e-01   1.1810e+02   9.2294e+00   0.0000e+00   0.0000e+00   2.9136e+02
20251208_13:00:00   5.1875e-01   1.1576e+02   9.0096e+00   0.0000e+00   0.0000e+00   2.9278e+02
20251208_14:00:00   5.0046e-01   1.1269e+02   8.7362e+00   0.0000e+00   0.0000e+00   2.9239e+02
20251208_15:00:00   4.9690e-01   1.1196e+02   8.7706e+00   0.0000e+00   0.0000e+00   2.9576e+02
20251208_16:00:00   4.8289e-01   1.0963e+02   8.5762e+00   0.0000e+00   0.0000e+00   2.9461e+02
20251208_17:00:00   4.9148e-01   1.1115e+02   8.7440e+00   0.0000e+00   0.0000e+00   2.9403e+02
20251208_18:00:00   4.9630e-01   1.1218e+02   8.7945e+00   0.0000e+00   0.0000e+00   2.9446e+02
20251208_19:00:00   5.0037e-01   1.1299e+02   8.9332e+00   0.0000e+00   9.4480e-06   2.9520e+02
20251208_20:00:00   5.0214e-01   1.1334e+02   9.0814e+00   0.0000e+00   0.0000e+00   2.9341e+02
20251208_21:00:00   5.0731e-01   1.1416e+02   9.3339e+00   0.0000e+00   1.6852e-05   2.9380e+02
20251208_22:00:00   5.0924e-01   1.1446e+02   9.4566e+00   0.0000e+00   9.0940e-06   2.9132e+02
20251208_23:00:00   5.2242e-01   1.1667e+02   9.7135e+00   0.0000e+00   0.0000e+00   2.9070e+02
20251209_00:00:00   5.3597e-01   1.1885e+02   9.9588e+00   0.0000e+00   0.0000e+00   2.8757e+02
20251209_01:00:00   5.5507e-01   1.2176e+02   1.0344e+01   0.0000e+00   0.0000e+00   2.8682e+02
20251209_02:00:00   5.5909e-01   1.2240e+02   1.0435e+01   0.0000e+00   6.8440e-05   2.8745e+02
20251209_03:00:00   5.6084e-01   1.2267e+02   1.0482e+01   0.0000e+00   7.7280e-05   2.8714e+02
20251209_04:00:00   5.5667e-01   1.2214e+02   1.0367e+01   0.0000e+00   1.2484e-04   2.8862e+02
20251209_05:00:00   5.6537e-01   1.2340e+02   1.0570e+01   0.0000e+00   9.9420e-05   2.8625e+02
20251209_06:00:00   5.7928e-01   1.2541e+02   1.0924e+01   0.0000e+00   1.0692e-04   2.8717e+02
20251209_07:00:00   5.8216e-01   1.2577e+02   1.1033e+01   0.0000e+00   8.0080e-05   2.8758e+02
20251209_08:00:00   5.6987e-01   1.2390e+02   1.0824e+01   0.0000e+00   4.1382e-05   2.8883e+02
20251209_09:00:00   5.5905e-01   1.2216e+02   1.0698e+01   0.0000e+00   9.5300e-06   2.8782e+02
20251209_10:00:00   5.4686e-01   1.2029e+02   1.0534e+01   0.0000e+00   5.4741e-04   2.8752e+02
20251209_11:00:00   5.3614e-01   1.1858e+02   1.0322e+01   0.0000e+00   4.6904e-03   2.8498e+02
20251209_12:00:00   5.4799e-01   1.2021e+02   1.0641e+01   0.0000e+00   4.1534e-03   2.8497e+02
20251209_13:00:00   5.4373e-01   1.1953e+02   1.0559e+01   0.0000e+00   4.2303e-04   2.8242e+02
20251209_14:00:00   5.2919e-01   1.1722e+02   1.0246e+01   0.0000e+00   4.8600e-07   2.8028e+02
20251209_15:00:00   5.1400e-01   1.1470e+02   9.9862e+00   0.0000e+00   8.3098e-04   2.8007e+02
20251209_16:00:00   5.0513e-01   1.1324e+02   9.7920e+00   0.0000e+00   2.4411e-03   2.7893e+02
20251209_17:00:00   5.0792e-01   1.1384e+02   9.7895e+00   0.0000e+00   9.3999e-03   2.8281e+02
20251209_18:00:00   5.1856e-01   1.1570e+02   1.0049e+01   0.0000e+00   1.5320e-02   2.8143e+02
20251209_19:00:00   5.3277e-01   1.1810e+02   1.0419e+01   0.0000e+00   4.5572e-03   2.8592e+02
20251209_20:00:00   5.5422e-01   1.2155e+02   1.0876e+01   0.0000e+00   1.3980e-02   2.9161e+02
20251209_21:00:00   5.6967e-01   1.2402e+02   1.1180e+01   0.0000e+00   1.0936e-02   2.9610e+02
20251209_22:00:00   5.7562e-01   1.2509e+02   1.1288e+01   0.0000e+00   1.2174e-02   2.9919e+02
20251209_23:00:00   5.8567e-01   1.2672e+02   1.1463e+01   0.0000e+00   3.2832e-03   2.9998e+02
20251210_00:00:00   6.0463e-01   1.2956e+02   1.1815e+01   0.0000e+00   2.5336e-03   2.9968e+02
20251210_03:00:00   6.1348e-01   1.3105e+02   1.1807e+01   0.0000e+00   1.7273e-03   2.9518e+02
20251210_06:00:00   6.5372e-01   1.3672e+02   1.2695e+01   0.0000e+00   1.0844e-04   2.8955e+02
20251210_09:00:00   5.9788e-01   1.2903e+02   1.1493e+01   0.0000e+00   7.0711e-04   2.8780e+02
20251210_12:00:00   5.5062e-01   1.2199e+02   1.0449e+01   0.0000e+00   2.2903e-02   2.8471e+02
20251210_15:00:00   5.0255e-01   1.1452e+02   9.3660e+00   0.0000e+00   2.4220e-04   2.8501e+02
20251210_18:00:00   4.8690e-01   1.1233e+02   8.9497e+00   0.0000e+00   7.0460e-05   2.8390e+02
20251210_21:00:00   4.6177e-01   1.0871e+02   8.4188e+00   0.0000e+00   3.3499e-04   2.8345e+02
20251211_00:00:00   4.6210e-01   1.0890e+02   8.3737e+00   0.0000e+00   4.7190e-03   2.8049e+02
20251211_03:00:00   4.1065e-01   9.9450e+01   7.4072e+00   0.0000e+00   2.2780e-05   2.7868e+02
20251211_06:00:00   3.6519e-01   9.0410e+01   6.7109e+00   0.0000e+00   1.5386e-05   2.7790e+02
20251211_09:00:00   3.3054e-01   8.3183e+01   6.0879e+00   0.0000e+00   0.0000e+00   2.7850e+02
20251211_12:00:00   3.0166e-01   7.7011e+01   5.5562e+00   0.0000e+00   0.0000e+00   2.7849e+02
20251211_15:00:00   2.9885e-01   7.6188e+01   5.4703e+00   0.0000e+00   0.0000e+00   2.7753e+02
20251211_18:00:00   3.3879e-01   8.4427e+01   6.1477e+00   0.0000e+00   0.0000e+00   2.8110e+02
20251211_21:00:00   3.4537e-01   8.6117e+01   6.3023e+00   0.0000e+00   0.0000e+00   2.8357e+02
20251212_00:00:00   3.6863e-01   9.0738e+01   6.6743e+00   0.0000e+00   0.0000e+00   2.8522e+02
20251212_03:00:00   3.7943e-01   9.2579e+01   6.8549e+00   0.0000e+00   0.0000e+00   2.8533e+02
20251212_06:00:00   3.6268e-01   8.9251e+01   6.4817e+00   0.0000e+00   0.0000e+00   2.8493e+02
20251212_09:00:00   3.6564e-01   8.9711e+01   6.5111e+00   0.0000e+00   0.0000e+00   2.8193e+02
20251212_12:00:00   3.4611e-01   8.5824e+01   6.1462e+00   0.0000e+00   1.7206e-04   2.8086e+02
20251212_15:00:00   3.2123e-01   8.0891e+01   5.6852e+00   0.0000e+00   1.6588e-06   2.8427e+02
20251212_18:00:00   3.2364e-01   8.1424e+01   5.7564e+00   0.0000e+00   0.0000e+00   2.8609e+02
20251212_21:00:00   3.2327e-01   8.1535e+01   5.8725e+00   0.0000e+00   0.0000e+00   2.8395e+02
20251213_00:00:00   3.6332e-01   8.9508e+01   6.6259e+00   0.0000e+00   2.6919e-06   2.7587e+02
20251213_03:00:00   4.0102e-01   9.6578e+01   7.0929e+00   0.0000e+00   4.7640e-05   2.7218e+02
20251213_06:00:00   3.8725e-01   9.3711e+01   6.8833e+00   0.0000e+00   7.3500e-04   2.7206e+02
20251213_09:00:00   3.3043e-01   8.2585e+01   5.8595e+00   0.0000e+00   0.0000e+00   2.7603e+02
20251213_12:00:00   2.9548e-01   7.5192e+01   5.3213e+00   0.0000e+00   0.0000e+00   2.7411e+02
20251213_15:00:00   2.6897e-01   6.9647e+01   4.8360e+00   0.0000e+00   0.0000e+00   2.7121e+02
20251213_18:00:00   2.7586e-01   7.1226e+01   4.9895e+00   0.0000e+00   0.0000e+00   2.6982e+02
20251213_21:00:00   2.6636e-01   6.9382e+01   4.9292e+00   0.0000e+00   1.2146e-03   2.6916e+02
20251214_00:00:00   3.2954e-01   8.2366e+01   6.1013e+00   0.0000e+00   7.5035e-04   2.7108e+02
20251214_03:00:00   3.5579e-01   8.7397e+01   6.4084e+00   0.0000e+00   8.4314e-03   2.7085e+02
20251214_06:00:00   3.4492e-01   8.4793e+01   6.3884e+00   0.0000e+00   1.7672e-03   2.7049e+02
20251214_09:00:00   3.4841e-01   8.4860e+01   6.6454e+00   0.0000e+00   6.4990e-03   2.6867e+02
20251214_12:00:00   3.3183e-01   8.1454e+01   6.3701e+00   0.0000e+00   2.3601e-03   2.6526e+02
20251214_15:00:00   3.2346e-01   7.9716e+01   6.2376e+00   0.0000e+00   1.9919e-03   2.6437e+02
20251214_18:00:00   3.5208e-01   8.5252e+01   6.8175e+00   0.0000e+00   6.5570e-03   2.6291e+02
20251214_21:00:00   3.6184e-01   8.7302e+01   7.0839e+00   0.0000e+00   4.5623e-03   2.5987e+02
20251215_00:00:00   4.0088e-01   9.4862e+01   7.7987e+00   0.0000e+00   4.7775e-03   2.5872e+02
20251215_03:00:00   4.3528e-01   1.0122e+02   8.3063e+00   0.0000e+00   9.2140e-05   2.5792e+02
20251215_06:00:00   4.1913e-01   9.8077e+01   8.0602e+00   0.0000e+00   2.8320e-06   2.5965e+02
20251215_09:00:00   3.7786e-01   9.0487e+01   7.3141e+00   0.0000e+00   6.9760e-05   2.6069e+02
20251215_12:00:00   3.4840e-01   8.4910e+01   6.7264e+00   0.0000e+00   5.2540e-04   2.6244e+02
20251215_15:00:00   3.3240e-01   8.1712e+01   6.4395e+00   0.0000e+00   2.0100e-04   2.6601e+02
20251215_18:00:00   3.1474e-01   7.8570e+01   6.0255e+00   0.0000e+00   2.3220e-04   2.7155e+02
20251215_21:00:00   3.0468e-01   7.7048e+01   5.8306e+00   0.0000e+00   1.0406e-04   2.6870e+02
20251216_00:00:00   3.1246e-01   7.8818e+01   5.9180e+00   0.0000e+00   2.4064e-03   2.6532e+02
20251216_03:00:00   2.9806e-01   7.5931e+01   5.6155e+00   0.0000e+00   3.3060e-04   2.6646e+02
20251216_06:00:00   2.9029e-01   7.4262e+01   5.4545e+00   0.0000e+00   0.0000e+00   2.6478e+02
20251216_09:00:00   2.6719e-01   6.9261e+01   5.1014e+00   0.0000e+00   0.0000e+00   2.6611e+02
20251216_12:00:00   2.7327e-01   7.0199e+01   5.3317e+00   0.0000e+00   4.4021e-03   2.7009e+02
20251216_15:00:00   3.2389e-01   8.0304e+01   6.4842e+00   0.0000e+00   9.5280e-04   2.6845e+02
20251216_18:00:00   3.7808e-01   9.0818e+01   7.5998e+00   0.0000e+00   2.5867e-04   2.6780e+02
20251216_21:00:00   4.5735e-01   1.0530e+02   9.2933e+00   0.0000e+00   1.2435e-03   2.6366e+02
20251217_00:00:00   6.1352e-01   1.3007e+02   1.2385e+01   0.0000e+00   1.3066e-02   2.6191e+02
20251217_03:00:00   7.3118e-01   1.4668e+02   1.4369e+01   0.0000e+00   5.0816e-03   2.6086e+02
20251217_06:00:00   9.4723e-01   1.7223e+02   1.8067e+01   0.0000e+00   5.1257e-03   2.5999e+02
20251217_09:00:00   1.0909e+00   1.8716e+02   1.8939e+01   2.6371e-02   7.0365e-02   2.6332e+02
20251217_12:00:00   8.7167e-01   1.6607e+02   1.5244e+01   5.4958e-04   1.3450e-02   2.7095e+02
20251217_15:00:00   9.3526e-01   1.7268e+02   1.6264e+01   6.2720e-03   4.1835e-03   2.7506e+02
20251217_18:00:00   9.9507e-01   1.7969e+02   1.7310e+01   1.2120e-03   2.8905e-03   2.7528e+02
20251217_21:00:00   8.7944e-01   1.6715e+02   1.5916e+01   5.9707e-05   6.0736e-04   2.7363e+02
20251218_00:00:00   8.2261e-01   1.6012e+02   1.5122e+01   2.2700e-05   2.2048e-04   2.7521e+02
20251218_03:00:00   8.1664e-01   1.5826e+02   1.5181e+01   0.0000e+00   6.3579e-04   2.7875e+02
20251218_06:00:00   9.1897e-01   1.6960e+02   1.7088e+01   0.0000e+00   1.1647e-03   2.8022e+02
20251218_09:00:00   1.1235e+00   1.8986e+02   1.9830e+01   5.2823e-03   1.7530e-04   2.7950e+02
20251218_12:00:00   1.3157e+00   2.0615e+02   2.2098e+01   2.0721e-02   2.9909e-04   2.7796e+02
20251218_15:00:00   1.5221e+00   2.1941e+02   2.2216e+01   9.1483e-02   1.2870e-02   2.7923e+02
20251218_18:00:00   1.3260e+00   2.0660e+02   2.2257e+01   1.1099e-02   9.2620e-03   2.8272e+02
20251218_21:00:00   1.3352e+00   2.0737e+02   2.2658e+01   6.9439e-03   7.8064e-03   2.8354e+02
20251219_00:00:00   1.3194e+00   2.0578e+02   2.1263e+01   2.6639e-02   7.5837e-04   2.8607e+02
20251219_03:00:00   1.5654e+00   2.2082e+02   1.8173e+01   1.8581e-01   3.1167e-03   2.8631e+02
20251219_06:00:00   1.7181e+00   2.2795e+02   1.7179e+01   2.7454e-01   1.2053e-03   2.8679e+02
20251219_09:00:00   9.8802e-01   1.7590e+02   1.6177e+01   1.2727e-03   2.4764e-03   2.8405e+02
20251219_12:00:00   8.7122e-01   1.6318e+02   1.4364e+01   0.0000e+00   6.5547e-04   2.8563e+02
20251219_15:00:00   7.5797e-01   1.4985e+02   1.2359e+01   0.0000e+00   2.4160e-03   2.8697e+02
20251219_18:00:00   7.1032e-01   1.4437e+02   1.1644e+01   0.0000e+00   8.7440e-04   2.8346e+02
20251219_21:00:00   6.5996e-01   1.3823e+02   1.1314e+01   0.0000e+00   1.3692e-04   2.7873e+02
20251220_00:00:00   6.8824e-01   1.4226e+02   1.1903e+01   0.0000e+00   8.2684e-05   2.7997e+02
20251220_03:00:00   6.7544e-01   1.4006e+02   1.1664e+01   0.0000e+00   8.0980e-08   2.7780e+02
20251220_06:00:00   7.1203e-01   1.4462e+02   1.2337e+01   0.0000e+00   1.0650e-03   2.7708e+02
20251220_09:00:00   7.6976e-01   1.5127e+02   1.3867e+01   0.0000e+00   5.8420e-04   2.7609e+02
20251220_12:00:00   7.9459e-01   1.5397e+02   1.4611e+01   0.0000e+00   1.9376e-03   2.7332e+02
20251220_15:00:00   8.6391e-01   1.6200e+02   1.5881e+01   0.0000e+00   1.0842e-03   2.7363e+02
20251220_18:00:00   9.5754e-01   1.7258e+02   1.7433e+01   1.4090e-04   2.1592e-02   2.7560e+02
20251220_21:00:00   1.1180e+00   1.8844e+02   1.9609e+01   1.0642e-02   3.0810e-03   2.7285e+02
20251221_00:00:00   1.2667e+00   2.0101e+02   2.1133e+01   2.5852e-02   5.6472e-03   2.7490e+02
