#            date       tau255        Tb[K]      pwv[mm] lwp[kg*m^-2] iwp[kg*m^-2]       o3[DU]
20251203_12:00:00   3.9543e-01   9.1795e+01   6.2203e+00   0.0000e+00   0.0000e+00   3.5013e+02
20251203_13:00:00   3.7430e-01   8.7951e+01   5.8745e+00   0.0000e+00   0.0000e+00   3.4841e+02
20251203_14:00:00   3.5669e-01   8.4639e+01   5.6006e+00   0.0000e+00   8.0980e-08   3.4626e+02
20251203_15:00:00   3.3277e-01   8.0068e+01   5.2489e+00   0.0000e+00   0.0000e+00   3.4633e+02
20251203_16:00:00   3.1894e-01   7.7470e+01   5.0710e+00   0.0000e+00   0.0000e+00   3.4723e+02
20251203_17:00:00   2.9583e-01   7.3018e+01   4.7757e+00   0.0000e+00   0.0000e+00   3.4679e+02
20251203_18:00:00   2.7236e-01   6.8364e+01   4.4704e+00   0.0000e+00   0.0000e+00   3.3991e+02
20251203_19:00:00   2.5519e-01   6.4904e+01   4.2531e+00   0.0000e+00   3.2400e-07   3.3981e+02
20251203_20:00:00   2.5023e-01   6.3897e+01   4.2333e+00   0.0000e+00   4.3120e-05   3.3659e+02
20251203_21:00:00   2.4308e-01   6.2427e+01   4.1621e+00   0.0000e+00   7.1360e-05   3.3565e+02
20251203_22:00:00   2.4063e-01   6.1870e+01   4.1846e+00   0.0000e+00   2.2956e-04   3.3547e+02
20251203_23:00:00   2.4714e-01   6.3149e+01   4.3643e+00   0.0000e+00   3.3178e-03   3.3336e+02
20251204_00:00:00   2.5406e-01   6.4477e+01   4.5291e+00   0.0000e+00   6.9799e-03   3.3469e+02
20251204_01:00:00   2.6340e-01   6.6252e+01   4.7378e+00   0.0000e+00   1.5475e-02   3.3492e+02
20251204_02:00:00   2.7652e-01   6.8714e+01   5.0219e+00   0.0000e+00   3.3552e-02   3.3456e+02
20251204_03:00:00   2.8524e-01   7.0378e+01   5.2169e+00   0.0000e+00   1.0250e-02   3.3477e+02
20251204_04:00:00   2.9380e-01   7.1961e+01   5.3985e+00   0.0000e+00   1.0926e-02   3.3388e+02
20251204_05:00:00   3.0243e-01   7.3539e+01   5.5917e+00   0.0000e+00   3.8019e-03   3.3524e+02
20251204_06:00:00   3.1483e-01   7.5801e+01   5.8411e+00   0.0000e+00   1.0113e-02   3.3063e+02
20251204_07:00:00   3.2607e-01   7.7884e+01   6.0213e+00   0.0000e+00   2.1651e-02   3.2836e+02
20251204_08:00:00   3.3896e-01   8.0355e+01   6.2896e+00   0.0000e+00   1.4884e-02   3.2851e+02
20251204_09:00:00   3.4915e-01   8.2244e+01   6.4605e+00   0.0000e+00   3.9064e-02   3.2863e+02
20251204_10:00:00   3.5279e-01   8.3030e+01   6.4999e+00   0.0000e+00   1.1876e-02   3.2125e+02
20251204_11:00:00   3.4004e-01   8.0855e+01   6.2571e+00   0.0000e+00   8.4260e-05   3.1704e+02
20251204_12:00:00   3.2141e-01   7.7516e+01   5.8748e+00   0.0000e+00   4.7860e-05   3.1291e+02
20251204_13:00:00   3.1371e-01   7.6140e+01   5.7356e+00   0.0000e+00   5.1080e-06   3.0868e+02
20251204_14:00:00   3.1277e-01   7.5932e+01   5.7515e+00   0.0000e+00   1.9568e-03   3.0624e+02
20251204_15:00:00   3.1767e-01   7.6816e+01   5.9139e+00   0.0000e+00   1.6597e-03   3.0394e+02
20251204_16:00:00   3.2975e-01   7.9155e+01   6.1867e+00   0.0000e+00   6.7820e-06   3.0245e+02
20251204_17:00:00   3.4078e-01   8.1322e+01   6.4368e+00   0.0000e+00   9.3640e-06   2.9981e+02
20251204_18:00:00   3.5006e-01   8.3124e+01   6.6582e+00   0.0000e+00   4.2360e-05   2.9894e+02
20251204_19:00:00   3.5971e-01   8.4979e+01   6.8941e+00   0.0000e+00   8.4260e-06   3.0089e+02
20251204_20:00:00   3.7558e-01   8.7986e+01   7.2470e+00   0.0000e+00   6.5143e-03   3.0060e+02
20251204_21:00:00   4.0553e-01   9.3359e+01   7.8714e+00   0.0000e+00   6.8147e-03   2.9875e+02
20251204_22:00:00   4.3980e-01   9.9338e+01   8.5128e+00   0.0000e+00   1.4365e-02   2.9719e+02
20251204_23:00:00   4.7991e-01   1.0614e+02   9.2699e+00   0.0000e+00   7.5995e-03   2.9571e+02
20251205_00:00:00   5.0544e-01   1.1047e+02   9.7090e+00   0.0000e+00   5.2599e-04   2.9585e+02
20251205_01:00:00   5.3237e-01   1.1479e+02   1.0152e+01   0.0000e+00   8.4504e-04   2.9579e+02
20251205_02:00:00   5.5351e-01   1.1826e+02   1.0434e+01   0.0000e+00   1.2728e-03   2.9597e+02
20251205_03:00:00   5.7062e-01   1.2102e+02   1.0708e+01   0.0000e+00   1.4596e-03   2.9531e+02
20251205_04:00:00   5.9440e-01   1.2475e+02   1.1044e+01   0.0000e+00   1.2822e-03   2.9328e+02
20251205_05:00:00   6.0217e-01   1.2625e+02   1.1042e+01   0.0000e+00   3.1941e-04   2.8915e+02
20251205_06:00:00   6.5584e-01   1.3394e+02   1.1947e+01   0.0000e+00   2.7562e-04   2.8789e+02
20251205_07:00:00   6.9545e-01   1.3958e+02   1.2560e+01   0.0000e+00   6.2197e-05   2.8862e+02
20251205_08:00:00   7.3846e-01   1.4543e+02   1.3175e+01   0.0000e+00   2.6700e-06   2.8888e+02
20251205_09:00:00   7.4973e-01   1.4712e+02   1.3288e+01   0.0000e+00   0.0000e+00   2.8943e+02
20251205_10:00:00   7.7095e-01   1.5000e+02   1.3569e+01   0.0000e+00   0.0000e+00   2.8928e+02
20251205_11:00:00   7.8078e-01   1.5143e+02   1.3588e+01   0.0000e+00   0.0000e+00   2.8929e+02
20251205_12:00:00   7.8776e-01   1.5240e+02   1.3663e+01   0.0000e+00   0.0000e+00   2.8878e+02
20251205_13:00:00   7.7178e-01   1.5060e+02   1.3306e+01   0.0000e+00   0.0000e+00   2.8923e+02
20251205_14:00:00   7.6683e-01   1.5006e+02   1.3237e+01   0.0000e+00   0.0000e+00   2.8809e+02
20251205_15:00:00   7.7141e-01   1.5061e+02   1.3251e+01   0.0000e+00   0.0000e+00   2.8622e+02
20251205_16:00:00   7.5116e-01   1.4824e+02   1.2859e+01   0.0000e+00   0.0000e+00   2.8791e+02
20251205_17:00:00   7.5232e-01   1.4876e+02   1.2841e+01   0.0000e+00   0.0000e+00   2.8914e+02
20251205_18:00:00   7.6503e-01   1.5058e+02   1.3149e+01   0.0000e+00   0.0000e+00   2.8989e+02
20251205_19:00:00   7.6876e-01   1.5123e+02   1.3384e+01   0.0000e+00   0.0000e+00   2.8884e+02
20251205_20:00:00   7.9040e-01   1.5401e+02   1.3910e+01   0.0000e+00   0.0000e+00   2.8597e+02
20251205_21:00:00   7.7358e-01   1.5204e+02   1.3785e+01   0.0000e+00   0.0000e+00   2.8483e+02
20251205_22:00:00   7.6402e-01   1.5083e+02   1.3774e+01   0.0000e+00   0.0000e+00   2.8395e+02
20251205_23:00:00   7.5082e-01   1.4923e+02   1.3635e+01   0.0000e+00   4.3280e-06   2.8537e+02
20251206_00:00:00   7.4470e-01   1.4836e+02   1.3541e+01   0.0000e+00   0.0000e+00   2.8557e+02
20251206_01:00:00   7.4502e-01   1.4819e+02   1.3536e+01   0.0000e+00   0.0000e+00   2.8445e+02
20251206_02:00:00   7.6197e-01   1.5009e+02   1.3891e+01   0.0000e+00   6.6740e-07   2.8351e+02
20251206_03:00:00   7.5606e-01   1.4923e+02   1.3835e+01   0.0000e+00   0.0000e+00   2.8413e+02
20251206_04:00:00   7.3515e-01   1.4664e+02   1.3351e+01   0.0000e+00   0.0000e+00   2.8467e+02
20251206_05:00:00   6.7952e-01   1.3950e+02   1.2248e+01   0.0000e+00   0.0000e+00   2.8373e+02
20251206_06:00:00   6.4001e-01   1.3408e+02   1.1476e+01   0.0000e+00   0.0000e+00   2.8323e+02
20251206_07:00:00   6.2488e-01   1.3190e+02   1.1211e+01   0.0000e+00   0.0000e+00   2.8290e+02
20251206_08:00:00   6.1297e-01   1.3029e+02   1.0951e+01   0.0000e+00   0.0000e+00   2.8202e+02
20251206_09:00:00   6.1812e-01   1.3114e+02   1.0964e+01   0.0000e+00   0.0000e+00   2.8160e+02
20251206_10:00:00   6.3709e-01   1.3376e+02   1.1317e+01   0.0000e+00   0.0000e+00   2.8031e+02
20251206_11:00:00   6.4231e-01   1.3453e+02   1.1354e+01   0.0000e+00   0.0000e+00   2.8084e+02
20251206_12:00:00   6.4222e-01   1.3452e+02   1.1302e+01   0.0000e+00   0.0000e+00   2.8195e+02
20251206_13:00:00   6.4308e-01   1.3456e+02   1.1430e+01   0.0000e+00   0.0000e+00   2.8135e+02
20251206_14:00:00   6.7907e-01   1.3924e+02   1.2270e+01   0.0000e+00   0.0000e+00   2.8016e+02
20251206_15:00:00   6.8652e-01   1.4015e+02   1.2495e+01   0.0000e+00   0.0000e+00   2.7740e+02
20251206_16:00:00   6.9131e-01   1.4082e+02   1.2588e+01   0.0000e+00   0.0000e+00   2.7543e+02
20251206_17:00:00   7.0154e-01   1.4211e+02   1.2927e+01   0.0000e+00   1.3668e-04   2.7450e+02
20251206_18:00:00   6.7740e-01   1.3917e+02   1.2531e+01   0.0000e+00   2.5668e-04   2.7666e+02
20251206_19:00:00   6.6983e-01   1.3838e+02   1.2405e+01   0.0000e+00   0.0000e+00   2.7534e+02
20251206_20:00:00   6.7577e-01   1.3930e+02   1.2595e+01   0.0000e+00   5.2742e-06   2.7357e+02
20251206_21:00:00   6.8726e-01   1.4098e+02   1.2846e+01   0.0000e+00   5.3022e-05   2.7270e+02
20251206_22:00:00   7.0231e-01   1.4316e+02   1.3151e+01   0.0000e+00   8.1635e-04   2.7339e+02
20251206_23:00:00   7.3377e-01   1.4736e+02   1.3709e+01   0.0000e+00   5.6920e-03   2.7495e+02
20251207_00:00:00   7.4718e-01   1.4917e+02   1.3884e+01   0.0000e+00   1.3387e-03   2.7713e+02
20251207_01:00:00   7.5976e-01   1.5078e+02   1.4027e+01   0.0000e+00   1.8106e-04   2.7584e+02
20251207_02:00:00   7.5785e-01   1.5061e+02   1.3905e+01   0.0000e+00   8.9907e-05   2.7761e+02
20251207_03:00:00   7.6429e-01   1.5133e+02   1.4012e+01   0.0000e+00   0.0000e+00   2.7703e+02
20251207_04:00:00   7.2757e-01   1.4682e+02   1.3170e+01   0.0000e+00   0.0000e+00   2.8017e+02
20251207_05:00:00   7.4334e-01   1.4869e+02   1.3428e+01   0.0000e+00   0.0000e+00   2.8123e+02
20251207_06:00:00   7.7118e-01   1.5199e+02   1.3877e+01   0.0000e+00   0.0000e+00   2.8067e+02
20251207_07:00:00   7.8095e-01   1.5316e+02   1.3901e+01   0.0000e+00   3.0620e-05   2.8083e+02
20251207_08:00:00   7.8059e-01   1.5312e+02   1.3742e+01   0.0000e+00   1.7136e-04   2.8386e+02
20251207_09:00:00   7.7663e-01   1.5268e+02   1.3583e+01   0.0000e+00   0.0000e+00   2.8786e+02
20251207_10:00:00   7.7425e-01   1.5243e+02   1.3450e+01   0.0000e+00   0.0000e+00   2.8850e+02
20251207_11:00:00   7.6197e-01   1.5086e+02   1.3183e+01   0.0000e+00   0.0000e+00   2.8662e+02
20251207_12:00:00   7.5110e-01   1.4943e+02   1.2969e+01   0.0000e+00   1.0224e-05   2.8537e+02
20251207_13:00:00   7.5663e-01   1.5002e+02   1.3092e+01   0.0000e+00   7.4942e-05   2.8625e+02
20251207_14:00:00   7.4591e-01   1.4865e+02   1.2910e+01   0.0000e+00   4.3320e-06   2.8918e+02
20251207_15:00:00   7.3163e-01   1.4685e+02   1.2628e+01   0.0000e+00   0.0000e+00   2.8887e+02
20251207_16:00:00   7.2737e-01   1.4632e+02   1.2516e+01   0.0000e+00   6.1340e-06   2.8852e+02
20251207_17:00:00   7.3554e-01   1.4760e+02   1.2584e+01   0.0000e+00   1.1012e-04   2.8966e+02
20251207_18:00:00   7.2809e-01   1.4697e+02   1.2427e+01   0.0000e+00   5.8297e-04   2.8979e+02
20251207_19:00:00   7.1314e-01   1.4522e+02   1.2260e+01   0.0000e+00   1.1871e-03   2.8895e+02
20251207_20:00:00   6.9929e-01   1.4351e+02   1.2123e+01   0.0000e+00   1.5435e-03   2.9155e+02
20251207_21:00:00   6.9584e-01   1.4322e+02   1.2081e+01   0.0000e+00   2.0484e-03   2.9305e+02
20251207_22:00:00   6.9346e-01   1.4305e+02   1.2039e+01   0.0000e+00   7.8146e-04   2.9260e+02
20251207_23:00:00   7.0230e-01   1.4435e+02   1.2141e+01   0.0000e+00   3.3117e-03   2.9359e+02
20251208_00:00:00   7.1854e-01   1.4645e+02   1.2327e+01   0.0000e+00   4.1034e-03   2.9261e+02
20251208_01:00:00   7.2686e-01   1.4733e+02   1.2378e+01   0.0000e+00   5.8469e-04   2.9344e+02
20251208_02:00:00   7.1426e-01   1.4548e+02   1.2105e+01   0.0000e+00   3.3320e-03   2.9356e+02
20251208_03:00:00   6.9709e-01   1.4302e+02   1.1823e+01   0.0000e+00   5.7514e-03   2.9222e+02
20251208_04:00:00   6.7214e-01   1.3950e+02   1.1412e+01   0.0000e+00   5.5419e-03   2.9266e+02
20251208_05:00:00   6.5326e-01   1.3662e+02   1.1181e+01   0.0000e+00   5.4782e-03   2.9346e+02
20251208_06:00:00   6.4333e-01   1.3502e+02   1.1099e+01   0.0000e+00   5.9369e-03   2.9479e+02
20251208_07:00:00   6.3437e-01   1.3358e+02   1.1005e+01   0.0000e+00   2.7185e-03   2.9493e+02
20251208_08:00:00   6.1574e-01   1.3082e+02   1.0687e+01   0.0000e+00   9.4760e-04   2.9700e+02
20251208_09:00:00   5.9803e-01   1.2813e+02   1.0350e+01   0.0000e+00   6.4874e-04   2.9533e+02
20251208_10:00:00   5.8464e-01   1.2595e+02   1.0164e+01   0.0000e+00   3.4143e-03   2.9421e+02
20251208_11:00:00   5.7126e-01   1.2373e+02   9.9824e+00   0.0000e+00   9.0554e-03   2.9459e+02
20251208_12:00:00   5.6739e-01   1.2307e+02   9.9201e+00   0.0000e+00   4.1905e-03   2.9529e+02
20251208_15:00:00   5.4289e-01   1.1926e+02   9.4819e+00   0.0000e+00   1.1043e-04   2.9486e+02
20251208_18:00:00   5.2215e-01   1.1658e+02   9.0114e+00   0.0000e+00   0.0000e+00   2.8977e+02
20251208_21:00:00   4.5070e-01   1.0506e+02   7.9691e+00   0.0000e+00   3.3522e-05   2.8596e+02
20251209_00:00:00   4.6852e-01   1.0823e+02   8.2730e+00   0.0000e+00   2.1180e-04   2.8845e+02
20251209_03:00:00   4.3847e-01   1.0289e+02   7.7970e+00   0.0000e+00   0.0000e+00   2.9115e+02
20251209_06:00:00   4.0797e-01   9.7332e+01   7.3568e+00   0.0000e+00   0.0000e+00   2.9348e+02
20251209_09:00:00   3.9185e-01   9.4071e+01   7.1672e+00   0.0000e+00   0.0000e+00   2.8612e+02
20251209_12:00:00   3.5157e-01   8.6367e+01   6.4916e+00   0.0000e+00   1.3348e-06   2.8397e+02
20251209_15:00:00   3.3185e-01   8.2258e+01   6.2597e+00   0.0000e+00   1.6485e-02   2.8012e+02
20251209_18:00:00   3.5982e-01   8.7876e+01   6.8875e+00   0.0000e+00   7.0340e-03   2.7829e+02
20251209_21:00:00   3.7481e-01   9.1151e+01   7.1356e+00   0.0000e+00   6.3070e-04   2.7731e+02
20251210_00:00:00   4.1762e-01   9.8798e+01   8.1276e+00   0.0000e+00   1.4158e-06   2.7823e+02
20251210_03:00:00   4.9900e-01   1.1227e+02   9.9082e+00   0.0000e+00   3.9300e-03   2.8231e+02
20251210_06:00:00   5.0462e-01   1.1313e+02   1.0073e+01   0.0000e+00   8.4952e-03   2.8899e+02
20251210_09:00:00   5.0973e-01   1.1388e+02   1.0267e+01   0.0000e+00   4.5523e-03   2.8639e+02
20251210_12:00:00   5.0366e-01   1.1278e+02   1.0076e+01   0.0000e+00   0.0000e+00   2.8726e+02
20251210_15:00:00   4.9260e-01   1.1112e+02   9.7657e+00   0.0000e+00   0.0000e+00   2.8562e+02
20251210_18:00:00   5.4198e-01   1.1924e+02   1.0724e+01   0.0000e+00   0.0000e+00   2.8528e+02
20251210_21:00:00   5.5301e-01   1.2150e+02   1.0932e+01   0.0000e+00   0.0000e+00   2.8079e+02
20251211_00:00:00   5.5051e-01   1.2162e+02   1.0784e+01   0.0000e+00   0.0000e+00   2.8174e+02
20251211_03:00:00   5.3748e-01   1.1970e+02   1.0456e+01   0.0000e+00   0.0000e+00   2.8145e+02
20251211_06:00:00   5.1717e-01   1.1625e+02   1.0072e+01   0.0000e+00   0.0000e+00   2.8377e+02
20251211_09:00:00   4.7930e-01   1.0987e+02   9.3269e+00   0.0000e+00   0.0000e+00   2.8161e+02
20251211_12:00:00   4.3407e-01   1.0191e+02   8.4081e+00   0.0000e+00   0.0000e+00   2.8110e+02
20251211_15:00:00   3.9287e-01   9.4403e+01   7.5082e+00   0.0000e+00   0.0000e+00   2.8656e+02
20251211_18:00:00   3.8960e-01   9.3906e+01   7.3792e+00   0.0000e+00   0.0000e+00   2.8899e+02
20251211_21:00:00   3.9014e-01   9.4110e+01   7.5278e+00   0.0000e+00   0.0000e+00   2.9011e+02
20251212_00:00:00   4.3143e-01   1.0183e+02   8.1806e+00   0.0000e+00   0.0000e+00   2.9268e+02
20251212_03:00:00   4.4087e-01   1.0242e+02   8.2960e+00   0.0000e+00   0.0000e+00   2.9727e+02
20251212_06:00:00   3.7729e-01   9.0315e+01   7.1043e+00   0.0000e+00   0.0000e+00   2.9664e+02
20251212_09:00:00   3.8556e-01   9.1639e+01   7.1332e+00   0.0000e+00   1.7291e-03   3.0176e+02
20251212_12:00:00   4.6290e-01   1.0469e+02   8.3337e+00   2.0240e-06   1.6196e-07   3.0326e+02
20251212_15:00:00   5.4956e-01   1.1823e+02   9.6492e+00   5.4559e-04   2.8619e-03   2.9646e+02
20251212_18:00:00   7.1904e-01   1.4189e+02   1.2385e+01   2.9008e-05   1.8958e-01   3.0419e+02
20251212_21:00:00   4.6642e-01   1.0491e+02   7.8491e+00   4.8598e-07   1.6683e-04   3.3063e+02
20251213_00:00:00   3.7013e-01   8.7454e+01   6.3943e+00   0.0000e+00   4.8449e-04   3.3210e+02
20251213_03:00:00   4.1519e-01   9.5213e+01   6.9961e+00   1.3840e-04   1.1843e-04   3.3927e+02
20251213_06:00:00   3.9994e-01   9.1843e+01   6.7167e+00   0.0000e+00   5.1416e-04   3.4227e+02
20251213_09:00:00   3.6867e-01   8.6049e+01   6.1406e+00   0.0000e+00   6.1930e-05   3.4583e+02
20251213_12:00:00   3.6836e-01   8.5438e+01   6.1235e+00   0.0000e+00   4.8739e-03   3.5296e+02
20251213_15:00:00   3.1473e-01   7.5742e+01   5.1091e+00   0.0000e+00   2.5827e-03   3.5010e+02
20251213_18:00:00   3.9057e-01   8.9053e+01   6.4405e+00   0.0000e+00   2.2990e-01   3.5185e+02
20251213_21:00:00   5.2230e-01   1.1145e+02   8.2970e+00   8.2406e-05   1.3553e-01   3.5510e+02
20251214_00:00:00   3.8928e-01   8.9839e+01   6.2715e+00   2.0240e-06   2.5119e-03   3.5375e+02
20251214_03:00:00   3.5176e-01   8.2370e+01   5.8121e+00   8.0980e-07   5.0494e-04   3.4055e+02
20251214_06:00:00   3.7576e-01   8.6808e+01   6.3204e+00   0.0000e+00   1.4110e-03   3.2792e+02
20251214_09:00:00   4.2089e-01   9.4890e+01   7.2298e+00   3.3099e-05   1.5770e-03   3.2280e+02
20251214_12:00:00   4.5954e-01   1.0170e+02   7.9133e+00   9.9110e-06   1.4885e-03   3.1830e+02
20251214_15:00:00   5.0626e-01   1.0951e+02   8.7502e+00   4.7980e-06   2.3864e-03   3.1376e+02
20251214_18:00:00   5.6654e-01   1.1935e+02   9.7909e+00   7.0017e-05   6.0956e-03   3.1165e+02
20251214_21:00:00   5.8308e-01   1.2264e+02   1.0200e+01   1.2664e-04   4.9417e-03   3.1257e+02
20251215_00:00:00   6.1802e-01   1.2792e+02   1.0722e+01   5.0380e-05   3.8903e-03   3.1808e+02
20251215_03:00:00   6.1120e-01   1.2676e+02   1.0635e+01   0.0000e+00   1.3696e-03   3.2646e+02
20251215_06:00:00   5.7751e-01   1.2183e+02   1.0135e+01   3.9814e-05   1.5430e-02   3.2887e+02
20251215_09:00:00   6.4575e-01   1.3135e+02   1.1633e+01   0.0000e+00   9.2346e-02   3.2600e+02
20251215_12:00:00   7.1267e-01   1.4064e+02   1.2762e+01   8.1361e-04   1.4188e-02   3.2013e+02
20251215_15:00:00   8.1030e-01   1.5395e+02   1.4478e+01   1.7656e-05   3.9580e-03   3.1609e+02
20251215_18:00:00   7.6600e-01   1.4983e+02   1.3859e+01   1.2396e-04   4.4396e-04   3.0920e+02
20251215_21:00:00   8.1556e-01   1.5633e+02   1.4835e+01   1.3598e-03   9.8919e-05   2.9399e+02
20251216_00:00:00   8.3453e-01   1.5897e+02   1.4749e+01   3.2751e-03   1.7752e-03   2.8686e+02
20251216_03:00:00   9.2926e-01   1.7033e+02   1.5907e+01   1.3734e-03   5.1381e-04   2.9156e+02
20251216_06:00:00   9.2488e-01   1.6951e+02   1.4626e+01   1.4336e-02   1.1426e-02   2.9120e+02
20251216_09:00:00   6.6221e-01   1.3709e+02   1.0903e+01   6.3660e-05   1.2634e-06   2.9145e+02
20251216_12:00:00   5.0561e-01   1.1299e+02   8.4837e+00   0.0000e+00   0.0000e+00   2.8128e+02
20251216_15:00:00   4.7281e-01   1.0716e+02   8.1822e+00   0.0000e+00   0.0000e+00   2.8165e+02
20251216_18:00:00   4.6857e-01   1.0711e+02   8.1148e+00   0.0000e+00   1.3348e-06   2.8591e+02
20251216_21:00:00   4.5586e-01   1.0518e+02   8.1856e+00   0.0000e+00   0.0000e+00   2.8498e+02
20251217_00:00:00   5.2491e-01   1.1668e+02   9.3851e+00   0.0000e+00   0.0000e+00   2.7794e+02
20251217_03:00:00   5.4833e-01   1.1991e+02   9.6993e+00   0.0000e+00   0.0000e+00   2.7190e+02
20251217_06:00:00   5.5657e-01   1.2089e+02   9.7411e+00   0.0000e+00   0.0000e+00   2.7519e+02
20251217_09:00:00   5.3844e-01   1.1792e+02   9.3427e+00   0.0000e+00   1.0946e-05   2.8014e+02
20251217_12:00:00   4.5272e-01   1.0401e+02   7.8068e+00   0.0000e+00   2.4396e-04   2.7746e+02
20251217_15:00:00   3.8997e-01   9.2824e+01   6.7887e+00   0.0000e+00   7.0414e-03   2.7304e+02
20251217_18:00:00   4.2121e-01   9.8204e+01   7.6755e+00   0.0000e+00   1.3348e-06   2.7059e+02
20251217_21:00:00   3.7532e-01   9.0346e+01   6.9578e+00   0.0000e+00   0.0000e+00   2.6877e+02
20251218_00:00:00   3.5617e-01   8.7150e+01   6.4835e+00   0.0000e+00   0.0000e+00   2.6496e+02
20251218_03:00:00   3.3176e-01   8.2067e+01   6.1136e+00   0.0000e+00   0.0000e+00   2.6448e+02
20251218_06:00:00   3.1435e-01   7.8414e+01   5.8795e+00   0.0000e+00   1.5372e-04   2.6499e+02
20251218_09:00:00   2.9340e-01   7.3861e+01   5.6030e+00   0.0000e+00   0.0000e+00   2.6243e+02
20251218_12:00:00   2.7677e-01   7.0433e+01   5.2892e+00   0.0000e+00   0.0000e+00   2.5866e+02
20251218_15:00:00   2.6510e-01   6.7995e+01   5.0574e+00   0.0000e+00   0.0000e+00   2.5915e+02
20251218_18:00:00   2.7894e-01   7.1211e+01   5.2622e+00   0.0000e+00   0.0000e+00   2.6116e+02
20251218_21:00:00   2.8859e-01   7.3580e+01   5.4545e+00   0.0000e+00   0.0000e+00   2.6229e+02
20251219_00:00:00   3.1161e-01   7.8616e+01   5.8028e+00   0.0000e+00   0.0000e+00   2.5886e+02
20251219_03:00:00   3.1804e-01   7.9891e+01   5.7820e+00   0.0000e+00   0.0000e+00   2.5981e+02
20251219_06:00:00   3.1010e-01   7.8072e+01   5.6971e+00   0.0000e+00   0.0000e+00   2.6709e+02
20251219_09:00:00   2.9503e-01   7.4775e+01   5.4976e+00   0.0000e+00   0.0000e+00   2.6803e+02
20251219_12:00:00   2.8682e-01   7.2895e+01   5.3843e+00   0.0000e+00   0.0000e+00   2.7525e+02
