#            date       tau255        Tb[K]      pwv[mm] lwp[kg*m^-2] iwp[kg*m^-2]       o3[DU]
20251202_18:00:00   4.4826e-01   1.0400e+02   7.6304e+00   0.0000e+00   6.3381e-05   3.3656e+02
20251202_19:00:00   4.2577e-01   1.0033e+02   7.2423e+00   0.0000e+00   0.0000e+00   3.3934e+02
20251202_20:00:00   4.3765e-01   1.0246e+02   7.5808e+00   2.9540e-04   0.0000e+00   3.3176e+02
20251202_21:00:00   4.4955e-01   1.0436e+02   8.0026e+00   0.0000e+00   0.0000e+00   3.3141e+02
20251202_22:00:00   4.8634e-01   1.1049e+02   8.7799e+00   0.0000e+00   8.8506e-04   3.4024e+02
20251202_23:00:00   5.5151e-01   1.2062e+02   1.0090e+01   0.0000e+00   6.0718e-04   3.4573e+02
20251203_00:00:00   5.7823e-01   1.2443e+02   1.0561e+01   0.0000e+00   2.6268e-03   3.5092e+02
20251203_01:00:00   5.8217e-01   1.2465e+02   1.0564e+01   0.0000e+00   2.5503e-03   3.5862e+02
20251203_02:00:00   5.7698e-01   1.2352e+02   1.0380e+01   0.0000e+00   1.3822e-02   3.6007e+02
20251203_03:00:00   5.4237e-01   1.1809e+02   9.6566e+00   0.0000e+00   1.8008e-04   3.5811e+02
20251203_04:00:00   5.2496e-01   1.1516e+02   9.1815e+00   0.0000e+00   1.7402e-04   3.6107e+02
20251203_05:00:00   4.6748e-01   1.0578e+02   8.0330e+00   0.0000e+00   9.1040e-05   3.6593e+02
20251203_06:00:00   4.5048e-01   1.0265e+02   7.6691e+00   0.0000e+00   1.3626e-05   3.7315e+02
20251203_07:00:00   4.6997e-01   1.0541e+02   7.9144e+00   0.0000e+00   2.3680e-06   3.7850e+02
20251203_08:00:00   4.7514e-01   1.0591e+02   7.8995e+00   0.0000e+00   2.3680e-06   3.7458e+02
20251203_09:00:00   4.5807e-01   1.0292e+02   7.5125e+00   0.0000e+00   5.8200e-06   3.6504e+02
20251203_10:00:00   4.4514e-01   1.0070e+02   7.1937e+00   0.0000e+00   0.0000e+00   3.5984e+02
20251203_11:00:00   4.1230e-01   9.5033e+01   6.5968e+00   0.0000e+00   0.0000e+00   3.5627e+02
20251203_12:00:00   3.7564e-01   8.8484e+01   5.9734e+00   0.0000e+00   0.0000e+00   3.5480e+02
20251203_13:00:00   3.6594e-01   8.6658e+01   5.8005e+00   0.0000e+00   3.2400e-07   3.5100e+02
20251203_14:00:00   3.4834e-01   8.3329e+01   5.5065e+00   0.0000e+00   0.0000e+00   3.4939e+02
20251203_15:00:00   3.3353e-01   8.0445e+01   5.2923e+00   0.0000e+00   0.0000e+00   3.4847e+02
20251203_16:00:00   3.1481e-01   7.6846e+01   5.0396e+00   0.0000e+00   0.0000e+00   3.4938e+02
20251203_17:00:00   2.9586e-01   7.3198e+01   4.7897e+00   0.0000e+00   3.4214e-06   3.4705e+02
20251203_18:00:00   2.7666e-01   6.9383e+01   4.5460e+00   0.0000e+00   1.6704e-06   3.4403e+02
20251203_19:00:00   2.7390e-01   6.8770e+01   4.5828e+00   0.0000e+00   1.1742e-03   3.4584e+02
20251203_20:00:00   2.6525e-01   6.7029e+01   4.4882e+00   0.0000e+00   2.1045e-03   3.4425e+02
20251203_21:00:00   2.6028e-01   6.5974e+01   4.4648e+00   0.0000e+00   3.3146e-03   3.4254e+02
20251203_22:00:00   2.5015e-01   6.3850e+01   4.3391e+00   0.0000e+00   4.6698e-03   3.4082e+02
20251203_23:00:00   2.5207e-01   6.4212e+01   4.4172e+00   0.0000e+00   6.1612e-03   3.3936e+02
20251204_00:00:00   2.6162e-01   6.6063e+01   4.6341e+00   0.0000e+00   7.1435e-03   3.3890e+02
20251204_01:00:00   2.6355e-01   6.6349e+01   4.6878e+00   0.0000e+00   4.5827e-03   3.3860e+02
20251204_02:00:00   2.6972e-01   6.7487e+01   4.8240e+00   0.0000e+00   3.6267e-03   3.3797e+02
20251204_03:00:00   2.8096e-01   6.9639e+01   5.0437e+00   0.0000e+00   5.9974e-03   3.3527e+02
20251204_04:00:00   2.9415e-01   7.2148e+01   5.3220e+00   0.0000e+00   4.0952e-03   3.3642e+02
20251204_05:00:00   3.0273e-01   7.3754e+01   5.5125e+00   0.0000e+00   4.4964e-05   3.3918e+02
20251204_06:00:00   3.1069e-01   7.5177e+01   5.6812e+00   0.0000e+00   9.2942e-04   3.3574e+02
20251204_07:00:00   3.0681e-01   7.4394e+01   5.6016e+00   0.0000e+00   2.0944e-04   3.3089e+02
20251204_08:00:00   3.0322e-01   7.3711e+01   5.5360e+00   0.0000e+00   8.4260e-06   3.2849e+02
20251204_09:00:00   3.0321e-01   7.3737e+01   5.5304e+00   0.0000e+00   6.7420e-06   3.2666e+02
20251204_10:00:00   3.0468e-01   7.4042e+01   5.5631e+00   0.0000e+00   0.0000e+00   3.2061e+02
20251204_11:00:00   3.0586e-01   7.4313e+01   5.5873e+00   0.0000e+00   0.0000e+00   3.1141e+02
20251204_12:00:00   3.0341e-01   7.3899e+01   5.5463e+00   0.0000e+00   0.0000e+00   3.1113e+02
20251204_13:00:00   2.9418e-01   7.2179e+01   5.3668e+00   0.0000e+00   0.0000e+00   3.0898e+02
20251204_14:00:00   2.8090e-01   6.9667e+01   5.0962e+00   0.0000e+00   2.0940e-05   3.0592e+02
20251204_15:00:00   2.6960e-01   6.7442e+01   4.9020e+00   0.0000e+00   0.0000e+00   3.0113e+02
20251204_16:00:00   2.7787e-01   6.9062e+01   5.1247e+00   0.0000e+00   9.4480e-06   2.9743e+02
20251204_17:00:00   2.9174e-01   7.1815e+01   5.4798e+00   0.0000e+00   9.7620e-06   2.9640e+02
20251204_18:00:00   3.0375e-01   7.4157e+01   5.7855e+00   0.0000e+00   4.7796e-04   2.9428e+02
20251204_19:00:00   3.1920e-01   7.7137e+01   6.1631e+00   0.0000e+00   1.3766e-04   2.9344e+02
20251204_20:00:00   3.3864e-01   8.0877e+01   6.6038e+00   0.0000e+00   3.7513e-03   2.9151e+02
20251204_21:00:00   3.6911e-01   8.6508e+01   7.2217e+00   0.0000e+00   2.0849e-02   2.9155e+02
20251204_22:00:00   4.0198e-01   9.2425e+01   7.8622e+00   0.0000e+00   1.9315e-02   2.9202e+02
20251204_23:00:00   4.2594e-01   9.6806e+01   8.2801e+00   0.0000e+00   6.6113e-03   2.9151e+02
20251205_00:00:00   4.4148e-01   9.9704e+01   8.5303e+00   0.0000e+00   1.0492e-04   2.8973e+02
20251205_01:00:00   4.5493e-01   1.0198e+02   8.7528e+00   0.0000e+00   3.4320e-04   2.8988e+02
20251205_02:00:00   4.7278e-01   1.0507e+02   9.0249e+00   0.0000e+00   0.0000e+00   2.9057e+02
20251205_03:00:00   4.9979e-01   1.0963e+02   9.4415e+00   0.0000e+00   2.0440e-06   2.9084e+02
20251205_04:00:00   5.1447e-01   1.1221e+02   9.5829e+00   0.0000e+00   2.0440e-06   2.9251e+02
20251205_05:00:00   5.2663e-01   1.1436e+02   9.7738e+00   0.0000e+00   2.0180e-05   2.9164e+02
20251205_06:00:00   5.5037e-01   1.1820e+02   1.0161e+01   0.0000e+00   6.2160e-06   2.9150e+02
20251205_07:00:00   5.6760e-01   1.2089e+02   1.0431e+01   0.0000e+00   1.6196e-07   2.9146e+02
20251205_08:00:00   5.9123e-01   1.2453e+02   1.0794e+01   0.0000e+00   4.5104e-05   2.9065e+02
20251205_09:00:00   6.4315e-01   1.3201e+02   1.1615e+01   0.0000e+00   4.3685e-05   2.9103e+02
20251205_10:00:00   6.7203e-01   1.3618e+02   1.1999e+01   0.0000e+00   1.5308e-04   2.9108e+02
20251205_11:00:00   7.0081e-01   1.4022e+02   1.2350e+01   0.0000e+00   0.0000e+00   2.9094e+02
20251205_12:00:00   7.4786e-01   1.4636e+02   1.2998e+01   0.0000e+00   3.3700e-06   2.9074e+02
20251205_13:00:00   7.6103e-01   1.4827e+02   1.3103e+01   0.0000e+00   4.1880e-06   2.8943e+02
20251205_14:00:00   7.8319e-01   1.5129e+02   1.3339e+01   0.0000e+00   4.0900e-07   2.8862e+02
20251205_15:00:00   8.0152e-01   1.5374e+02   1.3573e+01   0.0000e+00   0.0000e+00   2.8755e+02
20251205_16:00:00   7.9677e-01   1.5349e+02   1.3402e+01   0.0000e+00   0.0000e+00   2.8845e+02
20251205_17:00:00   7.9187e-01   1.5324e+02   1.3304e+01   0.0000e+00   0.0000e+00   2.9066e+02
20251205_18:00:00   7.8002e-01   1.5206e+02   1.3195e+01   0.0000e+00   0.0000e+00   2.9047e+02
20251205_19:00:00   7.7231e-01   1.5143e+02   1.3101e+01   0.0000e+00   0.0000e+00   2.9032e+02
20251205_20:00:00   7.4664e-01   1.4846e+02   1.2758e+01   0.0000e+00   0.0000e+00   2.9021e+02
20251205_21:00:00   7.4752e-01   1.4861e+02   1.2925e+01   0.0000e+00   0.0000e+00   2.9002e+02
20251205_22:00:00   7.4990e-01   1.4898e+02   1.3112e+01   0.0000e+00   0.0000e+00   2.8787e+02
20251205_23:00:00   7.3878e-01   1.4763e+02   1.3071e+01   0.0000e+00   0.0000e+00   2.8638e+02
20251206_00:00:00   7.3182e-01   1.4660e+02   1.3061e+01   0.0000e+00   0.0000e+00   2.8403e+02
20251206_01:00:00   7.3691e-01   1.4700e+02   1.3178e+01   0.0000e+00   0.0000e+00   2.8422e+02
20251206_02:00:00   7.2805e-01   1.4566e+02   1.3104e+01   0.0000e+00   0.0000e+00   2.8441e+02
20251206_03:00:00   7.2967e-01   1.4553e+02   1.3314e+01   0.0000e+00   1.3240e-04   2.8538e+02
20251206_04:00:00   7.2612e-01   1.4498e+02   1.3341e+01   0.0000e+00   4.3222e-05   2.8520e+02
20251206_05:00:00   7.4456e-01   1.4727e+02   1.3739e+01   0.0000e+00   1.0917e-03   2.8345e+02
20251206_06:00:00   7.6272e-01   1.4958e+02   1.3888e+01   0.0000e+00   1.8149e-03   2.8294e+02
20251206_07:00:00   7.6209e-01   1.4989e+02   1.3549e+01   0.0000e+00   2.6020e-05   2.8210e+02
20251206_08:00:00   7.7604e-01   1.5196e+02   1.3512e+01   0.0000e+00   4.0500e-07   2.8213e+02
20251206_09:00:00   7.8893e-01   1.5372e+02   1.3709e+01   0.0000e+00   8.0980e-08   2.8183e+02
20251206_10:00:00   7.9042e-01   1.5395e+02   1.3670e+01   0.0000e+00   0.0000e+00   2.8049e+02
20251206_11:00:00   7.1665e-01   1.4479e+02   1.2355e+01   0.0000e+00   0.0000e+00   2.8050e+02
20251206_12:00:00   6.8024e-01   1.3999e+02   1.1686e+01   0.0000e+00   0.0000e+00   2.7807e+02
20251206_13:00:00   6.5386e-01   1.3636e+02   1.1183e+01   0.0000e+00   0.0000e+00   2.7646e+02
20251206_14:00:00   6.4029e-01   1.3439e+02   1.0971e+01   0.0000e+00   0.0000e+00   2.7523e+02
20251206_15:00:00   6.4153e-01   1.3452e+02   1.1030e+01   0.0000e+00   0.0000e+00   2.7398e+02
20251206_16:00:00   6.3723e-01   1.3397e+02   1.1011e+01   0.0000e+00   0.0000e+00   2.7428e+02
20251206_17:00:00   6.3464e-01   1.3379e+02   1.1058e+01   0.0000e+00   0.0000e+00   2.7352e+02
20251206_18:00:00   6.4076e-01   1.3494e+02   1.1253e+01   0.0000e+00   0.0000e+00   2.7192e+02
20251206_19:00:00   6.3397e-01   1.3419e+02   1.1213e+01   0.0000e+00   0.0000e+00   2.7153e+02
20251206_20:00:00   6.1899e-01   1.3206e+02   1.1099e+01   0.0000e+00   0.0000e+00   2.7253e+02
20251206_21:00:00   6.0820e-01   1.3046e+02   1.1045e+01   0.0000e+00   0.0000e+00   2.7243e+02
20251206_22:00:00   6.0342e-01   1.2986e+02   1.0981e+01   0.0000e+00   0.0000e+00   2.7254e+02
20251206_23:00:00   6.0641e-01   1.3040e+02   1.1024e+01   0.0000e+00   2.3680e-06   2.7325e+02
20251207_00:00:00   6.1672e-01   1.3196e+02   1.1193e+01   0.0000e+00   1.1758e-05   2.7323e+02
20251207_01:00:00   6.1691e-01   1.3195e+02   1.1144e+01   0.0000e+00   0.0000e+00   2.7408e+02
20251207_02:00:00   5.8616e-01   1.2738e+02   1.0505e+01   0.0000e+00   1.2050e-05   2.7578e+02
20251207_03:00:00   5.4112e-01   1.2038e+02   9.6374e+00   0.0000e+00   0.0000e+00   2.7614e+02
20251207_04:00:00   5.1203e-01   1.1563e+02   9.1130e+00   0.0000e+00   1.7398e-04   2.7856e+02
20251207_05:00:00   4.9025e-01   1.1198e+02   8.7055e+00   0.0000e+00   1.3245e-03   2.8052e+02
20251207_06:00:00   4.7419e-01   1.0914e+02   8.4541e+00   0.0000e+00   3.4204e-03   2.8195e+02
20251207_07:00:00   4.7882e-01   1.0965e+02   8.6448e+00   0.0000e+00   5.8306e-03   2.8216e+02
20251207_08:00:00   4.7137e-01   1.0826e+02   8.5519e+00   0.0000e+00   1.0892e-02   2.8285e+02
20251207_09:00:00   4.7117e-01   1.0797e+02   8.6596e+00   0.0000e+00   2.8122e-03   2.8428e+02
20251207_10:00:00   4.9599e-01   1.1190e+02   9.1787e+00   0.0000e+00   3.1160e-05   2.8650e+02
20251207_11:00:00   5.1631e-01   1.1503e+02   9.6057e+00   0.0000e+00   1.7730e-04   2.8903e+02
20251207_12:00:00   5.2152e-01   1.1578e+02   9.7112e+00   0.0000e+00   1.2636e-05   2.8935e+02
20251207_13:00:00   5.2039e-01   1.1557e+02   9.6620e+00   0.0000e+00   6.4083e-04   2.8730e+02
20251207_14:00:00   5.1885e-01   1.1528e+02   9.6246e+00   0.0000e+00   2.5172e-04   2.8478e+02
20251207_15:00:00   5.0935e-01   1.1377e+02   9.4295e+00   0.0000e+00   1.3126e-03   2.8856e+02
20251207_16:00:00   4.9330e-01   1.1122e+02   9.0915e+00   0.0000e+00   2.9242e-03   2.9121e+02
20251207_17:00:00   4.8821e-01   1.1050e+02   8.9591e+00   0.0000e+00   4.6920e-04   2.9463e+02
20251207_18:00:00   4.8016e-01   1.0939e+02   8.8114e+00   0.0000e+00   0.0000e+00   2.9544e+02
20251207_21:00:00   4.7748e-01   1.0921e+02   8.8968e+00   0.0000e+00   2.2100e-04   2.9563e+02
20251208_00:00:00   5.5488e-01   1.2187e+02   1.0290e+01   0.0000e+00   1.4872e-02   2.9694e+02
20251208_03:00:00   6.1288e-01   1.3087e+02   1.0958e+01   0.0000e+00   5.6242e-03   2.9108e+02
20251208_06:00:00   6.0136e-01   1.2888e+02   1.0686e+01   0.0000e+00   3.0565e-04   2.9322e+02
20251208_09:00:00   5.6846e-01   1.2334e+02   1.0228e+01   0.0000e+00   1.7873e-04   2.9596e+02
20251208_12:00:00   4.8044e-01   1.0885e+02   8.7018e+00   0.0000e+00   0.0000e+00   2.9563e+02
20251208_15:00:00   4.9157e-01   1.1109e+02   8.6049e+00   0.0000e+00   0.0000e+00   2.9071e+02
20251208_18:00:00   4.8808e-01   1.1093e+02   8.5163e+00   0.0000e+00   0.0000e+00   2.9661e+02
20251208_21:00:00   4.8631e-01   1.1093e+02   8.6765e+00   0.0000e+00   0.0000e+00   2.9358e+02
20251209_00:00:00   4.9058e-01   1.1170e+02   8.8213e+00   0.0000e+00   0.0000e+00   2.9303e+02
20251209_03:00:00   4.8392e-01   1.1036e+02   8.7865e+00   0.0000e+00   1.7876e-05   2.8889e+02
20251209_06:00:00   4.6574e-01   1.0726e+02   8.4555e+00   0.0000e+00   4.1641e-05   2.9098e+02
20251209_09:00:00   4.9569e-01   1.1168e+02   9.2666e+00   0.0000e+00   5.9880e-07   2.8473e+02
20251209_12:00:00   4.7517e-01   1.0827e+02   9.0053e+00   0.0000e+00   2.0021e-06   2.8217e+02
20251209_15:00:00   4.7099e-01   1.0730e+02   9.2176e+00   0.0000e+00   1.3105e-03   2.8106e+02
20251209_18:00:00   4.7002e-01   1.0731e+02   9.2325e+00   0.0000e+00   1.8453e-05   2.8016e+02
20251209_21:00:00   5.1449e-01   1.1488e+02   1.0313e+01   0.0000e+00   1.1455e-02   2.7645e+02
20251210_00:00:00   5.7081e-01   1.2394e+02   1.1438e+01   0.0000e+00   8.7450e-04   2.7935e+02
20251210_03:00:00   6.0028e-01   1.2852e+02   1.1949e+01   0.0000e+00   9.0559e-05   2.8145e+02
20251210_06:00:00   5.4796e-01   1.2104e+02   1.0894e+01   0.0000e+00   1.6382e-04   2.8711e+02
20251210_09:00:00   5.3799e-01   1.1956e+02   1.0537e+01   0.0000e+00   1.0350e-03   2.8718e+02
20251210_12:00:00   5.9116e-01   1.2788e+02   1.1585e+01   0.0000e+00   6.8900e-03   2.8492e+02
20251210_15:00:00   6.1207e-01   1.3120e+02   1.1848e+01   0.0000e+00   4.7717e-03   2.8155e+02
20251210_18:00:00   6.4879e-01   1.3719e+02   1.2315e+01   0.0000e+00   6.0875e-03   2.8096e+02
20251210_21:00:00   7.5983e-01   1.5320e+02   1.4124e+01   0.0000e+00   1.7578e-02   2.7933e+02
20251211_00:00:00   9.1625e-01   1.7232e+02   1.6670e+01   0.0000e+00   1.9025e-02   2.7874e+02
20251211_03:00:00   8.5613e-01   1.6526e+02   1.5347e+01   0.0000e+00   3.6729e-03   2.8157e+02
20251211_06:00:00   7.1145e-01   1.4600e+02   1.3282e+01   0.0000e+00   4.0695e-03   2.7965e+02
20251211_09:00:00   8.1276e-01   1.5799e+02   1.5312e+01   0.0000e+00   4.4700e-03   2.8386e+02
20251211_12:00:00   8.0681e-01   1.5739e+02   1.4919e+01   0.0000e+00   2.0620e-04   2.8586e+02
20251211_15:00:00   7.8343e-01   1.5456e+02   1.4462e+01   0.0000e+00   1.3230e-04   2.8773e+02
20251211_18:00:00   7.6973e-01   1.5338e+02   1.4133e+01   0.0000e+00   1.3565e-03   2.8759e+02
20251211_21:00:00   7.7113e-01   1.5384e+02   1.4264e+01   0.0000e+00   2.8050e-03   2.8188e+02
20251212_00:00:00   8.2185e-01   1.6040e+02   1.4650e+01   0.0000e+00   4.0816e-03   2.8328e+02
20251212_03:00:00   8.0316e-01   1.5789e+02   1.3859e+01   0.0000e+00   2.6299e-04   2.8569e+02
20251212_06:00:00   7.2535e-01   1.4757e+02   1.2371e+01   0.0000e+00   4.8284e-04   2.8461e+02
20251212_09:00:00   6.4542e-01   1.3647e+02   1.0858e+01   0.0000e+00   2.9838e-04   2.8694e+02
20251212_12:00:00   5.7835e-01   1.2625e+02   9.7112e+00   0.0000e+00   2.9972e-03   2.9132e+02
20251212_15:00:00   5.4291e-01   1.2059e+02   9.1982e+00   0.0000e+00   8.1880e-05   2.9365e+02
20251212_18:00:00   5.2275e-01   1.1756e+02   8.9752e+00   0.0000e+00   0.0000e+00   2.8952e+02
20251212_21:00:00   5.0569e-01   1.1526e+02   8.7983e+00   0.0000e+00   0.0000e+00   2.8697e+02
20251213_00:00:00   5.2844e-01   1.1918e+02   9.1176e+00   0.0000e+00   0.0000e+00   2.7913e+02
20251213_03:00:00   5.4003e-01   1.2074e+02   9.1639e+00   0.0000e+00   0.0000e+00   2.7976e+02
20251213_06:00:00   5.0738e-01   1.1530e+02   8.5770e+00   0.0000e+00   0.0000e+00   2.7579e+02
20251213_09:00:00   4.6910e-01   1.0877e+02   7.9451e+00   0.0000e+00   0.0000e+00   2.7169e+02
20251213_12:00:00   4.6814e-01   1.0847e+02   7.9513e+00   0.0000e+00   0.0000e+00   2.7368e+02
20251213_15:00:00   4.6126e-01   1.0710e+02   7.9324e+00   0.0000e+00   0.0000e+00   2.7419e+02
20251213_18:00:00   4.4903e-01   1.0519e+02   7.8033e+00   0.0000e+00   0.0000e+00   2.7303e+02
20251213_21:00:00   4.4643e-01   1.0515e+02   7.9160e+00   0.0000e+00   0.0000e+00   2.6891e+02
20251214_00:00:00   5.0344e-01   1.1494e+02   8.9136e+00   0.0000e+00   0.0000e+00   2.6950e+02
20251214_03:00:00   5.0775e-01   1.1511e+02   8.9012e+00   0.0000e+00   0.0000e+00   2.6991e+02
20251214_06:00:00   4.3937e-01   1.0326e+02   7.6425e+00   0.0000e+00   0.0000e+00   2.7500e+02
20251214_09:00:00   4.1030e-01   9.7700e+01   7.1961e+00   0.0000e+00   0.0000e+00   2.7358e+02
20251214_12:00:00   3.8658e-01   9.3071e+01   6.8329e+00   0.0000e+00   0.0000e+00   2.7528e+02
20251214_15:00:00   3.7644e-01   9.0955e+01   6.7068e+00   0.0000e+00   2.2456e-04   2.7979e+02
20251214_18:00:00   3.8798e-01   9.3298e+01   6.8957e+00   0.0000e+00   2.9580e-04   2.8345e+02
20251214_21:00:00   4.0005e-01   9.5796e+01   7.1863e+00   0.0000e+00   0.0000e+00   2.8803e+02
20251215_00:00:00   4.5134e-01   1.0509e+02   8.0512e+00   0.0000e+00   0.0000e+00   2.9070e+02
20251215_03:00:00   4.8867e-01   1.1106e+02   8.5408e+00   0.0000e+00   0.0000e+00   2.9190e+02
20251215_06:00:00   4.6449e-01   1.0672e+02   8.1308e+00   0.0000e+00   0.0000e+00   2.8887e+02
20251215_09:00:00   4.4070e-01   1.0243e+02   7.6824e+00   0.0000e+00   1.3292e-05   2.9226e+02
20251215_12:00:00   4.1161e-01   9.7139e+01   7.1646e+00   0.0000e+00   1.0902e-04   2.9664e+02
20251215_15:00:00   3.9324e-01   9.3744e+01   6.8256e+00   0.0000e+00   1.0198e-05   2.9599e+02
20251215_18:00:00   3.9258e-01   9.3900e+01   6.8137e+00   0.0000e+00   0.0000e+00   2.9534e+02
20251215_21:00:00   3.9547e-01   9.4851e+01   6.9522e+00   0.0000e+00   0.0000e+00   2.9158e+02
20251216_00:00:00   4.6722e-01   1.0771e+02   8.1085e+00   0.0000e+00   0.0000e+00   2.9051e+02
20251216_03:00:00   4.8649e-01   1.1054e+02   8.3365e+00   0.0000e+00   5.1120e-06   2.8865e+02
20251216_06:00:00   4.7363e-01   1.0823e+02   8.1299e+00   0.0000e+00   0.0000e+00   2.8727e+02
20251216_09:00:00   4.7601e-01   1.0852e+02   8.1557e+00   0.0000e+00   1.6852e-05   2.8695e+02
20251216_12:00:00   4.6054e-01   1.0578e+02   7.8986e+00   0.0000e+00   0.0000e+00   2.8819e+02
20251216_15:00:00   4.5593e-01   1.0485e+02   7.9220e+00   0.0000e+00   2.0440e-06   2.8629e+02
20251216_18:00:00   4.6304e-01   1.0653e+02   8.0301e+00   0.0000e+00   4.7760e-05   2.8618e+02
20251216_21:00:00   4.3223e-01   1.0177e+02   7.5083e+00   0.0000e+00   2.6637e-04   2.8351e+02
20251217_00:00:00   4.7396e-01   1.0898e+02   8.1458e+00   0.0000e+00   5.0924e-03   2.8185e+02
20251217_03:00:00   4.9480e-01   1.1188e+02   8.6260e+00   0.0000e+00   5.4467e-04   2.8005e+02
20251217_06:00:00   4.8918e-01   1.1061e+02   8.7012e+00   0.0000e+00   2.6960e-02   2.7595e+02
20251217_09:00:00   4.6323e-01   1.0621e+02   8.3179e+00   0.0000e+00   8.0709e-04   2.7225e+02
20251217_12:00:00   4.5381e-01   1.0439e+02   8.2933e+00   0.0000e+00   4.1824e-03   2.7005e+02
20251217_15:00:00   5.0327e-01   1.1203e+02   9.5573e+00   0.0000e+00   1.3799e-03   2.7012e+02
20251217_18:00:00   5.2517e-01   1.1596e+02   1.0091e+01   0.0000e+00   1.4370e-04   2.7142e+02
20251217_21:00:00   4.9646e-01   1.1164e+02   9.6555e+00   0.0000e+00   0.0000e+00   2.6933e+02
20251218_00:00:00   6.1411e-01   1.3018e+02   1.1729e+01   0.0000e+00   1.4968e-06   2.6716e+02
20251218_03:00:00   7.1309e-01   1.4361e+02   1.3360e+01   0.0000e+00   1.9436e-07   2.6683e+02
20251218_06:00:00   8.1854e-01   1.5641e+02   1.5302e+01   0.0000e+00   2.8389e-04   2.7139e+02
20251218_09:00:00   9.2827e-01   1.6850e+02   1.7254e+01   0.0000e+00   2.3579e-02   2.7094e+02
20251218_12:00:00   1.0855e+00   1.8440e+02   1.8625e+01   2.2678e-02   5.1894e-03   2.7139e+02
20251218_15:00:00   1.0670e+00   1.8384e+02   1.6525e+01   3.5282e-02   1.4277e-04   2.7318e+02
20251218_18:00:00   8.9983e-01   1.6793e+02   1.5132e+01   6.9366e-04   6.4268e-06   2.7389e+02
