#            date       tau255        Tb[K]      pwv[mm] lwp[kg*m^-2] iwp[kg*m^-2]       o3[DU]
20251209_18:00:00   3.3359e-01   8.2849e+01   6.3586e+00   0.0000e+00   0.0000e+00   2.9253e+02
20251209_19:00:00   3.1579e-01   7.9501e+01   6.0172e+00   0.0000e+00   0.0000e+00   2.9204e+02
20251209_20:00:00   3.0103e-01   7.6716e+01   5.7228e+00   0.0000e+00   0.0000e+00   2.9025e+02
20251209_21:00:00   3.0236e-01   7.7144e+01   5.7462e+00   0.0000e+00   0.0000e+00   2.8867e+02
20251209_22:00:00   3.0631e-01   7.8178e+01   5.7845e+00   0.0000e+00   0.0000e+00   2.8685e+02
20251209_23:00:00   2.9651e-01   7.6283e+01   5.5618e+00   0.0000e+00   0.0000e+00   2.8544e+02
20251210_00:00:00   2.8374e-01   7.3633e+01   5.3030e+00   0.0000e+00   0.0000e+00   2.8737e+02
20251210_01:00:00   2.7432e-01   7.1630e+01   5.0995e+00   0.0000e+00   0.0000e+00   2.8708e+02
20251210_02:00:00   2.7268e-01   7.1249e+01   5.0491e+00   0.0000e+00   0.0000e+00   2.8982e+02
20251210_03:00:00   2.7804e-01   7.2321e+01   5.1512e+00   0.0000e+00   0.0000e+00   2.9417e+02
20251210_04:00:00   2.8322e-01   7.3385e+01   5.2371e+00   0.0000e+00   0.0000e+00   2.9632e+02
20251210_05:00:00   2.8689e-01   7.4114e+01   5.3065e+00   0.0000e+00   1.0472e-05   2.9762e+02
20251210_06:00:00   2.9015e-01   7.4741e+01   5.3757e+00   0.0000e+00   1.8898e-05   2.9792e+02
20251210_07:00:00   2.9195e-01   7.5065e+01   5.4054e+00   0.0000e+00   0.0000e+00   3.0029e+02
20251210_08:00:00   2.9121e-01   7.4843e+01   5.3842e+00   0.0000e+00   0.0000e+00   2.9962e+02
20251210_09:00:00   2.8764e-01   7.4079e+01   5.3179e+00   0.0000e+00   0.0000e+00   2.9985e+02
20251210_10:00:00   2.8528e-01   7.3550e+01   5.2775e+00   0.0000e+00   0.0000e+00   2.9938e+02
20251210_11:00:00   2.8055e-01   7.2542e+01   5.1977e+00   0.0000e+00   0.0000e+00   2.9825e+02
20251210_12:00:00   2.7750e-01   7.1888e+01   5.1447e+00   0.0000e+00   0.0000e+00   2.9997e+02
20251210_13:00:00   2.7649e-01   7.1654e+01   5.1189e+00   0.0000e+00   0.0000e+00   2.9851e+02
20251210_14:00:00   2.7748e-01   7.1849e+01   5.1242e+00   0.0000e+00   0.0000e+00   2.9364e+02
20251210_15:00:00   2.7834e-01   7.2017e+01   5.1208e+00   0.0000e+00   0.0000e+00   2.9045e+02
20251210_16:00:00   2.8252e-01   7.2870e+01   5.1741e+00   0.0000e+00   0.0000e+00   2.8982e+02
20251210_17:00:00   2.8572e-01   7.3611e+01   5.2118e+00   0.0000e+00   0.0000e+00   2.9032e+02
20251210_18:00:00   2.9527e-01   7.5760e+01   5.3732e+00   0.0000e+00   0.0000e+00   2.9211e+02
20251210_19:00:00   2.9947e-01   7.6775e+01   5.4553e+00   0.0000e+00   0.0000e+00   2.9136e+02
20251210_20:00:00   3.0272e-01   7.7564e+01   5.5271e+00   0.0000e+00   0.0000e+00   2.9177e+02
20251210_21:00:00   3.0852e-01   7.8893e+01   5.6514e+00   0.0000e+00   0.0000e+00   2.8971e+02
20251210_22:00:00   3.1555e-01   8.0433e+01   5.7940e+00   0.0000e+00   0.0000e+00   2.8797e+02
20251210_23:00:00   3.2343e-01   8.2066e+01   5.9442e+00   0.0000e+00   0.0000e+00   2.8829e+02
20251211_00:00:00   3.2338e-01   8.1997e+01   5.9529e+00   0.0000e+00   0.0000e+00   2.8669e+02
20251211_01:00:00   3.2347e-01   8.1965e+01   5.9672e+00   0.0000e+00   0.0000e+00   2.8544e+02
20251211_02:00:00   3.2121e-01   8.1458e+01   5.9275e+00   0.0000e+00   0.0000e+00   2.8601e+02
20251211_03:00:00   3.1928e-01   8.1014e+01   5.8899e+00   0.0000e+00   0.0000e+00   2.8581e+02
20251211_04:00:00   3.1705e-01   8.0506e+01   5.8561e+00   0.0000e+00   0.0000e+00   2.8460e+02
20251211_05:00:00   3.1105e-01   7.9225e+01   5.7527e+00   0.0000e+00   0.0000e+00   2.8330e+02
20251211_06:00:00   3.0252e-01   7.7418e+01   5.6053e+00   0.0000e+00   0.0000e+00   2.8322e+02
20251211_07:00:00   2.9376e-01   7.5568e+01   5.4514e+00   0.0000e+00   0.0000e+00   2.8232e+02
20251211_08:00:00   2.8783e-01   7.4290e+01   5.3447e+00   0.0000e+00   0.0000e+00   2.8108e+02
20251211_09:00:00   2.8318e-01   7.3286e+01   5.2580e+00   0.0000e+00   0.0000e+00   2.7956e+02
20251211_10:00:00   2.7687e-01   7.1952e+01   5.1347e+00   0.0000e+00   0.0000e+00   2.7818e+02
20251211_11:00:00   2.6988e-01   7.0453e+01   5.0008e+00   0.0000e+00   0.0000e+00   2.7631e+02
20251211_12:00:00   2.6114e-01   6.8554e+01   4.8340e+00   0.0000e+00   0.0000e+00   2.7573e+02
20251211_13:00:00   2.5104e-01   6.6380e+01   4.6419e+00   0.0000e+00   0.0000e+00   2.7517e+02
20251211_14:00:00   2.4071e-01   6.4143e+01   4.4384e+00   0.0000e+00   0.0000e+00   2.7582e+02
20251211_15:00:00   2.3250e-01   6.2333e+01   4.2755e+00   0.0000e+00   0.0000e+00   2.7663e+02
20251211_16:00:00   2.2820e-01   6.1353e+01   4.1942e+00   0.0000e+00   0.0000e+00   2.7659e+02
20251211_17:00:00   2.3583e-01   6.3032e+01   4.3468e+00   0.0000e+00   0.0000e+00   2.7731e+02
20251211_18:00:00   2.5555e-01   6.7373e+01   4.7317e+00   0.0000e+00   0.0000e+00   2.7813e+02
20251211_19:00:00   2.6702e-01   6.9871e+01   4.9842e+00   0.0000e+00   0.0000e+00   2.7890e+02
20251211_20:00:00   2.7972e-01   7.2647e+01   5.2443e+00   0.0000e+00   0.0000e+00   2.8025e+02
20251211_21:00:00   2.8599e-01   7.4080e+01   5.3718e+00   0.0000e+00   0.0000e+00   2.7976e+02
20251211_22:00:00   2.9164e-01   7.5345e+01   5.4723e+00   0.0000e+00   0.0000e+00   2.7886e+02
20251211_23:00:00   2.9793e-01   7.6709e+01   5.5674e+00   0.0000e+00   0.0000e+00   2.7924e+02
20251212_00:00:00   2.9299e-01   7.5638e+01   5.4664e+00   0.0000e+00   0.0000e+00   2.8077e+02
20251212_01:00:00   2.8865e-01   7.4677e+01   5.3837e+00   0.0000e+00   0.0000e+00   2.8114e+02
20251212_02:00:00   2.8471e-01   7.3808e+01   5.3098e+00   0.0000e+00   0.0000e+00   2.8089e+02
20251212_03:00:00   2.8162e-01   7.3123e+01   5.2460e+00   0.0000e+00   0.0000e+00   2.8173e+02
20251212_04:00:00   2.8016e-01   7.2791e+01   5.2086e+00   0.0000e+00   0.0000e+00   2.8245e+02
20251212_05:00:00   2.7792e-01   7.2306e+01   5.1556e+00   0.0000e+00   0.0000e+00   2.8313e+02
20251212_06:00:00   2.7707e-01   7.2137e+01   5.1242e+00   0.0000e+00   0.0000e+00   2.8376e+02
20251212_07:00:00   2.7387e-01   7.1458e+01   5.0519e+00   0.0000e+00   0.0000e+00   2.8443e+02
20251212_08:00:00   2.6804e-01   7.0209e+01   4.9275e+00   0.0000e+00   0.0000e+00   2.8452e+02
20251212_09:00:00   2.6431e-01   6.9390e+01   4.8502e+00   0.0000e+00   0.0000e+00   2.8479e+02
20251212_10:00:00   2.6126e-01   6.8705e+01   4.7860e+00   0.0000e+00   0.0000e+00   2.8627e+02
20251212_11:00:00   2.5755e-01   6.7866e+01   4.7121e+00   0.0000e+00   0.0000e+00   2.8830e+02
20251212_12:00:00   2.5369e-01   6.6988e+01   4.6317e+00   0.0000e+00   0.0000e+00   2.8898e+02
20251212_13:00:00   2.4987e-01   6.6137e+01   4.5559e+00   0.0000e+00   0.0000e+00   2.8917e+02
20251212_14:00:00   2.4904e-01   6.5915e+01   4.5421e+00   0.0000e+00   0.0000e+00   2.8990e+02
20251212_15:00:00   2.4685e-01   6.5395e+01   4.5023e+00   0.0000e+00   0.0000e+00   2.9048e+02
20251212_16:00:00   2.4529e-01   6.5028e+01   4.4758e+00   0.0000e+00   0.0000e+00   2.8898e+02
20251212_17:00:00   2.4413e-01   6.4791e+01   4.4569e+00   0.0000e+00   0.0000e+00   2.8937e+02
20251212_18:00:00   2.5123e-01   6.6446e+01   4.5802e+00   0.0000e+00   0.0000e+00   2.8974e+02
20251212_19:00:00   2.5419e-01   6.7194e+01   4.6409e+00   0.0000e+00   0.0000e+00   2.8888e+02
20251212_20:00:00   2.5904e-01   6.8336e+01   4.7383e+00   0.0000e+00   0.0000e+00   2.8718e+02
20251212_21:00:00   2.6285e-01   6.9231e+01   4.8255e+00   0.0000e+00   0.0000e+00   2.8673e+02
20251212_22:00:00   2.7008e-01   7.0812e+01   4.9711e+00   0.0000e+00   0.0000e+00   2.8564e+02
20251212_23:00:00   2.8050e-01   7.3021e+01   5.1647e+00   0.0000e+00   0.0000e+00   2.8420e+02
20251213_00:00:00   2.8364e-01   7.3625e+01   5.2267e+00   0.0000e+00   0.0000e+00   2.8493e+02
20251213_01:00:00   2.8194e-01   7.3208e+01   5.1870e+00   0.0000e+00   0.0000e+00   2.8353e+02
20251213_02:00:00   2.8243e-01   7.3272e+01   5.1858e+00   0.0000e+00   0.0000e+00   2.8366e+02
20251213_03:00:00   2.8523e-01   7.3768e+01   5.2402e+00   0.0000e+00   0.0000e+00   2.8306e+02
20251213_04:00:00   2.8591e-01   7.3843e+01   5.2528e+00   0.0000e+00   0.0000e+00   2.8130e+02
20251213_05:00:00   2.8046e-01   7.2644e+01   5.1447e+00   0.0000e+00   0.0000e+00   2.8138e+02
20251213_06:00:00   2.7225e-01   7.0832e+01   4.9948e+00   0.0000e+00   0.0000e+00   2.8136e+02
20251213_07:00:00   2.6336e-01   6.8899e+01   4.8275e+00   0.0000e+00   0.0000e+00   2.8173e+02
20251213_08:00:00   2.5519e-01   6.7119e+01   4.6708e+00   0.0000e+00   0.0000e+00   2.8265e+02
20251213_09:00:00   2.4940e-01   6.5858e+01   4.5556e+00   0.0000e+00   0.0000e+00   2.8275e+02
20251213_10:00:00   2.4533e-01   6.4945e+01   4.4795e+00   0.0000e+00   0.0000e+00   2.8218e+02
20251213_11:00:00   2.4226e-01   6.4233e+01   4.4281e+00   0.0000e+00   0.0000e+00   2.7955e+02
20251213_12:00:00   2.3974e-01   6.3627e+01   4.3903e+00   0.0000e+00   0.0000e+00   2.7900e+02
20251213_13:00:00   2.3959e-01   6.3517e+01   4.4029e+00   0.0000e+00   7.2080e-05   2.7846e+02
20251213_14:00:00   2.3742e-01   6.2998e+01   4.3644e+00   0.0000e+00   1.8254e-04   2.7981e+02
20251213_15:00:00   2.3605e-01   6.2654e+01   4.3423e+00   0.0000e+00   8.9538e-04   2.8107e+02
20251213_16:00:00   2.3743e-01   6.2934e+01   4.3687e+00   0.0000e+00   1.6852e-05   2.7903e+02
20251213_17:00:00   2.3758e-01   6.3013e+01   4.3675e+00   0.0000e+00   4.6140e-06   2.7826e+02
20251213_18:00:00   2.4906e-01   6.5606e+01   4.5692e+00   0.0000e+00   7.5819e-04   2.7736e+02
20251213_19:00:00   2.6572e-01   6.9035e+01   4.9494e+00   0.0000e+00   2.3212e-03   2.7746e+02
20251213_20:00:00   2.8398e-01   7.2714e+01   5.3704e+00   0.0000e+00   5.0295e-03   2.7776e+02
20251213_21:00:00   2.9820e-01   7.5710e+01   5.6564e+00   0.0000e+00   7.4862e-03   2.7821e+02
20251213_22:00:00   3.1938e-01   8.0025e+01   6.0628e+00   0.0000e+00   7.8804e-03   2.7795e+02
20251213_23:00:00   3.4495e-01   8.5144e+01   6.5250e+00   0.0000e+00   1.0800e-02   2.7662e+02
20251214_00:00:00   3.6218e-01   8.8437e+01   6.8200e+00   0.0000e+00   1.6871e-02   2.7490e+02
20251214_01:00:00   3.7509e-01   9.0698e+01   7.0604e+00   0.0000e+00   2.1376e-02   2.7263e+02
20251214_02:00:00   3.7384e-01   9.0520e+01   6.9739e+00   0.0000e+00   6.8930e-03   2.7305e+02
20251214_03:00:00   3.6756e-01   8.9277e+01   6.8344e+00   0.0000e+00   1.6577e-03   2.7384e+02
20251214_04:00:00   3.5820e-01   8.7367e+01   6.6786e+00   0.0000e+00   1.6681e-02   2.7454e+02
20251214_05:00:00   3.4340e-01   8.4495e+01   6.3982e+00   0.0000e+00   7.1225e-03   2.7395e+02
20251214_06:00:00   3.3250e-01   8.2364e+01   6.1771e+00   0.0000e+00   3.2511e-03   2.7319e+02
20251214_07:00:00   3.2608e-01   8.0881e+01   6.0979e+00   0.0000e+00   1.3037e-02   2.7423e+02
20251214_08:00:00   3.3041e-01   8.1409e+01   6.2677e+00   0.0000e+00   1.0021e-02   2.7533e+02
20251214_09:00:00   3.2415e-01   8.0116e+01   6.1514e+00   0.0000e+00   6.6175e-03   2.7528e+02
20251214_10:00:00   3.1494e-01   7.8325e+01   5.9590e+00   0.0000e+00   2.3821e-03   2.7771e+02
20251214_11:00:00   3.0581e-01   7.6536e+01   5.7510e+00   0.0000e+00   1.2493e-03   2.7934e+02
20251214_12:00:00   2.9261e-01   7.4044e+01   5.4356e+00   0.0000e+00   6.0234e-05   2.7802e+02
20251214_13:00:00   2.7593e-01   7.0847e+01   5.0287e+00   0.0000e+00   0.0000e+00   2.7906e+02
20251214_14:00:00   2.6759e-01   6.9206e+01   4.8265e+00   0.0000e+00   0.0000e+00   2.7989e+02
20251214_15:00:00   2.6887e-01   6.9419e+01   4.8569e+00   0.0000e+00   0.0000e+00   2.8168e+02
20251214_16:00:00   2.6982e-01   6.9606e+01   4.8717e+00   0.0000e+00   0.0000e+00   2.8048e+02
20251214_17:00:00   2.7515e-01   7.0718e+01   4.9835e+00   0.0000e+00   0.0000e+00   2.7771e+02
20251214_18:00:00   2.8364e-01   7.2557e+01   5.1520e+00   0.0000e+00   0.0000e+00   2.7662e+02
20251214_21:00:00   2.9141e-01   7.4184e+01   5.4168e+00   0.0000e+00   0.0000e+00   2.7011e+02
20251215_00:00:00   3.0408e-01   7.7214e+01   5.5553e+00   0.0000e+00   0.0000e+00   2.6930e+02
20251215_03:00:00   3.2382e-01   8.1020e+01   5.8711e+00   0.0000e+00   5.6082e-04   2.6918e+02
20251215_06:00:00   3.2449e-01   8.0812e+01   5.9644e+00   0.0000e+00   3.1553e-03   2.7117e+02
20251215_09:00:00   3.3935e-01   8.3007e+01   6.4457e+00   0.0000e+00   1.3348e-06   2.7069e+02
20251215_12:00:00   3.0288e-01   7.5772e+01   5.7535e+00   0.0000e+00   0.0000e+00   2.6922e+02
20251215_15:00:00   2.7854e-01   7.0697e+01   5.3410e+00   0.0000e+00   0.0000e+00   2.6935e+02
20251215_18:00:00   3.0190e-01   7.5495e+01   5.8448e+00   0.0000e+00   6.1340e-06   2.6912e+02
20251215_21:00:00   3.7157e-01   8.8803e+01   7.4602e+00   0.0000e+00   0.0000e+00   2.6704e+02
20251216_00:00:00   4.9015e-01   1.0902e+02   9.9330e+00   0.0000e+00   1.4989e-03   2.6591e+02
20251216_03:00:00   5.9233e-01   1.2463e+02   1.1773e+01   0.0000e+00   9.2973e-03   2.6664e+02
20251216_06:00:00   5.4203e-01   1.1680e+02   1.0740e+01   0.0000e+00   3.1369e-01   2.6593e+02
20251216_09:00:00   4.3901e-01   1.0104e+02   8.4734e+00   0.0000e+00   6.6552e-06   2.6530e+02
20251216_12:00:00   3.5470e-01   8.6575e+01   6.6026e+00   0.0000e+00   5.1937e-05   2.7084e+02
20251216_15:00:00   3.5790e-01   8.6915e+01   6.8060e+00   0.0000e+00   1.5744e-02   2.6597e+02
20251216_18:00:00   3.7256e-01   8.9541e+01   7.1685e+00   0.0000e+00   1.0472e-02   2.6703e+02
20251216_21:00:00   4.2907e-01   9.9278e+01   8.5298e+00   0.0000e+00   9.6112e-03   2.6634e+02
20251217_00:00:00   5.1258e-01   1.1333e+02   1.0223e+01   0.0000e+00   1.1016e-02   2.6696e+02
20251217_03:00:00   5.6106e-01   1.2085e+02   1.1090e+01   0.0000e+00   3.6629e-03   2.6648e+02
20251217_06:00:00   5.4292e-01   1.1765e+02   1.0779e+01   2.4300e-07   1.0879e-04   2.6414e+02
20251217_09:00:00   6.4351e-01   1.3225e+02   1.2449e+01   1.0396e-03   2.6877e-03   2.6256e+02
20251217_12:00:00   9.1210e-01   1.6706e+02   1.6726e+01   7.6682e-04   7.0814e-03   2.6489e+02
20251217_15:00:00   9.2305e-01   1.6898e+02   1.6455e+01   0.0000e+00   1.0479e-04   2.6687e+02
20251217_18:00:00   9.0215e-01   1.6728e+02   1.5736e+01   0.0000e+00   1.5316e-04   2.6816e+02
20251217_21:00:00   6.9009e-01   1.4257e+02   1.2074e+01   0.0000e+00   1.7690e-03   2.6781e+02
20251218_00:00:00   5.9067e-01   1.2829e+02   1.0579e+01   0.0000e+00   2.5200e-04   2.7064e+02
20251218_03:00:00   5.1341e-01   1.1530e+02   9.4381e+00   0.0000e+00   3.9660e-03   2.7250e+02
20251218_06:00:00   4.3282e-01   1.0026e+02   8.4003e+00   0.0000e+00   1.2476e-03   2.7095e+02
20251218_09:00:00   4.8830e-01   1.0920e+02   9.5705e+00   0.0000e+00   0.0000e+00   2.7126e+02
20251218_12:00:00   5.8262e-01   1.2380e+02   1.1426e+01   0.0000e+00   0.0000e+00   2.7584e+02
20251218_15:00:00   6.9647e-01   1.4008e+02   1.3329e+01   0.0000e+00   5.7704e-04   2.7821e+02
20251218_18:00:00   7.7787e-01   1.5167e+02   1.4530e+01   0.0000e+00   6.2665e-03   2.8069e+02
20251218_21:00:00   7.8272e-01   1.5365e+02   1.4333e+01   0.0000e+00   5.8740e-05   2.8238e+02
20251219_00:00:00   7.5026e-01   1.4956e+02   1.3811e+01   0.0000e+00   2.9000e-05   2.8549e+02
20251219_03:00:00   7.4426e-01   1.4815e+02   1.3798e+01   0.0000e+00   1.0615e-03   2.8528e+02
20251219_06:00:00   7.9205e-01   1.5424e+02   1.4478e+01   0.0000e+00   7.1420e-05   2.8046e+02
20251219_09:00:00   8.3131e-01   1.5908e+02   1.4998e+01   0.0000e+00   0.0000e+00   2.7377e+02
20251219_12:00:00   6.7730e-01   1.3950e+02   1.2331e+01   0.0000e+00   0.0000e+00   2.7340e+02
20251219_15:00:00   5.6364e-01   1.2228e+02   1.0433e+01   0.0000e+00   0.0000e+00   2.7707e+02
20251219_18:00:00   5.9070e-01   1.2551e+02   1.1471e+01   0.0000e+00   1.0649e-02   2.7971e+02
20251219_21:00:00   6.8815e-01   1.3984e+02   1.3292e+01   4.8600e-07   1.4723e-03   2.7849e+02
20251220_00:00:00   7.2973e-01   1.4619e+02   1.3703e+01   0.0000e+00   8.1316e-03   2.7955e+02
20251220_03:00:00   7.5039e-01   1.4943e+02   1.3585e+01   5.6680e-07   1.0743e-02   2.8198e+02
20251220_06:00:00   7.3752e-01   1.4841e+02   1.2893e+01   3.3813e-04   1.4704e-05   2.8387e+02
20251220_09:00:00   7.4834e-01   1.4981e+02   1.2921e+01   2.9340e-04   4.2977e-05   2.8450e+02
20251220_12:00:00   7.2146e-01   1.4615e+02   1.2468e+01   8.2685e-05   3.6118e-03   2.8096e+02
20251220_15:00:00   7.5335e-01   1.4954e+02   1.3305e+01   7.1877e-05   4.3959e-03   2.7658e+02
20251220_18:00:00   7.0770e-01   1.4372e+02   1.2920e+01   6.4780e-07   3.5266e-05   2.7732e+02
20251220_21:00:00   6.3058e-01   1.3239e+02   1.2144e+01   0.0000e+00   4.3660e-03   2.7665e+02
20251221_00:00:00   6.5300e-01   1.3511e+02   1.2720e+01   0.0000e+00   1.3182e-03   2.7059e+02
20251221_03:00:00   7.1604e-01   1.4311e+02   1.3633e+01   6.6925e-05   3.5913e-04   2.6943e+02
20251221_06:00:00   7.3512e-01   1.4537e+02   1.3845e+01   0.0000e+00   2.5920e-07   2.7116e+02
20251221_09:00:00   8.2611e-01   1.5689e+02   1.5281e+01   1.5388e-05   2.9702e-03   2.7032e+02
20251221_12:00:00   9.4010e-01   1.7001e+02   1.6787e+01   5.0598e-03   2.3235e-03   2.7402e+02
20251221_15:00:00   1.0752e+00   1.8398e+02   1.8282e+01   1.1891e-02   3.7658e-03   2.7822e+02
20251221_18:00:00   1.1556e+00   1.9221e+02   1.9152e+01   1.9387e-02   1.0301e-03   2.8206e+02
20251221_21:00:00   1.2931e+00   2.0440e+02   2.0672e+01   3.3890e-02   2.4056e-03   2.8248e+02
20251222_00:00:00   1.3799e+00   2.1088e+02   2.1292e+01   4.7396e-02   6.8610e-04   2.8683e+02
20251222_03:00:00   1.3048e+00   2.0538e+02   2.1686e+01   5.8780e-03   1.0044e-04   2.8441e+02
20251222_06:00:00   1.2486e+00   2.0106e+02   2.1232e+01   1.7722e-03   8.5104e-06   2.8123e+02
20251222_09:00:00   1.1021e+00   1.8852e+02   1.9055e+01   1.2914e-04   1.6028e-03   2.7607e+02
20251222_12:00:00   7.4045e-01   1.4920e+02   1.2794e+01   3.2736e-04   1.9365e-03   2.6828e+02
20251222_15:00:00   5.0840e-01   1.1466e+02   9.0472e+00   0.0000e+00   9.2240e-05   2.6492e+02
20251222_18:00:00   4.3022e-01   1.0154e+02   7.7293e+00   0.0000e+00   1.2092e-03   2.6459e+02
20251222_21:00:00   4.4066e-01   1.0328e+02   8.3139e+00   0.0000e+00   0.0000e+00   2.6157e+02
20251223_00:00:00   5.3573e-01   1.1918e+02   1.0057e+01   0.0000e+00   0.0000e+00   2.6374e+02
20251223_03:00:00   6.2200e-01   1.3214e+02   1.1343e+01   0.0000e+00   0.0000e+00   2.6373e+02
20251223_06:00:00   6.2601e-01   1.3248e+02   1.1323e+01   0.0000e+00   0.0000e+00   2.6432e+02
20251223_09:00:00   6.0860e-01   1.2947e+02   1.0994e+01   0.0000e+00   7.0557e-03   2.6375e+02
20251223_12:00:00   8.3098e-01   1.5784e+02   1.4557e+01   3.7327e-03   1.6477e-02   2.7403e+02
20251223_15:00:00   8.3407e-01   1.5823e+02   1.3654e+01   8.5083e-03   1.7186e-02   2.9661e+02
20251223_18:00:00   7.3506e-01   1.4612e+02   1.2273e+01   6.9514e-04   1.1834e-03   3.0623e+02
20251223_21:00:00   6.1285e-01   1.2871e+02   1.0544e+01   3.6537e-05   6.1069e-04   3.1086e+02
20251224_00:00:00   5.0062e-01   1.1157e+02   8.7632e+00   1.9808e-04   1.5306e-05   3.1085e+02
20251224_03:00:00   5.5279e-01   1.1915e+02   9.7186e+00   4.5920e-05   1.3626e-02   3.0045e+02
20251224_06:00:00   5.4064e-01   1.1689e+02   9.7318e+00   2.3240e-05   1.8831e-02   2.9376e+02
20251224_09:00:00   5.3500e-01   1.1527e+02   1.0037e+01   0.0000e+00   1.0717e-02   2.8933e+02
20251224_12:00:00   5.6290e-01   1.1940e+02   1.0673e+01   0.0000e+00   8.0779e-03   2.8732e+02
20251224_15:00:00   5.6425e-01   1.2017e+02   1.0632e+01   0.0000e+00   1.7155e-03   2.8171e+02
20251224_18:00:00   6.3452e-01   1.3072e+02   1.2262e+01   0.0000e+00   4.7738e-02   2.7234e+02
20251224_21:00:00   7.2121e-01   1.4311e+02   1.3930e+01   0.0000e+00   3.4256e-02   2.6615e+02
20251225_00:00:00   7.4492e-01   1.4707e+02   1.4140e+01   0.0000e+00   6.9996e-03   2.6551e+02
20251225_03:00:00   8.8607e-01   1.6378e+02   1.6458e+01   3.4084e-04   3.2040e-03   2.6382e+02
20251225_06:00:00   9.1135e-01   1.6716e+02   1.6446e+01   2.2929e-03   3.9837e-03   2.6276e+02
20251225_09:00:00   7.0237e-01   1.4319e+02   1.2246e+01   0.0000e+00   0.0000e+00   2.6795e+02
20251225_12:00:00   6.5277e-01   1.3643e+02   1.1283e+01   1.4982e-05   1.9436e-07   2.6934e+02
20251225_15:00:00   5.6867e-01   1.2377e+02   9.8268e+00   1.3768e-04   6.4780e-07   2.7165e+02
20251225_18:00:00   5.0063e-01   1.1301e+02   8.8910e+00   0.0000e+00   0.0000e+00   2.7148e+02
