#            date       tau255        Tb[K]      pwv[mm] lwp[kg*m^-2] iwp[kg*m^-2]       o3[DU]
20251207_18:00:00   5.3477e-01   1.1858e+02   9.4997e+00   0.0000e+00   6.6155e-04   2.9135e+02
20251207_19:00:00   5.2271e-01   1.1684e+02   9.2849e+00   0.0000e+00   3.9840e-05   2.9107e+02
20251207_20:00:00   5.1408e-01   1.1563e+02   9.1610e+00   0.0000e+00   5.3580e-05   2.9195e+02
20251207_21:00:00   5.1711e-01   1.1621e+02   9.2690e+00   0.0000e+00   3.9839e-05   2.8850e+02
20251207_22:00:00   5.3401e-01   1.1902e+02   9.5989e+00   0.0000e+00   2.2858e-04   2.8893e+02
20251207_23:00:00   5.5350e-01   1.2221e+02   9.9326e+00   0.0000e+00   9.9744e-04   2.9146e+02
20251208_00:00:00   5.6751e-01   1.2431e+02   1.0157e+01   0.0000e+00   1.2901e-03   2.9636e+02
20251208_01:00:00   5.7012e-01   1.2448e+02   1.0148e+01   0.0000e+00   2.2054e-03   2.9505e+02
20251208_02:00:00   5.7001e-01   1.2421e+02   1.0120e+01   0.0000e+00   1.7917e-03   2.9003e+02
20251208_03:00:00   5.5537e-01   1.2174e+02   9.8682e+00   0.0000e+00   6.3900e-04   2.8838e+02
20251208_04:00:00   5.3108e-01   1.1772e+02   9.4547e+00   0.0000e+00   2.2370e-03   2.8732e+02
20251208_05:00:00   5.1199e-01   1.1454e+02   9.1198e+00   0.0000e+00   8.8202e-04   2.8924e+02
20251208_06:00:00   4.7541e-01   1.0863e+02   8.3476e+00   0.0000e+00   1.4311e-04   2.9122e+02
20251208_07:00:00   4.9762e-01   1.1193e+02   8.8731e+00   0.0000e+00   1.0472e-05   2.9471e+02
20251208_08:00:00   4.7052e-01   1.0749e+02   8.3533e+00   0.0000e+00   0.0000e+00   2.9822e+02
20251208_09:00:00   4.6491e-01   1.0655e+02   8.2000e+00   0.0000e+00   0.0000e+00   2.9764e+02
20251208_10:00:00   4.5100e-01   1.0409e+02   7.9460e+00   0.0000e+00   0.0000e+00   2.9626e+02
20251208_11:00:00   4.3037e-01   1.0053e+02   7.5790e+00   0.0000e+00   0.0000e+00   2.9618e+02
20251208_12:00:00   4.1757e-01   9.8232e+01   7.3499e+00   0.0000e+00   0.0000e+00   2.9522e+02
20251208_13:00:00   4.0830e-01   9.6499e+01   7.1985e+00   0.0000e+00   0.0000e+00   2.9348e+02
20251208_14:00:00   4.0613e-01   9.5948e+01   7.2126e+00   0.0000e+00   0.0000e+00   2.8930e+02
20251208_15:00:00   4.0178e-01   9.4976e+01   7.2282e+00   0.0000e+00   0.0000e+00   2.8826e+02
20251208_16:00:00   4.0112e-01   9.4782e+01   7.2926e+00   0.0000e+00   0.0000e+00   2.8913e+02
20251208_17:00:00   4.0113e-01   9.4889e+01   7.3011e+00   0.0000e+00   0.0000e+00   2.9069e+02
20251208_18:00:00   4.0510e-01   9.5779e+01   7.3992e+00   0.0000e+00   0.0000e+00   2.9361e+02
20251208_19:00:00   4.0627e-01   9.6076e+01   7.4893e+00   0.0000e+00   9.5142e-05   2.9703e+02
20251208_20:00:00   4.0556e-01   9.6062e+01   7.5166e+00   0.0000e+00   8.2600e-06   2.9416e+02
20251208_21:00:00   3.9574e-01   9.4488e+01   7.3443e+00   0.0000e+00   7.4839e-07   2.9231e+02
20251208_22:00:00   3.9432e-01   9.4498e+01   7.3024e+00   6.1340e-06   0.0000e+00   2.8952e+02
20251208_23:00:00   3.9839e-01   9.5424e+01   7.3367e+00   0.0000e+00   6.4830e-05   2.8784e+02
20251209_00:00:00   4.2397e-01   9.9788e+01   7.9402e+00   0.0000e+00   1.7807e-03   2.8629e+02
20251209_01:00:00   4.2767e-01   1.0045e+02   8.0301e+00   0.0000e+00   1.5072e-05   2.8302e+02
20251209_02:00:00   4.3779e-01   1.0219e+02   8.2643e+00   0.0000e+00   0.0000e+00   2.8391e+02
20251209_03:00:00   4.4071e-01   1.0266e+02   8.3594e+00   0.0000e+00   2.6640e-04   2.8855e+02
20251209_04:00:00   4.4781e-01   1.0368e+02   8.5821e+00   0.0000e+00   4.4202e-06   2.9257e+02
20251209_05:00:00   4.3223e-01   1.0092e+02   8.2881e+00   0.0000e+00   8.0260e-04   2.9727e+02
20251209_06:00:00   4.0874e-01   9.6760e+01   7.8396e+00   0.0000e+00   8.0080e-04   2.9531e+02
20251209_07:00:00   3.9255e-01   9.3732e+01   7.5681e+00   0.0000e+00   2.4785e-03   2.9374e+02
20251209_08:00:00   3.7771e-01   9.0952e+01   7.3224e+00   0.0000e+00   7.9240e-05   2.8911e+02
20251209_09:00:00   3.8510e-01   9.2170e+01   7.5042e+00   0.0000e+00   3.3920e-06   2.8600e+02
20251209_10:00:00   3.8828e-01   9.2616e+01   7.6228e+00   0.0000e+00   0.0000e+00   2.8556e+02
20251209_11:00:00   3.8890e-01   9.2641e+01   7.6648e+00   0.0000e+00   0.0000e+00   2.8609e+02
20251209_12:00:00   3.7947e-01   9.0859e+01   7.4829e+00   0.0000e+00   0.0000e+00   2.8613e+02
20251209_13:00:00   3.7144e-01   8.9341e+01   7.3357e+00   0.0000e+00   0.0000e+00   2.8665e+02
20251209_14:00:00   3.6689e-01   8.8476e+01   7.2506e+00   0.0000e+00   0.0000e+00   2.8492e+02
20251209_15:00:00   3.5545e-01   8.6289e+01   7.0285e+00   0.0000e+00   1.7710e-05   2.8365e+02
20251209_16:00:00   3.4083e-01   8.3697e+01   6.6578e+00   0.0000e+00   0.0000e+00   2.8167e+02
20251209_17:00:00   3.4323e-01   8.4326e+01   6.6569e+00   0.0000e+00   0.0000e+00   2.8157e+02
20251209_18:00:00   3.5919e-01   8.7574e+01   6.9701e+00   0.0000e+00   0.0000e+00   2.8231e+02
20251209_19:00:00   3.9908e-01   9.5220e+01   7.7594e+00   0.0000e+00   0.0000e+00   2.8289e+02
20251209_20:00:00   4.2335e-01   9.9869e+01   8.2077e+00   0.0000e+00   9.4480e-06   2.8524e+02
20251209_21:00:00   3.9415e-01   9.4766e+01   7.6402e+00   0.0000e+00   7.0562e-05   2.8664e+02
20251209_22:00:00   3.6726e-01   8.9906e+01   7.0979e+00   0.0000e+00   3.3702e-05   2.8648e+02
20251209_23:00:00   3.6495e-01   8.9597e+01   7.0055e+00   0.0000e+00   1.8898e-05   2.8747e+02
20251210_00:00:00   3.5556e-01   8.7798e+01   6.7957e+00   0.0000e+00   2.8247e-04   2.8884e+02
20251210_01:00:00   3.4548e-01   8.5819e+01   6.5771e+00   0.0000e+00   3.3957e-03   2.8967e+02
20251210_02:00:00   3.3444e-01   8.3664e+01   6.3324e+00   0.0000e+00   7.1230e-03   2.9074e+02
20251210_03:00:00   3.2165e-01   8.1196e+01   6.0432e+00   0.0000e+00   5.7826e-03   2.9232e+02
20251210_04:00:00   3.1121e-01   7.9169e+01   5.7645e+00   0.0000e+00   4.1196e-03   2.9436e+02
20251210_05:00:00   3.0418e-01   7.7762e+01   5.5883e+00   0.0000e+00   2.7942e-03   2.9457e+02
20251210_06:00:00   3.0314e-01   7.7528e+01   5.5584e+00   0.0000e+00   2.1660e-03   2.9523e+02
20251210_07:00:00   3.0272e-01   7.7438e+01   5.5379e+00   0.0000e+00   3.3200e-04   2.9729e+02
20251210_08:00:00   2.9771e-01   7.6383e+01   5.4490e+00   0.0000e+00   1.0240e-04   2.9544e+02
20251210_09:00:00   2.9616e-01   7.6024e+01   5.4189e+00   0.0000e+00   2.6500e-05   2.9426e+02
20251210_10:00:00   3.0353e-01   7.7392e+01   5.5401e+00   0.0000e+00   3.6420e-06   2.9194e+02
20251210_11:00:00   3.0984e-01   7.8534e+01   5.6478e+00   0.0000e+00   7.4840e-07   2.8763e+02
20251210_12:00:00   3.1036e-01   7.8553e+01   5.6645e+00   0.0000e+00   0.0000e+00   2.8796e+02
20251210_13:00:00   3.1135e-01   7.8755e+01   5.6974e+00   0.0000e+00   0.0000e+00   2.9027e+02
20251210_14:00:00   3.3624e-01   8.3633e+01   6.2525e+00   0.0000e+00   0.0000e+00   2.9086e+02
20251210_15:00:00   3.7723e-01   9.1380e+01   7.1303e+00   0.0000e+00   0.0000e+00   2.9112e+02
20251210_16:00:00   3.9983e-01   9.5498e+01   7.5775e+00   0.0000e+00   0.0000e+00   2.9122e+02
20251210_17:00:00   4.1979e-01   9.9188e+01   7.9205e+00   0.0000e+00   0.0000e+00   2.8993e+02
20251210_18:00:00   4.3742e-01   1.0251e+02   8.2421e+00   0.0000e+00   0.0000e+00   2.8736e+02
20251210_19:00:00   4.4231e-01   1.0352e+02   8.3210e+00   0.0000e+00   0.0000e+00   2.8626e+02
20251210_20:00:00   4.5008e-01   1.0503e+02   8.4548e+00   0.0000e+00   0.0000e+00   2.8470e+02
20251210_21:00:00   4.6176e-01   1.0717e+02   8.7090e+00   0.0000e+00   0.0000e+00   2.8358e+02
20251210_22:00:00   4.7913e-01   1.1021e+02   9.0712e+00   0.0000e+00   0.0000e+00   2.8186e+02
20251210_23:00:00   5.0655e-01   1.1486e+02   9.5681e+00   0.0000e+00   0.0000e+00   2.8261e+02
20251211_00:00:00   5.3010e-01   1.1866e+02   9.9891e+00   0.0000e+00   0.0000e+00   2.8296e+02
20251211_01:00:00   5.5194e-01   1.2208e+02   1.0408e+01   0.0000e+00   0.0000e+00   2.8425e+02
20251211_02:00:00   5.6084e-01   1.2345e+02   1.0602e+01   0.0000e+00   0.0000e+00   2.8653e+02
20251211_03:00:00   5.4039e-01   1.2024e+02   1.0273e+01   0.0000e+00   0.0000e+00   2.8802e+02
20251211_04:00:00   5.1792e-01   1.1664e+02   9.8441e+00   0.0000e+00   0.0000e+00   2.8789e+02
20251211_05:00:00   5.0411e-01   1.1441e+02   9.5830e+00   0.0000e+00   0.0000e+00   2.8749e+02
20251211_06:00:00   5.0005e-01   1.1377e+02   9.5112e+00   0.0000e+00   0.0000e+00   2.8625e+02
20251211_07:00:00   4.9970e-01   1.1372e+02   9.4944e+00   0.0000e+00   0.0000e+00   2.8402e+02
20251211_08:00:00   4.9935e-01   1.1362e+02   9.4785e+00   0.0000e+00   0.0000e+00   2.8212e+02
20251211_09:00:00   4.9579e-01   1.1303e+02   9.3900e+00   0.0000e+00   0.0000e+00   2.8194e+02
20251211_10:00:00   4.8926e-01   1.1197e+02   9.2603e+00   0.0000e+00   0.0000e+00   2.8354e+02
20251211_11:00:00   4.8049e-01   1.1051e+02   9.1108e+00   0.0000e+00   0.0000e+00   2.8304e+02
20251211_12:00:00   4.7490e-01   1.0954e+02   9.0135e+00   0.0000e+00   0.0000e+00   2.7899e+02
20251211_13:00:00   4.7722e-01   1.0987e+02   9.0574e+00   0.0000e+00   0.0000e+00   2.7607e+02
20251211_14:00:00   4.8622e-01   1.1130e+02   9.2212e+00   0.0000e+00   0.0000e+00   2.7401e+02
20251211_15:00:00   4.9033e-01   1.1194e+02   9.3076e+00   0.0000e+00   0.0000e+00   2.7332e+02
20251211_16:00:00   4.9529e-01   1.1275e+02   9.4129e+00   0.0000e+00   0.0000e+00   2.7342e+02
20251211_17:00:00   5.0128e-01   1.1380e+02   9.5040e+00   0.0000e+00   0.0000e+00   2.7462e+02
20251211_18:00:00   5.1074e-01   1.1557e+02   9.6564e+00   0.0000e+00   0.0000e+00   2.7542e+02
20251211_19:00:00   5.0988e-01   1.1562e+02   9.6292e+00   0.0000e+00   0.0000e+00   2.7493e+02
20251211_20:00:00   5.0522e-01   1.1505e+02   9.5303e+00   0.0000e+00   0.0000e+00   2.7674e+02
20251211_21:00:00   4.9129e-01   1.1293e+02   9.2564e+00   0.0000e+00   0.0000e+00   2.7884e+02
20251211_22:00:00   4.7613e-01   1.1053e+02   8.9432e+00   0.0000e+00   0.0000e+00   2.8202e+02
20251211_23:00:00   4.6873e-01   1.0940e+02   8.7394e+00   0.0000e+00   0.0000e+00   2.8538e+02
20251212_00:00:00   4.6092e-01   1.0804e+02   8.5322e+00   0.0000e+00   0.0000e+00   2.8666e+02
20251212_01:00:00   4.5707e-01   1.0735e+02   8.4022e+00   0.0000e+00   0.0000e+00   2.8800e+02
20251212_02:00:00   4.5098e-01   1.0625e+02   8.2477e+00   0.0000e+00   0.0000e+00   2.8926e+02
20251212_03:00:00   4.4861e-01   1.0579e+02   8.1722e+00   0.0000e+00   0.0000e+00   2.9382e+02
20251212_04:00:00   4.4964e-01   1.0588e+02   8.1540e+00   0.0000e+00   0.0000e+00   2.9598e+02
20251212_05:00:00   4.5564e-01   1.0686e+02   8.2286e+00   0.0000e+00   0.0000e+00   2.9532e+02
20251212_06:00:00   4.6112e-01   1.0776e+02   8.3068e+00   0.0000e+00   0.0000e+00   2.9424e+02
20251212_07:00:00   4.6194e-01   1.0784e+02   8.3019e+00   0.0000e+00   0.0000e+00   2.9356e+02
20251212_08:00:00   4.5121e-01   1.0588e+02   8.1098e+00   0.0000e+00   0.0000e+00   2.9192e+02
20251212_09:00:00   4.3913e-01   1.0361e+02   7.9180e+00   0.0000e+00   0.0000e+00   2.9089e+02
20251212_10:00:00   4.2437e-01   1.0092e+02   7.6841e+00   0.0000e+00   0.0000e+00   2.8807e+02
20251212_11:00:00   4.1248e-01   9.8672e+01   7.4838e+00   0.0000e+00   0.0000e+00   2.8739e+02
20251212_12:00:00   3.9830e-01   9.6005e+01   7.2500e+00   0.0000e+00   0.0000e+00   2.8517e+02
20251212_13:00:00   3.8616e-01   9.3684e+01   7.0523e+00   0.0000e+00   0.0000e+00   2.8471e+02
20251212_14:00:00   3.7456e-01   9.1425e+01   6.8676e+00   0.0000e+00   0.0000e+00   2.8424e+02
20251212_15:00:00   3.6822e-01   9.0117e+01   6.7811e+00   0.0000e+00   0.0000e+00   2.8143e+02
20251212_16:00:00   3.6198e-01   8.8890e+01   6.6882e+00   0.0000e+00   0.0000e+00   2.7970e+02
20251212_17:00:00   3.6178e-01   8.8847e+01   6.6935e+00   0.0000e+00   0.0000e+00   2.8054e+02
20251212_18:00:00   3.6583e-01   8.9774e+01   6.7742e+00   0.0000e+00   0.0000e+00   2.7974e+02
20251212_21:00:00   3.7588e-01   9.2095e+01   7.0370e+00   0.0000e+00   0.0000e+00   2.7517e+02
20251213_00:00:00   4.0058e-01   9.6863e+01   7.4995e+00   0.0000e+00   0.0000e+00   2.7489e+02
20251213_03:00:00   4.2047e-01   1.0038e+02   7.8036e+00   0.0000e+00   0.0000e+00   2.7675e+02
20251213_06:00:00   4.0090e-01   9.6609e+01   7.4233e+00   0.0000e+00   0.0000e+00   2.7687e+02
20251213_09:00:00   3.6920e-01   9.0353e+01   6.8427e+00   0.0000e+00   2.0300e-05   2.7898e+02
20251213_12:00:00   3.5719e-01   8.7796e+01   6.6318e+00   0.0000e+00   7.7106e-05   2.7329e+02
20251213_15:00:00   3.4751e-01   8.5776e+01   6.4556e+00   0.0000e+00   1.0236e-04   2.7401e+02
20251213_18:00:00   3.7611e-01   9.1272e+01   6.9774e+00   0.0000e+00   1.1631e-03   2.7250e+02
20251213_21:00:00   3.9317e-01   9.4855e+01   7.3129e+00   0.0000e+00   3.8225e-03   2.6597e+02
20251214_00:00:00   4.1481e-01   9.8709e+01   7.7428e+00   0.0000e+00   8.9683e-03   2.6170e+02
20251214_03:00:00   4.6359e-01   1.0672e+02   8.6720e+00   0.0000e+00   4.2355e-02   2.5777e+02
20251214_06:00:00   4.5724e-01   1.0569e+02   8.4827e+00   0.0000e+00   1.3331e-04   2.6026e+02
20251214_09:00:00   4.6042e-01   1.0560e+02   8.6887e+00   0.0000e+00   5.9158e-02   2.5796e+02
20251214_12:00:00   4.5261e-01   1.0377e+02   8.6704e+00   0.0000e+00   9.1964e-03   2.5970e+02
20251214_15:00:00   3.9585e-01   9.3846e+01   7.4977e+00   0.0000e+00   1.7861e-03   2.5887e+02
20251214_18:00:00   4.0020e-01   9.4992e+01   7.4903e+00   0.0000e+00   1.4494e-03   2.6280e+02
20251214_21:00:00   3.8464e-01   9.2528e+01   7.1522e+00   0.0000e+00   2.8883e-02   2.6513e+02
20251215_00:00:00   4.1990e-01   9.9216e+01   7.6704e+00   0.0000e+00   2.2235e-02   2.6852e+02
20251215_03:00:00   4.5956e-01   1.0578e+02   8.3480e+00   0.0000e+00   3.9078e-02   2.6963e+02
20251215_06:00:00   4.4867e-01   1.0350e+02   8.2394e+00   0.0000e+00   6.2637e-03   2.6836e+02
20251215_09:00:00   4.4692e-01   1.0291e+02   8.2671e+00   0.0000e+00   8.1218e-03   2.7247e+02
20251215_12:00:00   4.1800e-01   9.7701e+01   7.7410e+00   0.0000e+00   1.4701e-02   2.7146e+02
20251215_15:00:00   4.0054e-01   9.4538e+01   7.3764e+00   0.0000e+00   1.2224e-03   2.7334e+02
20251215_18:00:00   4.0568e-01   9.5640e+01   7.4320e+00   0.0000e+00   8.0199e-04   2.7347e+02
20251215_21:00:00   3.9928e-01   9.4896e+01   7.3715e+00   0.0000e+00   5.6741e-04   2.7277e+02
20251216_00:00:00   4.4270e-01   1.0266e+02   8.1816e+00   0.0000e+00   1.4197e-03   2.7205e+02
20251216_03:00:00   4.5964e-01   1.0542e+02   8.4492e+00   0.0000e+00   4.9040e-03   2.7484e+02
20251216_06:00:00   4.4570e-01   1.0290e+02   8.1772e+00   0.0000e+00   1.0224e-06   2.7428e+02
20251216_09:00:00   4.1647e-01   9.7484e+01   7.6845e+00   0.0000e+00   0.0000e+00   2.7262e+02
20251216_12:00:00   3.8532e-01   9.1770e+01   7.0804e+00   0.0000e+00   0.0000e+00   2.6978e+02
20251216_15:00:00   3.5345e-01   8.5700e+01   6.5156e+00   0.0000e+00   0.0000e+00   2.7076e+02
20251216_18:00:00   3.4053e-01   8.3425e+01   6.2969e+00   0.0000e+00   0.0000e+00   2.7284e+02
20251216_21:00:00   3.3741e-01   8.2770e+01   6.3801e+00   0.0000e+00   4.2722e-04   2.7446e+02
20251217_00:00:00   3.5016e-01   8.5331e+01   6.5969e+00   0.0000e+00   1.8295e-04   2.7219e+02
20251217_03:00:00   3.5088e-01   8.5400e+01   6.5679e+00   0.0000e+00   0.0000e+00   2.7252e+02
20251217_06:00:00   3.6813e-01   8.8458e+01   6.8568e+00   0.0000e+00   2.7599e-03   2.7106e+02
20251217_09:00:00   3.6093e-01   8.6954e+01   6.6606e+00   0.0000e+00   1.4968e-06   2.7443e+02
20251217_12:00:00   3.3630e-01   8.1937e+01   6.2222e+00   0.0000e+00   0.0000e+00   2.8020e+02
20251217_15:00:00   2.9977e-01   7.4760e+01   5.4749e+00   0.0000e+00   0.0000e+00   2.7921e+02
20251217_18:00:00   2.6846e-01   6.8985e+01   4.8130e+00   0.0000e+00   0.0000e+00   2.8491e+02
20251217_21:00:00   2.3463e-01   6.2260e+01   4.2010e+00   0.0000e+00   0.0000e+00   2.8373e+02
20251218_00:00:00   2.1964e-01   5.9345e+01   3.8639e+00   0.0000e+00   0.0000e+00   2.7872e+02
20251218_03:00:00   2.0299e-01   5.5425e+01   3.6287e+00   0.0000e+00   0.0000e+00   2.7826e+02
20251218_06:00:00   1.9611e-01   5.3718e+01   3.5312e+00   0.0000e+00   0.0000e+00   2.8236e+02
20251218_09:00:00   1.9272e-01   5.2746e+01   3.5166e+00   0.0000e+00   0.0000e+00   2.8061e+02
20251218_12:00:00   1.8942e-01   5.1796e+01   3.4877e+00   0.0000e+00   0.0000e+00   2.7982e+02
20251218_15:00:00   1.7576e-01   4.8731e+01   3.2470e+00   0.0000e+00   0.0000e+00   2.8020e+02
20251218_18:00:00   1.7677e-01   4.9237e+01   3.2518e+00   0.0000e+00   0.0000e+00   2.7879e+02
20251218_21:00:00   1.9135e-01   5.2823e+01   3.5655e+00   0.0000e+00   0.0000e+00   2.7744e+02
20251219_00:00:00   1.9531e-01   5.3829e+01   3.6514e+00   0.0000e+00   0.0000e+00   2.7562e+02
20251219_03:00:00   1.8378e-01   5.0984e+01   3.4633e+00   0.0000e+00   0.0000e+00   2.7859e+02
20251219_06:00:00   1.8628e-01   5.1303e+01   3.5619e+00   0.0000e+00   0.0000e+00   2.7884e+02
20251219_09:00:00   1.9059e-01   5.2074e+01   3.6776e+00   0.0000e+00   0.0000e+00   2.8206e+02
20251219_12:00:00   1.9430e-01   5.2898e+01   3.7343e+00   0.0000e+00   0.0000e+00   2.8448e+02
20251219_15:00:00   1.7859e-01   4.9578e+01   3.3474e+00   0.0000e+00   0.0000e+00   2.8191e+02
20251219_18:00:00   1.9676e-01   5.3702e+01   3.7144e+00   0.0000e+00   8.1920e-05   2.7668e+02
20251219_21:00:00   2.1450e-01   5.7885e+01   4.0884e+00   0.0000e+00   2.2844e-04   2.7005e+02
20251220_00:00:00   2.6204e-01   6.7944e+01   5.0714e+00   0.0000e+00   5.5823e-04   2.6995e+02
20251220_03:00:00   2.7107e-01   6.9558e+01   5.2410e+00   0.0000e+00   0.0000e+00   2.6836e+02
20251220_06:00:00   2.9269e-01   7.3587e+01   5.7318e+00   0.0000e+00   0.0000e+00   2.6920e+02
20251220_09:00:00   2.7820e-01   7.0797e+01   5.4067e+00   0.0000e+00   0.0000e+00   2.6800e+02
20251220_12:00:00   2.5413e-01   6.5955e+01   4.8401e+00   0.0000e+00   0.0000e+00   2.6464e+02
20251220_15:00:00   2.2364e-01   5.9281e+01   4.2712e+00   0.0000e+00   0.0000e+00   2.5823e+02
20251220_18:00:00   2.0219e-01   5.4859e+01   3.7872e+00   0.0000e+00   0.0000e+00   2.5667e+02
20251220_21:00:00   2.0004e-01   5.4595e+01   3.7796e+00   0.0000e+00   0.0000e+00   2.5801e+02
20251221_00:00:00   2.2831e-01   6.0878e+01   4.3881e+00   0.0000e+00   0.0000e+00   2.5981e+02
20251221_03:00:00   2.4885e-01   6.4852e+01   4.9202e+00   0.0000e+00   0.0000e+00   2.6296e+02
20251221_06:00:00   3.3897e-01   8.1830e+01   7.0926e+00   0.0000e+00   1.7563e-04   2.6580e+02
20251221_09:00:00   3.1255e-01   7.7617e+01   6.2061e+00   0.0000e+00   1.0979e-03   2.7343e+02
20251221_12:00:00   2.4200e-01   6.3660e+01   4.5966e+00   0.0000e+00   0.0000e+00   2.7249e+02
20251221_15:00:00   2.5140e-01   6.5630e+01   4.8002e+00   0.0000e+00   0.0000e+00   2.7442e+02
20251221_18:00:00   2.8109e-01   7.2264e+01   5.2855e+00   0.0000e+00   0.0000e+00   2.7194e+02
20251221_21:00:00   3.0247e-01   7.7070e+01   5.7434e+00   0.0000e+00   0.0000e+00   2.7148e+02
20251222_00:00:00   3.4441e-01   8.5292e+01   6.7315e+00   0.0000e+00   5.2600e-05   2.6654e+02
20251222_03:00:00   3.6183e-01   8.8213e+01   7.2766e+00   0.0000e+00   0.0000e+00   2.5924e+02
20251222_06:00:00   3.8212e-01   9.1671e+01   7.8190e+00   0.0000e+00   0.0000e+00   2.5542e+02
20251222_09:00:00   3.7578e-01   9.0395e+01   7.6954e+00   0.0000e+00   0.0000e+00   2.5496e+02
20251222_12:00:00   3.4233e-01   8.3995e+01   6.9941e+00   0.0000e+00   0.0000e+00   2.5350e+02
20251222_15:00:00   3.2898e-01   8.1424e+01   6.6890e+00   0.0000e+00   0.0000e+00   2.5108e+02
20251222_18:00:00   3.5056e-01   8.5958e+01   7.0352e+00   0.0000e+00   0.0000e+00   2.4899e+02
20251222_21:00:00   3.5420e-01   8.7134e+01   7.0839e+00   0.0000e+00   0.0000e+00   2.4640e+02
20251223_00:00:00   3.8362e-01   9.2761e+01   7.6737e+00   0.0000e+00   0.0000e+00   2.4320e+02
20251223_03:00:00   4.0948e-01   9.7636e+01   8.0397e+00   0.0000e+00   0.0000e+00   2.4778e+02
20251223_06:00:00   4.6402e-01   1.0702e+02   9.0141e+00   0.0000e+00   0.0000e+00   2.4808e+02
20251223_09:00:00   4.8780e-01   1.1086e+02   9.4688e+00   0.0000e+00   0.0000e+00   2.4826e+02
20251223_12:00:00   4.9051e-01   1.1135e+02   9.4867e+00   0.0000e+00   0.0000e+00   2.4758e+02
20251223_15:00:00   4.8260e-01   1.1010e+02   9.2790e+00   0.0000e+00   0.0000e+00   2.4906e+02
20251223_18:00:00   4.9317e-01   1.1220e+02   9.3869e+00   0.0000e+00   0.0000e+00   2.4423e+02
