#            date       tau255        Tb[K]      pwv[mm] lwp[kg*m^-2] iwp[kg*m^-2]       o3[DU]
20251204_12:00:00   3.1599e-01   7.6511e+01   5.6596e+00   0.0000e+00   2.3940e-04   3.0528e+02
20251204_13:00:00   3.0373e-01   7.4241e+01   5.4376e+00   0.0000e+00   4.0040e-06   3.0289e+02
20251204_14:00:00   3.0508e-01   7.4456e+01   5.5060e+00   0.0000e+00   1.2836e-04   3.0063e+02
20251204_15:00:00   3.1097e-01   7.5535e+01   5.6817e+00   0.0000e+00   3.5748e-03   3.0118e+02
20251204_16:00:00   3.1894e-01   7.7129e+01   5.8816e+00   0.0000e+00   5.8216e-04   3.0241e+02
20251204_17:00:00   3.2883e-01   7.9056e+01   6.1322e+00   0.0000e+00   5.1474e-05   3.0071e+02
20251204_18:00:00   3.3964e-01   8.1193e+01   6.3936e+00   0.0000e+00   6.5240e-05   2.9948e+02
20251204_19:00:00   3.5363e-01   8.3894e+01   6.7076e+00   0.0000e+00   7.3482e-04   2.9807e+02
20251204_20:00:00   3.7633e-01   8.8140e+01   7.2130e+00   0.0000e+00   1.7062e-03   2.9640e+02
20251204_21:00:00   4.0267e-01   9.2886e+01   7.7759e+00   0.0000e+00   2.5287e-03   2.9567e+02
20251204_22:00:00   4.3306e-01   9.8235e+01   8.3731e+00   0.0000e+00   4.2720e-03   2.9599e+02
20251204_23:00:00   4.7721e-01   1.0562e+02   9.2113e+00   0.0000e+00   1.4681e-02   2.9599e+02
20251205_00:00:00   5.1828e-01   1.1229e+02   9.9905e+00   0.0000e+00   2.1191e-02   2.9501e+02
20251205_01:00:00   5.3610e-01   1.1529e+02   1.0295e+01   0.0000e+00   2.9163e-03   2.9375e+02
20251205_02:00:00   5.3767e-01   1.1577e+02   1.0212e+01   0.0000e+00   0.0000e+00   2.9548e+02
20251205_03:00:00   5.5653e-01   1.1882e+02   1.0455e+01   0.0000e+00   3.0723e-04   2.9405e+02
20251205_04:00:00   5.8789e-01   1.2366e+02   1.0961e+01   0.0000e+00   1.6818e-03   2.9245e+02
20251205_05:00:00   6.2151e-01   1.2873e+02   1.1419e+01   1.0224e-06   1.9031e-04   2.9002e+02
20251205_06:00:00   6.4364e-01   1.3229e+02   1.1630e+01   0.0000e+00   1.0764e-06   2.8946e+02
20251205_07:00:00   6.6750e-01   1.3591e+02   1.1936e+01   0.0000e+00   1.7102e-05   2.9085e+02
20251205_08:00:00   7.0647e-01   1.4131e+02   1.2492e+01   0.0000e+00   0.0000e+00   2.8925e+02
20251205_09:00:00   7.3719e-01   1.4557e+02   1.2903e+01   0.0000e+00   0.0000e+00   2.8840e+02
20251205_10:00:00   7.5197e-01   1.4769e+02   1.3051e+01   0.0000e+00   0.0000e+00   2.8727e+02
20251205_11:00:00   7.5599e-01   1.4841e+02   1.3043e+01   0.0000e+00   0.0000e+00   2.8675e+02
20251205_12:00:00   7.5122e-01   1.4787e+02   1.2881e+01   0.0000e+00   0.0000e+00   2.8684e+02
20251205_13:00:00   7.3873e-01   1.4635e+02   1.2616e+01   0.0000e+00   0.0000e+00   2.8565e+02
20251205_14:00:00   7.4122e-01   1.4669e+02   1.2589e+01   0.0000e+00   0.0000e+00   2.8230e+02
20251205_15:00:00   7.3042e-01   1.4536e+02   1.2396e+01   0.0000e+00   0.0000e+00   2.8132e+02
20251205_16:00:00   7.4787e-01   1.4767e+02   1.2738e+01   0.0000e+00   0.0000e+00   2.8029e+02
20251205_17:00:00   7.7367e-01   1.5115e+02   1.3144e+01   0.0000e+00   0.0000e+00   2.8112e+02
20251205_18:00:00   7.6050e-01   1.4983e+02   1.3010e+01   0.0000e+00   0.0000e+00   2.8081e+02
20251205_19:00:00   7.5003e-01   1.4886e+02   1.2910e+01   0.0000e+00   0.0000e+00   2.8227e+02
20251205_20:00:00   7.5548e-01   1.4969e+02   1.3143e+01   0.0000e+00   1.8938e-04   2.8111e+02
20251205_21:00:00   7.3875e-01   1.4772e+02   1.2986e+01   0.0000e+00   0.0000e+00   2.7996e+02
20251205_22:00:00   7.3985e-01   1.4789e+02   1.3172e+01   0.0000e+00   0.0000e+00   2.8009e+02
20251205_23:00:00   7.3857e-01   1.4774e+02   1.3280e+01   0.0000e+00   9.4480e-06   2.7960e+02
20251206_00:00:00   7.2768e-01   1.4631e+02   1.3116e+01   0.0000e+00   0.0000e+00   2.7946e+02
20251206_01:00:00   7.2287e-01   1.4544e+02   1.3098e+01   0.0000e+00   0.0000e+00   2.7873e+02
20251206_02:00:00   7.0858e-01   1.4343e+02   1.2914e+01   0.0000e+00   0.0000e+00   2.7835e+02
20251206_03:00:00   7.0226e-01   1.4246e+02   1.2904e+01   0.0000e+00   1.0224e-06   2.7846e+02
20251206_04:00:00   6.9705e-01   1.4172e+02   1.2831e+01   0.0000e+00   0.0000e+00   2.7945e+02
20251206_05:00:00   6.5584e-01   1.3632e+02   1.1923e+01   0.0000e+00   0.0000e+00   2.8040e+02
20251206_06:00:00   6.2303e-01   1.3170e+02   1.1304e+01   0.0000e+00   0.0000e+00   2.8091e+02
20251206_07:00:00   5.9589e-01   1.2775e+02   1.0784e+01   0.0000e+00   0.0000e+00   2.8158e+02
20251206_08:00:00   5.7761e-01   1.2508e+02   1.0410e+01   0.0000e+00   0.0000e+00   2.8424e+02
20251206_09:00:00   5.6082e-01   1.2269e+02   1.0021e+01   0.0000e+00   0.0000e+00   2.8562e+02
20251206_10:00:00   5.6214e-01   1.2291e+02   1.0083e+01   0.0000e+00   0.0000e+00   2.8355e+02
20251206_11:00:00   5.7150e-01   1.2435e+02   1.0239e+01   0.0000e+00   0.0000e+00   2.8395e+02
20251206_12:00:00   5.7410e-01   1.2465e+02   1.0288e+01   0.0000e+00   0.0000e+00   2.8301e+02
20251206_13:00:00   5.4733e-01   1.2055e+02   9.8049e+00   0.0000e+00   0.0000e+00   2.8445e+02
20251206_14:00:00   5.5816e-01   1.2202e+02   1.0156e+01   0.0000e+00   0.0000e+00   2.8529e+02
20251206_15:00:00   5.8711e-01   1.2601e+02   1.0793e+01   0.0000e+00   0.0000e+00   2.8214e+02
20251206_16:00:00   5.8505e-01   1.2563e+02   1.0817e+01   0.0000e+00   0.0000e+00   2.7848e+02
20251206_17:00:00   5.8958e-01   1.2642e+02   1.0922e+01   0.0000e+00   0.0000e+00   2.7743e+02
20251206_18:00:00   5.9588e-01   1.2767e+02   1.1014e+01   0.0000e+00   0.0000e+00   2.7780e+02
20251206_19:00:00   6.0421e-01   1.2911e+02   1.1183e+01   0.0000e+00   0.0000e+00   2.7668e+02
20251206_20:00:00   6.1175e-01   1.3037e+02   1.1335e+01   0.0000e+00   0.0000e+00   2.7634e+02
20251206_21:00:00   6.1557e-01   1.3100e+02   1.1479e+01   0.0000e+00   0.0000e+00   2.7763e+02
20251206_22:00:00   6.2034e-01   1.3189e+02   1.1580e+01   0.0000e+00   0.0000e+00   2.7663e+02
20251206_23:00:00   6.1791e-01   1.3175e+02   1.1469e+01   0.0000e+00   0.0000e+00   2.7677e+02
20251207_00:00:00   6.1666e-01   1.3167e+02   1.1382e+01   0.0000e+00   0.0000e+00   2.7816e+02
20251207_01:00:00   6.0671e-01   1.3023e+02   1.1147e+01   0.0000e+00   0.0000e+00   2.7756e+02
20251207_02:00:00   6.0443e-01   1.2987e+02   1.1064e+01   0.0000e+00   1.5965e-04   2.7705e+02
20251207_03:00:00   5.9160e-01   1.2795e+02   1.0788e+01   0.0000e+00   1.3494e-04   2.7455e+02
20251207_04:00:00   5.6343e-01   1.2377e+02   1.0213e+01   0.0000e+00   0.0000e+00   2.7467e+02
20251207_05:00:00   5.3951e-01   1.2004e+02   9.7343e+00   0.0000e+00   0.0000e+00   2.7573e+02
20251207_06:00:00   5.2376e-01   1.1745e+02   9.4333e+00   0.0000e+00   0.0000e+00   2.7594e+02
20251207_07:00:00   5.1462e-01   1.1585e+02   9.2874e+00   0.0000e+00   0.0000e+00   2.7570e+02
20251207_08:00:00   5.0589e-01   1.1433e+02   9.1357e+00   0.0000e+00   4.7016e-05   2.7387e+02
20251207_09:00:00   4.8525e-01   1.1084e+02   8.7329e+00   0.0000e+00   1.0440e-03   2.7390e+02
20251207_10:00:00   4.6472e-01   1.0726e+02   8.3580e+00   0.0000e+00   1.8455e-03   2.7380e+02
20251207_11:00:00   4.5425e-01   1.0532e+02   8.1889e+00   0.0000e+00   1.7510e-03   2.7382e+02
20251207_12:00:00   4.4382e-01   1.0340e+02   8.0046e+00   0.0000e+00   2.7661e-04   2.7624e+02
20251207_13:00:00   4.4180e-01   1.0292e+02   7.9879e+00   0.0000e+00   3.3618e-04   2.7875e+02
20251207_14:00:00   4.4340e-01   1.0306e+02   8.0375e+00   0.0000e+00   9.8420e-06   2.8155e+02
20251207_15:00:00   4.4912e-01   1.0391e+02   8.1568e+00   0.0000e+00   1.8424e-04   2.8314e+02
20251207_16:00:00   4.5018e-01   1.0408e+02   8.1608e+00   0.0000e+00   6.6740e-07   2.8036e+02
20251207_17:00:00   4.6498e-01   1.0671e+02   8.3851e+00   0.0000e+00   2.0940e-05   2.7994e+02
20251207_18:00:00   4.7819e-01   1.0921e+02   8.5718e+00   0.0000e+00   1.3993e-04   2.8076e+02
20251207_19:00:00   4.8970e-01   1.1141e+02   8.7485e+00   0.0000e+00   1.4384e-04   2.8230e+02
20251207_20:00:00   4.8898e-01   1.1140e+02   8.7784e+00   0.0000e+00   1.2540e-03   2.8417e+02
20251207_21:00:00   4.9533e-01   1.1254e+02   8.9276e+00   0.0000e+00   3.9169e-03   2.8901e+02
20251207_22:00:00   5.1753e-01   1.1623e+02   9.3268e+00   0.0000e+00   4.4795e-03   2.9041e+02
20251207_23:00:00   5.5707e-01   1.2250e+02   1.0027e+01   0.0000e+00   3.0585e-03   2.8745e+02
20251208_00:00:00   5.7674e-01   1.2555e+02   1.0275e+01   0.0000e+00   1.4734e-03   2.8748e+02
20251208_01:00:00   5.7947e-01   1.2594e+02   1.0179e+01   0.0000e+00   2.0471e-03   2.8733e+02
20251208_02:00:00   5.9307e-01   1.2780e+02   1.0361e+01   0.0000e+00   1.7091e-03   2.8561e+02
20251208_03:00:00   6.1301e-01   1.3049e+02   1.0787e+01   0.0000e+00   1.7084e-04   2.8912e+02
20251208_04:00:00   5.8099e-01   1.2573e+02   1.0166e+01   0.0000e+00   6.2494e-06   2.9215e+02
20251208_05:00:00   5.5249e-01   1.2151e+02   9.5499e+00   0.0000e+00   0.0000e+00   2.9521e+02
20251208_06:00:00   5.3992e-01   1.1943e+02   9.3425e+00   0.0000e+00   0.0000e+00   2.9943e+02
20251208_07:00:00   5.4427e-01   1.1972e+02   9.5809e+00   0.0000e+00   0.0000e+00   3.0063e+02
20251208_08:00:00   5.5291e-01   1.2066e+02   9.8681e+00   0.0000e+00   7.1416e-05   3.0317e+02
20251208_09:00:00   5.4839e-01   1.1991e+02   9.6670e+00   0.0000e+00   0.0000e+00   3.0094e+02
20251208_10:00:00   5.1882e-01   1.1526e+02   9.0849e+00   0.0000e+00   9.7480e-06   2.9908e+02
20251208_11:00:00   5.1472e-01   1.1447e+02   9.0179e+00   0.0000e+00   4.2133e-05   2.9950e+02
20251208_12:00:00   5.1493e-01   1.1436e+02   9.0147e+00   0.0000e+00   0.0000e+00   3.0202e+02
20251208_13:00:00   4.9847e-01   1.1169e+02   8.6851e+00   0.0000e+00   0.0000e+00   3.0470e+02
20251208_14:00:00   5.0805e-01   1.1316e+02   8.8650e+00   0.0000e+00   0.0000e+00   2.9980e+02
20251208_15:00:00   5.0085e-01   1.1206e+02   8.7562e+00   0.0000e+00   0.0000e+00   2.9432e+02
20251208_16:00:00   5.0135e-01   1.1210e+02   8.8253e+00   0.0000e+00   9.1740e-06   2.9117e+02
20251208_17:00:00   5.1924e-01   1.1511e+02   9.1112e+00   0.0000e+00   0.0000e+00   2.9138e+02
20251208_18:00:00   5.0751e-01   1.1327e+02   9.0595e+00   0.0000e+00   3.7961e-05   2.9260e+02
20251208_19:00:00   5.0274e-01   1.1259e+02   9.1415e+00   0.0000e+00   8.6340e-05   2.9383e+02
20251208_20:00:00   4.9508e-01   1.1148e+02   9.1780e+00   0.0000e+00   2.6523e-04   2.9554e+02
20251208_21:00:00   5.1141e-01   1.1412e+02   9.6118e+00   0.0000e+00   1.2072e-03   2.9514e+02
20251208_22:00:00   5.2631e-01   1.1650e+02   9.9688e+00   0.0000e+00   3.2062e-05   2.9216e+02
20251208_23:00:00   5.4716e-01   1.1985e+02   1.0385e+01   0.0000e+00   9.4480e-06   2.8945e+02
20251209_00:00:00   5.9228e-01   1.2658e+02   1.1263e+01   0.0000e+00   1.7384e-05   2.8797e+02
20251209_01:00:00   5.8983e-01   1.2637e+02   1.1212e+01   0.0000e+00   8.0980e-08   2.8526e+02
20251209_02:00:00   5.9377e-01   1.2703e+02   1.1299e+01   0.0000e+00   9.7620e-06   2.8489e+02
20251209_03:00:00   5.8575e-01   1.2589e+02   1.1177e+01   0.0000e+00   0.0000e+00   2.8469e+02
20251209_04:00:00   5.6550e-01   1.2288e+02   1.0805e+01   0.0000e+00   1.0142e-04   2.8485e+02
20251209_05:00:00   5.2915e-01   1.1726e+02   1.0110e+01   0.0000e+00   1.1568e-04   2.8762e+02
20251209_06:00:00   5.0738e-01   1.1374e+02   9.7089e+00   0.0000e+00   1.0384e-04   2.8828e+02
20251209_07:00:00   5.0028e-01   1.1234e+02   9.6532e+00   0.0000e+00   1.5070e-04   2.8997e+02
20251209_08:00:00   4.9414e-01   1.1130e+02   9.6195e+00   0.0000e+00   9.7360e-06   2.8952e+02
20251209_09:00:00   4.6635e-01   1.0670e+02   8.9934e+00   0.0000e+00   5.1180e-05   2.8501e+02
20251209_10:00:00   4.3501e-01   1.0139e+02   8.3433e+00   0.0000e+00   2.3528e-04   2.7952e+02
20251209_11:00:00   4.2630e-01   9.9766e+01   8.1345e+00   0.0000e+00   1.8957e-03   2.7829e+02
20251209_12:00:00   4.1867e-01   9.8441e+01   7.9423e+00   0.0000e+00   1.1891e-03   2.7729e+02
20251209_15:00:00   4.0237e-01   9.5817e+01   7.6187e+00   0.0000e+00   7.5522e-03   2.8561e+02
20251209_18:00:00   4.5621e-01   1.0544e+02   8.6819e+00   0.0000e+00   1.0532e-02   2.8285e+02
20251209_21:00:00   4.9910e-01   1.1325e+02   9.6548e+00   0.0000e+00   2.6680e-04   2.8454e+02
20251210_00:00:00   5.6232e-01   1.2362e+02   1.0904e+01   0.0000e+00   3.1158e-04   2.8633e+02
20251210_03:00:00   6.6830e-01   1.3878e+02   1.2833e+01   0.0000e+00   9.7904e-05   2.8618e+02
20251210_06:00:00   7.2417e-01   1.4656e+02   1.3627e+01   0.0000e+00   1.7410e-03   2.8376e+02
20251210_09:00:00   7.3755e-01   1.4870e+02   1.3834e+01   0.0000e+00   1.0738e-03   2.8386e+02
20251210_12:00:00   7.5419e-01   1.5086e+02   1.4107e+01   0.0000e+00   1.5060e-03   2.8661e+02
20251210_15:00:00   7.2397e-01   1.4699e+02   1.3546e+01   0.0000e+00   7.5300e-06   2.9093e+02
20251210_18:00:00   7.3420e-01   1.4862e+02   1.3672e+01   0.0000e+00   0.0000e+00   2.8843e+02
20251210_21:00:00   6.6897e-01   1.4088e+02   1.2358e+01   0.0000e+00   0.0000e+00   2.8327e+02
20251211_00:00:00   6.6098e-01   1.3999e+02   1.2215e+01   0.0000e+00   2.1640e-06   2.7864e+02
20251211_03:00:00   6.7005e-01   1.4088e+02   1.2471e+01   0.0000e+00   5.3200e-06   2.7611e+02
20251211_06:00:00   5.6915e-01   1.2587e+02   1.0533e+01   0.0000e+00   0.0000e+00   2.7556e+02
20251211_09:00:00   5.1774e-01   1.1738e+02   9.4417e+00   0.0000e+00   0.0000e+00   2.7537e+02
20251211_12:00:00   4.4799e-01   1.0509e+02   8.1843e+00   0.0000e+00   0.0000e+00   2.7534e+02
20251211_15:00:00   4.3700e-01   1.0289e+02   7.8275e+00   0.0000e+00   0.0000e+00   2.7917e+02
20251211_18:00:00   4.5388e-01   1.0617e+02   8.0307e+00   0.0000e+00   0.0000e+00   2.8480e+02
20251211_21:00:00   4.5928e-01   1.0752e+02   8.2466e+00   0.0000e+00   0.0000e+00   2.8834e+02
20251212_00:00:00   4.7051e-01   1.0951e+02   8.4746e+00   0.0000e+00   0.0000e+00   2.9070e+02
20251212_03:00:00   5.0021e-01   1.1438e+02   8.8986e+00   0.0000e+00   0.0000e+00   2.9111e+02
20251212_06:00:00   5.1667e-01   1.1692e+02   9.0783e+00   0.0000e+00   0.0000e+00   2.9238e+02
20251212_09:00:00   4.9824e-01   1.1372e+02   8.7718e+00   0.0000e+00   0.0000e+00   2.9000e+02
20251212_12:00:00   4.4608e-01   1.0454e+02   7.8830e+00   0.0000e+00   0.0000e+00   2.9073e+02
20251212_15:00:00   4.1713e-01   9.9158e+01   7.4103e+00   0.0000e+00   0.0000e+00   2.9065e+02
20251212_18:00:00   4.3233e-01   1.0209e+02   7.6762e+00   0.0000e+00   7.3052e-05   2.9070e+02
20251212_21:00:00   4.3917e-01   1.0369e+02   7.9441e+00   0.0000e+00   1.4798e-04   2.9096e+02
20251213_00:00:00   5.0061e-01   1.1438e+02   8.9530e+00   0.0000e+00   1.0598e-03   2.8919e+02
20251213_03:00:00   4.8428e-01   1.1103e+02   8.5735e+00   0.0000e+00   1.4361e-03   2.8430e+02
20251213_06:00:00   4.3831e-01   1.0272e+02   7.7532e+00   0.0000e+00   1.0389e-03   2.8190e+02
20251213_09:00:00   3.9380e-01   9.4431e+01   6.9573e+00   0.0000e+00   0.0000e+00   2.8253e+02
20251213_12:00:00   2.9646e-01   7.5483e+01   5.1792e+00   0.0000e+00   0.0000e+00   2.8186e+02
20251213_15:00:00   2.6979e-01   6.9384e+01   4.9102e+00   0.0000e+00   0.0000e+00   2.7775e+02
20251213_18:00:00   2.7795e-01   7.0846e+01   5.2368e+00   0.0000e+00   1.6852e-05   2.7589e+02
20251213_21:00:00   2.8447e-01   7.2299e+01   5.4459e+00   0.0000e+00   1.8186e-04   2.7661e+02
20251214_00:00:00   3.6423e-01   8.7826e+01   7.0330e+00   0.0000e+00   5.4079e-04   2.7544e+02
20251214_03:00:00   4.4595e-01   1.0238e+02   8.4269e+00   0.0000e+00   1.5268e-04   2.7473e+02
20251214_06:00:00   4.5203e-01   1.0273e+02   8.7029e+00   0.0000e+00   2.3291e-03   2.7368e+02
20251214_09:00:00   4.5460e-01   1.0280e+02   8.8316e+00   0.0000e+00   1.6264e-03   2.7144e+02
20251214_12:00:00   4.5716e-01   1.0343e+02   8.8036e+00   0.0000e+00   4.1042e-03   2.6969e+02
20251214_15:00:00   4.1863e-01   9.7379e+01   7.7424e+00   0.0000e+00   8.1151e-03   2.7547e+02
20251214_18:00:00   3.9113e-01   9.2990e+01   7.0899e+00   0.0000e+00   4.6580e-03   2.7380e+02
20251214_21:00:00   3.8161e-01   9.1549e+01   6.9908e+00   0.0000e+00   4.6216e-03   2.6844e+02
20251215_00:00:00   4.2294e-01   9.9113e+01   7.5635e+00   0.0000e+00   2.0637e-02   2.6844e+02
20251215_03:00:00   3.8594e-01   9.2141e+01   6.7416e+00   0.0000e+00   4.4277e-03   2.7002e+02
20251215_06:00:00   3.4295e-01   8.4073e+01   5.9330e+00   0.0000e+00   3.6065e-03   2.7222e+02
20251215_09:00:00   3.3072e-01   8.1270e+01   5.8864e+00   0.0000e+00   8.8920e-03   2.7218e+02
20251215_12:00:00   3.2618e-01   7.9833e+01   6.0244e+00   0.0000e+00   2.6036e-03   2.7363e+02
20251215_15:00:00   3.0218e-01   7.5042e+01   5.6029e+00   0.0000e+00   4.8272e-03   2.7768e+02
20251215_18:00:00   3.6407e-01   8.6875e+01   6.9252e+00   0.0000e+00   5.9121e-04   2.7886e+02
20251215_21:00:00   3.9590e-01   9.3054e+01   7.5964e+00   0.0000e+00   0.0000e+00   2.7651e+02
20251216_00:00:00   4.3553e-01   1.0053e+02   8.1593e+00   0.0000e+00   2.2920e-04   2.7301e+02
20251216_03:00:00   4.4160e-01   1.0118e+02   8.1976e+00   0.0000e+00   7.5961e-05   2.7390e+02
20251216_06:00:00   4.3563e-01   9.9663e+01   8.1861e+00   0.0000e+00   3.5615e-04   2.7281e+02
20251216_09:00:00   4.2336e-01   9.7150e+01   8.0538e+00   0.0000e+00   1.2287e-02   2.7408e+02
20251216_12:00:00   4.4351e-01   1.0027e+02   8.5121e+00   0.0000e+00   4.0597e-03   2.7182e+02
20251216_15:00:00   4.4985e-01   1.0141e+02   8.4798e+00   0.0000e+00   1.7726e-04   2.7501e+02
20251216_18:00:00   5.5811e-01   1.1960e+02   1.0147e+01   2.1866e-06   7.8328e-04   2.7928e+02
20251216_21:00:00   7.3562e-01   1.4587e+02   1.2838e+01   2.5102e-06   3.9477e-03   2.7747e+02
20251217_00:00:00   6.7876e-01   1.3954e+02   1.1428e+01   1.5054e-03   9.1282e-05   2.7579e+02
20251217_03:00:00   6.0189e-01   1.2830e+02   1.0011e+01   3.0758e-04   4.0327e-06   2.7640e+02
20251217_06:00:00   5.2895e-01   1.1661e+02   8.8829e+00   3.1580e-06   1.1740e-06   2.7930e+02
20251217_09:00:00   4.9362e-01   1.1072e+02   8.3812e+00   4.5360e-05   1.9436e-06   2.8209e+02
20251217_12:00:00   4.9694e-01   1.1097e+02   8.5719e+00   7.1182e-05   3.1986e-04   2.8187e+02
20251217_15:00:00   5.7392e-01   1.2267e+02   1.0211e+01   2.3588e-04   2.2349e-03   2.8028e+02
20251217_18:00:00   6.5055e-01   1.3393e+02   1.2071e+01   7.9370e-05   3.3679e-04   2.7857e+02
20251217_21:00:00   7.5050e-01   1.4815e+02   1.3920e+01   1.7168e-05   3.0971e-04   2.7937e+02
20251218_00:00:00   8.6459e-01   1.6237e+02   1.5773e+01   2.9160e-05   5.8329e-04   2.7834e+02
20251218_03:00:00   9.5746e-01   1.7201e+02   1.7013e+01   4.6470e-04   1.1129e-03   2.7881e+02
20251218_06:00:00   1.1893e+00   1.9375e+02   1.9294e+01   3.0836e-02   4.4745e-03   2.7741e+02
20251218_09:00:00   1.3307e+00   2.0492e+02   2.0512e+01   5.0085e-02   7.5472e-03   2.7888e+02
20251218_12:00:00   1.4046e+00   2.1049e+02   2.1295e+01   4.9044e-02   8.5498e-03   2.8515e+02
20251218_15:00:00   1.3989e+00   2.1030e+02   2.2286e+01   1.5143e-02   1.0574e-02   2.8961e+02
20251218_18:00:00   1.4378e+00   2.1367e+02   2.2726e+01   1.8658e-02   4.0158e-03   2.9212e+02
20251218_21:00:00   1.6279e+00   2.2562e+02   2.3494e+01   8.0693e-02   1.3750e-02   2.9145e+02
20251219_00:00:00   1.4836e+00   2.1706e+02   2.3957e+01   4.4438e-03   7.4694e-02   2.9236e+02
20251219_03:00:00   1.5571e+00   2.2060e+02   2.4267e+01   1.6899e-02   9.4677e-02   2.9170e+02
20251219_06:00:00   1.3415e+00   2.0766e+02   2.0798e+01   9.8982e-03   1.0728e-02   2.9586e+02
20251219_09:00:00   1.1153e+00   1.8994e+02   1.7428e+01   7.3818e-03   1.9194e-04   3.0128e+02
20251219_12:00:00   9.1173e-01   1.6967e+02   1.5009e+01   6.7674e-04   1.5986e-03   2.9657e+02
20251219_15:00:00   8.5193e-01   1.6238e+02   1.4336e+01   8.6587e-05   5.9770e-04   2.9177e+02
20251219_18:00:00   8.8870e-01   1.6673e+02   1.5380e+01   4.2347e-05   5.7522e-03   2.8721e+02
20251219_21:00:00   1.0114e+00   1.7979e+02   1.7938e+01   2.6720e-03   1.0201e-02   2.7640e+02
20251220_00:00:00   1.2055e+00   1.9746e+02   2.1078e+01   1.9526e-03   1.7961e-03   2.6885e+02
20251220_03:00:00   1.7798e+00   2.3311e+02   2.2764e+01   1.7828e-01   3.3337e-03   2.6887e+02
20251220_06:00:00   2.0463e+00   2.4409e+02   2.3648e+01   2.4888e-01   7.5973e-03   2.6650e+02
20251220_09:00:00   1.7949e+00   2.3473e+02   2.4918e+01   1.1716e-01   5.9459e-03   2.6373e+02
20251220_12:00:00   1.8800e+00   2.3865e+02   2.5865e+01   1.3097e-01   1.1833e-02   2.6520e+02
