#            date       tau255        Tb[K]      pwv[mm] lwp[kg*m^-2] iwp[kg*m^-2]       o3[DU]
20251206_06:00:00   5.3917e-01   1.1930e+02   9.7587e+00   0.0000e+00   0.0000e+00   2.8033e+02
20251206_07:00:00   5.0642e-01   1.1410e+02   9.1376e+00   0.0000e+00   0.0000e+00   2.8182e+02
20251206_08:00:00   4.9243e-01   1.1173e+02   8.9435e+00   0.0000e+00   0.0000e+00   2.8125e+02
20251206_09:00:00   4.8257e-01   1.1004e+02   8.8053e+00   0.0000e+00   0.0000e+00   2.8306e+02
20251206_10:00:00   4.8446e-01   1.1030e+02   8.8819e+00   0.0000e+00   0.0000e+00   2.8479e+02
20251206_11:00:00   4.8824e-01   1.1081e+02   8.9767e+00   0.0000e+00   0.0000e+00   2.8302e+02
20251206_12:00:00   4.7876e-01   1.0913e+02   8.8506e+00   0.0000e+00   0.0000e+00   2.8242e+02
20251206_13:00:00   4.7184e-01   1.0789e+02   8.6978e+00   0.0000e+00   0.0000e+00   2.8258e+02
20251206_14:00:00   4.6099e-01   1.0600e+02   8.5257e+00   0.0000e+00   0.0000e+00   2.8336e+02
20251206_15:00:00   4.4998e-01   1.0393e+02   8.4266e+00   0.0000e+00   0.0000e+00   2.8323e+02
20251206_16:00:00   4.9786e-01   1.1151e+02   9.4907e+00   0.0000e+00   2.2234e-04   2.7834e+02
20251206_17:00:00   5.2671e-01   1.1636e+02   1.0001e+01   0.0000e+00   0.0000e+00   2.7486e+02
20251206_18:00:00   5.4420e-01   1.1945e+02   1.0232e+01   0.0000e+00   0.0000e+00   2.7523e+02
20251206_19:00:00   5.6193e-01   1.2218e+02   1.0669e+01   0.0000e+00   3.0781e-04   2.7610e+02
20251206_20:00:00   5.8676e-01   1.2607e+02   1.1177e+01   0.0000e+00   1.0840e-04   2.7578e+02
20251206_21:00:00   6.0818e-01   1.2941e+02   1.1571e+01   0.0000e+00   4.8401e-04   2.7388e+02
20251206_22:00:00   6.3401e-01   1.3341e+02   1.2012e+01   0.0000e+00   5.5177e-04   2.7473e+02
20251206_23:00:00   6.6839e-01   1.3849e+02   1.2500e+01   0.0000e+00   0.0000e+00   2.7679e+02
20251207_00:00:00   7.0092e-01   1.4301e+02   1.2947e+01   0.0000e+00   0.0000e+00   2.7746e+02
20251207_01:00:00   7.2679e-01   1.4641e+02   1.3256e+01   0.0000e+00   0.0000e+00   2.7842e+02
20251207_02:00:00   7.5063e-01   1.4936e+02   1.3629e+01   0.0000e+00   0.0000e+00   2.7963e+02
20251207_03:00:00   7.6464e-01   1.5100e+02   1.3853e+01   0.0000e+00   0.0000e+00   2.7955e+02
20251207_04:00:00   7.7709e-01   1.5247e+02   1.4067e+01   0.0000e+00   0.0000e+00   2.8158e+02
20251207_05:00:00   7.6305e-01   1.5078e+02   1.3765e+01   0.0000e+00   0.0000e+00   2.8001e+02
20251207_06:00:00   7.3848e-01   1.4777e+02   1.3320e+01   0.0000e+00   0.0000e+00   2.8074e+02
20251207_07:00:00   7.1887e-01   1.4533e+02   1.2890e+01   0.0000e+00   0.0000e+00   2.8057e+02
20251207_08:00:00   7.0714e-01   1.4380e+02   1.2652e+01   0.0000e+00   0.0000e+00   2.8203e+02
20251207_09:00:00   6.9439e-01   1.4207e+02   1.2425e+01   0.0000e+00   0.0000e+00   2.8230e+02
20251207_10:00:00   6.7067e-01   1.3882e+02   1.1990e+01   0.0000e+00   3.4157e-05   2.8283e+02
20251207_11:00:00   6.4496e-01   1.3528e+02   1.1456e+01   0.0000e+00   0.0000e+00   2.8312e+02
20251207_12:00:00   6.2468e-01   1.3230e+02   1.1070e+01   0.0000e+00   4.9196e-05   2.8404e+02
20251207_13:00:00   6.0822e-01   1.2986e+02   1.0791e+01   0.0000e+00   6.8167e-04   2.8586e+02
20251207_14:00:00   5.9287e-01   1.2758e+02   1.0500e+01   0.0000e+00   4.3331e-04   2.8883e+02
20251207_15:00:00   5.7611e-01   1.2500e+02   1.0195e+01   0.0000e+00   4.6325e-04   2.9022e+02
20251207_16:00:00   5.5787e-01   1.2217e+02   9.8922e+00   0.0000e+00   8.2455e-04   2.9038e+02
20251207_17:00:00   5.5198e-01   1.2133e+02   9.7629e+00   0.0000e+00   3.4530e-04   2.9183e+02
20251207_18:00:00   5.3764e-01   1.1925e+02   9.5237e+00   0.0000e+00   5.4939e-04   2.9338e+02
20251207_19:00:00   5.2224e-01   1.1693e+02   9.2959e+00   0.0000e+00   2.4384e-04   2.9486e+02
20251207_20:00:00   5.1805e-01   1.1636e+02   9.2604e+00   0.0000e+00   1.8740e-04   2.9467e+02
20251207_21:00:00   5.2380e-01   1.1742e+02   9.3980e+00   0.0000e+00   4.3806e-04   2.9494e+02
20251207_22:00:00   5.3845e-01   1.1985e+02   9.6816e+00   0.0000e+00   8.5618e-04   2.9624e+02
20251207_23:00:00   5.6471e-01   1.2404e+02   1.0124e+01   0.0000e+00   5.0565e-04   2.9608e+02
20251208_00:00:00   5.9375e-01   1.2842e+02   1.0569e+01   0.0000e+00   7.4906e-04   2.9193e+02
20251208_01:00:00   6.1452e-01   1.3136e+02   1.0817e+01   0.0000e+00   2.0301e-03   2.9018e+02
20251208_02:00:00   6.2117e-01   1.3214e+02   1.0826e+01   0.0000e+00   2.4137e-03   2.9007e+02
20251208_03:00:00   6.1661e-01   1.3128e+02   1.0744e+01   0.0000e+00   6.1339e-03   2.8863e+02
20251208_04:00:00   5.8377e-01   1.2643e+02   1.0095e+01   0.0000e+00   1.7288e-03   2.8832e+02
20251208_05:00:00   5.8527e-01   1.2635e+02   1.0257e+01   0.0000e+00   5.8983e-05   2.8997e+02
20251208_06:00:00   5.4985e-01   1.2121e+02   9.4559e+00   0.0000e+00   0.0000e+00   2.9102e+02
20251208_07:00:00   5.4619e-01   1.2043e+02   9.4502e+00   0.0000e+00   0.0000e+00   2.9156e+02
20251208_08:00:00   5.3611e-01   1.1865e+02   9.3451e+00   0.0000e+00   0.0000e+00   2.9369e+02
20251208_09:00:00   5.2577e-01   1.1688e+02   9.2331e+00   0.0000e+00   0.0000e+00   2.9558e+02
20251208_10:00:00   5.1832e-01   1.1557e+02   9.1399e+00   0.0000e+00   0.0000e+00   2.9848e+02
20251208_11:00:00   5.2219e-01   1.1607e+02   9.2122e+00   0.0000e+00   0.0000e+00   2.9874e+02
20251208_12:00:00   5.1800e-01   1.1520e+02   9.1999e+00   0.0000e+00   6.1340e-06   2.9572e+02
20251208_13:00:00   5.2329e-01   1.1585e+02   9.3788e+00   0.0000e+00   4.5077e-04   2.9235e+02
20251208_14:00:00   5.1583e-01   1.1461e+02   9.2754e+00   0.0000e+00   0.0000e+00   2.9363e+02
20251208_15:00:00   5.0729e-01   1.1320e+02   9.1616e+00   0.0000e+00   0.0000e+00   2.9479e+02
20251208_16:00:00   4.9638e-01   1.1150e+02   8.9581e+00   0.0000e+00   0.0000e+00   2.9487e+02
20251208_17:00:00   4.9165e-01   1.1095e+02   8.8179e+00   0.0000e+00   1.4470e-03   2.9550e+02
20251208_18:00:00   4.5183e-01   1.0470e+02   7.9618e+00   0.0000e+00   7.7710e-03   2.9687e+02
20251208_19:00:00   4.3831e-01   1.0264e+02   7.6652e+00   0.0000e+00   6.5160e-03   2.9678e+02
20251208_20:00:00   4.3503e-01   1.0225e+02   7.6193e+00   0.0000e+00   1.0707e-03   2.9640e+02
20251208_21:00:00   4.2037e-01   9.9782e+01   7.4357e+00   0.0000e+00   1.1454e-04   2.9277e+02
20251208_22:00:00   4.2450e-01   1.0054e+02   7.5861e+00   0.0000e+00   0.0000e+00   2.9219e+02
20251208_23:00:00   4.3977e-01   1.0330e+02   7.9216e+00   0.0000e+00   1.0224e-06   2.8847e+02
20251209_00:00:00   4.6074e-01   1.0695e+02   8.3090e+00   0.0000e+00   1.8542e-05   2.8891e+02
20251209_01:00:00   4.8260e-01   1.1046e+02   8.6855e+00   0.0000e+00   0.0000e+00   2.8995e+02
20251209_02:00:00   4.6649e-01   1.0765e+02   8.4106e+00   0.0000e+00   1.2516e-05   2.9180e+02
20251209_03:00:00   4.6644e-01   1.0750e+02   8.4972e+00   0.0000e+00   1.8350e-05   2.9749e+02
20251209_04:00:00   4.6759e-01   1.0767e+02   8.5071e+00   0.0000e+00   8.4260e-06   3.0257e+02
20251209_05:00:00   4.6662e-01   1.0735e+02   8.5808e+00   0.0000e+00   1.6563e-05   2.9967e+02
20251209_06:00:00   4.8337e-01   1.0997e+02   9.0307e+00   0.0000e+00   1.6666e-04   2.9860e+02
20251209_07:00:00   4.8932e-01   1.1072e+02   9.2321e+00   0.0000e+00   2.4040e-04   2.9617e+02
20251209_08:00:00   4.8497e-01   1.0980e+02   9.2654e+00   0.0000e+00   4.8240e-03   2.9463e+02
20251209_09:00:00   5.0658e-01   1.1299e+02   9.8494e+00   0.0000e+00   4.4432e-03   2.9114e+02
20251209_10:00:00   5.3277e-01   1.1705e+02   1.0454e+01   0.0000e+00   2.1019e-04   2.8782e+02
20251209_11:00:00   5.3830e-01   1.1806e+02   1.0543e+01   0.0000e+00   0.0000e+00   2.8321e+02
20251209_12:00:00   5.4679e-01   1.1950e+02   1.0724e+01   0.0000e+00   8.7780e-05   2.8090e+02
20251209_13:00:00   5.3745e-01   1.1817e+02   1.0525e+01   0.0000e+00   3.9820e-05   2.8080e+02
20251209_14:00:00   5.3919e-01   1.1843e+02   1.0524e+01   0.0000e+00   3.9566e-05   2.7962e+02
20251209_15:00:00   5.4153e-01   1.1880e+02   1.0577e+01   0.0000e+00   3.0746e-04   2.7867e+02
20251209_16:00:00   5.4994e-01   1.2011e+02   1.0730e+01   0.0000e+00   6.4857e-04   2.7792e+02
20251209_17:00:00   5.4752e-01   1.2010e+02   1.0601e+01   0.0000e+00   1.0621e-04   2.7701e+02
20251209_18:00:00   5.4069e-01   1.1945e+02   1.0414e+01   0.0000e+00   1.1128e-04   2.7695e+02
20251209_19:00:00   5.3954e-01   1.1962e+02   1.0367e+01   0.0000e+00   1.8142e-04   2.7760e+02
20251209_20:00:00   5.5263e-01   1.2187e+02   1.0635e+01   0.0000e+00   7.5977e-04   2.7822e+02
20251209_21:00:00   5.7596e-01   1.2562e+02   1.1071e+01   0.0000e+00   2.5221e-04   2.7836e+02
20251209_22:00:00   5.9752e-01   1.2902e+02   1.1447e+01   0.0000e+00   2.6405e-04   2.8101e+02
20251209_23:00:00   6.2132e-01   1.3275e+02   1.1772e+01   0.0000e+00   3.2037e-03   2.8428e+02
20251210_00:00:00   6.2437e-01   1.3324e+02   1.1769e+01   0.0000e+00   7.0203e-03   2.8902e+02
20251210_01:00:00   6.3576e-01   1.3498e+02   1.1918e+01   0.0000e+00   5.4220e-03   2.8817e+02
20251210_02:00:00   6.5160e-01   1.3733e+02   1.2196e+01   0.0000e+00   1.0590e-02   2.8728e+02
20251210_03:00:00   6.8492e-01   1.4197e+02   1.2744e+01   0.0000e+00   5.0533e-02   2.8956e+02
20251210_04:00:00   7.1661e-01   1.4623e+02   1.3319e+01   0.0000e+00   3.5651e-02   2.9058e+02
20251210_05:00:00   7.4223e-01   1.4951e+02   1.3807e+01   0.0000e+00   3.1876e-02   2.9211e+02
20251210_06:00:00   7.5965e-01   1.5176e+02   1.4130e+01   0.0000e+00   7.6241e-02   2.9336e+02
20251210_07:00:00   7.4327e-01   1.4979e+02   1.3902e+01   0.0000e+00   2.8981e-02   2.9354e+02
20251210_08:00:00   7.4261e-01   1.4974e+02   1.3838e+01   0.0000e+00   1.3383e-03   2.9331e+02
20251210_09:00:00   7.4690e-01   1.5030e+02   1.3780e+01   0.0000e+00   4.3883e-05   2.9359e+02
20251210_10:00:00   7.4043e-01   1.4953e+02   1.3591e+01   0.0000e+00   1.6852e-05   2.9371e+02
20251210_11:00:00   7.3699e-01   1.4905e+02   1.3437e+01   0.0000e+00   0.0000e+00   2.9368e+02
20251210_12:00:00   7.1883e-01   1.4671e+02   1.3110e+01   0.0000e+00   1.6196e-07   2.9326e+02
20251210_13:00:00   7.3409e-01   1.4867e+02   1.3332e+01   0.0000e+00   1.0224e-06   2.9146e+02
20251210_14:00:00   7.4954e-01   1.5062e+02   1.3538e+01   0.0000e+00   0.0000e+00   2.8903e+02
20251210_15:00:00   7.4795e-01   1.5046e+02   1.3545e+01   0.0000e+00   0.0000e+00   2.8943e+02
20251210_16:00:00   7.4703e-01   1.5041e+02   1.3560e+01   0.0000e+00   0.0000e+00   2.9049e+02
20251210_17:00:00   7.4399e-01   1.5017e+02   1.3502e+01   0.0000e+00   0.0000e+00   2.8866e+02
20251210_18:00:00   7.4695e-01   1.5080e+02   1.3617e+01   0.0000e+00   0.0000e+00   2.8813e+02
20251210_19:00:00   7.4288e-01   1.5045e+02   1.3669e+01   0.0000e+00   0.0000e+00   2.8576e+02
20251210_20:00:00   7.2807e-01   1.4875e+02   1.3511e+01   0.0000e+00   0.0000e+00   2.8436e+02
20251210_21:00:00   7.2536e-01   1.4854e+02   1.3510e+01   0.0000e+00   0.0000e+00   2.8184e+02
20251210_22:00:00   7.4885e-01   1.5155e+02   1.4037e+01   0.0000e+00   0.0000e+00   2.8145e+02
20251210_23:00:00   7.8350e-01   1.5579e+02   1.4779e+01   0.0000e+00   0.0000e+00   2.8225e+02
20251211_00:00:00   7.6646e-01   1.5379e+02   1.4403e+01   0.0000e+00   0.0000e+00   2.8304e+02
20251211_01:00:00   7.5966e-01   1.5285e+02   1.4273e+01   0.0000e+00   0.0000e+00   2.8329e+02
20251211_02:00:00   7.5787e-01   1.5251e+02   1.4240e+01   0.0000e+00   0.0000e+00   2.8358e+02
20251211_03:00:00   7.3587e-01   1.4964e+02   1.3791e+01   0.0000e+00   0.0000e+00   2.8506e+02
20251211_04:00:00   7.1221e-01   1.4640e+02   1.3371e+01   0.0000e+00   0.0000e+00   2.8487e+02
20251211_05:00:00   6.8558e-01   1.4276e+02   1.2841e+01   0.0000e+00   0.0000e+00   2.8484e+02
20251211_06:00:00   6.6927e-01   1.4037e+02   1.2533e+01   0.0000e+00   0.0000e+00   2.8407e+02
20251211_09:00:00   6.3699e-01   1.3547e+02   1.1926e+01   0.0000e+00   0.0000e+00   2.8173e+02
20251211_12:00:00   5.8217e-01   1.2720e+02   1.0737e+01   0.0000e+00   0.0000e+00   2.8179e+02
20251211_15:00:00   5.4732e-01   1.2153e+02   9.9808e+00   0.0000e+00   8.1620e-06   2.7943e+02
20251211_18:00:00   5.7905e-01   1.2660e+02   1.0448e+01   0.0000e+00   1.4968e-06   2.7825e+02
20251211_21:00:00   6.0639e-01   1.3132e+02   1.1078e+01   0.0000e+00   0.0000e+00   2.8657e+02
20251212_00:00:00   6.3054e-01   1.3518e+02   1.1403e+01   0.0000e+00   0.0000e+00   2.8855e+02
20251212_03:00:00   6.0443e-01   1.3104e+02   1.0812e+01   0.0000e+00   0.0000e+00   2.9025e+02
20251212_06:00:00   5.9585e-01   1.2950e+02   1.0304e+01   0.0000e+00   0.0000e+00   2.9012e+02
20251212_09:00:00   5.5897e-01   1.2349e+02   9.6175e+00   0.0000e+00   0.0000e+00   2.8593e+02
20251212_12:00:00   5.1988e-01   1.1698e+02   8.9459e+00   0.0000e+00   0.0000e+00   2.8576e+02
20251212_15:00:00   4.9466e-01   1.1261e+02   8.6289e+00   0.0000e+00   0.0000e+00   2.8196e+02
20251212_18:00:00   4.7900e-01   1.1015e+02   8.5168e+00   0.0000e+00   0.0000e+00   2.7988e+02
20251212_21:00:00   4.6922e-01   1.0884e+02   8.5781e+00   0.0000e+00   0.0000e+00   2.8776e+02
20251213_00:00:00   5.0388e-01   1.1519e+02   9.0673e+00   0.0000e+00   0.0000e+00   2.8492e+02
20251213_03:00:00   5.1252e-01   1.1649e+02   9.0580e+00   0.0000e+00   0.0000e+00   2.8230e+02
20251213_06:00:00   4.8350e-01   1.1159e+02   8.4923e+00   0.0000e+00   0.0000e+00   2.7222e+02
20251213_09:00:00   4.5347e-01   1.0624e+02   8.0428e+00   0.0000e+00   0.0000e+00   2.7004e+02
20251213_12:00:00   4.3289e-01   1.0243e+02   7.7816e+00   0.0000e+00   0.0000e+00   2.7045e+02
20251213_15:00:00   4.1200e-01   9.8485e+01   7.4814e+00   0.0000e+00   0.0000e+00   2.6746e+02
20251213_18:00:00   4.1465e-01   9.9076e+01   7.5296e+00   0.0000e+00   0.0000e+00   2.6299e+02
20251213_21:00:00   4.0909e-01   9.8428e+01   7.5040e+00   0.0000e+00   0.0000e+00   2.5997e+02
20251214_00:00:00   4.4349e-01   1.0472e+02   8.1804e+00   0.0000e+00   4.0880e-06   2.6002e+02
20251214_03:00:00   4.5714e-01   1.0679e+02   8.4333e+00   0.0000e+00   8.8810e-03   2.5460e+02
20251214_06:00:00   4.3254e-01   1.0205e+02   8.0702e+00   0.0000e+00   8.3940e-06   2.5242e+02
20251214_09:00:00   4.1937e-01   9.9219e+01   7.8953e+00   0.0000e+00   1.1311e-03   2.5578e+02
20251214_12:00:00   4.0353e-01   9.6059e+01   7.5881e+00   0.0000e+00   7.7608e-03   2.5662e+02
20251214_15:00:00   3.8523e-01   9.2387e+01   7.2507e+00   0.0000e+00   5.5298e-02   2.6045e+02
20251214_18:00:00   3.9632e-01   9.4459e+01   7.4542e+00   0.0000e+00   3.9369e-02   2.6108e+02
20251214_21:00:00   4.1558e-01   9.8008e+01   7.9100e+00   0.0000e+00   2.7590e-02   2.5732e+02
20251215_00:00:00   4.6440e-01   1.0672e+02   8.7128e+00   0.0000e+00   3.9823e-02   2.5631e+02
20251215_03:00:00   4.8170e-01   1.0968e+02   8.8326e+00   0.0000e+00   4.9634e-02   2.6052e+02
20251215_06:00:00   4.9931e-01   1.1198e+02   9.3535e+00   0.0000e+00   2.2433e-02   2.6455e+02
20251215_09:00:00   4.7744e-01   1.0833e+02   8.9044e+00   0.0000e+00   3.4270e-03   2.7031e+02
20251215_12:00:00   4.6492e-01   1.0603e+02   8.6767e+00   0.0000e+00   6.2055e-04   2.7098e+02
20251215_15:00:00   4.8020e-01   1.0831e+02   8.9853e+00   0.0000e+00   0.0000e+00   2.7593e+02
20251215_18:00:00   5.0436e-01   1.1254e+02   9.4074e+00   0.0000e+00   0.0000e+00   2.7749e+02
20251215_21:00:00   5.3329e-01   1.1756e+02   9.9683e+00   0.0000e+00   1.6745e-04   2.8031e+02
20251216_00:00:00   6.1969e-01   1.3102e+02   1.1358e+01   0.0000e+00   2.1680e-04   2.7950e+02
20251216_03:00:00   6.3969e-01   1.3366e+02   1.1489e+01   0.0000e+00   1.0510e-04   2.7976e+02
20251216_06:00:00   6.2040e-01   1.3033e+02   1.1256e+01   0.0000e+00   5.8355e-04   2.8405e+02
20251216_09:00:00   6.1855e-01   1.2981e+02   1.1233e+01   0.0000e+00   4.1563e-05   2.8589e+02
20251216_12:00:00   6.0360e-01   1.2757e+02   1.0955e+01   0.0000e+00   7.6068e-07   2.8631e+02
20251216_15:00:00   5.6441e-01   1.2192e+02   1.0133e+01   0.0000e+00   0.0000e+00   2.7978e+02
20251216_18:00:00   5.3240e-01   1.1753e+02   9.5192e+00   0.0000e+00   3.5341e-03   2.7852e+02
20251216_21:00:00   5.6565e-01   1.2251e+02   1.0373e+01   0.0000e+00   6.4222e-02   2.8160e+02
20251217_00:00:00   6.3027e-01   1.3227e+02   1.1402e+01   0.0000e+00   5.2361e-04   2.8594e+02
20251217_03:00:00   6.1483e-01   1.3003e+02   1.0801e+01   0.0000e+00   0.0000e+00   2.9682e+02
20251217_06:00:00   6.0262e-01   1.2770e+02   1.0662e+01   0.0000e+00   1.2192e-03   3.0309e+02
20251217_09:00:00   5.4932e-01   1.1960e+02   9.7039e+00   0.0000e+00   0.0000e+00   3.0783e+02
20251217_12:00:00   4.8075e-01   1.0871e+02   8.4249e+00   0.0000e+00   1.5444e-04   2.9474e+02
20251217_15:00:00   4.8012e-01   1.0802e+02   8.5780e+00   0.0000e+00   1.5662e-02   2.9320e+02
20251217_18:00:00   5.0420e-01   1.1215e+02   9.0472e+00   0.0000e+00   7.7346e-04   2.9193e+02
20251217_21:00:00   4.7340e-01   1.0757e+02   8.5975e+00   0.0000e+00   4.5913e-05   2.9095e+02
20251218_00:00:00   4.7192e-01   1.0751e+02   8.6256e+00   0.0000e+00   8.8124e-04   2.8689e+02
20251218_03:00:00   4.7443e-01   1.0753e+02   8.8146e+00   0.0000e+00   8.3455e-03   2.8205e+02
20251218_06:00:00   4.4581e-01   1.0237e+02   8.4402e+00   0.0000e+00   1.0987e-03   2.8563e+02
20251218_09:00:00   4.2704e-01   9.8866e+01   8.2238e+00   0.0000e+00   1.8330e-03   2.8693e+02
20251218_12:00:00   4.5738e-01   1.0361e+02   8.9677e+00   0.0000e+00   1.2271e-02   2.8936e+02
20251218_15:00:00   4.9683e-01   1.0991e+02   9.8258e+00   0.0000e+00   3.2015e-03   2.8628e+02
20251218_18:00:00   5.3481e-01   1.1593e+02   1.0671e+01   0.0000e+00   1.9932e-03   2.8818e+02
20251218_21:00:00   5.8187e-01   1.2344e+02   1.1639e+01   0.0000e+00   7.5972e-03   2.8525e+02
20251219_00:00:00   7.2001e-01   1.4312e+02   1.4083e+01   0.0000e+00   2.5907e-02   2.8429e+02
20251219_03:00:00   9.0370e-01   1.6578e+02   1.6771e+01   7.0460e-03   8.9184e-02   2.8812e+02
20251219_06:00:00   1.1278e+00   1.8858e+02   1.9740e+01   2.1612e-02   7.5537e-02   2.8810e+02
20251219_09:00:00   1.3621e+00   2.0765e+02   2.1362e+01   6.3937e-02   1.4343e-02   2.9052e+02
20251219_12:00:00   1.3640e+00   2.0833e+02   2.2297e+01   2.9452e-02   1.5966e-02   2.9220e+02
20251219_15:00:00   1.2947e+00   2.0363e+02   2.1888e+01   1.1176e-03   2.7903e-03   2.9871e+02
20251219_18:00:00   1.1813e+00   1.9522e+02   2.0483e+01   2.2877e-04   2.0462e-03   2.9955e+02
20251219_21:00:00   1.0791e+00   1.8658e+02   1.9080e+01   1.0987e-04   4.4313e-03   2.9735e+02
20251220_00:00:00   9.9825e-01   1.7914e+02   1.7481e+01   0.0000e+00   2.0847e-04   2.9433e+02
20251220_03:00:00   9.1764e-01   1.7008e+02   1.6070e+01   0.0000e+00   5.5904e-03   2.9103e+02
20251220_06:00:00   8.7351e-01   1.6479e+02   1.5335e+01   0.0000e+00   6.2336e-03   2.9161e+02
20251220_09:00:00   8.3888e-01   1.6049e+02   1.4826e+01   0.0000e+00   5.3595e-03   2.8866e+02
20251220_12:00:00   7.2950e-01   1.4678e+02   1.3023e+01   0.0000e+00   3.1868e-02   2.8485e+02
20251220_15:00:00   7.7814e-01   1.5206e+02   1.4140e+01   0.0000e+00   3.2502e-01   2.8097e+02
20251220_18:00:00   8.5864e-01   1.6169e+02   1.5846e+01   0.0000e+00   6.9231e-02   2.8099e+02
20251220_21:00:00   1.0163e+00   1.7886e+02   1.8696e+01   2.2696e-03   3.0913e-02   2.7951e+02
20251221_00:00:00   1.3900e+00   2.1058e+02   2.1896e+01   6.1614e-02   1.3721e-02   2.8155e+02
20251221_03:00:00   1.3800e+00   2.1029e+02   2.2633e+01   2.2950e-02   3.0978e-03   2.7738e+02
20251221_06:00:00   1.4990e+00   2.1882e+02   2.1485e+01   8.6532e-02   5.4823e-05   2.7605e+02
20251221_09:00:00   1.2486e+00   2.0203e+02   2.0530e+01   1.1223e-02   1.3194e-03   2.7584e+02
20251221_12:00:00   1.0990e+00   1.8923e+02   1.8846e+01   7.6442e-04   1.3506e-03   2.7904e+02
20251221_15:00:00   9.4988e-01   1.7412e+02   1.6710e+01   1.0896e-04   2.0807e-04   2.7946e+02
20251221_18:00:00   8.4240e-01   1.6217e+02   1.5266e+01   0.0000e+00   1.8146e-04   2.7777e+02
20251221_21:00:00   8.3145e-01   1.6078e+02   1.5501e+01   0.0000e+00   2.0540e-04   2.7727e+02
20251222_00:00:00   1.0326e+00   1.8223e+02   1.8441e+01   7.0738e-03   2.8921e-03   2.7408e+02
20251222_03:00:00   1.1996e+00   1.9751e+02   2.0514e+01   1.3256e-02   1.2567e-03   2.7521e+02
20251222_06:00:00   1.2387e+00   2.0093e+02   2.1201e+01   6.1550e-03   4.0046e-03   2.7490e+02
