#            date       tau255        Tb[K]      pwv[mm] lwp[kg*m^-2] iwp[kg*m^-2]       o3[DU]
20251210_12:00:00   2.9042e-01   7.4483e+01   5.2929e+00   0.0000e+00   0.0000e+00   2.9732e+02
20251210_13:00:00   2.8742e-01   7.3836e+01   5.2361e+00   0.0000e+00   0.0000e+00   2.9686e+02
20251210_14:00:00   2.8462e-01   7.3247e+01   5.1737e+00   0.0000e+00   0.0000e+00   2.9571e+02
20251210_15:00:00   2.8519e-01   7.3354e+01   5.1687e+00   0.0000e+00   0.0000e+00   2.9532e+02
20251210_16:00:00   2.9686e-01   7.5765e+01   5.3705e+00   0.0000e+00   0.0000e+00   2.9574e+02
20251210_17:00:00   3.0910e-01   7.8410e+01   5.5889e+00   0.0000e+00   0.0000e+00   2.9648e+02
20251210_18:00:00   3.2469e-01   8.1731e+01   5.8791e+00   0.0000e+00   0.0000e+00   2.9926e+02
20251210_19:00:00   3.3263e-01   8.3428e+01   6.0554e+00   0.0000e+00   0.0000e+00   2.9978e+02
20251210_20:00:00   3.3920e-01   8.4851e+01   6.1917e+00   0.0000e+00   0.0000e+00   2.9833e+02
20251210_21:00:00   3.4436e-01   8.6021e+01   6.2997e+00   0.0000e+00   0.0000e+00   2.9601e+02
20251210_22:00:00   3.4538e-01   8.6356e+01   6.3181e+00   0.0000e+00   0.0000e+00   2.9550e+02
20251210_23:00:00   3.4422e-01   8.6187e+01   6.2944e+00   0.0000e+00   0.0000e+00   2.9584e+02
20251211_00:00:00   3.3741e-01   8.4816e+01   6.1712e+00   0.0000e+00   0.0000e+00   2.9247e+02
20251211_01:00:00   3.2872e-01   8.2996e+01   6.0285e+00   0.0000e+00   0.0000e+00   2.9094e+02
20251211_02:00:00   3.2896e-01   8.2942e+01   6.0580e+00   0.0000e+00   0.0000e+00   2.9029e+02
20251211_03:00:00   3.2835e-01   8.2744e+01   6.0669e+00   0.0000e+00   0.0000e+00   2.8968e+02
20251211_04:00:00   3.3276e-01   8.3551e+01   6.1705e+00   0.0000e+00   0.0000e+00   2.8937e+02
20251211_05:00:00   3.3819e-01   8.4550e+01   6.2950e+00   0.0000e+00   0.0000e+00   2.8985e+02
20251211_06:00:00   3.4580e-01   8.5996e+01   6.4503e+00   0.0000e+00   0.0000e+00   2.9019e+02
20251211_07:00:00   3.5256e-01   8.7275e+01   6.5792e+00   0.0000e+00   0.0000e+00   2.8859e+02
20251211_08:00:00   3.6139e-01   8.8959e+01   6.7360e+00   0.0000e+00   0.0000e+00   2.8811e+02
20251211_09:00:00   3.6684e-01   9.0004e+01   6.8244e+00   0.0000e+00   0.0000e+00   2.8646e+02
20251211_10:00:00   3.6528e-01   8.9720e+01   6.7731e+00   0.0000e+00   0.0000e+00   2.8546e+02
20251211_11:00:00   3.5863e-01   8.8467e+01   6.6244e+00   0.0000e+00   0.0000e+00   2.8319e+02
20251211_12:00:00   3.5371e-01   8.7537e+01   6.5056e+00   0.0000e+00   0.0000e+00   2.8119e+02
20251211_13:00:00   3.5362e-01   8.7527e+01   6.4953e+00   0.0000e+00   0.0000e+00   2.7911e+02
20251211_14:00:00   3.5080e-01   8.6966e+01   6.4476e+00   0.0000e+00   0.0000e+00   2.7868e+02
20251211_15:00:00   3.4591e-01   8.5998e+01   6.3755e+00   0.0000e+00   0.0000e+00   2.7764e+02
20251211_16:00:00   3.4599e-01   8.6038e+01   6.3804e+00   0.0000e+00   0.0000e+00   2.7766e+02
20251211_17:00:00   3.5576e-01   8.8047e+01   6.5428e+00   0.0000e+00   0.0000e+00   2.7719e+02
20251211_18:00:00   3.7033e-01   9.1032e+01   6.7813e+00   0.0000e+00   0.0000e+00   2.7699e+02
20251211_19:00:00   3.7407e-01   9.1919e+01   6.8438e+00   0.0000e+00   0.0000e+00   2.7733e+02
20251211_20:00:00   3.8042e-01   9.3300e+01   6.9478e+00   0.0000e+00   0.0000e+00   2.7804e+02
20251211_21:00:00   3.8541e-01   9.4391e+01   7.0284e+00   0.0000e+00   0.0000e+00   2.7797e+02
20251211_22:00:00   3.9321e-01   9.5985e+01   7.1524e+00   0.0000e+00   0.0000e+00   2.7695e+02
20251211_23:00:00   3.9732e-01   9.6769e+01   7.2174e+00   0.0000e+00   0.0000e+00   2.7981e+02
20251212_00:00:00   3.9221e-01   9.5703e+01   7.1559e+00   0.0000e+00   0.0000e+00   2.8294e+02
20251212_01:00:00   3.8946e-01   9.5050e+01   7.1444e+00   0.0000e+00   0.0000e+00   2.8493e+02
20251212_02:00:00   3.8445e-01   9.4000e+01   7.0727e+00   0.0000e+00   0.0000e+00   2.8697e+02
20251212_03:00:00   3.8036e-01   9.3153e+01   7.0078e+00   0.0000e+00   0.0000e+00   2.8647e+02
20251212_04:00:00   3.7114e-01   9.1344e+01   6.8357e+00   0.0000e+00   0.0000e+00   2.8413e+02
20251212_05:00:00   3.5914e-01   8.8985e+01   6.6107e+00   0.0000e+00   0.0000e+00   2.8425e+02
20251212_06:00:00   3.4892e-01   8.6988e+01   6.4038e+00   0.0000e+00   0.0000e+00   2.8322e+02
20251212_07:00:00   3.4167e-01   8.5537e+01   6.2519e+00   0.0000e+00   0.0000e+00   2.8556e+02
20251212_08:00:00   3.3629e-01   8.4412e+01   6.1388e+00   0.0000e+00   0.0000e+00   2.8690e+02
20251212_09:00:00   3.3106e-01   8.3342e+01   6.0293e+00   0.0000e+00   0.0000e+00   2.8808e+02
20251212_10:00:00   3.2558e-01   8.2219e+01   5.9138e+00   0.0000e+00   0.0000e+00   2.8877e+02
20251212_11:00:00   3.2090e-01   8.1216e+01   5.8189e+00   0.0000e+00   0.0000e+00   2.8959e+02
20251212_12:00:00   3.1741e-01   8.0443e+01   5.7489e+00   0.0000e+00   0.0000e+00   2.9127e+02
20251212_13:00:00   3.1402e-01   7.9688e+01   5.6836e+00   0.0000e+00   0.0000e+00   2.9315e+02
20251212_14:00:00   3.0787e-01   7.8394e+01   5.5715e+00   0.0000e+00   0.0000e+00   2.9351e+02
20251212_15:00:00   3.0136e-01   7.7024e+01   5.4501e+00   0.0000e+00   0.0000e+00   2.9367e+02
20251212_16:00:00   2.9531e-01   7.5759e+01   5.3343e+00   0.0000e+00   0.0000e+00   2.9248e+02
20251212_17:00:00   2.9450e-01   7.5621e+01   5.3106e+00   0.0000e+00   0.0000e+00   2.9074e+02
20251212_18:00:00   2.9912e-01   7.6705e+01   5.3837e+00   0.0000e+00   0.0000e+00   2.8972e+02
20251212_19:00:00   3.0091e-01   7.7214e+01   5.4246e+00   0.0000e+00   0.0000e+00   2.8901e+02
20251212_20:00:00   3.0324e-01   7.7816e+01   5.4766e+00   0.0000e+00   0.0000e+00   2.8628e+02
20251212_21:00:00   3.0353e-01   7.7970e+01   5.4998e+00   0.0000e+00   0.0000e+00   2.8407e+02
20251212_22:00:00   3.0846e-01   7.9036e+01   5.5997e+00   0.0000e+00   0.0000e+00   2.8422e+02
20251212_23:00:00   3.1733e-01   8.0865e+01   5.7563e+00   0.0000e+00   0.0000e+00   2.8636e+02
20251213_00:00:00   3.2167e-01   8.1708e+01   5.8330e+00   0.0000e+00   0.0000e+00   2.8824e+02
20251213_01:00:00   3.2525e-01   8.2368e+01   5.8937e+00   0.0000e+00   0.0000e+00   2.8800e+02
20251213_02:00:00   3.2989e-01   8.3219e+01   5.9704e+00   0.0000e+00   0.0000e+00   2.8869e+02
20251213_03:00:00   3.3286e-01   8.3738e+01   6.0168e+00   0.0000e+00   0.0000e+00   2.8589e+02
20251213_04:00:00   3.3268e-01   8.3631e+01   6.0065e+00   0.0000e+00   0.0000e+00   2.8422e+02
20251213_05:00:00   3.2915e-01   8.2836e+01   5.9430e+00   0.0000e+00   0.0000e+00   2.8455e+02
20251213_06:00:00   3.2067e-01   8.1059e+01   5.7884e+00   0.0000e+00   0.0000e+00   2.8696e+02
20251213_07:00:00   3.1144e-01   7.9151e+01   5.6161e+00   0.0000e+00   0.0000e+00   2.8841e+02
20251213_08:00:00   3.0310e-01   7.7403e+01   5.4587e+00   0.0000e+00   0.0000e+00   2.8678e+02
20251213_09:00:00   2.9496e-01   7.5692e+01   5.3026e+00   0.0000e+00   0.0000e+00   2.8583e+02
20251213_10:00:00   2.9030e-01   7.4685e+01   5.2163e+00   0.0000e+00   0.0000e+00   2.8474e+02
20251213_11:00:00   2.8822e-01   7.4186e+01   5.1847e+00   0.0000e+00   0.0000e+00   2.8307e+02
20251213_12:00:00   2.8796e-01   7.4061e+01   5.1885e+00   0.0000e+00   0.0000e+00   2.8530e+02
20251213_13:00:00   2.8817e-01   7.4039e+01   5.2050e+00   0.0000e+00   0.0000e+00   2.8689e+02
20251213_14:00:00   2.9078e-01   7.4493e+01   5.2665e+00   0.0000e+00   0.0000e+00   2.8689e+02
20251213_15:00:00   2.9260e-01   7.4819e+01   5.3176e+00   0.0000e+00   0.0000e+00   2.8810e+02
20251213_16:00:00   2.9289e-01   7.4842e+01   5.3357e+00   0.0000e+00   9.7180e-07   2.8863e+02
20251213_17:00:00   2.9641e-01   7.5568e+01   5.4062e+00   0.0000e+00   7.2580e-06   2.8571e+02
20251213_18:00:00   3.1868e-01   8.0008e+01   5.8732e+00   0.0000e+00   4.6556e-04   2.8285e+02
20251213_19:00:00   3.3534e-01   8.3253e+01   6.2442e+00   0.0000e+00   7.3995e-03   2.8103e+02
20251213_20:00:00   3.4607e-01   8.5369e+01   6.4713e+00   0.0000e+00   1.4591e-02   2.7931e+02
20251213_21:00:00   3.5698e-01   8.7447e+01   6.7118e+00   0.0000e+00   1.9774e-02   2.7848e+02
20251213_22:00:00   3.7091e-01   9.0159e+01   6.9653e+00   0.0000e+00   2.7855e-02   2.7669e+02
20251213_23:00:00   3.9911e-01   9.5352e+01   7.5045e+00   0.0000e+00   3.3766e-02   2.7444e+02
20251214_00:00:00   4.2291e-01   9.9595e+01   7.9569e+00   0.0000e+00   2.2766e-02   2.7254e+02
20251214_01:00:00   4.1123e-01   9.7832e+01   7.5882e+00   0.0000e+00   1.6083e-03   2.7059e+02
20251214_02:00:00   4.1909e-01   9.9263e+01   7.6476e+00   0.0000e+00   1.3400e-03   2.7131e+02
20251214_03:00:00   4.2444e-01   1.0009e+02   7.7412e+00   0.0000e+00   3.2483e-03   2.7279e+02
20251214_04:00:00   4.2541e-01   1.0018e+02   7.7750e+00   0.0000e+00   2.8955e-03   2.7277e+02
20251214_05:00:00   4.2358e-01   9.9776e+01   7.7464e+00   0.0000e+00   1.2472e-03   2.7352e+02
20251214_06:00:00   4.1977e-01   9.9026e+01   7.6775e+00   0.0000e+00   9.4960e-04   2.7152e+02
20251214_07:00:00   4.1177e-01   9.7484e+01   7.5362e+00   0.0000e+00   1.0728e-03   2.7023e+02
20251214_08:00:00   4.0112e-01   9.5490e+01   7.3473e+00   0.0000e+00   5.8800e-04   2.7245e+02
20251214_09:00:00   3.8850e-01   9.3141e+01   7.1070e+00   0.0000e+00   0.0000e+00   2.7422e+02
20251214_10:00:00   3.7054e-01   8.9841e+01   6.7277e+00   0.0000e+00   0.0000e+00   2.7662e+02
20251214_11:00:00   3.5259e-01   8.6480e+01   6.3324e+00   0.0000e+00   0.0000e+00   2.7753e+02
20251214_12:00:00   3.3403e-01   8.2887e+01   5.9602e+00   0.0000e+00   0.0000e+00   2.8051e+02
20251214_13:00:00   3.2003e-01   8.0101e+01   5.6957e+00   0.0000e+00   0.0000e+00   2.8218e+02
20251214_14:00:00   3.1559e-01   7.9150e+01   5.6189e+00   0.0000e+00   0.0000e+00   2.8201e+02
20251214_15:00:00   3.0962e-01   7.7859e+01   5.5239e+00   0.0000e+00   0.0000e+00   2.8142e+02
20251214_16:00:00   3.0870e-01   7.7636e+01   5.5181e+00   0.0000e+00   0.0000e+00   2.8330e+02
20251214_17:00:00   3.1267e-01   7.8451e+01   5.5868e+00   0.0000e+00   0.0000e+00   2.8080e+02
20251214_18:00:00   3.1902e-01   7.9813e+01   5.7137e+00   0.0000e+00   0.0000e+00   2.8281e+02
20251214_19:00:00   3.1642e-01   7.9433e+01   5.6820e+00   0.0000e+00   0.0000e+00   2.8358e+02
20251214_20:00:00   3.0371e-01   7.7011e+01   5.4707e+00   0.0000e+00   0.0000e+00   2.8168e+02
20251214_21:00:00   2.9756e-01   7.5841e+01   5.3885e+00   0.0000e+00   0.0000e+00   2.8074e+02
20251214_22:00:00   3.0308e-01   7.6941e+01   5.5389e+00   0.0000e+00   0.0000e+00   2.7965e+02
20251214_23:00:00   3.1377e-01   7.9162e+01   5.7304e+00   0.0000e+00   0.0000e+00   2.7983e+02
20251215_00:00:00   3.2117e-01   8.0680e+01   5.8521e+00   0.0000e+00   0.0000e+00   2.7746e+02
20251215_01:00:00   3.3253e-01   8.2955e+01   6.0262e+00   0.0000e+00   0.0000e+00   2.7600e+02
20251215_02:00:00   3.4656e-01   8.5624e+01   6.2645e+00   0.0000e+00   0.0000e+00   2.7592e+02
20251215_03:00:00   3.5183e-01   8.6521e+01   6.3705e+00   0.0000e+00   0.0000e+00   2.7601e+02
20251215_04:00:00   3.5052e-01   8.6154e+01   6.3765e+00   0.0000e+00   0.0000e+00   2.7608e+02
20251215_05:00:00   3.5115e-01   8.6044e+01   6.4600e+00   0.0000e+00   4.8233e-04   2.7649e+02
20251215_06:00:00   3.4792e-01   8.5202e+01   6.4704e+00   0.0000e+00   4.1770e-03   2.7729e+02
20251215_07:00:00   3.4426e-01   8.4358e+01   6.4333e+00   0.0000e+00   2.3351e-03   2.7794e+02
20251215_08:00:00   3.3816e-01   8.2987e+01   6.3710e+00   0.0000e+00   8.4009e-03   2.7933e+02
20251215_09:00:00   3.5442e-01   8.5670e+01   6.8086e+00   0.0000e+00   1.8256e-02   2.8039e+02
20251215_10:00:00   3.6526e-01   8.7668e+01   7.0371e+00   0.0000e+00   1.1463e-05   2.7961e+02
20251215_11:00:00   3.5667e-01   8.6000e+01   6.8456e+00   0.0000e+00   2.1239e-03   2.7776e+02
20251215_12:00:00   3.2789e-01   8.0633e+01   6.2875e+00   0.0000e+00   2.5157e-03   2.7663e+02
20251215_15:00:00   2.9881e-01   7.4716e+01   5.8096e+00   0.0000e+00   3.7420e-06   2.7305e+02
20251215_18:00:00   2.8614e-01   7.2295e+01   5.5794e+00   0.0000e+00   0.0000e+00   2.6959e+02
20251215_21:00:00   3.2812e-01   8.0429e+01   6.6103e+00   0.0000e+00   6.9103e-04   2.6963e+02
20251216_00:00:00   4.9033e-01   1.0876e+02   9.9109e+00   0.0000e+00   5.8909e-03   2.7119e+02
20251216_03:00:00   4.7445e-01   1.0671e+02   9.2732e+00   0.0000e+00   1.4684e-04   2.7441e+02
20251216_06:00:00   3.7636e-01   9.0238e+01   7.2379e+00   0.0000e+00   3.8101e-04   2.7180e+02
20251216_09:00:00   3.6189e-01   8.7816e+01   6.9625e+00   0.0000e+00   2.1858e-03   2.7297e+02
20251216_12:00:00   4.0383e-01   9.5244e+01   7.8698e+00   0.0000e+00   1.8445e-02   2.7045e+02
20251216_15:00:00   4.4915e-01   1.0309e+02   8.8086e+00   0.0000e+00   6.5701e-03   2.7036e+02
20251216_18:00:00   4.7072e-01   1.0694e+02   9.2568e+00   0.0000e+00   5.8416e-04   2.7034e+02
20251216_21:00:00   5.3556e-01   1.1757e+02   1.0651e+01   0.0000e+00   1.4561e-05   2.6847e+02
20251217_00:00:00   6.1080e-01   1.2901e+02   1.2151e+01   0.0000e+00   7.0269e-04   2.6306e+02
20251217_03:00:00   6.7590e-01   1.3766e+02   1.3373e+01   0.0000e+00   4.4641e-03   2.6694e+02
20251217_06:00:00   7.4217e-01   1.4651e+02   1.4263e+01   4.0500e-07   2.4293e-03   2.6580e+02
20251217_09:00:00   9.5251e-01   1.7198e+02   1.7363e+01   2.1359e-03   6.3455e-03   2.6499e+02
20251217_12:00:00   1.0626e+00   1.8369e+02   1.8350e+01   8.3859e-03   4.3526e-03   2.6635e+02
20251217_15:00:00   1.1877e+00   1.9495e+02   1.8950e+01   2.7986e-02   1.8470e-03   2.6845e+02
20251217_18:00:00   9.8279e-01   1.7713e+02   1.6627e+01   6.7891e-04   1.5543e-03   2.7432e+02
20251217_21:00:00   7.2764e-01   1.4764e+02   1.3157e+01   0.0000e+00   4.8601e-03   2.7516e+02
20251218_00:00:00   6.3578e-01   1.3383e+02   1.2184e+01   0.0000e+00   1.0404e-02   2.7142e+02
20251218_03:00:00   5.4497e-01   1.1879e+02   1.0823e+01   0.0000e+00   6.2402e-03   2.7475e+02
20251218_06:00:00   5.4696e-01   1.1839e+02   1.0972e+01   0.0000e+00   1.6334e-03   2.7680e+02
20251218_09:00:00   5.7234e-01   1.2268e+02   1.1319e+01   0.0000e+00   3.1903e-03   2.7958e+02
20251218_12:00:00   7.5423e-01   1.4819e+02   1.4329e+01   0.0000e+00   1.2704e-03   2.7922e+02
20251218_15:00:00   7.3500e-01   1.4643e+02   1.4009e+01   0.0000e+00   2.3528e-03   2.7909e+02
20251218_18:00:00   7.3109e-01   1.4663e+02   1.3855e+01   0.0000e+00   2.7655e-03   2.7733e+02
20251218_21:00:00   6.0801e-01   1.3066e+02   1.1425e+01   0.0000e+00   1.9790e-02   2.7589e+02
20251219_00:00:00   4.9700e-01   1.1403e+02   9.0250e+00   0.0000e+00   1.6472e-03   2.7316e+02
20251219_03:00:00   4.2018e-01   1.0008e+02   7.7845e+00   0.0000e+00   1.5532e-03   2.7455e+02
20251219_06:00:00   3.2620e-01   8.1735e+01   6.1789e+00   0.0000e+00   1.2855e-03   2.7297e+02
20251219_09:00:00   2.8402e-01   7.2963e+01   5.4174e+00   0.0000e+00   2.0340e-03   2.7338e+02
20251219_12:00:00   2.8386e-01   7.2507e+01   5.5453e+00   0.0000e+00   3.1171e-03   2.7076e+02
20251219_15:00:00   3.0758e-01   7.6848e+01   6.1231e+00   0.0000e+00   2.7601e-03   2.7115e+02
20251219_18:00:00   3.4832e-01   8.4736e+01   6.9805e+00   0.0000e+00   1.0454e-03   2.7271e+02
20251219_21:00:00   4.0258e-01   9.5120e+01   8.1612e+00   0.0000e+00   6.3770e-06   2.7033e+02
20251220_00:00:00   4.5320e-01   1.0466e+02   8.9285e+00   0.0000e+00   4.8267e-06   2.6708e+02
20251220_03:00:00   5.0674e-01   1.1266e+02   9.9524e+00   0.0000e+00   1.1950e-03   2.6704e+02
20251220_06:00:00   5.0912e-01   1.1324e+02   9.8236e+00   0.0000e+00   3.1357e-04   2.6703e+02
20251220_09:00:00   6.5264e-01   1.3433e+02   1.2433e+01   0.0000e+00   2.9653e-03   2.6690e+02
20251220_12:00:00   9.6795e-01   1.7256e+02   1.6986e+01   2.7373e-03   1.5381e-02   2.6853e+02
20251220_15:00:00   1.1919e+00   1.9290e+02   1.9577e+01   2.8703e-03   1.5656e-01   2.7416e+02
20251220_18:00:00   1.2046e+00   1.9441e+02   1.9680e+01   4.7228e-03   2.3435e-01   2.7609e+02
20251220_21:00:00   1.2167e+00   1.9562e+02   1.9712e+01   3.5164e-03   3.7748e-01   2.7574e+02
20251221_00:00:00   1.1921e+00   1.9350e+02   1.8800e+01   9.0472e-03   2.0930e-01   2.7820e+02
20251221_03:00:00   1.0573e+00   1.8161e+02   1.6532e+01   3.1354e-03   4.2536e-02   2.9135e+02
20251221_06:00:00   7.4642e-01   1.4705e+02   1.2114e+01   2.1432e-03   9.0743e-03   2.9729e+02
20251221_09:00:00   6.6000e-01   1.3510e+02   1.0947e+01   1.0086e-03   5.8220e-03   3.0082e+02
20251221_12:00:00   6.2140e-01   1.2942e+02   1.0359e+01   5.9315e-04   3.3122e-02   3.0110e+02
20251221_15:00:00   5.6435e-01   1.2073e+02   9.4561e+00   3.7258e-05   3.4512e-02   3.0015e+02
20251221_18:00:00   5.0882e-01   1.1252e+02   8.4586e+00   1.0083e-04   1.4217e-03   3.0224e+02
20251221_21:00:00   4.6156e-01   1.0511e+02   7.7582e+00   2.2578e-04   2.1018e-04   3.1056e+02
20251222_00:00:00   3.4300e-01   8.3559e+01   5.6965e+00   3.4500e-05   1.4238e-05   3.1747e+02
20251222_03:00:00   3.0656e-01   7.6141e+01   4.8865e+00   5.6680e-07   3.4340e-06   3.1947e+02
20251222_06:00:00   2.2939e-01   5.9866e+01   3.6091e+00   1.1580e-05   1.2634e-06   3.2048e+02
20251222_09:00:00   2.1328e-01   5.6133e+01   3.3384e+00   1.2958e-06   1.9436e-07   3.2203e+02
20251222_12:00:00   2.2126e-01   5.7652e+01   3.4614e+00   0.0000e+00   0.0000e+00   3.3094e+02
20251222_15:00:00   2.5066e-01   6.3583e+01   3.9602e+00   1.3910e-05   2.8989e-05   3.2466e+02
20251222_18:00:00   2.9335e-01   7.2324e+01   4.7002e+00   0.0000e+00   3.1700e-04   3.2657e+02
20251222_21:00:00   3.3454e-01   8.0093e+01   5.5550e+00   5.5060e-06   3.3645e-03   3.3634e+02
20251223_00:00:00   3.1486e-01   7.6450e+01   5.1033e+00   9.7180e-07   1.5413e-03   3.3849e+02
20251223_03:00:00   2.6207e-01   6.5844e+01   4.0836e+00   7.2879e-07   9.0900e-05   3.3594e+02
20251223_06:00:00   2.1895e-01   5.6578e+01   3.4241e+00   7.2880e-07   1.9291e-05   3.2921e+02
20251223_09:00:00   1.8069e-01   4.8067e+01   2.9837e+00   0.0000e+00   6.9559e-03   3.3112e+02
20251223_12:00:00   1.8756e-01   4.9324e+01   3.3118e+00   0.0000e+00   3.1015e-03   3.2804e+02
20251223_15:00:00   2.1008e-01   5.3925e+01   3.9528e+00   0.0000e+00   8.4414e-03   3.2612e+02
20251223_18:00:00   2.6128e-01   6.4681e+01   5.0157e+00   0.0000e+00   1.0274e-03   3.1760e+02
20251223_21:00:00   3.7071e-01   8.6100e+01   7.1186e+00   0.0000e+00   6.2930e-04   3.1022e+02
20251224_00:00:00   5.1437e-01   1.1075e+02   9.6650e+00   0.0000e+00   7.2514e-04   3.1261e+02
20251224_03:00:00   6.1051e-01   1.2536e+02   1.1332e+01   0.0000e+00   5.1175e-04   3.1310e+02
20251224_06:00:00   7.3076e-01   1.4225e+02   1.3288e+01   0.0000e+00   1.4606e-03   3.0817e+02
20251224_09:00:00   9.1256e-01   1.6401e+02   1.5953e+01   2.3233e-03   2.0230e-02   3.0555e+02
20251224_12:00:00   1.0814e+00   1.8097e+02   1.7802e+01   1.2891e-02   5.9801e-02   3.0390e+02
20251224_15:00:00   1.1828e+00   1.9004e+02   1.8993e+01   1.3960e-02   1.8669e-01   2.9924e+02
20251224_18:00:00   1.2590e+00   1.9609e+02   1.9159e+01   3.6756e-02   3.3000e-01   2.9411e+02
20251224_21:00:00   1.4057e+00   2.0680e+02   1.9135e+01   9.4784e-02   4.1015e-01   2.9103e+02
20251225_00:00:00   1.4665e+00   2.1053e+02   1.8521e+01   1.3155e-01   6.1563e-01   2.9005e+02
20251225_03:00:00   1.2960e+00   1.9863e+02   1.8221e+01   6.7009e-02   7.4727e-01   3.0330e+02
20251225_06:00:00   1.3630e+00   2.0380e+02   1.7587e+01   1.0765e-01   6.3714e-01   3.1015e+02
20251225_09:00:00   1.2454e+00   1.9499e+02   1.6433e+01   8.7495e-02   5.5547e-01   3.1792e+02
20251225_12:00:00   1.0587e+00   1.7916e+02   1.3307e+01   9.5112e-02   1.8849e-01   3.1983e+02
20251225_15:00:00   4.3259e-01   9.8298e+01   6.8715e+00   1.1338e-06   2.0650e-02   3.3003e+02
20251225_18:00:00   3.6949e-01   8.7585e+01   5.7440e+00   5.5880e-06   7.7043e-05   3.4387e+02
20251225_21:00:00   3.7804e-01   8.8958e+01   5.8995e+00   1.1338e-06   4.8563e-05   3.4290e+02
20251226_00:00:00   2.9638e-01   7.2842e+01   4.5232e+00   3.4020e-06   3.6607e-06   3.3497e+02
20251226_03:00:00   1.8180e-01   4.8357e+01   2.6589e+00   0.0000e+00   0.0000e+00   3.4423e+02
20251226_06:00:00   1.6081e-01   4.3177e+01   2.5849e+00   0.0000e+00   4.2056e-04   3.3280e+02
20251226_09:00:00   2.0756e-01   5.2791e+01   3.6253e+00   0.0000e+00   2.4426e-02   3.1987e+02
20251226_12:00:00   2.7293e-01   6.6072e+01   4.8521e+00   0.0000e+00   3.2475e-02   3.1906e+02
