#            date       tau255        Tb[K]      pwv[mm] lwp[kg*m^-2] iwp[kg*m^-2]       o3[DU]
20251202_06:00:00   4.5916e-01   1.0384e+02   8.6868e+00   0.0000e+00   4.1820e-04   3.2855e+02
20251202_07:00:00   4.8013e-01   1.0713e+02   9.1601e+00   0.0000e+00   2.4291e-04   3.3208e+02
20251202_08:00:00   4.9428e-01   1.0925e+02   9.4735e+00   0.0000e+00   5.4200e-06   3.3413e+02
20251202_09:00:00   4.9921e-01   1.1002e+02   9.5690e+00   0.0000e+00   4.0503e-04   3.3299e+02
20251202_10:00:00   5.1231e-01   1.1201e+02   9.8704e+00   0.0000e+00   2.4707e-03   3.3034e+02
20251202_11:00:00   5.2842e-01   1.1444e+02   1.0135e+01   0.0000e+00   3.7840e-03   3.2799e+02
20251202_12:00:00   5.5491e-01   1.1844e+02   1.0604e+01   0.0000e+00   9.2754e-03   3.2585e+02
20251202_13:00:00   6.1691e-01   1.2747e+02   1.1694e+01   0.0000e+00   5.8758e-02   3.2819e+02
20251202_14:00:00   6.9920e-01   1.3889e+02   1.2990e+01   0.0000e+00   1.3617e-01   3.2796e+02
20251202_15:00:00   8.0182e-01   1.5216e+02   1.4507e+01   0.0000e+00   1.9372e-01   3.2693e+02
20251202_16:00:00   6.8130e-01   1.3747e+02   1.2562e+01   0.0000e+00   1.6001e-01   3.2517e+02
20251202_17:00:00   5.6219e-01   1.2110e+02   1.0246e+01   0.0000e+00   4.1386e-02   3.2572e+02
20251202_18:00:00   4.7186e-01   1.0776e+02   8.1863e+00   0.0000e+00   8.9533e-04   3.3736e+02
20251202_19:00:00   4.4760e-01   1.0424e+02   7.6138e+00   0.0000e+00   0.0000e+00   3.4412e+02
20251202_20:00:00   4.7130e-01   1.0848e+02   8.1224e+00   0.0000e+00   0.0000e+00   3.3852e+02
20251202_21:00:00   5.0857e-01   1.1465e+02   8.9226e+00   0.0000e+00   5.6640e-06   3.3745e+02
20251202_22:00:00   5.3190e-01   1.1837e+02   9.4340e+00   0.0000e+00   1.4438e-04   3.4046e+02
20251202_23:00:00   5.6701e-01   1.2360e+02   1.0167e+01   0.0000e+00   5.5762e-05   3.4630e+02
20251203_00:00:00   5.7388e-01   1.2426e+02   1.0309e+01   0.0000e+00   2.7847e-03   3.5125e+02
20251203_01:00:00   5.7930e-01   1.2461e+02   1.0376e+01   0.0000e+00   8.7630e-05   3.5676e+02
20251203_02:00:00   5.6148e-01   1.2147e+02   1.0033e+01   0.0000e+00   5.5978e-04   3.5981e+02
20251203_03:00:00   5.2976e-01   1.1647e+02   9.3500e+00   0.0000e+00   4.2739e-06   3.6090e+02
20251203_04:00:00   5.2078e-01   1.1480e+02   9.0552e+00   0.0000e+00   0.0000e+00   3.6296e+02
20251203_05:00:00   4.7121e-01   1.0650e+02   8.1158e+00   0.0000e+00   0.0000e+00   3.6812e+02
20251203_06:00:00   4.5701e-01   1.0392e+02   7.7929e+00   0.0000e+00   1.6196e-07   3.7870e+02
20251203_07:00:00   4.8448e-01   1.0805e+02   8.1765e+00   0.0000e+00   1.2654e-06   3.8565e+02
20251203_08:00:00   4.9589e-01   1.0958e+02   8.2571e+00   0.0000e+00   0.0000e+00   3.7907e+02
20251203_09:00:00   4.8829e-01   1.0813e+02   8.0475e+00   0.0000e+00   0.0000e+00   3.7185e+02
20251203_10:00:00   4.5951e-01   1.0326e+02   7.5204e+00   0.0000e+00   0.0000e+00   3.6544e+02
20251203_11:00:00   4.2217e-01   9.6911e+01   6.8382e+00   0.0000e+00   0.0000e+00   3.5878e+02
20251203_12:00:00   3.7804e-01   8.9087e+01   6.0690e+00   0.0000e+00   0.0000e+00   3.5493e+02
20251203_13:00:00   3.6301e-01   8.6321e+01   5.7849e+00   0.0000e+00   0.0000e+00   3.5426e+02
20251203_14:00:00   3.5935e-01   8.5550e+01   5.7069e+00   0.0000e+00   0.0000e+00   3.5094e+02
20251203_15:00:00   3.5088e-01   8.3873e+01   5.5742e+00   0.0000e+00   0.0000e+00   3.5192e+02
20251203_16:00:00   3.3896e-01   8.1644e+01   5.3898e+00   0.0000e+00   0.0000e+00   3.5078e+02
20251203_17:00:00   3.1245e-01   7.6610e+01   5.0186e+00   0.0000e+00   0.0000e+00   3.4998e+02
20251203_18:00:00   2.8494e-01   7.1200e+01   4.6233e+00   0.0000e+00   2.1255e-06   3.4804e+02
20251203_19:00:00   2.7083e-01   6.8373e+01   4.4469e+00   0.0000e+00   0.0000e+00   3.4610e+02
20251203_20:00:00   2.5647e-01   6.5407e+01   4.2691e+00   0.0000e+00   1.8466e-05   3.4530e+02
20251203_21:00:00   2.5096e-01   6.4248e+01   4.2289e+00   0.0000e+00   1.8994e-04   3.3970e+02
20251203_22:00:00   2.4482e-01   6.2957e+01   4.1681e+00   0.0000e+00   2.8264e-03   3.3889e+02
20251203_23:00:00   2.4586e-01   6.3186e+01   4.2147e+00   0.0000e+00   3.3606e-03   3.3920e+02
20251204_00:00:00   2.5136e-01   6.4275e+01   4.3306e+00   0.0000e+00   2.7585e-03   3.3800e+02
20251204_01:00:00   2.5245e-01   6.4401e+01   4.3710e+00   0.0000e+00   1.7912e-03   3.3633e+02
20251204_02:00:00   2.5643e-01   6.5125e+01   4.4570e+00   0.0000e+00   7.3920e-04   3.3699e+02
20251204_03:00:00   2.6083e-01   6.5901e+01   4.5555e+00   0.0000e+00   1.1846e-03   3.3774e+02
20251204_04:00:00   2.6320e-01   6.6211e+01   4.6471e+00   0.0000e+00   3.0537e-03   3.4045e+02
20251204_05:00:00   2.6683e-01   6.6802e+01   4.7365e+00   0.0000e+00   1.0264e-02   3.3795e+02
20251204_06:00:00   2.6995e-01   6.7309e+01   4.8328e+00   0.0000e+00   5.8152e-03   3.3561e+02
20251204_07:00:00   2.7353e-01   6.7957e+01   4.9141e+00   0.0000e+00   9.1237e-03   3.3354e+02
20251204_08:00:00   2.8158e-01   6.9433e+01   5.1125e+00   0.0000e+00   8.8723e-03   3.3047e+02
20251204_09:00:00   2.8988e-01   7.1033e+01   5.2830e+00   0.0000e+00   1.1937e-03   3.2823e+02
20251204_10:00:00   2.8675e-01   7.0466e+01   5.2091e+00   0.0000e+00   0.0000e+00   3.2026e+02
20251204_11:00:00   2.8875e-01   7.0805e+01   5.2717e+00   0.0000e+00   3.3701e-05   3.1645e+02
20251204_12:00:00   2.9269e-01   7.1607e+01   5.3711e+00   0.0000e+00   0.0000e+00   3.1191e+02
20251204_13:00:00   2.9319e-01   7.1790e+01   5.3925e+00   0.0000e+00   3.0680e-06   3.0549e+02
20251204_14:00:00   2.7941e-01   6.9172e+01   5.1216e+00   0.0000e+00   0.0000e+00   3.0143e+02
20251204_15:00:00   2.7249e-01   6.7828e+01   5.0191e+00   0.0000e+00   0.0000e+00   2.9978e+02
20251204_16:00:00   2.7623e-01   6.8629e+01   5.1231e+00   0.0000e+00   0.0000e+00   2.9702e+02
20251204_17:00:00   2.8116e-01   6.9735e+01   5.2479e+00   0.0000e+00   2.0440e-06   2.9613e+02
20251204_18:00:00   2.8844e-01   7.1233e+01   5.4367e+00   0.0000e+00   9.6023e-05   2.9614e+02
20251204_19:00:00   2.9778e-01   7.3130e+01   5.6792e+00   0.0000e+00   5.3485e-04   2.9542e+02
20251204_20:00:00   3.1268e-01   7.6040e+01   6.0196e+00   0.0000e+00   2.3830e-03   2.9506e+02
20251204_21:00:00   3.2727e-01   7.8869e+01   6.3433e+00   0.0000e+00   3.3650e-03   2.9459e+02
20251204_22:00:00   3.4252e-01   8.1803e+01   6.6617e+00   0.0000e+00   5.7280e-03   2.9150e+02
20251204_23:00:00   3.6510e-01   8.6036e+01   7.1055e+00   0.0000e+00   5.0510e-03   2.9019e+02
20251205_00:00:00   3.8298e-01   8.9332e+01   7.4329e+00   0.0000e+00   3.4930e-03   2.9160e+02
20251205_01:00:00   4.0854e-01   9.3794e+01   7.9531e+00   0.0000e+00   1.0611e-03   2.9145e+02
20251205_02:00:00   4.1767e-01   9.5556e+01   8.0729e+00   0.0000e+00   0.0000e+00   2.9245e+02
20251205_03:00:00   4.3656e-01   9.8875e+01   8.3842e+00   0.0000e+00   0.0000e+00   2.9190e+02
20251205_04:00:00   4.4592e-01   1.0068e+02   8.4939e+00   0.0000e+00   0.0000e+00   2.8902e+02
20251205_05:00:00   4.6767e-01   1.0447e+02   8.8996e+00   0.0000e+00   3.4380e-05   2.8417e+02
20251205_06:00:00   4.8722e-01   1.0781e+02   9.2477e+00   0.0000e+00   0.0000e+00   2.8229e+02
20251205_07:00:00   5.1487e-01   1.1237e+02   9.7476e+00   0.0000e+00   0.0000e+00   2.8275e+02
20251205_08:00:00   5.4096e-01   1.1663e+02   1.0204e+01   0.0000e+00   0.0000e+00   2.8340e+02
20251205_09:00:00   5.7276e-01   1.2165e+02   1.0686e+01   0.0000e+00   0.0000e+00   2.8468e+02
20251205_10:00:00   6.0704e-01   1.2694e+02   1.1223e+01   0.0000e+00   0.0000e+00   2.8556e+02
20251205_11:00:00   6.5082e-01   1.3326e+02   1.1888e+01   0.0000e+00   0.0000e+00   2.8548e+02
20251205_12:00:00   6.8212e-01   1.3773e+02   1.2309e+01   0.0000e+00   0.0000e+00   2.8615e+02
20251205_13:00:00   6.9148e-01   1.3933e+02   1.2313e+01   0.0000e+00   0.0000e+00   2.8502e+02
20251205_14:00:00   7.1635e-01   1.4292e+02   1.2578e+01   0.0000e+00   0.0000e+00   2.8638e+02
20251205_15:00:00   7.3669e-01   1.4580e+02   1.2800e+01   0.0000e+00   0.0000e+00   2.8914e+02
20251205_16:00:00   7.5680e-01   1.4865e+02   1.3004e+01   0.0000e+00   0.0000e+00   2.8878e+02
20251205_17:00:00   7.6605e-01   1.5025e+02   1.3182e+01   0.0000e+00   0.0000e+00   2.8851e+02
20251205_18:00:00   7.5628e-01   1.4946e+02   1.3043e+01   0.0000e+00   0.0000e+00   2.8802e+02
20251205_19:00:00   7.6961e-01   1.5140e+02   1.3315e+01   0.0000e+00   9.6080e-06   2.8903e+02
20251205_20:00:00   7.7191e-01   1.5182e+02   1.3459e+01   0.0000e+00   0.0000e+00   2.8772e+02
20251205_21:00:00   7.6116e-01   1.5066e+02   1.3387e+01   0.0000e+00   0.0000e+00   2.8808e+02
20251205_22:00:00   7.5381e-01   1.4979e+02   1.3362e+01   0.0000e+00   1.3348e-06   2.8833e+02
20251205_23:00:00   7.5403e-01   1.4985e+02   1.3436e+01   0.0000e+00   0.0000e+00   2.8624e+02
20251206_00:00:00   7.7000e-01   1.5169e+02   1.3712e+01   0.0000e+00   2.2400e-04   2.8477e+02
20251206_01:00:00   7.6174e-01   1.5041e+02   1.3644e+01   0.0000e+00   8.6460e-06   2.8280e+02
20251206_02:00:00   7.5947e-01   1.4993e+02   1.3608e+01   0.0000e+00   4.9781e-04   2.8332e+02
20251206_03:00:00   7.4148e-01   1.4760e+02   1.3342e+01   0.0000e+00   0.0000e+00   2.8560e+02
20251206_04:00:00   7.4815e-01   1.4828e+02   1.3494e+01   0.0000e+00   0.0000e+00   2.8719e+02
20251206_05:00:00   7.5267e-01   1.4875e+02   1.3637e+01   0.0000e+00   0.0000e+00   2.8855e+02
20251206_06:00:00   7.7662e-01   1.5162e+02   1.4126e+01   0.0000e+00   1.8404e-05   2.8790e+02
20251206_07:00:00   7.5557e-01   1.4926e+02   1.3570e+01   0.0000e+00   3.2300e-06   2.8622e+02
20251206_08:00:00   7.6708e-01   1.5066e+02   1.3747e+01   0.0000e+00   1.4860e-03   2.8534e+02
20251206_09:00:00   7.9902e-01   1.5438e+02   1.4467e+01   0.0000e+00   3.2465e-03   2.8405e+02
20251206_10:00:00   7.8419e-01   1.5277e+02   1.4002e+01   0.0000e+00   1.0838e-03   2.8270e+02
20251206_11:00:00   7.4578e-01   1.4828e+02   1.3106e+01   0.0000e+00   1.1326e-04   2.8104e+02
20251206_12:00:00   7.2459e-01   1.4558e+02   1.2677e+01   0.0000e+00   1.5112e-05   2.8113e+02
20251206_13:00:00   7.1825e-01   1.4472e+02   1.2604e+01   0.0000e+00   1.2654e-06   2.7938e+02
20251206_14:00:00   6.9633e-01   1.4188e+02   1.2234e+01   0.0000e+00   3.2396e-07   2.7738e+02
20251206_15:00:00   6.7181e-01   1.3859e+02   1.1862e+01   0.0000e+00   3.6971e-04   2.7508e+02
20251206_16:00:00   6.7455e-01   1.3894e+02   1.2038e+01   0.0000e+00   0.0000e+00   2.7346e+02
20251206_17:00:00   6.8353e-01   1.4034e+02   1.2222e+01   0.0000e+00   0.0000e+00   2.7345e+02
20251206_18:00:00   6.8060e-01   1.4019e+02   1.2183e+01   0.0000e+00   0.0000e+00   2.7548e+02
20251206_19:00:00   6.6869e-01   1.3881e+02   1.1965e+01   0.0000e+00   0.0000e+00   2.7531e+02
20251206_20:00:00   6.3994e-01   1.3507e+02   1.1467e+01   0.0000e+00   0.0000e+00   2.7647e+02
20251206_21:00:00   6.0770e-01   1.3067e+02   1.0901e+01   0.0000e+00   0.0000e+00   2.7795e+02
20251206_22:00:00   5.9829e-01   1.2944e+02   1.0774e+01   0.0000e+00   0.0000e+00   2.7957e+02
20251206_23:00:00   6.0322e-01   1.3031e+02   1.0848e+01   0.0000e+00   0.0000e+00   2.7874e+02
20251207_00:00:00   6.0175e-01   1.3007e+02   1.0804e+01   0.0000e+00   0.0000e+00   2.8058e+02
20251207_01:00:00   5.9113e-01   1.2827e+02   1.0647e+01   0.0000e+00   0.0000e+00   2.8042e+02
20251207_02:00:00   5.7012e-01   1.2491e+02   1.0281e+01   0.0000e+00   0.0000e+00   2.8124e+02
20251207_03:00:00   5.5182e-01   1.2189e+02   9.9858e+00   0.0000e+00   0.0000e+00   2.8267e+02
20251207_04:00:00   5.3610e-01   1.1908e+02   9.7875e+00   0.0000e+00   1.0224e-06   2.8521e+02
20251207_05:00:00   5.3932e-01   1.1909e+02   1.0025e+01   0.0000e+00   0.0000e+00   2.8467e+02
20251207_06:00:00   5.5759e-01   1.2147e+02   1.0520e+01   0.0000e+00   0.0000e+00   2.8442e+02
20251207_09:00:00   5.9342e-01   1.2652e+02   1.1180e+01   0.0000e+00   6.9440e-06   2.8571e+02
20251207_12:00:00   6.4712e-01   1.3435e+02   1.2014e+01   0.0000e+00   8.8142e-04   2.8957e+02
20251207_15:00:00   6.8749e-01   1.4035e+02   1.2432e+01   0.0000e+00   6.7420e-05   2.8492e+02
20251207_18:00:00   7.2131e-01   1.4564e+02   1.2896e+01   0.0000e+00   6.0459e-04   2.8076e+02
20251207_21:00:00   7.1416e-01   1.4533e+02   1.2775e+01   0.0000e+00   3.5811e-04   2.8355e+02
20251208_00:00:00   7.6099e-01   1.5167e+02   1.3493e+01   0.0000e+00   3.9727e-04   2.9580e+02
20251208_03:00:00   7.6796e-01   1.5225e+02   1.3369e+01   0.0000e+00   5.7163e-04   2.9879e+02
20251208_06:00:00   7.2963e-01   1.4721e+02   1.2702e+01   0.0000e+00   0.0000e+00   2.9812e+02
20251208_09:00:00   6.7568e-01   1.3977e+02   1.1764e+01   0.0000e+00   0.0000e+00   2.9874e+02
20251208_12:00:00   6.6626e-01   1.3803e+02   1.1687e+01   0.0000e+00   2.6057e-05   2.9988e+02
20251208_15:00:00   6.7457e-01   1.3888e+02   1.1756e+01   0.0000e+00   8.1920e-05   2.8707e+02
20251208_18:00:00   7.0705e-01   1.4380e+02   1.2181e+01   0.0000e+00   0.0000e+00   2.9704e+02
20251208_21:00:00   6.6115e-01   1.3844e+02   1.1366e+01   0.0000e+00   0.0000e+00   2.9316e+02
20251209_00:00:00   6.4418e-01   1.3637e+02   1.1027e+01   0.0000e+00   7.3000e-05   2.8157e+02
20251209_03:00:00   6.4297e-01   1.3604e+02   1.0929e+01   0.0000e+00   0.0000e+00   2.7803e+02
20251209_06:00:00   6.1132e-01   1.3133e+02   1.0371e+01   0.0000e+00   0.0000e+00   2.7969e+02
20251209_09:00:00   5.7731e-01   1.2599e+02   9.8745e+00   0.0000e+00   0.0000e+00   2.8025e+02
20251209_12:00:00   5.3438e-01   1.1924e+02   9.2129e+00   0.0000e+00   8.4260e-06   2.8192e+02
20251209_15:00:00   4.9666e-01   1.1298e+02   8.6243e+00   0.0000e+00   3.5040e-05   2.8145e+02
20251209_18:00:00   4.6359e-01   1.0778e+02   8.0770e+00   0.0000e+00   0.0000e+00   2.8052e+02
20251209_21:00:00   4.3285e-01   1.0300e+02   7.6433e+00   0.0000e+00   0.0000e+00   2.8589e+02
20251210_00:00:00   4.2473e-01   1.0171e+02   7.4947e+00   0.0000e+00   0.0000e+00   2.8272e+02
20251210_03:00:00   4.1395e-01   9.9584e+01   7.2650e+00   0.0000e+00   0.0000e+00   2.8370e+02
20251210_06:00:00   4.0255e-01   9.7176e+01   7.0446e+00   0.0000e+00   0.0000e+00   2.8553e+02
20251210_09:00:00   3.5375e-01   8.7868e+01   6.2518e+00   0.0000e+00   0.0000e+00   2.8880e+02
20251210_12:00:00   3.2210e-01   8.1508e+01   5.7192e+00   0.0000e+00   0.0000e+00   2.8677e+02
20251210_15:00:00   3.1718e-01   8.0302e+01   5.6283e+00   0.0000e+00   0.0000e+00   2.8190e+02
20251210_18:00:00   3.0922e-01   7.8961e+01   5.5000e+00   0.0000e+00   0.0000e+00   2.8508e+02
20251210_21:00:00   2.9588e-01   7.6643e+01   5.3857e+00   0.0000e+00   0.0000e+00   2.8703e+02
20251211_00:00:00   3.0918e-01   7.9455e+01   5.6188e+00   0.0000e+00   0.0000e+00   2.8379e+02
20251211_03:00:00   2.9931e-01   7.7118e+01   5.4532e+00   0.0000e+00   0.0000e+00   2.8552e+02
20251211_06:00:00   2.9980e-01   7.7126e+01   5.4145e+00   0.0000e+00   0.0000e+00   2.8128e+02
20251211_09:00:00   2.9431e-01   7.5845e+01   5.3459e+00   0.0000e+00   5.3440e-05   2.7907e+02
20251211_12:00:00   2.8044e-01   7.2760e+01   5.0661e+00   0.0000e+00   2.8761e-05   2.8016e+02
20251211_15:00:00   2.6564e-01   6.9424e+01   4.8222e+00   0.0000e+00   0.0000e+00   2.7764e+02
20251211_18:00:00   2.5938e-01   6.8244e+01   4.7378e+00   0.0000e+00   0.0000e+00   2.7618e+02
20251211_21:00:00   2.6783e-01   7.0351e+01   4.9314e+00   0.0000e+00   0.0000e+00   2.7321e+02
20251212_00:00:00   2.8811e-01   7.4645e+01   5.3240e+00   0.0000e+00   0.0000e+00   2.7236e+02
20251212_03:00:00   2.9287e-01   7.5375e+01   5.4187e+00   0.0000e+00   0.0000e+00   2.7596e+02
20251212_06:00:00   2.7372e-01   7.1179e+01   5.0382e+00   0.0000e+00   1.4968e-06   2.7684e+02
20251212_09:00:00   2.6367e-01   6.8978e+01   4.8108e+00   0.0000e+00   0.0000e+00   2.7933e+02
20251212_12:00:00   2.6813e-01   6.9683e+01   4.8814e+00   0.0000e+00   0.0000e+00   2.8064e+02
20251212_15:00:00   2.6682e-01   6.9209e+01   4.8861e+00   0.0000e+00   0.0000e+00   2.8449e+02
20251212_18:00:00   3.2569e-01   8.0907e+01   6.2324e+00   0.0000e+00   1.6196e-07   2.8810e+02
20251212_21:00:00   3.4782e-01   8.5300e+01   6.7770e+00   0.0000e+00   0.0000e+00   2.8750e+02
20251213_00:00:00   3.5689e-01   8.7441e+01   6.8321e+00   0.0000e+00   0.0000e+00   2.8953e+02
20251213_03:00:00   3.6276e-01   8.8243e+01   6.9910e+00   0.0000e+00   0.0000e+00   2.9229e+02
20251213_06:00:00   3.6739e-01   8.8942e+01   7.0687e+00   0.0000e+00   0.0000e+00   2.9144e+02
20251213_09:00:00   3.7909e-01   9.1023e+01   7.2997e+00   0.0000e+00   0.0000e+00   2.8885e+02
20251213_12:00:00   4.0268e-01   9.4846e+01   7.8463e+00   0.0000e+00   1.9564e-04   2.7880e+02
20251213_15:00:00   3.8953e-01   9.2628e+01   7.5437e+00   0.0000e+00   1.8566e-05   2.7862e+02
20251213_18:00:00   3.8706e-01   9.2478e+01   7.4987e+00   0.0000e+00   0.0000e+00   2.8385e+02
20251213_21:00:00   3.7529e-01   9.0850e+01   7.2780e+00   0.0000e+00   0.0000e+00   2.8225e+02
20251214_00:00:00   3.6852e-01   9.0036e+01   7.0378e+00   0.0000e+00   0.0000e+00   3.0159e+02
20251214_03:00:00   3.4927e-01   8.6081e+01   6.7299e+00   0.0000e+00   0.0000e+00   3.0417e+02
20251214_06:00:00   3.0750e-01   7.7917e+01   5.8511e+00   0.0000e+00   0.0000e+00   3.0010e+02
20251214_09:00:00   2.8599e-01   7.3269e+01   5.4181e+00   0.0000e+00   0.0000e+00   3.0204e+02
20251214_12:00:00   2.5823e-01   6.7287e+01   4.8983e+00   0.0000e+00   0.0000e+00   3.0503e+02
20251214_15:00:00   2.5571e-01   6.6727e+01   4.8115e+00   0.0000e+00   0.0000e+00   3.1274e+02
20251214_18:00:00   3.0276e-01   7.6447e+01   5.6837e+00   0.0000e+00   1.4096e-04   3.0185e+02
20251214_21:00:00   3.8099e-01   9.1632e+01   7.0647e+00   0.0000e+00   1.4880e-03   2.9805e+02
20251215_00:00:00   4.4951e-01   1.0379e+02   8.2286e+00   0.0000e+00   2.0440e-06   2.9499e+02
20251215_03:00:00   4.3008e-01   1.0083e+02   7.2966e+00   0.0000e+00   3.7140e-06   2.9418e+02
20251215_06:00:00   4.1321e-01   9.7685e+01   6.8602e+00   0.0000e+00   0.0000e+00   2.9435e+02
20251215_09:00:00   3.7411e-01   9.0476e+01   6.1852e+00   0.0000e+00   5.2760e-05   2.9290e+02
20251215_12:00:00   3.9231e-01   9.3625e+01   6.6396e+00   0.0000e+00   8.0980e-08   2.9169e+02
20251215_15:00:00   3.9456e-01   9.3761e+01   6.8405e+00   0.0000e+00   4.3740e-05   2.9264e+02
20251215_18:00:00   4.0165e-01   9.5043e+01   7.2151e+00   0.0000e+00   0.0000e+00   2.9360e+02
20251215_21:00:00   4.0171e-01   9.5698e+01   7.1922e+00   0.0000e+00   0.0000e+00   2.8926e+02
20251216_00:00:00   4.4433e-01   1.0319e+02   7.9597e+00   0.0000e+00   0.0000e+00   2.8867e+02
20251216_03:00:00   4.1444e-01   9.7724e+01   7.3271e+00   0.0000e+00   1.6228e-03   2.9336e+02
20251216_06:00:00   3.5553e-01   8.6609e+01   6.2505e+00   0.0000e+00   6.2402e-04   2.9591e+02
20251216_09:00:00   3.3159e-01   8.1612e+01   5.9455e+00   0.0000e+00   2.0560e-05   3.0345e+02
20251216_12:00:00   3.0643e-01   7.6311e+01   5.6429e+00   0.0000e+00   4.8840e-03   3.0285e+02
20251216_15:00:00   3.0099e-01   7.5095e+01   5.5643e+00   0.0000e+00   4.3301e-02   2.9767e+02
20251216_18:00:00   3.2575e-01   8.0173e+01   6.0298e+00   0.0000e+00   5.2820e-02   2.8767e+02
20251216_21:00:00   3.4894e-01   8.4603e+01   6.6498e+00   0.0000e+00   1.0641e-02   2.7967e+02
20251217_00:00:00   3.9618e-01   9.3473e+01   7.5122e+00   0.0000e+00   1.6656e-03   2.8121e+02
20251217_03:00:00   4.3811e-01   1.0024e+02   8.3320e+00   0.0000e+00   3.8043e-03   2.8100e+02
20251217_06:00:00   4.6825e-01   1.0494e+02   9.0481e+00   0.0000e+00   1.0003e-03   2.7909e+02
20251217_09:00:00   5.0984e-01   1.1145e+02   9.8395e+00   0.0000e+00   7.8159e-04   2.8087e+02
20251217_12:00:00   5.4277e-01   1.1653e+02   1.0421e+01   0.0000e+00   6.0448e-04   2.8100e+02
20251217_15:00:00   5.7760e-01   1.2157e+02   1.1076e+01   0.0000e+00   5.1660e-05   2.7862e+02
20251217_18:00:00   5.5213e-01   1.1817e+02   1.0577e+01   0.0000e+00   3.1232e-03   2.7873e+02
20251217_21:00:00   5.1515e-01   1.1319e+02   9.7920e+00   0.0000e+00   1.2963e-04   2.7752e+02
20251218_00:00:00   5.3621e-01   1.1668e+02   1.0105e+01   0.0000e+00   8.9843e-03   2.8148e+02
20251218_03:00:00   4.4576e-01   1.0176e+02   8.0423e+00   7.8560e-06   1.0038e-02   2.9019e+02
20251218_06:00:00   5.2888e-01   1.1475e+02   9.3945e+00   1.0736e-04   2.4015e-02   2.9578e+02
