#            date       tau255        Tb[K]      pwv[mm] lwp[kg*m^-2] iwp[kg*m^-2]       o3[DU]
20251208_18:00:00   3.8589e-01   9.2016e+01   7.1313e+00   0.0000e+00   0.0000e+00   2.9445e+02
20251208_19:00:00   3.8310e-01   9.1744e+01   7.0754e+00   0.0000e+00   0.0000e+00   2.9431e+02
20251208_20:00:00   3.8414e-01   9.2080e+01   7.1405e+00   0.0000e+00   0.0000e+00   2.9222e+02
20251208_21:00:00   3.6978e-01   8.9726e+01   6.8450e+00   0.0000e+00   0.0000e+00   2.9171e+02
20251208_22:00:00   3.6991e-01   9.0065e+01   6.8173e+00   0.0000e+00   0.0000e+00   2.9053e+02
20251208_23:00:00   3.8766e-01   9.3394e+01   7.1801e+00   0.0000e+00   0.0000e+00   2.8995e+02
20251209_00:00:00   4.0198e-01   9.5882e+01   7.5157e+00   0.0000e+00   2.2060e-06   2.8897e+02
20251209_01:00:00   4.0541e-01   9.6478e+01   7.6158e+00   0.0000e+00   0.0000e+00   2.8554e+02
20251209_02:00:00   4.1606e-01   9.8247e+01   7.8854e+00   0.0000e+00   0.0000e+00   2.8355e+02
20251209_03:00:00   4.1109e-01   9.7400e+01   7.8199e+00   0.0000e+00   0.0000e+00   2.8697e+02
20251209_04:00:00   4.1036e-01   9.7188e+01   7.8368e+00   0.0000e+00   0.0000e+00   2.9000e+02
20251209_05:00:00   3.9941e-01   9.5161e+01   7.6648e+00   0.0000e+00   4.4480e-05   2.9322e+02
20251209_06:00:00   3.9643e-01   9.4541e+01   7.6584e+00   0.0000e+00   0.0000e+00   2.9321e+02
20251209_07:00:00   3.8932e-01   9.3188e+01   7.5694e+00   0.0000e+00   0.0000e+00   2.9559e+02
20251209_08:00:00   3.8050e-01   9.1577e+01   7.4157e+00   0.0000e+00   0.0000e+00   2.9449e+02
20251209_09:00:00   3.7605e-01   9.0691e+01   7.3384e+00   0.0000e+00   0.0000e+00   2.9205e+02
20251209_10:00:00   3.7503e-01   9.0463e+01   7.3262e+00   0.0000e+00   0.0000e+00   2.8854e+02
20251209_11:00:00   3.6521e-01   8.8602e+01   7.1353e+00   0.0000e+00   0.0000e+00   2.8650e+02
20251209_12:00:00   3.5152e-01   8.5942e+01   6.8281e+00   0.0000e+00   2.1580e-05   2.8537e+02
20251209_13:00:00   3.3327e-01   8.2453e+01   6.4617e+00   0.0000e+00   6.7420e-06   2.8655e+02
20251209_14:00:00   3.1806e-01   7.9552e+01   6.1694e+00   0.0000e+00   0.0000e+00   2.9001e+02
20251209_15:00:00   3.0820e-01   7.7622e+01   5.9675e+00   0.0000e+00   0.0000e+00   2.9132e+02
20251209_16:00:00   3.0185e-01   7.6361e+01   5.8423e+00   0.0000e+00   0.0000e+00   2.9292e+02
20251209_17:00:00   3.1060e-01   7.8235e+01   5.9688e+00   0.0000e+00   0.0000e+00   2.9137e+02
20251209_18:00:00   3.2867e-01   8.2010e+01   6.2847e+00   0.0000e+00   0.0000e+00   2.8867e+02
20251209_19:00:00   3.2565e-01   8.1563e+01   6.2385e+00   0.0000e+00   0.0000e+00   2.8619e+02
20251209_20:00:00   3.2265e-01   8.1126e+01   6.1806e+00   0.0000e+00   0.0000e+00   2.8367e+02
20251209_21:00:00   3.1904e-01   8.0554e+01   6.1212e+00   0.0000e+00   0.0000e+00   2.8339e+02
20251209_22:00:00   3.1410e-01   7.9717e+01   6.0109e+00   0.0000e+00   0.0000e+00   2.8314e+02
20251209_23:00:00   3.0929e-01   7.8842e+01   5.8817e+00   0.0000e+00   0.0000e+00   2.8223e+02
20251210_00:00:00   2.9859e-01   7.6704e+01   5.6474e+00   0.0000e+00   0.0000e+00   2.8251e+02
20251210_01:00:00   2.9229e-01   7.5432e+01   5.4953e+00   0.0000e+00   0.0000e+00   2.8259e+02
20251210_02:00:00   2.9154e-01   7.5306e+01   5.4363e+00   0.0000e+00   0.0000e+00   2.8609e+02
20251210_03:00:00   2.9346e-01   7.5669e+01   5.4470e+00   0.0000e+00   0.0000e+00   2.8784e+02
20251210_04:00:00   2.9757e-01   7.6440e+01   5.5290e+00   0.0000e+00   0.0000e+00   2.8905e+02
20251210_05:00:00   2.9937e-01   7.6704e+01   5.5857e+00   0.0000e+00   0.0000e+00   2.9037e+02
20251210_06:00:00   3.0002e-01   7.6760e+01   5.6026e+00   0.0000e+00   0.0000e+00   2.9159e+02
20251210_07:00:00   3.0148e-01   7.7006e+01   5.6268e+00   0.0000e+00   0.0000e+00   2.9340e+02
20251210_08:00:00   3.0043e-01   7.6747e+01   5.5949e+00   0.0000e+00   0.0000e+00   2.9374e+02
20251210_09:00:00   2.9870e-01   7.6348e+01   5.5477e+00   0.0000e+00   0.0000e+00   2.9453e+02
20251210_10:00:00   2.9570e-01   7.5695e+01   5.4879e+00   0.0000e+00   0.0000e+00   2.9440e+02
20251210_11:00:00   2.9230e-01   7.4986e+01   5.4252e+00   0.0000e+00   0.0000e+00   2.9332e+02
20251210_12:00:00   2.8832e-01   7.4149e+01   5.3417e+00   0.0000e+00   0.0000e+00   2.9431e+02
20251210_13:00:00   2.8602e-01   7.3654e+01   5.2886e+00   0.0000e+00   0.0000e+00   2.9270e+02
20251210_14:00:00   2.8656e-01   7.3717e+01   5.2803e+00   0.0000e+00   0.0000e+00   2.9055e+02
20251210_15:00:00   2.8482e-01   7.3353e+01   5.2256e+00   0.0000e+00   0.0000e+00   2.8816e+02
20251210_16:00:00   2.8019e-01   7.2424e+01   5.1269e+00   0.0000e+00   0.0000e+00   2.8745e+02
20251210_17:00:00   2.8199e-01   7.2866e+01   5.1426e+00   0.0000e+00   0.0000e+00   2.8638e+02
20251210_18:00:00   2.8832e-01   7.4343e+01   5.2490e+00   0.0000e+00   0.0000e+00   2.8482e+02
20251210_19:00:00   2.8815e-01   7.4466e+01   5.2563e+00   0.0000e+00   0.0000e+00   2.8501e+02
20251210_20:00:00   2.9300e-01   7.5588e+01   5.3570e+00   0.0000e+00   0.0000e+00   2.8786e+02
20251210_21:00:00   2.9834e-01   7.6814e+01   5.4656e+00   0.0000e+00   0.0000e+00   2.8868e+02
20251210_22:00:00   3.0629e-01   7.8529e+01   5.6213e+00   0.0000e+00   0.0000e+00   2.8740e+02
20251210_23:00:00   3.1438e-01   8.0214e+01   5.7693e+00   0.0000e+00   0.0000e+00   2.8689e+02
20251211_00:00:00   3.1402e-01   8.0121e+01   5.7738e+00   0.0000e+00   0.0000e+00   2.8727e+02
20251211_01:00:00   3.0983e-01   7.9192e+01   5.7101e+00   0.0000e+00   0.0000e+00   2.8702e+02
20251211_02:00:00   3.1177e-01   7.9533e+01   5.7544e+00   0.0000e+00   0.0000e+00   2.8783e+02
20251211_03:00:00   3.1144e-01   7.9420e+01   5.7511e+00   0.0000e+00   0.0000e+00   2.8816e+02
20251211_04:00:00   3.0862e-01   7.8786e+01   5.6935e+00   0.0000e+00   0.0000e+00   2.8777e+02
20251211_05:00:00   3.0392e-01   7.7804e+01   5.5975e+00   0.0000e+00   0.0000e+00   2.8632e+02
20251211_06:00:00   2.9641e-01   7.6236e+01   5.4571e+00   0.0000e+00   0.0000e+00   2.8515e+02
20251211_07:00:00   2.8776e-01   7.4421e+01   5.2950e+00   0.0000e+00   0.0000e+00   2.8321e+02
20251211_08:00:00   2.8043e-01   7.2845e+01   5.1620e+00   0.0000e+00   0.0000e+00   2.8063e+02
20251211_09:00:00   2.7202e-01   7.1042e+01   5.0051e+00   0.0000e+00   0.0000e+00   2.7898e+02
20251211_10:00:00   2.6152e-01   6.8786e+01   4.8037e+00   0.0000e+00   0.0000e+00   2.7843e+02
20251211_11:00:00   2.5282e-01   6.6913e+01   4.6398e+00   0.0000e+00   0.0000e+00   2.7923e+02
20251211_12:00:00   2.4629e-01   6.5481e+01   4.5193e+00   0.0000e+00   0.0000e+00   2.8103e+02
20251211_13:00:00   2.4200e-01   6.4533e+01   4.4418e+00   0.0000e+00   0.0000e+00   2.8277e+02
20251211_14:00:00   2.4052e-01   6.4208e+01   4.4193e+00   0.0000e+00   0.0000e+00   2.8608e+02
20251211_15:00:00   2.4079e-01   6.4243e+01   4.4313e+00   0.0000e+00   0.0000e+00   2.8723e+02
20251211_16:00:00   2.4352e-01   6.4834e+01   4.4831e+00   0.0000e+00   0.0000e+00   2.8611e+02
20251211_17:00:00   2.5185e-01   6.6669e+01   4.6350e+00   0.0000e+00   0.0000e+00   2.8547e+02
20251211_18:00:00   2.6801e-01   7.0230e+01   4.9231e+00   0.0000e+00   0.0000e+00   2.8281e+02
20251211_19:00:00   2.7299e-01   7.1380e+01   5.0233e+00   0.0000e+00   0.0000e+00   2.7974e+02
20251211_20:00:00   2.7952e-01   7.2886e+01   5.1436e+00   0.0000e+00   0.0000e+00   2.7962e+02
20251211_21:00:00   2.7877e-01   7.2830e+01   5.1314e+00   0.0000e+00   0.0000e+00   2.7906e+02
20251211_22:00:00   2.8586e-01   7.4394e+01   5.2679e+00   0.0000e+00   0.0000e+00   2.7868e+02
20251211_23:00:00   2.9444e-01   7.6215e+01   5.4135e+00   0.0000e+00   0.0000e+00   2.8013e+02
20251212_00:00:00   2.9552e-01   7.6385e+01   5.4351e+00   0.0000e+00   0.0000e+00   2.8043e+02
20251212_01:00:00   2.9825e-01   7.6877e+01   5.4892e+00   0.0000e+00   0.0000e+00   2.8008e+02
20251212_02:00:00   3.0345e-01   7.7881e+01   5.5918e+00   0.0000e+00   0.0000e+00   2.8020e+02
20251212_03:00:00   3.0554e-01   7.8248e+01   5.6360e+00   0.0000e+00   0.0000e+00   2.8090e+02
20251212_04:00:00   3.1181e-01   7.9453e+01   5.7511e+00   0.0000e+00   0.0000e+00   2.8302e+02
20251212_05:00:00   3.1463e-01   7.9989e+01   5.7903e+00   0.0000e+00   0.0000e+00   2.8515e+02
20251212_06:00:00   3.1501e-01   8.0061e+01   5.7836e+00   0.0000e+00   0.0000e+00   2.8628e+02
20251212_07:00:00   3.1152e-01   7.9333e+01   5.7061e+00   0.0000e+00   0.0000e+00   2.8802e+02
20251212_08:00:00   3.0529e-01   7.8030e+01   5.5862e+00   0.0000e+00   0.0000e+00   2.8754e+02
20251212_09:00:00   3.0029e-01   7.6976e+01   5.4864e+00   0.0000e+00   0.0000e+00   2.8555e+02
20251212_10:00:00   2.9512e-01   7.5877e+01   5.3799e+00   0.0000e+00   0.0000e+00   2.8487e+02
20251212_11:00:00   2.9066e-01   7.4929e+01   5.2850e+00   0.0000e+00   0.0000e+00   2.8300e+02
20251212_12:00:00   2.8638e-01   7.3996e+01   5.1948e+00   0.0000e+00   0.0000e+00   2.8128e+02
20251212_13:00:00   2.7968e-01   7.2568e+01   5.0619e+00   0.0000e+00   0.0000e+00   2.8234e+02
20251212_14:00:00   2.7343e-01   7.1240e+01   4.9414e+00   0.0000e+00   0.0000e+00   2.8157e+02
20251212_15:00:00   2.7007e-01   7.0502e+01   4.8773e+00   0.0000e+00   0.0000e+00   2.8034e+02
20251212_16:00:00   2.6769e-01   6.9965e+01   4.8346e+00   0.0000e+00   0.0000e+00   2.8164e+02
20251212_17:00:00   2.6844e-01   7.0129e+01   4.8493e+00   0.0000e+00   0.0000e+00   2.8343e+02
20251212_18:00:00   2.7675e-01   7.2003e+01   4.9967e+00   0.0000e+00   0.0000e+00   2.8657e+02
20251212_19:00:00   2.7778e-01   7.2331e+01   5.0274e+00   0.0000e+00   0.0000e+00   2.8909e+02
20251212_20:00:00   2.7726e-01   7.2325e+01   5.0328e+00   0.0000e+00   0.0000e+00   2.8978e+02
20251212_21:00:00   2.7621e-01   7.2192e+01   5.0322e+00   0.0000e+00   0.0000e+00   2.8877e+02
20251212_22:00:00   2.8225e-01   7.3507e+01   5.1588e+00   0.0000e+00   0.0000e+00   2.8736e+02
20251212_23:00:00   2.9702e-01   7.6587e+01   5.4407e+00   0.0000e+00   0.0000e+00   2.8415e+02
20251213_00:00:00   3.0337e-01   7.7821e+01   5.5765e+00   0.0000e+00   0.0000e+00   2.8020e+02
20251213_01:00:00   3.0299e-01   7.7650e+01   5.5806e+00   0.0000e+00   0.0000e+00   2.7879e+02
20251213_02:00:00   3.0553e-01   7.8087e+01   5.6308e+00   0.0000e+00   0.0000e+00   2.7999e+02
20251213_03:00:00   3.1034e-01   7.9016e+01   5.7135e+00   0.0000e+00   0.0000e+00   2.8328e+02
20251213_04:00:00   3.1234e-01   7.9344e+01   5.7424e+00   0.0000e+00   0.0000e+00   2.8477e+02
20251213_05:00:00   3.1318e-01   7.9459e+01   5.7508e+00   0.0000e+00   0.0000e+00   2.8240e+02
20251213_06:00:00   3.1293e-01   7.9331e+01   5.7437e+00   0.0000e+00   0.0000e+00   2.8043e+02
20251213_07:00:00   3.0955e-01   7.8600e+01   5.6781e+00   0.0000e+00   0.0000e+00   2.8043e+02
20251213_08:00:00   3.0151e-01   7.6896e+01   5.5256e+00   0.0000e+00   0.0000e+00   2.7948e+02
20251213_09:00:00   2.9299e-01   7.5098e+01   5.3705e+00   0.0000e+00   0.0000e+00   2.8022e+02
20251213_10:00:00   2.8443e-01   7.3255e+01   5.2162e+00   0.0000e+00   1.4968e-06   2.7988e+02
20251213_11:00:00   2.8104e-01   7.2484e+01   5.1566e+00   0.0000e+00   4.0440e-05   2.8187e+02
20251213_12:00:00   2.8153e-01   7.2480e+01   5.1733e+00   0.0000e+00   1.9030e-04   2.8213e+02
20251213_13:00:00   2.7848e-01   7.1803e+01   5.1113e+00   0.0000e+00   4.7340e-05   2.8192e+02
20251213_14:00:00   2.7783e-01   7.1616e+01   5.0943e+00   0.0000e+00   1.7536e-04   2.8101e+02
20251213_15:00:00   2.8031e-01   7.2034e+01   5.1559e+00   0.0000e+00   5.5130e-04   2.8090e+02
20251213_16:00:00   2.8138e-01   7.2134e+01   5.1977e+00   0.0000e+00   2.7344e-03   2.8216e+02
20251213_17:00:00   2.8510e-01   7.2824e+01   5.2876e+00   0.0000e+00   5.1064e-03   2.8311e+02
20251213_18:00:00   2.9658e-01   7.5217e+01   5.4984e+00   0.0000e+00   1.0681e-02   2.7952e+02
20251213_21:00:00   3.2816e-01   8.1362e+01   6.2167e+00   0.0000e+00   2.0670e-02   2.7508e+02
20251214_00:00:00   3.5984e-01   8.7833e+01   6.7423e+00   0.0000e+00   7.0775e-03   2.6878e+02
20251214_03:00:00   3.6803e-01   8.9208e+01   6.8176e+00   0.0000e+00   3.3278e-03   2.6792e+02
20251214_06:00:00   3.5551e-01   8.6376e+01   6.6749e+00   0.0000e+00   1.5467e-02   2.6526e+02
20251214_09:00:00   3.2968e-01   8.1361e+01   6.1347e+00   0.0000e+00   3.6916e-02   2.6335e+02
20251214_12:00:00   3.0917e-01   7.7193e+01   5.7544e+00   0.0000e+00   1.6057e-02   2.6811e+02
20251214_15:00:00   3.0372e-01   7.6044e+01   5.6331e+00   0.0000e+00   3.2855e-03   2.7144e+02
20251214_18:00:00   3.1886e-01   7.9013e+01   5.9398e+00   0.0000e+00   2.5053e-03   2.7066e+02
20251214_21:00:00   3.2488e-01   8.0453e+01   6.0912e+00   0.0000e+00   1.0291e-03   2.6937e+02
20251215_00:00:00   3.4750e-01   8.5084e+01   6.4653e+00   0.0000e+00   4.1920e-05   2.7291e+02
20251215_03:00:00   3.5952e-01   8.7367e+01   6.6331e+00   0.0000e+00   0.0000e+00   2.7345e+02
20251215_06:00:00   3.3649e-01   8.2902e+01   6.1961e+00   0.0000e+00   0.0000e+00   2.7247e+02
20251215_09:00:00   3.0096e-01   7.5796e+01   5.5482e+00   0.0000e+00   0.0000e+00   2.7049e+02
20251215_12:00:00   2.8125e-01   7.1701e+01   5.1811e+00   0.0000e+00   0.0000e+00   2.6309e+02
20251215_15:00:00   2.6645e-01   6.8501e+01   4.9356e+00   0.0000e+00   0.0000e+00   2.6083e+02
20251215_18:00:00   2.5091e-01   6.5541e+01   4.6316e+00   0.0000e+00   0.0000e+00   2.6195e+02
20251215_21:00:00   2.7620e-01   7.0890e+01   5.2525e+00   0.0000e+00   0.0000e+00   2.5991e+02
20251216_00:00:00   2.9676e-01   7.5355e+01   5.6060e+00   0.0000e+00   0.0000e+00   2.6138e+02
20251216_03:00:00   2.8198e-01   7.2350e+01   5.2845e+00   0.0000e+00   0.0000e+00   2.6274e+02
20251216_06:00:00   2.6842e-01   6.9464e+01   5.0271e+00   0.0000e+00   0.0000e+00   2.6483e+02
20251216_09:00:00   2.6604e-01   6.8574e+01   5.0981e+00   0.0000e+00   0.0000e+00   2.6767e+02
20251216_12:00:00   2.5577e-01   6.6334e+01   4.8976e+00   0.0000e+00   0.0000e+00   2.6663e+02
20251216_15:00:00   2.3612e-01   6.2143e+01   4.4872e+00   0.0000e+00   0.0000e+00   2.6689e+02
20251216_18:00:00   2.3301e-01   6.1707e+01   4.3710e+00   0.0000e+00   2.8860e-03   2.6580e+02
20251216_21:00:00   2.4443e-01   6.4339e+01   4.6189e+00   0.0000e+00   9.0392e-04   2.6612e+02
20251217_00:00:00   2.4762e-01   6.5566e+01   4.5561e+00   0.0000e+00   1.4282e-05   2.6270e+02
20251217_03:00:00   2.4438e-01   6.4754e+01   4.5062e+00   0.0000e+00   0.0000e+00   2.6248e+02
20251217_06:00:00   2.3302e-01   6.2235e+01   4.2987e+00   0.0000e+00   2.2240e-04   2.5858e+02
20251217_09:00:00   2.1933e-01   5.9079e+01   4.0626e+00   0.0000e+00   1.1169e-03   2.5636e+02
20251217_12:00:00   2.1703e-01   5.8230e+01   4.1239e+00   0.0000e+00   4.6720e-06   2.5944e+02
20251217_15:00:00   2.0506e-01   5.5567e+01   3.8830e+00   0.0000e+00   0.0000e+00   2.6162e+02
20251217_18:00:00   2.1168e-01   5.7085e+01   4.0058e+00   0.0000e+00   0.0000e+00   2.6407e+02
20251217_21:00:00   2.4296e-01   6.4064e+01   4.6634e+00   0.0000e+00   0.0000e+00   2.6435e+02
20251218_00:00:00   3.2088e-01   7.9682e+01   6.3930e+00   0.0000e+00   0.0000e+00   2.6389e+02
20251218_03:00:00   3.5374e-01   8.5758e+01   7.0970e+00   0.0000e+00   1.4406e-04   2.6423e+02
20251218_06:00:00   3.5905e-01   8.6424e+01   7.2854e+00   0.0000e+00   0.0000e+00   2.6571e+02
20251218_09:00:00   3.2608e-01   8.0078e+01   6.6423e+00   0.0000e+00   0.0000e+00   2.6725e+02
20251218_12:00:00   3.2594e-01   8.0099e+01   6.6533e+00   0.0000e+00   0.0000e+00   2.6831e+02
20251218_15:00:00   3.2344e-01   7.9783e+01   6.5984e+00   0.0000e+00   0.0000e+00   2.6714e+02
20251218_18:00:00   3.0497e-01   7.6716e+01   6.1278e+00   0.0000e+00   1.0956e-03   2.6637e+02
20251218_21:00:00   2.7614e-01   7.1494e+01   5.4248e+00   0.0000e+00   1.5062e-03   2.6518e+02
20251219_00:00:00   3.0500e-01   7.6825e+01   6.1226e+00   0.0000e+00   8.4909e-02   2.6178e+02
20251219_03:00:00   3.1406e-01   7.8311e+01   6.3484e+00   0.0000e+00   6.8453e-02   2.6045e+02
20251219_06:00:00   3.0346e-01   7.6173e+01   6.1325e+00   0.0000e+00   8.4090e-03   2.6170e+02
20251219_09:00:00   3.0702e-01   7.6455e+01   6.2735e+00   0.0000e+00   9.3017e-03   2.6100e+02
20251219_12:00:00   3.7271e-01   8.8376e+01   7.7351e+00   0.0000e+00   4.3075e-02   2.5658e+02
20251219_15:00:00   3.7255e-01   8.8369e+01   7.7568e+00   0.0000e+00   2.7388e-02   2.5684e+02
20251219_18:00:00   3.8337e-01   9.0298e+01   7.9803e+00   0.0000e+00   2.3113e-02   2.5472e+02
20251219_21:00:00   4.0043e-01   9.3738e+01   8.2710e+00   0.0000e+00   7.3651e-02   2.5529e+02
20251220_00:00:00   4.1841e-01   9.6990e+01   8.6462e+00   0.0000e+00   3.9702e-02   2.5428e+02
20251220_03:00:00   4.1497e-01   9.6162e+01   8.5902e+00   0.0000e+00   6.6853e-02   2.5468e+02
20251220_06:00:00   4.5209e-01   1.0242e+02   9.3134e+00   0.0000e+00   1.1507e-01   2.5453e+02
20251220_09:00:00   4.7391e-01   1.0595e+02   9.7326e+00   0.0000e+00   1.0717e-01   2.5583e+02
20251220_12:00:00   4.4307e-01   1.0096e+02   9.0910e+00   0.0000e+00   4.0308e-02   2.5972e+02
20251220_15:00:00   3.3580e-01   8.2374e+01   6.7434e+00   0.0000e+00   3.1285e-03   2.5766e+02
20251220_18:00:00   2.9449e-01   7.5018e+01   5.6703e+00   0.0000e+00   1.3654e-03   2.5957e+02
20251220_21:00:00   2.7482e-01   7.1472e+01   5.2084e+00   0.0000e+00   2.1240e-03   2.6321e+02
20251221_00:00:00   2.6595e-01   6.9878e+01   4.9477e+00   0.0000e+00   0.0000e+00   2.5955e+02
20251221_03:00:00   2.7989e-01   7.2546e+01   5.3057e+00   0.0000e+00   0.0000e+00   2.6397e+02
20251221_06:00:00   2.7031e-01   7.0301e+01   5.1645e+00   0.0000e+00   0.0000e+00   2.6486e+02
20251221_09:00:00   2.7366e-01   7.0671e+01   5.3462e+00   0.0000e+00   0.0000e+00   2.6866e+02
20251221_12:00:00   3.3237e-01   8.2045e+01   6.6945e+00   0.0000e+00   9.6494e-04   2.7529e+02
20251221_15:00:00   4.2545e-01   9.9352e+01   8.5636e+00   0.0000e+00   2.4861e-04   2.7228e+02
20251221_18:00:00   5.4528e-01   1.1975e+02   1.0967e+01   0.0000e+00   6.7306e-04   2.7364e+02
20251221_21:00:00   5.5168e-01   1.2177e+02   1.0764e+01   0.0000e+00   2.6200e-04   2.7923e+02
20251222_00:00:00   6.0760e-01   1.2996e+02   1.1611e+01   0.0000e+00   0.0000e+00   2.8992e+02
20251222_03:00:00   6.0851e-01   1.2994e+02   1.1117e+01   0.0000e+00   0.0000e+00   2.9519e+02
20251222_06:00:00   6.2216e-01   1.3169e+02   1.1035e+01   0.0000e+00   0.0000e+00   2.9394e+02
20251222_09:00:00   5.9813e-01   1.2772e+02   1.0686e+01   0.0000e+00   0.0000e+00   2.9340e+02
20251222_12:00:00   5.6501e-01   1.2261e+02   1.0166e+01   0.0000e+00   0.0000e+00   2.9469e+02
20251222_15:00:00   5.4594e-01   1.1942e+02   9.9106e+00   0.0000e+00   0.0000e+00   2.9515e+02
20251222_18:00:00   5.2043e-01   1.1573e+02   9.6200e+00   0.0000e+00   0.0000e+00   2.9072e+02
20251222_21:00:00   5.1104e-01   1.1465e+02   9.6596e+00   0.0000e+00   6.3880e-05   2.8279e+02
20251223_00:00:00   5.2749e-01   1.1763e+02   9.9631e+00   0.0000e+00   8.4400e-05   2.7408e+02
20251223_03:00:00   5.2961e-01   1.1768e+02   1.0046e+01   0.0000e+00   1.3738e-03   2.6773e+02
20251223_06:00:00   5.3737e-01   1.1875e+02   1.0260e+01   0.0000e+00   0.0000e+00   2.5900e+02
20251223_09:00:00   5.9480e-01   1.2784e+02   1.1195e+01   0.0000e+00   0.0000e+00   2.5455e+02
20251223_12:00:00   5.9565e-01   1.2843e+02   1.1067e+01   0.0000e+00   0.0000e+00   2.5135e+02
20251223_15:00:00   6.1225e-01   1.3106e+02   1.1479e+01   0.0000e+00   0.0000e+00   2.4778e+02
20251223_18:00:00   6.5073e-01   1.3683e+02   1.2264e+01   0.0000e+00   0.0000e+00   2.4647e+02
20251223_21:00:00   6.6768e-01   1.3974e+02   1.2650e+01   0.0000e+00   0.0000e+00   2.4394e+02
20251224_00:00:00   6.4434e-01   1.3686e+02   1.2218e+01   0.0000e+00   0.0000e+00   2.4515e+02
20251224_03:00:00   6.2982e-01   1.3477e+02   1.1886e+01   0.0000e+00   0.0000e+00   2.4788e+02
20251224_06:00:00   6.1926e-01   1.3308e+02   1.1494e+01   0.0000e+00   0.0000e+00   2.5179e+02
20251224_09:00:00   5.6648e-01   1.2513e+02   1.0614e+01   0.0000e+00   0.0000e+00   2.5062e+02
20251224_12:00:00   5.2607e-01   1.1855e+02   9.7220e+00   0.0000e+00   0.0000e+00   2.4782e+02
20251224_15:00:00   4.9502e-01   1.1341e+02   9.0196e+00   0.0000e+00   0.0000e+00   2.4840e+02
20251224_18:00:00   4.8113e-01   1.1140e+02   8.7121e+00   0.0000e+00   0.0000e+00   2.5149e+02
