#            date       tau255        Tb[K]      pwv[mm] lwp[kg*m^-2] iwp[kg*m^-2]       o3[DU]
20251203_18:00:00   2.7626e-01   6.9168e+01   4.5120e+00   0.0000e+00   0.0000e+00   3.3622e+02
20251203_19:00:00   2.6015e-01   6.5943e+01   4.3081e+00   0.0000e+00   4.8600e-07   3.3481e+02
20251203_20:00:00   2.5241e-01   6.4383e+01   4.2295e+00   0.0000e+00   3.8260e-06   3.3023e+02
20251203_21:00:00   2.4458e-01   6.2766e+01   4.1465e+00   0.0000e+00   1.5610e-05   3.2816e+02
20251203_22:00:00   2.4197e-01   6.2185e+01   4.1733e+00   0.0000e+00   2.1581e-05   3.2688e+02
20251203_23:00:00   2.4603e-01   6.2938e+01   4.3247e+00   0.0000e+00   2.1593e-03   3.2537e+02
20251204_00:00:00   2.5308e-01   6.4295e+01   4.5012e+00   0.0000e+00   5.4689e-03   3.2547e+02
20251204_01:00:00   2.6358e-01   6.6272e+01   4.7376e+00   0.0000e+00   1.6820e-02   3.2685e+02
20251204_02:00:00   2.7753e-01   6.8891e+01   5.0444e+00   0.0000e+00   4.2210e-02   3.2920e+02
20251204_03:00:00   2.8782e-01   7.0836e+01   5.2845e+00   0.0000e+00   2.4113e-02   3.2917e+02
20251204_04:00:00   3.0154e-01   7.3385e+01   5.5676e+00   0.0000e+00   2.4510e-02   3.2831e+02
20251204_05:00:00   3.2102e-01   7.7002e+01   5.9640e+00   0.0000e+00   2.7228e-02   3.2968e+02
20251204_06:00:00   3.3618e-01   7.9749e+01   6.2544e+00   0.0000e+00   3.9366e-02   3.2750e+02
20251204_07:00:00   3.5059e-01   8.2382e+01   6.4389e+00   0.0000e+00   1.2278e-01   3.2539e+02
20251204_08:00:00   3.6672e-01   8.5494e+01   6.8123e+00   0.0000e+00   7.7322e-03   3.2452e+02
20251204_09:00:00   3.7052e-01   8.6239e+01   6.8570e+00   0.0000e+00   4.6435e-03   3.2228e+02
20251204_10:00:00   3.6004e-01   8.4549e+01   6.6019e+00   0.0000e+00   1.6038e-04   3.1396e+02
20251204_11:00:00   3.4001e-01   8.1071e+01   6.1866e+00   0.0000e+00   0.0000e+00   3.0811e+02
20251204_12:00:00   3.3282e-01   7.9819e+01   6.0334e+00   0.0000e+00   1.6359e-05   3.0348e+02
20251204_13:00:00   3.2678e-01   7.8727e+01   5.9396e+00   0.0000e+00   1.0224e-06   3.0121e+02
20251204_14:00:00   3.2618e-01   7.8611e+01   5.9640e+00   0.0000e+00   5.0954e-04   2.9952e+02
20251204_15:00:00   3.2570e-01   7.8550e+01   6.0121e+00   0.0000e+00   1.1531e-03   3.0014e+02
20251204_16:00:00   3.3341e-01   8.0064e+01   6.1914e+00   0.0000e+00   1.5617e-05   2.9987e+02
20251204_17:00:00   3.3845e-01   8.1116e+01   6.3233e+00   0.0000e+00   1.4968e-06   2.9796e+02
20251204_18:00:00   3.4876e-01   8.3080e+01   6.5687e+00   0.0000e+00   1.6768e-05   2.9716e+02
20251204_19:00:00   3.6314e-01   8.5833e+01   6.9027e+00   0.0000e+00   1.5038e-05   2.9792e+02
20251204_20:00:00   3.8588e-01   9.0028e+01   7.4056e+00   0.0000e+00   9.8916e-04   2.9713e+02
20251204_21:00:00   4.1349e-01   9.4942e+01   7.9982e+00   0.0000e+00   8.1535e-03   2.9465e+02
20251204_22:00:00   4.4927e-01   1.0111e+02   8.7078e+00   0.0000e+00   1.2664e-02   2.9399e+02
20251204_23:00:00   4.8859e-01   1.0765e+02   9.4231e+00   0.0000e+00   4.6774e-02   2.9378e+02
20251205_00:00:00   5.2569e-01   1.1364e+02   1.0147e+01   0.0000e+00   9.2072e-03   2.9421e+02
20251205_01:00:00   5.4446e-01   1.1682e+02   1.0378e+01   0.0000e+00   4.4976e-05   2.9451e+02
20251205_02:00:00   5.5706e-01   1.1896e+02   1.0499e+01   0.0000e+00   0.0000e+00   2.9478e+02
20251205_03:00:00   5.7904e-01   1.2245e+02   1.0805e+01   0.0000e+00   3.1873e-04   2.9425e+02
20251205_04:00:00   6.0607e-01   1.2657e+02   1.1259e+01   0.0000e+00   7.5975e-05   2.9034e+02
20251205_05:00:00   6.2676e-01   1.2973e+02   1.1558e+01   0.0000e+00   1.2842e-05   2.8639e+02
20251205_06:00:00   6.4807e-01   1.3297e+02   1.1846e+01   0.0000e+00   1.5673e-03   2.8660e+02
20251205_07:00:00   7.0432e-01   1.4080e+02   1.2711e+01   0.0000e+00   1.0832e-03   2.8712e+02
20251205_08:00:00   7.5708e-01   1.4786e+02   1.3487e+01   0.0000e+00   1.0398e-04   2.8655e+02
20251205_09:00:00   7.9501e-01   1.5277e+02   1.4012e+01   0.0000e+00   3.3292e-06   2.8688e+02
20251205_10:00:00   8.0888e-01   1.5471e+02   1.4097e+01   0.0000e+00   0.0000e+00   2.8691e+02
20251205_11:00:00   8.1321e-01   1.5551e+02   1.4037e+01   0.0000e+00   0.0000e+00   2.8721e+02
20251205_12:00:00   8.0234e-01   1.5448e+02   1.3693e+01   0.0000e+00   0.0000e+00   2.8665e+02
20251205_13:00:00   7.8285e-01   1.5222e+02   1.3365e+01   0.0000e+00   0.0000e+00   2.8728e+02
20251205_14:00:00   7.7574e-01   1.5134e+02   1.3247e+01   0.0000e+00   0.0000e+00   2.8519e+02
20251205_15:00:00   7.4410e-01   1.4753e+02   1.2566e+01   0.0000e+00   0.0000e+00   2.8329e+02
20251205_16:00:00   7.3763e-01   1.4674e+02   1.2516e+01   0.0000e+00   0.0000e+00   2.8427e+02
20251205_17:00:00   7.2793e-01   1.4583e+02   1.2321e+01   0.0000e+00   0.0000e+00   2.8490e+02
20251205_18:00:00   7.3899e-01   1.4740e+02   1.2686e+01   0.0000e+00   0.0000e+00   2.8335e+02
20251205_19:00:00   7.1054e-01   1.4394e+02   1.2373e+01   0.0000e+00   0.0000e+00   2.8365e+02
20251205_20:00:00   7.0584e-01   1.4341e+02   1.2441e+01   0.0000e+00   0.0000e+00   2.8219e+02
20251205_21:00:00   7.0905e-01   1.4378e+02   1.2708e+01   0.0000e+00   0.0000e+00   2.8205e+02
20251205_22:00:00   7.0598e-01   1.4334e+02   1.2816e+01   0.0000e+00   0.0000e+00   2.8329e+02
20251205_23:00:00   6.9921e-01   1.4256e+02   1.2738e+01   0.0000e+00   0.0000e+00   2.8386e+02
20251206_00:00:00   7.2353e-01   1.4565e+02   1.3223e+01   0.0000e+00   0.0000e+00   2.8219e+02
20251206_01:00:00   7.3933e-01   1.4748e+02   1.3532e+01   0.0000e+00   0.0000e+00   2.8184e+02
20251206_02:00:00   7.4419e-01   1.4801e+02   1.3618e+01   0.0000e+00   0.0000e+00   2.8024e+02
20251206_03:00:00   7.2318e-01   1.4529e+02   1.3274e+01   0.0000e+00   1.4678e-04   2.7909e+02
20251206_04:00:00   7.0408e-01   1.4268e+02   1.3034e+01   0.0000e+00   1.9726e-04   2.7875e+02
20251206_05:00:00   6.9365e-01   1.4117e+02   1.2849e+01   0.0000e+00   1.2546e-05   2.7940e+02
20251206_06:00:00   6.4967e-01   1.3534e+02   1.1930e+01   0.0000e+00   8.0980e-08   2.8081e+02
20251206_07:00:00   6.2533e-01   1.3199e+02   1.1400e+01   0.0000e+00   0.0000e+00   2.8128e+02
20251206_08:00:00   5.9664e-01   1.2800e+02   1.0742e+01   0.0000e+00   3.0706e-05   2.8141e+02
20251206_09:00:00   5.7389e-01   1.2473e+02   1.0231e+01   0.0000e+00   1.8082e-04   2.8172e+02
20251206_10:00:00   5.8596e-01   1.2653e+02   1.0470e+01   0.0000e+00   0.0000e+00   2.8028e+02
20251206_11:00:00   6.0974e-01   1.2998e+02   1.0934e+01   0.0000e+00   0.0000e+00   2.8177e+02
20251206_12:00:00   6.0639e-01   1.2960e+02   1.0776e+01   0.0000e+00   0.0000e+00   2.8095e+02
20251206_13:00:00   6.0614e-01   1.2944e+02   1.0813e+01   0.0000e+00   0.0000e+00   2.7926e+02
20251206_14:00:00   5.9098e-01   1.2718e+02   1.0582e+01   0.0000e+00   0.0000e+00   2.7852e+02
20251206_15:00:00   5.8990e-01   1.2690e+02   1.0662e+01   0.0000e+00   0.0000e+00   2.7955e+02
20251206_16:00:00   5.9099e-01   1.2700e+02   1.0768e+01   0.0000e+00   0.0000e+00   2.7663e+02
20251206_17:00:00   6.3326e-01   1.3290e+02   1.1741e+01   0.0000e+00   0.0000e+00   2.7528e+02
20251206_18:00:00   6.3960e-01   1.3394e+02   1.1899e+01   0.0000e+00   0.0000e+00   2.7550e+02
20251206_19:00:00   6.5967e-01   1.3688e+02   1.2300e+01   0.0000e+00   0.0000e+00   2.7497e+02
20251206_20:00:00   6.6337e-01   1.3749e+02   1.2405e+01   0.0000e+00   0.0000e+00   2.7464e+02
20251206_21:00:00   6.5148e-01   1.3606e+02   1.2225e+01   0.0000e+00   2.8925e-04   2.7554e+02
20251206_22:00:00   6.6768e-01   1.3850e+02   1.2523e+01   0.0000e+00   1.7708e-06   2.7374e+02
20251206_23:00:00   7.1113e-01   1.4453e+02   1.3293e+01   0.0000e+00   0.0000e+00   2.7409e+02
20251207_00:00:00   7.4644e-01   1.4933e+02   1.3848e+01   0.0000e+00   0.0000e+00   2.7459e+02
20251207_01:00:00   7.8469e-01   1.5398e+02   1.4493e+01   0.0000e+00   0.0000e+00   2.7501e+02
20251207_02:00:00   7.9897e-01   1.5572e+02   1.4687e+01   0.0000e+00   0.0000e+00   2.7408e+02
20251207_03:00:00   7.8430e-01   1.5399e+02   1.4274e+01   0.0000e+00   8.0980e-08   2.7599e+02
20251207_04:00:00   7.6413e-01   1.5146e+02   1.3853e+01   0.0000e+00   0.0000e+00   2.7665e+02
20251207_05:00:00   7.5119e-01   1.4979e+02   1.3534e+01   0.0000e+00   0.0000e+00   2.7765e+02
20251207_06:00:00   7.4211e-01   1.4856e+02   1.3348e+01   0.0000e+00   0.0000e+00   2.7950e+02
20251207_07:00:00   7.1842e-01   1.4553e+02   1.2854e+01   0.0000e+00   0.0000e+00   2.8191e+02
20251207_08:00:00   7.0126e-01   1.4324e+02   1.2496e+01   0.0000e+00   2.2060e-06   2.8371e+02
20251207_09:00:00   6.8052e-01   1.4041e+02   1.2087e+01   0.0000e+00   6.7116e-04   2.8415e+02
20251207_10:00:00   6.7591e-01   1.3966e+02   1.1984e+01   0.0000e+00   3.4352e-03   2.8598e+02
20251207_11:00:00   6.7300e-01   1.3922e+02   1.1874e+01   0.0000e+00   4.9063e-03   2.8636e+02
20251207_12:00:00   6.5446e-01   1.3662e+02   1.1511e+01   0.0000e+00   5.7391e-03   2.8632e+02
20251207_13:00:00   6.3220e-01   1.3351e+02   1.1067e+01   0.0000e+00   4.4545e-04   2.8684e+02
20251207_14:00:00   6.1718e-01   1.3137e+02   1.0694e+01   0.0000e+00   2.2040e-05   2.8578e+02
20251207_15:00:00   6.0585e-01   1.2964e+02   1.0439e+01   0.0000e+00   6.6087e-04   2.8572e+02
20251207_16:00:00   6.0251e-01   1.2911e+02   1.0345e+01   0.0000e+00   1.7110e-03   2.8441e+02
20251207_17:00:00   6.0942e-01   1.3023e+02   1.0440e+01   0.0000e+00   5.4220e-04   2.8507e+02
20251207_18:00:00   6.0945e-01   1.3039e+02   1.0476e+01   0.0000e+00   1.7194e-04   2.8574e+02
20251207_19:00:00   6.0008e-01   1.2919e+02   1.0404e+01   0.0000e+00   0.0000e+00   2.8564e+02
20251207_20:00:00   5.9364e-01   1.2831e+02   1.0379e+01   0.0000e+00   2.5896e-04   2.8493e+02
20251207_21:00:00   5.9423e-01   1.2850e+02   1.0454e+01   0.0000e+00   1.6372e-04   2.8534e+02
20251207_22:00:00   6.0770e-01   1.3057e+02   1.0736e+01   0.0000e+00   3.9582e-04   2.8961e+02
20251207_23:00:00   6.2721e-01   1.3345e+02   1.1064e+01   0.0000e+00   1.2119e-03   2.9314e+02
20251208_00:00:00   6.4768e-01   1.3633e+02   1.1340e+01   0.0000e+00   2.3576e-03   2.9403e+02
20251208_01:00:00   6.7032e-01   1.3932e+02   1.1636e+01   0.0000e+00   1.3074e-03   2.8996e+02
20251208_02:00:00   6.8490e-01   1.4103e+02   1.1914e+01   0.0000e+00   3.9226e-04   2.8670e+02
20251208_03:00:00   6.6822e-01   1.3861e+02   1.1634e+01   0.0000e+00   1.1606e-04   2.8585e+02
20251208_04:00:00   6.0976e-01   1.3043e+02   1.0444e+01   0.0000e+00   2.0941e-05   2.8975e+02
20251208_05:00:00   6.0731e-01   1.2992e+02   1.0442e+01   0.0000e+00   1.0764e-04   2.9175e+02
20251208_06:00:00   5.9127e-01   1.2738e+02   1.0246e+01   0.0000e+00   1.0278e-05   2.9265e+02
20251208_07:00:00   5.7638e-01   1.2504e+02   1.0035e+01   0.0000e+00   0.0000e+00   2.9497e+02
20251208_08:00:00   5.6388e-01   1.2324e+02   9.6914e+00   0.0000e+00   0.0000e+00   2.9675e+02
20251208_09:00:00   5.4662e-01   1.2060e+02   9.3041e+00   0.0000e+00   0.0000e+00   3.0018e+02
20251208_10:00:00   5.2173e-01   1.1653e+02   8.9860e+00   0.0000e+00   0.0000e+00   2.9879e+02
20251208_11:00:00   5.2751e-01   1.1737e+02   9.0752e+00   0.0000e+00   0.0000e+00   2.9939e+02
20251208_12:00:00   5.3657e-01   1.1865e+02   9.2462e+00   0.0000e+00   0.0000e+00   2.9557e+02
20251208_13:00:00   5.4471e-01   1.1982e+02   9.4332e+00   0.0000e+00   0.0000e+00   2.9360e+02
20251208_14:00:00   5.4994e-01   1.2059e+02   9.5495e+00   0.0000e+00   0.0000e+00   2.9163e+02
20251208_15:00:00   5.2142e-01   1.1606e+02   9.1252e+00   0.0000e+00   0.0000e+00   2.9084e+02
20251208_16:00:00   4.9347e-01   1.1154e+02   8.7010e+00   0.0000e+00   0.0000e+00   2.8869e+02
20251208_17:00:00   4.9505e-01   1.1188e+02   8.7842e+00   0.0000e+00   0.0000e+00   2.8798e+02
20251208_18:00:00   4.8617e-01   1.1063e+02   8.6547e+00   0.0000e+00   0.0000e+00   2.8845e+02
20251208_21:00:00   4.9827e-01   1.1293e+02   9.0546e+00   0.0000e+00   0.0000e+00   2.8751e+02
20251209_00:00:00   5.0783e-01   1.1491e+02   9.1503e+00   0.0000e+00   0.0000e+00   2.9056e+02
20251209_03:00:00   5.2622e-01   1.1778e+02   9.4079e+00   0.0000e+00   0.0000e+00   2.8718e+02
20251209_06:00:00   4.6730e-01   1.0802e+02   8.3357e+00   0.0000e+00   0.0000e+00   2.8443e+02
20251209_09:00:00   3.9550e-01   9.5241e+01   7.1078e+00   0.0000e+00   0.0000e+00   2.8079e+02
20251209_12:00:00   3.3574e-01   8.3607e+01   6.0566e+00   0.0000e+00   9.4480e-06   2.7865e+02
20251209_15:00:00   2.9382e-01   7.4851e+01   5.4605e+00   0.0000e+00   1.8188e-05   2.7665e+02
20251209_18:00:00   2.9607e-01   7.5324e+01   5.5477e+00   0.0000e+00   2.5102e-03   2.7432e+02
20251209_21:00:00   3.4076e-01   8.4109e+01   6.6397e+00   0.0000e+00   2.6546e-04   2.7640e+02
20251210_00:00:00   4.6983e-01   1.0718e+02   9.3476e+00   0.0000e+00   1.5784e-02   2.7976e+02
20251210_03:00:00   5.5144e-01   1.1996e+02   1.1088e+01   0.0000e+00   1.6952e-03   2.7949e+02
20251210_06:00:00   6.0792e-01   1.2878e+02   1.2059e+01   0.0000e+00   0.0000e+00   2.7925e+02
20251210_09:00:00   6.9102e-01   1.4057e+02   1.3549e+01   0.0000e+00   7.9490e-04   2.7983e+02
20251210_12:00:00   7.5435e-01   1.4932e+02   1.4567e+01   0.0000e+00   9.8401e-04   2.8523e+02
20251210_15:00:00   7.3788e-01   1.4784e+02   1.4110e+01   0.0000e+00   1.6852e-05   2.9191e+02
20251210_18:00:00   7.0172e-01   1.4357e+02   1.3352e+01   0.0000e+00   0.0000e+00   2.8807e+02
20251210_21:00:00   7.2289e-01   1.4689e+02   1.3803e+01   0.0000e+00   0.0000e+00   2.8424e+02
20251211_00:00:00   7.3015e-01   1.4841e+02   1.3755e+01   0.0000e+00   0.0000e+00   2.8153e+02
20251211_03:00:00   6.8030e-01   1.4152e+02   1.2770e+01   0.0000e+00   1.7842e-04   2.8041e+02
20251211_06:00:00   6.4251e-01   1.3595e+02   1.2049e+01   0.0000e+00   0.0000e+00   2.8040e+02
20251211_09:00:00   6.4891e-01   1.3672e+02   1.2085e+01   0.0000e+00   2.0440e-06   2.7810e+02
20251211_12:00:00   5.8678e-01   1.2743e+02   1.0928e+01   0.0000e+00   4.2520e-06   2.7693e+02
20251211_15:00:00   4.5896e-01   1.0642e+02   8.4863e+00   0.0000e+00   3.7022e-05   2.7936e+02
20251211_18:00:00   4.0398e-01   9.6569e+01   7.6193e+00   0.0000e+00   2.6097e-03   2.8348e+02
20251211_21:00:00   3.7752e-01   9.1429e+01   7.3368e+00   0.0000e+00   4.7770e-03   2.8679e+02
20251212_00:00:00   3.5924e-01   8.7955e+01   6.8473e+00   0.0000e+00   5.7322e-05   2.8698e+02
20251212_03:00:00   3.7995e-01   9.1443e+01   6.8078e+00   0.0000e+00   6.0993e-04   2.9074e+02
20251212_06:00:00   4.1193e-01   9.6493e+01   7.5296e+00   0.0000e+00   1.5402e-03   2.9463e+02
20251212_09:00:00   5.1371e-01   1.1335e+02   9.1743e+00   8.9485e-05   1.6357e-03   3.0060e+02
20251212_12:00:00   5.8394e-01   1.2391e+02   1.0262e+01   1.1342e-04   1.0184e-03   3.0603e+02
20251212_15:00:00   6.8405e-01   1.3723e+02   1.2037e+01   1.6196e-07   7.0370e-03   3.0180e+02
20251212_18:00:00   5.2586e-01   1.1497e+02   9.2635e+00   0.0000e+00   1.0078e-03   2.9809e+02
20251212_21:00:00   3.7280e-01   8.8493e+01   6.7323e+00   8.0980e-07   1.6492e-03   2.9991e+02
20251213_00:00:00   2.7952e-01   7.0447e+01   4.8990e+00   7.5560e-05   2.0722e-05   3.1445e+02
20251213_03:00:00   2.9450e-01   7.3117e+01   5.0093e+00   7.7740e-06   6.6706e-05   3.1546e+02
20251213_06:00:00   2.7285e-01   6.8585e+01   4.5226e+00   6.4780e-06   5.0293e-04   3.2423e+02
20251213_09:00:00   3.1967e-01   7.7612e+01   5.2879e+00   0.0000e+00   7.3515e-04   3.2321e+02
20251213_12:00:00   3.3392e-01   8.0206e+01   5.5193e+00   9.7994e-06   3.5856e-04   3.2139e+02
20251213_15:00:00   4.2137e-01   9.5706e+01   6.9371e+00   3.1323e-05   1.8487e-03   3.2700e+02
20251213_18:00:00   5.1179e-01   1.1063e+02   8.4265e+00   3.5278e-04   1.9243e-02   3.4101e+02
20251213_21:00:00   6.2782e-01   1.2829e+02   1.0260e+01   1.6278e-05   1.6707e-01   3.4322e+02
20251214_00:00:00   8.2864e-01   1.5427e+02   1.2546e+01   7.4406e-03   4.5982e-01   3.4108e+02
20251214_03:00:00   8.0005e-01   1.5078e+02   1.0470e+01   5.3986e-02   1.5596e-01   3.3680e+02
20251214_06:00:00   4.9688e-01   1.0737e+02   7.7702e+00   0.0000e+00   1.2494e-01   3.4243e+02
20251214_09:00:00   3.3259e-01   7.8427e+01   5.1840e+00   0.0000e+00   5.3416e-03   3.5516e+02
20251214_12:00:00   3.3835e-01   7.9107e+01   5.2844e+00   8.0980e-08   1.6122e-02   3.6519e+02
20251214_15:00:00   3.8333e-01   8.7015e+01   5.9104e+00   0.0000e+00   1.1863e-01   3.7216e+02
20251214_18:00:00   3.3488e-01   7.8863e+01   5.1577e+00   8.0980e-08   2.1438e-03   3.6574e+02
20251214_21:00:00   2.9689e-01   7.1434e+01   4.6958e+00   7.4299e-06   1.3582e-02   3.4836e+02
20251215_00:00:00   2.7001e-01   6.6690e+01   4.2363e+00   0.0000e+00   2.9159e-07   3.4308e+02
20251215_03:00:00   2.2348e-01   5.6981e+01   3.4787e+00   0.0000e+00   0.0000e+00   3.4886e+02
20251215_06:00:00   2.1830e-01   5.5706e+01   3.4516e+00   0.0000e+00   0.0000e+00   3.5417e+02
20251215_09:00:00   2.1422e-01   5.4916e+01   3.3313e+00   0.0000e+00   0.0000e+00   3.6325e+02
20251215_12:00:00   2.5868e-01   6.3961e+01   4.2116e+00   0.0000e+00   0.0000e+00   3.5822e+02
20251215_15:00:00   2.8410e-01   6.8883e+01   4.7015e+00   0.0000e+00   4.0124e-03   3.4250e+02
20251215_18:00:00   3.2236e-01   7.6336e+01   5.5011e+00   0.0000e+00   4.9798e-03   3.3207e+02
20251215_21:00:00   3.7280e-01   8.5818e+01   6.5680e+00   0.0000e+00   5.5435e-03   3.1752e+02
20251216_00:00:00   4.4108e-01   9.7852e+01   7.8666e+00   4.0500e-07   4.1038e-04   3.0523e+02
20251216_03:00:00   4.6702e-01   1.0224e+02   8.4194e+00   0.0000e+00   6.8340e-05   3.0208e+02
20251216_06:00:00   5.0539e-01   1.0843e+02   9.1632e+00   0.0000e+00   6.3819e-03   3.0825e+02
20251216_09:00:00   5.2941e-01   1.1211e+02   9.5791e+00   0.0000e+00   6.7176e-03   2.9776e+02
20251216_12:00:00   5.5296e-01   1.1580e+02   9.8826e+00   0.0000e+00   1.0550e-01   2.8350e+02
20251216_15:00:00   5.4730e-01   1.1557e+02   9.4339e+00   0.0000e+00   1.5267e-02   2.8846e+02
20251216_18:00:00   5.9858e-01   1.2403e+02   1.0042e+01   0.0000e+00   1.2177e-04   2.9191e+02
20251216_21:00:00   6.6165e-01   1.3351e+02   1.0940e+01   2.6343e-04   1.3149e-04   2.9870e+02
20251217_00:00:00   6.9763e-01   1.3855e+02   1.1194e+01   4.2120e-06   2.3326e-03   3.0357e+02
20251217_03:00:00   6.4483e-01   1.3136e+02   1.0135e+01   2.2680e-05   5.3369e-04   3.0830e+02
20251217_06:00:00   5.0515e-01   1.1027e+02   8.0684e+00   0.0000e+00   0.0000e+00   3.0304e+02
20251217_09:00:00   4.3633e-01   9.8660e+01   7.0996e+00   0.0000e+00   0.0000e+00   3.0131e+02
20251217_12:00:00   4.0902e-01   9.3644e+01   6.9573e+00   0.0000e+00   1.1992e-03   2.9779e+02
20251217_15:00:00   4.0602e-01   9.3025e+01   7.1951e+00   0.0000e+00   3.9781e-03   2.9741e+02
20251217_18:00:00   4.4389e-01   1.0027e+02   7.8395e+00   0.0000e+00   0.0000e+00   3.0003e+02
20251217_21:00:00   4.9025e-01   1.0863e+02   8.6354e+00   1.0026e-04   5.5240e-06   2.9426e+02
20251218_00:00:00   5.4796e-01   1.1812e+02   9.5209e+00   0.0000e+00   4.0900e-06   2.9306e+02
20251218_03:00:00   5.3690e-01   1.1620e+02   9.2620e+00   0.0000e+00   1.8719e-04   2.9142e+02
20251218_06:00:00   5.3007e-01   1.1490e+02   9.3807e+00   0.0000e+00   1.6638e-04   2.8515e+02
20251218_09:00:00   5.3511e-01   1.1574e+02   9.6083e+00   0.0000e+00   0.0000e+00   2.7561e+02
20251218_12:00:00   5.2832e-01   1.1482e+02   9.5362e+00   0.0000e+00   6.4880e-04   2.7135e+02
20251218_15:00:00   5.1636e-01   1.1322e+02   9.3010e+00   0.0000e+00   0.0000e+00   2.6660e+02
20251218_18:00:00   5.5832e-01   1.2050e+02   9.9069e+00   0.0000e+00   0.0000e+00   2.6566e+02
20251218_21:00:00   5.6514e-01   1.2226e+02   9.9228e+00   0.0000e+00   0.0000e+00   2.6402e+02
20251219_00:00:00   5.7874e-01   1.2458e+02   9.9697e+00   0.0000e+00   0.0000e+00   2.6769e+02
20251219_03:00:00   5.4396e-01   1.1900e+02   9.3388e+00   0.0000e+00   0.0000e+00   2.6619e+02
20251219_06:00:00   5.3838e-01   1.1787e+02   9.2647e+00   0.0000e+00   0.0000e+00   2.6809e+02
20251219_09:00:00   5.2065e-01   1.1498e+02   8.9578e+00   0.0000e+00   0.0000e+00   2.6941e+02
20251219_12:00:00   4.9761e-01   1.1124e+02   8.5748e+00   0.0000e+00   0.0000e+00   2.6997e+02
20251219_15:00:00   4.5356e-01   1.0388e+02   7.8404e+00   0.0000e+00   0.0000e+00   2.7317e+02
20251219_18:00:00   4.6092e-01   1.0565e+02   7.9911e+00   0.0000e+00   0.0000e+00   2.7452e+02
