#            date       tau255        Tb[K]      pwv[mm] lwp[kg*m^-2] iwp[kg*m^-2]       o3[DU]
20251205_06:00:00   6.0389e-01   1.2641e+02   1.1101e+01   0.0000e+00   6.6740e-07   2.8829e+02
20251205_07:00:00   6.6105e-01   1.3465e+02   1.2042e+01   0.0000e+00   0.0000e+00   2.8670e+02
20251205_08:00:00   7.0614e-01   1.4097e+02   1.2690e+01   0.0000e+00   0.0000e+00   2.8503e+02
20251205_09:00:00   7.3705e-01   1.4538e+02   1.3058e+01   0.0000e+00   0.0000e+00   2.8288e+02
20251205_10:00:00   7.6813e-01   1.4957e+02   1.3528e+01   0.0000e+00   0.0000e+00   2.8088e+02
20251205_11:00:00   7.8344e-01   1.5175e+02   1.3701e+01   0.0000e+00   0.0000e+00   2.8177e+02
20251205_12:00:00   8.0258e-01   1.5410e+02   1.3915e+01   0.0000e+00   0.0000e+00   2.8202e+02
20251205_13:00:00   7.9685e-01   1.5355e+02   1.3728e+01   0.0000e+00   0.0000e+00   2.8433e+02
20251205_14:00:00   7.9572e-01   1.5351e+02   1.3663e+01   0.0000e+00   0.0000e+00   2.8288e+02
20251205_15:00:00   7.8331e-01   1.5211e+02   1.3445e+01   0.0000e+00   0.0000e+00   2.8112e+02
20251205_16:00:00   7.7473e-01   1.5130e+02   1.3287e+01   0.0000e+00   0.0000e+00   2.7997e+02
20251205_17:00:00   7.8610e-01   1.5308e+02   1.3462e+01   0.0000e+00   0.0000e+00   2.7875e+02
20251205_18:00:00   7.5608e-01   1.4980e+02   1.2990e+01   0.0000e+00   2.7940e-05   2.7746e+02
20251205_19:00:00   7.3650e-01   1.4761e+02   1.2722e+01   0.0000e+00   4.5966e-05   2.7738e+02
20251205_20:00:00   7.2749e-01   1.4661e+02   1.2716e+01   0.0000e+00   0.0000e+00   2.7634e+02
20251205_21:00:00   7.0996e-01   1.4437e+02   1.2604e+01   0.0000e+00   0.0000e+00   2.7645e+02
20251205_22:00:00   6.9476e-01   1.4236e+02   1.2472e+01   0.0000e+00   0.0000e+00   2.7749e+02
20251205_23:00:00   6.7405e-01   1.3955e+02   1.2176e+01   0.0000e+00   0.0000e+00   2.7694e+02
20251206_00:00:00   6.5194e-01   1.3634e+02   1.1882e+01   0.0000e+00   0.0000e+00   2.7581e+02
20251206_01:00:00   6.5933e-01   1.3697e+02   1.2148e+01   0.0000e+00   0.0000e+00   2.7491e+02
20251206_02:00:00   6.7727e-01   1.3918e+02   1.2607e+01   0.0000e+00   0.0000e+00   2.7377e+02
20251206_03:00:00   6.8850e-01   1.4065e+02   1.2857e+01   0.0000e+00   3.1626e-04   2.7409e+02
20251206_04:00:00   6.6396e-01   1.3754e+02   1.2256e+01   0.0000e+00   0.0000e+00   2.7640e+02
20251206_05:00:00   6.1345e-01   1.3055e+02   1.1226e+01   0.0000e+00   0.0000e+00   2.7720e+02
20251206_06:00:00   5.6029e-01   1.2270e+02   1.0184e+01   0.0000e+00   0.0000e+00   2.7767e+02
20251206_07:00:00   5.3560e-01   1.1884e+02   9.6987e+00   0.0000e+00   0.0000e+00   2.7948e+02
20251206_08:00:00   5.1868e-01   1.1611e+02   9.3823e+00   0.0000e+00   0.0000e+00   2.8137e+02
20251206_09:00:00   5.1866e-01   1.1599e+02   9.4596e+00   0.0000e+00   0.0000e+00   2.8190e+02
20251206_10:00:00   5.3959e-01   1.1924e+02   9.8643e+00   0.0000e+00   0.0000e+00   2.8104e+02
20251206_11:00:00   5.4123e-01   1.1952e+02   9.8646e+00   0.0000e+00   0.0000e+00   2.7987e+02
20251206_12:00:00   5.2948e-01   1.1761e+02   9.6483e+00   0.0000e+00   0.0000e+00   2.8051e+02
20251206_13:00:00   5.1702e-01   1.1558e+02   9.4018e+00   0.0000e+00   0.0000e+00   2.8169e+02
20251206_14:00:00   5.0651e-01   1.1383e+02   9.2184e+00   0.0000e+00   0.0000e+00   2.8253e+02
20251206_15:00:00   5.0537e-01   1.1353e+02   9.2439e+00   0.0000e+00   0.0000e+00   2.8404e+02
20251206_16:00:00   5.0639e-01   1.1363e+02   9.2771e+00   0.0000e+00   0.0000e+00   2.8148e+02
20251206_17:00:00   5.1180e-01   1.1452e+02   9.4480e+00   0.0000e+00   5.4400e-04   2.7922e+02
20251206_18:00:00   5.4483e-01   1.1981e+02   1.0126e+01   0.0000e+00   1.1361e-03   2.7719e+02
20251206_19:00:00   5.7418e-01   1.2432e+02   1.0770e+01   0.0000e+00   1.8350e-03   2.7662e+02
20251206_20:00:00   5.7807e-01   1.2511e+02   1.0840e+01   0.0000e+00   7.8560e-04   2.7577e+02
20251206_21:00:00   5.8492e-01   1.2620e+02   1.1009e+01   0.0000e+00   1.3417e-04   2.7323e+02
20251206_22:00:00   6.1712e-01   1.3082e+02   1.1749e+01   0.0000e+00   9.6519e-04   2.7377e+02
20251206_23:00:00   6.4997e-01   1.3565e+02   1.2355e+01   0.0000e+00   0.0000e+00   2.7535e+02
20251207_00:00:00   6.5842e-01   1.3710e+02   1.2369e+01   0.0000e+00   0.0000e+00   2.7720e+02
20251207_01:00:00   6.8161e-01   1.4026e+02   1.2722e+01   0.0000e+00   0.0000e+00   2.7861e+02
20251207_02:00:00   7.0878e-01   1.4392e+02   1.3155e+01   0.0000e+00   0.0000e+00   2.7768e+02
20251207_03:00:00   7.2004e-01   1.4545e+02   1.3255e+01   0.0000e+00   0.0000e+00   2.7742e+02
20251207_04:00:00   7.2760e-01   1.4638e+02   1.3309e+01   0.0000e+00   0.0000e+00   2.7666e+02
20251207_05:00:00   7.2346e-01   1.4588e+02   1.3208e+01   0.0000e+00   0.0000e+00   2.7666e+02
20251207_06:00:00   7.0388e-01   1.4336e+02   1.2749e+01   0.0000e+00   0.0000e+00   2.7619e+02
20251207_07:00:00   6.7753e-01   1.3990e+02   1.2209e+01   0.0000e+00   0.0000e+00   2.7737e+02
20251207_08:00:00   6.5354e-01   1.3659e+02   1.1742e+01   0.0000e+00   0.0000e+00   2.7633e+02
20251207_09:00:00   6.3269e-01   1.3360e+02   1.1331e+01   0.0000e+00   0.0000e+00   2.7589e+02
20251207_10:00:00   6.1679e-01   1.3126e+02   1.1012e+01   0.0000e+00   0.0000e+00   2.7750e+02
20251207_11:00:00   5.9393e-01   1.2787e+02   1.0573e+01   0.0000e+00   7.6569e-05   2.7847e+02
20251207_12:00:00   5.7538e-01   1.2502e+02   1.0224e+01   0.0000e+00   6.4654e-06   2.7921e+02
20251207_13:00:00   5.5444e-01   1.2178e+02   9.8340e+00   0.0000e+00   2.3840e-05   2.8232e+02
20251207_14:00:00   5.4181e-01   1.1975e+02   9.6120e+00   0.0000e+00   1.2952e-03   2.8470e+02
20251207_15:00:00   5.3232e-01   1.1810e+02   9.4749e+00   0.0000e+00   8.1429e-04   2.8635e+02
20251207_16:00:00   5.1811e-01   1.1575e+02   9.2102e+00   0.0000e+00   2.0690e-03   2.8706e+02
20251207_17:00:00   5.0872e-01   1.1439e+02   8.9857e+00   0.0000e+00   2.1095e-03   2.8771e+02
20251207_18:00:00   4.9749e-01   1.1283e+02   8.7588e+00   0.0000e+00   3.5292e-04   2.8504e+02
20251207_19:00:00   4.9118e-01   1.1188e+02   8.6980e+00   0.0000e+00   7.0663e-04   2.8285e+02
20251207_20:00:00   4.8881e-01   1.1156e+02   8.7422e+00   0.0000e+00   1.3365e-03   2.8189e+02
20251207_21:00:00   4.9574e-01   1.1273e+02   8.9374e+00   0.0000e+00   2.4943e-03   2.8484e+02
20251207_22:00:00   5.1759e-01   1.1636e+02   9.3584e+00   0.0000e+00   2.5080e-03   2.8909e+02
20251207_23:00:00   5.4675e-01   1.2113e+02   9.8366e+00   0.0000e+00   1.4910e-03   2.8867e+02
20251208_00:00:00   5.7555e-01   1.2565e+02   1.0217e+01   0.0000e+00   3.5777e-03   2.8468e+02
20251208_01:00:00   5.8158e-01   1.2647e+02   1.0199e+01   0.0000e+00   2.7648e-03   2.8612e+02
20251208_02:00:00   5.7538e-01   1.2539e+02   1.0024e+01   0.0000e+00   2.7036e-03   2.8479e+02
20251208_03:00:00   5.6040e-01   1.2305e+02   9.6982e+00   0.0000e+00   6.7557e-06   2.8553e+02
20251208_04:00:00   5.7933e-01   1.2563e+02   1.0159e+01   0.0000e+00   3.0672e-06   2.8804e+02
20251208_05:00:00   5.6609e-01   1.2332e+02   1.0026e+01   0.0000e+00   1.5299e-04   2.9027e+02
20251208_06:00:00   5.2271e-01   1.1682e+02   9.0777e+00   0.0000e+00   0.0000e+00   2.9159e+02
20251208_07:00:00   5.2095e-01   1.1649e+02   9.0304e+00   0.0000e+00   0.0000e+00   2.9075e+02
20251208_08:00:00   5.0976e-01   1.1455e+02   8.8827e+00   0.0000e+00   0.0000e+00   2.9053e+02
20251208_09:00:00   5.0605e-01   1.1392e+02   8.8148e+00   0.0000e+00   0.0000e+00   2.9393e+02
20251208_10:00:00   5.1275e-01   1.1482e+02   8.9876e+00   0.0000e+00   1.0387e-05   2.9613e+02
20251208_11:00:00   5.2579e-01   1.1658e+02   9.3693e+00   0.0000e+00   0.0000e+00   2.9516e+02
20251208_12:00:00   5.0967e-01   1.1388e+02   9.1335e+00   0.0000e+00   1.6196e-07   2.9410e+02
20251208_13:00:00   5.1280e-01   1.1430e+02   9.1845e+00   0.0000e+00   0.0000e+00   2.9213e+02
20251208_14:00:00   5.1208e-01   1.1402e+02   9.2598e+00   0.0000e+00   0.0000e+00   2.9279e+02
20251208_15:00:00   5.0091e-01   1.1222e+02   9.1377e+00   0.0000e+00   4.0900e-06   2.9239e+02
20251208_16:00:00   4.9581e-01   1.1143e+02   9.0360e+00   0.0000e+00   7.0740e-04   2.9346e+02
20251208_17:00:00   4.9230e-01   1.1091e+02   9.0335e+00   0.0000e+00   6.6340e-06   2.9167e+02
20251208_18:00:00   4.9301e-01   1.1121e+02   9.0757e+00   0.0000e+00   0.0000e+00   2.9179e+02
20251208_19:00:00   5.0141e-01   1.1274e+02   9.2893e+00   0.0000e+00   0.0000e+00   2.9207e+02
20251208_20:00:00   4.8711e-01   1.1053e+02   9.0624e+00   0.0000e+00   0.0000e+00   2.9192e+02
20251208_21:00:00   4.8341e-01   1.0998e+02   9.0538e+00   0.0000e+00   1.0224e-05   2.8996e+02
20251208_22:00:00   4.9017e-01   1.1116e+02   9.1923e+00   0.0000e+00   2.3500e-03   2.8626e+02
20251208_23:00:00   5.1840e-01   1.1576e+02   9.7222e+00   0.0000e+00   6.0395e-03   2.8539e+02
20251209_00:00:00   5.3896e-01   1.1901e+02   1.0148e+01   0.0000e+00   2.7436e-04   2.8487e+02
20251209_01:00:00   5.5474e-01   1.2147e+02   1.0438e+01   0.0000e+00   0.0000e+00   2.8646e+02
20251209_02:00:00   5.6912e-01   1.2366e+02   1.0756e+01   0.0000e+00   2.5664e-05   2.8841e+02
20251209_03:00:00   5.8151e-01   1.2543e+02   1.0980e+01   0.0000e+00   8.0980e-08   2.9001e+02
20251209_04:00:00   5.8357e-01   1.2568e+02   1.1048e+01   0.0000e+00   0.0000e+00   2.9363e+02
20251209_05:00:00   5.7420e-01   1.2425e+02   1.0885e+01   0.0000e+00   1.0954e-04   2.9418e+02
20251209_06:00:00   5.6215e-01   1.2223e+02   1.0682e+01   0.0000e+00   6.2980e-05   2.9120e+02
20251209_07:00:00   5.6494e-01   1.2249e+02   1.0820e+01   0.0000e+00   0.0000e+00   2.8951e+02
20251209_08:00:00   5.6972e-01   1.2322e+02   1.0972e+01   0.0000e+00   1.6360e-06   2.8692e+02
20251209_09:00:00   5.7812e-01   1.2456e+02   1.1121e+01   0.0000e+00   1.8350e-05   2.8423e+02
20251209_10:00:00   5.9477e-01   1.2710e+02   1.1425e+01   0.0000e+00   1.0864e-05   2.8391e+02
20251209_11:00:00   5.9230e-01   1.2690e+02   1.1362e+01   0.0000e+00   9.4480e-06   2.8241e+02
20251209_12:00:00   5.9511e-01   1.2739e+02   1.1399e+01   0.0000e+00   5.6439e-05   2.8105e+02
20251209_13:00:00   5.8001e-01   1.2519e+02   1.1079e+01   0.0000e+00   2.0400e-05   2.7978e+02
20251209_14:00:00   5.5078e-01   1.2084e+02   1.0499e+01   0.0000e+00   0.0000e+00   2.7893e+02
20251209_15:00:00   5.2263e-01   1.1649e+02   9.9314e+00   0.0000e+00   3.7800e-05   2.8047e+02
20251209_16:00:00   5.0875e-01   1.1428e+02   9.6175e+00   0.0000e+00   5.9980e-05   2.8042e+02
20251209_17:00:00   5.0153e-01   1.1326e+02   9.4408e+00   0.0000e+00   2.9640e-04   2.8275e+02
20251209_18:00:00   4.9447e-01   1.1234e+02   9.2852e+00   0.0000e+00   6.3060e-05   2.8245e+02
20251209_19:00:00   4.7930e-01   1.1010e+02   8.9632e+00   0.0000e+00   0.0000e+00   2.8321e+02
20251209_20:00:00   4.7075e-01   1.0892e+02   8.7789e+00   0.0000e+00   1.0472e-05   2.8936e+02
20251209_21:00:00   4.5830e-01   1.0698e+02   8.5572e+00   0.0000e+00   1.5756e-04   2.9573e+02
20251209_22:00:00   4.5593e-01   1.0674e+02   8.5023e+00   0.0000e+00   7.6220e-05   2.9678e+02
20251209_23:00:00   4.6023e-01   1.0760e+02   8.5306e+00   0.0000e+00   1.6716e-04   2.9640e+02
20251210_00:00:00   4.5548e-01   1.0678e+02   8.4029e+00   0.0000e+00   1.0116e-05   2.9810e+02
20251210_01:00:00   4.4509e-01   1.0499e+02   8.1801e+00   0.0000e+00   1.6306e-04   2.9876e+02
20251210_02:00:00   4.5464e-01   1.0662e+02   8.3215e+00   0.0000e+00   6.1860e-04   2.9940e+02
20251210_03:00:00   4.5955e-01   1.0746e+02   8.3890e+00   0.0000e+00   9.8360e-04   2.9861e+02
20251210_04:00:00   4.5455e-01   1.0657e+02   8.2870e+00   0.0000e+00   1.7033e-03   2.9807e+02
20251210_05:00:00   4.4876e-01   1.0553e+02   8.1735e+00   0.0000e+00   8.9980e-04   2.9743e+02
20251210_06:00:00   4.4072e-01   1.0412e+02   8.0361e+00   0.0000e+00   2.5704e-03   2.9782e+02
20251210_09:00:00   4.4777e-01   1.0522e+02   8.2939e+00   0.0000e+00   3.5670e-04   2.9395e+02
20251210_12:00:00   4.2590e-01   1.0125e+02   7.8696e+00   0.0000e+00   6.8640e-05   2.8917e+02
20251210_15:00:00   4.1958e-01   9.9793e+01   7.8682e+00   0.0000e+00   2.2180e-04   2.8648e+02
20251210_18:00:00   4.5014e-01   1.0538e+02   8.5303e+00   0.0000e+00   1.0970e-05   2.8388e+02
20251210_21:00:00   5.3273e-01   1.1942e+02   1.0263e+01   0.0000e+00   4.3986e-04   2.7866e+02
20251211_00:00:00   5.4401e-01   1.2165e+02   1.0407e+01   0.0000e+00   8.7660e-05   2.7861e+02
20251211_03:00:00   5.0925e-01   1.1558e+02   9.8419e+00   0.0000e+00   0.0000e+00   2.8252e+02
20251211_06:00:00   4.3223e-01   1.0213e+02   8.2774e+00   0.0000e+00   0.0000e+00   2.8132e+02
20251211_09:00:00   3.9758e-01   9.5184e+01   7.7323e+00   0.0000e+00   0.0000e+00   2.7704e+02
20251211_12:00:00   3.4592e-01   8.4898e+01   6.8752e+00   0.0000e+00   0.0000e+00   2.7543e+02
20251211_15:00:00   3.4215e-01   8.3902e+01   6.8346e+00   0.0000e+00   1.1152e-03   2.7639e+02
20251211_18:00:00   3.3362e-01   8.2651e+01   6.5836e+00   0.0000e+00   7.1003e-05   2.8189e+02
20251211_21:00:00   3.4348e-01   8.5282e+01   6.6663e+00   0.0000e+00   0.0000e+00   2.8435e+02
20251212_00:00:00   3.7128e-01   9.1304e+01   6.9336e+00   0.0000e+00   0.0000e+00   2.8699e+02
20251212_03:00:00   4.3035e-01   1.0204e+02   7.8314e+00   0.0000e+00   0.0000e+00   2.9136e+02
20251212_06:00:00   4.2870e-01   1.0156e+02   7.7364e+00   0.0000e+00   0.0000e+00   2.8989e+02
20251212_09:00:00   4.0651e-01   9.7150e+01   7.3927e+00   0.0000e+00   0.0000e+00   2.8793e+02
20251212_12:00:00   3.7634e-01   9.1426e+01   6.8258e+00   0.0000e+00   0.0000e+00   2.8630e+02
20251212_15:00:00   3.8005e-01   9.1729e+01   7.0780e+00   0.0000e+00   0.0000e+00   2.8422e+02
20251212_18:00:00   3.6366e-01   8.8909e+01   6.7350e+00   0.0000e+00   0.0000e+00   2.8112e+02
20251212_21:00:00   3.6769e-01   9.0006e+01   6.8673e+00   0.0000e+00   0.0000e+00   2.7207e+02
20251213_00:00:00   4.0183e-01   9.6789e+01   7.3595e+00   0.0000e+00   0.0000e+00   2.7176e+02
20251213_03:00:00   4.1172e-01   9.8476e+01   7.2937e+00   0.0000e+00   0.0000e+00   2.6904e+02
20251213_06:00:00   3.9244e-01   9.4791e+01   6.9110e+00   0.0000e+00   0.0000e+00   2.6844e+02
20251213_09:00:00   3.7537e-01   9.1456e+01   6.6445e+00   0.0000e+00   0.0000e+00   2.7206e+02
20251213_12:00:00   3.3859e-01   8.4183e+01   5.9890e+00   0.0000e+00   0.0000e+00   2.6983e+02
20251213_15:00:00   3.2561e-01   8.1355e+01   5.7688e+00   0.0000e+00   7.4480e-04   2.6920e+02
20251213_18:00:00   3.2509e-01   8.1273e+01   5.8263e+00   0.0000e+00   1.8538e-04   2.6840e+02
20251213_21:00:00   3.2130e-01   8.0680e+01   5.9196e+00   0.0000e+00   6.8360e-06   2.6320e+02
20251214_00:00:00   3.7501e-01   9.1275e+01   6.8662e+00   0.0000e+00   0.0000e+00   2.6355e+02
20251214_03:00:00   3.8567e-01   9.3024e+01   6.9010e+00   0.0000e+00   7.0404e-05   2.6279e+02
20251214_06:00:00   3.5327e-01   8.6538e+01   6.4020e+00   0.0000e+00   0.0000e+00   2.6285e+02
20251214_09:00:00   3.1880e-01   7.9528e+01   5.8329e+00   0.0000e+00   0.0000e+00   2.6078e+02
20251214_12:00:00   2.9978e-01   7.5347e+01   5.5875e+00   0.0000e+00   1.4456e-04   2.6190e+02
20251214_15:00:00   3.1358e-01   7.7043e+01   6.1046e+00   0.0000e+00   1.9488e-02   2.5820e+02
20251214_18:00:00   3.6264e-01   8.6504e+01   7.1222e+00   0.0000e+00   0.0000e+00   2.6111e+02
20251214_21:00:00   3.8075e-01   9.0722e+01   7.3841e+00   0.0000e+00   0.0000e+00   2.6038e+02
20251215_00:00:00   4.3754e-01   1.0154e+02   8.3680e+00   0.0000e+00   9.5910e-04   2.6187e+02
20251215_03:00:00   4.5913e-01   1.0569e+02   8.4777e+00   0.0000e+00   0.0000e+00   2.5971e+02
20251215_06:00:00   4.6975e-01   1.0741e+02   8.7343e+00   0.0000e+00   0.0000e+00   2.6070e+02
20251215_09:00:00   4.5409e-01   1.0482e+02   8.5003e+00   0.0000e+00   0.0000e+00   2.5720e+02
20251215_12:00:00   4.4391e-01   1.0304e+02   8.3139e+00   0.0000e+00   0.0000e+00   2.5497e+02
20251215_15:00:00   4.4215e-01   1.0271e+02   8.3268e+00   0.0000e+00   0.0000e+00   2.5576e+02
20251215_18:00:00   4.4722e-01   1.0397e+02   8.4723e+00   0.0000e+00   0.0000e+00   2.6186e+02
20251215_21:00:00   4.5055e-01   1.0505e+02   8.5463e+00   0.0000e+00   0.0000e+00   2.6170e+02
20251216_00:00:00   4.6333e-01   1.0751e+02   8.7022e+00   0.0000e+00   0.0000e+00   2.5866e+02
20251216_03:00:00   4.7392e-01   1.0924e+02   8.8090e+00   0.0000e+00   0.0000e+00   2.5903e+02
20251216_06:00:00   4.4206e-01   1.0402e+02   8.1781e+00   0.0000e+00   0.0000e+00   2.5892e+02
20251216_09:00:00   4.0426e-01   9.7139e+01   7.4889e+00   0.0000e+00   0.0000e+00   2.6088e+02
20251216_12:00:00   3.8579e-01   9.3683e+01   7.1597e+00   0.0000e+00   6.6580e-05   2.6005e+02
20251216_15:00:00   3.9363e-01   9.5130e+01   7.3227e+00   0.0000e+00   0.0000e+00   2.6214e+02
20251216_18:00:00   3.5358e-01   8.7893e+01   6.5053e+00   0.0000e+00   0.0000e+00   2.6690e+02
20251216_21:00:00   3.4611e-01   8.6575e+01   6.4575e+00   0.0000e+00   0.0000e+00   2.6870e+02
20251217_00:00:00   3.8507e-01   9.3842e+01   7.2956e+00   0.0000e+00   0.0000e+00   2.6733e+02
20251217_03:00:00   3.9318e-01   9.4477e+01   7.5768e+00   0.0000e+00   1.2516e-05   2.6700e+02
20251217_06:00:00   3.4027e-01   8.4184e+01   6.6298e+00   0.0000e+00   2.2136e-03   2.7068e+02
20251217_09:00:00   3.1965e-01   7.9600e+01   6.3894e+00   0.0000e+00   1.1398e-02   2.7470e+02
20251217_12:00:00   3.1044e-01   7.7181e+01   6.3777e+00   0.0000e+00   1.7657e-03   2.7759e+02
20251217_15:00:00   3.4561e-01   8.3750e+01   7.1674e+00   0.0000e+00   0.0000e+00   2.7855e+02
20251217_18:00:00   3.9453e-01   9.3007e+01   8.2117e+00   0.0000e+00   1.4734e-03   2.7963e+02
20251217_21:00:00   4.7546e-01   1.0767e+02   9.8802e+00   0.0000e+00   6.1520e-03   2.7714e+02
20251218_00:00:00   5.9157e-01   1.2685e+02   1.1924e+01   0.0000e+00   7.5411e-03   2.7610e+02
20251218_03:00:00   7.6497e-01   1.5139e+02   1.4657e+01   0.0000e+00   5.2401e-03   2.7617e+02
20251218_06:00:00   8.4100e-01   1.6102e+02   1.5592e+01   2.9674e-04   1.2023e-04   2.7510e+02
20251218_09:00:00   9.1897e-01   1.7011e+02   1.6580e+01   1.8066e-03   1.1538e-03   2.7422e+02
20251218_12:00:00   9.5634e-01   1.7397e+02   1.7161e+01   1.6420e-05   1.1633e-03   2.7525e+02
20251218_15:00:00   9.3239e-01   1.7110e+02   1.6484e+01   5.8743e-03   1.2066e-03   2.7817e+02
20251218_18:00:00   1.1127e+00   1.8885e+02   1.7871e+01   3.4001e-02   9.4724e-03   2.8457e+02
20251218_21:00:00   1.5758e+00   2.2198e+02   2.0114e+01   1.5898e-01   1.9410e-03   2.8518e+02
20251219_00:00:00   1.8690e+00   2.3587e+02   2.2974e+01   1.9575e-01   3.7001e-02   2.8481e+02
20251219_03:00:00   1.3632e+00   2.0816e+02   2.2233e+01   4.3216e-03   9.3640e-03   2.8668e+02
20251219_06:00:00   9.2192e-01   1.7029e+02   1.4828e+01   1.6567e-03   9.6336e-04   2.8762e+02
20251219_09:00:00   6.4545e-01   1.3571e+02   1.0509e+01   3.5640e-06   1.3224e-03   2.8787e+02
20251219_12:00:00   4.5585e-01   1.0534e+02   7.5952e+00   0.0000e+00   1.7562e-03   2.8618e+02
20251219_15:00:00   3.4877e-01   8.5482e+01   5.8619e+00   0.0000e+00   7.3840e-04   2.8911e+02
20251219_18:00:00   3.2613e-01   8.1141e+01   5.6014e+00   0.0000e+00   1.4006e-03   2.9246e+02
20251219_21:00:00   3.1245e-01   7.8395e+01   5.5563e+00   0.0000e+00   5.2541e-04   2.9240e+02
20251220_00:00:00   3.8991e-01   9.3368e+01   6.9786e+00   0.0000e+00   3.1054e-04   2.9590e+02
20251220_03:00:00   4.8132e-01   1.0962e+02   8.1213e+00   0.0000e+00   4.7560e-05   3.0727e+02
20251220_06:00:00   4.5606e-01   1.0502e+02   7.6819e+00   0.0000e+00   0.0000e+00   3.0349e+02
20251220_09:00:00   4.2994e-01   9.9956e+01   7.3865e+00   0.0000e+00   0.0000e+00   2.9892e+02
20251220_12:00:00   4.5035e-01   1.0248e+02   8.0692e+00   0.0000e+00   2.4957e-04   3.0459e+02
20251220_15:00:00   4.6256e-01   1.0418e+02   8.3659e+00   0.0000e+00   1.5031e-04   3.0730e+02
20251220_18:00:00   4.1797e-01   9.7536e+01   7.2893e+00   0.0000e+00   0.0000e+00   3.1630e+02
20251220_21:00:00   4.4131e-01   1.0152e+02   7.9013e+00   0.0000e+00   2.9505e-03   3.1997e+02
20251221_00:00:00   5.1715e-01   1.1404e+02   9.2935e+00   0.0000e+00   3.1748e-03   3.2307e+02
20251221_03:00:00   5.3932e-01   1.1681e+02   9.7213e+00   0.0000e+00   4.4472e-02   3.2170e+02
20251221_06:00:00   5.4168e-01   1.1671e+02   9.8966e+00   0.0000e+00   2.7450e-02   3.2768e+02
