#            date       tau255        Tb[K]      pwv[mm] lwp[kg*m^-2] iwp[kg*m^-2]       o3[DU]
20251210_18:00:00   3.7864e-01   9.2145e+01   6.9034e+00   0.0000e+00   0.0000e+00   2.9962e+02
20251210_19:00:00   4.1225e-01   9.8496e+01   7.5534e+00   0.0000e+00   0.0000e+00   3.0073e+02
20251210_20:00:00   4.4430e-01   1.0443e+02   8.1549e+00   0.0000e+00   0.0000e+00   2.9954e+02
20251210_21:00:00   4.7082e-01   1.0925e+02   8.6466e+00   0.0000e+00   0.0000e+00   2.9814e+02
20251210_22:00:00   4.7517e-01   1.1019e+02   8.7272e+00   0.0000e+00   0.0000e+00   2.9660e+02
20251210_23:00:00   4.7927e-01   1.1098e+02   8.8048e+00   0.0000e+00   0.0000e+00   2.9623e+02
20251211_00:00:00   4.7614e-01   1.1039e+02   8.7638e+00   0.0000e+00   0.0000e+00   2.9391e+02
20251211_01:00:00   4.7118e-01   1.0945e+02   8.6938e+00   0.0000e+00   0.0000e+00   2.8999e+02
20251211_02:00:00   4.7915e-01   1.1072e+02   8.8507e+00   0.0000e+00   0.0000e+00   2.8706e+02
20251211_03:00:00   4.8716e-01   1.1199e+02   9.0071e+00   0.0000e+00   0.0000e+00   2.8543e+02
20251211_04:00:00   4.9420e-01   1.1314e+02   9.1324e+00   0.0000e+00   0.0000e+00   2.8442e+02
20251211_05:00:00   4.9548e-01   1.1330e+02   9.1611e+00   0.0000e+00   0.0000e+00   2.8546e+02
20251211_06:00:00   4.9061e-01   1.1248e+02   9.0620e+00   0.0000e+00   0.0000e+00   2.8533e+02
20251211_07:00:00   4.8463e-01   1.1151e+02   8.9388e+00   0.0000e+00   0.0000e+00   2.8478e+02
20251211_08:00:00   4.8123e-01   1.1093e+02   8.8494e+00   0.0000e+00   0.0000e+00   2.8343e+02
20251211_09:00:00   4.7644e-01   1.1012e+02   8.7282e+00   0.0000e+00   0.0000e+00   2.8180e+02
20251211_10:00:00   4.6849e-01   1.0880e+02   8.5421e+00   0.0000e+00   0.0000e+00   2.8030e+02
20251211_11:00:00   4.5736e-01   1.0688e+02   8.3124e+00   0.0000e+00   0.0000e+00   2.7735e+02
20251211_12:00:00   4.4145e-01   1.0410e+02   8.0039e+00   0.0000e+00   0.0000e+00   2.7662e+02
20251211_13:00:00   4.2453e-01   1.0104e+02   7.6878e+00   0.0000e+00   0.0000e+00   2.7615e+02
20251211_14:00:00   4.0261e-01   9.7038e+01   7.2936e+00   0.0000e+00   0.0000e+00   2.7628e+02
20251211_15:00:00   3.8101e-01   9.2989e+01   6.9193e+00   0.0000e+00   0.0000e+00   2.7635e+02
20251211_16:00:00   3.6968e-01   9.0829e+01   6.7322e+00   0.0000e+00   0.0000e+00   2.7680e+02
20251211_17:00:00   3.7824e-01   9.2517e+01   6.8968e+00   0.0000e+00   0.0000e+00   2.7592e+02
20251211_18:00:00   3.9634e-01   9.6105e+01   7.2059e+00   0.0000e+00   0.0000e+00   2.7573e+02
20251211_19:00:00   4.0520e-01   9.7967e+01   7.3566e+00   0.0000e+00   0.0000e+00   2.7561e+02
20251211_20:00:00   4.1732e-01   1.0041e+02   7.5629e+00   0.0000e+00   0.0000e+00   2.7597e+02
20251211_21:00:00   4.2769e-01   1.0245e+02   7.7590e+00   0.0000e+00   0.0000e+00   2.7706e+02
20251211_22:00:00   4.4610e-01   1.0587e+02   8.0988e+00   0.0000e+00   0.0000e+00   2.7493e+02
20251211_23:00:00   4.6639e-01   1.0946e+02   8.4736e+00   0.0000e+00   0.0000e+00   2.7421e+02
20251212_00:00:00   4.7211e-01   1.1034e+02   8.6020e+00   0.0000e+00   0.0000e+00   2.7625e+02
20251212_01:00:00   4.6911e-01   1.0972e+02   8.5623e+00   0.0000e+00   0.0000e+00   2.8004e+02
20251212_02:00:00   4.6091e-01   1.0822e+02   8.4099e+00   0.0000e+00   0.0000e+00   2.8350e+02
20251212_03:00:00   4.5171e-01   1.0655e+02   8.2380e+00   0.0000e+00   0.0000e+00   2.8403e+02
20251212_04:00:00   4.3793e-01   1.0405e+02   7.9753e+00   0.0000e+00   0.0000e+00   2.8318e+02
20251212_05:00:00   4.2197e-01   1.0110e+02   7.6765e+00   0.0000e+00   0.0000e+00   2.8320e+02
20251212_06:00:00   4.1405e-01   9.9595e+01   7.5188e+00   0.0000e+00   0.0000e+00   2.8461e+02
20251212_07:00:00   4.0314e-01   9.7527e+01   7.3050e+00   0.0000e+00   0.0000e+00   2.8567e+02
20251212_08:00:00   3.9362e-01   9.5713e+01   7.1209e+00   0.0000e+00   0.0000e+00   2.8521e+02
20251212_09:00:00   3.8267e-01   9.3597e+01   6.9089e+00   0.0000e+00   0.0000e+00   2.8636e+02
20251212_10:00:00   3.7402e-01   9.1906e+01   6.7462e+00   0.0000e+00   0.0000e+00   2.8861e+02
20251212_11:00:00   3.6554e-01   9.0216e+01   6.5855e+00   0.0000e+00   0.0000e+00   2.8981e+02
20251212_12:00:00   3.5546e-01   8.8170e+01   6.4001e+00   0.0000e+00   0.0000e+00   2.9179e+02
20251212_13:00:00   3.4730e-01   8.6485e+01   6.2536e+00   0.0000e+00   0.0000e+00   2.9323e+02
20251212_14:00:00   3.3677e-01   8.4358e+01   6.0646e+00   0.0000e+00   0.0000e+00   2.9359e+02
20251212_15:00:00   3.2956e-01   8.2861e+01   5.9318e+00   0.0000e+00   0.0000e+00   2.9342e+02
20251212_16:00:00   3.2320e-01   8.1562e+01   5.8080e+00   0.0000e+00   0.0000e+00   2.9272e+02
20251212_17:00:00   3.2418e-01   8.1811e+01   5.8128e+00   0.0000e+00   0.0000e+00   2.8962e+02
20251212_18:00:00   3.2836e-01   8.2807e+01   5.8781e+00   0.0000e+00   0.0000e+00   2.8863e+02
20251212_19:00:00   3.2893e-01   8.3049e+01   5.9027e+00   0.0000e+00   0.0000e+00   2.8656e+02
20251212_20:00:00   3.2944e-01   8.3276e+01   5.9283e+00   0.0000e+00   0.0000e+00   2.8587e+02
20251212_21:00:00   3.2817e-01   8.3101e+01   5.9301e+00   0.0000e+00   0.0000e+00   2.8463e+02
20251212_22:00:00   3.3256e-01   8.4028e+01   6.0281e+00   0.0000e+00   0.0000e+00   2.8353e+02
20251212_23:00:00   3.4211e-01   8.5935e+01   6.2011e+00   0.0000e+00   0.0000e+00   2.8447e+02
20251213_00:00:00   3.4507e-01   8.6480e+01   6.2515e+00   0.0000e+00   0.0000e+00   2.8572e+02
20251213_01:00:00   3.4690e-01   8.6789e+01   6.2740e+00   0.0000e+00   0.0000e+00   2.8627e+02
20251213_02:00:00   3.5126e-01   8.7578e+01   6.3291e+00   0.0000e+00   0.0000e+00   2.8518e+02
20251213_03:00:00   3.5144e-01   8.7559e+01   6.3148e+00   0.0000e+00   0.0000e+00   2.8466e+02
20251213_04:00:00   3.4885e-01   8.6966e+01   6.2584e+00   0.0000e+00   0.0000e+00   2.8177e+02
20251213_05:00:00   3.4118e-01   8.5371e+01   6.1274e+00   0.0000e+00   0.0000e+00   2.8400e+02
20251213_06:00:00   3.3572e-01   8.4191e+01   6.0407e+00   0.0000e+00   0.0000e+00   2.8486e+02
20251213_07:00:00   3.2820e-01   8.2580e+01   5.9149e+00   0.0000e+00   0.0000e+00   2.8353e+02
20251213_08:00:00   3.2134e-01   8.1130e+01   5.8011e+00   0.0000e+00   0.0000e+00   2.8114e+02
20251213_09:00:00   3.1589e-01   7.9955e+01   5.7118e+00   0.0000e+00   0.0000e+00   2.8072e+02
20251213_10:00:00   3.1367e-01   7.9450e+01   5.6744e+00   0.0000e+00   0.0000e+00   2.8140e+02
20251213_11:00:00   3.1324e-01   7.9285e+01   5.6759e+00   0.0000e+00   0.0000e+00   2.8335e+02
20251213_12:00:00   3.1247e-01   7.9069e+01   5.6705e+00   0.0000e+00   0.0000e+00   2.8624e+02
20251213_13:00:00   3.1275e-01   7.9073e+01   5.6817e+00   0.0000e+00   0.0000e+00   2.8620e+02
20251213_14:00:00   3.1336e-01   7.9168e+01   5.6939e+00   0.0000e+00   0.0000e+00   2.8463e+02
20251213_15:00:00   3.1422e-01   7.9293e+01   5.7103e+00   0.0000e+00   0.0000e+00   2.8491e+02
20251213_16:00:00   3.1757e-01   7.9932e+01   5.7728e+00   0.0000e+00   0.0000e+00   2.8524e+02
20251213_17:00:00   3.2157e-01   8.0740e+01   5.8507e+00   0.0000e+00   0.0000e+00   2.8415e+02
20251213_18:00:00   3.3511e-01   8.3484e+01   6.1173e+00   0.0000e+00   2.8540e-06   2.8287e+02
20251213_19:00:00   3.4666e-01   8.5675e+01   6.3978e+00   0.0000e+00   6.9520e-04   2.8046e+02
20251213_20:00:00   3.5099e-01   8.6592e+01   6.5021e+00   0.0000e+00   2.4655e-03   2.7755e+02
20251213_21:00:00   3.5726e-01   8.7881e+01   6.6314e+00   0.0000e+00   4.2020e-03   2.7490e+02
20251213_22:00:00   3.6953e-01   9.0300e+01   6.8586e+00   0.0000e+00   6.0192e-03   2.7261e+02
20251213_23:00:00   3.9024e-01   9.4297e+01   7.2105e+00   0.0000e+00   3.0921e-03   2.7196e+02
20251214_00:00:00   4.0726e-01   9.7476e+01   7.4937e+00   0.0000e+00   8.9680e-04   2.7037e+02
20251214_01:00:00   4.2321e-01   1.0033e+02   7.7389e+00   0.0000e+00   1.5337e-04   2.7004e+02
20251214_02:00:00   4.3639e-01   1.0260e+02   7.9273e+00   0.0000e+00   3.5380e-05   2.7116e+02
20251214_03:00:00   4.4404e-01   1.0388e+02   8.0354e+00   0.0000e+00   6.6740e-06   2.7392e+02
20251214_04:00:00   4.4219e-01   1.0348e+02   7.9931e+00   0.0000e+00   0.0000e+00   2.7397e+02
20251214_05:00:00   4.3564e-01   1.0227e+02   7.8655e+00   0.0000e+00   0.0000e+00   2.7153e+02
20251214_06:00:00   4.2440e-01   1.0025e+02   7.6463e+00   0.0000e+00   0.0000e+00   2.7151e+02
20251214_07:00:00   4.1164e-01   9.7929e+01   7.3996e+00   0.0000e+00   0.0000e+00   2.7080e+02
20251214_08:00:00   3.9537e-01   9.4919e+01   7.0972e+00   0.0000e+00   0.0000e+00   2.7184e+02
20251214_09:00:00   3.8093e-01   9.2208e+01   6.8120e+00   0.0000e+00   0.0000e+00   2.7561e+02
20251214_10:00:00   3.6314e-01   8.8805e+01   6.4721e+00   0.0000e+00   0.0000e+00   2.7796e+02
20251214_11:00:00   3.4755e-01   8.5731e+01   6.1890e+00   0.0000e+00   0.0000e+00   2.7767e+02
20251214_12:00:00   3.3012e-01   8.2214e+01   5.8849e+00   0.0000e+00   0.0000e+00   2.7652e+02
20251214_13:00:00   3.1525e-01   7.9223e+01   5.6165e+00   0.0000e+00   0.0000e+00   2.7828e+02
20251214_14:00:00   3.0533e-01   7.7197e+01   5.4366e+00   0.0000e+00   0.0000e+00   2.7784e+02
20251214_15:00:00   2.9335e-01   7.4768e+01   5.2117e+00   0.0000e+00   0.0000e+00   2.7658e+02
20251214_16:00:00   2.8360e-01   7.2769e+01   5.0222e+00   0.0000e+00   0.0000e+00   2.7867e+02
20251214_17:00:00   2.7929e-01   7.1893e+01   4.9504e+00   0.0000e+00   0.0000e+00   2.7867e+02
20251214_18:00:00   2.7963e-01   7.1991e+01   4.9867e+00   0.0000e+00   0.0000e+00   2.7692e+02
20251214_19:00:00   2.7278e-01   7.0638e+01   4.8896e+00   0.0000e+00   0.0000e+00   2.7538e+02
20251214_20:00:00   2.6641e-01   6.9326e+01   4.8149e+00   0.0000e+00   0.0000e+00   2.7668e+02
20251214_21:00:00   2.6020e-01   6.8134e+01   4.7027e+00   0.0000e+00   0.0000e+00   2.7718e+02
20251214_22:00:00   2.5930e-01   6.8041e+01   4.6867e+00   0.0000e+00   0.0000e+00   2.7577e+02
20251214_23:00:00   2.6741e-01   6.9831e+01   4.8364e+00   0.0000e+00   0.0000e+00   2.7465e+02
20251215_00:00:00   2.7473e-01   7.1366e+01   4.9825e+00   0.0000e+00   0.0000e+00   2.7277e+02
20251215_01:00:00   2.8036e-01   7.2482e+01   5.1035e+00   0.0000e+00   0.0000e+00   2.7310e+02
20251215_02:00:00   2.9173e-01   7.4789e+01   5.3203e+00   0.0000e+00   0.0000e+00   2.7303e+02
20251215_03:00:00   3.0543e-01   7.7510e+01   5.5894e+00   0.0000e+00   0.0000e+00   2.7251e+02
20251215_04:00:00   3.1085e-01   7.8545e+01   5.7016e+00   0.0000e+00   1.0224e-06   2.7224e+02
20251215_05:00:00   3.1646e-01   7.9469e+01   5.8603e+00   0.0000e+00   1.6280e-03   2.7271e+02
20251215_06:00:00   3.1569e-01   7.9130e+01   5.9071e+00   0.0000e+00   1.6600e-03   2.7345e+02
20251215_07:00:00   3.1046e-01   7.7976e+01   5.8279e+00   0.0000e+00   4.4953e-03   2.7492e+02
20251215_08:00:00   3.1079e-01   7.7885e+01   5.8785e+00   0.0000e+00   2.4191e-03   2.7380e+02
20251215_09:00:00   3.0803e-01   7.7266e+01   5.8548e+00   0.0000e+00   1.9246e-03   2.7389e+02
20251215_10:00:00   3.0741e-01   7.6949e+01   5.9022e+00   0.0000e+00   8.6642e-04   2.7471e+02
20251215_11:00:00   3.0650e-01   7.6603e+01   5.9465e+00   0.0000e+00   8.8319e-04   2.7545e+02
20251215_12:00:00   3.0402e-01   7.5990e+01   5.9270e+00   0.0000e+00   9.6386e-04   2.7374e+02
20251215_13:00:00   3.0860e-01   7.6611e+01   6.1062e+00   0.0000e+00   4.6746e-03   2.7196e+02
20251215_14:00:00   3.1096e-01   7.6957e+01   6.1886e+00   0.0000e+00   7.2040e-03   2.7136e+02
20251215_15:00:00   3.0708e-01   7.6117e+01   6.1303e+00   0.0000e+00   2.5395e-03   2.7085e+02
20251215_16:00:00   2.9187e-01   7.3157e+01   5.8092e+00   0.0000e+00   3.6400e-04   2.7032e+02
20251215_17:00:00   2.8693e-01   7.2196e+01   5.7144e+00   0.0000e+00   1.3348e-06   2.7098e+02
20251215_18:00:00   2.9622e-01   7.4195e+01   5.8995e+00   0.0000e+00   0.0000e+00   2.7123e+02
20251215_21:00:00   3.4196e-01   8.3208e+01   6.9118e+00   0.0000e+00   3.1160e-05   2.7128e+02
20251216_00:00:00   4.4236e-01   1.0139e+02   9.0203e+00   0.0000e+00   7.6862e-03   2.6916e+02
20251216_03:00:00   4.7802e-01   1.0753e+02   9.6486e+00   0.0000e+00   2.3477e-03   2.7113e+02
20251216_06:00:00   4.4507e-01   1.0231e+02   8.9110e+00   0.0000e+00   9.6827e-04   2.6701e+02
20251216_09:00:00   3.8643e-01   9.1930e+01   7.7834e+00   0.0000e+00   1.2166e-02   2.6552e+02
20251216_12:00:00   3.6694e-01   8.8345e+01   7.4556e+00   0.0000e+00   1.3879e-03   2.6391e+02
20251216_15:00:00   3.9148e-01   9.3224e+01   7.8615e+00   0.0000e+00   1.9290e-05   2.6201e+02
20251216_18:00:00   5.1999e-01   1.1556e+02   1.0385e+01   0.0000e+00   6.1900e-05   2.6083e+02
20251216_21:00:00   5.7753e-01   1.2549e+02   1.1362e+01   0.0000e+00   7.4982e-04   2.6028e+02
20251217_00:00:00   6.0218e-01   1.2971e+02   1.1738e+01   0.0000e+00   1.7344e-03   2.6117e+02
20251217_03:00:00   6.3451e-01   1.3437e+02   1.2221e+01   0.0000e+00   6.8405e-03   2.6032e+02
20251217_06:00:00   6.2860e-01   1.3366e+02   1.1827e+01   0.0000e+00   1.0334e-02   2.6062e+02
20251217_09:00:00   6.3635e-01   1.3471e+02   1.1673e+01   0.0000e+00   3.0753e-03   2.6222e+02
20251217_12:00:00   6.7505e-01   1.3979e+02   1.2482e+01   0.0000e+00   6.2270e-03   2.6333e+02
20251217_15:00:00   7.9282e-01   1.5495e+02   1.4574e+01   0.0000e+00   1.6918e-02   2.6586e+02
20251217_18:00:00   9.5392e-01   1.7421e+02   1.6735e+01   5.3280e-04   7.1777e-05   2.6864e+02
20251217_21:00:00   7.6817e-01   1.5402e+02   1.3511e+01   6.6740e-07   8.5251e-04   2.6800e+02
20251218_00:00:00   6.4595e-01   1.3744e+02   1.1488e+01   0.0000e+00   1.6184e-04   2.6529e+02
20251218_03:00:00   4.7321e-01   1.0946e+02   8.3873e+00   1.3930e-05   8.8326e-04   2.6900e+02
20251218_06:00:00   2.7961e-01   7.1579e+01   5.3601e+00   0.0000e+00   2.5720e-03   2.7088e+02
20251218_09:00:00   2.6789e-01   6.8248e+01   5.4045e+00   0.0000e+00   1.2950e-03   2.7710e+02
20251218_12:00:00   3.5239e-01   8.4455e+01   7.2247e+00   0.0000e+00   9.9501e-04   2.7763e+02
20251218_15:00:00   4.5243e-01   1.0201e+02   9.3129e+00   0.0000e+00   6.0458e-03   2.7689e+02
20251218_18:00:00   4.8609e-01   1.0794e+02   9.9624e+00   0.0000e+00   8.6379e-02   2.7638e+02
20251218_21:00:00   5.0114e-01   1.1124e+02   1.0254e+01   0.0000e+00   3.8905e-02   2.7486e+02
20251219_00:00:00   4.9769e-01   1.1173e+02   9.9432e+00   0.0000e+00   6.3710e-03   2.7316e+02
20251219_03:00:00   5.0969e-01   1.1399e+02   9.8638e+00   0.0000e+00   3.5752e-03   2.7044e+02
20251219_06:00:00   4.8927e-01   1.1073e+02   9.2677e+00   0.0000e+00   1.7368e-04   2.7356e+02
20251219_09:00:00   4.6227e-01   1.0601e+02   8.6807e+00   0.0000e+00   2.8248e-05   2.7579e+02
20251219_12:00:00   4.4733e-01   1.0276e+02   8.6007e+00   0.0000e+00   3.2679e-05   2.7584e+02
20251219_15:00:00   4.1263e-01   9.6021e+01   8.1433e+00   0.0000e+00   3.2508e-03   2.7584e+02
20251219_18:00:00   5.7083e-01   1.2196e+02   1.1340e+01   0.0000e+00   5.3218e-03   2.7472e+02
20251219_21:00:00   7.5019e-01   1.4791e+02   1.4283e+01   0.0000e+00   1.3213e-03   2.7402e+02
20251220_00:00:00   9.9556e-01   1.7664e+02   1.8018e+01   1.6196e-06   6.9973e-03   2.7394e+02
20251220_03:00:00   1.0981e+00   1.8629e+02   1.9078e+01   1.4475e-03   8.6147e-03   2.7335e+02
20251220_06:00:00   1.2988e+00   2.0200e+02   2.0556e+01   3.2988e-02   8.8254e-02   2.7121e+02
20251220_09:00:00   1.3047e+00   2.0283e+02   2.0720e+01   7.3558e-03   4.5090e-02   2.6865e+02
20251220_12:00:00   1.4655e+00   2.1322e+02   2.1261e+01   5.1355e-02   5.1102e-01   2.6499e+02
20251220_15:00:00   1.5205e+00   2.1645e+02   2.0216e+01   1.0482e-01   3.0121e-01   2.6432e+02
20251220_18:00:00   1.5142e+00   2.1612e+02   2.1217e+01   6.5301e-02   9.4076e-01   2.6831e+02
20251220_21:00:00   1.3103e+00   2.0348e+02   1.8086e+01   7.4104e-02   1.0170e-01   2.7031e+02
20251221_00:00:00   1.0486e+00   1.8194e+02   1.6380e+01   1.6661e-02   3.9465e-02   2.7132e+02
20251221_03:00:00   1.0445e+00   1.8067e+02   1.6977e+01   5.0307e-03   1.0538e-01   2.7441e+02
20251221_06:00:00   1.1444e+00   1.8926e+02   1.7646e+01   2.1839e-02   1.7315e-01   2.8405e+02
20251221_09:00:00   1.1972e+00   1.9331e+02   1.7565e+01   3.7132e-02   1.1587e-01   2.9427e+02
20251221_12:00:00   1.1581e+00   1.9026e+02   1.6214e+01   4.8944e-02   3.3650e-02   3.0547e+02
20251221_15:00:00   9.5942e-01   1.7064e+02   1.5019e+01   2.6003e-03   1.2068e-01   3.1003e+02
20251221_18:00:00   5.4110e-01   1.1762e+02   8.7522e+00   1.3354e-04   1.4028e-03   3.1705e+02
20251221_21:00:00   2.1081e-01   5.5719e+01   3.4123e+00   0.0000e+00   6.4780e-08   3.2374e+02
20251222_00:00:00   2.2043e-01   5.7550e+01   3.5647e+00   0.0000e+00   1.4254e-06   3.2641e+02
20251222_03:00:00   2.4205e-01   6.1833e+01   3.7948e+00   5.4263e-06   2.0288e-05   3.3248e+02
20251222_06:00:00   1.9584e-01   5.1791e+01   3.0700e+00   8.9080e-07   7.1260e-07   3.3536e+02
20251222_09:00:00   1.7586e-01   4.7142e+01   2.8708e+00   0.0000e+00   1.2599e-03   3.3589e+02
20251222_12:00:00   1.9844e-01   5.1676e+01   3.4657e+00   0.0000e+00   1.6539e-02   3.3008e+02
20251222_15:00:00   1.9134e-01   5.0165e+01   3.2932e+00   0.0000e+00   2.2737e-04   3.2971e+02
20251222_18:00:00   1.6668e-01   4.5365e+01   2.6440e+00   0.0000e+00   0.0000e+00   3.3147e+02
20251222_21:00:00   2.1622e-01   5.6145e+01   3.5332e+00   4.8600e-07   1.1427e-05   3.3827e+02
20251223_00:00:00   3.5856e-01   8.3667e+01   6.0154e+00   0.0000e+00   2.7057e-02   3.4015e+02
20251223_03:00:00   3.8090e-01   8.7858e+01   6.1195e+00   0.0000e+00   3.3832e-03   3.4651e+02
20251223_06:00:00   2.9108e-01   7.1457e+01   4.4779e+00   0.0000e+00   2.9804e-06   3.4646e+02
20251223_09:00:00   2.0075e-01   5.2925e+01   3.0564e+00   0.0000e+00   0.0000e+00   3.3666e+02
20251223_12:00:00   1.5912e-01   4.3816e+01   2.4009e+00   0.0000e+00   0.0000e+00   3.2390e+02
20251223_15:00:00   1.5049e-01   4.1752e+01   2.3249e+00   0.0000e+00   0.0000e+00   3.1255e+02
20251223_18:00:00   1.7433e-01   4.7146e+01   2.8715e+00   0.0000e+00   0.0000e+00   3.0157e+02
20251223_21:00:00   2.2276e-01   5.7854e+01   3.8917e+00   0.0000e+00   0.0000e+00   2.9225e+02
20251224_00:00:00   3.5422e-01   8.3752e+01   6.4401e+00   0.0000e+00   4.4365e-03   2.8452e+02
20251224_03:00:00   3.9681e-01   9.0708e+01   7.4117e+00   0.0000e+00   2.4928e-02   2.8129e+02
20251224_06:00:00   4.0699e-01   9.2481e+01   7.8209e+00   0.0000e+00   2.7268e-03   2.8482e+02
20251224_09:00:00   4.6849e-01   1.0298e+02   9.0196e+00   0.0000e+00   3.3239e-03   2.8741e+02
20251224_12:00:00   4.5922e-01   1.0147e+02   8.9511e+00   0.0000e+00   6.3423e-03   2.8444e+02
20251224_15:00:00   6.1764e-01   1.2624e+02   1.1634e+01   0.0000e+00   1.1694e-02   2.8375e+02
20251224_18:00:00   7.8667e-01   1.4919e+02   1.4145e+01   1.2010e-04   9.2682e-02   2.8837e+02
20251224_21:00:00   8.7940e-01   1.6066e+02   1.5253e+01   2.2919e-05   5.0354e-02   2.8666e+02
20251225_00:00:00   8.9287e-01   1.6256e+02   1.5524e+01   0.0000e+00   1.6586e-01   2.8700e+02
20251225_03:00:00   7.8861e-01   1.5015e+02   1.3479e+01   1.9553e-05   1.0970e-02   2.9342e+02
20251225_06:00:00   6.6554e-01   1.3455e+02   1.1224e+01   1.5068e-03   4.9381e-03   3.0290e+02
20251225_09:00:00   5.8221e-01   1.2242e+02   9.9610e+00   1.7838e-03   7.8237e-04   2.9891e+02
20251225_12:00:00   6.3513e-01   1.2962e+02   1.1193e+01   3.3042e-04   5.5099e-03   2.8883e+02
20251225_15:00:00   6.9465e-01   1.3769e+02   1.2195e+01   3.8880e-05   2.3013e-02   2.8087e+02
20251225_18:00:00   6.5764e-01   1.3439e+02   1.1097e+01   9.9620e-06   1.9311e-03   2.8355e+02
20251225_21:00:00   9.5658e-01   1.6941e+02   1.5614e+01   7.0667e-03   2.5018e-01   2.8449e+02
20251226_00:00:00   1.1886e+00   1.9066e+02   1.5689e+01   8.6238e-02   2.0205e-01   2.9006e+02
20251226_03:00:00   1.0933e+00   1.8221e+02   1.5194e+01   5.1026e-02   5.0965e-01   3.0854e+02
20251226_06:00:00   5.3548e-01   1.1567e+02   8.5684e+00   1.6588e-04   2.5940e-05   3.2156e+02
20251226_09:00:00   3.6302e-01   8.5681e+01   5.7391e+00   0.0000e+00   1.8939e-04   3.1705e+02
20251226_12:00:00   3.5198e-01   8.3214e+01   5.4706e+00   1.1338e-06   3.6920e-06   3.2845e+02
20251226_15:00:00   3.0538e-01   7.3678e+01   4.7059e+00   0.0000e+00   0.0000e+00   3.3917e+02
20251226_18:00:00   2.5166e-01   6.3038e+01   4.0336e+00   0.0000e+00   2.3421e-05   3.4551e+02
