#            date       tau255        Tb[K]      pwv[mm] lwp[kg*m^-2] iwp[kg*m^-2]       o3[DU]
20251207_00:00:00   6.9720e-01   1.4262e+02   1.2808e+01   0.0000e+00   0.0000e+00   2.7477e+02
20251207_01:00:00   7.1743e-01   1.4523e+02   1.3033e+01   0.0000e+00   0.0000e+00   2.7327e+02
20251207_02:00:00   7.3722e-01   1.4766e+02   1.3269e+01   0.0000e+00   0.0000e+00   2.7345e+02
20251207_03:00:00   7.4249e-01   1.4822e+02   1.3280e+01   0.0000e+00   0.0000e+00   2.7481e+02
20251207_04:00:00   7.4746e-01   1.4871e+02   1.3415e+01   0.0000e+00   0.0000e+00   2.7629e+02
20251207_05:00:00   7.4332e-01   1.4818e+02   1.3322e+01   0.0000e+00   0.0000e+00   2.7572e+02
20251207_06:00:00   7.2440e-01   1.4575e+02   1.2992e+01   0.0000e+00   0.0000e+00   2.7668e+02
20251207_07:00:00   7.1983e-01   1.4513e+02   1.2924e+01   0.0000e+00   0.0000e+00   2.7580e+02
20251207_08:00:00   7.1125e-01   1.4399e+02   1.2752e+01   0.0000e+00   0.0000e+00   2.7829e+02
20251207_09:00:00   7.0357e-01   1.4289e+02   1.2622e+01   0.0000e+00   0.0000e+00   2.8042e+02
20251207_10:00:00   6.8237e-01   1.4004e+02   1.2248e+01   0.0000e+00   0.0000e+00   2.8157e+02
20251207_11:00:00   6.5043e-01   1.3569e+02   1.1620e+01   0.0000e+00   0.0000e+00   2.8074e+02
20251207_12:00:00   6.3134e-01   1.3298e+02   1.1264e+01   0.0000e+00   2.3060e-06   2.7943e+02
20251207_13:00:00   6.1741e-01   1.3094e+02   1.1014e+01   0.0000e+00   1.1302e-04   2.7963e+02
20251207_14:00:00   5.9902e-01   1.2825e+02   1.0681e+01   0.0000e+00   9.5060e-05   2.8446e+02
20251207_15:00:00   5.7019e-01   1.2393e+02   1.0158e+01   0.0000e+00   2.3582e-04   2.8719e+02
20251207_16:00:00   5.5464e-01   1.2156e+02   9.8691e+00   0.0000e+00   1.3020e-05   2.8932e+02
20251207_17:00:00   5.5649e-01   1.2198e+02   9.8735e+00   0.0000e+00   2.2077e-04   2.9077e+02
20251207_18:00:00   5.5417e-01   1.2185e+02   9.8413e+00   0.0000e+00   1.4304e-03   2.9450e+02
20251207_19:00:00   5.4104e-01   1.1999e+02   9.6256e+00   0.0000e+00   1.8740e-04   2.9380e+02
20251207_20:00:00   5.3556e-01   1.1932e+02   9.5471e+00   0.0000e+00   9.2430e-05   2.9681e+02
20251207_21:00:00   5.4061e-01   1.2028e+02   9.6704e+00   0.0000e+00   2.7656e-04   2.9419e+02
20251207_22:00:00   5.5425e-01   1.2251e+02   9.9437e+00   0.0000e+00   1.0594e-03   2.9425e+02
20251207_23:00:00   5.7653e-01   1.2602e+02   1.0318e+01   0.0000e+00   3.9300e-03   2.9418e+02
20251208_00:00:00   5.8485e-01   1.2724e+02   1.0424e+01   0.0000e+00   2.5852e-03   2.9416e+02
20251208_01:00:00   5.9520e-01   1.2857e+02   1.0535e+01   0.0000e+00   2.9778e-03   2.9233e+02
20251208_02:00:00   5.9456e-01   1.2822e+02   1.0483e+01   0.0000e+00   1.6696e-03   2.9158e+02
20251208_03:00:00   5.8265e-01   1.2620e+02   1.0269e+01   0.0000e+00   1.6736e-03   2.8837e+02
20251208_04:00:00   5.6521e-01   1.2339e+02   9.9487e+00   0.0000e+00   2.5106e-03   2.8821e+02
20251208_05:00:00   5.3174e-01   1.1807e+02   9.3286e+00   0.0000e+00   1.6250e-03   2.9091e+02
20251208_06:00:00   5.1492e-01   1.1522e+02   9.0808e+00   0.0000e+00   4.5917e-04   2.9208e+02
20251208_07:00:00   5.3462e-01   1.1799e+02   9.5739e+00   0.0000e+00   4.0532e-04   2.9357e+02
20251208_08:00:00   4.9524e-01   1.1186e+02   8.7611e+00   0.0000e+00   0.0000e+00   2.9600e+02
20251208_09:00:00   4.7755e-01   1.0899e+02   8.3512e+00   0.0000e+00   0.0000e+00   2.9764e+02
20251208_10:00:00   4.6874e-01   1.0745e+02   8.1727e+00   0.0000e+00   0.0000e+00   2.9626e+02
20251208_11:00:00   4.4634e-01   1.0359e+02   7.7856e+00   0.0000e+00   0.0000e+00   2.9609e+02
20251208_12:00:00   4.4569e-01   1.0336e+02   7.7976e+00   0.0000e+00   0.0000e+00   2.9448e+02
20251208_13:00:00   4.4431e-01   1.0288e+02   7.8526e+00   0.0000e+00   0.0000e+00   2.9089e+02
20251208_14:00:00   4.3896e-01   1.0182e+02   7.7918e+00   0.0000e+00   0.0000e+00   2.8938e+02
20251208_15:00:00   4.2498e-01   9.9396e+01   7.5380e+00   0.0000e+00   1.4782e-04   2.8931e+02
20251208_16:00:00   4.1812e-01   9.8203e+01   7.4084e+00   0.0000e+00   0.0000e+00   2.9038e+02
20251208_17:00:00   4.4158e-01   1.0216e+02   7.9533e+00   0.0000e+00   3.6780e-05   2.9189e+02
20251208_18:00:00   4.4071e-01   1.0228e+02   7.9563e+00   0.0000e+00   2.0440e-06   2.9440e+02
20251208_19:00:00   4.4548e-01   1.0338e+02   8.0438e+00   0.0000e+00   6.9622e-04   2.9802e+02
20251208_20:00:00   4.3881e-01   1.0238e+02   7.9927e+00   0.0000e+00   3.8967e-04   2.9659e+02
20251208_21:00:00   4.3981e-01   1.0269e+02   8.0758e+00   0.0000e+00   3.4720e-06   2.9478e+02
20251208_22:00:00   4.3684e-01   1.0238e+02   8.0292e+00   0.0000e+00   0.0000e+00   2.9238e+02
20251208_23:00:00   4.4997e-01   1.0470e+02   8.2899e+00   0.0000e+00   0.0000e+00   2.9018e+02
20251209_00:00:00   4.4856e-01   1.0451e+02   8.2418e+00   0.0000e+00   0.0000e+00   2.8693e+02
20251209_01:00:00   4.4408e-01   1.0380e+02   8.1227e+00   0.0000e+00   0.0000e+00   2.8694e+02
20251209_02:00:00   4.4123e-01   1.0333e+02   8.0524e+00   0.0000e+00   0.0000e+00   2.9095e+02
20251209_03:00:00   4.4017e-01   1.0310e+02   8.0425e+00   0.0000e+00   0.0000e+00   2.9569e+02
20251209_04:00:00   4.3372e-01   1.0195e+02   7.9223e+00   0.0000e+00   0.0000e+00   3.0066e+02
20251209_05:00:00   4.1912e-01   9.9306e+01   7.6586e+00   0.0000e+00   3.2700e-04   3.0189e+02
20251209_06:00:00   3.9580e-01   9.5017e+01   7.2645e+00   0.0000e+00   4.2380e-04   2.9771e+02
20251209_07:00:00   3.7796e-01   9.1691e+01   6.9517e+00   0.0000e+00   9.9394e-04   2.9677e+02
20251209_08:00:00   3.7426e-01   9.0952e+01   6.8928e+00   0.0000e+00   8.6660e-05   2.9412e+02
20251209_09:00:00   3.7611e-01   9.1222e+01   6.9543e+00   0.0000e+00   3.5946e-05   2.9058e+02
20251209_10:00:00   3.8109e-01   9.1975e+01   7.1135e+00   0.0000e+00   1.2375e-03   2.8737e+02
20251209_11:00:00   3.7749e-01   9.1145e+01   7.0775e+00   0.0000e+00   1.6427e-03   2.8516e+02
20251209_12:00:00   3.6371e-01   8.8466e+01   6.8132e+00   0.0000e+00   2.4760e-04   2.8404e+02
20251209_13:00:00   3.4362e-01   8.4607e+01   6.4243e+00   0.0000e+00   2.5434e-05   2.8489e+02
20251209_14:00:00   3.2495e-01   8.0953e+01   6.1106e+00   0.0000e+00   9.0940e-06   2.8618e+02
20251209_15:00:00   3.1567e-01   7.9099e+01   5.9780e+00   0.0000e+00   8.0980e-08   2.8703e+02
20251209_16:00:00   3.1651e-01   7.9246e+01   6.0107e+00   0.0000e+00   0.0000e+00   2.8867e+02
20251209_17:00:00   3.3366e-01   8.2694e+01   6.3276e+00   0.0000e+00   8.4260e-06   2.8917e+02
20251209_18:00:00   3.4258e-01   8.4600e+01   6.4984e+00   0.0000e+00   0.0000e+00   2.9014e+02
20251209_19:00:00   3.4350e-01   8.5007e+01   6.5075e+00   0.0000e+00   9.4480e-06   2.8956e+02
20251209_20:00:00   3.4279e-01   8.5069e+01   6.4865e+00   0.0000e+00   6.7420e-06   2.8913e+02
20251209_21:00:00   3.3963e-01   8.4640e+01   6.4382e+00   0.0000e+00   0.0000e+00   2.9292e+02
20251209_22:00:00   3.3977e-01   8.4817e+01   6.4340e+00   0.0000e+00   8.3420e-06   2.9467e+02
20251209_23:00:00   3.4971e-01   8.6772e+01   6.6116e+00   0.0000e+00   3.7460e-04   2.9203e+02
20251210_00:00:00   3.5250e-01   8.7253e+01   6.6619e+00   0.0000e+00   1.5655e-04   2.8984e+02
20251210_01:00:00   3.5984e-01   8.8637e+01   6.7836e+00   0.0000e+00   5.8280e-05   2.8921e+02
20251210_02:00:00   3.7330e-01   9.1146e+01   7.0153e+00   0.0000e+00   3.8399e-04   2.9252e+02
20251210_03:00:00   3.8189e-01   9.2781e+01   7.1473e+00   0.0000e+00   5.8420e-05   2.9517e+02
20251210_04:00:00   3.8003e-01   9.2492e+01   7.0627e+00   0.0000e+00   1.5894e-06   2.9544e+02
20251210_05:00:00   3.7395e-01   9.1438e+01   6.8966e+00   0.0000e+00   3.4020e-06   2.9432e+02
20251210_06:00:00   3.7528e-01   9.1741e+01   6.8974e+00   0.0000e+00   8.0980e-08   2.9261e+02
20251210_07:00:00   3.7305e-01   9.1412e+01   6.8374e+00   0.0000e+00   0.0000e+00   2.9196e+02
20251210_08:00:00   3.6574e-01   9.0102e+01   6.6878e+00   0.0000e+00   0.0000e+00   2.8985e+02
20251210_09:00:00   3.8123e-01   9.3004e+01   6.9408e+00   0.0000e+00   0.0000e+00   2.8943e+02
20251210_10:00:00   3.9025e-01   9.4613e+01   7.1196e+00   0.0000e+00   0.0000e+00   2.8990e+02
20251210_11:00:00   4.2368e-01   1.0051e+02   7.8938e+00   0.0000e+00   0.0000e+00   2.8968e+02
20251210_12:00:00   4.7366e-01   1.0894e+02   8.9063e+00   0.0000e+00   0.0000e+00   2.8882e+02
20251210_13:00:00   5.1636e-01   1.1581e+02   9.7884e+00   0.0000e+00   8.4260e-06   2.8970e+02
20251210_14:00:00   5.4252e-01   1.1989e+02   1.0348e+01   0.0000e+00   0.0000e+00   2.8880e+02
20251210_15:00:00   5.5180e-01   1.2134e+02   1.0572e+01   0.0000e+00   1.7876e-05   2.8687e+02
20251210_16:00:00   5.6537e-01   1.2338e+02   1.0871e+01   0.0000e+00   2.6300e-05   2.8408e+02
20251210_17:00:00   5.6007e-01   1.2262e+02   1.0784e+01   0.0000e+00   6.0060e-06   2.8352e+02
20251210_18:00:00   5.5238e-01   1.2168e+02   1.0598e+01   0.0000e+00   0.0000e+00   2.8387e+02
20251210_19:00:00   5.4153e-01   1.2021e+02   1.0352e+01   0.0000e+00   8.1800e-06   2.8399e+02
20251210_20:00:00   5.3604e-01   1.1957e+02   1.0229e+01   0.0000e+00   3.8520e-05   2.8420e+02
20251210_21:00:00   5.4587e-01   1.2141e+02   1.0397e+01   0.0000e+00   6.6740e-07   2.8368e+02
20251210_22:00:00   5.5965e-01   1.2382e+02   1.0607e+01   0.0000e+00   0.0000e+00   2.8455e+02
20251210_23:00:00   5.6667e-01   1.2508e+02   1.0679e+01   0.0000e+00   3.4723e-05   2.8623e+02
20251211_00:00:00   5.5724e-01   1.2359e+02   1.0472e+01   0.0000e+00   2.1802e-04   2.8583e+02
20251211_01:00:00   5.7172e-01   1.2572e+02   1.0804e+01   0.0000e+00   1.5800e-04   2.8597e+02
20251211_02:00:00   6.0084e-01   1.3007e+02   1.1339e+01   0.0000e+00   1.0864e-05   2.8476e+02
20251211_03:00:00   6.0215e-01   1.3025e+02   1.1328e+01   0.0000e+00   0.0000e+00   2.8384e+02
20251211_04:00:00   6.0628e-01   1.3080e+02   1.1402e+01   0.0000e+00   1.6196e-07   2.8442e+02
20251211_05:00:00   6.0208e-01   1.3015e+02   1.1289e+01   0.0000e+00   3.4980e-06   2.8417e+02
20251211_06:00:00   5.9100e-01   1.2851e+02   1.1021e+01   0.0000e+00   0.0000e+00   2.8177e+02
20251211_07:00:00   5.7876e-01   1.2665e+02   1.0769e+01   0.0000e+00   0.0000e+00   2.8027e+02
20251211_08:00:00   5.6222e-01   1.2407e+02   1.0457e+01   0.0000e+00   0.0000e+00   2.8217e+02
20251211_09:00:00   5.3904e-01   1.2040e+02   1.0019e+01   0.0000e+00   8.4260e-06   2.8121e+02
20251211_10:00:00   5.1590e-01   1.1666e+02   9.6152e+00   0.0000e+00   1.3348e-06   2.8022e+02
20251211_11:00:00   5.0327e-01   1.1445e+02   9.4374e+00   0.0000e+00   0.0000e+00   2.7881e+02
20251211_12:00:00   5.0070e-01   1.1388e+02   9.4794e+00   0.0000e+00   0.0000e+00   2.7685e+02
20251211_13:00:00   5.0201e-01   1.1402e+02   9.5667e+00   0.0000e+00   0.0000e+00   2.7627e+02
20251211_14:00:00   4.9858e-01   1.1343e+02   9.5260e+00   0.0000e+00   0.0000e+00   2.7639e+02
20251211_15:00:00   4.9381e-01   1.1259e+02   9.4592e+00   0.0000e+00   0.0000e+00   2.7529e+02
20251211_16:00:00   4.9579e-01   1.1287e+02   9.5072e+00   0.0000e+00   0.0000e+00   2.7482e+02
20251211_17:00:00   5.0131e-01   1.1374e+02   9.6362e+00   0.0000e+00   0.0000e+00   2.7439e+02
20251211_18:00:00   5.1267e-01   1.1576e+02   9.8367e+00   0.0000e+00   0.0000e+00   2.7512e+02
20251211_19:00:00   5.1570e-01   1.1640e+02   9.8963e+00   0.0000e+00   0.0000e+00   2.7560e+02
20251211_20:00:00   5.1977e-01   1.1720e+02   9.9815e+00   0.0000e+00   0.0000e+00   2.7701e+02
20251211_21:00:00   5.2094e-01   1.1752e+02   1.0009e+01   0.0000e+00   0.0000e+00   2.7945e+02
20251211_22:00:00   5.2588e-01   1.1838e+02   1.0103e+01   0.0000e+00   0.0000e+00   2.8221e+02
20251211_23:00:00   5.3825e-01   1.2042e+02   1.0314e+01   0.0000e+00   0.0000e+00   2.8575e+02
20251212_00:00:00   5.4577e-01   1.2156e+02   1.0464e+01   0.0000e+00   0.0000e+00   2.8714e+02
20251212_03:00:00   5.4934e-01   1.2206e+02   1.0433e+01   0.0000e+00   0.0000e+00   2.8835e+02
20251212_06:00:00   5.6338e-01   1.2397e+02   1.0561e+01   0.0000e+00   0.0000e+00   2.8823e+02
20251212_09:00:00   5.5478e-01   1.2259e+02   1.0337e+01   0.0000e+00   0.0000e+00   2.8256e+02
20251212_12:00:00   5.2300e-01   1.1731e+02   9.7842e+00   0.0000e+00   0.0000e+00   2.7895e+02
20251212_15:00:00   5.0055e-01   1.1346e+02   9.4125e+00   0.0000e+00   0.0000e+00   2.7088e+02
20251212_18:00:00   4.9118e-01   1.1214e+02   9.2718e+00   0.0000e+00   0.0000e+00   2.7032e+02
20251212_21:00:00   4.7825e-01   1.1049e+02   9.0962e+00   0.0000e+00   0.0000e+00   2.6966e+02
20251213_00:00:00   4.8446e-01   1.1182e+02   9.1293e+00   0.0000e+00   0.0000e+00   2.7426e+02
20251213_03:00:00   4.5705e-01   1.0700e+02   8.4869e+00   0.0000e+00   0.0000e+00   2.7744e+02
20251213_06:00:00   4.0995e-01   9.8435e+01   7.5708e+00   0.0000e+00   0.0000e+00   2.7885e+02
20251213_09:00:00   3.6643e-01   9.0099e+01   6.7797e+00   0.0000e+00   0.0000e+00   2.7528e+02
20251213_12:00:00   3.4684e-01   8.6193e+01   6.4388e+00   0.0000e+00   0.0000e+00   2.6892e+02
20251213_15:00:00   3.3985e-01   8.4685e+01   6.3126e+00   0.0000e+00   0.0000e+00   2.6638e+02
20251213_18:00:00   3.5010e-01   8.6834e+01   6.5070e+00   0.0000e+00   0.0000e+00   2.6608e+02
20251213_21:00:00   3.7575e-01   9.2029e+01   7.0663e+00   0.0000e+00   0.0000e+00   2.6107e+02
20251214_00:00:00   4.1089e-01   9.8585e+01   7.7604e+00   0.0000e+00   0.0000e+00   2.5674e+02
20251214_03:00:00   3.9946e-01   9.6334e+01   7.4770e+00   0.0000e+00   0.0000e+00   2.5556e+02
20251214_06:00:00   3.9469e-01   9.5269e+01   7.3603e+00   0.0000e+00   0.0000e+00   2.5215e+02
20251214_09:00:00   3.9282e-01   9.4749e+01   7.3249e+00   0.0000e+00   0.0000e+00   2.5174e+02
20251214_12:00:00   3.9446e-01   9.4800e+01   7.4105e+00   0.0000e+00   2.7713e-03   2.5273e+02
20251214_15:00:00   4.1272e-01   9.7850e+01   7.8016e+00   0.0000e+00   4.1362e-04   2.5089e+02
20251214_18:00:00   4.3682e-01   1.0219e+02   8.2726e+00   0.0000e+00   7.2633e-04   2.5376e+02
20251214_21:00:00   4.5750e-01   1.0608e+02   8.7147e+00   0.0000e+00   4.4042e-04   2.5357e+02
20251215_00:00:00   4.8420e-01   1.1065e+02   9.2179e+00   0.0000e+00   7.7179e-03   2.5381e+02
20251215_03:00:00   4.8246e-01   1.1008e+02   9.1279e+00   0.0000e+00   8.3356e-03   2.5725e+02
20251215_06:00:00   4.7039e-01   1.0798e+02   8.8127e+00   0.0000e+00   1.4564e-03   2.6324e+02
20251215_09:00:00   4.5222e-01   1.0469e+02   8.4648e+00   0.0000e+00   2.1943e-03   2.6835e+02
20251215_12:00:00   4.6898e-01   1.0693e+02   8.9003e+00   0.0000e+00   1.5776e-02   2.7120e+02
20251215_15:00:00   4.6822e-01   1.0658e+02   8.8735e+00   0.0000e+00   3.5577e-02   2.7133e+02
20251215_18:00:00   4.6913e-01   1.0685e+02   8.8713e+00   0.0000e+00   2.3703e-02   2.7544e+02
20251215_21:00:00   4.5815e-01   1.0540e+02   8.6835e+00   0.0000e+00   8.1051e-03   2.7730e+02
20251216_00:00:00   5.0729e-01   1.1366e+02   9.6187e+00   0.0000e+00   6.7339e-03   2.7808e+02
20251216_03:00:00   5.2400e-01   1.1616e+02   9.8793e+00   0.0000e+00   0.0000e+00   2.7337e+02
20251216_06:00:00   5.0095e-01   1.1236e+02   9.4159e+00   0.0000e+00   0.0000e+00   2.7606e+02
20251216_09:00:00   4.6767e-01   1.0680e+02   8.7672e+00   0.0000e+00   0.0000e+00   2.7620e+02
20251216_12:00:00   4.6421e-01   1.0624e+02   8.6649e+00   0.0000e+00   0.0000e+00   2.8052e+02
20251216_15:00:00   4.5573e-01   1.0485e+02   8.4419e+00   0.0000e+00   0.0000e+00   2.8576e+02
20251216_18:00:00   4.4772e-01   1.0370e+02   8.2407e+00   0.0000e+00   0.0000e+00   2.8746e+02
20251216_21:00:00   4.6350e-01   1.0666e+02   8.6061e+00   0.0000e+00   3.0680e-06   2.8616e+02
20251217_00:00:00   4.9073e-01   1.1094e+02   9.2899e+00   0.0000e+00   1.8303e-02   2.9110e+02
20251217_03:00:00   5.5952e-01   1.2103e+02   1.0689e+01   0.0000e+00   3.6043e-02   2.9923e+02
20251217_06:00:00   4.8510e-01   1.1005e+02   8.9658e+00   0.0000e+00   3.8220e-06   3.0510e+02
20251217_09:00:00   4.1579e-01   9.8017e+01   7.7087e+00   0.0000e+00   3.5132e-03   2.9779e+02
20251217_12:00:00   4.0549e-01   9.5827e+01   7.6320e+00   0.0000e+00   1.1198e-02   2.8733e+02
20251217_15:00:00   4.5390e-01   1.0384e+02   8.7793e+00   0.0000e+00   2.3216e-02   2.8288e+02
20251217_18:00:00   5.4144e-01   1.1768e+02   1.0710e+01   0.0000e+00   1.1770e-01   2.7879e+02
20251217_21:00:00   5.1585e-01   1.1415e+02   1.0234e+01   0.0000e+00   3.2284e-02   2.7249e+02
20251218_00:00:00   6.2459e-01   1.3067e+02   1.2487e+01   0.0000e+00   1.8548e-02   2.7289e+02
20251218_03:00:00   7.1758e-01   1.4357e+02   1.4082e+01   8.1800e-06   3.0847e-03   2.7146e+02
20251218_06:00:00   8.3993e-01   1.5926e+02   1.5693e+01   2.3408e-03   3.1494e-03   2.6798e+02
20251218_09:00:00   8.7079e-01   1.6360e+02   1.5975e+01   6.9300e-04   2.6693e-04   2.6344e+02
20251218_12:00:00   8.7163e-01   1.6450e+02   1.5869e+01   1.0204e-05   1.5028e-03   2.6159e+02
20251218_15:00:00   8.2218e-01   1.5834e+02   1.5131e+01   0.0000e+00   9.5060e-04   2.5797e+02
20251218_18:00:00   7.3995e-01   1.4809e+02   1.4049e+01   0.0000e+00   1.8732e-03   2.5897e+02
20251218_21:00:00   7.0899e-01   1.4358e+02   1.3839e+01   0.0000e+00   4.0100e-03   2.6196e+02
20251219_00:00:00   7.8163e-01   1.5318e+02   1.5073e+01   0.0000e+00   1.0236e-03   2.5750e+02
20251219_03:00:00   8.5585e-01   1.6220e+02   1.6189e+01   0.0000e+00   4.0049e-04   2.5877e+02
20251219_06:00:00   9.1730e-01   1.6945e+02   1.6883e+01   0.0000e+00   2.7302e-04   2.6118e+02
20251219_09:00:00   9.9160e-01   1.7775e+02   1.7596e+01   0.0000e+00   0.0000e+00   2.6290e+02
20251219_12:00:00   9.0520e-01   1.6901e+02   1.6047e+01   0.0000e+00   9.5100e-03   2.6119e+02
20251219_15:00:00   8.4247e-01   1.6137e+02   1.5029e+01   0.0000e+00   4.0488e-03   2.6319e+02
20251219_18:00:00   7.6662e-01   1.5203e+02   1.4155e+01   0.0000e+00   2.7982e-03   2.6339e+02
20251219_21:00:00   7.4549e-01   1.4963e+02   1.4080e+01   0.0000e+00   2.6525e-03   2.6211e+02
20251220_00:00:00   6.3794e-01   1.3554e+02   1.1870e+01   0.0000e+00   2.2824e-03   2.6248e+02
20251220_03:00:00   6.5200e-01   1.3708e+02   1.1796e+01   0.0000e+00   7.1945e-03   2.6328e+02
20251220_06:00:00   6.2318e-01   1.3241e+02   1.1430e+01   0.0000e+00   1.6544e-02   2.6339e+02
20251220_09:00:00   5.8901e-01   1.2707e+02   1.0874e+01   0.0000e+00   3.5976e-02   2.6414e+02
20251220_12:00:00   5.2753e-01   1.1724e+02   9.8148e+00   0.0000e+00   1.6230e-01   2.6872e+02
20251220_15:00:00   6.3020e-01   1.3226e+02   1.1981e+01   0.0000e+00   5.9224e-03   2.6881e+02
20251220_18:00:00   7.5132e-01   1.4923e+02   1.3920e+01   4.0900e-06   3.8883e-03   2.6695e+02
20251220_21:00:00   8.0738e-01   1.5689e+02   1.4677e+01   1.1176e-04   1.0936e-02   2.6888e+02
20251221_00:00:00   7.7977e-01   1.5424e+02   1.3824e+01   2.0440e-05   5.7078e-04   2.7159e+02
20251221_03:00:00   7.7435e-01   1.5309e+02   1.3265e+01   1.7508e-04   1.9019e-03   2.7286e+02
20251221_06:00:00   6.9701e-01   1.4298e+02   1.1732e+01   0.0000e+00   1.6890e-03   2.7465e+02
20251221_09:00:00   6.6103e-01   1.3772e+02   1.1153e+01   0.0000e+00   2.7973e-04   2.8216e+02
20251221_12:00:00   5.9515e-01   1.2770e+02   1.0118e+01   0.0000e+00   1.6196e-07   2.8997e+02
20251221_15:00:00   5.4011e-01   1.1898e+02   9.1965e+00   0.0000e+00   9.7180e-08   2.9084e+02
20251221_18:00:00   5.0609e-01   1.1346e+02   9.0162e+00   0.0000e+00   2.5184e-03   2.9322e+02
20251221_21:00:00   5.2444e-01   1.1635e+02   9.7497e+00   0.0000e+00   1.6278e-03   2.9084e+02
20251222_00:00:00   5.8763e-01   1.2596e+02   1.1092e+01   0.0000e+00   1.8788e-03   2.8540e+02
20251222_03:00:00   6.2302e-01   1.3073e+02   1.1666e+01   0.0000e+00   3.8924e-04   2.8297e+02
20251222_06:00:00   6.5158e-01   1.3408e+02   1.2367e+01   0.0000e+00   1.4250e-04   2.8152e+02
20251222_09:00:00   7.4451e-01   1.4628e+02   1.3900e+01   0.0000e+00   4.2061e-03   2.7982e+02
20251222_12:00:00   8.1960e-01   1.5558e+02   1.4959e+01   0.0000e+00   1.0922e-03   2.8095e+02
20251222_15:00:00   8.9661e-01   1.6468e+02   1.5849e+01   8.0340e-05   1.1697e-03   2.8067e+02
20251222_18:00:00   9.5554e-01   1.7156e+02   1.6789e+01   4.3841e-04   2.4944e-03   2.8098e+02
20251222_21:00:00   1.0788e+00   1.8446e+02   1.8373e+01   1.0347e-03   1.8205e-02   2.8322e+02
20251223_00:00:00   1.4045e+00   2.0951e+02   2.0812e+01   5.3141e-02   2.9782e-01   2.8550e+02
