#            date       tau255        Tb[K]      pwv[mm] lwp[kg*m^-2] iwp[kg*m^-2]       o3[DU]
20251210_00:00:00   3.1807e-01   8.0776e+01   5.8181e+00   0.0000e+00   0.0000e+00   2.8741e+02
20251210_01:00:00   3.0099e-01   7.7171e+01   5.4847e+00   0.0000e+00   0.0000e+00   2.8677e+02
20251210_02:00:00   2.9795e-01   7.6468e+01   5.4315e+00   0.0000e+00   0.0000e+00   2.8934e+02
20251210_03:00:00   3.0572e-01   7.7968e+01   5.5946e+00   0.0000e+00   0.0000e+00   2.9357e+02
20251210_04:00:00   3.1065e-01   7.8922e+01   5.6923e+00   0.0000e+00   0.0000e+00   2.9636e+02
20251210_05:00:00   3.1356e-01   7.9477e+01   5.7474e+00   0.0000e+00   0.0000e+00   2.9646e+02
20251210_06:00:00   3.1670e-01   8.0035e+01   5.8122e+00   0.0000e+00   0.0000e+00   2.9606e+02
20251210_07:00:00   3.1884e-01   8.0403e+01   5.8457e+00   0.0000e+00   0.0000e+00   2.9696e+02
20251210_08:00:00   3.1637e-01   7.9862e+01   5.7916e+00   0.0000e+00   0.0000e+00   2.9708e+02
20251210_09:00:00   3.1226e-01   7.9010e+01   5.7111e+00   0.0000e+00   0.0000e+00   2.9714e+02
20251210_10:00:00   3.0916e-01   7.8351e+01   5.6532e+00   0.0000e+00   0.0000e+00   2.9868e+02
20251210_11:00:00   3.0256e-01   7.6986e+01   5.5347e+00   0.0000e+00   0.0000e+00   2.9954e+02
20251210_12:00:00   2.9647e-01   7.5717e+01   5.4221e+00   0.0000e+00   0.0000e+00   2.9820e+02
20251210_13:00:00   2.9479e-01   7.5346e+01   5.3921e+00   0.0000e+00   0.0000e+00   2.9726e+02
20251210_14:00:00   2.9238e-01   7.4863e+01   5.3325e+00   0.0000e+00   0.0000e+00   2.9490e+02
20251210_15:00:00   2.9096e-01   7.4565e+01   5.2910e+00   0.0000e+00   0.0000e+00   2.9410e+02
20251210_16:00:00   2.9571e-01   7.5549e+01   5.3615e+00   0.0000e+00   0.0000e+00   2.9235e+02
20251210_17:00:00   3.0175e-01   7.6911e+01   5.4527e+00   0.0000e+00   0.0000e+00   2.9311e+02
20251210_18:00:00   3.1135e-01   7.9053e+01   5.6153e+00   0.0000e+00   0.0000e+00   2.9716e+02
20251210_19:00:00   3.1232e-01   7.9407e+01   5.6388e+00   0.0000e+00   0.0000e+00   2.9610e+02
20251210_20:00:00   3.1401e-01   7.9931e+01   5.6762e+00   0.0000e+00   0.0000e+00   2.9390e+02
20251210_21:00:00   3.1712e-01   8.0705e+01   5.7413e+00   0.0000e+00   0.0000e+00   2.9251e+02
20251210_22:00:00   3.2340e-01   8.2081e+01   5.8570e+00   0.0000e+00   0.0000e+00   2.8911e+02
20251210_23:00:00   3.3073e-01   8.3595e+01   5.9856e+00   0.0000e+00   0.0000e+00   2.8777e+02
20251211_00:00:00   3.2989e-01   8.3393e+01   5.9704e+00   0.0000e+00   0.0000e+00   2.8670e+02
20251211_01:00:00   3.2442e-01   8.2209e+01   5.8775e+00   0.0000e+00   0.0000e+00   2.8574e+02
20251211_02:00:00   3.2151e-01   8.1530e+01   5.8328e+00   0.0000e+00   0.0000e+00   2.8438e+02
20251211_03:00:00   3.1625e-01   8.0403e+01   5.7410e+00   0.0000e+00   0.0000e+00   2.8601e+02
20251211_04:00:00   3.1274e-01   7.9615e+01   5.6865e+00   0.0000e+00   0.0000e+00   2.8823e+02
20251211_05:00:00   3.0624e-01   7.8212e+01   5.5765e+00   0.0000e+00   0.0000e+00   2.8895e+02
20251211_06:00:00   3.0007e-01   7.6896e+01   5.4728e+00   0.0000e+00   0.0000e+00   2.8768e+02
20251211_07:00:00   2.9291e-01   7.5383e+01   5.3421e+00   0.0000e+00   0.0000e+00   2.8640e+02
20251211_08:00:00   2.8674e-01   7.4062e+01   5.2332e+00   0.0000e+00   0.0000e+00   2.8583e+02
20251211_09:00:00   2.8060e-01   7.2746e+01   5.1230e+00   0.0000e+00   0.0000e+00   2.8442e+02
20251211_10:00:00   2.7246e-01   7.1013e+01   4.9753e+00   0.0000e+00   0.0000e+00   2.8230e+02
20251211_11:00:00   2.6334e-01   6.9059e+01   4.8062e+00   0.0000e+00   0.0000e+00   2.7902e+02
20251211_12:00:00   2.5354e-01   6.6943e+01   4.6240e+00   0.0000e+00   0.0000e+00   2.7686e+02
20251211_13:00:00   2.4504e-01   6.5091e+01   4.4675e+00   0.0000e+00   0.0000e+00   2.7686e+02
20251211_14:00:00   2.3851e-01   6.3624e+01   4.3458e+00   0.0000e+00   0.0000e+00   2.7806e+02
20251211_15:00:00   2.3036e-01   6.1833e+01   4.1939e+00   0.0000e+00   0.0000e+00   2.7819e+02
20251211_16:00:00   2.2807e-01   6.1315e+01   4.1444e+00   0.0000e+00   0.0000e+00   2.7846e+02
20251211_17:00:00   2.3601e-01   6.3117e+01   4.2896e+00   0.0000e+00   0.0000e+00   2.7882e+02
20251211_18:00:00   2.5208e-01   6.6718e+01   4.5941e+00   0.0000e+00   0.0000e+00   2.8022e+02
20251211_19:00:00   2.6370e-01   6.9267e+01   4.8543e+00   0.0000e+00   0.0000e+00   2.8100e+02
20251211_20:00:00   2.8502e-01   7.3838e+01   5.2973e+00   0.0000e+00   0.0000e+00   2.8024e+02
20251211_21:00:00   3.0651e-01   7.8317e+01   5.7436e+00   0.0000e+00   0.0000e+00   2.7939e+02
20251211_22:00:00   3.2541e-01   8.2181e+01   6.1146e+00   0.0000e+00   0.0000e+00   2.7999e+02
20251211_23:00:00   3.3338e-01   8.3817e+01   6.2572e+00   0.0000e+00   0.0000e+00   2.8111e+02
20251212_00:00:00   3.2912e-01   8.2931e+01   6.1776e+00   0.0000e+00   0.0000e+00   2.8356e+02
20251212_01:00:00   3.2124e-01   8.1291e+01   6.0360e+00   0.0000e+00   0.0000e+00   2.8486e+02
20251212_02:00:00   3.1714e-01   8.0417e+01   5.9568e+00   0.0000e+00   0.0000e+00   2.8491e+02
20251212_03:00:00   3.1402e-01   7.9758e+01   5.8915e+00   0.0000e+00   0.0000e+00   2.8478e+02
20251212_04:00:00   3.1160e-01   7.9263e+01   5.8302e+00   0.0000e+00   0.0000e+00   2.8407e+02
20251212_05:00:00   3.0938e-01   7.8797e+01   5.7697e+00   0.0000e+00   0.0000e+00   2.8449e+02
20251212_06:00:00   3.0791e-01   7.8497e+01   5.7198e+00   0.0000e+00   0.0000e+00   2.8442e+02
20251212_07:00:00   3.0569e-01   7.8033e+01   5.6634e+00   0.0000e+00   0.0000e+00   2.8521e+02
20251212_08:00:00   3.0351e-01   7.7574e+01   5.6059e+00   0.0000e+00   0.0000e+00   2.8600e+02
20251212_09:00:00   2.9962e-01   7.6755e+01   5.5248e+00   0.0000e+00   0.0000e+00   2.8680e+02
20251212_10:00:00   2.9655e-01   7.6096e+01   5.4575e+00   0.0000e+00   0.0000e+00   2.8608e+02
20251212_11:00:00   2.9424e-01   7.5588e+01   5.4052e+00   0.0000e+00   0.0000e+00   2.8502e+02
20251212_12:00:00   2.9024e-01   7.4714e+01   5.3152e+00   0.0000e+00   0.0000e+00   2.8616e+02
20251212_13:00:00   2.8823e-01   7.4239e+01   5.2694e+00   0.0000e+00   0.0000e+00   2.8754e+02
20251212_14:00:00   2.8524e-01   7.3575e+01   5.2080e+00   0.0000e+00   0.0000e+00   2.8901e+02
20251212_15:00:00   2.8178e-01   7.2817e+01   5.1385e+00   0.0000e+00   0.0000e+00   2.8996e+02
20251212_16:00:00   2.7719e-01   7.1837e+01   5.0454e+00   0.0000e+00   0.0000e+00   2.9032e+02
20251212_17:00:00   2.7705e-01   7.1859e+01   5.0357e+00   0.0000e+00   0.0000e+00   2.9002e+02
20251212_18:00:00   2.8561e-01   7.3779e+01   5.1776e+00   0.0000e+00   0.0000e+00   2.8912e+02
20251212_19:00:00   2.8890e-01   7.4593e+01   5.2359e+00   0.0000e+00   0.0000e+00   2.8773e+02
20251212_20:00:00   2.9446e-01   7.5868e+01   5.3410e+00   0.0000e+00   0.0000e+00   2.8810e+02
20251212_21:00:00   2.9785e-01   7.6672e+01   5.4149e+00   0.0000e+00   0.0000e+00   2.8636e+02
20251212_22:00:00   3.0426e-01   7.8053e+01   5.5393e+00   0.0000e+00   0.0000e+00   2.8520e+02
20251212_23:00:00   3.1104e-01   7.9473e+01   5.6583e+00   0.0000e+00   0.0000e+00   2.8762e+02
20251213_00:00:00   3.1330e-01   7.9885e+01   5.6994e+00   0.0000e+00   0.0000e+00   2.8725e+02
20251213_01:00:00   3.1429e-01   8.0048e+01   5.7101e+00   0.0000e+00   0.0000e+00   2.8830e+02
20251213_02:00:00   3.1502e-01   8.0136e+01   5.7137e+00   0.0000e+00   0.0000e+00   2.8772e+02
20251213_03:00:00   3.1657e-01   8.0382e+01   5.7350e+00   0.0000e+00   0.0000e+00   2.8615e+02
20251213_04:00:00   3.1681e-01   8.0366e+01   5.7346e+00   0.0000e+00   0.0000e+00   2.8266e+02
20251213_05:00:00   3.1373e-01   7.9677e+01   5.6735e+00   0.0000e+00   0.0000e+00   2.8152e+02
20251213_06:00:00   3.1005e-01   7.8896e+01   5.6025e+00   0.0000e+00   0.0000e+00   2.8305e+02
20251213_07:00:00   3.0539e-01   7.7881e+01   5.5157e+00   0.0000e+00   0.0000e+00   2.8400e+02
20251213_08:00:00   2.9898e-01   7.6524e+01   5.3939e+00   0.0000e+00   0.0000e+00   2.8598e+02
20251213_09:00:00   2.9391e-01   7.5405e+01   5.3083e+00   0.0000e+00   0.0000e+00   2.8563e+02
20251213_10:00:00   2.8995e-01   7.4521e+01   5.2452e+00   0.0000e+00   0.0000e+00   2.8500e+02
20251213_11:00:00   2.8985e-01   7.4402e+01   5.2635e+00   0.0000e+00   5.1380e-06   2.8362e+02
20251213_12:00:00   2.9069e-01   7.4511e+01   5.2892e+00   0.0000e+00   0.0000e+00   2.8054e+02
20251213_13:00:00   2.9076e-01   7.4445e+01   5.3042e+00   0.0000e+00   0.0000e+00   2.7952e+02
20251213_14:00:00   2.8295e-01   7.2793e+01   5.1680e+00   0.0000e+00   0.0000e+00   2.7938e+02
20251213_15:00:00   2.7499e-01   7.1101e+01   5.0225e+00   0.0000e+00   0.0000e+00   2.7872e+02
20251213_16:00:00   2.7760e-01   7.1476e+01   5.1153e+00   0.0000e+00   7.4840e-07   2.7950e+02
20251213_17:00:00   2.8581e-01   7.3070e+01   5.3035e+00   0.0000e+00   4.0345e-04   2.7798e+02
20251213_18:00:00   2.9689e-01   7.5371e+01   5.5217e+00   0.0000e+00   2.6140e-03   2.8098e+02
20251213_19:00:00   3.0366e-01   7.6828e+01   5.6550e+00   0.0000e+00   3.2846e-03   2.8344e+02
20251213_20:00:00   3.0770e-01   7.7716e+01   5.7383e+00   0.0000e+00   9.1281e-03   2.8282e+02
20251213_21:00:00   3.1017e-01   7.8282e+01   5.7806e+00   0.0000e+00   2.0850e-02   2.8220e+02
20251213_22:00:00   3.1743e-01   7.9839e+01   5.9014e+00   0.0000e+00   2.8338e-02   2.8080e+02
20251213_23:00:00   3.3333e-01   8.3041e+01   6.1949e+00   0.0000e+00   1.5366e-02   2.7721e+02
20251214_00:00:00   3.5470e-01   8.7048e+01   6.6249e+00   0.0000e+00   2.6181e-02   2.7662e+02
20251214_01:00:00   3.7608e-01   9.0843e+01   7.0745e+00   0.0000e+00   2.2276e-02   2.7657e+02
20251214_02:00:00   3.9906e-01   9.4844e+01   7.5222e+00   0.0000e+00   3.4202e-02   2.7640e+02
20251214_03:00:00   4.3571e-01   1.0087e+02   8.3607e+00   0.0000e+00   3.4116e-02   2.7675e+02
20251214_04:00:00   4.8051e-01   1.0799e+02   9.2929e+00   0.0000e+00   8.5511e-02   2.7949e+02
20251214_05:00:00   4.7543e-01   1.0697e+02   9.2295e+00   0.0000e+00   7.9039e-02   2.7915e+02
20251214_06:00:00   4.5117e-01   1.0282e+02   8.7479e+00   0.0000e+00   9.4708e-02   2.7630e+02
20251214_07:00:00   4.1535e-01   9.6677e+01   8.0594e+00   0.0000e+00   1.9443e-02   2.7402e+02
20251214_08:00:00   3.7895e-01   9.0276e+01   7.3022e+00   0.0000e+00   1.2796e-03   2.7348e+02
20251214_09:00:00   3.5928e-01   8.6635e+01   6.8882e+00   0.0000e+00   7.2956e-04   2.7505e+02
20251214_10:00:00   3.3096e-01   8.1430e+01   6.2714e+00   0.0000e+00   1.1613e-05   2.7817e+02
20251214_11:00:00   3.0374e-01   7.6363e+01   5.6410e+00   0.0000e+00   0.0000e+00   2.8066e+02
20251214_12:00:00   2.8189e-01   7.2178e+01   5.1203e+00   0.0000e+00   0.0000e+00   2.8214e+02
20251214_13:00:00   2.7303e-01   7.0444e+01   4.8998e+00   0.0000e+00   0.0000e+00   2.8291e+02
20251214_14:00:00   2.6886e-01   6.9568e+01   4.8053e+00   0.0000e+00   0.0000e+00   2.8476e+02
20251214_15:00:00   2.6517e-01   6.8755e+01   4.7335e+00   0.0000e+00   0.0000e+00   2.8127e+02
20251214_16:00:00   2.6582e-01   6.8849e+01   4.7464e+00   0.0000e+00   0.0000e+00   2.8121e+02
20251214_17:00:00   2.6989e-01   6.9729e+01   4.8108e+00   0.0000e+00   0.0000e+00   2.8169e+02
20251214_18:00:00   2.7502e-01   7.0915e+01   4.9033e+00   0.0000e+00   0.0000e+00   2.8088e+02
20251214_19:00:00   2.7933e-01   7.1839e+01   5.0126e+00   0.0000e+00   0.0000e+00   2.8090e+02
20251214_20:00:00   2.7956e-01   7.1945e+01   5.0453e+00   0.0000e+00   0.0000e+00   2.8007e+02
20251214_21:00:00   2.8263e-01   7.2631e+01   5.1294e+00   0.0000e+00   0.0000e+00   2.8061e+02
20251214_22:00:00   2.8904e-01   7.3998e+01   5.2692e+00   0.0000e+00   0.0000e+00   2.7762e+02
20251214_23:00:00   3.0638e-01   7.7500e+01   5.6150e+00   0.0000e+00   0.0000e+00   2.7532e+02
20251215_00:00:00   3.1468e-01   7.9136e+01   5.7813e+00   0.0000e+00   5.3000e-05   2.7278e+02
20251215_03:00:00   3.5180e-01   8.6186e+01   6.4739e+00   0.0000e+00   0.0000e+00   2.7305e+02
20251215_06:00:00   3.5330e-01   8.6219e+01   6.5580e+00   0.0000e+00   5.9891e-04   2.7680e+02
20251215_09:00:00   3.6212e-01   8.7307e+01   6.8923e+00   0.0000e+00   1.3367e-03   2.7572e+02
20251215_12:00:00   3.5667e-01   8.5993e+01   6.8612e+00   0.0000e+00   0.0000e+00   2.7328e+02
20251215_15:00:00   3.1244e-01   7.7724e+01   5.9380e+00   0.0000e+00   0.0000e+00   2.7172e+02
20251215_18:00:00   2.9703e-01   7.4937e+01   5.6112e+00   0.0000e+00   0.0000e+00   2.6936e+02
20251215_21:00:00   3.1548e-01   7.8730e+01   6.1046e+00   0.0000e+00   4.4867e-04   2.6623e+02
20251216_00:00:00   4.5843e-01   1.0393e+02   9.2238e+00   0.0000e+00   9.7257e-02   2.6585e+02
20251216_03:00:00   5.5888e-01   1.1983e+02   1.1118e+01   0.0000e+00   7.9003e-02   2.7213e+02
20251216_06:00:00   5.1132e-01   1.1260e+02   1.0050e+01   0.0000e+00   1.3275e-01   2.7404e+02
20251216_09:00:00   3.0140e-01   7.6625e+01   5.4892e+00   0.0000e+00   3.8417e-04   2.7771e+02
20251216_12:00:00   2.9351e-01   7.4340e+01   5.4597e+00   0.0000e+00   6.5392e-02   2.7713e+02
20251216_15:00:00   2.8702e-01   7.1965e+01   5.5876e+00   0.0000e+00   3.2096e-02   2.8273e+02
20251216_18:00:00   2.7539e-01   6.9725e+01   5.3639e+00   0.0000e+00   7.8254e-03   2.7399e+02
20251216_21:00:00   2.7655e-01   6.9764e+01   5.5353e+00   0.0000e+00   9.8719e-03   2.7060e+02
20251217_00:00:00   3.3875e-01   8.2008e+01   6.8909e+00   0.0000e+00   5.8982e-03   2.6709e+02
20251217_03:00:00   3.7922e-01   8.9494e+01   7.7412e+00   0.0000e+00   4.0224e-03   2.6970e+02
20251217_06:00:00   3.7398e-01   8.8296e+01   7.6557e+00   0.0000e+00   3.6689e-04   2.6792e+02
20251217_09:00:00   4.2122e-01   9.6419e+01   8.6209e+00   0.0000e+00   2.6456e-03   2.6706e+02
20251217_12:00:00   4.7348e-01   1.0528e+02   9.5652e+00   0.0000e+00   8.8855e-05   2.6583e+02
20251217_15:00:00   5.2392e-01   1.1380e+02   1.0401e+01   0.0000e+00   2.8069e-03   2.6504e+02
20251217_18:00:00   5.4659e-01   1.1855e+02   1.0647e+01   0.0000e+00   6.0712e-03   2.6577e+02
20251217_21:00:00   6.1807e-01   1.3031e+02   1.1989e+01   0.0000e+00   8.6236e-04   2.6266e+02
20251218_00:00:00   6.3499e-01   1.3317e+02   1.2256e+01   0.0000e+00   5.1492e-05   2.6450e+02
20251218_03:00:00   6.0868e-01   1.2915e+02   1.1838e+01   0.0000e+00   3.4600e-05   2.6969e+02
20251218_06:00:00   6.2432e-01   1.3165e+02   1.2178e+01   0.0000e+00   1.5069e-03   2.7084e+02
20251218_09:00:00   6.2525e-01   1.3220e+02   1.2031e+01   0.0000e+00   6.3978e-03   2.7060e+02
20251218_12:00:00   5.6916e-01   1.2463e+02   1.0675e+01   0.0000e+00   3.2203e-03   2.7044e+02
20251218_15:00:00   5.0085e-01   1.1415e+02   9.2814e+00   0.0000e+00   8.7147e-04   2.7074e+02
20251218_18:00:00   4.7700e-01   1.1048e+02   8.7844e+00   0.0000e+00   1.0612e-03   2.7309e+02
20251218_21:00:00   4.8560e-01   1.1261e+02   8.9844e+00   0.0000e+00   0.0000e+00   2.7220e+02
20251219_00:00:00   4.9967e-01   1.1510e+02   9.3061e+00   0.0000e+00   2.0000e-05   2.7018e+02
20251219_03:00:00   4.9894e-01   1.1439e+02   9.4897e+00   0.0000e+00   1.7996e-03   2.6780e+02
20251219_06:00:00   4.7223e-01   1.0960e+02   9.0649e+00   0.0000e+00   4.4895e-03   2.6451e+02
20251219_09:00:00   4.5577e-01   1.0599e+02   8.9607e+00   0.0000e+00   1.4237e-03   2.6445e+02
20251219_12:00:00   4.0862e-01   9.7125e+01   8.1323e+00   0.0000e+00   4.7694e-04   2.6444e+02
20251219_15:00:00   3.2017e-01   8.0358e+01   6.3387e+00   0.0000e+00   5.0276e-04   2.6164e+02
20251219_18:00:00   3.0057e-01   7.6643e+01   5.9267e+00   0.0000e+00   4.3492e-04   2.6125e+02
20251219_21:00:00   3.0408e-01   7.7593e+01   6.0395e+00   0.0000e+00   2.1272e-02   2.5987e+02
20251220_00:00:00   3.1285e-01   7.9850e+01   6.1184e+00   0.0000e+00   3.6823e-03   2.5928e+02
20251220_03:00:00   3.0410e-01   7.8065e+01   5.8597e+00   0.0000e+00   1.2462e-03   2.5811e+02
20251220_06:00:00   2.8807e-01   7.4493e+01   5.5645e+00   0.0000e+00   1.3818e-03   2.5816e+02
20251220_09:00:00   3.0452e-01   7.7524e+01   5.9835e+00   0.0000e+00   1.4954e-03   2.5671e+02
20251220_12:00:00   3.3998e-01   8.4568e+01   6.6920e+00   0.0000e+00   4.0478e-03   2.5471e+02
20251220_15:00:00   3.3017e-01   8.2532e+01   6.4737e+00   0.0000e+00   5.0926e-03   2.5833e+02
20251220_18:00:00   4.1599e-01   9.8783e+01   8.1931e+00   0.0000e+00   6.8852e-03   2.5914e+02
20251220_21:00:00   4.6738e-01   1.0856e+02   9.1285e+00   0.0000e+00   6.8867e-04   2.5930e+02
20251221_00:00:00   5.1464e-01   1.1629e+02   1.0059e+01   0.0000e+00   3.5539e-03   2.5990e+02
20251221_03:00:00   3.7466e-01   9.1950e+01   6.8778e+00   0.0000e+00   1.0497e-03   2.6906e+02
20251221_06:00:00   2.8739e-01   7.4227e+01   5.2586e+00   0.0000e+00   2.8460e-03   2.7374e+02
20251221_09:00:00   2.1870e-01   5.9016e+01   4.0600e+00   0.0000e+00   4.2235e-03   2.7917e+02
20251221_12:00:00   1.8163e-01   5.0117e+01   3.4461e+00   0.0000e+00   7.6643e-03   2.8441e+02
20251221_15:00:00   2.1752e-01   5.7066e+01   4.4900e+00   0.0000e+00   7.4838e-03   2.8108e+02
20251221_18:00:00   3.3712e-01   8.1379e+01   7.0317e+00   0.0000e+00   3.3434e-03   2.8590e+02
20251221_21:00:00   4.5775e-01   1.0410e+02   9.3486e+00   0.0000e+00   6.6582e-04   2.8768e+02
20251222_00:00:00   5.6727e-01   1.2314e+02   1.1220e+01   0.0000e+00   2.6784e-04   2.9028e+02
20251222_03:00:00   5.7485e-01   1.2472e+02   1.1137e+01   0.0000e+00   6.0246e-04   2.8876e+02
20251222_06:00:00   5.7508e-01   1.2477e+02   1.0961e+01   0.0000e+00   6.9858e-05   2.8358e+02
20251222_09:00:00   5.7096e-01   1.2407e+02   1.0897e+01   0.0000e+00   8.0641e-04   2.8138e+02
20251222_12:00:00   6.0027e-01   1.2812e+02   1.1471e+01   0.0000e+00   4.4822e-04   2.7767e+02
20251222_15:00:00   5.9545e-01   1.2737e+02   1.1337e+01   0.0000e+00   2.2756e-04   2.7785e+02
20251222_18:00:00   6.1948e-01   1.3121e+02   1.1882e+01   0.0000e+00   5.7680e-04   2.7479e+02
20251222_21:00:00   6.5724e-01   1.3715e+02   1.2690e+01   0.0000e+00   5.7452e-04   2.6628e+02
20251223_00:00:00   6.9822e-01   1.4305e+02   1.3405e+01   0.0000e+00   4.1095e-04   2.6146e+02
20251223_03:00:00   7.0633e-01   1.4418e+02   1.3287e+01   0.0000e+00   1.3395e-03   2.5860e+02
20251223_06:00:00   6.7959e-01   1.4066e+02   1.2667e+01   0.0000e+00   1.0488e-03   2.6028e+02
20251223_09:00:00   6.6704e-01   1.3903e+02   1.2373e+01   0.0000e+00   7.3988e-05   2.5870e+02
20251223_12:00:00   6.3712e-01   1.3491e+02   1.1807e+01   0.0000e+00   0.0000e+00   2.5541e+02
20251223_15:00:00   5.6942e-01   1.2476e+02   1.0524e+01   0.0000e+00   0.0000e+00   2.5287e+02
20251223_18:00:00   5.3597e-01   1.1970e+02   9.8493e+00   0.0000e+00   0.0000e+00   2.5279e+02
20251223_21:00:00   5.0989e-01   1.1597e+02   9.4317e+00   0.0000e+00   0.0000e+00   2.5342e+02
20251224_00:00:00   5.5645e-01   1.2346e+02   1.0215e+01   0.0000e+00   0.0000e+00   2.4882e+02
20251224_03:00:00   5.2337e-01   1.1771e+02   9.5027e+00   0.0000e+00   0.0000e+00   2.4827e+02
20251224_06:00:00   4.8421e-01   1.1092e+02   8.8034e+00   0.0000e+00   0.0000e+00   2.4786e+02
20251224_09:00:00   4.2112e-01   9.9673e+01   7.6629e+00   0.0000e+00   2.5980e-04   2.5282e+02
20251224_12:00:00   3.6709e-01   8.9307e+01   6.7373e+00   0.0000e+00   2.1575e-03   2.5487e+02
20251224_15:00:00   3.6416e-01   8.8295e+01   6.7644e+00   0.0000e+00   2.8673e-03   2.5761e+02
20251224_18:00:00   5.1685e-01   1.1370e+02   1.0150e+01   0.0000e+00   6.8568e-03   2.6191e+02
20251224_21:00:00   6.4108e-01   1.3308e+02   1.2358e+01   0.0000e+00   1.3875e-04   2.6466e+02
20251225_00:00:00   8.5632e-01   1.6108e+02   1.5951e+01   6.3760e-06   4.6167e-03   2.5911e+02
20251225_03:00:00   9.4665e-01   1.7106e+02   1.6955e+01   7.7740e-06   2.9223e-04   2.5764e+02
20251225_06:00:00   9.5332e-01   1.7140e+02   1.7002e+01   1.3444e-05   5.5060e-07   2.5707e+02
20251225_09:00:00   9.9103e-01   1.7459e+02   1.7617e+01   1.0224e-05   8.4567e-03   2.5858e+02
20251225_12:00:00   1.0153e+00   1.7695e+02   1.8012e+01   1.6196e-07   2.3529e-02   2.6136e+02
20251225_15:00:00   1.0823e+00   1.8332e+02   1.8657e+01   2.6800e-03   3.8585e-02   2.6146e+02
20251225_18:00:00   1.0366e+00   1.8019e+02   1.7334e+01   4.1840e-03   3.4936e-03   2.6304e+02
20251225_21:00:00   9.8423e-01   1.7613e+02   1.6330e+01   3.3351e-03   5.1754e-05   2.6002e+02
20251226_00:00:00   9.5057e-01   1.7293e+02   1.6184e+01   5.4917e-04   7.6599e-04   2.5731e+02
