#            date       tau255        Tb[K]      pwv[mm] lwp[kg*m^-2] iwp[kg*m^-2]       o3[DU]
20251208_00:00:00   5.7246e-01   1.2505e+02   1.0212e+01   0.0000e+00   1.4457e-03   2.9569e+02
20251208_01:00:00   5.7787e-01   1.2564e+02   1.0258e+01   0.0000e+00   2.4713e-03   2.9495e+02
20251208_02:00:00   5.8209e-01   1.2606e+02   1.0296e+01   0.0000e+00   2.3034e-03   2.8969e+02
20251208_03:00:00   5.7117e-01   1.2418e+02   1.0094e+01   0.0000e+00   1.6675e-03   2.8729e+02
20251208_04:00:00   5.5169e-01   1.2095e+02   9.7809e+00   0.0000e+00   3.0801e-03   2.8645e+02
20251208_05:00:00   5.3120e-01   1.1760e+02   9.4073e+00   0.0000e+00   2.1648e-03   2.8721e+02
20251208_06:00:00   4.9127e-01   1.1123e+02   8.5792e+00   0.0000e+00   1.2254e-03   2.8892e+02
20251208_07:00:00   5.0214e-01   1.1258e+02   8.9150e+00   0.0000e+00   9.7727e-04   2.9253e+02
20251208_08:00:00   4.8369e-01   1.0947e+02   8.6022e+00   0.0000e+00   0.0000e+00   2.9743e+02
20251208_09:00:00   4.6796e-01   1.0683e+02   8.2797e+00   0.0000e+00   0.0000e+00   2.9569e+02
20251208_10:00:00   4.4985e-01   1.0371e+02   7.9551e+00   0.0000e+00   0.0000e+00   2.9317e+02
20251208_11:00:00   4.2261e-01   9.8984e+01   7.4689e+00   0.0000e+00   0.0000e+00   2.9412e+02
20251208_12:00:00   4.0711e-01   9.6166e+01   7.1980e+00   0.0000e+00   0.0000e+00   2.9314e+02
20251208_13:00:00   3.9426e-01   9.3801e+01   6.9847e+00   0.0000e+00   0.0000e+00   2.8944e+02
20251208_14:00:00   3.8691e-01   9.2387e+01   6.8864e+00   0.0000e+00   0.0000e+00   2.8497e+02
20251208_15:00:00   3.8510e-01   9.1927e+01   6.9160e+00   0.0000e+00   0.0000e+00   2.8476e+02
20251208_16:00:00   3.8470e-01   9.1791e+01   6.9809e+00   0.0000e+00   0.0000e+00   2.8637e+02
20251208_17:00:00   3.8969e-01   9.2718e+01   7.1411e+00   0.0000e+00   0.0000e+00   2.8963e+02
20251208_18:00:00   3.8811e-01   9.2679e+01   7.0988e+00   0.0000e+00   0.0000e+00   2.9012e+02
20251208_19:00:00   3.9428e-01   9.3961e+01   7.2301e+00   0.0000e+00   0.0000e+00   2.9207e+02
20251208_20:00:00   3.9707e-01   9.4582e+01   7.3362e+00   1.7382e-05   0.0000e+00   2.9264e+02
20251208_21:00:00   3.7988e-01   9.1720e+01   6.9779e+00   4.4980e-05   0.0000e+00   2.9128e+02
20251208_22:00:00   3.7834e-01   9.1693e+01   6.9310e+00   0.0000e+00   0.0000e+00   2.8972e+02
20251208_23:00:00   3.9129e-01   9.4152e+01   7.2013e+00   0.0000e+00   4.1897e-03   2.8778e+02
20251209_00:00:00   4.0750e-01   9.6975e+01   7.5619e+00   0.0000e+00   1.5648e-03   2.8609e+02
20251209_01:00:00   4.1493e-01   9.8243e+01   7.7475e+00   0.0000e+00   1.4968e-06   2.8369e+02
20251209_02:00:00   4.2193e-01   9.9342e+01   7.9611e+00   0.0000e+00   0.0000e+00   2.8246e+02
20251209_03:00:00   4.3022e-01   1.0067e+02   8.1634e+00   0.0000e+00   0.0000e+00   2.8688e+02
20251209_04:00:00   4.1750e-01   9.8418e+01   7.9633e+00   0.0000e+00   1.0224e-06   2.9298e+02
20251209_05:00:00   4.1161e-01   9.7223e+01   7.9385e+00   0.0000e+00   7.0560e-05   2.9681e+02
20251209_06:00:00   4.0099e-01   9.5230e+01   7.7872e+00   0.0000e+00   6.2196e-04   2.9716e+02
20251209_07:00:00   3.9231e-01   9.3567e+01   7.6710e+00   0.0000e+00   1.9781e-03   2.9287e+02
20251209_08:00:00   3.8153e-01   9.1575e+01   7.4663e+00   0.0000e+00   1.5441e-04   2.8800e+02
20251209_09:00:00   3.7804e-01   9.0806e+01   7.4263e+00   0.0000e+00   3.2263e-04   2.8621e+02
20251209_10:00:00   3.8545e-01   9.2039e+01   7.6377e+00   0.0000e+00   1.4514e-03   2.8436e+02
20251209_11:00:00   4.0021e-01   9.4562e+01   7.9551e+00   0.0000e+00   9.0540e-06   2.8257e+02
20251209_12:00:00   4.0824e-01   9.5964e+01   8.1225e+00   0.0000e+00   0.0000e+00   2.8202e+02
20251209_13:00:00   3.7451e-01   8.9938e+01   7.4016e+00   0.0000e+00   0.0000e+00   2.8359e+02
20251209_14:00:00   3.5663e-01   8.6587e+01   7.0451e+00   0.0000e+00   0.0000e+00   2.8124e+02
20251209_15:00:00   3.6829e-01   8.8737e+01   7.3099e+00   0.0000e+00   2.5040e-05   2.7926e+02
20251209_16:00:00   3.8829e-01   9.2482e+01   7.7144e+00   0.0000e+00   4.1100e-05   2.7761e+02
20251209_17:00:00   4.1919e-01   9.8362e+01   8.2319e+00   0.0000e+00   7.7220e-06   2.7801e+02
20251209_18:00:00   4.3513e-01   1.0155e+02   8.4917e+00   0.0000e+00   0.0000e+00   2.8062e+02
20251209_19:00:00   4.3124e-01   1.0116e+02   8.3714e+00   0.0000e+00   2.0440e-06   2.8169e+02
20251209_20:00:00   4.1538e-01   9.8602e+01   8.0464e+00   0.0000e+00   2.4535e-05   2.8160e+02
20251209_21:00:00   3.8834e-01   9.3882e+01   7.4999e+00   0.0000e+00   3.5620e-04   2.8214e+02
20251209_22:00:00   3.7869e-01   9.2227e+01   7.2821e+00   0.0000e+00   1.3564e-03   2.8245e+02
20251209_23:00:00   3.7354e-01   9.1379e+01   7.1227e+00   0.0000e+00   2.0519e-03   2.8433e+02
20251210_00:00:00   3.5793e-01   8.8397e+01   6.7896e+00   0.0000e+00   2.4582e-03   2.8394e+02
20251210_01:00:00   3.4211e-01   8.5348e+01   6.4286e+00   0.0000e+00   4.2606e-03   2.8366e+02
20251210_02:00:00   3.2986e-01   8.2937e+01   6.1483e+00   0.0000e+00   7.0684e-03   2.8637e+02
20251210_03:00:00   3.2362e-01   8.1718e+01   5.9962e+00   0.0000e+00   7.1717e-03   2.8713e+02
20251210_04:00:00   3.2816e-01   8.2576e+01   6.0566e+00   0.0000e+00   6.4091e-03   2.8801e+02
20251210_05:00:00   3.3332e-01   8.3587e+01   6.1149e+00   0.0000e+00   3.3402e-03   2.8908e+02
20251210_06:00:00   3.4193e-01   8.5192e+01   6.2636e+00   0.0000e+00   8.0200e-04   2.9000e+02
20251210_07:00:00   3.4847e-01   8.6368e+01   6.3853e+00   0.0000e+00   2.0020e-05   2.9078e+02
20251210_08:00:00   3.4727e-01   8.6081e+01   6.3508e+00   0.0000e+00   0.0000e+00   2.9077e+02
20251210_09:00:00   3.4166e-01   8.4937e+01   6.2204e+00   0.0000e+00   0.0000e+00   2.9040e+02
20251210_10:00:00   3.3801e-01   8.4168e+01   6.1403e+00   0.0000e+00   0.0000e+00   2.8902e+02
20251210_11:00:00   3.2894e-01   8.2386e+01   5.9654e+00   0.0000e+00   0.0000e+00   2.8666e+02
20251210_12:00:00   3.1677e-01   7.9985e+01   5.7247e+00   0.0000e+00   0.0000e+00   2.8490e+02
20251210_13:00:00   3.0813e-01   7.8285e+01   5.5363e+00   0.0000e+00   0.0000e+00   2.8474e+02
20251210_14:00:00   3.1176e-01   7.8983e+01   5.6116e+00   0.0000e+00   0.0000e+00   2.8859e+02
20251210_15:00:00   3.3140e-01   8.2781e+01   6.0297e+00   0.0000e+00   0.0000e+00   2.9013e+02
20251210_16:00:00   3.5540e-01   8.7380e+01   6.4988e+00   0.0000e+00   0.0000e+00   2.8927e+02
20251210_17:00:00   3.8435e-01   9.2968e+01   7.0136e+00   0.0000e+00   0.0000e+00   2.8859e+02
20251210_18:00:00   4.0093e-01   9.6259e+01   7.3230e+00   0.0000e+00   0.0000e+00   2.8816e+02
20251210_19:00:00   4.1862e-01   9.9694e+01   7.6591e+00   0.0000e+00   0.0000e+00   2.8758e+02
20251210_20:00:00   4.3707e-01   1.0315e+02   8.0365e+00   0.0000e+00   0.0000e+00   2.8622e+02
20251210_21:00:00   4.5776e-01   1.0693e+02   8.4592e+00   0.0000e+00   0.0000e+00   2.8515e+02
20251210_22:00:00   4.9166e-01   1.1280e+02   9.1025e+00   0.0000e+00   0.0000e+00   2.8573e+02
20251210_23:00:00   5.3380e-01   1.1979e+02   9.8539e+00   0.0000e+00   0.0000e+00   2.8672e+02
20251211_00:00:00   5.5603e-01   1.2331e+02   1.0260e+01   0.0000e+00   0.0000e+00   2.8859e+02
20251211_01:00:00   5.6348e-01   1.2440e+02   1.0432e+01   0.0000e+00   0.0000e+00   2.9060e+02
20251211_02:00:00   5.5969e-01   1.2377e+02   1.0394e+01   0.0000e+00   0.0000e+00   2.9145e+02
20251211_03:00:00   5.4786e-01   1.2186e+02   1.0196e+01   0.0000e+00   0.0000e+00   2.8945e+02
20251211_04:00:00   5.3366e-01   1.1958e+02   9.9316e+00   0.0000e+00   0.0000e+00   2.8732e+02
20251211_05:00:00   5.1989e-01   1.1734e+02   9.6683e+00   0.0000e+00   0.0000e+00   2.8584e+02
20251211_06:00:00   5.0902e-01   1.1553e+02   9.4646e+00   0.0000e+00   0.0000e+00   2.8576e+02
20251211_07:00:00   4.9999e-01   1.1407e+02   9.2856e+00   0.0000e+00   0.0000e+00   2.8464e+02
20251211_08:00:00   4.8987e-01   1.1244e+02   9.0781e+00   0.0000e+00   0.0000e+00   2.8302e+02
20251211_09:00:00   4.7735e-01   1.1032e+02   8.8399e+00   0.0000e+00   0.0000e+00   2.7940e+02
20251211_10:00:00   4.6549e-01   1.0831e+02   8.6166e+00   0.0000e+00   0.0000e+00   2.7904e+02
20251211_11:00:00   4.5887e-01   1.0712e+02   8.4903e+00   0.0000e+00   0.0000e+00   2.8008e+02
20251211_12:00:00   4.5503e-01   1.0636e+02   8.4172e+00   0.0000e+00   0.0000e+00   2.8084e+02
20251211_13:00:00   4.5525e-01   1.0634e+02   8.4335e+00   0.0000e+00   0.0000e+00   2.8174e+02
20251211_14:00:00   4.5792e-01   1.0675e+02   8.4965e+00   0.0000e+00   0.0000e+00   2.8217e+02
20251211_15:00:00   4.6082e-01   1.0721e+02   8.5645e+00   0.0000e+00   0.0000e+00   2.8019e+02
20251211_16:00:00   4.6249e-01   1.0750e+02   8.5860e+00   0.0000e+00   0.0000e+00   2.7770e+02
20251211_17:00:00   4.6728e-01   1.0840e+02   8.6447e+00   0.0000e+00   0.0000e+00   2.7761e+02
20251211_18:00:00   4.7317e-01   1.0963e+02   8.7155e+00   0.0000e+00   0.0000e+00   2.7689e+02
20251211_19:00:00   4.7406e-01   1.0995e+02   8.7350e+00   0.0000e+00   0.0000e+00   2.7644e+02
20251211_20:00:00   4.7626e-01   1.1050e+02   8.7689e+00   0.0000e+00   0.0000e+00   2.7585e+02
20251211_21:00:00   4.7634e-01   1.1066e+02   8.7720e+00   0.0000e+00   0.0000e+00   2.7808e+02
20251211_22:00:00   4.8070e-01   1.1146e+02   8.8550e+00   0.0000e+00   0.0000e+00   2.8206e+02
20251211_23:00:00   4.8820e-01   1.1275e+02   8.9760e+00   0.0000e+00   0.0000e+00   2.8504e+02
20251212_00:00:00   4.8765e-01   1.1264e+02   8.9391e+00   0.0000e+00   0.0000e+00   2.8543e+02
20251212_01:00:00   4.8389e-01   1.1195e+02   8.8438e+00   0.0000e+00   0.0000e+00   2.8764e+02
20251212_02:00:00   4.8117e-01   1.1145e+02   8.7594e+00   0.0000e+00   0.0000e+00   2.8944e+02
20251212_03:00:00   4.7255e-01   1.0993e+02   8.5740e+00   0.0000e+00   0.0000e+00   2.8870e+02
20251212_04:00:00   4.6993e-01   1.0937e+02   8.5317e+00   0.0000e+00   0.0000e+00   2.8928e+02
20251212_05:00:00   4.7355e-01   1.0982e+02   8.6175e+00   0.0000e+00   0.0000e+00   2.8813e+02
20251212_06:00:00   4.7727e-01   1.1034e+02   8.6952e+00   0.0000e+00   0.0000e+00   2.8822e+02
20251212_07:00:00   4.7447e-01   1.0975e+02   8.6565e+00   0.0000e+00   0.0000e+00   2.8858e+02
20251212_08:00:00   4.6509e-01   1.0805e+02   8.4927e+00   0.0000e+00   0.0000e+00   2.8600e+02
20251212_09:00:00   4.5530e-01   1.0628e+02   8.3222e+00   0.0000e+00   0.0000e+00   2.8252e+02
20251212_10:00:00   4.4586e-01   1.0456e+02   8.1574e+00   0.0000e+00   0.0000e+00   2.8280e+02
20251212_11:00:00   4.3622e-01   1.0280e+02   7.9872e+00   0.0000e+00   0.0000e+00   2.8164e+02
20251212_12:00:00   4.2893e-01   1.0140e+02   7.8660e+00   0.0000e+00   0.0000e+00   2.8068e+02
20251212_13:00:00   4.1894e-01   9.9530e+01   7.7081e+00   0.0000e+00   0.0000e+00   2.8019e+02
20251212_14:00:00   4.1430e-01   9.8607e+01   7.6358e+00   0.0000e+00   0.0000e+00   2.7991e+02
20251212_15:00:00   4.0805e-01   9.7417e+01   7.5222e+00   0.0000e+00   0.0000e+00   2.7792e+02
20251212_16:00:00   4.0468e-01   9.6784e+01   7.4486e+00   0.0000e+00   0.0000e+00   2.7697e+02
20251212_17:00:00   4.0142e-01   9.6224e+01   7.3825e+00   0.0000e+00   0.0000e+00   2.7546e+02
20251212_18:00:00   4.0409e-01   9.6900e+01   7.4254e+00   0.0000e+00   0.0000e+00   2.7827e+02
20251212_19:00:00   4.0460e-01   9.7175e+01   7.4410e+00   0.0000e+00   0.0000e+00   2.8036e+02
20251212_20:00:00   4.0114e-01   9.6683e+01   7.4043e+00   0.0000e+00   0.0000e+00   2.7929e+02
20251212_21:00:00   3.9543e-01   9.5703e+01   7.3324e+00   0.0000e+00   0.0000e+00   2.7891e+02
20251212_22:00:00   3.9820e-01   9.6309e+01   7.3998e+00   0.0000e+00   0.0000e+00   2.7711e+02
20251212_23:00:00   4.1288e-01   9.9066e+01   7.6686e+00   0.0000e+00   0.0000e+00   2.7532e+02
20251213_00:00:00   4.2801e-01   1.0178e+02   7.9377e+00   0.0000e+00   0.0000e+00   2.7597e+02
20251213_03:00:00   4.6668e-01   1.0840e+02   8.5684e+00   0.0000e+00   0.0000e+00   2.8044e+02
20251213_06:00:00   4.6431e-01   1.0773e+02   8.4993e+00   0.0000e+00   0.0000e+00   2.8184e+02
20251213_09:00:00   4.4025e-01   1.0327e+02   8.0876e+00   0.0000e+00   0.0000e+00   2.8345e+02
20251213_12:00:00   4.3426e-01   1.0197e+02   7.9789e+00   0.0000e+00   0.0000e+00   2.8036e+02
20251213_15:00:00   4.2721e-01   1.0050e+02   7.8493e+00   0.0000e+00   6.6740e-07   2.7779e+02
20251213_18:00:00   4.3105e-01   1.0119e+02   7.9505e+00   0.0000e+00   7.9060e-05   2.7689e+02
20251213_21:00:00   4.2998e-01   1.0126e+02   7.9758e+00   0.0000e+00   1.0094e-02   2.7248e+02
20251214_00:00:00   4.8243e-01   1.1022e+02   8.9963e+00   0.0000e+00   5.2900e-03   2.6806e+02
20251214_03:00:00   5.1239e-01   1.1473e+02   9.4524e+00   0.0000e+00   2.6104e-02   2.6920e+02
20251214_06:00:00   4.8539e-01   1.0993e+02   8.9528e+00   0.0000e+00   1.8061e-02   2.6720e+02
20251214_09:00:00   4.4155e-01   1.0208e+02   8.2256e+00   0.0000e+00   3.7479e-03   2.6352e+02
20251214_12:00:00   4.3761e-01   1.0077e+02   8.2828e+00   0.0000e+00   1.8533e-02   2.6280e+02
20251214_15:00:00   3.8647e-01   9.2042e+01   7.1606e+00   0.0000e+00   5.2307e-03   2.6241e+02
20251214_18:00:00   3.7760e-01   9.0687e+01   6.9379e+00   0.0000e+00   1.5371e-03   2.5902e+02
20251214_21:00:00   3.5590e-01   8.6960e+01   6.5943e+00   0.0000e+00   1.1521e-04   2.5856e+02
20251215_00:00:00   4.0301e-01   9.6013e+01   7.3959e+00   0.0000e+00   2.4976e-04   2.6401e+02
20251215_03:00:00   4.5275e-01   1.0487e+02   8.0755e+00   0.0000e+00   1.1128e-04   2.6812e+02
20251215_06:00:00   4.5087e-01   1.0432e+02   8.0747e+00   0.0000e+00   3.4252e-04   2.6986e+02
20251215_09:00:00   4.2201e-01   9.9151e+01   7.5700e+00   0.0000e+00   1.8904e-04   2.7142e+02
20251215_12:00:00   3.9828e-01   9.4800e+01   7.1476e+00   0.0000e+00   1.4440e-03   2.7211e+02
20251215_15:00:00   3.9354e-01   9.3887e+01   7.0220e+00   0.0000e+00   9.7844e-04   2.7327e+02
20251215_18:00:00   4.0024e-01   9.5251e+01   7.1312e+00   0.0000e+00   7.3377e-05   2.7365e+02
20251215_21:00:00   3.9798e-01   9.5135e+01   7.1780e+00   0.0000e+00   7.4840e-07   2.7460e+02
20251216_00:00:00   4.1967e-01   9.9252e+01   7.5524e+00   0.0000e+00   0.0000e+00   2.7468e+02
20251216_03:00:00   4.2248e-01   9.9730e+01   7.4813e+00   0.0000e+00   0.0000e+00   2.7757e+02
20251216_06:00:00   4.0103e-01   9.5731e+01   7.0627e+00   0.0000e+00   0.0000e+00   2.7872e+02
20251216_09:00:00   3.9304e-01   9.3840e+01   6.9932e+00   0.0000e+00   2.2249e-04   2.7764e+02
20251216_12:00:00   3.9146e-01   9.3037e+01   7.0469e+00   0.0000e+00   7.1997e-03   2.7904e+02
20251216_15:00:00   3.7120e-01   8.9118e+01   6.7113e+00   0.0000e+00   2.6421e-04   2.8003e+02
20251216_18:00:00   3.6462e-01   8.7981e+01   6.6311e+00   0.0000e+00   0.0000e+00   2.8244e+02
20251216_21:00:00   3.5706e-01   8.6983e+01   6.5067e+00   0.0000e+00   0.0000e+00   2.8233e+02
20251217_00:00:00   3.7936e-01   9.1298e+01   6.8758e+00   0.0000e+00   0.0000e+00   2.7767e+02
20251217_03:00:00   3.3734e-01   8.3067e+01   6.1092e+00   0.0000e+00   0.0000e+00   2.8549e+02
20251217_06:00:00   3.0992e-01   7.7326e+01   5.6127e+00   0.0000e+00   0.0000e+00   2.8393e+02
20251217_09:00:00   3.1346e-01   7.7636e+01   5.7071e+00   0.0000e+00   0.0000e+00   2.8475e+02
20251217_12:00:00   2.9921e-01   7.4904e+01   5.4361e+00   0.0000e+00   0.0000e+00   2.9080e+02
20251217_15:00:00   2.3613e-01   6.2448e+01   4.0688e+00   0.0000e+00   0.0000e+00   2.8949e+02
20251217_18:00:00   2.2540e-01   6.0370e+01   3.8891e+00   0.0000e+00   0.0000e+00   2.8238e+02
20251217_21:00:00   2.4566e-01   6.4566e+01   4.4473e+00   0.0000e+00   3.1160e-05   2.8043e+02
20251218_00:00:00   2.6940e-01   6.9314e+01   4.9965e+00   0.0000e+00   0.0000e+00   2.8104e+02
20251218_03:00:00   2.4032e-01   6.3111e+01   4.4068e+00   0.0000e+00   0.0000e+00   2.8340e+02
20251218_06:00:00   2.0956e-01   5.6558e+01   3.7561e+00   0.0000e+00   0.0000e+00   2.8305e+02
20251218_09:00:00   1.8651e-01   5.1320e+01   3.3463e+00   0.0000e+00   0.0000e+00   2.8075e+02
20251218_12:00:00   1.8182e-01   5.0059e+01   3.2544e+00   0.0000e+00   0.0000e+00   2.8081e+02
20251218_15:00:00   1.8417e-01   5.0496e+01   3.3151e+00   0.0000e+00   0.0000e+00   2.8509e+02
20251218_18:00:00   1.9620e-01   5.3393e+01   3.5493e+00   0.0000e+00   0.0000e+00   2.8681e+02
20251218_21:00:00   1.9300e-01   5.2968e+01   3.4669e+00   0.0000e+00   0.0000e+00   2.8774e+02
20251219_00:00:00   2.2253e-01   5.9570e+01   4.0273e+00   0.0000e+00   0.0000e+00   2.8283e+02
20251219_03:00:00   2.5012e-01   6.5376e+01   4.4915e+00   0.0000e+00   0.0000e+00   2.8320e+02
20251219_06:00:00   2.5965e-01   6.6911e+01   4.7539e+00   0.0000e+00   1.6135e-03   2.8069e+02
20251219_09:00:00   2.5467e-01   6.5442e+01   4.7314e+00   0.0000e+00   2.0370e-03   2.7913e+02
20251219_12:00:00   2.5359e-01   6.4935e+01   4.7474e+00   0.0000e+00   8.2892e-04   2.8183e+02
20251219_15:00:00   2.5462e-01   6.5054e+01   4.7655e+00   0.0000e+00   4.1160e-04   2.8736e+02
20251219_18:00:00   2.5953e-01   6.6275e+01   4.8319e+00   0.0000e+00   2.5705e-04   2.8822e+02
20251219_21:00:00   2.7836e-01   7.0325e+01   5.2295e+00   0.0000e+00   3.0969e-04   2.8788e+02
20251220_00:00:00   2.9451e-01   7.3816e+01   5.4975e+00   0.0000e+00   8.2000e-04   2.8481e+02
20251220_03:00:00   2.8104e-01   7.0986e+01   5.2379e+00   0.0000e+00   4.1834e-03   2.8446e+02
20251220_06:00:00   2.6478e-01   6.7823e+01   4.8473e+00   0.0000e+00   1.9384e-03   2.8744e+02
20251220_09:00:00   2.5676e-01   6.6253e+01   4.6527e+00   0.0000e+00   0.0000e+00   2.8994e+02
20251220_12:00:00   2.5301e-01   6.5379e+01   4.5800e+00   0.0000e+00   0.0000e+00   2.8722e+02
20251220_15:00:00   2.5435e-01   6.5586e+01   4.5937e+00   0.0000e+00   0.0000e+00   2.8358e+02
20251220_18:00:00   2.6835e-01   6.8802e+01   4.8511e+00   0.0000e+00   0.0000e+00   2.8343e+02
20251220_21:00:00   2.9296e-01   7.4137e+01   5.3532e+00   0.0000e+00   0.0000e+00   2.8295e+02
20251221_00:00:00   2.8271e-01   7.2418e+01   5.1134e+00   0.0000e+00   0.0000e+00   2.8178e+02
20251221_03:00:00   2.5612e-01   6.6875e+01   4.6149e+00   0.0000e+00   0.0000e+00   2.7997e+02
20251221_06:00:00   2.5222e-01   6.6069e+01   4.5308e+00   0.0000e+00   0.0000e+00   2.7669e+02
20251221_09:00:00   2.5443e-01   6.6421e+01   4.6043e+00   0.0000e+00   1.4910e-03   2.7863e+02
20251221_12:00:00   2.3937e-01   6.3162e+01   4.3661e+00   0.0000e+00   1.2130e-04   2.7763e+02
20251221_15:00:00   2.2099e-01   5.9158e+01   4.0581e+00   0.0000e+00   0.0000e+00   2.7686e+02
20251221_18:00:00   2.1535e-01   5.8246e+01   3.8783e+00   0.0000e+00   0.0000e+00   2.7472e+02
20251221_21:00:00   2.4412e-01   6.4412e+01   4.6252e+00   0.0000e+00   0.0000e+00   2.7547e+02
20251222_00:00:00   2.6102e-01   6.8012e+01   5.0244e+00   0.0000e+00   0.0000e+00   2.7643e+02
20251222_03:00:00   3.0352e-01   7.6529e+01   5.9974e+00   0.0000e+00   0.0000e+00   2.7652e+02
20251222_06:00:00   3.3580e-01   8.2717e+01   6.7112e+00   0.0000e+00   1.0224e-06   2.7863e+02
20251222_09:00:00   3.6385e-01   8.7947e+01   7.3527e+00   0.0000e+00   2.1587e-04   2.8080e+02
20251222_12:00:00   3.9747e-01   9.4063e+01   8.1359e+00   0.0000e+00   0.0000e+00   2.8100e+02
20251222_15:00:00   4.4419e-01   1.0191e+02   9.1713e+00   0.0000e+00   2.1643e-03   2.8214e+02
20251222_18:00:00   5.0827e-01   1.1300e+02   1.0408e+01   0.0000e+00   1.2576e-03   2.8470e+02
20251222_21:00:00   5.3016e-01   1.1737e+02   1.0677e+01   0.0000e+00   1.3552e-04   2.8163e+02
20251223_00:00:00   5.7854e-01   1.2542e+02   1.1452e+01   0.0000e+00   9.2680e-05   2.7977e+02
20251223_03:00:00   6.2967e-01   1.3325e+02   1.2341e+01   0.0000e+00   7.1572e-06   2.8080e+02
20251223_06:00:00   7.7447e-01   1.5271e+02   1.5041e+01   0.0000e+00   4.2000e-04   2.7997e+02
20251223_09:00:00   8.4691e-01   1.6161e+02   1.6270e+01   0.0000e+00   6.0482e-04   2.7799e+02
20251223_12:00:00   9.1051e-01   1.6910e+02   1.7395e+01   0.0000e+00   3.6280e-04   2.7515e+02
20251223_15:00:00   9.1110e-01   1.7000e+02   1.7075e+01   0.0000e+00   1.6382e-04   2.7407e+02
20251223_18:00:00   8.5130e-01   1.6445e+02   1.5553e+01   0.0000e+00   2.2197e-03   2.7567e+02
20251223_21:00:00   8.6754e-01   1.6719e+02   1.5866e+01   0.0000e+00   3.4037e-04   2.7311e+02
20251224_00:00:00   8.9153e-01   1.7019e+02   1.6242e+01   0.0000e+00   1.0198e-05   2.7134e+02
