#            date       tau255        Tb[K]      pwv[mm] lwp[kg*m^-2] iwp[kg*m^-2]       o3[DU]
20251212_00:00:00   5.1371e-01   1.1716e+02   9.1747e+00   0.0000e+00   0.0000e+00   2.7795e+02
20251212_01:00:00   4.8838e-01   1.1253e+02   8.8015e+00   0.0000e+00   0.0000e+00   2.7971e+02
20251212_02:00:00   4.5778e-01   1.0709e+02   8.2822e+00   0.0000e+00   0.0000e+00   2.8101e+02
20251212_03:00:00   4.2154e-01   1.0049e+02   7.6502e+00   0.0000e+00   0.0000e+00   2.8327e+02
20251212_04:00:00   3.9686e-01   9.5915e+01   7.2078e+00   0.0000e+00   0.0000e+00   2.8520e+02
20251212_05:00:00   3.7164e-01   9.1116e+01   6.7536e+00   0.0000e+00   0.0000e+00   2.8507e+02
20251212_06:00:00   3.5303e-01   8.7473e+01   6.4139e+00   0.0000e+00   0.0000e+00   2.8441e+02
20251212_07:00:00   3.3775e-01   8.4419e+01   6.1351e+00   0.0000e+00   0.0000e+00   2.8434e+02
20251212_08:00:00   3.2510e-01   8.1827e+01   5.9125e+00   0.0000e+00   0.0000e+00   2.8475e+02
20251212_09:00:00   3.1063e-01   7.8856e+01   5.6578e+00   0.0000e+00   0.0000e+00   2.8755e+02
20251212_10:00:00   3.0326e-01   7.7310e+01   5.5315e+00   0.0000e+00   0.0000e+00   2.9046e+02
20251212_11:00:00   2.9724e-01   7.6039e+01   5.4232e+00   0.0000e+00   0.0000e+00   2.9102e+02
20251212_12:00:00   2.9032e-01   7.4589e+01   5.2948e+00   0.0000e+00   0.0000e+00   2.9284e+02
20251212_13:00:00   2.8559e-01   7.3561e+01   5.1987e+00   0.0000e+00   0.0000e+00   2.9259e+02
20251212_14:00:00   2.7729e-01   7.1790e+01   5.0465e+00   0.0000e+00   0.0000e+00   2.8970e+02
20251212_15:00:00   2.6688e-01   6.9561e+01   4.8463e+00   0.0000e+00   0.0000e+00   2.8848e+02
20251212_16:00:00   2.6393e-01   6.8961e+01   4.7782e+00   0.0000e+00   0.0000e+00   2.8809e+02
20251212_17:00:00   2.7075e-01   7.0537e+01   4.8775e+00   0.0000e+00   0.0000e+00   2.8698e+02
20251212_18:00:00   2.7556e-01   7.1711e+01   4.9627e+00   0.0000e+00   0.0000e+00   2.8693e+02
20251212_19:00:00   2.7205e-01   7.1076e+01   4.9179e+00   0.0000e+00   0.0000e+00   2.8332e+02
20251212_20:00:00   2.7216e-01   7.1213e+01   4.9345e+00   0.0000e+00   0.0000e+00   2.8300e+02
20251212_21:00:00   2.7400e-01   7.1684e+01   4.9822e+00   0.0000e+00   0.0000e+00   2.8414e+02
20251212_22:00:00   2.7731e-01   7.2450e+01   5.0455e+00   0.0000e+00   0.0000e+00   2.8550e+02
20251212_23:00:00   2.7970e-01   7.2949e+01   5.0908e+00   0.0000e+00   0.0000e+00   2.8824e+02
20251213_00:00:00   2.7601e-01   7.2122e+01   5.0213e+00   0.0000e+00   0.0000e+00   2.8939e+02
20251213_01:00:00   2.7147e-01   7.1087e+01   4.9321e+00   0.0000e+00   0.0000e+00   2.8705e+02
20251213_02:00:00   2.7183e-01   7.1110e+01   4.9225e+00   0.0000e+00   0.0000e+00   2.8524e+02
20251213_03:00:00   2.7137e-01   7.0957e+01   4.8992e+00   0.0000e+00   0.0000e+00   2.8512e+02
20251213_04:00:00   2.6896e-01   7.0389e+01   4.8442e+00   0.0000e+00   0.0000e+00   2.8406e+02
20251213_05:00:00   2.6640e-01   6.9765e+01   4.7988e+00   0.0000e+00   0.0000e+00   2.8326e+02
20251213_06:00:00   2.6263e-01   6.8891e+01   4.7366e+00   0.0000e+00   0.0000e+00   2.8444e+02
20251213_07:00:00   2.5862e-01   6.7956e+01   4.6723e+00   0.0000e+00   0.0000e+00   2.8691e+02
20251213_08:00:00   2.5487e-01   6.7084e+01   4.6119e+00   0.0000e+00   0.0000e+00   2.8838e+02
20251213_09:00:00   2.5255e-01   6.6539e+01   4.5746e+00   0.0000e+00   0.0000e+00   2.8520e+02
20251213_10:00:00   2.5290e-01   6.6574e+01   4.5908e+00   0.0000e+00   0.0000e+00   2.8370e+02
20251213_11:00:00   2.5255e-01   6.6452e+01   4.5900e+00   0.0000e+00   0.0000e+00   2.8835e+02
20251213_12:00:00   2.5294e-01   6.6482e+01   4.6050e+00   0.0000e+00   0.0000e+00   2.9383e+02
20251213_13:00:00   2.5348e-01   6.6555e+01   4.6175e+00   0.0000e+00   0.0000e+00   2.9527e+02
20251213_14:00:00   2.5423e-01   6.6684e+01   4.6327e+00   0.0000e+00   0.0000e+00   2.9369e+02
20251213_15:00:00   2.5490e-01   6.6784e+01   4.6492e+00   0.0000e+00   0.0000e+00   2.8962e+02
20251213_16:00:00   2.5690e-01   6.7195e+01   4.6885e+00   0.0000e+00   0.0000e+00   2.8601e+02
20251213_17:00:00   2.6155e-01   6.8246e+01   4.7738e+00   0.0000e+00   0.0000e+00   2.8577e+02
20251213_18:00:00   2.7384e-01   7.0972e+01   4.9860e+00   0.0000e+00   0.0000e+00   2.8559e+02
20251213_19:00:00   2.8284e-01   7.2950e+01   5.1589e+00   0.0000e+00   0.0000e+00   2.8307e+02
20251213_20:00:00   2.9142e-01   7.4804e+01   5.3380e+00   0.0000e+00   0.0000e+00   2.8116e+02
20251213_21:00:00   2.9774e-01   7.6148e+01   5.4809e+00   0.0000e+00   0.0000e+00   2.8046e+02
20251213_22:00:00   3.0718e-01   7.8078e+01   5.6824e+00   0.0000e+00   1.0224e-05   2.7942e+02
20251213_23:00:00   3.1880e-01   8.0420e+01   5.9080e+00   0.0000e+00   0.0000e+00   2.7800e+02
20251214_00:00:00   3.2971e-01   8.2510e+01   6.1333e+00   0.0000e+00   7.4840e-06   2.7815e+02
20251214_01:00:00   3.4327e-01   8.5004e+01   6.4152e+00   0.0000e+00   1.2933e-04   2.7979e+02
20251214_02:00:00   3.5795e-01   8.7674e+01   6.6960e+00   0.0000e+00   7.1099e-04   2.7961e+02
20251214_03:00:00   3.6853e-01   8.9549e+01   6.9055e+00   0.0000e+00   1.6066e-03   2.7687e+02
20251214_04:00:00   3.7352e-01   9.0402e+01   6.9987e+00   0.0000e+00   1.4356e-03   2.7603e+02
20251214_05:00:00   3.7205e-01   9.0080e+01   6.9669e+00   0.0000e+00   1.1152e-03   2.7438e+02
20251214_06:00:00   3.6719e-01   8.9097e+01   6.8836e+00   0.0000e+00   3.0503e-03   2.7375e+02
20251214_07:00:00   3.6275e-01   8.8122e+01   6.8270e+00   0.0000e+00   3.4117e-03   2.7496e+02
20251214_08:00:00   3.5304e-01   8.6261e+01   6.6261e+00   0.0000e+00   2.1420e-03   2.7798e+02
20251214_09:00:00   3.3835e-01   8.3445e+01   6.3175e+00   0.0000e+00   1.6492e-03   2.7985e+02
20251214_10:00:00   3.2596e-01   8.1017e+01   6.0582e+00   0.0000e+00   7.1084e-05   2.8127e+02
20251214_11:00:00   3.1264e-01   7.8418e+01   5.7601e+00   0.0000e+00   1.3348e-06   2.8216e+02
20251214_12:00:00   3.0204e-01   7.6328e+01   5.5166e+00   0.0000e+00   0.0000e+00   2.8280e+02
20251214_13:00:00   2.9003e-01   7.3999e+01   5.2307e+00   0.0000e+00   0.0000e+00   2.8349e+02
20251214_14:00:00   2.7978e-01   7.2002e+01   4.9818e+00   0.0000e+00   0.0000e+00   2.8231e+02
20251214_15:00:00   2.7387e-01   7.0787e+01   4.8466e+00   0.0000e+00   0.0000e+00   2.8113e+02
20251214_16:00:00   2.7097e-01   7.0166e+01   4.7841e+00   0.0000e+00   0.0000e+00   2.8023e+02
20251214_17:00:00   2.7242e-01   7.0505e+01   4.8044e+00   0.0000e+00   0.0000e+00   2.8121e+02
20251214_18:00:00   2.7607e-01   7.1372e+01   4.8595e+00   0.0000e+00   0.0000e+00   2.8335e+02
20251214_19:00:00   2.6785e-01   6.9787e+01   4.7117e+00   0.0000e+00   0.0000e+00   2.8186e+02
20251214_20:00:00   2.6736e-01   6.9754e+01   4.7270e+00   0.0000e+00   0.0000e+00   2.8165e+02
20251214_21:00:00   2.6512e-01   6.9340e+01   4.7114e+00   0.0000e+00   0.0000e+00   2.8065e+02
20251214_22:00:00   2.7151e-01   7.0699e+01   4.8635e+00   0.0000e+00   0.0000e+00   2.7919e+02
20251214_23:00:00   2.8274e-01   7.3048e+01   5.0794e+00   0.0000e+00   0.0000e+00   2.7886e+02
20251215_00:00:00   2.8989e-01   7.4544e+01   5.2004e+00   0.0000e+00   0.0000e+00   2.7748e+02
20251215_01:00:00   2.9103e-01   7.4709e+01   5.2372e+00   0.0000e+00   0.0000e+00   2.7548e+02
20251215_02:00:00   2.9384e-01   7.5233e+01   5.2993e+00   0.0000e+00   0.0000e+00   2.7494e+02
20251215_03:00:00   2.9656e-01   7.5776e+01   5.3430e+00   0.0000e+00   0.0000e+00   2.7697e+02
20251215_04:00:00   2.9710e-01   7.5843e+01   5.3592e+00   0.0000e+00   4.1423e-05   2.7788e+02
20251215_05:00:00   2.9024e-01   7.4351e+01   5.2564e+00   0.0000e+00   1.1120e-03   2.7935e+02
20251215_06:00:00   2.9239e-01   7.4602e+01   5.3586e+00   0.0000e+00   1.8130e-04   2.8122e+02
20251215_07:00:00   2.9464e-01   7.4890e+01   5.4535e+00   0.0000e+00   4.1177e-05   2.8128e+02
20251215_08:00:00   2.9320e-01   7.4497e+01   5.4514e+00   0.0000e+00   6.4120e-05   2.8099e+02
20251215_09:00:00   2.9144e-01   7.3983e+01   5.4712e+00   0.0000e+00   1.6718e-04   2.8100e+02
20251215_10:00:00   2.9414e-01   7.4341e+01   5.5890e+00   0.0000e+00   2.0440e-06   2.8027e+02
20251215_11:00:00   2.9524e-01   7.4445e+01   5.6458e+00   0.0000e+00   0.0000e+00   2.7974e+02
20251215_12:00:00   2.9230e-01   7.3811e+01   5.6078e+00   0.0000e+00   0.0000e+00   2.7966e+02
20251215_13:00:00   2.8902e-01   7.3075e+01   5.5571e+00   0.0000e+00   0.0000e+00   2.7895e+02
20251215_14:00:00   2.9363e-01   7.3823e+01   5.7142e+00   0.0000e+00   0.0000e+00   2.7760e+02
20251215_15:00:00   3.0070e-01   7.5089e+01   5.9296e+00   0.0000e+00   6.9123e-04   2.7618e+02
20251215_16:00:00   2.9575e-01   7.4093e+01   5.8431e+00   0.0000e+00   3.0777e-04   2.7497e+02
20251215_17:00:00   2.8944e-01   7.2890e+01   5.7267e+00   0.0000e+00   4.4440e-04   2.7469e+02
20251215_18:00:00   2.9318e-01   7.3897e+01   5.7521e+00   0.0000e+00   2.1560e-06   2.7330e+02
20251215_19:00:00   3.0025e-01   7.5360e+01   5.9184e+00   0.0000e+00   1.7169e-05   2.7210e+02
20251215_20:00:00   3.2023e-01   7.9175e+01   6.4206e+00   0.0000e+00   1.6644e-05   2.7101e+02
20251215_21:00:00   3.4418e-01   8.3725e+01   6.9621e+00   0.0000e+00   1.3236e-03   2.6964e+02
20251215_22:00:00   3.6906e-01   8.8361e+01   7.5009e+00   0.0000e+00   4.7823e-03   2.6775e+02
20251215_23:00:00   3.9865e-01   9.3693e+01   8.1307e+00   0.0000e+00   3.3699e-03   2.6708e+02
20251216_00:00:00   4.1634e-01   9.6678e+01   8.5159e+00   0.0000e+00   2.2037e-03   2.6748e+02
20251216_01:00:00   4.4414e-01   1.0136e+02   9.1738e+00   0.0000e+00   7.0385e-03   2.6693e+02
20251216_02:00:00   4.3062e-01   9.9353e+01   8.8535e+00   0.0000e+00   6.6260e-03   2.6816e+02
20251216_03:00:00   4.1464e-01   9.6906e+01   8.4684e+00   0.0000e+00   3.6919e-03   2.6866e+02
20251216_04:00:00   4.0991e-01   9.6114e+01   8.2523e+00   0.0000e+00   5.1678e-04   2.6755e+02
20251216_05:00:00   4.0686e-01   9.5589e+01   8.2484e+00   0.0000e+00   3.7144e-03   2.6657e+02
20251216_06:00:00   4.3869e-01   1.0065e+02   8.9684e+00   0.0000e+00   2.0449e-03   2.6567e+02
20251216_07:00:00   4.3924e-01   1.0073e+02   9.0004e+00   0.0000e+00   3.2909e-02   2.6429e+02
20251216_08:00:00   4.3598e-01   1.0030e+02   8.9153e+00   0.0000e+00   1.7093e-02   2.6426e+02
20251216_09:00:00   4.3673e-01   1.0049e+02   8.9480e+00   0.0000e+00   6.3976e-02   2.6374e+02
20251216_10:00:00   4.4406e-01   1.0191e+02   9.1352e+00   0.0000e+00   1.0657e-02   2.6419e+02
20251216_11:00:00   4.5359e-01   1.0359e+02   9.2932e+00   0.0000e+00   2.3912e-04   2.6367e+02
20251216_12:00:00   4.6941e-01   1.0633e+02   9.5842e+00   0.0000e+00   3.2617e-04   2.6492e+02
20251216_13:00:00   4.6485e-01   1.0587e+02   9.4461e+00   0.0000e+00   7.9733e-04   2.6451e+02
20251216_14:00:00   4.7770e-01   1.0805e+02   9.6734e+00   0.0000e+00   2.6249e-03   2.6472e+02
20251216_15:00:00   4.8643e-01   1.0962e+02   9.8722e+00   0.0000e+00   1.1150e-04   2.6337e+02
20251216_16:00:00   4.9101e-01   1.1058e+02   9.9053e+00   0.0000e+00   2.7200e-04   2.6187e+02
20251216_17:00:00   5.0075e-01   1.1246e+02   1.0044e+01   0.0000e+00   3.4200e-04   2.6047e+02
20251216_18:00:00   5.4661e-01   1.1995e+02   1.0936e+01   0.0000e+00   1.2151e-03   2.5942e+02
20251216_19:00:00   5.3548e-01   1.1852e+02   1.0690e+01   0.0000e+00   7.8100e-05   2.5897e+02
20251216_20:00:00   5.1890e-01   1.1621e+02   1.0365e+01   0.0000e+00   3.7372e-04   2.5913e+02
20251216_21:00:00   5.2041e-01   1.1675e+02   1.0331e+01   0.0000e+00   1.5110e-04   2.5835e+02
20251216_22:00:00   5.0820e-01   1.1517e+02   9.9880e+00   0.0000e+00   9.0583e-04   2.5768e+02
20251216_23:00:00   5.3643e-01   1.2000e+02   1.0402e+01   0.0000e+00   1.4464e-03   2.5843e+02
20251217_00:00:00   5.4747e-01   1.2185e+02   1.0510e+01   0.0000e+00   1.1186e-03   2.5772e+02
20251217_03:00:00   5.7153e-01   1.2573e+02   1.0554e+01   0.0000e+00   1.5694e-03   2.5766e+02
20251217_06:00:00   5.7457e-01   1.2616e+02   1.0331e+01   0.0000e+00   3.0646e-03   2.5947e+02
20251217_09:00:00   5.6418e-01   1.2404e+02   1.0159e+01   0.0000e+00   5.4585e-03   2.6060e+02
20251217_12:00:00   5.4486e-01   1.2033e+02   1.0041e+01   0.0000e+00   1.1034e-02   2.6375e+02
20251217_15:00:00   6.8945e-01   1.4108e+02   1.2969e+01   0.0000e+00   1.7864e-02   2.6711e+02
20251217_18:00:00   8.6385e-01   1.6342e+02   1.5904e+01   3.6800e-05   4.6181e-03   2.6777e+02
20251217_21:00:00   8.9155e-01   1.6710e+02   1.6459e+01   1.1034e-06   1.0200e-02   2.6840e+02
20251218_00:00:00   7.4057e-01   1.4970e+02   1.3204e+01   3.4020e-06   7.0355e-03   2.7082e+02
20251218_03:00:00   6.3488e-01   1.3482e+02   1.0902e+01   8.0980e-08   5.6097e-03   2.7354e+02
20251218_06:00:00   4.5357e-01   1.0558e+02   7.8091e+00   1.3540e-04   6.4780e-08   2.7715e+02
20251218_09:00:00   3.6369e-01   8.8609e+01   6.3892e+00   0.0000e+00   3.4980e-06   2.7839e+02
20251218_12:00:00   2.6625e-01   6.8750e+01   4.8160e+00   0.0000e+00   0.0000e+00   2.8282e+02
20251218_15:00:00   2.1790e-01   5.7779e+01   4.1017e+00   0.0000e+00   2.1540e-04   2.8533e+02
20251218_18:00:00   1.9639e-01   5.2917e+01   3.7402e+00   0.0000e+00   0.0000e+00   2.8584e+02
20251218_21:00:00   1.9154e-01   5.1662e+01   3.7777e+00   0.0000e+00   2.4440e-05   2.7957e+02
20251219_00:00:00   2.7644e-01   6.9409e+01   5.6519e+00   0.0000e+00   9.1122e-04   2.7677e+02
20251219_03:00:00   3.8229e-01   8.9795e+01   7.6409e+00   0.0000e+00   1.1924e-03   2.7491e+02
20251219_06:00:00   4.4802e-01   1.0130e+02   8.9135e+00   0.0000e+00   2.0382e-03   2.7641e+02
20251219_09:00:00   4.6593e-01   1.0381e+02   9.3748e+00   0.0000e+00   3.8906e-03   2.7716e+02
20251219_12:00:00   5.2097e-01   1.1292e+02   1.0294e+01   0.0000e+00   3.2896e-02   2.7562e+02
20251219_15:00:00   5.2809e-01   1.1480e+02   1.0057e+01   0.0000e+00   0.0000e+00   2.7932e+02
20251219_18:00:00   5.4787e-01   1.1839e+02   1.0424e+01   0.0000e+00   1.9444e-03   2.7989e+02
20251219_21:00:00   5.7709e-01   1.2353e+02   1.1030e+01   0.0000e+00   5.3646e-03   2.7721e+02
20251220_00:00:00   6.1881e-01   1.3017e+02   1.1665e+01   0.0000e+00   4.7378e-04   2.7605e+02
20251220_03:00:00   6.7874e-01   1.3822e+02   1.2648e+01   0.0000e+00   6.7820e-04   2.7734e+02
20251220_06:00:00   7.3123e-01   1.4478e+02   1.3709e+01   0.0000e+00   3.6945e-03   2.7608e+02
20251220_09:00:00   8.1856e-01   1.5530e+02   1.5235e+01   0.0000e+00   4.1186e-02   2.7647e+02
20251220_12:00:00   8.7233e-01   1.6222e+02   1.5553e+01   1.3292e-05   3.8766e-03   2.7870e+02
20251220_15:00:00   8.1649e-01   1.5647e+02   1.4036e+01   1.3701e-03   3.4910e-03   2.8217e+02
20251220_18:00:00   7.9208e-01   1.5428e+02   1.3754e+01   6.7822e-05   5.1536e-03   2.8359e+02
20251220_21:00:00   8.5519e-01   1.6233e+02   1.5145e+01   2.9818e-04   4.7778e-04   2.8494e+02
20251221_00:00:00   8.2437e-01   1.5888e+02   1.4758e+01   0.0000e+00   1.3943e-04   2.8964e+02
20251221_03:00:00   7.9813e-01   1.5512e+02   1.4247e+01   1.4748e-04   3.0600e-05   2.9247e+02
20251221_06:00:00   7.6317e-01   1.5045e+02   1.3612e+01   5.6819e-04   2.1823e-03   2.9447e+02
20251221_09:00:00   7.4746e-01   1.4817e+02   1.3447e+01   2.2741e-04   1.2072e-02   2.9770e+02
20251221_12:00:00   7.6334e-01   1.4990e+02   1.3755e+01   2.3228e-04   2.7637e-03   3.0628e+02
20251221_15:00:00   7.9746e-01   1.5388e+02   1.4436e+01   1.8788e-05   5.7379e-04   3.0870e+02
20251221_18:00:00   8.6359e-01   1.6191e+02   1.5743e+01   0.0000e+00   8.0868e-05   3.0563e+02
20251221_21:00:00   9.2859e-01   1.6972e+02   1.7028e+01   6.0336e-06   3.6138e-03   3.0383e+02
20251222_00:00:00   1.0225e+00   1.7983e+02   1.8242e+01   2.2245e-03   7.8275e-03   2.9949e+02
20251222_03:00:00   1.1243e+00   1.8906e+02   1.9295e+01   5.1817e-03   4.5843e-03   2.9832e+02
20251222_06:00:00   1.1177e+00   1.8809e+02   1.9033e+01   3.3623e-03   2.5806e-03   2.9592e+02
20251222_09:00:00   1.0667e+00   1.8328e+02   1.8002e+01   1.9852e-03   2.9124e-03   2.9822e+02
20251222_12:00:00   9.9451e-01   1.7618e+02   1.6809e+01   9.9282e-04   2.7535e-03   2.9674e+02
20251222_15:00:00   9.9048e-01   1.7532e+02   1.6832e+01   1.9972e-03   3.6299e-02   2.9653e+02
20251222_18:00:00   9.9754e-01   1.7648e+02   1.6418e+01   1.0480e-02   2.1784e-02   3.0163e+02
20251222_21:00:00   8.5439e-01   1.6182e+02   1.4572e+01   3.6567e-03   1.0844e-02   3.0098e+02
20251223_00:00:00   8.3094e-01   1.5843e+02   1.4231e+01   1.6392e-03   4.0610e-03   3.0286e+02
20251223_03:00:00   9.0274e-01   1.6572e+02   1.5197e+01   1.3422e-03   1.1022e-02   3.1400e+02
20251223_06:00:00   9.1619e-01   1.6671e+02   1.5311e+01   5.6900e-04   2.9531e-02   3.1230e+02
20251223_09:00:00   1.0390e+00   1.7862e+02   1.5711e+01   2.8979e-02   7.3895e-02   3.2125e+02
20251223_12:00:00   7.4877e-01   1.4543e+02   1.2037e+01   1.3556e-03   5.9592e-03   3.1483e+02
20251223_15:00:00   4.1988e-01   9.5665e+01   6.7105e+00   3.7259e-06   4.5358e-07   3.0758e+02
20251223_18:00:00   3.3955e-01   8.0857e+01   5.4898e+00   0.0000e+00   2.1365e-03   3.1584e+02
20251223_21:00:00   3.2505e-01   7.7762e+01   5.4263e+00   3.2400e-07   3.8514e-03   3.1439e+02
20251224_00:00:00   3.1343e-01   7.5395e+01   5.2093e+00   1.7978e-05   4.0999e-05   3.1825e+02
20251224_03:00:00   2.6154e-01   6.5226e+01   4.1360e+00   0.0000e+00   0.0000e+00   3.2535e+02
20251224_06:00:00   2.4098e-01   6.0845e+01   3.7512e+00   0.0000e+00   0.0000e+00   3.2874e+02
20251224_09:00:00   2.2220e-01   5.6978e+01   3.4137e+00   0.0000e+00   0.0000e+00   3.2683e+02
20251224_12:00:00   2.0601e-01   5.3611e+01   3.1162e+00   0.0000e+00   0.0000e+00   3.2320e+02
20251224_15:00:00   1.8480e-01   4.9081e+01   2.7446e+00   0.0000e+00   0.0000e+00   3.2036e+02
20251224_18:00:00   1.6950e-01   4.5960e+01   2.5156e+00   0.0000e+00   0.0000e+00   3.2457e+02
20251224_21:00:00   1.6120e-01   4.4294e+01   2.4397e+00   0.0000e+00   0.0000e+00   3.2795e+02
20251225_00:00:00   1.9107e-01   5.0941e+01   2.9993e+00   0.0000e+00   6.4780e-08   3.2469e+02
20251225_03:00:00   2.3272e-01   5.9603e+01   3.7549e+00   0.0000e+00   8.8421e-03   3.2513e+02
20251225_06:00:00   2.4272e-01   6.1638e+01   3.9349e+00   0.0000e+00   6.4530e-04   3.3283e+02
20251225_09:00:00   2.3578e-01   6.0116e+01   3.8333e+00   0.0000e+00   2.2040e-05   3.3779e+02
20251225_12:00:00   2.2710e-01   5.8008e+01   3.7649e+00   0.0000e+00   5.1529e-02   3.3708e+02
20251225_15:00:00   2.5101e-01   6.2575e+01   4.2970e+00   0.0000e+00   4.4665e-02   3.4026e+02
20251225_18:00:00   2.7421e-01   6.7133e+01   4.7971e+00   0.0000e+00   3.1806e-02   3.2704e+02
20251225_21:00:00   2.6885e-01   6.6367e+01   4.7175e+00   0.0000e+00   6.3843e-03   3.2659e+02
20251226_00:00:00   2.8441e-01   6.9712e+01   4.9459e+00   0.0000e+00   4.6002e-05   3.2795e+02
20251226_03:00:00   2.8672e-01   7.0284e+01   4.9254e+00   0.0000e+00   4.6037e-04   3.3566e+02
20251226_06:00:00   2.6535e-01   6.5906e+01   4.5926e+00   0.0000e+00   1.3732e-03   3.4003e+02
20251226_09:00:00   2.5227e-01   6.2947e+01   4.4584e+00   0.0000e+00   8.2767e-04   3.4746e+02
20251226_12:00:00   2.4706e-01   6.1675e+01   4.4359e+00   0.0000e+00   3.4654e-03   3.4827e+02
20251226_15:00:00   2.5569e-01   6.3202e+01   4.6488e+00   0.0000e+00   2.0719e-02   3.3697e+02
20251226_18:00:00   2.7911e-01   6.7713e+01   5.1305e+00   0.0000e+00   5.6048e-02   3.3829e+02
20251226_21:00:00   2.5618e-01   6.3281e+01   4.7271e+00   0.0000e+00   2.9812e-02   3.3979e+02
20251227_00:00:00   2.7724e-01   6.7693e+01   5.1231e+00   0.0000e+00   3.7431e-03   3.4381e+02
20251227_03:00:00   2.6083e-01   6.4803e+01   4.7066e+00   0.0000e+00   1.9381e-03   3.5839e+02
20251227_06:00:00   2.5022e-01   6.2580e+01   4.5549e+00   0.0000e+00   0.0000e+00   3.4847e+02
20251227_09:00:00   2.6554e-01   6.5778e+01   4.8916e+00   0.0000e+00   1.7526e-03   3.4187e+02
20251227_12:00:00   2.7128e-01   6.7065e+01   4.9990e+00   0.0000e+00   4.4840e-03   3.3923e+02
20251227_15:00:00   2.8169e-01   6.9411e+01   5.1871e+00   0.0000e+00   1.1821e-04   3.3513e+02
20251227_18:00:00   2.9834e-01   7.3212e+01   5.4216e+00   0.0000e+00   2.0020e-05   3.3893e+02
20251227_21:00:00   3.6855e-01   8.7574e+01   6.5249e+00   0.0000e+00   0.0000e+00   3.2776e+02
20251228_00:00:00   4.0296e-01   9.4184e+01   6.9773e+00   0.0000e+00   0.0000e+00   3.1633e+02
