#            date       tau255        Tb[K]      pwv[mm] lwp[kg*m^-2] iwp[kg*m^-2]       o3[DU]
20251204_00:00:00   5.5729e-01   1.2194e+02   1.0229e+01   0.0000e+00   6.4480e-05   2.6896e+02
20251204_01:00:00   5.5430e-01   1.2119e+02   1.0357e+01   0.0000e+00   2.1849e-03   2.6799e+02
20251204_02:00:00   5.4080e-01   1.1895e+02   1.0197e+01   0.0000e+00   6.4393e-03   2.7001e+02
20251204_03:00:00   5.0948e-01   1.1372e+02   9.6536e+00   0.0000e+00   6.2201e-03   2.7088e+02
20251204_04:00:00   5.1571e-01   1.1447e+02   9.7331e+00   0.0000e+00   1.2153e-02   2.7522e+02
20251204_05:00:00   5.0883e-01   1.1322e+02   9.4777e+00   0.0000e+00   2.4745e-02   2.7778e+02
20251204_06:00:00   4.9597e-01   1.1085e+02   9.2929e+00   0.0000e+00   1.7183e-02   2.7860e+02
20251204_07:00:00   5.1419e-01   1.1370e+02   9.5634e+00   0.0000e+00   1.5944e-02   2.8039e+02
20251204_08:00:00   5.3695e-01   1.1727e+02   9.8329e+00   0.0000e+00   6.1279e-03   2.8320e+02
20251204_09:00:00   5.7234e-01   1.2225e+02   1.0533e+01   0.0000e+00   2.2806e-02   2.8696e+02
20251204_10:00:00   5.8345e-01   1.2363e+02   1.0755e+01   0.0000e+00   9.7477e-03   2.8926e+02
20251204_11:00:00   5.8128e-01   1.2317e+02   1.0644e+01   0.0000e+00   1.0653e-02   2.8925e+02
20251204_12:00:00   5.6870e-01   1.2125e+02   1.0340e+01   0.0000e+00   1.0557e-02   2.9034e+02
20251204_13:00:00   5.5174e-01   1.1877e+02   9.8763e+00   0.0000e+00   1.0992e-02   2.9157e+02
20251204_14:00:00   5.5500e-01   1.1935e+02   9.7990e+00   0.0000e+00   1.7910e-02   2.9054e+02
20251204_15:00:00   5.7248e-01   1.2200e+02   1.0014e+01   0.0000e+00   3.1320e-02   2.9223e+02
20251204_16:00:00   5.8567e-01   1.2393e+02   1.0232e+01   0.0000e+00   4.2260e-02   2.9479e+02
20251204_17:00:00   5.9573e-01   1.2533e+02   1.0391e+01   0.0000e+00   6.4928e-02   2.9488e+02
20251204_18:00:00   5.8850e-01   1.2432e+02   1.0238e+01   0.0000e+00   3.6212e-02   2.9651e+02
20251204_19:00:00   5.7950e-01   1.2317e+02   1.0087e+01   0.0000e+00   3.1416e-02   2.9445e+02
20251204_20:00:00   5.9803e-01   1.2592e+02   1.0516e+01   0.0000e+00   4.6135e-02   2.9073e+02
20251204_21:00:00   5.9853e-01   1.2609e+02   1.0561e+01   0.0000e+00   8.2965e-02   2.9101e+02
20251204_22:00:00   6.0635e-01   1.2703e+02   1.0869e+01   0.0000e+00   7.5538e-02   2.8786e+02
20251204_23:00:00   6.0263e-01   1.2641e+02   1.0919e+01   0.0000e+00   5.2294e-02   2.8945e+02
20251205_00:00:00   6.0112e-01   1.2605e+02   1.0953e+01   0.0000e+00   7.8478e-02   2.9469e+02
20251205_01:00:00   5.9738e-01   1.2554e+02   1.0878e+01   0.0000e+00   1.1560e-01   2.9720e+02
20251205_02:00:00   6.3871e-01   1.3156e+02   1.1608e+01   0.0000e+00   1.2401e-01   3.0503e+02
20251205_03:00:00   6.7769e-01   1.3723e+02   1.2109e+01   0.0000e+00   9.6402e-02   3.1307e+02
20251205_04:00:00   6.9450e-01   1.3977e+02   1.2293e+01   0.0000e+00   4.7210e-02   3.1770e+02
20251205_05:00:00   7.5138e-01   1.4712e+02   1.3198e+01   0.0000e+00   2.6080e-02   3.1940e+02
20251205_06:00:00   7.8924e-01   1.5176e+02   1.3808e+01   0.0000e+00   3.4943e-02   3.2000e+02
20251205_07:00:00   8.1747e-01   1.5510e+02   1.4387e+01   0.0000e+00   7.0797e-02   3.2080e+02
20251205_08:00:00   8.6402e-01   1.6030e+02   1.5134e+01   0.0000e+00   8.3767e-02   3.2451e+02
20251205_09:00:00   8.6893e-01   1.6079e+02   1.5292e+01   1.7592e-05   6.1222e-02   3.2682e+02
20251205_10:00:00   8.3285e-01   1.5674e+02   1.4627e+01   0.0000e+00   7.7882e-02   3.2792e+02
20251205_11:00:00   7.5810e-01   1.4806e+02   1.3259e+01   0.0000e+00   1.0421e-01   3.2779e+02
20251205_12:00:00   7.4652e-01   1.4648e+02   1.3102e+01   0.0000e+00   4.7736e-02   3.2690e+02
20251205_13:00:00   7.4341e-01   1.4585e+02   1.3060e+01   4.2920e-06   2.4842e-02   3.2819e+02
20251205_14:00:00   7.3407e-01   1.4479e+02   1.2781e+01   0.0000e+00   7.4689e-03   3.2768e+02
20251205_15:00:00   7.3028e-01   1.4449e+02   1.2680e+01   0.0000e+00   2.6372e-04   3.3134e+02
20251205_16:00:00   7.1574e-01   1.4277e+02   1.2473e+01   0.0000e+00   3.9792e-03   3.3442e+02
20251205_17:00:00   7.0332e-01   1.4139e+02   1.2175e+01   0.0000e+00   6.8889e-04   3.3653e+02
20251205_18:00:00   6.9246e-01   1.4018e+02   1.1986e+01   0.0000e+00   3.0080e-05   3.3742e+02
20251205_19:00:00   6.9223e-01   1.4021e+02   1.1978e+01   0.0000e+00   2.0901e-04   3.3426e+02
20251205_20:00:00   6.9293e-01   1.4035e+02   1.1921e+01   0.0000e+00   1.6110e-04   3.2566e+02
20251205_21:00:00   7.0291e-01   1.4185e+02   1.2063e+01   9.5700e-04   1.8743e-03   3.1322e+02
20251205_22:00:00   7.2338e-01   1.4454e+02   1.2289e+01   3.5800e-03   7.5836e-03   3.0597e+02
20251205_23:00:00   7.0604e-01   1.4225e+02   1.2175e+01   4.2940e-04   4.7926e-03   3.0431e+02
20251206_00:00:00   7.1889e-01   1.4365e+02   1.2453e+01   0.0000e+00   1.1008e-02   3.0209e+02
20251206_01:00:00   6.5313e-01   1.3474e+02   1.1398e+01   0.0000e+00   2.4600e-03   3.0096e+02
20251206_02:00:00   5.6505e-01   1.2190e+02   9.8765e+00   0.0000e+00   9.6674e-03   2.9947e+02
20251206_03:00:00   4.8410e-01   1.0889e+02   8.4868e+00   0.0000e+00   6.9552e-03   2.9915e+02
20251206_04:00:00   4.3053e-01   9.9588e+01   7.6692e+00   0.0000e+00   1.7762e-02   2.9671e+02
20251206_05:00:00   4.1456e-01   9.6555e+01   7.4806e+00   0.0000e+00   1.0049e-01   2.9679e+02
20251206_06:00:00   4.0414e-01   9.4709e+01   7.3480e+00   0.0000e+00   2.3624e-03   2.9845e+02
20251206_07:00:00   4.0734e-01   9.5028e+01   7.4853e+00   0.0000e+00   9.9940e-04   2.9739e+02
20251206_08:00:00   3.6580e-01   8.7338e+01   6.7699e+00   0.0000e+00   1.9049e-02   2.9801e+02
20251206_09:00:00   3.2844e-01   8.0294e+01   6.0678e+00   0.0000e+00   4.6374e-04   2.9830e+02
20251206_10:00:00   2.8615e-01   7.2066e+01   5.2614e+00   0.0000e+00   7.5594e-04   3.0065e+02
20251206_11:00:00   2.8149e-01   7.1097e+01   5.2292e+00   0.0000e+00   7.5820e-05   3.0118e+02
20251206_12:00:00   2.7821e-01   7.0678e+01   5.0408e+00   0.0000e+00   0.0000e+00   3.0430e+02
20251206_13:00:00   2.5445e-01   6.5890e+01   4.5932e+00   0.0000e+00   0.0000e+00   3.0338e+02
20251206_14:00:00   2.5575e-01   6.6154e+01   4.6405e+00   0.0000e+00   0.0000e+00   3.0163e+02
20251206_15:00:00   2.7053e-01   6.9258e+01   4.9174e+00   0.0000e+00   0.0000e+00   2.9896e+02
20251206_16:00:00   2.7269e-01   6.9814e+01   4.9854e+00   0.0000e+00   0.0000e+00   2.9743e+02
20251206_17:00:00   2.8052e-01   7.1481e+01   5.1465e+00   0.0000e+00   0.0000e+00   2.9686e+02
20251206_18:00:00   2.8719e-01   7.2945e+01   5.2800e+00   0.0000e+00   0.0000e+00   2.9608e+02
20251206_19:00:00   2.9111e-01   7.3810e+01   5.3848e+00   0.0000e+00   0.0000e+00   2.9502e+02
20251206_20:00:00   3.2954e-01   8.1538e+01   6.0575e+00   0.0000e+00   0.0000e+00   2.9366e+02
20251206_21:00:00   3.4212e-01   8.3991e+01   6.3146e+00   0.0000e+00   0.0000e+00   2.9379e+02
20251206_22:00:00   3.4977e-01   8.5350e+01   6.5258e+00   0.0000e+00   0.0000e+00   2.9256e+02
20251206_23:00:00   3.4330e-01   8.3897e+01   6.5107e+00   0.0000e+00   0.0000e+00   2.9166e+02
20251207_00:00:00   3.4228e-01   8.3494e+01   6.5612e+00   0.0000e+00   0.0000e+00   2.9016e+02
20251207_01:00:00   3.4348e-01   8.3604e+01   6.6386e+00   0.0000e+00   0.0000e+00   2.8817e+02
20251207_02:00:00   3.6267e-01   8.7205e+01   7.0458e+00   0.0000e+00   0.0000e+00   2.8611e+02
20251207_03:00:00   3.9630e-01   9.3438e+01   7.7026e+00   0.0000e+00   0.0000e+00   2.8401e+02
20251207_04:00:00   3.9229e-01   9.2941e+01   7.5396e+00   0.0000e+00   0.0000e+00   2.8435e+02
20251207_05:00:00   3.9924e-01   9.4287e+01   7.6002e+00   0.0000e+00   0.0000e+00   2.8500e+02
20251207_06:00:00   4.2097e-01   9.8073e+01   7.9088e+00   0.0000e+00   0.0000e+00   2.8513e+02
20251207_07:00:00   4.3202e-01   1.0011e+02   8.0360e+00   0.0000e+00   0.0000e+00   2.8440e+02
20251207_08:00:00   4.4835e-01   1.0295e+02   8.2678e+00   0.0000e+00   0.0000e+00   2.8342e+02
20251207_09:00:00   4.6234e-01   1.0536e+02   8.4610e+00   0.0000e+00   0.0000e+00   2.8241e+02
20251207_10:00:00   4.5841e-01   1.0466e+02   8.3476e+00   0.0000e+00   0.0000e+00   2.8078e+02
20251207_11:00:00   4.4190e-01   1.0179e+02   7.9984e+00   0.0000e+00   0.0000e+00   2.7917e+02
20251207_12:00:00   4.3566e-01   1.0061e+02   7.8214e+00   0.0000e+00   0.0000e+00   2.7631e+02
20251207_13:00:00   4.3532e-01   1.0050e+02   7.8036e+00   0.0000e+00   0.0000e+00   2.7496e+02
20251207_14:00:00   4.1793e-01   9.7270e+01   7.4859e+00   0.0000e+00   0.0000e+00   2.7475e+02
20251207_15:00:00   3.8540e-01   9.1291e+01   6.9428e+00   0.0000e+00   0.0000e+00   2.7563e+02
20251207_16:00:00   3.8152e-01   9.0567e+01   6.9225e+00   0.0000e+00   0.0000e+00   2.7612e+02
20251207_17:00:00   4.0812e-01   9.5458e+01   7.4281e+00   0.0000e+00   0.0000e+00   2.7659e+02
20251207_18:00:00   4.1435e-01   9.6660e+01   7.5667e+00   0.0000e+00   0.0000e+00   2.7714e+02
20251207_19:00:00   4.0818e-01   9.5645e+01   7.5223e+00   0.0000e+00   0.0000e+00   2.7842e+02
20251207_20:00:00   4.0493e-01   9.5168e+01   7.4977e+00   0.0000e+00   0.0000e+00   2.7757e+02
20251207_21:00:00   3.9090e-01   9.2763e+01   7.2492e+00   0.0000e+00   0.0000e+00   2.7638e+02
20251207_22:00:00   3.7827e-01   9.0521e+01   7.0368e+00   0.0000e+00   0.0000e+00   2.7580e+02
20251207_23:00:00   3.7807e-01   9.0480e+01   7.0168e+00   0.0000e+00   0.0000e+00   2.7494e+02
20251208_00:00:00   3.7189e-01   8.9295e+01   6.9078e+00   0.0000e+00   0.0000e+00   2.7443e+02
20251208_01:00:00   3.7674e-01   9.0151e+01   6.9751e+00   0.0000e+00   0.0000e+00   2.7401e+02
20251208_02:00:00   3.7822e-01   9.0418e+01   6.9532e+00   0.0000e+00   0.0000e+00   2.7298e+02
20251208_03:00:00   3.7641e-01   9.0101e+01   6.8881e+00   0.0000e+00   0.0000e+00   2.7163e+02
20251208_04:00:00   3.7234e-01   8.9354e+01   6.8070e+00   0.0000e+00   0.0000e+00   2.7110e+02
20251208_05:00:00   3.6870e-01   8.8635e+01   6.7261e+00   0.0000e+00   0.0000e+00   2.7009e+02
20251208_06:00:00   3.6595e-01   8.8089e+01   6.6529e+00   0.0000e+00   0.0000e+00   2.7069e+02
20251208_07:00:00   3.6395e-01   8.7671e+01   6.6266e+00   0.0000e+00   0.0000e+00   2.7149e+02
20251208_08:00:00   3.5611e-01   8.6181e+01   6.5107e+00   0.0000e+00   0.0000e+00   2.7249e+02
20251208_09:00:00   3.4642e-01   8.4375e+01   6.3457e+00   0.0000e+00   0.0000e+00   2.7320e+02
20251208_10:00:00   3.4324e-01   8.3827e+01   6.2830e+00   0.0000e+00   0.0000e+00   2.7354e+02
20251208_11:00:00   3.4375e-01   8.4035e+01   6.2754e+00   0.0000e+00   0.0000e+00   2.7339e+02
20251208_12:00:00   3.4925e-01   8.5188e+01   6.3704e+00   0.0000e+00   0.0000e+00   2.7372e+02
20251208_13:00:00   3.5107e-01   8.5568e+01   6.4132e+00   0.0000e+00   0.0000e+00   2.7524e+02
20251208_14:00:00   3.5884e-01   8.7045e+01   6.5497e+00   0.0000e+00   0.0000e+00   2.7739e+02
20251208_15:00:00   3.6480e-01   8.8204e+01   6.6480e+00   0.0000e+00   0.0000e+00   2.7727e+02
20251208_16:00:00   3.7242e-01   8.9724e+01   6.7939e+00   0.0000e+00   0.0000e+00   2.7658e+02
20251208_17:00:00   3.7587e-01   9.0479e+01   6.8661e+00   0.0000e+00   0.0000e+00   2.7631e+02
20251208_18:00:00   3.8419e-01   9.2122e+01   7.0274e+00   0.0000e+00   0.0000e+00   2.7693e+02
20251208_19:00:00   3.9178e-01   9.3584e+01   7.2013e+00   0.0000e+00   0.0000e+00   2.7895e+02
20251208_20:00:00   3.8950e-01   9.3196e+01   7.1686e+00   0.0000e+00   0.0000e+00   2.7941e+02
20251208_21:00:00   3.8109e-01   9.1692e+01   7.0647e+00   0.0000e+00   0.0000e+00   2.7866e+02
20251208_22:00:00   3.6815e-01   8.9233e+01   6.8745e+00   0.0000e+00   0.0000e+00   2.8135e+02
20251208_23:00:00   3.6798e-01   8.9096e+01   6.9020e+00   0.0000e+00   0.0000e+00   2.8181e+02
20251209_00:00:00   3.8570e-01   9.2223e+01   7.2266e+00   0.0000e+00   0.0000e+00   2.8479e+02
20251209_03:00:00   4.0449e-01   9.5350e+01   7.6168e+00   0.0000e+00   0.0000e+00   2.8546e+02
20251209_06:00:00   4.2448e-01   9.8833e+01   7.8812e+00   0.0000e+00   0.0000e+00   2.8988e+02
20251209_09:00:00   4.1321e-01   9.6739e+01   7.5556e+00   0.0000e+00   0.0000e+00   2.9550e+02
20251209_12:00:00   3.7319e-01   8.9448e+01   6.7408e+00   0.0000e+00   0.0000e+00   3.0521e+02
20251209_15:00:00   3.2964e-01   8.1375e+01   5.8895e+00   0.0000e+00   0.0000e+00   3.0472e+02
20251209_18:00:00   2.8726e-01   7.3303e+01   5.1569e+00   0.0000e+00   0.0000e+00   2.9697e+02
20251209_21:00:00   2.7190e-01   7.0046e+01   5.0452e+00   0.0000e+00   0.0000e+00   2.9827e+02
20251210_00:00:00   2.7621e-01   7.0785e+01   5.3581e+00   0.0000e+00   0.0000e+00   2.9348e+02
20251210_03:00:00   3.3557e-01   8.2971e+01   6.7246e+00   0.0000e+00   0.0000e+00   2.8784e+02
20251210_06:00:00   3.9699e-01   9.4805e+01   8.0131e+00   0.0000e+00   1.6366e-04   2.8590e+02
20251210_09:00:00   4.2367e-01   9.9733e+01   8.5217e+00   0.0000e+00   0.0000e+00   2.8120e+02
20251210_12:00:00   4.1686e-01   9.8993e+01   8.3473e+00   0.0000e+00   0.0000e+00   2.8741e+02
20251210_15:00:00   3.8071e-01   9.2555e+01   7.6477e+00   0.0000e+00   0.0000e+00   2.9047e+02
20251210_18:00:00   3.6404e-01   8.9599e+01   7.3294e+00   0.0000e+00   0.0000e+00   2.8820e+02
20251210_21:00:00   3.7199e-01   9.1309e+01   7.5354e+00   0.0000e+00   0.0000e+00   2.8076e+02
20251211_00:00:00   3.5595e-01   8.7880e+01   7.3383e+00   0.0000e+00   0.0000e+00   2.7962e+02
20251211_03:00:00   3.4400e-01   8.5366e+01   7.0814e+00   0.0000e+00   0.0000e+00   2.8338e+02
20251211_06:00:00   4.1078e-01   9.8270e+01   8.2345e+00   0.0000e+00   0.0000e+00   2.8390e+02
20251211_09:00:00   4.0005e-01   9.6328e+01   7.7718e+00   0.0000e+00   0.0000e+00   2.8370e+02
20251211_12:00:00   3.2488e-01   8.1943e+01   6.2293e+00   0.0000e+00   0.0000e+00   2.7747e+02
20251211_15:00:00   3.2792e-01   8.2341e+01   6.2360e+00   0.0000e+00   0.0000e+00   2.7750e+02
20251211_18:00:00   3.4847e-01   8.6532e+01   6.6546e+00   0.0000e+00   0.0000e+00   2.7953e+02
20251211_21:00:00   3.4354e-01   8.5629e+01   6.5862e+00   0.0000e+00   0.0000e+00   2.7792e+02
20251212_00:00:00   3.5346e-01   8.7259e+01   6.8689e+00   0.0000e+00   8.1423e-06   2.8153e+02
20251212_03:00:00   3.7107e-01   9.0396e+01   7.2139e+00   0.0000e+00   1.1958e-04   2.8061e+02
20251212_06:00:00   3.8449e-01   9.2999e+01   7.3381e+00   0.0000e+00   9.8760e-05   2.7660e+02
20251212_09:00:00   3.8683e-01   9.3336e+01   7.3135e+00   0.0000e+00   1.6126e-03   2.7260e+02
20251212_12:00:00   3.7172e-01   9.0560e+01   7.0414e+00   0.0000e+00   4.7366e-04   2.6958e+02
20251212_15:00:00   3.3252e-01   8.3061e+01   6.2843e+00   0.0000e+00   4.6843e-04   2.7233e+02
20251212_18:00:00   2.8520e-01   7.3624e+01   5.4437e+00   0.0000e+00   2.0662e-03   2.7417e+02
20251212_21:00:00   3.2664e-01   8.2243e+01   6.2891e+00   0.0000e+00   2.4760e-04   2.7809e+02
20251213_00:00:00   3.8153e-01   9.2522e+01   7.4093e+00   0.0000e+00   0.0000e+00   2.7864e+02
20251213_03:00:00   3.7865e-01   9.1741e+01   7.3825e+00   0.0000e+00   8.0288e-03   2.7779e+02
20251213_06:00:00   4.1476e-01   9.7981e+01   8.2040e+00   0.0000e+00   1.5199e-02   2.8064e+02
20251213_09:00:00   4.8742e-01   1.1014e+02   9.7040e+00   0.0000e+00   1.4766e-03   2.8212e+02
20251213_12:00:00   4.4687e-01   1.0332e+02   8.8792e+00   0.0000e+00   4.7240e-06   2.8228e+02
20251213_15:00:00   4.4297e-01   1.0287e+02   8.7014e+00   0.0000e+00   0.0000e+00   2.8236e+02
20251213_18:00:00   4.6707e-01   1.0739e+02   9.1217e+00   0.0000e+00   0.0000e+00   2.8112e+02
20251213_21:00:00   5.3491e-01   1.1884e+02   1.0410e+01   0.0000e+00   1.3087e-02   2.7722e+02
20251214_00:00:00   4.9565e-01   1.1251e+02   9.6413e+00   0.0000e+00   5.8328e-03   2.7875e+02
20251214_03:00:00   4.8661e-01   1.1049e+02   9.5719e+00   0.0000e+00   4.2350e-03   2.7712e+02
20251214_06:00:00   5.1104e-01   1.1487e+02   9.8353e+00   0.0000e+00   3.1054e-02   2.7683e+02
20251214_09:00:00   5.0749e-01   1.1440e+02   9.7027e+00   0.0000e+00   1.4174e-02   2.7718e+02
20251214_12:00:00   6.1418e-01   1.2994e+02   1.1859e+01   0.0000e+00   1.9826e-01   2.7795e+02
20251214_15:00:00   6.7970e-01   1.3904e+02   1.2977e+01   0.0000e+00   1.8885e-01   2.7936e+02
20251214_18:00:00   6.8184e-01   1.3929e+02   1.2941e+01   0.0000e+00   2.2348e-01   2.8060e+02
20251214_21:00:00   5.3483e-01   1.1852e+02   1.0154e+01   0.0000e+00   4.1400e-05   2.8076e+02
20251215_00:00:00   4.2037e-01   9.9047e+01   8.1042e+00   0.0000e+00   2.2281e-03   2.8033e+02
20251215_03:00:00   3.6890e-01   8.9329e+01   7.1802e+00   0.0000e+00   5.1423e-02   2.7413e+02
20251215_06:00:00   3.6171e-01   8.7672e+01   7.2172e+00   0.0000e+00   4.6457e-03   2.7602e+02
20251215_09:00:00   3.6177e-01   8.7701e+01   7.2007e+00   0.0000e+00   1.1650e-04   2.7826e+02
20251215_12:00:00   3.7083e-01   8.8867e+01   7.5729e+00   0.0000e+00   6.4898e-04   2.6838e+02
20251215_15:00:00   4.0441e-01   9.4596e+01   8.3732e+00   0.0000e+00   9.5730e-03   2.5861e+02
20251215_18:00:00   4.9678e-01   1.1023e+02   1.0339e+01   0.0000e+00   1.5749e-02   2.5566e+02
20251215_21:00:00   6.4676e-01   1.3318e+02   1.3174e+01   0.0000e+00   1.2281e-02   2.5443e+02
20251216_00:00:00   7.6147e-01   1.4917e+02   1.5147e+01   0.0000e+00   1.8745e-02   2.4641e+02
20251216_03:00:00   7.7437e-01   1.5147e+02   1.5203e+01   0.0000e+00   2.3541e-03   2.4538e+02
20251216_06:00:00   7.8246e-01   1.5307e+02   1.5221e+01   0.0000e+00   2.1722e-03   2.4725e+02
20251216_09:00:00   9.0587e-01   1.6810e+02   1.7529e+01   0.0000e+00   3.4745e-03   2.4766e+02
20251216_12:00:00   9.1222e-01   1.6962e+02   1.7303e+01   0.0000e+00   2.1352e-03   2.4780e+02
20251216_15:00:00   8.6472e-01   1.6494e+02   1.6409e+01   0.0000e+00   1.8370e-03   2.5080e+02
20251216_18:00:00   7.6684e-01   1.5353e+02   1.4564e+01   0.0000e+00   1.4568e-04   2.5274e+02
20251216_21:00:00   6.6552e-01   1.4035e+02   1.2759e+01   0.0000e+00   2.0700e-06   2.5053e+02
20251217_00:00:00   6.3948e-01   1.3683e+02   1.2182e+01   0.0000e+00   1.8008e-03   2.4826e+02
20251217_03:00:00   6.7625e-01   1.4189e+02   1.2864e+01   0.0000e+00   5.8461e-04   2.4853e+02
20251217_06:00:00   6.4632e-01   1.3744e+02   1.2106e+01   0.0000e+00   1.9874e-03   2.4927e+02
20251217_09:00:00   5.5910e-01   1.2352e+02   1.0499e+01   0.0000e+00   1.6037e-03   2.5093e+02
20251217_12:00:00   5.5156e-01   1.2154e+02   1.0278e+01   0.0000e+00   5.1081e-03   2.4985e+02
20251217_15:00:00   6.1926e-01   1.3162e+02   1.1640e+01   0.0000e+00   7.9803e-03   2.4896e+02
20251217_18:00:00   7.5543e-01   1.5068e+02   1.3914e+01   0.0000e+00   4.7533e-04   2.4932e+02
20251217_21:00:00   7.4512e-01   1.4922e+02   1.3926e+01   0.0000e+00   7.3119e-03   2.4987e+02
20251218_00:00:00   9.3424e-01   1.7062e+02   1.7335e+01   0.0000e+00   6.7912e-02   2.4958e+02
20251218_03:00:00   4.3625e-01   1.0252e+02   7.8939e+00   0.0000e+00   5.3951e-02   2.5477e+02
20251218_06:00:00   3.1768e-01   7.9878e+01   5.6136e+00   0.0000e+00   7.6279e-02   2.5128e+02
20251218_09:00:00   2.2965e-01   6.1272e+01   4.0772e+00   0.0000e+00   1.1208e-02   2.4935e+02
20251218_12:00:00   1.7194e-01   4.8131e+01   3.0555e+00   0.0000e+00   2.2540e-03   2.4946e+02
20251218_15:00:00   1.7499e-01   4.8654e+01   3.1812e+00   0.0000e+00   4.7484e-04   2.5117e+02
20251218_18:00:00   1.8903e-01   5.1808e+01   3.5694e+00   0.0000e+00   4.0434e-03   2.5191e+02
20251218_21:00:00   2.0893e-01   5.6295e+01   4.0378e+00   0.0000e+00   1.1550e-02   2.5238e+02
20251219_00:00:00   2.7095e-01   6.9543e+01   5.2247e+00   0.0000e+00   5.6286e-02   2.5526e+02
20251219_03:00:00   2.9724e-01   7.4952e+01   5.5858e+00   0.0000e+00   3.7701e-02   2.5601e+02
20251219_06:00:00   3.1457e-01   7.8486e+01   5.9073e+00   0.0000e+00   1.1116e-01   2.5519e+02
20251219_09:00:00   3.6875e-01   8.9169e+01   7.0080e+00   0.0000e+00   8.5465e-02   2.5871e+02
20251219_12:00:00   4.3119e-01   1.0090e+02   8.0168e+00   0.0000e+00   1.4563e-02   2.6501e+02
20251219_15:00:00   4.2802e-01   1.0046e+02   7.8949e+00   0.0000e+00   7.0463e-03   2.6683e+02
20251219_18:00:00   4.6517e-01   1.0721e+02   8.5873e+00   0.0000e+00   9.6201e-03   2.6644e+02
20251219_21:00:00   4.5578e-01   1.0549e+02   8.7098e+00   0.0000e+00   5.4518e-02   2.6226e+02
20251220_00:00:00   3.9461e-01   9.3464e+01   7.7054e+00   0.0000e+00   1.9790e-01   2.5989e+02
