#            date       tau255        Tb[K]      pwv[mm] lwp[kg*m^-2] iwp[kg*m^-2]       o3[DU]
20251208_12:00:00   2.6264e-01   6.7324e+01   4.8255e+00   0.0000e+00   0.0000e+00   2.7336e+02
20251208_13:00:00   2.5245e-01   6.5229e+01   4.6157e+00   0.0000e+00   0.0000e+00   2.7366e+02
20251208_14:00:00   2.4039e-01   6.2656e+01   4.4048e+00   0.0000e+00   0.0000e+00   2.7239e+02
20251208_15:00:00   2.2919e-01   6.0259e+01   4.2314e+00   0.0000e+00   0.0000e+00   2.7190e+02
20251208_16:00:00   2.1795e-01   5.7815e+01   4.0787e+00   0.0000e+00   0.0000e+00   2.7182e+02
20251208_17:00:00   2.2559e-01   5.9523e+01   4.2318e+00   0.0000e+00   0.0000e+00   2.7135e+02
20251208_18:00:00   2.2927e-01   6.0329e+01   4.3356e+00   0.0000e+00   0.0000e+00   2.7221e+02
20251208_19:00:00   2.3149e-01   6.0822e+01   4.4328e+00   0.0000e+00   0.0000e+00   2.7080e+02
20251208_20:00:00   2.4919e-01   6.4623e+01   4.7970e+00   0.0000e+00   0.0000e+00   2.7402e+02
20251208_21:00:00   2.5294e-01   6.5415e+01   4.8865e+00   0.0000e+00   0.0000e+00   2.7610e+02
20251208_22:00:00   2.5420e-01   6.5682e+01   4.9153e+00   0.0000e+00   0.0000e+00   2.7696e+02
20251208_23:00:00   2.5582e-01   6.6003e+01   4.9467e+00   0.0000e+00   0.0000e+00   2.7877e+02
20251209_00:00:00   2.5296e-01   6.5332e+01   4.8983e+00   0.0000e+00   0.0000e+00   2.8034e+02
20251209_01:00:00   2.4567e-01   6.3750e+01   4.7553e+00   0.0000e+00   0.0000e+00   2.8119e+02
20251209_02:00:00   2.4005e-01   6.2532e+01   4.6402e+00   0.0000e+00   0.0000e+00   2.8153e+02
20251209_03:00:00   2.2907e-01   6.0173e+01   4.4052e+00   0.0000e+00   0.0000e+00   2.7889e+02
20251209_04:00:00   2.1602e-01   5.7288e+01   4.1537e+00   0.0000e+00   0.0000e+00   2.7924e+02
20251209_05:00:00   2.0382e-01   5.4614e+01   3.9119e+00   0.0000e+00   0.0000e+00   2.8365e+02
20251209_06:00:00   1.9679e-01   5.3055e+01   3.7672e+00   0.0000e+00   0.0000e+00   2.8898e+02
20251209_07:00:00   1.9291e-01   5.2289e+01   3.6620e+00   0.0000e+00   0.0000e+00   2.8940e+02
20251209_08:00:00   1.9668e-01   5.3186e+01   3.7047e+00   0.0000e+00   0.0000e+00   2.9242e+02
20251209_09:00:00   1.9789e-01   5.3557e+01   3.7035e+00   0.0000e+00   0.0000e+00   2.9663e+02
20251209_10:00:00   1.9383e-01   5.2802e+01   3.5928e+00   0.0000e+00   0.0000e+00   2.9849e+02
20251209_11:00:00   1.8414e-01   5.0763e+01   3.3739e+00   0.0000e+00   0.0000e+00   2.9695e+02
20251209_12:00:00   1.7651e-01   4.9146e+01   3.1807e+00   0.0000e+00   0.0000e+00   2.9448e+02
20251209_13:00:00   1.6857e-01   4.7383e+01   3.0071e+00   0.0000e+00   0.0000e+00   2.9271e+02
20251209_14:00:00   1.6334e-01   4.6204e+01   2.8969e+00   0.0000e+00   0.0000e+00   2.9136e+02
20251209_15:00:00   1.5781e-01   4.4965e+01   2.7923e+00   0.0000e+00   0.0000e+00   2.9143e+02
20251209_16:00:00   1.5440e-01   4.4175e+01   2.7382e+00   0.0000e+00   0.0000e+00   2.8954e+02
20251209_17:00:00   1.5050e-01   4.3330e+01   2.6545e+00   0.0000e+00   0.0000e+00   2.8608e+02
20251209_18:00:00   1.5001e-01   4.3276e+01   2.6541e+00   0.0000e+00   0.0000e+00   2.8506e+02
20251209_19:00:00   1.4759e-01   4.2697e+01   2.6291e+00   0.0000e+00   0.0000e+00   2.8380e+02
20251209_20:00:00   1.4165e-01   4.1329e+01   2.5221e+00   0.0000e+00   0.0000e+00   2.8163e+02
20251209_21:00:00   1.3651e-01   4.0123e+01   2.4198e+00   0.0000e+00   0.0000e+00   2.8218e+02
20251209_22:00:00   1.3485e-01   3.9727e+01   2.3861e+00   0.0000e+00   0.0000e+00   2.8425e+02
20251209_23:00:00   1.3329e-01   3.9323e+01   2.3565e+00   0.0000e+00   0.0000e+00   2.8594e+02
20251210_00:00:00   1.3036e-01   3.8555e+01   2.3149e+00   0.0000e+00   0.0000e+00   2.8681e+02
20251210_01:00:00   1.3650e-01   4.0031e+01   2.4689e+00   0.0000e+00   0.0000e+00   2.8756e+02
20251210_02:00:00   1.4489e-01   4.2050e+01   2.6753e+00   0.0000e+00   0.0000e+00   2.8509e+02
20251210_03:00:00   1.6240e-01   4.6227e+01   3.0766e+00   0.0000e+00   0.0000e+00   2.8321e+02
20251210_04:00:00   1.9061e-01   5.2829e+01   3.6892e+00   0.0000e+00   0.0000e+00   2.8330e+02
20251210_05:00:00   2.2032e-01   5.9550e+01   4.3168e+00   0.0000e+00   0.0000e+00   2.8485e+02
20251210_06:00:00   2.4717e-01   6.5397e+01   4.8746e+00   0.0000e+00   0.0000e+00   2.8622e+02
20251210_07:00:00   2.7063e-01   7.0390e+01   5.3533e+00   0.0000e+00   0.0000e+00   2.8723e+02
20251210_08:00:00   2.8557e-01   7.3538e+01   5.6612e+00   0.0000e+00   0.0000e+00   2.8549e+02
20251210_09:00:00   3.0327e-01   7.7066e+01   6.0211e+00   0.0000e+00   0.0000e+00   2.8359e+02
20251210_10:00:00   3.1318e-01   7.9033e+01   6.2048e+00   0.0000e+00   0.0000e+00   2.8228e+02
20251210_11:00:00   3.2268e-01   8.0883e+01   6.3739e+00   0.0000e+00   0.0000e+00   2.8091e+02
20251210_12:00:00   3.3883e-01   8.4026e+01   6.6563e+00   0.0000e+00   0.0000e+00   2.7863e+02
20251210_13:00:00   3.5152e-01   8.6403e+01   6.8373e+00   0.0000e+00   0.0000e+00   2.7928e+02
20251210_14:00:00   3.6133e-01   8.8112e+01   6.9562e+00   0.0000e+00   0.0000e+00   2.7787e+02
20251210_15:00:00   3.8662e-01   9.2756e+01   7.3881e+00   0.0000e+00   0.0000e+00   2.7702e+02
20251210_16:00:00   3.9809e-01   9.4846e+01   7.5765e+00   0.0000e+00   0.0000e+00   2.7695e+02
20251210_17:00:00   3.9942e-01   9.5046e+01   7.5752e+00   0.0000e+00   0.0000e+00   2.7861e+02
20251210_18:00:00   3.9096e-01   9.3432e+01   7.3799e+00   0.0000e+00   0.0000e+00   2.7981e+02
20251210_19:00:00   3.8700e-01   9.2599e+01   7.2193e+00   0.0000e+00   0.0000e+00   2.7963e+02
20251210_20:00:00   3.9284e-01   9.3744e+01   7.2329e+00   0.0000e+00   0.0000e+00   2.7934e+02
20251210_21:00:00   3.9947e-01   9.5097e+01   7.2648e+00   0.0000e+00   0.0000e+00   2.7899e+02
20251210_22:00:00   3.9905e-01   9.5139e+01   7.1872e+00   0.0000e+00   0.0000e+00   2.7928e+02
20251210_23:00:00   3.8469e-01   9.2578e+01   6.8908e+00   0.0000e+00   0.0000e+00   2.7993e+02
20251211_00:00:00   3.7723e-01   9.1162e+01   6.7133e+00   0.0000e+00   0.0000e+00   2.8072e+02
20251211_01:00:00   3.6188e-01   8.8336e+01   6.4469e+00   0.0000e+00   0.0000e+00   2.8163e+02
20251211_02:00:00   3.4993e-01   8.6127e+01   6.2697e+00   0.0000e+00   0.0000e+00   2.8177e+02
20251211_03:00:00   3.3259e-01   8.2864e+01   5.9874e+00   0.0000e+00   0.0000e+00   2.8196e+02
20251211_04:00:00   3.1719e-01   7.9927e+01   5.7386e+00   0.0000e+00   0.0000e+00   2.8236e+02
20251211_05:00:00   3.0307e-01   7.7136e+01   5.4892e+00   0.0000e+00   1.8764e-05   2.8321e+02
20251211_06:00:00   2.9249e-01   7.4989e+01   5.3014e+00   0.0000e+00   4.3660e-05   2.8330e+02
20251211_07:00:00   2.8443e-01   7.3338e+01   5.1512e+00   0.0000e+00   2.3260e-05   2.8360e+02
20251211_08:00:00   2.8371e-01   7.3186e+01   5.1296e+00   0.0000e+00   0.0000e+00   2.8409e+02
20251211_09:00:00   2.8388e-01   7.3281e+01   5.1326e+00   0.0000e+00   0.0000e+00   2.8387e+02
20251211_10:00:00   2.8888e-01   7.4389e+01   5.2314e+00   0.0000e+00   0.0000e+00   2.8325e+02
20251211_11:00:00   2.9873e-01   7.6442e+01   5.4067e+00   0.0000e+00   0.0000e+00   2.8224e+02
20251211_12:00:00   3.0794e-01   7.8368e+01   5.5716e+00   0.0000e+00   0.0000e+00   2.8153e+02
20251211_13:00:00   3.1368e-01   7.9613e+01   5.6776e+00   0.0000e+00   0.0000e+00   2.8214e+02
20251211_14:00:00   3.1560e-01   8.0071e+01   5.7187e+00   0.0000e+00   0.0000e+00   2.8221e+02
20251211_15:00:00   3.1378e-01   7.9811e+01   5.6992e+00   0.0000e+00   0.0000e+00   2.8202e+02
20251211_16:00:00   3.0367e-01   7.7854e+01   5.5443e+00   0.0000e+00   0.0000e+00   2.8091e+02
20251211_17:00:00   2.9363e-01   7.5823e+01   5.3716e+00   0.0000e+00   0.0000e+00   2.7888e+02
20251211_18:00:00   2.8255e-01   7.3556e+01   5.1799e+00   0.0000e+00   0.0000e+00   2.7794e+02
20251211_19:00:00   2.7011e-01   7.0976e+01   4.9696e+00   0.0000e+00   0.0000e+00   2.7728e+02
20251211_20:00:00   2.5737e-01   6.8276e+01   4.7577e+00   0.0000e+00   0.0000e+00   2.7673e+02
20251211_21:00:00   2.5366e-01   6.7484e+01   4.6986e+00   0.0000e+00   0.0000e+00   2.7598e+02
20251211_22:00:00   2.5156e-01   6.7019e+01   4.6576e+00   0.0000e+00   0.0000e+00   2.7561e+02
20251211_23:00:00   2.4425e-01   6.5376e+01   4.5044e+00   0.0000e+00   0.0000e+00   2.7518e+02
20251212_00:00:00   2.2856e-01   6.1855e+01   4.1975e+00   0.0000e+00   0.0000e+00   2.7495e+02
20251212_01:00:00   2.2043e-01   6.0017e+01   4.0454e+00   0.0000e+00   0.0000e+00   2.7448e+02
20251212_02:00:00   2.3149e-01   6.2484e+01   4.2793e+00   0.0000e+00   0.0000e+00   2.7493e+02
20251212_03:00:00   2.5316e-01   6.7214e+01   4.7331e+00   0.0000e+00   0.0000e+00   2.7557e+02
20251212_04:00:00   2.7578e-01   7.2018e+01   5.2011e+00   0.0000e+00   0.0000e+00   2.7680e+02
20251212_05:00:00   2.9651e-01   7.6333e+01   5.6129e+00   0.0000e+00   0.0000e+00   2.7679e+02
20251212_06:00:00   3.0105e-01   7.7253e+01   5.7059e+00   0.0000e+00   0.0000e+00   2.7633e+02
20251212_07:00:00   3.0547e-01   7.8142e+01   5.7870e+00   0.0000e+00   0.0000e+00   2.7729e+02
20251212_08:00:00   3.1891e-01   8.0851e+01   6.0400e+00   0.0000e+00   0.0000e+00   2.7894e+02
20251212_09:00:00   3.2469e-01   8.1922e+01   6.1718e+00   0.0000e+00   0.0000e+00   2.8006e+02
20251212_10:00:00   3.2491e-01   8.1879e+01   6.2018e+00   0.0000e+00   0.0000e+00   2.8010e+02
20251212_11:00:00   3.2207e-01   8.1243e+01   6.1726e+00   0.0000e+00   0.0000e+00   2.8028e+02
20251212_12:00:00   3.2335e-01   8.1440e+01   6.2107e+00   0.0000e+00   0.0000e+00   2.8241e+02
20251212_13:00:00   3.2576e-01   8.1911e+01   6.2506e+00   0.0000e+00   0.0000e+00   2.8300e+02
20251212_14:00:00   3.3843e-01   8.4384e+01   6.4948e+00   0.0000e+00   0.0000e+00   2.8388e+02
20251212_15:00:00   3.4776e-01   8.6222e+01   6.6687e+00   0.0000e+00   0.0000e+00   2.8457e+02
20251212_16:00:00   3.6310e-01   8.9174e+01   6.9526e+00   0.0000e+00   0.0000e+00   2.8336e+02
20251212_17:00:00   3.7301e-01   9.1095e+01   7.1223e+00   0.0000e+00   0.0000e+00   2.8273e+02
20251212_18:00:00   3.6823e-01   9.0305e+01   7.0351e+00   0.0000e+00   0.0000e+00   2.8086e+02
20251212_19:00:00   3.7862e-01   9.2311e+01   7.2189e+00   0.0000e+00   0.0000e+00   2.7988e+02
20251212_20:00:00   3.9014e-01   9.4458e+01   7.4379e+00   0.0000e+00   0.0000e+00   2.8041e+02
20251212_21:00:00   3.9789e-01   9.5903e+01   7.5728e+00   0.0000e+00   0.0000e+00   2.8200e+02
20251212_22:00:00   4.0958e-01   9.8036e+01   7.7693e+00   0.0000e+00   0.0000e+00   2.8236e+02
20251212_23:00:00   4.1709e-01   9.9363e+01   7.8743e+00   0.0000e+00   0.0000e+00   2.8057e+02
20251213_00:00:00   4.2218e-01   1.0019e+02   7.9292e+00   0.0000e+00   0.0000e+00   2.7711e+02
20251213_01:00:00   4.1952e-01   9.9643e+01   7.8320e+00   0.0000e+00   0.0000e+00   2.7876e+02
20251213_02:00:00   4.0649e-01   9.7232e+01   7.5770e+00   0.0000e+00   0.0000e+00   2.7997e+02
20251213_03:00:00   3.9177e-01   9.4448e+01   7.3141e+00   0.0000e+00   2.0883e-04   2.8069e+02
20251213_04:00:00   3.7390e-01   9.1114e+01   6.9912e+00   0.0000e+00   6.9553e-04   2.8195e+02
20251213_05:00:00   3.6422e-01   8.9239e+01   6.8168e+00   0.0000e+00   1.7390e-04   2.8217e+02
20251213_06:00:00   3.6025e-01   8.8438e+01   6.7353e+00   0.0000e+00   0.0000e+00   2.8191e+02
20251213_07:00:00   3.5091e-01   8.6645e+01   6.5659e+00   0.0000e+00   0.0000e+00   2.8197e+02
20251213_08:00:00   3.4260e-01   8.5054e+01   6.4005e+00   0.0000e+00   0.0000e+00   2.8173e+02
20251213_09:00:00   3.3814e-01   8.4149e+01   6.3304e+00   0.0000e+00   0.0000e+00   2.8252e+02
20251213_10:00:00   3.2902e-01   8.2333e+01   6.1710e+00   0.0000e+00   0.0000e+00   2.8274e+02
20251213_11:00:00   3.1480e-01   7.9491e+01   5.9185e+00   0.0000e+00   0.0000e+00   2.8404e+02
20251213_12:00:00   3.0729e-01   7.8029e+01   5.7557e+00   0.0000e+00   0.0000e+00   2.8473e+02
20251213_15:00:00   3.0011e-01   7.6594e+01   5.5945e+00   0.0000e+00   1.0348e-06   2.8403e+02
20251213_18:00:00   2.8685e-01   7.4052e+01   5.3862e+00   0.0000e+00   0.0000e+00   2.8358e+02
20251213_21:00:00   2.2694e-01   6.1064e+01   4.3253e+00   0.0000e+00   3.3660e-05   2.8414e+02
20251214_00:00:00   2.2621e-01   6.0971e+01   4.2859e+00   0.0000e+00   0.0000e+00   2.8520e+02
20251214_03:00:00   2.4451e-01   6.4894e+01   4.6662e+00   0.0000e+00   1.7330e-05   2.9016e+02
20251214_06:00:00   2.6825e-01   6.9608e+01   5.1818e+00   0.0000e+00   3.3128e-03   2.8547e+02
20251214_09:00:00   3.2214e-01   8.0375e+01   6.0714e+00   0.0000e+00   4.5317e-03   2.8572e+02
20251214_12:00:00   3.3471e-01   8.2461e+01   6.1095e+00   0.0000e+00   4.0702e-03   2.8259e+02
20251214_15:00:00   4.0399e-01   9.5074e+01   6.8382e+00   8.1070e-03   1.4654e-02   2.8183e+02
20251214_18:00:00   5.0576e-01   1.1258e+02   8.4902e+00   1.2898e-02   4.3381e-02   2.7912e+02
20251214_21:00:00   6.1379e-01   1.2912e+02   1.0507e+01   8.0610e-03   4.6046e-02   2.7748e+02
20251215_00:00:00   6.2423e-01   1.3083e+02   1.1082e+01   4.7320e-05   4.9578e-02   2.7394e+02
20251215_03:00:00   6.8626e-01   1.4016e+02   1.1912e+01   0.0000e+00   1.2033e-02   2.6760e+02
20251215_06:00:00   7.3390e-01   1.4687e+02   1.2776e+01   0.0000e+00   3.3306e-02   2.7042e+02
20251215_09:00:00   7.9928e-01   1.5562e+02   1.3828e+01   0.0000e+00   1.0214e-02   2.7186e+02
20251215_12:00:00   8.0321e-01   1.5628e+02   1.3816e+01   0.0000e+00   7.5406e-03   2.7474e+02
20251215_15:00:00   8.6244e-01   1.6340e+02   1.4782e+01   0.0000e+00   5.9755e-03   2.7366e+02
20251215_18:00:00   8.8939e-01   1.6721e+02   1.5031e+01   0.0000e+00   3.9741e-03   2.7383e+02
20251215_21:00:00   9.2644e-01   1.7188e+02   1.5385e+01   0.0000e+00   3.8350e-03   2.7321e+02
20251216_00:00:00   8.7508e-01   1.6601e+02   1.4348e+01   0.0000e+00   3.8720e-03   2.7118e+02
20251216_03:00:00   8.7614e-01   1.6532e+02   1.4192e+01   0.0000e+00   5.9752e-03   2.6688e+02
20251216_06:00:00   8.4477e-01   1.6142e+02   1.3864e+01   0.0000e+00   2.9068e-02   2.6337e+02
20251216_09:00:00   8.2200e-01   1.5798e+02   1.3491e+01   0.0000e+00   1.6095e-02   2.6310e+02
20251216_12:00:00   7.4732e-01   1.4778e+02   1.2742e+01   0.0000e+00   1.2893e-02   2.6298e+02
20251216_15:00:00   6.1946e-01   1.2987e+02   1.0888e+01   0.0000e+00   2.9662e-02   2.6469e+02
20251216_18:00:00   6.2826e-01   1.3086e+02   1.1287e+01   0.0000e+00   1.0007e-02   2.6289e+02
20251216_21:00:00   6.8268e-01   1.3798e+02   1.2696e+01   0.0000e+00   4.6844e-02   2.5834e+02
20251217_00:00:00   7.3098e-01   1.4408e+02   1.3767e+01   0.0000e+00   1.2093e-01   2.5524e+02
20251217_03:00:00   8.3476e-01   1.5717e+02   1.5477e+01   0.0000e+00   1.3813e-01   2.5585e+02
20251217_06:00:00   8.2342e-01   1.5627e+02   1.5177e+01   0.0000e+00   1.6124e-02   2.5781e+02
20251217_09:00:00   8.1320e-01   1.5556e+02   1.4717e+01   0.0000e+00   7.4134e-04   2.5794e+02
20251217_12:00:00   8.3296e-01   1.5853e+02   1.4672e+01   0.0000e+00   7.2440e-06   2.5698e+02
20251217_15:00:00   8.6258e-01   1.6283e+02   1.4330e+01   0.0000e+00   6.3645e-05   2.5530e+02
20251217_18:00:00   8.4185e-01   1.6137e+02   1.3693e+01   0.0000e+00   5.1657e-04   2.5662e+02
20251217_21:00:00   8.5981e-01   1.6417e+02   1.3481e+01   7.5180e-03   8.0960e-04   2.5579e+02
20251218_00:00:00   7.7568e-01   1.5404e+02   1.2303e+01   2.0600e-03   6.8700e-04   2.5739e+02
20251218_03:00:00   6.1931e-01   1.3252e+02   9.9633e+00   0.0000e+00   2.0039e-03   2.5580e+02
20251218_06:00:00   5.6651e-01   1.2440e+02   9.3054e+00   0.0000e+00   1.2866e-02   2.5219e+02
20251218_09:00:00   4.7545e-01   1.0919e+02   8.0447e+00   0.0000e+00   3.4051e-02   2.5210e+02
20251218_12:00:00   4.4954e-01   1.0457e+02   7.6996e+00   0.0000e+00   2.1722e-02   2.5100e+02
20251218_15:00:00   5.0591e-01   1.1406e+02   8.6905e+00   0.0000e+00   2.4859e-02   2.5007e+02
20251218_18:00:00   5.7705e-01   1.2621e+02   9.7992e+00   0.0000e+00   9.4295e-03   2.5456e+02
20251218_21:00:00   5.7154e-01   1.2581e+02   9.9099e+00   0.0000e+00   1.8984e-02   2.5520e+02
20251219_00:00:00   4.5150e-01   1.0574e+02   7.9775e+00   0.0000e+00   8.1949e-03   2.5388e+02
20251219_03:00:00   3.4439e-01   8.5550e+01   6.1928e+00   0.0000e+00   2.4734e-03   2.5693e+02
20251219_06:00:00   3.5288e-01   8.7291e+01   6.3083e+00   0.0000e+00   1.2550e-03   2.5521e+02
20251219_09:00:00   3.5586e-01   8.7972e+01   6.3783e+00   0.0000e+00   1.2042e-03   2.5331e+02
20251219_12:00:00   3.8381e-01   9.3372e+01   7.0544e+00   0.0000e+00   6.6779e-03   2.5467e+02
20251219_15:00:00   5.3924e-01   1.2032e+02   1.0309e+01   0.0000e+00   4.7203e-03   2.5360e+02
20251219_18:00:00   6.7755e-01   1.4133e+02   1.3065e+01   0.0000e+00   2.9182e-03   2.5646e+02
20251219_21:00:00   7.3942e-01   1.4977e+02   1.4433e+01   0.0000e+00   8.0470e-03   2.5847e+02
20251220_00:00:00   7.2599e-01   1.4788e+02   1.4171e+01   0.0000e+00   1.1558e-03   2.5827e+02
20251220_03:00:00   6.8087e-01   1.4145e+02   1.3471e+01   0.0000e+00   4.2481e-03   2.5693e+02
20251220_06:00:00   6.7595e-01   1.4082e+02   1.3357e+01   0.0000e+00   7.8786e-03   2.5557e+02
20251220_09:00:00   7.2775e-01   1.4795e+02   1.4159e+01   0.0000e+00   1.6369e-02   2.5316e+02
20251220_12:00:00   8.5958e-01   1.6410e+02   1.6570e+01   0.0000e+00   1.0062e-02   2.5210e+02
20251220_15:00:00   9.9060e-01   1.7869e+02   1.8626e+01   0.0000e+00   5.4334e-02   2.5089e+02
20251220_18:00:00   1.2604e+00   2.0303e+02   2.2741e+01   0.0000e+00   2.2527e-02   2.5364e+02
20251220_21:00:00   1.2758e+00   2.0413e+02   2.2448e+01   1.0952e-03   6.3497e-03   2.5591e+02
20251221_00:00:00   1.0514e+00   1.8429e+02   1.7684e+01   1.7675e-02   3.2119e-02   2.5977e+02
20251221_03:00:00   1.0214e+00   1.8062e+02   1.5504e+01   5.6337e-02   4.5686e-03   2.5863e+02
20251221_06:00:00   9.0332e-01   1.6906e+02   1.5251e+01   1.0238e-03   5.9172e-04   2.5800e+02
20251221_09:00:00   7.8102e-01   1.5410e+02   1.3202e+01   0.0000e+00   0.0000e+00   2.5728e+02
20251221_12:00:00   5.5807e-01   1.2234e+02   9.6386e+00   0.0000e+00   2.0700e-06   2.5634e+02
20251221_15:00:00   5.4678e-01   1.2042e+02   9.4513e+00   0.0000e+00   1.6850e-03   2.5333e+02
20251221_18:00:00   6.2339e-01   1.3219e+02   1.0923e+01   0.0000e+00   1.0848e-03   2.5394e+02
20251221_21:00:00   6.2270e-01   1.3236e+02   1.1090e+01   0.0000e+00   6.9157e-04   2.5602e+02
20251222_00:00:00   5.3900e-01   1.1951e+02   9.6856e+00   0.0000e+00   5.5254e-04   2.5838e+02
20251222_03:00:00   4.4282e-01   1.0300e+02   8.2918e+00   0.0000e+00   1.2341e-03   2.5754e+02
20251222_06:00:00   3.0893e-01   7.7685e+01   5.9530e+00   0.0000e+00   1.1392e-03   2.5835e+02
20251222_09:00:00   2.1962e-01   5.8771e+01   4.2944e+00   0.0000e+00   1.4436e-03   2.5805e+02
20251222_12:00:00   2.2489e-01   6.0371e+01   4.1900e+00   0.0000e+00   5.9123e-04   2.6091e+02
20251222_15:00:00   1.9715e-01   5.4333e+01   3.6972e+00   0.0000e+00   5.4422e-04   2.6240e+02
20251222_18:00:00   1.7628e-01   4.9808e+01   3.2498e+00   0.0000e+00   0.0000e+00   2.6733e+02
20251222_21:00:00   1.8809e-01   5.2681e+01   3.4340e+00   0.0000e+00   0.0000e+00   2.7383e+02
20251223_00:00:00   1.9309e-01   5.3627e+01   3.6722e+00   0.0000e+00   0.0000e+00   2.7621e+02
20251223_03:00:00   2.8565e-01   7.3713e+01   5.7234e+00   0.0000e+00   0.0000e+00   2.7521e+02
20251223_06:00:00   3.2773e-01   8.2176e+01   6.5473e+00   0.0000e+00   0.0000e+00   2.7464e+02
20251223_09:00:00   3.8905e-01   9.3715e+01   7.6094e+00   0.0000e+00   0.0000e+00   2.7279e+02
20251223_12:00:00   4.1704e-01   9.7910e+01   7.6508e+00   0.0000e+00   0.0000e+00   2.7507e+02
20251223_15:00:00   4.3316e-01   1.0033e+02   8.0146e+00   0.0000e+00   1.1273e-05   2.8494e+02
20251223_18:00:00   4.1437e-01   9.7249e+01   7.8754e+00   0.0000e+00   0.0000e+00   2.8662e+02
20251223_21:00:00   4.1230e-01   9.7223e+01   7.9067e+00   0.0000e+00   0.0000e+00   2.8009e+02
20251224_00:00:00   3.0716e-01   7.7757e+01   5.6355e+00   0.0000e+00   0.0000e+00   2.7705e+02
20251224_03:00:00   2.7761e-01   7.1901e+01   5.1757e+00   0.0000e+00   0.0000e+00   2.7346e+02
20251224_06:00:00   2.7467e-01   7.1298e+01   5.1685e+00   0.0000e+00   0.0000e+00   2.7208e+02
20251224_09:00:00   2.9820e-01   7.6213e+01   5.6159e+00   0.0000e+00   0.0000e+00   2.7073e+02
20251224_12:00:00   2.8311e-01   7.3113e+01   5.2804e+00   0.0000e+00   0.0000e+00   2.6904e+02
