#            date       tau255        Tb[K]      pwv[mm] lwp[kg*m^-2] iwp[kg*m^-2]       o3[DU]
20251211_00:00:00   4.7310e-01   1.0805e+02   8.5858e+00   0.0000e+00   0.0000e+00   2.8150e+02
20251211_01:00:00   4.7288e-01   1.0805e+02   8.6059e+00   0.0000e+00   0.0000e+00   2.7987e+02
20251211_02:00:00   4.6933e-01   1.0752e+02   8.5614e+00   0.0000e+00   0.0000e+00   2.7896e+02
20251211_03:00:00   4.7083e-01   1.0779e+02   8.6022e+00   0.0000e+00   0.0000e+00   2.7904e+02
20251211_04:00:00   4.6824e-01   1.0738e+02   8.5688e+00   0.0000e+00   0.0000e+00   2.7814e+02
20251211_05:00:00   4.5176e-01   1.0468e+02   8.3546e+00   0.0000e+00   0.0000e+00   2.7804e+02
20251211_06:00:00   4.4093e-01   1.0291e+02   8.2390e+00   0.0000e+00   0.0000e+00   2.7924e+02
20251211_07:00:00   4.3735e-01   1.0228e+02   8.1843e+00   0.0000e+00   0.0000e+00   2.7899e+02
20251211_08:00:00   4.2315e-01   9.9851e+01   7.9431e+00   0.0000e+00   0.0000e+00   2.7915e+02
20251211_09:00:00   4.1220e-01   9.7914e+01   7.7351e+00   0.0000e+00   0.0000e+00   2.8008e+02
20251211_10:00:00   4.0116e-01   9.5920e+01   7.5137e+00   0.0000e+00   0.0000e+00   2.7927e+02
20251211_11:00:00   3.8686e-01   9.3314e+01   7.2485e+00   0.0000e+00   0.0000e+00   2.7695e+02
20251211_12:00:00   3.7088e-01   9.0383e+01   6.9594e+00   0.0000e+00   0.0000e+00   2.7430e+02
20251211_13:00:00   3.5847e-01   8.8093e+01   6.7288e+00   0.0000e+00   0.0000e+00   2.7385e+02
20251211_14:00:00   3.5024e-01   8.6569e+01   6.5750e+00   0.0000e+00   0.0000e+00   2.7504e+02
20251211_15:00:00   3.3821e-01   8.4359e+01   6.3414e+00   0.0000e+00   0.0000e+00   2.7656e+02
20251211_16:00:00   3.2592e-01   8.2062e+01   6.1070e+00   0.0000e+00   0.0000e+00   2.7709e+02
20251211_17:00:00   3.2353e-01   8.1687e+01   6.0294e+00   0.0000e+00   0.0000e+00   2.7730e+02
20251211_18:00:00   3.1946e-01   8.0989e+01   5.9203e+00   0.0000e+00   0.0000e+00   2.7638e+02
20251211_19:00:00   3.1170e-01   7.9555e+01   5.7741e+00   0.0000e+00   0.0000e+00   2.7567e+02
20251211_20:00:00   3.0742e-01   7.8731e+01   5.7045e+00   0.0000e+00   0.0000e+00   2.7543e+02
20251211_21:00:00   3.0073e-01   7.7395e+01   5.6022e+00   0.0000e+00   0.0000e+00   2.7585e+02
20251211_22:00:00   2.9697e-01   7.6594e+01   5.5434e+00   0.0000e+00   0.0000e+00   2.7578e+02
20251211_23:00:00   2.9574e-01   7.6270e+01   5.5273e+00   0.0000e+00   0.0000e+00   2.7593e+02
20251212_00:00:00   2.8754e-01   7.4473e+01   5.3838e+00   0.0000e+00   0.0000e+00   2.7630e+02
20251212_01:00:00   2.7457e-01   7.1716e+01   5.1567e+00   0.0000e+00   0.0000e+00   2.7600e+02
20251212_02:00:00   2.6476e-01   6.9635e+01   4.9788e+00   0.0000e+00   0.0000e+00   2.7417e+02
20251212_03:00:00   2.5461e-01   6.7475e+01   4.7935e+00   0.0000e+00   0.0000e+00   2.7345e+02
20251212_04:00:00   2.4866e-01   6.6188e+01   4.6831e+00   0.0000e+00   0.0000e+00   2.7389e+02
20251212_05:00:00   2.4718e-01   6.5841e+01   4.6628e+00   0.0000e+00   0.0000e+00   2.7344e+02
20251212_06:00:00   2.4602e-01   6.5600e+01   4.6458e+00   0.0000e+00   0.0000e+00   2.7368e+02
20251212_07:00:00   2.5271e-01   6.7046e+01   4.7685e+00   0.0000e+00   0.0000e+00   2.7324e+02
20251212_08:00:00   2.5628e-01   6.7809e+01   4.8359e+00   0.0000e+00   0.0000e+00   2.7429e+02
20251212_09:00:00   2.5599e-01   6.7738e+01   4.8369e+00   0.0000e+00   0.0000e+00   2.7600e+02
20251212_10:00:00   2.6209e-01   6.9026e+01   4.9467e+00   0.0000e+00   0.0000e+00   2.7573e+02
20251212_11:00:00   2.7717e-01   7.2184e+01   5.2259e+00   0.0000e+00   0.0000e+00   2.7536e+02
20251212_12:00:00   2.8709e-01   7.4213e+01   5.4170e+00   0.0000e+00   0.0000e+00   2.7655e+02
20251212_13:00:00   2.9118e-01   7.5011e+01   5.5023e+00   0.0000e+00   0.0000e+00   2.7801e+02
20251212_14:00:00   2.9767e-01   7.6294e+01   5.6277e+00   0.0000e+00   0.0000e+00   2.7836e+02
20251212_15:00:00   3.1528e-01   7.9821e+01   5.9511e+00   0.0000e+00   0.0000e+00   2.8081e+02
20251212_16:00:00   3.3007e-01   8.2741e+01   6.2263e+00   0.0000e+00   0.0000e+00   2.8290e+02
20251212_17:00:00   3.4351e-01   8.5404e+01   6.4680e+00   0.0000e+00   0.0000e+00   2.8468e+02
20251212_18:00:00   3.5024e-01   8.6764e+01   6.5956e+00   0.0000e+00   0.0000e+00   2.8540e+02
20251212_19:00:00   3.5980e-01   8.8625e+01   6.7604e+00   0.0000e+00   0.0000e+00   2.8497e+02
20251212_20:00:00   3.6535e-01   8.9670e+01   6.8712e+00   0.0000e+00   0.0000e+00   2.8404e+02
20251212_21:00:00   3.7003e-01   9.0528e+01   6.9793e+00   0.0000e+00   0.0000e+00   2.8111e+02
20251212_22:00:00   3.7390e-01   9.1234e+01   7.0493e+00   0.0000e+00   0.0000e+00   2.7931e+02
20251212_23:00:00   3.8041e-01   9.2407e+01   7.1308e+00   0.0000e+00   0.0000e+00   2.7771e+02
20251213_00:00:00   3.8140e-01   9.2447e+01   7.1285e+00   0.0000e+00   0.0000e+00   2.7867e+02
20251213_01:00:00   3.7774e-01   9.1692e+01   7.0522e+00   0.0000e+00   0.0000e+00   2.8217e+02
20251213_02:00:00   3.7778e-01   9.1653e+01   7.0310e+00   0.0000e+00   0.0000e+00   2.8609e+02
20251213_03:00:00   3.7998e-01   9.2009e+01   7.0437e+00   0.0000e+00   0.0000e+00   2.8790e+02
20251213_04:00:00   3.7635e-01   9.1280e+01   6.9452e+00   0.0000e+00   0.0000e+00   2.8873e+02
20251213_05:00:00   3.7293e-01   9.0603e+01   6.8559e+00   0.0000e+00   0.0000e+00   2.8954e+02
20251213_06:00:00   3.6584e-01   8.9270e+01   6.7268e+00   0.0000e+00   0.0000e+00   2.8877e+02
20251213_07:00:00   3.5310e-01   8.6856e+01   6.5120e+00   0.0000e+00   0.0000e+00   2.8792e+02
20251213_08:00:00   3.4016e-01   8.4335e+01   6.2987e+00   0.0000e+00   0.0000e+00   2.8828e+02
20251213_09:00:00   3.2050e-01   8.0475e+01   5.9438e+00   0.0000e+00   0.0000e+00   2.8687e+02
20251213_10:00:00   3.0445e-01   7.7224e+01   5.6464e+00   0.0000e+00   0.0000e+00   2.8676e+02
20251213_11:00:00   2.9394e-01   7.5055e+01   5.4451e+00   0.0000e+00   0.0000e+00   2.8737e+02
20251213_12:00:00   2.7849e-01   7.1851e+01   5.1758e+00   0.0000e+00   0.0000e+00   2.8762e+02
20251213_13:00:00   2.6239e-01   6.8488e+01   4.8922e+00   0.0000e+00   0.0000e+00   2.8658e+02
20251213_14:00:00   2.5637e-01   6.7251e+01   4.7991e+00   0.0000e+00   0.0000e+00   2.8531e+02
20251213_15:00:00   2.5923e-01   6.7861e+01   4.8726e+00   0.0000e+00   0.0000e+00   2.8487e+02
20251213_16:00:00   2.5504e-01   6.7015e+01   4.8200e+00   0.0000e+00   0.0000e+00   2.8533e+02
20251213_17:00:00   2.5654e-01   6.7435e+01   4.8400e+00   0.0000e+00   0.0000e+00   2.8572e+02
20251213_18:00:00   2.6008e-01   6.8252e+01   4.9168e+00   0.0000e+00   0.0000e+00   2.8520e+02
20251213_19:00:00   2.6890e-01   7.0166e+01   5.1014e+00   0.0000e+00   0.0000e+00   2.8350e+02
20251213_20:00:00   2.7934e-01   7.2394e+01   5.3141e+00   0.0000e+00   7.5480e-04   2.8201e+02
20251213_21:00:00   2.7887e-01   7.2280e+01   5.3265e+00   0.0000e+00   5.0864e-03   2.8132e+02
20251213_22:00:00   2.6999e-01   7.0425e+01   5.1409e+00   0.0000e+00   2.2719e-03   2.8191e+02
20251213_23:00:00   2.5866e-01   6.8053e+01   4.8892e+00   0.0000e+00   7.2996e-04   2.8183e+02
20251214_00:00:00   2.4890e-01   6.5943e+01   4.6900e+00   0.0000e+00   7.0060e-04   2.8478e+02
20251214_01:00:00   2.3927e-01   6.3890e+01   4.4988e+00   0.0000e+00   2.2480e-04   2.8954e+02
20251214_02:00:00   2.4266e-01   6.4613e+01   4.5588e+00   0.0000e+00   1.7700e-04   2.9182e+02
20251214_03:00:00   2.4409e-01   6.4945e+01   4.5656e+00   0.0000e+00   6.9480e-05   2.9337e+02
20251214_04:00:00   2.4667e-01   6.5481e+01   4.5938e+00   0.0000e+00   1.4668e-05   2.9280e+02
20251214_05:00:00   2.5336e-01   6.6889e+01   4.7009e+00   0.0000e+00   0.0000e+00   2.9071e+02
20251214_06:00:00   2.6434e-01   6.9084e+01   4.9155e+00   0.0000e+00   0.0000e+00   2.8770e+02
20251214_07:00:00   2.6772e-01   6.9748e+01   4.9698e+00   0.0000e+00   0.0000e+00   2.8547e+02
20251214_08:00:00   2.8089e-01   7.2457e+01   5.1888e+00   0.0000e+00   0.0000e+00   2.8372e+02
20251214_09:00:00   2.8801e-01   7.3848e+01   5.2896e+00   0.0000e+00   0.0000e+00   2.8289e+02
20251214_10:00:00   3.1563e-01   7.9361e+01   5.6974e+00   0.0000e+00   0.0000e+00   2.8277e+02
20251214_11:00:00   3.3766e-01   8.3472e+01   6.0059e+00   0.0000e+00   4.2920e-06   2.8125e+02
20251214_12:00:00   3.5559e-01   8.6723e+01   6.2383e+00   0.0000e+00   3.6560e-06   2.7858e+02
20251214_13:00:00   4.0424e-01   9.5694e+01   6.6156e+00   7.4740e-03   1.7966e-05   2.7382e+02
20251214_14:00:00   5.5643e-01   1.2130e+02   7.0456e+00   5.4020e-02   5.0086e-05   2.7135e+02
20251214_15:00:00   5.9587e-01   1.2719e+02   7.3788e+00   5.9830e-02   2.1895e-04   2.7097e+02
20251214_16:00:00   6.3425e-01   1.3280e+02   7.7057e+00   6.5600e-02   3.4633e-04   2.6964e+02
20251214_17:00:00   7.6480e-01   1.5056e+02   8.3017e+00   9.9730e-02   6.9236e-05   2.6855e+02
20251214_18:00:00   7.5201e-01   1.4906e+02   8.5836e+00   8.6620e-02   8.9279e-04   2.6904e+02
20251214_19:00:00   6.2242e-01   1.3130e+02   8.6364e+00   3.5291e-02   2.1342e-03   2.6803e+02
20251214_20:00:00   5.3449e-01   1.1784e+02   8.4950e+00   5.9950e-03   2.4201e-03   2.6737e+02
20251214_21:00:00   5.0277e-01   1.1277e+02   8.3267e+00   7.9170e-05   6.0229e-03   2.6683e+02
20251214_22:00:00   4.9540e-01   1.1157e+02   8.2806e+00   1.8192e-05   9.0938e-03   2.6880e+02
20251214_23:00:00   4.7825e-01   1.0869e+02   8.0766e+00   0.0000e+00   1.4237e-02   2.6964e+02
20251215_00:00:00   4.5918e-01   1.0534e+02   7.8003e+00   0.0000e+00   1.8696e-02   2.7168e+02
20251215_01:00:00   4.4374e-01   1.0257e+02   7.6101e+00   0.0000e+00   2.5797e-02   2.7472e+02
20251215_02:00:00   4.3979e-01   1.0179e+02   7.6587e+00   0.0000e+00   3.0392e-02   2.7698e+02
20251215_03:00:00   4.5832e-01   1.0495e+02   8.0146e+00   0.0000e+00   3.1775e-02   2.7995e+02
20251215_04:00:00   4.6820e-01   1.0667e+02   8.1826e+00   0.0000e+00   6.8154e-02   2.8030e+02
20251215_05:00:00   4.6551e-01   1.0642e+02   8.0831e+00   0.0000e+00   4.6470e-02   2.7958e+02
20251215_06:00:00   4.8814e-01   1.1014e+02   8.5317e+00   0.0000e+00   3.3237e-02   2.7893e+02
20251215_07:00:00   5.1918e-01   1.1496e+02   9.2849e+00   0.0000e+00   8.3429e-02   2.7982e+02
20251215_08:00:00   5.2351e-01   1.1561e+02   9.4641e+00   0.0000e+00   6.9464e-02   2.7917e+02
20251215_09:00:00   4.9251e-01   1.1056e+02   8.9625e+00   0.0000e+00   4.5566e-02   2.7571e+02
20251215_10:00:00   4.6567e-01   1.0616e+02   8.4425e+00   0.0000e+00   4.7971e-02   2.7196e+02
20251215_11:00:00   4.5997e-01   1.0524e+02   8.3934e+00   0.0000e+00   6.0134e-02   2.6991e+02
20251215_12:00:00   4.6645e-01   1.0656e+02   8.4427e+00   0.0000e+00   6.7408e-02   2.6905e+02
20251215_13:00:00   4.6631e-01   1.0690e+02   8.2908e+00   4.9630e-06   3.0044e-02   2.6813e+02
20251215_14:00:00   4.8132e-01   1.0961e+02   8.4767e+00   1.0290e-04   2.8906e-02   2.6693e+02
20251215_15:00:00   5.1356e-01   1.1499e+02   9.1093e+00   1.8630e-04   4.1019e-02   2.6742e+02
20251215_16:00:00   5.6347e-01   1.2295e+02   1.0120e+01   0.0000e+00   2.4538e-02   2.6847e+02
20251215_17:00:00   6.2739e-01   1.3270e+02   1.1265e+01   0.0000e+00   1.5437e-02   2.6770e+02
20251215_18:00:00   6.8079e-01   1.4052e+02   1.2144e+01   0.0000e+00   4.0058e-02   2.6792e+02
20251215_19:00:00   7.4553e-01   1.4933e+02   1.3239e+01   0.0000e+00   5.9065e-02   2.6889e+02
20251215_20:00:00   7.9770e-01   1.5603e+02   1.4050e+01   0.0000e+00   6.5238e-02   2.6983e+02
20251215_21:00:00   8.2571e-01   1.5957e+02   1.4415e+01   0.0000e+00   9.0754e-02   2.7091e+02
20251215_22:00:00   8.1063e-01   1.5813e+02   1.3906e+01   0.0000e+00   4.5002e-02   2.7068e+02
20251215_23:00:00   8.0124e-01   1.5693e+02   1.3787e+01   0.0000e+00   7.8653e-02   2.6864e+02
20251216_00:00:00   7.6931e-01   1.5272e+02   1.3366e+01   0.0000e+00   1.0655e-01   2.6731e+02
20251216_03:00:00   6.6064e-01   1.3739e+02   1.2127e+01   0.0000e+00   8.1823e-02   2.6913e+02
20251216_06:00:00   6.2861e-01   1.3291e+02   1.1397e+01   0.0000e+00   8.7560e-02   2.6972e+02
20251216_09:00:00   5.7287e-01   1.2543e+02   9.8488e+00   0.0000e+00   4.9351e-04   2.6850e+02
20251216_12:00:00   3.4564e-01   8.5438e+01   6.0623e+00   0.0000e+00   0.0000e+00   2.6485e+02
20251216_15:00:00   2.7890e-01   7.1621e+01   4.9200e+00   0.0000e+00   0.0000e+00   2.6962e+02
20251216_18:00:00   3.0265e-01   7.6812e+01   5.3156e+00   0.0000e+00   0.0000e+00   2.6425e+02
20251216_21:00:00   2.5304e-01   6.6470e+01   4.5463e+00   0.0000e+00   0.0000e+00   2.5745e+02
20251217_00:00:00   2.0380e-01   5.5522e+01   3.7484e+00   0.0000e+00   0.0000e+00   2.5521e+02
20251217_03:00:00   2.1458e-01   5.7323e+01   4.2125e+00   0.0000e+00   0.0000e+00   2.5702e+02
20251217_06:00:00   2.1117e-01   5.6576e+01   4.2600e+00   0.0000e+00   0.0000e+00   2.5697e+02
20251217_09:00:00   2.3481e-01   6.1547e+01   4.8699e+00   0.0000e+00   0.0000e+00   2.5661e+02
20251217_12:00:00   3.5140e-01   8.5769e+01   7.2497e+00   0.0000e+00   0.0000e+00   2.5384e+02
20251217_15:00:00   3.5889e-01   8.7446e+01   7.4583e+00   0.0000e+00   0.0000e+00   2.5204e+02
20251217_18:00:00   3.6486e-01   8.9090e+01   7.6003e+00   0.0000e+00   0.0000e+00   2.5194e+02
20251217_21:00:00   3.4395e-01   8.5493e+01   7.0902e+00   0.0000e+00   0.0000e+00   2.5174e+02
20251218_00:00:00   2.9147e-01   7.5170e+01   5.8905e+00   0.0000e+00   0.0000e+00   2.5243e+02
20251218_03:00:00   2.7060e-01   7.0771e+01   5.4598e+00   0.0000e+00   0.0000e+00   2.5428e+02
20251218_06:00:00   2.7199e-01   7.0671e+01   5.6101e+00   0.0000e+00   0.0000e+00   2.5453e+02
20251218_09:00:00   2.7400e-01   7.0460e+01   5.8031e+00   0.0000e+00   1.2814e-03   2.5326e+02
20251218_12:00:00   2.5515e-01   6.6427e+01   5.4096e+00   0.0000e+00   1.2044e-03   2.5191e+02
20251218_15:00:00   3.3132e-01   8.1256e+01   7.0903e+00   0.0000e+00   2.4600e-03   2.5340e+02
20251218_18:00:00   3.7257e-01   8.9631e+01   7.8380e+00   0.0000e+00   1.4514e-03   2.5251e+02
20251218_21:00:00   3.5479e-01   8.6789e+01   7.3871e+00   0.0000e+00   1.6682e-04   2.5140e+02
20251219_00:00:00   3.4312e-01   8.4053e+01   7.2408e+00   0.0000e+00   0.0000e+00   2.5208e+02
20251219_03:00:00   3.5219e-01   8.4998e+01   7.4823e+00   0.0000e+00   6.8660e-06   2.4837e+02
20251219_06:00:00   3.8605e-01   9.0599e+01   8.2493e+00   0.0000e+00   1.5908e-03   2.4973e+02
20251219_09:00:00   5.1101e-01   1.1201e+02   1.0718e+01   0.0000e+00   1.0720e-01   2.5163e+02
20251219_12:00:00   5.5275e-01   1.1903e+02   1.1552e+01   0.0000e+00   4.4447e-03   2.5160e+02
20251219_15:00:00   5.5841e-01   1.2023e+02   1.1612e+01   0.0000e+00   1.2057e-03   2.5429e+02
20251219_18:00:00   5.1686e-01   1.1415e+02   1.0809e+01   0.0000e+00   2.1620e-04   2.5605e+02
20251219_21:00:00   5.6855e-01   1.2265e+02   1.1777e+01   0.0000e+00   0.0000e+00   2.5559e+02
20251220_00:00:00   4.5892e-01   1.0527e+02   9.5000e+00   0.0000e+00   0.0000e+00   2.5511e+02
20251220_03:00:00   3.3345e-01   8.2320e+01   6.9591e+00   0.0000e+00   0.0000e+00   2.5281e+02
20251220_06:00:00   2.6783e-01   6.8880e+01   5.6031e+00   0.0000e+00   0.0000e+00   2.5172e+02
20251220_09:00:00   2.9275e-01   7.4085e+01   6.1050e+00   0.0000e+00   0.0000e+00   2.5039e+02
20251220_12:00:00   3.0681e-01   7.6716e+01   6.4548e+00   0.0000e+00   0.0000e+00   2.5118e+02
20251220_15:00:00   3.2816e-01   8.1042e+01   6.8828e+00   0.0000e+00   0.0000e+00   2.5177e+02
20251220_18:00:00   3.4245e-01   8.3928e+01   7.1821e+00   0.0000e+00   0.0000e+00   2.5204e+02
20251220_21:00:00   4.0605e-01   9.5461e+01   8.5371e+00   0.0000e+00   0.0000e+00   2.5050e+02
20251221_00:00:00   4.2166e-01   9.8023e+01   8.9197e+00   0.0000e+00   2.5240e-04   2.4928e+02
20251221_03:00:00   4.4827e-01   1.0291e+02   9.3330e+00   0.0000e+00   1.2873e-03   2.4969e+02
20251221_06:00:00   4.8422e-01   1.0918e+02   9.9664e+00   0.0000e+00   4.9080e-04   2.4855e+02
20251221_09:00:00   5.0567e-01   1.1336e+02   1.0239e+01   0.0000e+00   2.3651e-03   2.4983e+02
20251221_12:00:00   5.1573e-01   1.1482e+02   1.0407e+01   0.0000e+00   9.9540e-04   2.5056e+02
20251221_15:00:00   5.5511e-01   1.2088e+02   1.1183e+01   0.0000e+00   6.9750e-03   2.5009e+02
20251221_18:00:00   5.7771e-01   1.2440e+02   1.1641e+01   0.0000e+00   9.1905e-03   2.4937e+02
20251221_21:00:00   5.9823e-01   1.2740e+02   1.2062e+01   0.0000e+00   2.3721e-02   2.5053e+02
20251222_00:00:00   6.0814e-01   1.2876e+02   1.2236e+01   0.0000e+00   2.7220e-03   2.5377e+02
20251222_03:00:00   6.0292e-01   1.2831e+02   1.2069e+01   0.0000e+00   4.2500e-05   2.5462e+02
20251222_06:00:00   5.8281e-01   1.2582e+02   1.1554e+01   0.0000e+00   0.0000e+00   2.5089e+02
20251222_09:00:00   5.7954e-01   1.2543e+02   1.1444e+01   0.0000e+00   0.0000e+00   2.5127e+02
20251222_12:00:00   5.5385e-01   1.2167e+02   1.0950e+01   0.0000e+00   0.0000e+00   2.5353e+02
20251222_15:00:00   5.2624e-01   1.1733e+02   1.0361e+01   0.0000e+00   0.0000e+00   2.5445e+02
20251222_18:00:00   4.8187e-01   1.1046e+02   9.4027e+00   0.0000e+00   0.0000e+00   2.5535e+02
20251222_21:00:00   4.1166e-01   9.8350e+01   8.0746e+00   0.0000e+00   3.1320e-05   2.5462e+02
20251223_00:00:00   3.7348e-01   9.0916e+01   7.4401e+00   0.0000e+00   0.0000e+00   2.5343e+02
20251223_03:00:00   3.4635e-01   8.4658e+01   7.1817e+00   0.0000e+00   7.8323e-04   2.5481e+02
20251223_06:00:00   4.0655e-01   9.5944e+01   8.3152e+00   0.0000e+00   2.4857e-03   2.5380e+02
20251223_09:00:00   4.1556e-01   9.7157e+01   8.5385e+00   0.0000e+00   5.0318e-02   2.5446e+02
20251223_12:00:00   3.9024e-01   9.1907e+01   8.0712e+00   0.0000e+00   1.0854e-03   2.5575e+02
20251223_15:00:00   4.8676e-01   1.0810e+02   9.8395e+00   0.0000e+00   7.8707e-02   2.5519e+02
20251223_18:00:00   8.0352e-01   1.5361e+02   1.4999e+01   0.0000e+00   3.3411e-01   2.6046e+02
20251223_21:00:00   5.6628e-01   1.2238e+02   1.0507e+01   0.0000e+00   0.0000e+00   2.6690e+02
20251224_00:00:00   5.8411e-01   1.2659e+02   1.0117e+01   0.0000e+00   0.0000e+00   2.6396e+02
20251224_03:00:00   4.6447e-01   1.0698e+02   8.2288e+00   0.0000e+00   0.0000e+00   2.6575e+02
20251224_06:00:00   3.4943e-01   8.6121e+01   6.0839e+00   0.0000e+00   0.0000e+00   2.6637e+02
20251224_09:00:00   2.8549e-01   7.3144e+01   4.8261e+00   0.0000e+00   0.0000e+00   2.6579e+02
20251224_12:00:00   2.3141e-01   6.1325e+01   4.1066e+00   0.0000e+00   0.0000e+00   2.6295e+02
20251224_15:00:00   2.7683e-01   7.0888e+01   4.9908e+00   0.0000e+00   1.6134e-03   2.6354e+02
20251224_18:00:00   4.7049e-01   1.0774e+02   8.4120e+00   0.0000e+00   4.1870e-03   2.6134e+02
20251224_21:00:00   5.4111e-01   1.1940e+02   1.0090e+01   0.0000e+00   1.3081e-03   2.6349e+02
20251225_00:00:00   5.9850e-01   1.2824e+02   1.1074e+01   0.0000e+00   1.7166e-05   2.6394e+02
20251225_03:00:00   6.3644e-01   1.3399e+02   1.1801e+01   0.0000e+00   6.3680e-04   2.6112e+02
20251225_06:00:00   7.2961e-01   1.4749e+02   1.2487e+01   5.0770e-03   1.7580e-05   2.6020e+02
20251225_09:00:00   6.5300e-01   1.3715e+02   1.1470e+01   0.0000e+00   8.1102e-04   2.6009e+02
20251225_12:00:00   5.2958e-01   1.1819e+02   9.4150e+00   0.0000e+00   4.1400e-06   2.6126e+02
20251225_15:00:00   3.6109e-01   8.7979e+01   6.7265e+00   0.0000e+00   8.5820e-06   2.6342e+02
20251225_18:00:00   3.4515e-01   8.4598e+01   6.8151e+00   0.0000e+00   3.3940e-04   2.6246e+02
20251225_21:00:00   4.6581e-01   1.0653e+02   9.2227e+00   0.0000e+00   0.0000e+00   2.6404e+02
20251226_00:00:00   4.5088e-01   1.0377e+02   8.9755e+00   0.0000e+00   0.0000e+00   2.6209e+02
20251226_03:00:00   4.8007e-01   1.0880e+02   9.4041e+00   0.0000e+00   0.0000e+00   2.5975e+02
20251226_06:00:00   4.9619e-01   1.1204e+02   9.4729e+00   0.0000e+00   0.0000e+00   2.5844e+02
20251226_09:00:00   3.9523e-01   9.4068e+01   7.4703e+00   0.0000e+00   0.0000e+00   2.5874e+02
20251226_12:00:00   2.7043e-01   6.9128e+01   5.2067e+00   0.0000e+00   0.0000e+00   2.5727e+02
20251226_15:00:00   1.9984e-01   5.3293e+01   4.0003e+00   0.0000e+00   0.0000e+00   2.5903e+02
20251226_18:00:00   2.0657e-01   5.4807e+01   4.1288e+00   0.0000e+00   0.0000e+00   2.5876e+02
20251226_21:00:00   2.4168e-01   6.2331e+01   4.8811e+00   0.0000e+00   0.0000e+00   2.5388e+02
20251227_00:00:00   2.8391e-01   7.1017e+01   5.7097e+00   0.0000e+00   0.0000e+00   2.5233e+02
