#            date       tau255        Tb[K]      pwv[mm] lwp[kg*m^-2] iwp[kg*m^-2]       o3[DU]
20251202_12:00:00   5.0997e-01   1.1347e+02   8.8258e+00   0.0000e+00   0.0000e+00   2.8403e+02
20251202_13:00:00   4.8141e-01   1.0892e+02   8.3158e+00   0.0000e+00   0.0000e+00   2.8328e+02
20251202_14:00:00   4.4686e-01   1.0316e+02   7.7216e+00   0.0000e+00   0.0000e+00   2.8305e+02
20251202_15:00:00   4.3024e-01   1.0029e+02   7.4337e+00   0.0000e+00   0.0000e+00   2.8107e+02
20251202_16:00:00   4.0640e-01   9.6170e+01   7.0446e+00   0.0000e+00   0.0000e+00   2.8025e+02
20251202_17:00:00   4.0429e-01   9.5880e+01   7.0030e+00   0.0000e+00   0.0000e+00   2.7789e+02
20251202_18:00:00   3.9628e-01   9.4592e+01   6.8905e+00   0.0000e+00   0.0000e+00   2.7639e+02
20251202_19:00:00   3.7964e-01   9.1699e+01   6.6604e+00   0.0000e+00   0.0000e+00   2.7684e+02
20251202_20:00:00   3.4571e-01   8.5316e+01   6.1483e+00   0.0000e+00   0.0000e+00   2.7602e+02
20251202_21:00:00   3.1703e-01   7.9703e+01   5.6694e+00   0.0000e+00   0.0000e+00   2.7442e+02
20251202_22:00:00   3.2761e-01   8.1875e+01   5.8106e+00   0.0000e+00   0.0000e+00   2.7443e+02
20251202_23:00:00   3.1769e-01   7.9958e+01   5.6665e+00   0.0000e+00   0.0000e+00   2.7235e+02
20251203_00:00:00   3.2258e-01   8.0898e+01   5.7508e+00   0.0000e+00   0.0000e+00   2.7291e+02
20251203_01:00:00   3.8136e-01   9.2216e+01   6.7888e+00   0.0000e+00   0.0000e+00   2.7380e+02
20251203_02:00:00   4.4950e-01   1.0438e+02   7.9609e+00   0.0000e+00   0.0000e+00   2.7464e+02
20251203_03:00:00   5.0454e-01   1.1359e+02   8.8924e+00   0.0000e+00   0.0000e+00   2.7447e+02
20251203_04:00:00   5.2958e-01   1.1761e+02   9.3158e+00   0.0000e+00   0.0000e+00   2.7366e+02
20251203_05:00:00   5.2475e-01   1.1697e+02   9.1934e+00   0.0000e+00   0.0000e+00   2.7425e+02
20251203_06:00:00   5.2777e-01   1.1754e+02   9.1725e+00   0.0000e+00   0.0000e+00   2.7436e+02
20251203_07:00:00   5.4701e-01   1.2054e+02   9.4671e+00   0.0000e+00   1.4186e-03   2.7216e+02
20251203_08:00:00   5.2533e-01   1.1712e+02   9.0394e+00   0.0000e+00   4.2975e-03   2.6876e+02
20251203_09:00:00   5.3142e-01   1.1812e+02   9.0694e+00   0.0000e+00   7.9789e-04   2.6669e+02
20251203_10:00:00   5.4555e-01   1.2034e+02   9.2179e+00   0.0000e+00   3.3738e-03   2.6742e+02
20251203_11:00:00   5.2664e-01   1.1733e+02   8.8999e+00   0.0000e+00   6.9684e-03   2.7006e+02
20251203_12:00:00   5.0996e-01   1.1456e+02   8.6264e+00   0.0000e+00   1.0014e-03   2.7179e+02
20251203_13:00:00   5.2041e-01   1.1614e+02   8.8312e+00   0.0000e+00   1.1710e-03   2.7220e+02
20251203_14:00:00   5.2709e-01   1.1720e+02   8.8910e+00   0.0000e+00   1.5082e-03   2.7230e+02
20251203_15:00:00   5.3463e-01   1.1832e+02   9.0384e+00   0.0000e+00   5.6358e-04   2.7179e+02
20251203_16:00:00   5.3078e-01   1.1772e+02   9.0206e+00   0.0000e+00   2.7883e-03   2.7205e+02
20251203_17:00:00   5.2448e-01   1.1661e+02   9.0448e+00   0.0000e+00   4.2016e-03   2.7248e+02
20251203_18:00:00   5.2512e-01   1.1653e+02   9.2488e+00   0.0000e+00   9.6710e-03   2.7326e+02
20251203_19:00:00   5.1139e-01   1.1424e+02   9.1598e+00   0.0000e+00   2.0951e-03   2.7337e+02
20251203_20:00:00   5.1025e-01   1.1411e+02   9.2248e+00   0.0000e+00   1.8790e-03   2.7413e+02
20251203_21:00:00   5.0751e-01   1.1362e+02   9.3143e+00   0.0000e+00   2.2477e-03   2.7406e+02
20251203_22:00:00   5.1907e-01   1.1532e+02   9.5911e+00   0.0000e+00   9.9821e-03   2.7321e+02
20251203_23:00:00   5.2906e-01   1.1680e+02   9.7934e+00   0.0000e+00   8.5664e-02   2.7601e+02
20251204_00:00:00   5.6526e-01   1.2233e+02   1.0513e+01   0.0000e+00   1.0811e-01   2.7638e+02
20251204_01:00:00   6.0115e-01   1.2759e+02   1.1298e+01   0.0000e+00   3.1859e-02   2.7575e+02
20251204_02:00:00   6.0249e-01   1.2759e+02   1.1356e+01   0.0000e+00   1.4844e-01   2.7470e+02
20251204_03:00:00   6.1320e-01   1.2901e+02   1.1574e+01   0.0000e+00   1.4406e-01   2.7325e+02
20251204_04:00:00   6.1612e-01   1.2929e+02   1.1625e+01   0.0000e+00   1.1198e-01   2.7565e+02
20251204_05:00:00   6.2981e-01   1.3109e+02   1.1828e+01   0.0000e+00   9.6260e-02   2.7483e+02
20251204_06:00:00   6.7079e-01   1.3661e+02   1.2489e+01   0.0000e+00   1.0280e-01   2.7628e+02
20251204_07:00:00   7.0634e-01   1.4108e+02   1.3014e+01   0.0000e+00   1.9561e-01   2.7770e+02
20251204_08:00:00   7.1098e-01   1.4154e+02   1.3082e+01   0.0000e+00   2.0214e-01   2.7963e+02
20251204_09:00:00   7.0517e-01   1.4076e+02   1.2992e+01   0.0000e+00   3.4901e-02   2.8089e+02
20251204_10:00:00   6.9629e-01   1.3947e+02   1.2799e+01   0.0000e+00   2.9630e-02   2.8465e+02
20251204_11:00:00   6.8217e-01   1.3747e+02   1.2563e+01   0.0000e+00   1.8174e-02   2.8775e+02
20251204_12:00:00   6.5202e-01   1.3327e+02   1.1968e+01   0.0000e+00   1.8098e-02   2.8778e+02
20251204_13:00:00   5.9514e-01   1.2520e+02   1.0826e+01   0.0000e+00   3.5243e-02   2.8840e+02
20251204_14:00:00   5.9342e-01   1.2478e+02   1.0740e+01   0.0000e+00   5.7221e-02   2.8905e+02
20251204_15:00:00   5.8436e-01   1.2351e+02   1.0456e+01   0.0000e+00   1.7381e-02   2.8846e+02
20251204_16:00:00   5.7559e-01   1.2241e+02   1.0198e+01   0.0000e+00   5.5001e-03   2.8761e+02
20251204_17:00:00   6.1676e-01   1.2825e+02   1.0965e+01   0.0000e+00   1.0695e-02   2.8670e+02
20251204_18:00:00   6.4736e-01   1.3257e+02   1.1470e+01   0.0000e+00   3.7857e-02   2.8633e+02
20251204_19:00:00   6.2869e-01   1.3015e+02   1.1103e+01   0.0000e+00   1.9906e-02   2.8701e+02
20251204_20:00:00   6.5260e-01   1.3358e+02   1.1665e+01   0.0000e+00   2.2732e-02   2.8873e+02
20251204_21:00:00   6.7990e-01   1.3726e+02   1.2182e+01   0.0000e+00   1.1198e-01   2.8756e+02
20251204_22:00:00   6.9821e-01   1.3958e+02   1.2569e+01   0.0000e+00   1.0235e-01   2.8772e+02
20251204_23:00:00   6.8253e-01   1.3745e+02   1.2344e+01   0.0000e+00   1.1793e-01   2.8773e+02
20251205_00:00:00   7.0266e-01   1.3986e+02   1.2683e+01   0.0000e+00   1.0041e-01   2.8940e+02
20251205_01:00:00   7.1278e-01   1.4112e+02   1.2773e+01   0.0000e+00   1.1664e-01   2.9370e+02
20251205_02:00:00   7.5680e-01   1.4673e+02   1.3377e+01   0.0000e+00   6.7610e-02   3.0023e+02
20251205_03:00:00   7.6411e-01   1.4795e+02   1.3356e+01   0.0000e+00   9.0239e-02   3.0768e+02
20251205_04:00:00   8.0043e-01   1.5235e+02   1.4091e+01   0.0000e+00   1.4695e-01   3.1324e+02
20251205_05:00:00   8.2513e-01   1.5539e+02   1.4301e+01   0.0000e+00   9.7713e-02   3.1911e+02
20251205_06:00:00   8.5853e-01   1.5914e+02   1.4685e+01   1.1418e-04   2.0408e-01   3.2553e+02
20251205_07:00:00   8.2516e-01   1.5546e+02   1.4193e+01   0.0000e+00   1.1213e-01   3.2911e+02
20251205_08:00:00   7.8312e-01   1.5057e+02   1.3456e+01   0.0000e+00   1.3673e-02   3.2710e+02
20251205_09:00:00   7.9731e-01   1.5220e+02   1.3611e+01   0.0000e+00   1.5528e-03   3.2538e+02
20251205_10:00:00   7.6733e-01   1.4869e+02   1.3075e+01   0.0000e+00   2.2449e-04   3.2516e+02
20251205_11:00:00   7.1529e-01   1.4234e+02   1.2200e+01   0.0000e+00   2.0014e-04   3.2729e+02
20251205_12:00:00   7.2582e-01   1.4369e+02   1.2302e+01   0.0000e+00   1.0625e-04   3.2571e+02
20251205_13:00:00   6.9462e-01   1.3979e+02   1.1792e+01   0.0000e+00   0.0000e+00   3.2766e+02
20251205_14:00:00   6.8773e-01   1.3891e+02   1.1643e+01   0.0000e+00   3.6640e-06   3.2809e+02
20251205_15:00:00   7.0502e-01   1.4121e+02   1.1885e+01   0.0000e+00   4.1400e-06   3.2829e+02
20251205_16:00:00   6.7195e-01   1.3704e+02   1.1372e+01   0.0000e+00   1.3522e-05   3.2856e+02
20251205_17:00:00   6.4508e-01   1.3353e+02   1.0953e+01   0.0000e+00   3.4960e-05   3.3024e+02
20251205_18:00:00   6.3902e-01   1.3258e+02   1.0805e+01   9.6920e-04   2.0140e-05   3.3086e+02
20251205_19:00:00   5.9934e-01   1.2695e+02   1.0215e+01   0.0000e+00   4.1400e-06   3.2881e+02
20251205_20:00:00   5.9247e-01   1.2585e+02   1.0154e+01   0.0000e+00   1.5922e-04   3.2639e+02
20251205_21:00:00   5.5065e-01   1.1982e+02   9.4567e+00   0.0000e+00   2.9240e-05   3.2605e+02
20251205_22:00:00   5.4243e-01   1.1855e+02   9.3383e+00   0.0000e+00   0.0000e+00   3.2404e+02
20251205_23:00:00   5.5420e-01   1.2037e+02   9.5242e+00   0.0000e+00   4.2776e-05   3.1988e+02
20251206_00:00:00   5.4650e-01   1.1915e+02   9.3401e+00   1.2432e-04   5.2060e-04   3.1494e+02
20251206_01:00:00   5.3781e-01   1.1764e+02   9.1661e+00   0.0000e+00   9.3697e-05   3.1281e+02
20251206_02:00:00   5.5748e-01   1.2071e+02   9.4531e+00   0.0000e+00   2.2282e-05   3.1260e+02
20251206_03:00:00   5.5322e-01   1.2006e+02   9.4051e+00   0.0000e+00   0.0000e+00   3.1179e+02
20251206_04:00:00   5.1694e-01   1.1439e+02   8.8212e+00   0.0000e+00   0.0000e+00   3.1222e+02
20251206_05:00:00   5.0385e-01   1.1229e+02   8.6026e+00   0.0000e+00   0.0000e+00   3.1318e+02
20251206_06:00:00   4.8865e-01   1.0978e+02   8.2984e+00   0.0000e+00   0.0000e+00   3.1217e+02
20251206_07:00:00   4.9471e-01   1.1068e+02   8.4033e+00   0.0000e+00   0.0000e+00   3.0943e+02
20251206_08:00:00   4.9367e-01   1.1034e+02   8.3983e+00   0.0000e+00   0.0000e+00   3.0483e+02
20251206_09:00:00   4.6480e-01   1.0538e+02   8.0570e+00   0.0000e+00   0.0000e+00   3.0476e+02
20251206_10:00:00   4.3536e-01   1.0046e+02   7.5717e+00   0.0000e+00   0.0000e+00   3.0655e+02
20251206_11:00:00   4.4082e-01   1.0154e+02   7.5598e+00   0.0000e+00   0.0000e+00   3.0769e+02
20251206_12:00:00   4.0121e-01   9.4462e+01   6.9557e+00   0.0000e+00   0.0000e+00   3.0771e+02
20251206_13:00:00   4.1843e-01   9.7394e+01   7.2543e+00   0.0000e+00   0.0000e+00   3.0547e+02
20251206_14:00:00   4.2454e-01   9.8362e+01   7.4253e+00   0.0000e+00   0.0000e+00   3.0417e+02
20251206_15:00:00   4.2317e-01   9.8054e+01   7.4653e+00   0.0000e+00   0.0000e+00   3.0127e+02
20251206_16:00:00   4.1087e-01   9.5866e+01   7.3783e+00   0.0000e+00   0.0000e+00   2.9925e+02
20251206_17:00:00   4.2307e-01   9.8118e+01   7.6593e+00   0.0000e+00   0.0000e+00   2.9986e+02
20251206_18:00:00   3.9239e-01   9.2787e+01   7.2579e+00   0.0000e+00   0.0000e+00   3.0157e+02
20251206_19:00:00   3.6730e-01   8.8189e+01   6.8126e+00   0.0000e+00   0.0000e+00   3.0100e+02
20251206_20:00:00   3.7739e-01   9.0058e+01   6.9285e+00   0.0000e+00   0.0000e+00   2.9932e+02
20251206_21:00:00   3.5743e-01   8.6359e+01   6.5302e+00   0.0000e+00   0.0000e+00   2.9733e+02
20251206_22:00:00   3.0865e-01   7.7097e+01   5.5919e+00   0.0000e+00   0.0000e+00   2.9622e+02
20251206_23:00:00   2.5851e-01   6.6762e+01   4.7268e+00   0.0000e+00   0.0000e+00   2.9467e+02
20251207_00:00:00   2.6437e-01   6.7826e+01   4.8681e+00   0.0000e+00   0.0000e+00   2.9176e+02
20251207_01:00:00   2.9103e-01   7.3287e+01   5.3266e+00   0.0000e+00   0.0000e+00   2.8954e+02
20251207_02:00:00   3.0524e-01   7.6081e+01   5.5504e+00   0.0000e+00   0.0000e+00   2.8992e+02
20251207_03:00:00   3.1096e-01   7.7218e+01   5.6155e+00   0.0000e+00   0.0000e+00   2.9074e+02
20251207_04:00:00   3.0280e-01   7.5573e+01   5.4245e+00   0.0000e+00   0.0000e+00   2.9167e+02
20251207_05:00:00   2.9522e-01   7.4012e+01   5.3020e+00   0.0000e+00   0.0000e+00   2.9236e+02
20251207_06:00:00   2.9229e-01   7.3395e+01   5.2346e+00   0.0000e+00   0.0000e+00   2.9083e+02
20251207_07:00:00   2.9371e-01   7.3611e+01   5.3089e+00   0.0000e+00   0.0000e+00   2.8803e+02
20251207_08:00:00   2.9241e-01   7.3236e+01   5.3744e+00   0.0000e+00   0.0000e+00   2.8657e+02
20251207_09:00:00   2.9480e-01   7.3578e+01   5.5297e+00   0.0000e+00   0.0000e+00   2.8488e+02
20251207_10:00:00   3.0013e-01   7.4473e+01   5.7133e+00   0.0000e+00   0.0000e+00   2.8302e+02
20251207_11:00:00   3.2136e-01   7.8496e+01   6.1940e+00   0.0000e+00   0.0000e+00   2.8048e+02
20251207_12:00:00   3.3710e-01   8.1575e+01   6.4977e+00   0.0000e+00   0.0000e+00   2.7924e+02
20251207_15:00:00   4.1134e-01   9.5657e+01   7.7736e+00   0.0000e+00   0.0000e+00   2.7812e+02
20251207_18:00:00   4.1348e-01   9.6765e+01   7.6927e+00   0.0000e+00   0.0000e+00   2.7406e+02
20251207_21:00:00   3.6065e-01   8.7557e+01   6.6160e+00   0.0000e+00   0.0000e+00   2.7639e+02
20251208_00:00:00   3.5486e-01   8.6591e+01   6.4912e+00   0.0000e+00   0.0000e+00   2.7813e+02
20251208_03:00:00   3.3072e-01   8.1772e+01   6.0957e+00   0.0000e+00   0.0000e+00   2.7965e+02
20251208_06:00:00   3.3988e-01   8.3315e+01   6.3600e+00   0.0000e+00   0.0000e+00   2.7687e+02
20251208_09:00:00   4.1203e-01   9.6641e+01   7.6939e+00   0.0000e+00   0.0000e+00   2.7861e+02
20251208_12:00:00   4.2246e-01   9.8664e+01   7.8185e+00   0.0000e+00   0.0000e+00   2.7990e+02
20251208_15:00:00   4.1015e-01   9.6640e+01   7.5698e+00   0.0000e+00   0.0000e+00   2.8051e+02
20251208_18:00:00   4.1660e-01   9.7931e+01   7.7608e+00   0.0000e+00   0.0000e+00   2.7855e+02
20251208_21:00:00   4.3586e-01   1.0142e+02   8.2461e+00   0.0000e+00   0.0000e+00   2.7782e+02
20251209_00:00:00   4.5136e-01   1.0391e+02   8.5078e+00   0.0000e+00   0.0000e+00   2.8157e+02
20251209_03:00:00   4.7448e-01   1.0743e+02   8.8953e+00   0.0000e+00   0.0000e+00   2.8478e+02
20251209_06:00:00   4.6891e-01   1.0625e+02   8.6623e+00   0.0000e+00   0.0000e+00   2.9645e+02
20251209_09:00:00   4.9948e-01   1.1070e+02   9.1531e+00   0.0000e+00   0.0000e+00   2.9788e+02
20251209_12:00:00   4.9587e-01   1.0986e+02   8.9511e+00   0.0000e+00   0.0000e+00   3.0875e+02
20251209_15:00:00   4.0050e-01   9.4085e+01   7.0409e+00   0.0000e+00   0.0000e+00   3.2013e+02
20251209_18:00:00   3.1317e-01   7.8286e+01   5.3608e+00   0.0000e+00   0.0000e+00   3.1352e+02
20251209_21:00:00   2.7778e-01   7.1155e+01   4.8973e+00   0.0000e+00   0.0000e+00   3.0254e+02
20251210_00:00:00   2.1549e-01   5.7814e+01   3.8096e+00   0.0000e+00   0.0000e+00   2.9437e+02
20251210_03:00:00   1.8247e-01   5.0444e+01   3.2215e+00   0.0000e+00   0.0000e+00   2.9481e+02
20251210_06:00:00   2.0422e-01   5.4957e+01   4.0068e+00   0.0000e+00   0.0000e+00   2.9149e+02
20251210_09:00:00   3.2424e-01   8.0453e+01   6.4371e+00   0.0000e+00   4.5340e-05   2.8967e+02
20251210_12:00:00   2.6828e-01   6.9616e+01   5.1143e+00   0.0000e+00   5.0357e-03   2.8570e+02
20251210_15:00:00   2.1108e-01   5.7518e+01   3.8590e+00   0.0000e+00   3.7520e-05   2.7905e+02
20251210_18:00:00   2.2552e-01   6.0906e+01   4.1599e+00   0.0000e+00   0.0000e+00   2.8424e+02
20251210_21:00:00   2.5500e-01   6.7366e+01   4.7484e+00   0.0000e+00   8.4460e-04   2.8115e+02
20251211_00:00:00   2.8247e-01   7.3001e+01   5.2831e+00   0.0000e+00   1.4624e-05   2.7700e+02
20251211_03:00:00   2.6880e-01   7.0403e+01   5.0114e+00   0.0000e+00   0.0000e+00   2.7548e+02
20251211_06:00:00   2.7291e-01   7.1406e+01   5.0898e+00   0.0000e+00   0.0000e+00   2.7391e+02
20251211_09:00:00   3.0543e-01   7.8285e+01   5.7446e+00   0.0000e+00   0.0000e+00   2.7490e+02
20251211_12:00:00   2.8399e-01   7.3840e+01   5.4023e+00   0.0000e+00   9.6260e-05   2.7596e+02
20251211_15:00:00   2.4147e-01   6.4840e+01   4.5727e+00   0.0000e+00   0.0000e+00   2.7936e+02
20251211_18:00:00   1.8017e-01   5.1006e+01   3.3639e+00   0.0000e+00   0.0000e+00   2.7591e+02
20251211_21:00:00   1.6703e-01   4.7943e+01   3.1366e+00   0.0000e+00   0.0000e+00   2.7175e+02
20251212_00:00:00   1.7137e-01   4.8981e+01   3.2274e+00   0.0000e+00   0.0000e+00   2.7204e+02
20251212_03:00:00   1.9084e-01   5.3478e+01   3.6690e+00   0.0000e+00   0.0000e+00   2.7212e+02
20251212_06:00:00   2.3117e-01   6.2528e+01   4.5125e+00   0.0000e+00   0.0000e+00   2.7368e+02
20251212_09:00:00   2.6624e-01   7.0058e+01   5.1982e+00   0.0000e+00   0.0000e+00   2.7294e+02
20251212_12:00:00   2.7516e-01   7.1829e+01   5.3472e+00   0.0000e+00   0.0000e+00   2.7419e+02
20251212_15:00:00   2.8002e-01   7.2731e+01   5.4177e+00   0.0000e+00   0.0000e+00   2.7310e+02
20251212_18:00:00   2.7771e-01   7.2399e+01   5.3472e+00   0.0000e+00   0.0000e+00   2.7020e+02
20251212_21:00:00   2.6627e-01   7.0107e+01   5.1051e+00   0.0000e+00   6.6080e-05   2.6987e+02
20251213_00:00:00   2.5570e-01   6.7598e+01   4.9220e+00   0.0000e+00   2.3000e-05   2.6943e+02
20251213_03:00:00   2.3133e-01   6.1991e+01   4.4825e+00   0.0000e+00   2.0614e-02   2.6827e+02
20251213_06:00:00   2.1079e-01   5.6928e+01   4.1955e+00   0.0000e+00   1.3051e-02   2.6855e+02
20251213_09:00:00   2.1756e-01   5.7754e+01   4.4786e+00   0.0000e+00   3.2803e-02   2.6936e+02
20251213_12:00:00   2.1153e-01   5.6835e+01   4.2392e+00   0.0000e+00   1.0746e-02   2.7134e+02
20251213_15:00:00   3.2688e-01   8.0551e+01   6.7523e+00   0.0000e+00   1.8222e-02   2.7173e+02
20251213_18:00:00   3.8923e-01   9.2847e+01   7.9331e+00   0.0000e+00   1.9434e-06   2.7075e+02
20251213_21:00:00   4.0446e-01   9.5957e+01   8.2661e+00   0.0000e+00   9.3120e-05   2.7124e+02
20251214_00:00:00   4.1347e-01   9.7455e+01   8.5292e+00   0.0000e+00   2.5858e-03   2.7241e+02
20251214_03:00:00   4.3342e-01   1.0102e+02   8.8869e+00   0.0000e+00   1.3738e-04   2.7013e+02
20251214_06:00:00   4.9167e-01   1.1116e+02   1.0047e+01   0.0000e+00   2.3183e-03   2.7028e+02
20251214_09:00:00   5.5636e-01   1.2182e+02   1.1211e+01   0.0000e+00   3.3646e-03   2.6520e+02
20251214_12:00:00   5.5837e-01   1.2219e+02   1.1157e+01   0.0000e+00   3.6680e-05   2.6399e+02
20251214_15:00:00   5.2897e-01   1.1760e+02   1.0682e+01   0.0000e+00   6.8257e-04   2.6491e+02
20251214_18:00:00   5.8403e-01   1.2646e+02   1.1721e+01   0.0000e+00   1.4844e-03   2.6651e+02
20251214_21:00:00   6.0382e-01   1.2943e+02   1.2208e+01   0.0000e+00   1.5449e-04   2.6464e+02
20251215_00:00:00   7.0184e-01   1.4280e+02   1.3893e+01   0.0000e+00   5.7340e-05   2.6735e+02
20251215_03:00:00   8.0998e-01   1.5596e+02   1.5797e+01   0.0000e+00   2.0925e-02   2.6820e+02
20251215_06:00:00   7.9576e-01   1.5536e+02   1.5420e+01   0.0000e+00   1.0271e-02   2.6880e+02
20251215_09:00:00   7.3646e-01   1.4911e+02   1.3352e+01   3.7340e-04   1.3711e-02   2.7319e+02
20251215_12:00:00   5.7200e-01   1.2596e+02   1.0007e+01   5.1500e-06   3.5497e-03   2.7240e+02
20251215_15:00:00   6.1995e-01   1.3290e+02   1.1001e+01   0.0000e+00   3.2893e-03   2.7014e+02
20251215_18:00:00   6.5937e-01   1.3939e+02   1.1534e+01   0.0000e+00   5.3940e-05   2.6982e+02
20251215_21:00:00   7.3839e-01   1.5063e+02   1.2958e+01   0.0000e+00   5.7002e-04   2.7252e+02
20251216_00:00:00   6.4873e-01   1.3821e+02   1.1505e+01   0.0000e+00   7.2580e-05   2.7273e+02
20251216_03:00:00   6.4316e-01   1.3685e+02   1.1905e+01   0.0000e+00   5.2356e-04   2.7100e+02
20251216_06:00:00   8.2000e-01   1.6035e+02   1.4847e+01   0.0000e+00   3.1001e-03   2.6554e+02
20251216_09:00:00   8.1703e-01   1.6018e+02   1.4542e+01   0.0000e+00   2.9873e-03   2.6915e+02
20251216_12:00:00   8.3675e-01   1.6197e+02   1.5069e+01   0.0000e+00   8.6610e-03   2.6679e+02
20251216_15:00:00   8.6116e-01   1.6356e+02   1.6049e+01   0.0000e+00   3.5463e-03   2.7040e+02
20251216_18:00:00   7.9668e-01   1.5559e+02   1.4979e+01   0.0000e+00   2.3180e-02   2.7303e+02
20251216_21:00:00   8.5566e-01   1.6221e+02   1.6021e+01   0.0000e+00   1.5664e-02   2.6622e+02
20251217_00:00:00   1.0428e+00   1.8104e+02   1.8977e+01   0.0000e+00   1.0937e-01   2.7021e+02
20251217_03:00:00   1.6644e+00   2.2719e+02   2.2058e+01   1.3634e-01   2.5183e-02   2.7125e+02
20251217_06:00:00   2.5144e+00   2.5730e+02   2.4413e+01   4.0422e-01   1.0353e-01   2.7008e+02
20251217_09:00:00   4.2472e+00   2.7552e+02   2.4388e+01   1.1120e+00   1.9345e-01   2.7810e+02
20251217_12:00:00   1.8749e+00   2.3413e+02   1.9344e+01   2.7774e-01   1.6514e-01   2.8363e+02
20251217_15:00:00   1.1936e+00   1.9333e+02   1.5090e+01   1.1937e-01   2.5727e-02   2.7846e+02
20251217_18:00:00   6.8111e-01   1.3910e+02   1.1644e+01   1.0742e-04   4.0500e-05   2.7865e+02
20251217_21:00:00   5.4911e-01   1.1998e+02   9.1994e+00   0.0000e+00   0.0000e+00   2.7995e+02
20251218_00:00:00   5.6797e-01   1.2260e+02   9.6754e+00   0.0000e+00   0.0000e+00   2.7858e+02
20251218_03:00:00   4.9417e-01   1.1070e+02   8.6481e+00   0.0000e+00   2.3320e-04   2.8086e+02
20251218_06:00:00   2.2712e-01   6.0110e+01   4.0417e+00   0.0000e+00   0.0000e+00   2.7714e+02
20251218_09:00:00   3.3299e-01   8.1405e+01   6.3004e+00   0.0000e+00   9.5061e-04   2.7694e+02
20251218_12:00:00   4.7001e-01   1.0643e+02   8.5853e+00   0.0000e+00   0.0000e+00   2.7044e+02
