#            date       tau255        Tb[K]      pwv[mm] lwp[kg*m^-2] iwp[kg*m^-2]       o3[DU]
20251203_00:00:00   2.8048e-01   7.2272e+01   4.9925e+00   0.0000e+00   0.0000e+00   2.7013e+02
20251203_01:00:00   3.3095e-01   8.2404e+01   5.9162e+00   0.0000e+00   0.0000e+00   2.7055e+02
20251203_02:00:00   3.9807e-01   9.5100e+01   7.1028e+00   0.0000e+00   0.0000e+00   2.7133e+02
20251203_03:00:00   4.6133e-01   1.0630e+02   8.1869e+00   0.0000e+00   0.0000e+00   2.7140e+02
20251203_04:00:00   4.8750e-01   1.1082e+02   8.6156e+00   0.0000e+00   0.0000e+00   2.7091e+02
20251203_05:00:00   5.1278e-01   1.1509e+02   8.9567e+00   0.0000e+00   0.0000e+00   2.7188e+02
20251203_06:00:00   5.3573e-01   1.1885e+02   9.2463e+00   0.0000e+00   0.0000e+00   2.7035e+02
20251203_07:00:00   5.6203e-01   1.2296e+02   9.6197e+00   0.0000e+00   3.4961e-04   2.6790e+02
20251203_08:00:00   5.6373e-01   1.2330e+02   9.5662e+00   0.0000e+00   3.1862e-03   2.6552e+02
20251203_09:00:00   5.5042e-01   1.2132e+02   9.2863e+00   0.0000e+00   1.2468e-02   2.6419e+02
20251203_10:00:00   5.5350e-01   1.2175e+02   9.3370e+00   0.0000e+00   2.8467e-03   2.6568e+02
20251203_11:00:00   5.3225e-01   1.1826e+02   9.0700e+00   0.0000e+00   3.9415e-03   2.6784e+02
20251203_12:00:00   5.0362e-01   1.1354e+02   8.6310e+00   0.0000e+00   3.3720e-03   2.6994e+02
20251203_13:00:00   4.9054e-01   1.1129e+02   8.4337e+00   0.0000e+00   1.2868e-03   2.7072e+02
20251203_14:00:00   4.8654e-01   1.1053e+02   8.3423e+00   0.0000e+00   1.8388e-03   2.7117e+02
20251203_15:00:00   5.0385e-01   1.1334e+02   8.5862e+00   0.0000e+00   2.1441e-03   2.6992e+02
20251203_16:00:00   4.9179e-01   1.1134e+02   8.4100e+00   0.0000e+00   4.1956e-03   2.7018e+02
20251203_17:00:00   4.8754e-01   1.1071e+02   8.4018e+00   0.0000e+00   3.0563e-03   2.7214e+02
20251203_18:00:00   4.7570e-01   1.0864e+02   8.3156e+00   0.0000e+00   4.7415e-03   2.7250e+02
20251203_19:00:00   4.8291e-01   1.0977e+02   8.5466e+00   0.0000e+00   7.5551e-03   2.6963e+02
20251203_20:00:00   4.9650e-01   1.1207e+02   8.8468e+00   0.0000e+00   3.1501e-03   2.7034e+02
20251203_21:00:00   5.0260e-01   1.1294e+02   9.0820e+00   0.0000e+00   2.3425e-03   2.7124e+02
20251203_22:00:00   5.3424e-01   1.1782e+02   9.7624e+00   0.0000e+00   2.0847e-03   2.7126e+02
20251203_23:00:00   5.5162e-01   1.2052e+02   1.0127e+01   0.0000e+00   2.4741e-02   2.7051e+02
20251204_00:00:00   5.2811e-01   1.1689e+02   9.7543e+00   0.0000e+00   6.4582e-04   2.6991e+02
20251204_01:00:00   5.2184e-01   1.1575e+02   9.7384e+00   0.0000e+00   1.6188e-03   2.7459e+02
20251204_02:00:00   5.2019e-01   1.1520e+02   9.8162e+00   0.0000e+00   2.6671e-02   2.7723e+02
20251204_03:00:00   4.9576e-01   1.1100e+02   9.4569e+00   0.0000e+00   3.9804e-02   2.7906e+02
20251204_04:00:00   4.9974e-01   1.1137e+02   9.5776e+00   0.0000e+00   3.7941e-02   2.8433e+02
20251204_05:00:00   5.1919e-01   1.1434e+02   9.9068e+00   0.0000e+00   3.1358e-02   2.8682e+02
20251204_06:00:00   5.3290e-01   1.1640e+02   1.0105e+01   0.0000e+00   3.4979e-02   2.8558e+02
20251204_07:00:00   5.7226e-01   1.2220e+02   1.0748e+01   0.0000e+00   5.6843e-02   2.8397e+02
20251204_08:00:00   6.1120e-01   1.2771e+02   1.1295e+01   0.0000e+00   2.7299e-01   2.8809e+02
20251204_09:00:00   6.2548e-01   1.2964e+02   1.1562e+01   0.0000e+00   1.8496e-01   2.8914e+02
20251204_10:00:00   6.4546e-01   1.3227e+02   1.1910e+01   0.0000e+00   8.4382e-02   2.8824e+02
20251204_11:00:00   6.4288e-01   1.3189e+02   1.1852e+01   0.0000e+00   5.2427e-02   2.8746e+02
20251204_12:00:00   6.2541e-01   1.2949e+02   1.1470e+01   0.0000e+00   2.2020e-02   2.8706e+02
20251204_13:00:00   6.0985e-01   1.2725e+02   1.1094e+01   0.0000e+00   3.9852e-02   2.8807e+02
20251204_14:00:00   6.0511e-01   1.2653e+02   1.0901e+01   0.0000e+00   5.2793e-02   2.8839e+02
20251204_15:00:00   5.8189e-01   1.2328e+02   1.0345e+01   0.0000e+00   2.2741e-02   2.9065e+02
20251204_16:00:00   5.7857e-01   1.2279e+02   1.0202e+01   0.0000e+00   6.4821e-03   2.9230e+02
20251204_17:00:00   5.8576e-01   1.2381e+02   1.0337e+01   0.0000e+00   1.3357e-02   2.9143e+02
20251204_18:00:00   5.9842e-01   1.2561e+02   1.0634e+01   0.0000e+00   4.2611e-02   2.9449e+02
20251204_19:00:00   6.3277e-01   1.3038e+02   1.1274e+01   0.0000e+00   3.4605e-02   2.9163e+02
20251204_20:00:00   6.3673e-01   1.3103e+02   1.1436e+01   0.0000e+00   4.6855e-02   2.9057e+02
20251204_21:00:00   6.7193e-01   1.3575e+02   1.2182e+01   0.0000e+00   8.0342e-02   2.8944e+02
20251204_22:00:00   6.8002e-01   1.3684e+02   1.2330e+01   0.0000e+00   7.3703e-02   2.8816e+02
20251204_23:00:00   6.7111e-01   1.3553e+02   1.2147e+01   0.0000e+00   1.0380e-01   2.8985e+02
20251205_00:00:00   6.7385e-01   1.3577e+02   1.2225e+01   0.0000e+00   1.6444e-01   2.9235e+02
20251205_01:00:00   7.0512e-01   1.3995e+02   1.2775e+01   0.0000e+00   1.4828e-01   2.9866e+02
20251205_02:00:00   7.5162e-01   1.4598e+02   1.3553e+01   0.0000e+00   1.9843e-01   3.0627e+02
20251205_03:00:00   7.7430e-01   1.4895e+02   1.3965e+01   0.0000e+00   1.6415e-01   3.1310e+02
20251205_04:00:00   7.7436e-01   1.4924e+02   1.3738e+01   0.0000e+00   1.2314e-01   3.1840e+02
20251205_05:00:00   7.6395e-01   1.4818e+02   1.3422e+01   0.0000e+00   7.7822e-02   3.2205e+02
20251205_06:00:00   7.8724e-01   1.5101e+02   1.3710e+01   0.0000e+00   4.7428e-02   3.2416e+02
20251205_07:00:00   8.2196e-01   1.5512e+02   1.4218e+01   0.0000e+00   4.0391e-02   3.2643e+02
20251205_08:00:00   8.6435e-01   1.5999e+02   1.4722e+01   3.5020e-03   1.6704e-02   3.2764e+02
20251205_09:00:00   8.6865e-01   1.6049e+02   1.4941e+01   1.0358e-04   3.3378e-02   3.2671e+02
20251205_10:00:00   8.5810e-01   1.5925e+02   1.4806e+01   0.0000e+00   8.2585e-02   3.2587e+02
20251205_11:00:00   8.3594e-01   1.5674e+02   1.4413e+01   0.0000e+00   5.7541e-02   3.2370e+02
20251205_12:00:00   8.0268e-01   1.5298e+02   1.3774e+01   0.0000e+00   6.0583e-03   3.2421e+02
20251205_13:00:00   7.6523e-01   1.4845e+02   1.3129e+01   0.0000e+00   4.7853e-05   3.2796e+02
20251205_14:00:00   7.5229e-01   1.4678e+02   1.2884e+01   0.0000e+00   2.9240e-06   3.2814e+02
20251205_15:00:00   7.5598e-01   1.4721e+02   1.2952e+01   0.0000e+00   1.9983e-03   3.2705e+02
20251205_16:00:00   7.2987e-01   1.4414e+02   1.2518e+01   0.0000e+00   6.0228e-04   3.2770e+02
20251205_17:00:00   7.1749e-01   1.4279e+02   1.2269e+01   0.0000e+00   5.1128e-06   3.2968e+02
20251205_18:00:00   7.1459e-01   1.4261e+02   1.2235e+01   0.0000e+00   2.4984e-04   3.3130e+02
20251205_19:00:00   7.3134e-01   1.4488e+02   1.2553e+01   0.0000e+00   1.4076e-04   3.3381e+02
20251205_20:00:00   6.9718e-01   1.4048e+02   1.2100e+01   0.0000e+00   1.2743e-03   3.3356e+02
20251205_21:00:00   6.9204e-01   1.4001e+02   1.1933e+01   0.0000e+00   1.3095e-03   3.3092e+02
20251205_22:00:00   6.8007e-01   1.3853e+02   1.1466e+01   4.6360e-03   2.4112e-04   3.2774e+02
20251205_23:00:00   7.2266e-01   1.4407e+02   1.1848e+01   1.0111e-02   1.2976e-03   3.2605e+02
20251206_00:00:00   6.8338e-01   1.3885e+02   1.1496e+01   3.3580e-03   1.7390e-03   3.2267e+02
20251206_01:00:00   6.7367e-01   1.3757e+02   1.1431e+01   2.5020e-05   7.7090e-05   3.1932e+02
20251206_02:00:00   6.3825e-01   1.3269e+02   1.0919e+01   0.0000e+00   0.0000e+00   3.1704e+02
20251206_03:00:00   5.9680e-01   1.2649e+02   1.0260e+01   0.0000e+00   0.0000e+00   3.1581e+02
20251206_04:00:00   5.3932e-01   1.1782e+02   9.2694e+00   0.0000e+00   0.0000e+00   3.1494e+02
20251206_05:00:00   5.3922e-01   1.1778e+02   9.2628e+00   0.0000e+00   0.0000e+00   3.1358e+02
20251206_06:00:00   5.6121e-01   1.2100e+02   9.7723e+00   0.0000e+00   0.0000e+00   3.1048e+02
20251206_07:00:00   5.3002e-01   1.1606e+02   9.3251e+00   0.0000e+00   0.0000e+00   3.0864e+02
20251206_08:00:00   5.1721e-01   1.1400e+02   9.0501e+00   0.0000e+00   0.0000e+00   3.0953e+02
20251206_09:00:00   4.7905e-01   1.0765e+02   8.4075e+00   0.0000e+00   0.0000e+00   3.0693e+02
20251206_10:00:00   3.9616e-01   9.3299e+01   6.9681e+00   0.0000e+00   0.0000e+00   3.0749e+02
20251206_11:00:00   3.6814e-01   8.8102e+01   6.4412e+00   0.0000e+00   0.0000e+00   3.0606e+02
20251206_12:00:00   3.6053e-01   8.6536e+01   6.3527e+00   0.0000e+00   0.0000e+00   3.0457e+02
20251206_13:00:00   3.7983e-01   9.0177e+01   6.6276e+00   0.0000e+00   0.0000e+00   3.0483e+02
20251206_14:00:00   3.9106e-01   9.2246e+01   6.8445e+00   0.0000e+00   0.0000e+00   3.0345e+02
20251206_15:00:00   4.0912e-01   9.5545e+01   7.1534e+00   0.0000e+00   0.0000e+00   3.0235e+02
20251206_16:00:00   4.1148e-01   9.6051e+01   7.1963e+00   0.0000e+00   0.0000e+00   3.0113e+02
20251206_17:00:00   4.0807e-01   9.5454e+01   7.2700e+00   0.0000e+00   0.0000e+00   2.9898e+02
20251206_18:00:00   4.3150e-01   9.9727e+01   7.7020e+00   0.0000e+00   0.0000e+00   2.9702e+02
20251206_19:00:00   4.2522e-01   9.8696e+01   7.7246e+00   0.0000e+00   0.0000e+00   2.9612e+02
20251206_20:00:00   3.9550e-01   9.3404e+01   7.3789e+00   0.0000e+00   0.0000e+00   2.9575e+02
20251206_21:00:00   3.9039e-01   9.2533e+01   7.3215e+00   0.0000e+00   0.0000e+00   2.9571e+02
20251206_22:00:00   3.9534e-01   9.3429e+01   7.3920e+00   0.0000e+00   0.0000e+00   2.9525e+02
20251206_23:00:00   3.9835e-01   9.4047e+01   7.4253e+00   0.0000e+00   0.0000e+00   2.9455e+02
20251207_00:00:00   3.8556e-01   9.1755e+01   7.1296e+00   0.0000e+00   0.0000e+00   2.9557e+02
20251207_01:00:00   3.4762e-01   8.4820e+01   6.3837e+00   0.0000e+00   0.0000e+00   2.9671e+02
20251207_02:00:00   3.2228e-01   7.9931e+01   5.8676e+00   0.0000e+00   0.0000e+00   2.9635e+02
20251207_03:00:00   3.1353e-01   7.8090e+01   5.7445e+00   0.0000e+00   0.0000e+00   2.9557e+02
20251207_04:00:00   3.2596e-01   8.0371e+01   6.0048e+00   0.0000e+00   0.0000e+00   2.9464e+02
20251207_05:00:00   3.4367e-01   8.3687e+01   6.3385e+00   0.0000e+00   0.0000e+00   2.9355e+02
20251207_06:00:00   3.4628e-01   8.4089e+01   6.4040e+00   0.0000e+00   0.0000e+00   2.9322e+02
20251207_07:00:00   3.4244e-01   8.3305e+01   6.3581e+00   0.0000e+00   0.0000e+00   2.9363e+02
20251207_08:00:00   3.4392e-01   8.3562e+01   6.3933e+00   0.0000e+00   0.0000e+00   2.9066e+02
20251207_09:00:00   3.5854e-01   8.6288e+01   6.6565e+00   0.0000e+00   0.0000e+00   2.8984e+02
20251207_10:00:00   3.7592e-01   8.9495e+01   6.9601e+00   0.0000e+00   0.0000e+00   2.8955e+02
20251207_11:00:00   3.7727e-01   8.9740e+01   6.9840e+00   0.0000e+00   0.0000e+00   2.8761e+02
20251207_12:00:00   3.7873e-01   8.9953e+01   7.0369e+00   0.0000e+00   0.0000e+00   2.8647e+02
20251207_13:00:00   3.8453e-01   9.0980e+01   7.1538e+00   0.0000e+00   0.0000e+00   2.8689e+02
20251207_14:00:00   4.0540e-01   9.4716e+01   7.5256e+00   0.0000e+00   0.0000e+00   2.8745e+02
20251207_15:00:00   4.2618e-01   9.8459e+01   7.8526e+00   0.0000e+00   0.0000e+00   2.8667e+02
20251207_16:00:00   4.2503e-01   9.8413e+01   7.7439e+00   0.0000e+00   0.0000e+00   2.8585e+02
20251207_17:00:00   4.0209e-01   9.4607e+01   7.2398e+00   0.0000e+00   0.0000e+00   2.8509e+02
20251207_18:00:00   3.7321e-01   8.9501e+01   6.6515e+00   0.0000e+00   0.0000e+00   2.8500e+02
20251207_19:00:00   3.4375e-01   8.4088e+01   6.0451e+00   0.0000e+00   0.0000e+00   2.8599e+02
20251207_20:00:00   3.3593e-01   8.2506e+01   5.9015e+00   0.0000e+00   0.0000e+00   2.8386e+02
20251207_21:00:00   3.2298e-01   8.0000e+01   5.6327e+00   0.0000e+00   0.0000e+00   2.8039e+02
20251207_22:00:00   3.1777e-01   7.8966e+01   5.4938e+00   0.0000e+00   0.0000e+00   2.7828e+02
20251207_23:00:00   3.1490e-01   7.8351e+01   5.4102e+00   0.0000e+00   0.0000e+00   2.7753e+02
20251208_00:00:00   3.0783e-01   7.6921e+01   5.2778e+00   0.0000e+00   0.0000e+00   2.7732e+02
20251208_03:00:00   2.8345e-01   7.1589e+01   4.9025e+00   0.0000e+00   0.0000e+00   2.7504e+02
20251208_06:00:00   2.4973e-01   6.4487e+01   4.3995e+00   0.0000e+00   0.0000e+00   2.7576e+02
20251208_09:00:00   2.5033e-01   6.4707e+01   4.4068e+00   0.0000e+00   0.0000e+00   2.7851e+02
20251208_12:00:00   2.4225e-01   6.3110e+01   4.2891e+00   0.0000e+00   0.0000e+00   2.7907e+02
20251208_15:00:00   2.4044e-01   6.2806e+01   4.3348e+00   0.0000e+00   0.0000e+00   2.8142e+02
20251208_18:00:00   2.4233e-01   6.3381e+01   4.4880e+00   0.0000e+00   0.0000e+00   2.7836e+02
20251208_21:00:00   2.5596e-01   6.6489e+01   4.8403e+00   0.0000e+00   0.0000e+00   2.7801e+02
20251209_00:00:00   2.2935e-01   6.0783e+01   4.3553e+00   0.0000e+00   0.0000e+00   2.7811e+02
20251209_03:00:00   2.2584e-01   5.9950e+01   4.3115e+00   0.0000e+00   1.8768e-03   2.7836e+02
20251209_06:00:00   2.5060e-01   6.5330e+01   4.7331e+00   0.0000e+00   5.2418e-03   2.8183e+02
20251209_09:00:00   2.5907e-01   6.6947e+01   4.9560e+00   0.0000e+00   2.0957e-02   2.8961e+02
20251209_12:00:00   2.7276e-01   6.9627e+01   5.2700e+00   0.0000e+00   1.0142e-02   2.9121e+02
20251209_15:00:00   2.9521e-01   7.4242e+01   5.6662e+00   0.0000e+00   9.5499e-03   2.9229e+02
20251209_18:00:00   3.1174e-01   7.7789e+01   6.0427e+00   0.0000e+00   2.2166e-02   2.9279e+02
20251209_21:00:00   3.2499e-01   8.0235e+01   6.3824e+00   0.0000e+00   1.5208e-01   2.8907e+02
20251210_00:00:00   3.1347e-01   7.8023e+01   6.2175e+00   0.0000e+00   3.8235e-02   2.8951e+02
20251210_03:00:00   2.7743e-01   7.1197e+01   5.3837e+00   0.0000e+00   3.4180e-05   2.9091e+02
20251210_06:00:00   2.4239e-01   6.4092e+01   4.5928e+00   0.0000e+00   0.0000e+00   2.8582e+02
20251210_09:00:00   2.0269e-01   5.5664e+01   3.6984e+00   0.0000e+00   0.0000e+00   2.8487e+02
20251210_12:00:00   1.5849e-01   4.5446e+01   2.7979e+00   0.0000e+00   0.0000e+00   2.8323e+02
20251210_15:00:00   1.7066e-01   4.8228e+01   3.0505e+00   0.0000e+00   0.0000e+00   2.7492e+02
20251210_18:00:00   1.9070e-01   5.2918e+01   3.5014e+00   0.0000e+00   0.0000e+00   2.7557e+02
20251210_21:00:00   2.1055e-01   5.7486e+01   3.8415e+00   0.0000e+00   0.0000e+00   2.7437e+02
20251211_00:00:00   2.7022e-01   7.0328e+01   5.2884e+00   0.0000e+00   0.0000e+00   2.7603e+02
20251211_03:00:00   3.4775e-01   8.6060e+01   6.8494e+00   0.0000e+00   0.0000e+00   2.7775e+02
20251211_06:00:00   3.6217e-01   8.8891e+01   7.1333e+00   0.0000e+00   0.0000e+00   2.7775e+02
20251211_09:00:00   4.5428e-01   1.0589e+02   8.8056e+00   0.0000e+00   0.0000e+00   2.8138e+02
20251211_12:00:00   5.1203e-01   1.1534e+02   9.9687e+00   0.0000e+00   0.0000e+00   2.8454e+02
20251211_15:00:00   5.6931e-01   1.2409e+02   1.1030e+01   0.0000e+00   0.0000e+00   2.8536e+02
20251211_18:00:00   6.2876e-01   1.3287e+02   1.2107e+01   0.0000e+00   0.0000e+00   2.8361e+02
20251211_21:00:00   4.6467e-01   1.0653e+02   9.2298e+00   0.0000e+00   0.0000e+00   2.7936e+02
20251212_00:00:00   4.9339e-01   1.1100e+02   9.8741e+00   0.0000e+00   0.0000e+00   2.8146e+02
20251212_03:00:00   5.0223e-01   1.1256e+02   9.9686e+00   0.0000e+00   0.0000e+00   2.8100e+02
20251212_06:00:00   4.9256e-01   1.1112e+02   9.7128e+00   0.0000e+00   7.9360e-06   2.8115e+02
20251212_09:00:00   5.2486e-01   1.1640e+02   1.0262e+01   0.0000e+00   0.0000e+00   2.8021e+02
20251212_12:00:00   3.9889e-01   9.5342e+01   7.6444e+00   0.0000e+00   0.0000e+00   2.8062e+02
20251212_15:00:00   3.5039e-01   8.6518e+01   6.6012e+00   0.0000e+00   0.0000e+00   2.8030e+02
20251212_18:00:00   3.1254e-01   7.9301e+01   5.8909e+00   0.0000e+00   0.0000e+00   2.7570e+02
20251212_21:00:00   3.1846e-01   8.0900e+01   5.9578e+00   0.0000e+00   0.0000e+00   2.7284e+02
20251213_00:00:00   3.0961e-01   7.9214e+01   5.7660e+00   0.0000e+00   0.0000e+00   2.7128e+02
20251213_03:00:00   2.8956e-01   7.5087e+01   5.4055e+00   0.0000e+00   0.0000e+00   2.7048e+02
20251213_06:00:00   2.9047e-01   7.5258e+01   5.3989e+00   0.0000e+00   0.0000e+00   2.7090e+02
20251213_09:00:00   2.9093e-01   7.5373e+01   5.3737e+00   0.0000e+00   0.0000e+00   2.7302e+02
20251213_12:00:00   3.2364e-01   8.2005e+01   5.9346e+00   0.0000e+00   2.5600e-05   2.7217e+02
20251213_15:00:00   3.6338e-01   8.9732e+01   6.6932e+00   0.0000e+00   2.2540e-04   2.7519e+02
20251213_18:00:00   4.2423e-01   1.0123e+02   7.9720e+00   0.0000e+00   0.0000e+00   2.7679e+02
20251213_21:00:00   5.2821e-01   1.1882e+02   1.0097e+01   0.0000e+00   0.0000e+00   2.7979e+02
20251214_00:00:00   5.4597e-01   1.2165e+02   1.0365e+01   0.0000e+00   0.0000e+00   2.8001e+02
20251214_03:00:00   5.2167e-01   1.1788e+02   9.8597e+00   0.0000e+00   0.0000e+00   2.8049e+02
20251214_06:00:00   4.4296e-01   1.0471e+02   8.1929e+00   0.0000e+00   1.8292e-03   2.7764e+02
20251214_09:00:00   4.5446e-01   1.0633e+02   8.5590e+00   0.0000e+00   6.1691e-05   2.7734e+02
20251214_12:00:00   4.7543e-01   1.0918e+02   9.2145e+00   0.0000e+00   0.0000e+00   2.7650e+02
20251214_15:00:00   4.4545e-01   1.0359e+02   8.7135e+00   0.0000e+00   2.4300e-06   2.7584e+02
20251214_18:00:00   3.7591e-01   9.0262e+01   7.7395e+00   0.0000e+00   2.5740e-05   2.7545e+02
20251214_21:00:00   5.0016e-01   1.1144e+02   1.0339e+01   0.0000e+00   2.6502e-02   2.7048e+02
20251215_00:00:00   4.9089e-01   1.1022e+02   9.8873e+00   0.0000e+00   1.2863e-01   2.6739e+02
20251215_03:00:00   4.0085e-01   9.4463e+01   8.1311e+00   0.0000e+00   8.7161e-03   2.6402e+02
20251215_06:00:00   2.4147e-01   6.3507e+01   4.6874e+00   0.0000e+00   1.3466e-04   2.6631e+02
20251215_09:00:00   1.6992e-01   4.7388e+01   3.2468e+00   0.0000e+00   0.0000e+00   2.7311e+02
20251215_12:00:00   1.8261e-01   4.9776e+01   3.5797e+00   0.0000e+00   4.4090e-03   2.7994e+02
20251215_15:00:00   1.8359e-01   5.0542e+01   3.3713e+00   0.0000e+00   3.5307e-03   2.8260e+02
20251215_18:00:00   2.4465e-01   6.3956e+01   4.6375e+00   0.0000e+00   7.3120e-06   2.8539e+02
20251215_21:00:00   3.3332e-01   8.2460e+01   5.8058e+00   0.0000e+00   0.0000e+00   2.9074e+02
20251216_00:00:00   3.2163e-01   8.0052e+01   5.5077e+00   0.0000e+00   0.0000e+00   2.9645e+02
20251216_03:00:00   3.1508e-01   7.8645e+01   5.5056e+00   0.0000e+00   0.0000e+00   2.9580e+02
20251216_06:00:00   3.0375e-01   7.6122e+01   5.3090e+00   0.0000e+00   0.0000e+00   2.9768e+02
20251216_09:00:00   2.6839e-01   6.8462e+01   4.8373e+00   0.0000e+00   0.0000e+00   2.8709e+02
20251216_12:00:00   1.8464e-01   5.0137e+01   3.3840e+00   0.0000e+00   0.0000e+00   2.8221e+02
20251216_15:00:00   1.5576e-01   4.3505e+01   2.8615e+00   0.0000e+00   0.0000e+00   2.8347e+02
20251216_18:00:00   1.6601e-01   4.6079e+01   3.0651e+00   0.0000e+00   0.0000e+00   2.8560e+02
20251216_21:00:00   1.7855e-01   4.9147e+01   3.3213e+00   0.0000e+00   0.0000e+00   2.8552e+02
20251217_00:00:00   1.7798e-01   4.8988e+01   3.3127e+00   0.0000e+00   0.0000e+00   2.8537e+02
20251217_03:00:00   1.7148e-01   4.7418e+01   3.2048e+00   0.0000e+00   0.0000e+00   2.8231e+02
20251217_06:00:00   1.5652e-01   4.3903e+01   2.9435e+00   0.0000e+00   0.0000e+00   2.7738e+02
20251217_09:00:00   1.6086e-01   4.4795e+01   3.0741e+00   0.0000e+00   0.0000e+00   2.7859e+02
20251217_12:00:00   1.6329e-01   4.5352e+01   3.1528e+00   0.0000e+00   0.0000e+00   2.7643e+02
20251217_15:00:00   1.8628e-01   5.0811e+01   3.5657e+00   0.0000e+00   0.0000e+00   2.7638e+02
20251217_18:00:00   2.4868e-01   6.4925e+01   4.7005e+00   0.0000e+00   0.0000e+00   2.7434e+02
20251217_21:00:00   2.7686e-01   7.1251e+01   5.2028e+00   0.0000e+00   0.0000e+00   2.7518e+02
20251218_00:00:00   2.8968e-01   7.4096e+01   5.3540e+00   0.0000e+00   0.0000e+00   2.7469e+02
20251218_03:00:00   2.9430e-01   7.5152e+01   5.2848e+00   0.0000e+00   0.0000e+00   2.7390e+02
20251218_06:00:00   3.0390e-01   7.7018e+01   5.4940e+00   0.0000e+00   9.5559e-04   2.7476e+02
20251218_09:00:00   4.5500e-01   1.0404e+02   8.9735e+00   0.0000e+00   8.0011e-03   2.7288e+02
20251218_12:00:00   7.2316e-01   1.4366e+02   1.3889e+01   0.0000e+00   1.1773e-01   2.7383e+02
20251218_15:00:00   2.5542e+00   2.5429e+02   2.0599e+01   5.4530e-01   1.7497e-01   2.7242e+02
20251218_18:00:00   7.5300e-01   1.4790e+02   1.1941e+01   1.2028e-02   0.0000e+00   2.8155e+02
20251218_21:00:00   7.6093e-01   1.4779e+02   1.1646e+01   3.6083e-02   4.1020e-03   2.8085e+02
20251219_00:00:00   5.0427e-01   1.1200e+02   8.9395e+00   0.0000e+00   0.0000e+00   2.7482e+02
