#            date       tau255        Tb[K]      pwv[mm] lwp[kg*m^-2] iwp[kg*m^-2]       o3[DU]
20251211_06:00:00   4.3411e-01   1.0169e+02   8.1035e+00   0.0000e+00   0.0000e+00   2.7956e+02
20251211_07:00:00   4.2801e-01   1.0060e+02   8.0004e+00   0.0000e+00   0.0000e+00   2.7936e+02
20251211_08:00:00   4.1194e-01   9.7803e+01   7.7262e+00   0.0000e+00   0.0000e+00   2.7936e+02
20251211_09:00:00   4.0150e-01   9.5928e+01   7.5254e+00   0.0000e+00   0.0000e+00   2.7938e+02
20251211_10:00:00   3.9179e-01   9.4169e+01   7.3322e+00   0.0000e+00   0.0000e+00   2.7795e+02
20251211_11:00:00   3.7688e-01   9.1442e+01   7.0561e+00   0.0000e+00   0.0000e+00   2.7632e+02
20251211_12:00:00   3.6025e-01   8.8370e+01   6.7433e+00   0.0000e+00   0.0000e+00   2.7529e+02
20251211_13:00:00   3.4798e-01   8.6041e+01   6.5084e+00   0.0000e+00   0.0000e+00   2.7524e+02
20251211_14:00:00   3.3857e-01   8.4264e+01   6.3369e+00   0.0000e+00   0.0000e+00   2.7628e+02
20251211_15:00:00   3.2363e-01   8.1448e+01   6.0558e+00   0.0000e+00   0.0000e+00   2.7720e+02
20251211_16:00:00   3.1207e-01   7.9244e+01   5.8381e+00   0.0000e+00   0.0000e+00   2.7710e+02
20251211_17:00:00   3.1000e-01   7.8937e+01   5.7816e+00   0.0000e+00   0.0000e+00   2.7740e+02
20251211_18:00:00   3.0906e-01   7.8868e+01   5.7526e+00   0.0000e+00   0.0000e+00   2.7713e+02
20251211_19:00:00   3.0390e-01   7.7922e+01   5.6632e+00   0.0000e+00   0.0000e+00   2.7805e+02
20251211_20:00:00   3.0922e-01   7.9051e+01   5.7730e+00   0.0000e+00   0.0000e+00   2.7829e+02
20251211_21:00:00   3.1520e-01   8.0253e+01   5.9067e+00   0.0000e+00   0.0000e+00   2.7935e+02
20251211_22:00:00   3.1700e-01   8.0576e+01   5.9585e+00   0.0000e+00   0.0000e+00   2.7808e+02
20251211_23:00:00   3.1594e-01   8.0289e+01   5.9439e+00   0.0000e+00   0.0000e+00   2.7596e+02
20251212_00:00:00   3.0163e-01   7.7290e+01   5.6871e+00   0.0000e+00   0.0000e+00   2.7402e+02
20251212_01:00:00   2.8754e-01   7.4361e+01   5.4358e+00   0.0000e+00   0.0000e+00   2.7211e+02
20251212_02:00:00   2.7668e-01   7.2124e+01   5.2442e+00   0.0000e+00   0.0000e+00   2.6983e+02
20251212_03:00:00   2.6807e-01   7.0295e+01   5.0841e+00   0.0000e+00   0.0000e+00   2.6995e+02
20251212_04:00:00   2.6670e-01   6.9969e+01   5.0584e+00   0.0000e+00   0.0000e+00   2.7019e+02
20251212_05:00:00   2.6984e-01   7.0610e+01   5.1285e+00   0.0000e+00   0.0000e+00   2.7015e+02
20251212_06:00:00   2.7248e-01   7.1177e+01   5.1914e+00   0.0000e+00   0.0000e+00   2.7040e+02
20251212_07:00:00   2.7855e-01   7.2432e+01   5.3118e+00   0.0000e+00   0.0000e+00   2.7066e+02
20251212_08:00:00   2.7946e-01   7.2599e+01   5.3356e+00   0.0000e+00   0.0000e+00   2.7291e+02
20251212_09:00:00   2.7720e-01   7.2057e+01   5.3186e+00   0.0000e+00   0.0000e+00   2.7353e+02
20251212_10:00:00   2.8252e-01   7.3068e+01   5.4321e+00   0.0000e+00   0.0000e+00   2.7289e+02
20251212_11:00:00   2.9435e-01   7.5458e+01   5.6523e+00   0.0000e+00   0.0000e+00   2.7473e+02
20251212_12:00:00   3.0162e-01   7.6910e+01   5.7902e+00   0.0000e+00   0.0000e+00   2.7700e+02
20251212_13:00:00   3.1136e-01   7.8836e+01   5.9840e+00   0.0000e+00   0.0000e+00   2.7829e+02
20251212_14:00:00   3.2683e-01   8.1879e+01   6.2761e+00   0.0000e+00   0.0000e+00   2.7807e+02
20251212_15:00:00   3.4481e-01   8.5354e+01   6.6098e+00   0.0000e+00   0.0000e+00   2.7780e+02
20251212_16:00:00   3.5507e-01   8.7319e+01   6.8142e+00   0.0000e+00   0.0000e+00   2.7761e+02
20251212_17:00:00   3.6505e-01   8.9254e+01   6.9992e+00   0.0000e+00   0.0000e+00   2.7948e+02
20251212_18:00:00   3.6864e-01   8.9979e+01   7.0602e+00   0.0000e+00   0.0000e+00   2.8204e+02
20251212_19:00:00   3.7677e-01   9.1552e+01   7.1944e+00   0.0000e+00   0.0000e+00   2.8245e+02
20251212_20:00:00   3.8682e-01   9.3468e+01   7.3634e+00   0.0000e+00   0.0000e+00   2.8370e+02
20251212_21:00:00   3.8894e-01   9.3868e+01   7.4010e+00   0.0000e+00   0.0000e+00   2.8301e+02
20251212_22:00:00   3.8640e-01   9.3378e+01   7.3432e+00   0.0000e+00   0.0000e+00   2.7999e+02
20251212_23:00:00   3.7984e-01   9.2113e+01   7.2100e+00   0.0000e+00   0.0000e+00   2.7785e+02
20251213_00:00:00   3.7788e-01   9.1638e+01   7.1519e+00   0.0000e+00   0.0000e+00   2.7603e+02
20251213_01:00:00   3.7291e-01   9.0645e+01   7.0431e+00   0.0000e+00   0.0000e+00   2.7588e+02
20251213_02:00:00   3.7571e-01   9.1121e+01   7.0786e+00   0.0000e+00   0.0000e+00   2.7948e+02
20251213_03:00:00   3.7542e-01   9.1055e+01   7.0505e+00   0.0000e+00   0.0000e+00   2.8360e+02
20251213_04:00:00   3.7385e-01   9.0750e+01   6.9926e+00   0.0000e+00   0.0000e+00   2.8656e+02
20251213_05:00:00   3.6541e-01   8.9176e+01   6.8232e+00   0.0000e+00   0.0000e+00   2.8603e+02
20251213_06:00:00   3.5504e-01   8.7202e+01   6.6418e+00   0.0000e+00   0.0000e+00   2.8883e+02
20251213_07:00:00   3.4278e-01   8.4832e+01   6.4166e+00   0.0000e+00   0.0000e+00   2.9052e+02
20251213_08:00:00   3.2777e-01   8.1880e+01   6.1364e+00   0.0000e+00   0.0000e+00   2.8855e+02
20251213_09:00:00   3.0675e-01   7.7695e+01   5.7311e+00   0.0000e+00   0.0000e+00   2.8651e+02
20251213_10:00:00   2.8547e-01   7.3371e+01   5.3277e+00   0.0000e+00   0.0000e+00   2.8677e+02
20251213_11:00:00   2.7396e-01   7.0972e+01   5.1148e+00   0.0000e+00   0.0000e+00   2.8783e+02
20251213_12:00:00   2.6580e-01   6.9255e+01   4.9819e+00   0.0000e+00   0.0000e+00   2.8833e+02
20251213_13:00:00   2.5968e-01   6.7981e+01   4.8886e+00   0.0000e+00   0.0000e+00   2.8876e+02
20251213_14:00:00   2.4923e-01   6.5759e+01   4.7144e+00   0.0000e+00   0.0000e+00   2.8807e+02
20251213_15:00:00   2.4274e-01   6.4396e+01   4.5901e+00   0.0000e+00   0.0000e+00   2.8720e+02
20251213_16:00:00   2.4294e-01   6.4467e+01   4.5991e+00   0.0000e+00   0.0000e+00   2.8655e+02
20251213_17:00:00   2.5268e-01   6.6643e+01   4.7823e+00   0.0000e+00   4.2080e-05   2.8531e+02
20251213_18:00:00   2.6200e-01   6.8724e+01   4.9521e+00   0.0000e+00   0.0000e+00   2.8460e+02
20251213_19:00:00   2.6567e-01   6.9567e+01   5.0361e+00   0.0000e+00   1.4624e-05   2.8462e+02
20251213_20:00:00   2.6554e-01   6.9553e+01   5.0614e+00   0.0000e+00   1.5400e-03   2.8411e+02
20251213_21:00:00   2.6569e-01   6.9637e+01   5.0560e+00   0.0000e+00   5.0498e-04   2.8363e+02
20251213_22:00:00   2.5877e-01   6.8213e+01   4.9033e+00   0.0000e+00   4.1380e-05   2.8419e+02
20251213_23:00:00   2.5563e-01   6.7573e+01   4.8096e+00   0.0000e+00   2.4300e-06   2.8442e+02
20251214_00:00:00   2.4949e-01   6.6196e+01   4.6734e+00   0.0000e+00   1.1012e-05   2.8712e+02
20251214_01:00:00   2.3405e-01   6.2862e+01   4.3648e+00   0.0000e+00   0.0000e+00   2.9166e+02
20251214_02:00:00   2.3260e-01   6.2451e+01   4.3625e+00   0.0000e+00   3.4820e-05   2.9608e+02
20251214_03:00:00   2.4096e-01   6.4171e+01   4.5381e+00   0.0000e+00   0.0000e+00   2.9483e+02
20251214_04:00:00   2.5215e-01   6.6549e+01   4.7473e+00   0.0000e+00   5.5060e-06   2.9264e+02
20251214_05:00:00   2.6085e-01   6.8390e+01   4.8970e+00   0.0000e+00   0.0000e+00   2.8913e+02
20251214_06:00:00   2.7097e-01   7.0510e+01   5.0685e+00   0.0000e+00   0.0000e+00   2.8588e+02
20251214_07:00:00   2.8435e-01   7.3189e+01   5.3279e+00   0.0000e+00   0.0000e+00   2.8400e+02
20251214_08:00:00   2.9427e-01   7.5148e+01   5.4953e+00   0.0000e+00   1.0968e-05   2.8192e+02
20251214_09:00:00   3.1931e-01   8.0139e+01   5.8717e+00   0.0000e+00   5.1376e-05   2.8238e+02
20251214_10:00:00   3.3650e-01   8.3393e+01   6.0624e+00   0.0000e+00   1.5896e-05   2.8007e+02
20251214_11:00:00   3.5468e-01   8.6740e+01   6.2759e+00   0.0000e+00   0.0000e+00   2.7688e+02
20251214_12:00:00   3.8634e-01   9.2535e+01   6.5684e+00   2.7940e-03   5.7866e-05   2.7271e+02
20251214_13:00:00   5.3068e-01   1.1739e+02   7.0227e+00   4.5700e-02   1.6374e-04   2.6975e+02
20251214_14:00:00   6.0112e-01   1.2807e+02   7.2540e+00   6.5390e-02   1.0322e-03   2.6913e+02
20251214_15:00:00   6.0325e-01   1.2835e+02   7.6374e+00   5.5230e-02   2.6361e-03   2.6913e+02
20251214_16:00:00   6.8490e-01   1.4010e+02   8.1191e+00   7.3090e-02   1.9153e-03   2.6968e+02
20251214_17:00:00   8.3640e-01   1.5949e+02   8.4188e+00   1.2287e-01   3.1745e-03   2.6969e+02
20251214_18:00:00   7.1580e-01   1.4443e+02   8.2843e+00   7.8060e-02   3.9917e-03   2.6830e+02
20251214_19:00:00   6.0998e-01   1.2957e+02   8.3185e+00   3.6840e-02   3.9067e-03   2.6748e+02
20251214_20:00:00   5.2532e-01   1.1647e+02   8.1818e+00   8.3000e-03   4.8930e-03   2.6794e+02
20251214_21:00:00   4.9272e-01   1.1118e+02   8.0945e+00   2.6690e-04   7.0826e-03   2.6836e+02
20251214_22:00:00   4.7638e-01   1.0843e+02   7.9554e+00   1.0687e-06   1.4919e-02   2.7062e+02
20251214_23:00:00   4.6679e-01   1.0664e+02   7.9201e+00   0.0000e+00   2.2610e-02   2.7295e+02
20251215_00:00:00   4.6020e-01   1.0534e+02   7.9257e+00   0.0000e+00   3.7033e-02   2.7612e+02
20251215_01:00:00   4.4935e-01   1.0343e+02   7.8405e+00   0.0000e+00   1.8538e-02   2.7809e+02
20251215_02:00:00   4.4981e-01   1.0355e+02   7.8809e+00   0.0000e+00   1.5532e-02   2.8011e+02
20251215_03:00:00   4.5856e-01   1.0515e+02   8.0310e+00   0.0000e+00   1.6538e-02   2.8064e+02
20251215_04:00:00   4.7736e-01   1.0849e+02   8.2931e+00   0.0000e+00   2.3069e-02   2.8068e+02
20251215_05:00:00   4.9306e-01   1.1122e+02   8.5618e+00   0.0000e+00   2.3669e-02   2.8031e+02
20251215_06:00:00   5.0605e-01   1.1341e+02   8.7945e+00   0.0000e+00   1.6852e-02   2.7919e+02
20251215_07:00:00   5.1037e-01   1.1414e+02   8.8970e+00   0.0000e+00   2.4967e-02   2.7962e+02
20251215_08:00:00   5.1527e-01   1.1482e+02   9.0460e+00   0.0000e+00   4.0284e-02   2.7794e+02
20251215_09:00:00   5.3834e-01   1.1828e+02   9.6257e+00   0.0000e+00   5.9366e-02   2.7550e+02
20251215_10:00:00   5.2962e-01   1.1689e+02   9.6063e+00   0.0000e+00   3.0146e-02   2.7315e+02
20251215_11:00:00   5.0932e-01   1.1374e+02   9.2125e+00   0.0000e+00   1.4112e-02   2.6908e+02
20251215_12:00:00   5.1481e-01   1.1453e+02   9.2752e+00   0.0000e+00   8.2702e-02   2.6603e+02
20251215_13:00:00   5.0285e-01   1.1278e+02   8.9565e+00   0.0000e+00   3.8701e-02   2.6647e+02
20251215_14:00:00   5.1363e-01   1.1466e+02   9.1327e+00   0.0000e+00   1.5311e-02   2.6606e+02
20251215_15:00:00   5.6990e-01   1.2377e+02   1.0155e+01   3.3480e-06   1.5208e-02   2.6503e+02
20251215_16:00:00   6.1774e-01   1.3114e+02   1.1078e+01   0.0000e+00   7.8726e-03   2.6526e+02
20251215_17:00:00   6.7363e-01   1.3939e+02   1.2013e+01   0.0000e+00   1.4332e-02   2.6471e+02
20251215_18:00:00   7.5746e-01   1.5095e+02   1.3256e+01   0.0000e+00   2.7008e-02   2.6480e+02
20251215_19:00:00   7.9811e-01   1.5627e+02   1.3764e+01   0.0000e+00   4.0308e-02   2.6519e+02
20251215_20:00:00   8.1988e-01   1.5904e+02   1.4006e+01   0.0000e+00   5.7673e-02   2.6590e+02
20251215_21:00:00   8.4317e-01   1.6192e+02   1.4309e+01   0.0000e+00   4.9958e-02   2.6940e+02
20251215_22:00:00   8.4447e-01   1.6206e+02   1.4338e+01   0.0000e+00   8.1036e-02   2.7008e+02
20251215_23:00:00   8.1840e-01   1.5891e+02   1.4107e+01   0.0000e+00   7.8200e-02   2.6985e+02
20251216_00:00:00   7.5668e-01   1.5108e+02   1.3249e+01   0.0000e+00   7.8123e-02   2.6988e+02
20251216_01:00:00   7.2464e-01   1.4688e+02   1.2557e+01   0.0000e+00   5.3264e-02   2.7020e+02
20251216_02:00:00   6.6509e-01   1.3867e+02   1.1631e+01   0.0000e+00   9.7703e-03   2.7098e+02
20251216_03:00:00   6.3181e-01   1.3352e+02   1.1405e+01   0.0000e+00   1.9510e-02   2.6979e+02
20251216_04:00:00   6.3341e-01   1.3338e+02   1.1674e+01   0.0000e+00   4.3456e-02   2.6974e+02
20251216_05:00:00   6.3173e-01   1.3293e+02   1.1734e+01   0.0000e+00   6.5446e-02   2.6986e+02
20251216_06:00:00   6.4450e-01   1.3483e+02   1.1893e+01   0.0000e+00   5.2737e-02   2.6924e+02
20251216_09:00:00   6.3275e-01   1.3313e+02   1.1571e+01   0.0000e+00   2.2139e-01   2.6895e+02
20251216_12:00:00   4.9209e-01   1.1198e+02   8.7227e+00   0.0000e+00   0.0000e+00   2.6288e+02
20251216_15:00:00   2.8263e-01   7.2674e+01   4.9077e+00   0.0000e+00   0.0000e+00   2.6755e+02
20251216_18:00:00   2.8049e-01   7.2308e+01   4.9436e+00   0.0000e+00   0.0000e+00   2.6448e+02
20251216_21:00:00   2.4744e-01   6.5135e+01   4.5277e+00   0.0000e+00   0.0000e+00   2.5782e+02
20251217_00:00:00   2.2470e-01   5.9644e+01   4.3071e+00   0.0000e+00   0.0000e+00   2.5649e+02
20251217_03:00:00   2.0880e-01   5.6194e+01   4.0480e+00   0.0000e+00   3.0040e-03   2.6108e+02
20251217_06:00:00   2.1735e-01   5.7737e+01   4.3966e+00   0.0000e+00   0.0000e+00   2.6149e+02
20251217_09:00:00   2.2686e-01   6.0342e+01   4.5020e+00   0.0000e+00   0.0000e+00   2.5763e+02
20251217_12:00:00   2.9602e-01   7.5257e+01   5.8711e+00   0.0000e+00   0.0000e+00   2.5454e+02
20251217_15:00:00   3.1413e-01   7.8685e+01   6.3592e+00   0.0000e+00   0.0000e+00   2.5290e+02
20251217_18:00:00   3.4990e-01   8.5749e+01   7.2497e+00   0.0000e+00   0.0000e+00   2.5210e+02
20251217_21:00:00   4.0102e-01   9.5825e+01   8.3676e+00   0.0000e+00   1.0123e-03   2.5189e+02
20251218_00:00:00   3.8650e-01   9.3414e+01   8.0488e+00   0.0000e+00   4.9322e-03   2.5388e+02
20251218_03:00:00   2.9803e-01   7.6176e+01   6.1616e+00   0.0000e+00   0.0000e+00   2.5214e+02
20251218_06:00:00   2.6161e-01   6.8646e+01   5.4074e+00   0.0000e+00   0.0000e+00   2.5010e+02
20251218_09:00:00   2.4862e-01   6.5879e+01   5.1182e+00   0.0000e+00   0.0000e+00   2.4830e+02
20251218_12:00:00   2.2699e-01   6.1167e+01   4.6491e+00   0.0000e+00   0.0000e+00   2.4819e+02
20251218_15:00:00   2.1447e-01   5.8470e+01   4.3472e+00   0.0000e+00   0.0000e+00   2.5047e+02
20251218_18:00:00   2.3623e-01   6.3560e+01   4.7359e+00   0.0000e+00   0.0000e+00   2.5152e+02
20251218_21:00:00   2.4430e-01   6.5366e+01   4.9166e+00   0.0000e+00   0.0000e+00   2.5154e+02
20251219_00:00:00   2.4339e-01   6.4985e+01   4.9076e+00   0.0000e+00   3.4340e-05   2.5023e+02
20251219_03:00:00   2.5341e-01   6.6469e+01   5.2651e+00   0.0000e+00   3.2795e-03   2.5070e+02
20251219_06:00:00   2.1693e-01   5.8517e+01   4.4694e+00   0.0000e+00   7.3042e-03   2.4937e+02
20251219_09:00:00   3.1019e-01   7.7998e+01   6.5040e+00   0.0000e+00   3.7445e-03   2.4843e+02
20251219_12:00:00   4.3927e-01   1.0260e+02   8.9504e+00   0.0000e+00   7.5094e-03   2.4871e+02
20251219_15:00:00   4.4744e-01   1.0420e+02   9.1288e+00   0.0000e+00   1.4383e-02   2.5097e+02
20251219_18:00:00   4.1238e-01   9.8175e+01   8.4408e+00   0.0000e+00   2.5422e-02   2.5218e+02
20251219_21:00:00   3.9357e-01   9.4801e+01   8.0883e+00   0.0000e+00   1.2757e-03   2.4901e+02
20251220_00:00:00   4.9870e-01   1.1300e+02   1.0104e+01   0.0000e+00   1.3088e-02   2.4878e+02
20251220_03:00:00   5.7282e-01   1.2471e+02   1.1518e+01   0.0000e+00   6.2017e-03   2.4794e+02
20251220_06:00:00   6.2348e-01   1.3234e+02   1.2365e+01   0.0000e+00   1.6142e-03   2.4862e+02
20251220_09:00:00   6.1612e-01   1.3154e+02   1.2100e+01   0.0000e+00   2.1638e-03   2.5000e+02
20251220_12:00:00   5.4737e-01   1.2082e+02   1.0821e+01   0.0000e+00   1.9034e-04   2.5150e+02
20251220_15:00:00   3.7986e-01   9.1944e+01   7.5065e+00   0.0000e+00   0.0000e+00   2.5097e+02
20251220_18:00:00   3.5315e-01   8.7112e+01   6.9390e+00   0.0000e+00   0.0000e+00   2.5024e+02
20251220_21:00:00   3.5575e-01   8.7863e+01   6.9794e+00   0.0000e+00   0.0000e+00   2.4911e+02
20251221_00:00:00   3.4523e-01   8.5751e+01   6.7923e+00   0.0000e+00   0.0000e+00   2.4645e+02
20251221_03:00:00   3.7983e-01   9.2163e+01   7.5969e+00   0.0000e+00   3.0523e-03   2.4411e+02
20251221_06:00:00   4.9144e-01   1.1180e+02   9.8900e+00   0.0000e+00   4.1482e-03   2.4479e+02
20251221_09:00:00   5.7012e-01   1.2511e+02   1.1089e+01   0.0000e+00   7.1576e-04   2.4727e+02
20251221_12:00:00   5.2500e-01   1.1828e+02   1.0053e+01   0.0000e+00   4.5060e-05   2.4693e+02
20251221_15:00:00   4.5297e-01   1.0624e+02   8.6805e+00   0.0000e+00   1.4372e-03   2.4620e+02
20251221_18:00:00   4.3615e-01   1.0328e+02   8.4131e+00   0.0000e+00   2.8489e-02   2.5053e+02
20251221_21:00:00   3.9606e-01   9.6077e+01   7.6974e+00   0.0000e+00   2.9530e-02   2.5148e+02
20251222_00:00:00   3.6321e-01   8.9821e+01   7.0278e+00   0.0000e+00   1.1348e-02   2.5235e+02
20251222_03:00:00   3.5658e-01   8.8208e+01   7.0062e+00   0.0000e+00   1.2808e-02   2.5522e+02
20251222_06:00:00   3.7201e-01   9.0846e+01   7.4716e+00   0.0000e+00   1.8140e-03   2.5739e+02
20251222_09:00:00   4.0875e-01   9.7694e+01   8.1310e+00   0.0000e+00   6.1220e-04   2.5928e+02
20251222_12:00:00   3.8959e-01   9.4261e+01   7.6629e+00   0.0000e+00   2.1021e-03   2.6131e+02
20251222_15:00:00   3.3091e-01   8.2541e+01   6.5893e+00   0.0000e+00   5.8798e-03   2.6091e+02
20251222_18:00:00   2.9094e-01   7.4390e+01   5.8223e+00   0.0000e+00   1.9710e-02   2.5913e+02
20251222_21:00:00   3.0332e-01   7.7109e+01   6.0120e+00   0.0000e+00   2.0274e-02   2.5880e+02
20251223_00:00:00   3.3028e-01   8.2720e+01   6.4938e+00   0.0000e+00   4.3274e-03   2.6096e+02
20251223_03:00:00   3.2023e-01   8.0459e+01   6.3275e+00   0.0000e+00   5.3879e-04   2.6512e+02
20251223_06:00:00   2.8561e-01   7.3322e+01   5.5910e+00   0.0000e+00   0.0000e+00   2.6472e+02
20251223_09:00:00   3.1919e-01   8.0311e+01   6.1591e+00   0.0000e+00   0.0000e+00   2.6309e+02
20251223_12:00:00   3.2895e-01   8.1708e+01   6.5973e+00   0.0000e+00   5.9120e-04   2.6405e+02
20251223_15:00:00   3.2387e-01   8.0324e+01   6.6466e+00   0.0000e+00   9.4889e-03   2.6670e+02
20251223_18:00:00   3.8034e-01   9.1245e+01   7.8429e+00   0.0000e+00   1.2103e-02   2.6553e+02
20251223_21:00:00   4.1414e-01   9.7937e+01   8.4456e+00   0.0000e+00   1.4514e-03   2.6591e+02
20251224_00:00:00   4.2172e-01   9.9213e+01   8.4491e+00   0.0000e+00   1.9346e-03   2.6348e+02
20251224_03:00:00   4.2188e-01   9.9160e+01   8.4742e+00   0.0000e+00   3.4576e-03   2.6169e+02
20251224_06:00:00   4.7859e-01   1.0889e+02   9.4123e+00   0.0000e+00   4.4680e-03   2.5950e+02
20251224_09:00:00   6.4013e-01   1.3394e+02   1.2073e+01   0.0000e+00   1.6456e-03   2.5984e+02
20251224_12:00:00   7.5118e-01   1.4826e+02   1.3686e+01   0.0000e+00   3.7710e-03   2.6568e+02
20251224_15:00:00   7.7117e-01   1.5003e+02   1.3171e+01   4.6710e-03   2.5320e-03   2.7141e+02
20251224_18:00:00   6.2553e-01   1.3020e+02   1.0950e+01   6.8660e-05   2.5619e-03   2.7488e+02
20251224_21:00:00   5.0967e-01   1.1255e+02   9.2683e+00   0.0000e+00   5.7680e-04   2.7308e+02
20251225_00:00:00   5.7233e-01   1.2254e+02   1.0445e+01   0.0000e+00   5.3200e-05   2.7875e+02
20251225_03:00:00   8.1798e-01   1.5507e+02   1.4985e+01   0.0000e+00   1.8911e-02   2.7073e+02
20251225_06:00:00   6.4693e-01   1.3290e+02   1.2193e+01   0.0000e+00   1.9356e-03   2.7209e+02
20251225_09:00:00   8.2505e-01   1.5533e+02   1.5304e+01   0.0000e+00   6.8276e-02   2.6931e+02
20251225_12:00:00   1.0260e+00   1.7752e+02   1.8225e+01   0.0000e+00   9.0494e-02   2.6806e+02
20251225_15:00:00   1.5289e+00   2.1643e+02   2.0948e+01   1.2112e-01   4.9099e-01   2.6772e+02
20251225_18:00:00   2.0872e+00   2.4240e+02   2.2376e+01   2.9940e-01   5.9452e-01   2.6870e+02
20251225_21:00:00   1.2658e+00   1.9938e+02   2.0984e+01   1.9172e-02   1.5692e-01   2.6635e+02
20251226_00:00:00   1.6199e+00   2.2269e+02   2.1485e+01   1.3857e-01   1.6965e-01   2.6633e+02
20251226_03:00:00   1.5141e+00   2.1681e+02   2.0689e+01   1.1993e-01   3.9613e-02   2.6067e+02
20251226_06:00:00   1.2763e+00   2.0043e+02   2.1178e+01   7.2260e-03   1.0187e-01   2.5652e+02
20251226_09:00:00   1.6877e+00   2.2660e+02   2.1678e+01   1.5782e-01   1.0189e-01   2.5397e+02
20251226_12:00:00   1.1055e+00   1.8662e+02   1.9026e+01   1.4302e-03   1.5495e-01   2.5514e+02
20251226_15:00:00   4.6341e-01   1.0516e+02   8.5516e+00   0.0000e+00   1.2244e-03   2.5791e+02
20251226_18:00:00   4.7135e-01   1.0700e+02   8.5176e+00   0.0000e+00   9.3177e-05   2.5915e+02
20251226_21:00:00   4.8816e-01   1.0999e+02   9.1779e+00   0.0000e+00   0.0000e+00   2.5433e+02
20251227_00:00:00   6.1498e-01   1.3020e+02   1.1543e+01   0.0000e+00   1.2556e-03   2.5207e+02
20251227_03:00:00   7.6657e-01   1.5140e+02   1.3809e+01   0.0000e+00   8.7155e-05   2.4551e+02
20251227_06:00:00   7.9230e-01   1.5530e+02   1.4062e+01   0.0000e+00   1.1566e-04   2.4603e+02
