#            date       tau255        Tb[K]      pwv[mm] lwp[kg*m^-2] iwp[kg*m^-2]       o3[DU]
20251209_06:00:00   1.7859e-01   4.8847e+01   3.4314e+00   0.0000e+00   0.0000e+00   2.8666e+02
20251209_07:00:00   1.7429e-01   4.7957e+01   3.3138e+00   0.0000e+00   0.0000e+00   2.8786e+02
20251209_08:00:00   1.7487e-01   4.8140e+01   3.2936e+00   0.0000e+00   0.0000e+00   2.9027e+02
20251209_09:00:00   1.7112e-01   4.7433e+01   3.1811e+00   0.0000e+00   0.0000e+00   2.9154e+02
20251209_10:00:00   1.6706e-01   4.6646e+01   3.0730e+00   0.0000e+00   0.0000e+00   2.9149e+02
20251209_11:00:00   1.6172e-01   4.5565e+01   2.9333e+00   0.0000e+00   0.0000e+00   2.9214e+02
20251209_12:00:00   1.5657e-01   4.4477e+01   2.7933e+00   0.0000e+00   0.0000e+00   2.9470e+02
20251209_13:00:00   1.5425e-01   4.3992e+01   2.7274e+00   0.0000e+00   0.0000e+00   2.9566e+02
20251209_14:00:00   1.5733e-01   4.4725e+01   2.7728e+00   0.0000e+00   0.0000e+00   2.9619e+02
20251209_15:00:00   1.5632e-01   4.4584e+01   2.7370e+00   0.0000e+00   0.0000e+00   2.9293e+02
20251209_16:00:00   1.5397e-01   4.4095e+01   2.6985e+00   0.0000e+00   0.0000e+00   2.9142e+02
20251209_17:00:00   1.5386e-01   4.4100e+01   2.7074e+00   0.0000e+00   0.0000e+00   2.9056e+02
20251209_18:00:00   1.4949e-01   4.3115e+01   2.6311e+00   0.0000e+00   0.0000e+00   2.9106e+02
20251209_19:00:00   1.4264e-01   4.1526e+01   2.5073e+00   0.0000e+00   0.0000e+00   2.8917e+02
20251209_20:00:00   1.3657e-01   4.0082e+01   2.4010e+00   0.0000e+00   0.0000e+00   2.8709e+02
20251209_21:00:00   1.2816e-01   3.8042e+01   2.2457e+00   0.0000e+00   0.0000e+00   2.8615e+02
20251209_22:00:00   1.2554e-01   3.7404e+01   2.1890e+00   0.0000e+00   0.0000e+00   2.8783e+02
20251209_23:00:00   1.2382e-01   3.6969e+01   2.1453e+00   0.0000e+00   0.0000e+00   2.8926e+02
20251210_00:00:00   1.1932e-01   3.5838e+01   2.0529e+00   0.0000e+00   0.0000e+00   2.8888e+02
20251210_01:00:00   1.2335e-01   3.6809e+01   2.1652e+00   0.0000e+00   0.0000e+00   2.8480e+02
20251210_02:00:00   1.3095e-01   3.8645e+01   2.3553e+00   0.0000e+00   0.0000e+00   2.8328e+02
20251210_03:00:00   1.4328e-01   4.1636e+01   2.6436e+00   0.0000e+00   0.0000e+00   2.8457e+02
20251210_04:00:00   1.6708e-01   4.7330e+01   3.1606e+00   0.0000e+00   0.0000e+00   2.8504e+02
20251210_05:00:00   1.9442e-01   5.3611e+01   3.7585e+00   0.0000e+00   0.0000e+00   2.8752e+02
20251210_06:00:00   2.2388e-01   6.0215e+01   4.3983e+00   0.0000e+00   0.0000e+00   2.8884e+02
20251210_07:00:00   2.5836e-01   6.7722e+01   5.1137e+00   0.0000e+00   0.0000e+00   2.8904e+02
20251210_08:00:00   2.8970e-01   7.4306e+01   5.7378e+00   0.0000e+00   0.0000e+00   2.8929e+02
20251210_09:00:00   3.1130e-01   7.8737e+01   6.1557e+00   0.0000e+00   0.0000e+00   2.8967e+02
20251210_10:00:00   3.1823e-01   8.0226e+01   6.2919e+00   0.0000e+00   0.0000e+00   2.8765e+02
20251210_11:00:00   3.3600e-01   8.3532e+01   6.6510e+00   0.0000e+00   1.0348e-06   2.8255e+02
20251210_12:00:00   3.4400e-01   8.5078e+01   6.8059e+00   0.0000e+00   0.0000e+00   2.7848e+02
20251210_13:00:00   3.5655e-01   8.7457e+01   6.9991e+00   0.0000e+00   0.0000e+00   2.7683e+02
20251210_14:00:00   3.6546e-01   8.9047e+01   7.1210e+00   0.0000e+00   0.0000e+00   2.7494e+02
20251210_15:00:00   3.7135e-01   9.0058e+01   7.1211e+00   0.0000e+00   0.0000e+00   2.7642e+02
20251210_16:00:00   3.8264e-01   9.2100e+01   7.2429e+00   0.0000e+00   0.0000e+00   2.7532e+02
20251210_17:00:00   4.0684e-01   9.6304e+01   7.6954e+00   0.0000e+00   0.0000e+00   2.7628e+02
20251210_18:00:00   4.0793e-01   9.6352e+01   7.7278e+00   0.0000e+00   0.0000e+00   2.7664e+02
20251210_19:00:00   4.1095e-01   9.6865e+01   7.7484e+00   0.0000e+00   0.0000e+00   2.7683e+02
20251210_20:00:00   4.2068e-01   9.8758e+01   7.9354e+00   0.0000e+00   0.0000e+00   2.7855e+02
20251210_21:00:00   4.3000e-01   1.0051e+02   8.0408e+00   0.0000e+00   0.0000e+00   2.7981e+02
20251210_22:00:00   4.3469e-01   1.0144e+02   8.0704e+00   0.0000e+00   0.0000e+00   2.8099e+02
20251210_23:00:00   4.3225e-01   1.0100e+02   7.9587e+00   0.0000e+00   0.0000e+00   2.8267e+02
20251211_00:00:00   4.2272e-01   9.9289e+01   7.7030e+00   0.0000e+00   0.0000e+00   2.8363e+02
20251211_01:00:00   4.0696e-01   9.6478e+01   7.3684e+00   0.0000e+00   0.0000e+00   2.8382e+02
20251211_02:00:00   3.9504e-01   9.4375e+01   7.1323e+00   0.0000e+00   0.0000e+00   2.8437e+02
20251211_03:00:00   3.8021e-01   9.1699e+01   6.8890e+00   0.0000e+00   0.0000e+00   2.8494e+02
20251211_04:00:00   3.6534e-01   8.9009e+01   6.6669e+00   0.0000e+00   7.3120e-06   2.8374e+02
20251211_05:00:00   3.5197e-01   8.6557e+01   6.4707e+00   0.0000e+00   8.3480e-06   2.8304e+02
20251211_06:00:00   3.4287e-01   8.4838e+01   6.3180e+00   0.0000e+00   4.3020e-05   2.8128e+02
20251211_07:00:00   3.3889e-01   8.4070e+01   6.2546e+00   0.0000e+00   1.9594e-05   2.8118e+02
20251211_08:00:00   3.3585e-01   8.3543e+01   6.2143e+00   0.0000e+00   0.0000e+00   2.8272e+02
20251211_09:00:00   3.3497e-01   8.3430e+01   6.1975e+00   0.0000e+00   0.0000e+00   2.8266e+02
20251211_10:00:00   3.3840e-01   8.4138e+01   6.2398e+00   0.0000e+00   0.0000e+00   2.8081e+02
20251211_11:00:00   3.4411e-01   8.5285e+01   6.3350e+00   0.0000e+00   0.0000e+00   2.7950e+02
20251211_12:00:00   3.4235e-01   8.5017e+01   6.2930e+00   0.0000e+00   0.0000e+00   2.7828e+02
20251211_13:00:00   3.4069e-01   8.4750e+01   6.2498e+00   0.0000e+00   0.0000e+00   2.7693e+02
20251211_14:00:00   3.4483e-01   8.5589e+01   6.3145e+00   0.0000e+00   0.0000e+00   2.7647e+02
20251211_15:00:00   3.4855e-01   8.6385e+01   6.3796e+00   0.0000e+00   0.0000e+00   2.7638e+02
20251211_16:00:00   3.4572e-01   8.5964e+01   6.3411e+00   0.0000e+00   0.0000e+00   2.7601e+02
20251211_17:00:00   3.4346e-01   8.5600e+01   6.3097e+00   0.0000e+00   0.0000e+00   2.7510e+02
20251211_18:00:00   3.4283e-01   8.5546e+01   6.3113e+00   0.0000e+00   0.0000e+00   2.7550e+02
20251211_19:00:00   3.3487e-01   8.4058e+01   6.1857e+00   0.0000e+00   0.0000e+00   2.7557e+02
20251211_20:00:00   3.2272e-01   8.1708e+01   5.9690e+00   0.0000e+00   0.0000e+00   2.7485e+02
20251211_21:00:00   3.0674e-01   7.8508e+01   5.6737e+00   0.0000e+00   0.0000e+00   2.7458e+02
20251211_22:00:00   2.9297e-01   7.5695e+01   5.4177e+00   0.0000e+00   0.0000e+00   2.7499e+02
20251211_23:00:00   2.8254e-01   7.3482e+01   5.2100e+00   0.0000e+00   0.0000e+00   2.7471e+02
20251212_00:00:00   2.6500e-01   6.9703e+01   4.8685e+00   0.0000e+00   0.0000e+00   2.7489e+02
20251212_01:00:00   2.5132e-01   6.6704e+01   4.6199e+00   0.0000e+00   0.0000e+00   2.7644e+02
20251212_02:00:00   2.5137e-01   6.6676e+01   4.6353e+00   0.0000e+00   0.0000e+00   2.7798e+02
20251212_03:00:00   2.6031e-01   6.8564e+01   4.8407e+00   0.0000e+00   0.0000e+00   2.7924e+02
20251212_04:00:00   2.7622e-01   7.1928e+01   5.1890e+00   0.0000e+00   0.0000e+00   2.8030e+02
20251212_05:00:00   2.9676e-01   7.6164e+01   5.6093e+00   0.0000e+00   0.0000e+00   2.8115e+02
20251212_06:00:00   3.0642e-01   7.8088e+01   5.8103e+00   0.0000e+00   0.0000e+00   2.8118e+02
20251212_07:00:00   3.0616e-01   7.7990e+01   5.8212e+00   0.0000e+00   0.0000e+00   2.7984e+02
20251212_08:00:00   3.0686e-01   7.8166e+01   5.8309e+00   0.0000e+00   0.0000e+00   2.7831e+02
20251212_09:00:00   3.0935e-01   7.8707e+01   5.8746e+00   0.0000e+00   0.0000e+00   2.7755e+02
20251212_10:00:00   3.1722e-01   8.0223e+01   6.0411e+00   0.0000e+00   0.0000e+00   2.7809e+02
20251212_11:00:00   3.2460e-01   8.1597e+01   6.2140e+00   0.0000e+00   0.0000e+00   2.7894e+02
20251212_12:00:00   3.2879e-01   8.2332e+01   6.3153e+00   0.0000e+00   0.0000e+00   2.8021e+02
20251212_13:00:00   3.3397e-01   8.3254e+01   6.4299e+00   0.0000e+00   0.0000e+00   2.8169e+02
20251212_14:00:00   3.4791e-01   8.5953e+01   6.6856e+00   0.0000e+00   0.0000e+00   2.8246e+02
20251212_15:00:00   3.6848e-01   8.9916e+01   7.0512e+00   0.0000e+00   0.0000e+00   2.8419e+02
20251212_16:00:00   3.8196e-01   9.2447e+01   7.2977e+00   0.0000e+00   0.0000e+00   2.8422e+02
20251212_17:00:00   3.9477e-01   9.4818e+01   7.5383e+00   0.0000e+00   0.0000e+00   2.8500e+02
20251212_18:00:00   4.0381e-01   9.6538e+01   7.7301e+00   0.0000e+00   0.0000e+00   2.8531e+02
20251212_19:00:00   4.1027e-01   9.7773e+01   7.8406e+00   0.0000e+00   0.0000e+00   2.8482e+02
20251212_20:00:00   4.0053e-01   9.6100e+01   7.6403e+00   0.0000e+00   0.0000e+00   2.8311e+02
20251212_21:00:00   3.9813e-01   9.5722e+01   7.5653e+00   0.0000e+00   0.0000e+00   2.8229e+02
20251212_22:00:00   4.0262e-01   9.6580e+01   7.6078e+00   0.0000e+00   0.0000e+00   2.8143e+02
20251212_23:00:00   4.0785e-01   9.7557e+01   7.6684e+00   0.0000e+00   0.0000e+00   2.8179e+02
20251213_00:00:00   4.0986e-01   9.7872e+01   7.6747e+00   0.0000e+00   0.0000e+00   2.8150e+02
20251213_01:00:00   4.0392e-01   9.6736e+01   7.5441e+00   0.0000e+00   0.0000e+00   2.8250e+02
20251213_02:00:00   3.9977e-01   9.5920e+01   7.4641e+00   0.0000e+00   0.0000e+00   2.8288e+02
20251213_03:00:00   4.0134e-01   9.6164e+01   7.4820e+00   0.0000e+00   0.0000e+00   2.8445e+02
20251213_04:00:00   4.0053e-01   9.5994e+01   7.4510e+00   0.0000e+00   0.0000e+00   2.8763e+02
20251213_05:00:00   3.9681e-01   9.5326e+01   7.3632e+00   0.0000e+00   0.0000e+00   2.8883e+02
20251213_06:00:00   3.8649e-01   9.3424e+01   7.1713e+00   0.0000e+00   0.0000e+00   2.8898e+02
20251213_07:00:00   3.7456e-01   9.1169e+01   6.9590e+00   0.0000e+00   0.0000e+00   2.8806e+02
20251213_08:00:00   3.6026e-01   8.8468e+01   6.6743e+00   0.0000e+00   0.0000e+00   2.8687e+02
20251213_09:00:00   3.5686e-01   8.7752e+01   6.6094e+00   0.0000e+00   0.0000e+00   2.8777e+02
20251213_10:00:00   3.4462e-01   8.5351e+01   6.3914e+00   0.0000e+00   0.0000e+00   2.8687e+02
20251213_11:00:00   3.2666e-01   8.1806e+01   6.0773e+00   0.0000e+00   4.1880e-05   2.8760e+02
20251213_12:00:00   3.1121e-01   7.8739e+01   5.8013e+00   0.0000e+00   4.5980e-04   2.8856e+02
20251213_13:00:00   3.0625e-01   7.7714e+01   5.7290e+00   0.0000e+00   2.7500e-05   2.8759e+02
20251213_14:00:00   3.0432e-01   7.7250e+01   5.7330e+00   0.0000e+00   0.0000e+00   2.8547e+02
20251213_15:00:00   2.9721e-01   7.5859e+01   5.5976e+00   0.0000e+00   4.6920e-06   2.8244e+02
20251213_16:00:00   2.9089e-01   7.4646e+01   5.4817e+00   0.0000e+00   2.1480e-04   2.8107e+02
20251213_17:00:00   2.9000e-01   7.4591e+01   5.4476e+00   0.0000e+00   3.6640e-04   2.8094e+02
20251213_18:00:00   2.9892e-01   7.6517e+01   5.6087e+00   0.0000e+00   0.0000e+00   2.8010e+02
20251213_19:00:00   2.9759e-01   7.6309e+01   5.6063e+00   0.0000e+00   0.0000e+00   2.7976e+02
20251213_20:00:00   2.9726e-01   7.6324e+01   5.5939e+00   0.0000e+00   0.0000e+00   2.7985e+02
20251213_21:00:00   3.0212e-01   7.7325e+01   5.6987e+00   0.0000e+00   0.0000e+00   2.7984e+02
20251213_22:00:00   2.8801e-01   7.4416e+01   5.4428e+00   0.0000e+00   0.0000e+00   2.8156e+02
20251213_23:00:00   2.8438e-01   7.3686e+01   5.3442e+00   0.0000e+00   0.0000e+00   2.8278e+02
20251214_00:00:00   2.8061e-01   7.2829e+01   5.2548e+00   0.0000e+00   0.0000e+00   2.8172e+02
20251214_01:00:00   2.7188e-01   7.0945e+01   5.0903e+00   0.0000e+00   0.0000e+00   2.7912e+02
20251214_02:00:00   2.6588e-01   6.9654e+01   4.9819e+00   0.0000e+00   0.0000e+00   2.7699e+02
20251214_03:00:00   2.6278e-01   6.8956e+01   4.9237e+00   0.0000e+00   0.0000e+00   2.7741e+02
20251214_04:00:00   2.7106e-01   7.0644e+01   5.0810e+00   0.0000e+00   5.1180e-05   2.7964e+02
20251214_05:00:00   2.7876e-01   7.2206e+01   5.2085e+00   0.0000e+00   2.3100e-04   2.8335e+02
20251214_06:00:00   2.8194e-01   7.2788e+01   5.2705e+00   0.0000e+00   3.5100e-05   2.8573e+02
20251214_09:00:00   2.9160e-01   7.4519e+01   5.4721e+00   0.0000e+00   5.4859e-04   2.8319e+02
20251214_12:00:00   3.3971e-01   8.3589e+01   6.3406e+00   0.0000e+00   6.3481e-03   2.8396e+02
20251214_15:00:00   3.5777e-01   8.6975e+01   6.5809e+00   0.0000e+00   5.0952e-03   2.7901e+02
20251214_18:00:00   4.5414e-01   1.0488e+02   7.8867e+00   0.0000e+00   8.5121e-05   2.7857e+02
20251214_21:00:00   5.3529e-01   1.1874e+02   9.2136e+00   0.0000e+00   5.3337e-04   2.7486e+02
20251215_00:00:00   5.8411e-01   1.2588e+02   1.0055e+01   0.0000e+00   2.6690e-03   2.6990e+02
20251215_03:00:00   7.1932e-01   1.4532e+02   1.1293e+01   1.9475e-02   1.3385e-02   2.6629e+02
20251215_06:00:00   1.2407e+00   2.0058e+02   1.2780e+01   1.8390e-01   6.1657e-02   2.6639e+02
20251215_09:00:00   7.6557e-01   1.5121e+02   1.3208e+01   6.2010e-04   8.7654e-02   2.6597e+02
20251215_12:00:00   8.8549e-01   1.6553e+02   1.5364e+01   1.6252e-05   7.5658e-02   2.6929e+02
20251215_15:00:00   9.7934e-01   1.7596e+02   1.6412e+01   8.3900e-03   2.8842e-02   2.7071e+02
20251215_18:00:00   1.0372e+00   1.8220e+02   1.7737e+01   8.0110e-04   2.9744e-02   2.7281e+02
20251215_21:00:00   1.2011e+00   1.9728e+02   2.0230e+01   1.0302e-04   6.8389e-02   2.7342e+02
20251216_00:00:00   1.2202e+00   1.9908e+02   1.9360e+01   1.4038e-02   8.6558e-02   2.7208e+02
20251216_03:00:00   1.0708e+00   1.8586e+02   1.7565e+01   2.4895e-04   1.4701e-01   2.6642e+02
20251216_06:00:00   9.8281e-01   1.7741e+02   1.6047e+01   0.0000e+00   5.4172e-02   2.7340e+02
20251216_09:00:00   9.1780e-01   1.7015e+02   1.5305e+01   0.0000e+00   7.6584e-05   2.7241e+02
20251216_12:00:00   8.0744e-01   1.5713e+02   1.3714e+01   0.0000e+00   0.0000e+00   2.7411e+02
20251216_15:00:00   6.3922e-01   1.3471e+02   1.0578e+01   8.4060e-04   0.0000e+00   2.7173e+02
20251216_18:00:00   4.8089e-01   1.1011e+02   8.3099e+00   0.0000e+00   0.0000e+00   2.6473e+02
20251216_21:00:00   5.3133e-01   1.1868e+02   9.1721e+00   0.0000e+00   0.0000e+00   2.5936e+02
20251217_00:00:00   4.3924e-01   1.0287e+02   7.8366e+00   0.0000e+00   9.2941e-04   2.5801e+02
20251217_03:00:00   3.7838e-01   9.0409e+01   7.1350e+00   0.0000e+00   1.4976e-01   2.5758e+02
20251217_06:00:00   3.2491e-01   7.9803e+01   6.3257e+00   0.0000e+00   1.7054e-05   2.6140e+02
20251217_09:00:00   3.5444e-01   8.4728e+01   6.8753e+00   1.7200e-03   9.0828e-02   2.6121e+02
20251217_12:00:00   3.1371e-01   7.7535e+01   5.9469e+00   0.0000e+00   0.0000e+00   2.6735e+02
20251217_15:00:00   3.5563e-01   8.5658e+01   6.6391e+00   0.0000e+00   0.0000e+00   2.7427e+02
20251217_18:00:00   4.3283e-01   9.8788e+01   8.0454e+00   0.0000e+00   0.0000e+00   2.8818e+02
20251217_21:00:00   4.4695e-01   1.0133e+02   8.2295e+00   0.0000e+00   0.0000e+00   3.0016e+02
20251218_00:00:00   4.2428e-01   9.7986e+01   7.5787e+00   0.0000e+00   5.6904e-04   3.0987e+02
20251218_03:00:00   4.1038e-01   9.6653e+01   6.8508e+00   0.0000e+00   0.0000e+00   3.0667e+02
20251218_06:00:00   3.4093e-01   8.3421e+01   5.8474e+00   0.0000e+00   0.0000e+00   3.0470e+02
20251218_09:00:00   2.9550e-01   7.4208e+01   5.1680e+00   0.0000e+00   0.0000e+00   3.0115e+02
20251218_12:00:00   3.3502e-01   8.1784e+01   5.8450e+00   0.0000e+00   0.0000e+00   2.9325e+02
20251218_15:00:00   3.3857e-01   8.2320e+01   5.9768e+00   0.0000e+00   0.0000e+00   3.0805e+02
20251218_18:00:00   3.3522e-01   8.1811e+01   6.0087e+00   0.0000e+00   0.0000e+00   3.0420e+02
20251218_21:00:00   3.5435e-01   8.5727e+01   6.4158e+00   0.0000e+00   2.2020e-05   2.9529e+02
20251219_00:00:00   3.2899e-01   8.0990e+01   6.0457e+00   0.0000e+00   0.0000e+00   2.9463e+02
20251219_03:00:00   2.9381e-01   7.4035e+01   5.4717e+00   0.0000e+00   0.0000e+00   2.9201e+02
20251219_06:00:00   2.9029e-01   7.3037e+01   5.4783e+00   0.0000e+00   0.0000e+00   2.9162e+02
20251219_09:00:00   2.8703e-01   7.2299e+01   5.4290e+00   0.0000e+00   0.0000e+00   2.8984e+02
20251219_12:00:00   3.0543e-01   7.6050e+01   5.7403e+00   0.0000e+00   0.0000e+00   2.9225e+02
20251219_15:00:00   2.8282e-01   7.1508e+01   5.2515e+00   0.0000e+00   0.0000e+00   2.9392e+02
20251219_18:00:00   2.3711e-01   6.2222e+01   4.3641e+00   0.0000e+00   0.0000e+00   2.9367e+02
20251219_21:00:00   2.2714e-01   6.0504e+01   4.0593e+00   0.0000e+00   0.0000e+00   2.8876e+02
20251220_00:00:00   2.7372e-01   7.0166e+01   5.0765e+00   0.0000e+00   0.0000e+00   2.8417e+02
20251220_03:00:00   4.3859e-01   1.0092e+02   8.2889e+00   0.0000e+00   0.0000e+00   2.8881e+02
20251220_06:00:00   6.8904e-01   1.3885e+02   1.2720e+01   0.0000e+00   2.0881e-03   2.9585e+02
20251220_09:00:00   6.4470e-01   1.3322e+02   1.1723e+01   0.0000e+00   4.7201e-04   2.9884e+02
20251220_12:00:00   4.3447e-01   1.0076e+02   7.5394e+00   0.0000e+00   0.0000e+00   3.0152e+02
20251220_15:00:00   5.1150e-01   1.1332e+02   9.0133e+00   0.0000e+00   0.0000e+00   3.0391e+02
20251220_18:00:00   5.2375e-01   1.1607e+02   8.9416e+00   0.0000e+00   0.0000e+00   3.0995e+02
20251220_21:00:00   6.5838e-01   1.3577e+02   1.1497e+01   0.0000e+00   2.0623e-04   3.0827e+02
20251221_00:00:00   6.2336e-01   1.3086e+02   1.0755e+01   0.0000e+00   4.6935e-03   3.1098e+02
20251221_03:00:00   5.5582e-01   1.2088e+02   9.5602e+00   0.0000e+00   4.3012e-03   3.1159e+02
20251221_06:00:00   5.2578e-01   1.1583e+02   9.1716e+00   0.0000e+00   2.2163e-02   3.1268e+02
20251221_09:00:00   4.5979e-01   1.0470e+02   8.3056e+00   0.0000e+00   8.8317e-03   3.0970e+02
20251221_12:00:00   4.4032e-01   1.0065e+02   8.2737e+00   0.0000e+00   9.9916e-02   2.8844e+02
20251221_15:00:00   4.4973e-01   1.0229e+02   8.6028e+00   0.0000e+00   3.6714e-02   2.8366e+02
20251221_18:00:00   4.1530e-01   9.7462e+01   7.6820e+00   0.0000e+00   4.6806e-04   2.7855e+02
20251221_21:00:00   4.0622e-01   9.6374e+01   7.6094e+00   0.0000e+00   0.0000e+00   2.7426e+02
20251222_00:00:00   4.0680e-01   9.6462e+01   7.6176e+00   0.0000e+00   0.0000e+00   2.7073e+02
20251222_03:00:00   3.9930e-01   9.4958e+01   7.4942e+00   0.0000e+00   0.0000e+00   2.6793e+02
20251222_06:00:00   4.1984e-01   9.8343e+01   8.0494e+00   0.0000e+00   2.7940e-03   2.7073e+02
20251222_09:00:00   3.6362e-01   8.7991e+01   7.0858e+00   0.0000e+00   0.0000e+00   2.7138e+02
20251222_12:00:00   3.3636e-01   8.2896e+01   6.5429e+00   0.0000e+00   0.0000e+00   2.7152e+02
20251222_15:00:00   3.1753e-01   7.9283e+01   6.2365e+00   0.0000e+00   0.0000e+00   2.8384e+02
20251222_18:00:00   3.2366e-01   8.0705e+01   6.4480e+00   0.0000e+00   0.0000e+00   2.8452e+02
20251222_21:00:00   3.3166e-01   8.2453e+01   6.7129e+00   0.0000e+00   0.0000e+00   2.7933e+02
20251223_00:00:00   3.2138e-01   8.0314e+01   6.5105e+00   0.0000e+00   0.0000e+00   2.7344e+02
20251223_03:00:00   3.1127e-01   7.8292e+01   6.3385e+00   0.0000e+00   0.0000e+00   2.7671e+02
20251223_06:00:00   2.9452e-01   7.4920e+01   5.9931e+00   0.0000e+00   0.0000e+00   2.7831e+02
20251223_09:00:00   3.0861e-01   7.7978e+01   6.2172e+00   0.0000e+00   0.0000e+00   2.7881e+02
20251223_12:00:00   3.3071e-01   8.2671e+01   6.5655e+00   0.0000e+00   0.0000e+00   2.7750e+02
20251223_15:00:00   3.0960e-01   7.8638e+01   6.0821e+00   0.0000e+00   0.0000e+00   2.7031e+02
20251223_18:00:00   2.5563e-01   6.7631e+01   4.9663e+00   0.0000e+00   6.7560e-04   2.7149e+02
20251223_21:00:00   2.1893e-01   5.9259e+01   4.3727e+00   0.0000e+00   0.0000e+00   2.7004e+02
20251224_00:00:00   2.6737e-01   6.8923e+01   5.6002e+00   0.0000e+00   0.0000e+00   2.7350e+02
20251224_03:00:00   2.7623e-01   7.0695e+01   5.8699e+00   0.0000e+00   0.0000e+00   2.7980e+02
20251224_06:00:00   2.4308e-01   6.3666e+01   5.1752e+00   0.0000e+00   0.0000e+00   2.7979e+02
20251224_09:00:00   2.7778e-01   7.0755e+01   5.9573e+00   0.0000e+00   0.0000e+00   2.8079e+02
20251224_12:00:00   4.0425e-01   9.5951e+01   8.5464e+00   0.0000e+00   0.0000e+00   2.7863e+02
20251224_15:00:00   4.4841e-01   1.0433e+02   9.2787e+00   0.0000e+00   0.0000e+00   2.7963e+02
20251224_18:00:00   4.4887e-01   1.0474e+02   9.2258e+00   0.0000e+00   0.0000e+00   2.8299e+02
20251224_21:00:00   4.4160e-01   1.0359e+02   9.1112e+00   0.0000e+00   0.0000e+00   2.8125e+02
20251225_00:00:00   4.2180e-01   9.9904e+01   8.7386e+00   0.0000e+00   0.0000e+00   2.7919e+02
20251225_03:00:00   3.9270e-01   9.4228e+01   8.1908e+00   0.0000e+00   0.0000e+00   2.8074e+02
20251225_06:00:00   3.4540e-01   8.4931e+01   7.2617e+00   0.0000e+00   0.0000e+00   2.7955e+02
