#            date       tau255        Tb[K]      pwv[mm] lwp[kg*m^-2] iwp[kg*m^-2]       o3[DU]
20251203_18:00:00   4.9700e-01   1.1238e+02   8.6752e+00   0.0000e+00   2.0700e-06   2.7380e+02
20251203_19:00:00   4.9358e-01   1.1184e+02   8.7218e+00   0.0000e+00   1.4624e-05   2.7293e+02
20251203_20:00:00   5.4783e-01   1.2070e+02   9.6326e+00   0.0000e+00   1.5600e-03   2.7315e+02
20251203_21:00:00   5.9977e-01   1.2852e+02   1.0603e+01   0.0000e+00   1.3960e-03   2.7147e+02
20251203_22:00:00   5.8715e-01   1.2661e+02   1.0472e+01   0.0000e+00   2.6140e-04   2.7108e+02
20251203_23:00:00   6.0473e-01   1.2929e+02   1.0828e+01   0.0000e+00   9.0380e-04   2.7128e+02
20251204_00:00:00   5.7047e-01   1.2395e+02   1.0400e+01   0.0000e+00   5.3060e-05   2.7106e+02
20251204_01:00:00   5.5560e-01   1.2131e+02   1.0348e+01   0.0000e+00   3.1204e-03   2.7209e+02
20251204_02:00:00   5.3366e-01   1.1766e+02   1.0057e+01   0.0000e+00   1.1277e-02   2.7538e+02
20251204_03:00:00   4.9432e-01   1.1103e+02   9.3763e+00   0.0000e+00   1.7757e-02   2.7568e+02
20251204_04:00:00   4.9729e-01   1.1134e+02   9.3358e+00   0.0000e+00   5.2389e-03   2.7865e+02
20251204_05:00:00   4.7293e-01   1.0705e+02   8.8898e+00   0.0000e+00   1.0203e-03   2.8088e+02
20251204_06:00:00   4.8151e-01   1.0816e+02   9.1034e+00   0.0000e+00   3.6959e-03   2.7992e+02
20251204_07:00:00   5.2329e-01   1.1472e+02   9.8612e+00   0.0000e+00   4.7865e-03   2.8005e+02
20251204_08:00:00   5.5035e-01   1.1898e+02   1.0235e+01   0.0000e+00   3.2023e-03   2.8169e+02
20251204_09:00:00   5.5015e-01   1.1889e+02   1.0184e+01   0.0000e+00   2.5745e-03   2.8380e+02
20251204_10:00:00   5.7988e-01   1.2305e+02   1.0783e+01   0.0000e+00   1.9623e-02   2.8667e+02
20251204_11:00:00   5.9923e-01   1.2576e+02   1.1092e+01   0.0000e+00   4.8910e-02   2.9016e+02
20251204_12:00:00   6.1380e-01   1.2778e+02   1.1315e+01   0.0000e+00   6.0167e-02   2.9171e+02
20251204_13:00:00   5.9558e-01   1.2537e+02   1.0787e+01   0.0000e+00   2.9699e-02   2.9165e+02
20251204_14:00:00   6.1038e-01   1.2741e+02   1.1007e+01   0.0000e+00   5.4820e-02   2.9192e+02
20251204_15:00:00   5.9671e-01   1.2563e+02   1.0580e+01   0.0000e+00   2.3307e-02   2.9285e+02
20251204_16:00:00   5.7880e-01   1.2311e+02   1.0159e+01   0.0000e+00   2.2305e-02   2.9398e+02
20251204_17:00:00   5.9035e-01   1.2475e+02   1.0310e+01   0.0000e+00   2.6284e-02   2.9640e+02
20251204_18:00:00   5.9027e-01   1.2485e+02   1.0315e+01   0.0000e+00   2.3939e-02   2.9609e+02
20251204_19:00:00   6.0320e-01   1.2682e+02   1.0465e+01   0.0000e+00   2.6487e-02   2.9747e+02
20251204_20:00:00   5.9895e-01   1.2626e+02   1.0501e+01   0.0000e+00   5.9343e-02   2.9242e+02
20251204_21:00:00   5.6591e-01   1.2151e+02   9.9550e+00   0.0000e+00   1.8251e-03   2.9212e+02
20251204_22:00:00   5.5806e-01   1.2021e+02   9.9213e+00   0.0000e+00   1.4904e-02   2.9425e+02
20251204_23:00:00   5.4515e-01   1.1808e+02   9.7952e+00   0.0000e+00   6.5794e-02   2.9432e+02
20251205_00:00:00   5.3571e-01   1.1650e+02   9.7028e+00   0.0000e+00   3.1291e-02   2.9672e+02
20251205_01:00:00   5.3427e-01   1.1622e+02   9.7105e+00   0.0000e+00   2.7115e-02   2.9959e+02
20251205_02:00:00   5.7467e-01   1.2240e+02   1.0495e+01   0.0000e+00   3.8180e-02   3.1404e+02
20251205_03:00:00   6.0249e-01   1.2654e+02   1.1020e+01   0.0000e+00   1.0606e-01   3.2378e+02
20251205_04:00:00   6.3380e-01   1.3121e+02   1.1572e+01   0.0000e+00   6.6655e-02   3.2632e+02
20251205_05:00:00   6.8936e-01   1.3883e+02   1.2489e+01   0.0000e+00   1.0023e-01   3.2642e+02
20251205_06:00:00   7.6093e-01   1.4811e+02   1.3623e+01   0.0000e+00   6.8517e-02   3.2417e+02
20251205_07:00:00   8.2460e-01   1.5576e+02   1.4598e+01   0.0000e+00   1.5522e-01   3.2448e+02
20251205_08:00:00   8.4332e-01   1.5786e+02   1.5011e+01   0.0000e+00   1.7841e-01   3.2735e+02
20251205_09:00:00   8.2542e-01   1.5594e+02   1.4711e+01   0.0000e+00   9.2469e-02   3.2972e+02
20251205_10:00:00   8.1675e-01   1.5487e+02   1.4493e+01   0.0000e+00   9.0716e-02   3.3248e+02
20251205_11:00:00   7.7762e-01   1.5028e+02   1.3742e+01   0.0000e+00   8.8348e-02   3.3328e+02
20251205_12:00:00   7.6627e-01   1.4870e+02   1.3577e+01   0.0000e+00   1.5093e-01   3.3183e+02
20251205_13:00:00   7.5016e-01   1.4660e+02   1.3340e+01   0.0000e+00   1.2154e-01   3.3029e+02
20251205_14:00:00   7.7658e-01   1.4982e+02   1.3785e+01   0.0000e+00   9.1306e-03   3.2904e+02
20251205_15:00:00   7.6364e-01   1.4835e+02   1.3510e+01   0.0000e+00   1.0758e-02   3.2941e+02
20251205_16:00:00   7.8379e-01   1.5083e+02   1.3895e+01   0.0000e+00   2.7333e-02   3.3176e+02
20251205_17:00:00   8.0403e-01   1.5327e+02   1.4078e+01   2.8836e-03   4.5480e-02   3.3288e+02
20251205_18:00:00   7.6074e-01   1.4846e+02   1.3328e+01   0.0000e+00   2.7181e-03   3.3365e+02
20251205_19:00:00   7.1719e-01   1.4328e+02   1.2464e+01   0.0000e+00   3.1720e-03   3.3423e+02
20251205_20:00:00   6.9334e-01   1.4018e+02   1.2073e+01   0.0000e+00   2.7082e-03   3.3422e+02
20251205_21:00:00   6.6289e-01   1.3617e+02   1.1609e+01   0.0000e+00   1.9801e-03   3.3209e+02
20251205_22:00:00   6.7286e-01   1.3758e+02   1.1710e+01   1.4576e-04   3.3799e-03   3.2483e+02
20251205_23:00:00   6.7221e-01   1.3756e+02   1.1716e+01   0.0000e+00   6.6392e-03   3.1450e+02
20251206_00:00:00   6.6694e-01   1.3683e+02   1.1610e+01   0.0000e+00   1.6526e-02   3.0870e+02
20251206_01:00:00   6.3749e-01   1.3268e+02   1.1095e+01   0.0000e+00   6.9080e-03   3.0537e+02
20251206_02:00:00   6.2697e-01   1.3127e+02   1.0754e+01   0.0000e+00   6.5166e-04   3.0300e+02
20251206_03:00:00   5.8312e-01   1.2484e+02   9.9843e+00   0.0000e+00   1.3322e-02   2.9980e+02
20251206_04:00:00   5.3005e-01   1.1657e+02   9.0777e+00   0.0000e+00   1.6848e-03   2.9976e+02
20251206_05:00:00   4.5762e-01   1.0439e+02   8.0419e+00   0.0000e+00   5.7016e-03   2.9851e+02
20251206_06:00:00   4.4188e-01   1.0140e+02   7.9110e+00   0.0000e+00   4.5988e-03   2.9769e+02
20251206_07:00:00   4.2466e-01   9.8263e+01   7.6879e+00   0.0000e+00   2.2846e-03   2.9718e+02
20251206_08:00:00   3.8117e-01   9.0384e+01   6.9978e+00   0.0000e+00   3.0340e-04   2.9780e+02
20251206_09:00:00   3.5533e-01   8.5740e+01   6.4555e+00   0.0000e+00   0.0000e+00   3.0037e+02
20251206_10:00:00   3.2458e-01   8.0058e+01   5.8280e+00   0.0000e+00   0.0000e+00   3.0172e+02
20251206_11:00:00   3.0804e-01   7.6856e+01   5.5263e+00   0.0000e+00   0.0000e+00   3.0420e+02
20251206_12:00:00   3.0080e-01   7.5417e+01   5.4031e+00   0.0000e+00   0.0000e+00   3.0302e+02
20251206_13:00:00   2.9136e-01   7.3456e+01   5.2812e+00   0.0000e+00   0.0000e+00   2.9993e+02
20251206_14:00:00   2.9036e-01   7.3218e+01   5.2866e+00   0.0000e+00   0.0000e+00   2.9904e+02
20251206_15:00:00   2.8719e-01   7.2611e+01   5.2533e+00   0.0000e+00   0.0000e+00   2.9779e+02
20251206_16:00:00   2.8656e-01   7.2511e+01   5.2877e+00   0.0000e+00   0.0000e+00   2.9589e+02
20251206_17:00:00   2.8148e-01   7.1505e+01   5.2905e+00   0.0000e+00   0.0000e+00   2.9392e+02
20251206_18:00:00   2.9900e-01   7.5088e+01   5.6731e+00   0.0000e+00   0.0000e+00   2.9316e+02
20251206_19:00:00   3.2990e-01   8.1288e+01   6.2599e+00   0.0000e+00   0.0000e+00   2.9232e+02
20251206_20:00:00   3.4833e-01   8.4867e+01   6.6689e+00   0.0000e+00   0.0000e+00   2.9279e+02
20251206_21:00:00   3.4660e-01   8.4492e+01   6.7184e+00   0.0000e+00   0.0000e+00   2.9284e+02
20251206_22:00:00   3.5558e-01   8.6137e+01   6.9322e+00   0.0000e+00   0.0000e+00   2.9283e+02
20251206_23:00:00   3.7438e-01   8.9688e+01   7.2943e+00   0.0000e+00   0.0000e+00   2.9097e+02
20251207_00:00:00   3.8660e-01   9.1904e+01   7.5263e+00   0.0000e+00   0.0000e+00   2.8789e+02
20251207_01:00:00   3.9330e-01   9.3064e+01   7.6869e+00   0.0000e+00   0.0000e+00   2.8416e+02
20251207_02:00:00   4.0500e-01   9.5160e+01   7.9149e+00   0.0000e+00   0.0000e+00   2.8215e+02
20251207_03:00:00   4.1028e-01   9.6035e+01   8.0131e+00   0.0000e+00   0.0000e+00   2.8042e+02
20251207_04:00:00   4.1726e-01   9.7240e+01   8.1445e+00   0.0000e+00   0.0000e+00   2.8085e+02
20251207_05:00:00   4.1681e-01   9.7176e+01   8.1121e+00   0.0000e+00   0.0000e+00   2.8191e+02
20251207_06:00:00   4.2487e-01   9.8626e+01   8.1968e+00   0.0000e+00   0.0000e+00   2.8226e+02
20251207_07:00:00   4.3113e-01   9.9867e+01   8.2197e+00   0.0000e+00   0.0000e+00   2.8330e+02
20251207_08:00:00   4.2864e-01   9.9599e+01   8.0936e+00   0.0000e+00   0.0000e+00   2.8321e+02
20251207_09:00:00   4.3276e-01   1.0040e+02   8.0718e+00   0.0000e+00   0.0000e+00   2.8243e+02
20251207_10:00:00   4.2951e-01   9.9906e+01   7.9213e+00   0.0000e+00   0.0000e+00   2.8183e+02
20251207_11:00:00   4.4324e-01   1.0219e+02   8.1035e+00   0.0000e+00   0.0000e+00   2.8055e+02
20251207_12:00:00   4.4310e-01   1.0221e+02   8.0816e+00   0.0000e+00   0.0000e+00   2.7933e+02
20251207_13:00:00   4.4258e-01   1.0214e+02   8.0757e+00   0.0000e+00   0.0000e+00   2.7890e+02
20251207_14:00:00   4.4384e-01   1.0236e+02   8.0725e+00   0.0000e+00   0.0000e+00   2.7724e+02
20251207_15:00:00   4.5071e-01   1.0358e+02   8.1538e+00   0.0000e+00   0.0000e+00   2.7670e+02
20251207_16:00:00   4.4723e-01   1.0303e+02   8.0698e+00   0.0000e+00   0.0000e+00   2.7605e+02
20251207_17:00:00   4.5857e-01   1.0498e+02   8.2650e+00   0.0000e+00   0.0000e+00   2.7678e+02
20251207_18:00:00   4.6556e-01   1.0625e+02   8.4095e+00   0.0000e+00   0.0000e+00   2.7806e+02
20251207_19:00:00   4.6283e-01   1.0589e+02   8.3855e+00   0.0000e+00   0.0000e+00   2.7948e+02
20251207_20:00:00   4.5443e-01   1.0450e+02   8.2846e+00   0.0000e+00   0.0000e+00   2.7825e+02
20251207_21:00:00   4.4366e-01   1.0263e+02   8.1216e+00   0.0000e+00   0.0000e+00   2.7770e+02
20251207_22:00:00   4.3456e-01   1.0108e+02   7.9619e+00   0.0000e+00   0.0000e+00   2.7699e+02
20251207_23:00:00   4.2849e-01   1.0002e+02   7.8242e+00   0.0000e+00   0.0000e+00   2.7653e+02
20251208_00:00:00   4.2421e-01   9.9157e+01   7.7252e+00   0.0000e+00   0.0000e+00   2.7634e+02
20251208_01:00:00   4.1686e-01   9.7784e+01   7.5527e+00   0.0000e+00   0.0000e+00   2.7583e+02
20251208_02:00:00   4.1225e-01   9.6911e+01   7.4116e+00   0.0000e+00   0.0000e+00   2.7473e+02
20251208_03:00:00   3.9964e-01   9.4624e+01   7.1399e+00   0.0000e+00   0.0000e+00   2.7461e+02
20251208_04:00:00   3.7608e-01   9.0324e+01   6.6966e+00   0.0000e+00   0.0000e+00   2.7477e+02
20251208_05:00:00   3.5900e-01   8.7105e+01   6.4001e+00   0.0000e+00   0.0000e+00   2.7459e+02
20251208_06:00:00   3.4741e-01   8.4861e+01   6.2191e+00   0.0000e+00   0.0000e+00   2.7427e+02
20251208_07:00:00   3.4869e-01   8.5044e+01   6.2496e+00   0.0000e+00   0.0000e+00   2.7387e+02
20251208_08:00:00   3.5049e-01   8.5333e+01   6.2547e+00   0.0000e+00   0.0000e+00   2.7334e+02
20251208_09:00:00   3.4608e-01   8.4457e+01   6.1582e+00   0.0000e+00   0.0000e+00   2.7228e+02
20251208_10:00:00   3.3410e-01   8.2146e+01   5.9680e+00   0.0000e+00   0.0000e+00   2.7250e+02
20251208_11:00:00   3.2981e-01   8.1344e+01   5.8874e+00   0.0000e+00   0.0000e+00   2.7426e+02
20251208_12:00:00   3.2427e-01   8.0288e+01   5.7929e+00   0.0000e+00   0.0000e+00   2.7657e+02
20251208_13:00:00   3.2058e-01   7.9581e+01   5.7219e+00   0.0000e+00   0.0000e+00   2.7707e+02
20251208_14:00:00   3.1230e-01   7.7948e+01   5.5796e+00   0.0000e+00   0.0000e+00   2.7806e+02
20251208_15:00:00   2.9995e-01   7.5484e+01   5.3825e+00   0.0000e+00   0.0000e+00   2.7785e+02
20251208_16:00:00   2.8773e-01   7.3045e+01   5.2061e+00   0.0000e+00   0.0000e+00   2.7772e+02
20251208_17:00:00   2.8002e-01   7.1512e+01   5.1106e+00   0.0000e+00   0.0000e+00   2.7813e+02
20251208_18:00:00   2.7834e-01   7.1215e+01   5.1575e+00   0.0000e+00   0.0000e+00   2.7746e+02
20251208_21:00:00   3.1500e-01   7.8926e+01   5.9129e+00   0.0000e+00   0.0000e+00   2.7760e+02
20251209_00:00:00   3.1382e-01   7.8655e+01   5.8916e+00   0.0000e+00   0.0000e+00   2.7874e+02
20251209_03:00:00   3.6296e-01   8.8145e+01   6.8293e+00   0.0000e+00   0.0000e+00   2.8063e+02
20251209_06:00:00   3.2730e-01   8.1640e+01   5.8611e+00   0.0000e+00   0.0000e+00   2.8296e+02
20251209_09:00:00   2.7173e-01   7.0389e+01   4.7356e+00   0.0000e+00   0.0000e+00   2.8550e+02
20251209_12:00:00   2.5238e-01   6.6247e+01   4.3254e+00   0.0000e+00   0.0000e+00   2.9363e+02
20251209_15:00:00   2.0274e-01   5.5274e+01   3.5261e+00   0.0000e+00   0.0000e+00   2.9315e+02
20251209_18:00:00   2.0805e-01   5.6614e+01   3.7795e+00   0.0000e+00   0.0000e+00   2.9498e+02
20251209_21:00:00   1.9744e-01   5.4437e+01   3.6631e+00   0.0000e+00   0.0000e+00   2.8645e+02
20251210_00:00:00   2.0217e-01   5.5608e+01   3.6786e+00   0.0000e+00   0.0000e+00   2.8589e+02
20251210_03:00:00   1.7472e-01   4.9378e+01   3.1623e+00   0.0000e+00   0.0000e+00   2.8574e+02
20251210_06:00:00   1.3406e-01   3.9784e+01   2.3431e+00   0.0000e+00   0.0000e+00   2.8064e+02
20251210_09:00:00   1.3663e-01   4.0422e+01   2.3757e+00   0.0000e+00   2.6720e-05   2.7501e+02
20251210_12:00:00   1.2670e-01   3.8067e+01   2.2091e+00   0.0000e+00   0.0000e+00   2.7598e+02
20251210_15:00:00   1.7534e-01   4.9689e+01   3.2288e+00   0.0000e+00   0.0000e+00   2.7838e+02
20251210_18:00:00   2.6197e-01   6.9060e+01   5.0525e+00   0.0000e+00   0.0000e+00   2.7619e+02
20251210_21:00:00   3.2793e-01   8.2789e+01   6.2539e+00   0.0000e+00   0.0000e+00   2.7187e+02
20251211_00:00:00   3.2663e-01   8.2518e+01   6.1898e+00   0.0000e+00   0.0000e+00   2.7655e+02
20251211_03:00:00   3.2362e-01   8.1954e+01   6.1848e+00   0.0000e+00   0.0000e+00   2.7541e+02
20251211_06:00:00   3.3013e-01   8.3175e+01   6.3039e+00   0.0000e+00   0.0000e+00   2.7818e+02
20251211_09:00:00   3.0841e-01   7.8605e+01   5.9450e+00   0.0000e+00   0.0000e+00   2.7826e+02
20251211_12:00:00   2.9243e-01   7.4838e+01   5.7282e+00   0.0000e+00   1.3818e-04   2.7868e+02
20251211_15:00:00   2.1747e-01   5.8155e+01   4.3277e+00   0.0000e+00   1.2360e-03   2.7843e+02
20251211_18:00:00   1.9491e-01   5.3014e+01   3.8738e+00   0.0000e+00   1.2016e-04   2.7825e+02
20251211_21:00:00   2.5582e-01   6.5803e+01   5.2583e+00   0.0000e+00   1.5467e-03   2.7813e+02
20251212_00:00:00   2.6914e-01   6.7877e+01   5.5379e+00   0.0000e+00   3.7299e-03   2.7726e+02
20251212_03:00:00   3.0219e-01   7.4470e+01   6.1779e+00   0.0000e+00   1.7960e-01   2.7922e+02
20251212_06:00:00   2.3655e-01   6.1968e+01   4.6954e+00   0.0000e+00   0.0000e+00   2.8049e+02
20251212_09:00:00   1.7803e-01   4.9779e+01   3.2660e+00   0.0000e+00   0.0000e+00   2.8067e+02
20251212_12:00:00   1.5872e-01   4.5259e+01   2.8454e+00   0.0000e+00   0.0000e+00   2.8101e+02
20251212_15:00:00   1.6014e-01   4.5416e+01   2.9247e+00   0.0000e+00   0.0000e+00   2.8049e+02
20251212_18:00:00   1.7416e-01   4.8662e+01   3.2621e+00   0.0000e+00   0.0000e+00   2.7899e+02
20251212_21:00:00   2.3312e-01   6.1679e+01   4.5061e+00   0.0000e+00   0.0000e+00   2.8478e+02
20251213_00:00:00   3.4011e-01   8.3230e+01   6.6528e+00   0.0000e+00   0.0000e+00   2.8418e+02
20251213_03:00:00   4.1206e-01   9.7251e+01   7.8013e+00   0.0000e+00   1.5554e-04   2.7810e+02
20251213_06:00:00   3.8912e-01   9.3287e+01   7.3032e+00   0.0000e+00   8.0640e-04   2.7783e+02
20251213_09:00:00   3.9836e-01   9.5176e+01   7.4028e+00   0.0000e+00   3.7512e-04   2.7712e+02
20251213_12:00:00   4.2708e-01   1.0021e+02   8.0285e+00   0.0000e+00   3.1838e-03   2.7659e+02
20251213_15:00:00   4.5691e-01   1.0488e+02   8.8625e+00   0.0000e+00   3.0923e-03   2.7369e+02
20251213_18:00:00   4.4099e-01   1.0192e+02   8.7568e+00   0.0000e+00   3.6372e-02   2.7434e+02
20251213_21:00:00   4.9944e-01   1.1119e+02   1.0290e+01   0.0000e+00   2.7909e-03   2.7029e+02
20251214_00:00:00   4.9931e-01   1.1099e+02   1.0323e+01   0.0000e+00   9.9784e-04   2.6798e+02
20251214_03:00:00   5.6647e-01   1.2167e+02   1.1510e+01   0.0000e+00   1.8585e-04   2.6609e+02
20251214_06:00:00   7.3907e-01   1.4587e+02   1.4715e+01   0.0000e+00   5.6972e-03   2.6722e+02
20251214_09:00:00   7.5928e-01   1.4877e+02   1.4946e+01   0.0000e+00   1.5090e-03   2.6361e+02
20251214_12:00:00   8.5447e-01   1.6058e+02   1.6522e+01   0.0000e+00   5.3849e-02   2.6196e+02
20251214_15:00:00   8.9896e-01   1.6601e+02   1.7151e+01   0.0000e+00   1.2025e-02   2.6283e+02
20251214_18:00:00   1.0086e+00   1.7754e+02   1.8785e+01   0.0000e+00   5.1273e-02   2.6645e+02
20251214_21:00:00   1.5817e+00   2.2188e+02   2.2939e+01   1.0794e-01   3.3101e-01   2.6214e+02
20251215_00:00:00   1.6849e+00   2.2802e+02   2.3554e+01   1.2862e-01   2.8276e-01   2.5942e+02
20251215_03:00:00   1.1479e+00   1.9239e+02   2.0297e+01   1.1700e-05   1.7694e-02   2.5397e+02
20251215_06:00:00   1.0809e+00   1.8595e+02   1.9457e+01   0.0000e+00   8.9873e-02   2.5537e+02
20251215_09:00:00   1.0336e+00   1.8089e+02   1.8927e+01   0.0000e+00   2.1457e-01   2.5460e+02
20251215_12:00:00   1.0995e+00   1.8628e+02   1.9804e+01   0.0000e+00   1.6489e-01   2.4901e+02
20251215_15:00:00   9.9635e-01   1.7572e+02   1.8319e+01   0.0000e+00   1.6822e-01   2.4900e+02
20251215_18:00:00   1.0084e+00   1.7779e+02   1.8415e+01   0.0000e+00   5.4400e-02   2.4776e+02
20251215_21:00:00   1.0389e+00   1.8104e+02   1.8781e+01   0.0000e+00   2.1046e-01   2.5200e+02
20251216_00:00:00   1.1919e+00   1.9490e+02   1.9397e+01   3.9135e-02   1.8969e-01   2.5851e+02
20251216_03:00:00   1.1099e+00   1.8852e+02   1.8725e+01   6.0191e-03   3.1158e-02   2.6454e+02
20251216_06:00:00   7.9687e-01   1.5462e+02   1.4252e+01   0.0000e+00   6.3712e-02   2.6825e+02
20251216_09:00:00   5.1154e-01   1.1336e+02   9.5828e+00   5.8730e-05   1.8015e-01   2.7399e+02
20251216_12:00:00   4.3874e-01   1.0072e+02   8.3261e+00   0.0000e+00   1.1343e-01   2.7602e+02
20251216_15:00:00   6.1677e-01   1.2843e+02   1.1629e+01   0.0000e+00   2.5946e-01   2.7829e+02
20251216_18:00:00   1.0801e+00   1.8195e+02   1.8718e+01   8.7998e-03   4.9729e-01   2.7828e+02
20251216_21:00:00   2.7266e+00   2.5620e+02   2.0818e+01   6.2410e-01   6.8856e-01   2.7659e+02
20251217_00:00:00   1.2436e+00   1.9512e+02   1.8861e+01   5.4080e-02   8.1579e-01   2.7802e+02
20251217_03:00:00   1.3151e+00   2.0069e+02   1.8189e+01   8.4508e-02   1.2436e+00   2.9610e+02
20251217_06:00:00   5.7752e-01   1.2412e+02   9.2500e+00   1.4940e-04   0.0000e+00   2.8850e+02
20251217_09:00:00   4.4199e-01   1.0219e+02   7.3771e+00   0.0000e+00   0.0000e+00   2.8122e+02
20251217_12:00:00   4.4923e-01   1.0302e+02   7.7085e+00   0.0000e+00   0.0000e+00   2.7644e+02
20251217_15:00:00   4.1787e-01   9.7593e+01   7.1789e+00   0.0000e+00   0.0000e+00   2.7622e+02
20251217_18:00:00   4.0617e-01   9.5890e+01   7.0328e+00   0.0000e+00   0.0000e+00   2.7865e+02
20251217_21:00:00   4.3904e-01   1.0186e+02   7.7341e+00   0.0000e+00   0.0000e+00   2.8343e+02
20251218_00:00:00   5.3125e-01   1.1734e+02   9.2802e+00   0.0000e+00   0.0000e+00   2.8315e+02
20251218_03:00:00   6.3348e-01   1.3265e+02   1.0982e+01   0.0000e+00   0.0000e+00   2.8915e+02
20251218_06:00:00   7.6563e-01   1.5055e+02   1.3044e+01   0.0000e+00   0.0000e+00   2.8467e+02
20251218_09:00:00   9.9834e-01   1.7627e+02   1.6746e+01   2.3380e-05   1.2220e-02   2.8595e+02
20251218_12:00:00   1.6524e+00   2.2329e+02   1.7171e+01   2.5413e-01   4.8412e-02   2.8297e+02
20251218_15:00:00   1.8214e+00   2.3147e+02   1.6742e+01   3.2036e-01   1.2763e-01   2.8209e+02
20251218_18:00:00   1.5441e+00   2.1671e+02   1.5601e+01   2.3647e-01   1.7491e-03   2.8238e+02
20251218_21:00:00   1.0751e+00   1.8174e+02   1.4977e+01   6.8634e-02   1.4661e-03   2.8308e+02
20251219_00:00:00   1.1593e+00   1.8925e+02   1.5473e+01   9.4403e-02   2.7132e-04   2.8497e+02
20251219_03:00:00   1.2721e+00   1.9825e+02   1.5800e+01   1.3125e-01   6.1829e-05   2.8029e+02
20251219_06:00:00   2.5364e+00   2.5370e+02   1.8211e+01   5.8757e-01   5.1024e-02   2.7343e+02
20251219_09:00:00   2.6151e+00   2.5580e+02   1.9479e+01   5.8146e-01   8.3914e-02   2.7341e+02
20251219_12:00:00   2.5928e+00   2.5427e+02   2.0752e+01   5.4430e-01   1.0666e+00   2.6897e+02
20251219_15:00:00   2.8530e+00   2.5929e+02   2.0868e+01   6.6209e-01   4.7816e-01   2.6686e+02
20251219_18:00:00   1.5358e+00   2.1740e+02   1.9537e+01   1.4169e-01   2.9166e-01   2.6794e+02
