#            date       tau255        Tb[K]      pwv[mm] lwp[kg*m^-2] iwp[kg*m^-2]       o3[DU]
20251211_18:00:00   3.1143e-01   7.9381e+01   5.7820e+00   0.0000e+00   0.0000e+00   2.7448e+02
20251211_19:00:00   3.0319e-01   7.7825e+01   5.6432e+00   0.0000e+00   0.0000e+00   2.7450e+02
20251211_20:00:00   3.0335e-01   7.7902e+01   5.6712e+00   0.0000e+00   0.0000e+00   2.7458e+02
20251211_21:00:00   3.0645e-01   7.8512e+01   5.7621e+00   0.0000e+00   0.0000e+00   2.7588e+02
20251211_22:00:00   2.9841e-01   7.6797e+01   5.6313e+00   0.0000e+00   0.0000e+00   2.7489e+02
20251211_23:00:00   2.9338e-01   7.5682e+01   5.5347e+00   0.0000e+00   0.0000e+00   2.7393e+02
20251212_00:00:00   2.8049e-01   7.2892e+01   5.3130e+00   0.0000e+00   0.0000e+00   2.7376e+02
20251212_01:00:00   2.6705e-01   7.0077e+01   5.0859e+00   0.0000e+00   0.0000e+00   2.7297e+02
20251212_02:00:00   2.6565e-01   6.9807e+01   5.0489e+00   0.0000e+00   0.0000e+00   2.7146e+02
20251212_03:00:00   2.7014e-01   7.0762e+01   5.1143e+00   0.0000e+00   0.0000e+00   2.7050e+02
20251212_04:00:00   2.7210e-01   7.1156e+01   5.1603e+00   0.0000e+00   0.0000e+00   2.7034e+02
20251212_05:00:00   2.7284e-01   7.1267e+01   5.1947e+00   0.0000e+00   0.0000e+00   2.7113e+02
20251212_06:00:00   2.8012e-01   7.2692e+01   5.3698e+00   0.0000e+00   0.0000e+00   2.7194e+02
20251212_07:00:00   2.8991e-01   7.4630e+01   5.6002e+00   0.0000e+00   0.0000e+00   2.7431e+02
20251212_08:00:00   2.9673e-01   7.5950e+01   5.7566e+00   0.0000e+00   0.0000e+00   2.7398e+02
20251212_09:00:00   3.0130e-01   7.6808e+01   5.8668e+00   0.0000e+00   0.0000e+00   2.7106e+02
20251212_10:00:00   3.0957e-01   7.8408e+01   6.0316e+00   0.0000e+00   0.0000e+00   2.7005e+02
20251212_11:00:00   3.1615e-01   7.9678e+01   6.1626e+00   0.0000e+00   0.0000e+00   2.7057e+02
20251212_12:00:00   3.2161e-01   8.0702e+01   6.2804e+00   0.0000e+00   0.0000e+00   2.7281e+02
20251212_13:00:00   3.2650e-01   8.1585e+01   6.3828e+00   0.0000e+00   0.0000e+00   2.7529e+02
20251212_14:00:00   3.3508e-01   8.3184e+01   6.5510e+00   0.0000e+00   0.0000e+00   2.7637e+02
20251212_15:00:00   3.4557e-01   8.5179e+01   6.7395e+00   0.0000e+00   0.0000e+00   2.7980e+02
20251212_16:00:00   3.5118e-01   8.6231e+01   6.8497e+00   0.0000e+00   0.0000e+00   2.8140e+02
20251212_17:00:00   3.5852e-01   8.7683e+01   6.9875e+00   0.0000e+00   0.0000e+00   2.8300e+02
20251212_18:00:00   3.6655e-01   8.9277e+01   7.1301e+00   0.0000e+00   0.0000e+00   2.8583e+02
20251212_19:00:00   3.8345e-01   9.2562e+01   7.4040e+00   0.0000e+00   0.0000e+00   2.8652e+02
20251212_20:00:00   3.9140e-01   9.4120e+01   7.5188e+00   0.0000e+00   0.0000e+00   2.8423e+02
20251212_21:00:00   3.9764e-01   9.5355e+01   7.5986e+00   0.0000e+00   0.0000e+00   2.8002e+02
20251212_22:00:00   3.9855e-01   9.5556e+01   7.5760e+00   0.0000e+00   0.0000e+00   2.7758e+02
20251212_23:00:00   3.9146e-01   9.4213e+01   7.4269e+00   0.0000e+00   0.0000e+00   2.7500e+02
20251213_00:00:00   3.8799e-01   9.3478e+01   7.3438e+00   0.0000e+00   0.0000e+00   2.7464e+02
20251213_01:00:00   3.8447e-01   9.2744e+01   7.2679e+00   0.0000e+00   0.0000e+00   2.7718e+02
20251213_02:00:00   3.8446e-01   9.2672e+01   7.2450e+00   0.0000e+00   0.0000e+00   2.7992e+02
20251213_03:00:00   3.7980e-01   9.1781e+01   7.1355e+00   0.0000e+00   0.0000e+00   2.8126e+02
20251213_04:00:00   3.7187e-01   9.0271e+01   6.9732e+00   0.0000e+00   0.0000e+00   2.8359e+02
20251213_05:00:00   3.5956e-01   8.7956e+01   6.7376e+00   0.0000e+00   0.0000e+00   2.8437e+02
20251213_06:00:00   3.4782e-01   8.5736e+01   6.5262e+00   0.0000e+00   0.0000e+00   2.8440e+02
20251213_07:00:00   3.3273e-01   8.2872e+01   6.2383e+00   0.0000e+00   0.0000e+00   2.8642e+02
20251213_08:00:00   3.1768e-01   7.9952e+01   5.9460e+00   0.0000e+00   0.0000e+00   2.8671e+02
20251213_09:00:00   3.0668e-01   7.7738e+01   5.7422e+00   0.0000e+00   0.0000e+00   2.8646e+02
20251213_10:00:00   3.0045e-01   7.6439e+01   5.6357e+00   0.0000e+00   0.0000e+00   2.8677e+02
20251213_11:00:00   2.9100e-01   7.4461e+01   5.4797e+00   0.0000e+00   0.0000e+00   2.8570e+02
20251213_12:00:00   2.7830e-01   7.1850e+01   5.2586e+00   0.0000e+00   0.0000e+00   2.8597e+02
20251213_13:00:00   2.6529e-01   6.9117e+01   5.0340e+00   0.0000e+00   0.0000e+00   2.8708e+02
20251213_14:00:00   2.5355e-01   6.6629e+01   4.8247e+00   0.0000e+00   0.0000e+00   2.8681e+02
20251213_15:00:00   2.4514e-01   6.4858e+01   4.6784e+00   0.0000e+00   0.0000e+00   2.8728e+02
20251213_16:00:00   2.3902e-01   6.3586e+01   4.5774e+00   0.0000e+00   1.0968e-05   2.8740e+02
20251213_17:00:00   2.5337e-01   6.6712e+01   4.8607e+00   0.0000e+00   9.1003e-04   2.8600e+02
20251213_18:00:00   2.6435e-01   6.9079e+01   5.0868e+00   0.0000e+00   9.9360e-04   2.8424e+02
20251213_19:00:00   2.6321e-01   6.8852e+01   5.0916e+00   0.0000e+00   7.0920e-05   2.8379e+02
20251213_20:00:00   2.5549e-01   6.7242e+01   4.9587e+00   0.0000e+00   2.5819e-03   2.8053e+02
20251213_21:00:00   2.5197e-01   6.6470e+01   4.8932e+00   0.0000e+00   1.6098e-02   2.7868e+02
20251213_22:00:00   2.5076e-01   6.6258e+01   4.8413e+00   0.0000e+00   1.4999e-02   2.7780e+02
20251213_23:00:00   2.4901e-01   6.5869e+01   4.7850e+00   0.0000e+00   1.2010e-02   2.7632e+02
20251214_00:00:00   2.4305e-01   6.4503e+01   4.6702e+00   0.0000e+00   1.4664e-02   2.7689e+02
20251214_01:00:00   2.3595e-01   6.2871e+01   4.5465e+00   0.0000e+00   1.4156e-02   2.8176e+02
20251214_02:00:00   2.3238e-01   6.1962e+01   4.5054e+00   0.0000e+00   1.9886e-02   2.8721e+02
20251214_03:00:00   2.3128e-01   6.1714e+01   4.4943e+00   0.0000e+00   6.4943e-03   2.8713e+02
20251214_04:00:00   2.4199e-01   6.4121e+01   4.6589e+00   0.0000e+00   8.7040e-04   2.8556e+02
20251214_05:00:00   2.5566e-01   6.7068e+01   4.8925e+00   0.0000e+00   1.9006e-04   2.8344e+02
20251214_06:00:00   2.5762e-01   6.7544e+01   4.8828e+00   0.0000e+00   1.3362e-05   2.8338e+02
20251214_07:00:00   2.6270e-01   6.8565e+01   4.9681e+00   0.0000e+00   0.0000e+00   2.8354e+02
20251214_08:00:00   2.7005e-01   7.0052e+01   5.1090e+00   0.0000e+00   0.0000e+00   2.8132e+02
20251214_09:00:00   2.8355e-01   7.2849e+01   5.3145e+00   0.0000e+00   0.0000e+00   2.8054e+02
20251214_10:00:00   2.9754e-01   7.5639e+01   5.4574e+00   0.0000e+00   4.6920e-06   2.7919e+02
20251214_11:00:00   3.0305e-01   7.6485e+01   5.5564e+00   0.0000e+00   1.4624e-05   2.7619e+02
20251214_12:00:00   3.0827e-01   7.7452e+01   5.6264e+00   0.0000e+00   1.8290e-03   2.7225e+02
20251214_13:00:00   3.2441e-01   8.0594e+01   5.8382e+00   0.0000e+00   2.9785e-03   2.7100e+02
20251214_14:00:00   3.7245e-01   8.9798e+01   6.2001e+00   7.6110e-03   3.5919e-03   2.6955e+02
20251214_15:00:00   4.6139e-01   1.0583e+02   6.6089e+00   3.0350e-02   5.4876e-03   2.6785e+02
20251214_16:00:00   4.7741e-01   1.0844e+02   6.9741e+00   2.6230e-02   6.1981e-03   2.6874e+02
20251214_17:00:00   4.9057e-01   1.1064e+02   7.5546e+00   1.5288e-02   8.8899e-03   2.6980e+02
20251214_18:00:00   5.6723e-01   1.2308e+02   8.1292e+00   2.8570e-02   9.6160e-03   2.6923e+02
20251214_19:00:00   6.0211e-01   1.2846e+02   8.4948e+00   3.1160e-02   7.7710e-03   2.6797e+02
20251214_20:00:00   5.6858e-01   1.2348e+02   8.6019e+00   1.4701e-02   7.7028e-03   2.6686e+02
20251214_21:00:00   5.5189e-01   1.2093e+02   8.7475e+00   5.4310e-03   5.1518e-03   2.6718e+02
20251214_22:00:00   5.3714e-01   1.1859e+02   8.7528e+00   1.2176e-03   5.9559e-03   2.6738e+02
20251214_23:00:00   5.3415e-01   1.1794e+02   8.7292e+00   3.3060e-03   2.0351e-02   2.6871e+02
20251215_00:00:00   5.1746e-01   1.1499e+02   8.7483e+00   5.9030e-04   2.2568e-02   2.7181e+02
20251215_01:00:00   4.9546e-01   1.1129e+02   8.6099e+00   0.0000e+00   4.2133e-02   2.7498e+02
20251215_02:00:00   4.9920e-01   1.1195e+02   8.7097e+00   0.0000e+00   3.6536e-02   2.7634e+02
20251215_03:00:00   5.0098e-01   1.1245e+02   8.6527e+00   0.0000e+00   3.4448e-02   2.7658e+02
20251215_04:00:00   5.2034e-01   1.1576e+02   8.8675e+00   0.0000e+00   2.2603e-02   2.7669e+02
20251215_05:00:00   5.3152e-01   1.1775e+02   8.9629e+00   0.0000e+00   1.3242e-02   2.7768e+02
20251215_06:00:00   5.3843e-01   1.1895e+02   9.0345e+00   0.0000e+00   1.9459e-02   2.7857e+02
20251215_07:00:00   5.3474e-01   1.1838e+02   9.0124e+00   0.0000e+00   3.6984e-02   2.7828e+02
20251215_08:00:00   5.2827e-01   1.1730e+02   9.0159e+00   0.0000e+00   3.5974e-02   2.7738e+02
20251215_09:00:00   5.2551e-01   1.1685e+02   8.9831e+00   0.0000e+00   4.4342e-02   2.7729e+02
20251215_10:00:00   5.2469e-01   1.1668e+02   9.0969e+00   0.0000e+00   2.5170e-02   2.7682e+02
20251215_11:00:00   5.2380e-01   1.1650e+02   9.2186e+00   0.0000e+00   2.1689e-02   2.7580e+02
20251215_12:00:00   5.4508e-01   1.2000e+02   9.5185e+00   0.0000e+00   1.6077e-02   2.7493e+02
20251215_13:00:00   5.8147e-01   1.2556e+02   1.0148e+01   8.3240e-06   2.6156e-02   2.7403e+02
20251215_14:00:00   6.2565e-01   1.3212e+02   1.1003e+01   1.0900e-04   9.8054e-03   2.7184e+02
20251215_15:00:00   6.7357e-01   1.3914e+02   1.1867e+01   2.4770e-04   4.6518e-03   2.7010e+02
20251215_16:00:00   7.2411e-01   1.4624e+02   1.2698e+01   1.2250e-04   6.3894e-03   2.6868e+02
20251215_17:00:00   7.5965e-01   1.5101e+02   1.3340e+01   0.0000e+00   7.8254e-03   2.6810e+02
20251215_18:00:00   8.0934e-01   1.5736e+02   1.4122e+01   0.0000e+00   9.1522e-03   2.6869e+02
20251215_19:00:00   8.6314e-01   1.6377e+02   1.5018e+01   0.0000e+00   2.3646e-02   2.6781e+02
20251215_20:00:00   9.0561e-01   1.6873e+02   1.5688e+01   0.0000e+00   5.4881e-02   2.6744e+02
20251215_21:00:00   9.2355e-01   1.7096e+02   1.5884e+01   0.0000e+00   2.2936e-02   2.6776e+02
20251215_22:00:00   9.1298e-01   1.6997e+02   1.5631e+01   0.0000e+00   3.9910e-02   2.6735e+02
20251215_23:00:00   8.7742e-01   1.6606e+02   1.4915e+01   0.0000e+00   7.8415e-02   2.6596e+02
20251216_00:00:00   8.1430e-01   1.5861e+02   1.3905e+01   0.0000e+00   6.4641e-02   2.6445e+02
20251216_01:00:00   7.8614e-01   1.5502e+02   1.3515e+01   0.0000e+00   5.1631e-02   2.6335e+02
20251216_02:00:00   7.7639e-01   1.5375e+02   1.3384e+01   0.0000e+00   1.7009e-02   2.6538e+02
20251216_03:00:00   7.0881e-01   1.4486e+02   1.2318e+01   0.0000e+00   1.5933e-02   2.6868e+02
20251216_04:00:00   6.7785e-01   1.4050e+02   1.1801e+01   0.0000e+00   3.4170e-02   2.6997e+02
20251216_05:00:00   6.5813e-01   1.3758e+02   1.1602e+01   0.0000e+00   3.1689e-02   2.7033e+02
20251216_06:00:00   6.1853e-01   1.3183e+02   1.0950e+01   0.0000e+00   2.0134e-02   2.7006e+02
20251216_07:00:00   5.8507e-01   1.2656e+02   1.0549e+01   0.0000e+00   5.6944e-02   2.6968e+02
20251216_08:00:00   5.7918e-01   1.2558e+02   1.0531e+01   0.0000e+00   4.4507e-02   2.6926e+02
20251216_09:00:00   5.7431e-01   1.2476e+02   1.0486e+01   0.0000e+00   3.1891e-02   2.6836e+02
20251216_10:00:00   5.9183e-01   1.2699e+02   1.1002e+01   0.0000e+00   4.4909e-02   2.6836e+02
20251216_11:00:00   5.4405e-01   1.1947e+02   1.0223e+01   0.0000e+00   4.0434e-02   2.6865e+02
20251216_12:00:00   5.3757e-01   1.1832e+02   1.0118e+01   0.0000e+00   3.1155e-02   2.6659e+02
20251216_13:00:00   5.1027e-01   1.1386e+02   9.6500e+00   0.0000e+00   1.1739e-02   2.6459e+02
20251216_14:00:00   4.1919e-01   9.8608e+01   7.9293e+00   0.0000e+00   6.5408e-03   2.6361e+02
20251216_15:00:00   3.7250e-01   9.0372e+01   6.9050e+00   0.0000e+00   2.3742e-03   2.6471e+02
20251216_16:00:00   3.3764e-01   8.3984e+01   6.1575e+00   0.0000e+00   1.5507e-03   2.6686e+02
20251216_17:00:00   3.0765e-01   7.8306e+01   5.5236e+00   0.0000e+00   1.8310e-04   2.6678e+02
20251216_18:00:00   2.7979e-01   7.2606e+01   5.0470e+00   0.0000e+00   4.1400e-06   2.6639e+02
20251216_21:00:00   2.3057e-01   6.2077e+01   4.2008e+00   0.0000e+00   0.0000e+00   2.6041e+02
20251217_00:00:00   1.9277e-01   5.3075e+01   3.6657e+00   0.0000e+00   1.6558e-05   2.5887e+02
20251217_03:00:00   1.8362e-01   5.0629e+01   3.5968e+00   0.0000e+00   1.8764e-05   2.5836e+02
20251217_06:00:00   1.7868e-01   4.9597e+01   3.4901e+00   0.0000e+00   0.0000e+00   2.5866e+02
20251217_09:00:00   1.8313e-01   5.0614e+01   3.6652e+00   0.0000e+00   0.0000e+00   2.5640e+02
20251217_12:00:00   2.1780e-01   5.8653e+01   4.3172e+00   0.0000e+00   0.0000e+00   2.5623e+02
20251217_15:00:00   2.3160e-01   6.1780e+01   4.6659e+00   0.0000e+00   0.0000e+00   2.5466e+02
20251217_18:00:00   2.4049e-01   6.3965e+01   4.8559e+00   0.0000e+00   0.0000e+00   2.5373e+02
20251217_21:00:00   2.3436e-01   6.2833e+01   4.7385e+00   0.0000e+00   0.0000e+00   2.5340e+02
20251218_00:00:00   2.7373e-01   7.1323e+01   5.5392e+00   0.0000e+00   0.0000e+00   2.5392e+02
20251218_03:00:00   2.9456e-01   7.5612e+01   6.0563e+00   0.0000e+00   0.0000e+00   2.5371e+02
20251218_06:00:00   3.2874e-01   8.2151e+01   6.7998e+00   0.0000e+00   0.0000e+00   2.5309e+02
20251218_09:00:00   3.3938e-01   8.4050e+01   7.0649e+00   0.0000e+00   0.0000e+00   2.5130e+02
20251218_12:00:00   3.3764e-01   8.3530e+01   7.0348e+00   0.0000e+00   0.0000e+00   2.4979e+02
20251218_15:00:00   3.3029e-01   8.2320e+01   6.8018e+00   0.0000e+00   8.2780e-06   2.5185e+02
20251218_18:00:00   3.4746e-01   8.6015e+01   7.0657e+00   0.0000e+00   0.0000e+00   2.5478e+02
20251218_21:00:00   3.2888e-01   8.2221e+01   6.7526e+00   0.0000e+00   0.0000e+00   2.5366e+02
20251219_00:00:00   3.0769e-01   7.7724e+01   6.3387e+00   0.0000e+00   3.4134e-03   2.5433e+02
20251219_03:00:00   2.6058e-01   6.7594e+01   5.3969e+00   0.0000e+00   0.0000e+00   2.5287e+02
20251219_06:00:00   2.5526e-01   6.6645e+01   5.2521e+00   0.0000e+00   0.0000e+00   2.5336e+02
20251219_09:00:00   2.5406e-01   6.6475e+01   5.1767e+00   0.0000e+00   0.0000e+00   2.5704e+02
20251219_12:00:00   2.7721e-01   7.1390e+01   5.6196e+00   0.0000e+00   0.0000e+00   2.5644e+02
20251219_15:00:00   2.8186e-01   7.2334e+01   5.6708e+00   0.0000e+00   0.0000e+00   2.5337e+02
20251219_18:00:00   3.0869e-01   7.7912e+01   6.2273e+00   0.0000e+00   0.0000e+00   2.5767e+02
20251219_21:00:00   3.2368e-01   8.0660e+01   6.6430e+00   0.0000e+00   0.0000e+00   2.5517e+02
20251220_00:00:00   3.1946e-01   7.9535e+01   6.5990e+00   0.0000e+00   0.0000e+00   2.5384e+02
20251220_03:00:00   3.2643e-01   8.0932e+01   6.7267e+00   0.0000e+00   0.0000e+00   2.5406e+02
20251220_06:00:00   3.9521e-01   9.4302e+01   8.0235e+00   0.0000e+00   4.5061e-04   2.5854e+02
20251220_09:00:00   3.8427e-01   9.2104e+01   7.8185e+00   0.0000e+00   3.8644e-03   2.5996e+02
20251220_12:00:00   3.4903e-01   8.5537e+01   7.0001e+00   0.0000e+00   6.7990e-03   2.6059e+02
20251220_15:00:00   3.5169e-01   8.5988e+01   7.0319e+00   0.0000e+00   5.9906e-04   2.6140e+02
20251220_18:00:00   3.7696e-01   9.0956e+01   7.5027e+00   0.0000e+00   0.0000e+00   2.5780e+02
20251220_21:00:00   3.6096e-01   8.7954e+01   7.1393e+00   0.0000e+00   0.0000e+00   2.5608e+02
20251221_00:00:00   3.7804e-01   9.0605e+01   7.5742e+00   0.0000e+00   0.0000e+00   2.5644e+02
20251221_03:00:00   4.0817e-01   9.5965e+01   8.1764e+00   0.0000e+00   1.6573e-04   2.5399e+02
20251221_06:00:00   4.7593e-01   1.0801e+02   9.3270e+00   0.0000e+00   0.0000e+00   2.5634e+02
20251221_09:00:00   4.9840e-01   1.1163e+02   9.6483e+00   0.0000e+00   0.0000e+00   2.5960e+02
20251221_12:00:00   4.7481e-01   1.0761e+02   9.0847e+00   0.0000e+00   0.0000e+00   2.6165e+02
20251221_15:00:00   4.4060e-01   1.0180e+02   8.3456e+00   0.0000e+00   0.0000e+00   2.6427e+02
20251221_18:00:00   3.9490e-01   9.4316e+01   7.3631e+00   0.0000e+00   0.0000e+00   2.6292e+02
20251221_21:00:00   3.9112e-01   9.4128e+01   7.1611e+00   0.0000e+00   0.0000e+00   2.6427e+02
20251222_00:00:00   3.5235e-01   8.7085e+01   6.4265e+00   0.0000e+00   0.0000e+00   2.6315e+02
20251222_03:00:00   3.5518e-01   8.7556e+01   6.5789e+00   0.0000e+00   0.0000e+00   2.6535e+02
20251222_06:00:00   3.9742e-01   9.5595e+01   7.4522e+00   0.0000e+00   3.8865e-05   2.6579e+02
20251222_09:00:00   4.8427e-01   1.1117e+02   8.9459e+00   0.0000e+00   1.5200e-03   2.6601e+02
20251222_12:00:00   5.5412e-01   1.2297e+02   1.0030e+01   0.0000e+00   0.0000e+00   2.6757e+02
20251222_15:00:00   5.7321e-01   1.2621e+02   1.0332e+01   0.0000e+00   0.0000e+00   2.6902e+02
20251222_18:00:00   5.8897e-01   1.2913e+02   1.0609e+01   0.0000e+00   0.0000e+00   2.6660e+02
20251222_21:00:00   5.6486e-01   1.2575e+02   1.0422e+01   0.0000e+00   0.0000e+00   2.6544e+02
20251223_00:00:00   5.6718e-01   1.2582e+02   1.0544e+01   0.0000e+00   2.4773e-04   2.6168e+02
20251223_03:00:00   4.7552e-01   1.1047e+02   9.1078e+00   0.0000e+00   2.2233e-03   2.6286e+02
20251223_06:00:00   4.7976e-01   1.1102e+02   9.1894e+00   0.0000e+00   5.0302e-02   2.6371e+02
20251223_09:00:00   4.9521e-01   1.1381e+02   9.3506e+00   0.0000e+00   2.1840e-02   2.6209e+02
20251223_12:00:00   4.2646e-01   1.0063e+02   8.4685e+00   0.0000e+00   2.7582e-02   2.6346e+02
20251223_15:00:00   3.4403e-01   8.5385e+01   6.8067e+00   0.0000e+00   5.3341e-03   2.6820e+02
20251223_18:00:00   3.4340e-01   8.5497e+01   6.8125e+00   0.0000e+00   6.6035e-03   2.7120e+02
20251223_21:00:00   3.8569e-01   9.3869e+01   7.5433e+00   0.0000e+00   6.3440e-03   2.7064e+02
20251224_00:00:00   4.6376e-01   1.0768e+02   8.9093e+00   0.0000e+00   3.8247e-02   2.7039e+02
20251224_03:00:00   4.4780e-01   1.0415e+02   8.9349e+00   0.0000e+00   1.3843e-02   2.7238e+02
20251224_06:00:00   4.8640e-01   1.1023e+02   9.8822e+00   0.0000e+00   4.0075e-02   2.6441e+02
20251224_09:00:00   5.8786e-01   1.2535e+02   1.2025e+01   0.0000e+00   9.0449e-02   2.6700e+02
20251224_12:00:00   5.5796e-01   1.2080e+02   1.1445e+01   0.0000e+00   4.5601e-02   2.6811e+02
20251224_15:00:00   6.0048e-01   1.2723e+02   1.2244e+01   0.0000e+00   6.8553e-02   2.6637e+02
20251224_18:00:00   6.0983e-01   1.2898e+02   1.2325e+01   0.0000e+00   1.5653e-01   2.6658e+02
20251224_21:00:00   5.9194e-01   1.2652e+02   1.1962e+01   0.0000e+00   2.4312e-01   2.6523e+02
20251225_00:00:00   6.2551e-01   1.3212e+02   1.2456e+01   0.0000e+00   3.7342e-03   2.6952e+02
20251225_03:00:00   6.0508e-01   1.2902e+02   1.2204e+01   0.0000e+00   8.0397e-04   2.7086e+02
20251225_06:00:00   6.7347e-01   1.3869e+02   1.3438e+01   0.0000e+00   0.0000e+00   2.7184e+02
20251225_09:00:00   7.7277e-01   1.5224e+02   1.4935e+01   0.0000e+00   5.8785e-05   2.7441e+02
20251225_12:00:00   7.4997e-01   1.4912e+02   1.4523e+01   0.0000e+00   1.4412e-03   2.7494e+02
20251225_15:00:00   8.1604e-01   1.5715e+02   1.5548e+01   0.0000e+00   1.3422e-03   2.7033e+02
20251225_18:00:00   7.9628e-01   1.5498e+02   1.5251e+01   0.0000e+00   1.9918e-04   2.7236e+02
20251225_21:00:00   7.5691e-01   1.5023e+02   1.4741e+01   0.0000e+00   1.1970e-03   2.7320e+02
20251226_00:00:00   7.0397e-01   1.4265e+02   1.3989e+01   0.0000e+00   2.2632e-04   2.7196e+02
20251226_03:00:00   7.1469e-01   1.4368e+02   1.4160e+01   0.0000e+00   5.7260e-06   2.6912e+02
20251226_06:00:00   7.9159e-01   1.5370e+02   1.5323e+01   0.0000e+00   1.0388e-04   2.6517e+02
20251226_09:00:00   8.4446e-01   1.6003e+02   1.6174e+01   0.0000e+00   2.5013e-03   2.6348e+02
20251226_12:00:00   8.7605e-01   1.6352e+02   1.6815e+01   0.0000e+00   5.0362e-03   2.5886e+02
20251226_15:00:00   9.6142e-01   1.7319e+02   1.8099e+01   0.0000e+00   3.4769e-02   2.5615e+02
20251226_18:00:00   1.0475e+00   1.8260e+02   1.9335e+01   0.0000e+00   1.4343e-02   2.5522e+02
20251226_21:00:00   1.1489e+00   1.9258e+02   2.0821e+01   0.0000e+00   1.7119e-02   2.5258e+02
20251227_00:00:00   1.1893e+00   1.9607e+02   2.1123e+01   1.4624e-04   4.3086e-03   2.4982e+02
20251227_03:00:00   1.2789e+00   2.0311e+02   2.2227e+01   2.2960e-04   2.5367e-02   2.4911e+02
20251227_06:00:00   1.3511e+00   2.0836e+02   2.3196e+01   3.3700e-04   2.3392e-02   2.4856e+02
20251227_09:00:00   1.5743e+00   2.2240e+02   2.3266e+01   8.7239e-02   3.0477e-02   2.4753e+02
20251227_12:00:00   1.3775e+00   2.0963e+02   2.3246e+01   5.6784e-03   2.9329e-02   2.4904e+02
20251227_15:00:00   1.3677e+00   2.0876e+02   2.3186e+01   0.0000e+00   6.2100e-02   2.4695e+02
20251227_18:00:00   1.4311e+00   2.1295e+02   2.3757e+01   3.0026e-03   1.1556e-01   2.5012e+02
