#            date       tau255        Tb[K]      pwv[mm] lwp[kg*m^-2] iwp[kg*m^-2]       o3[DU]
20251208_06:00:00   2.7054e-01   6.9065e+01   4.9195e+00   0.0000e+00   0.0000e+00   2.7562e+02
20251208_07:00:00   2.7287e-01   6.9493e+01   4.9818e+00   0.0000e+00   0.0000e+00   2.7546e+02
20251208_08:00:00   2.7287e-01   6.9450e+01   5.0033e+00   0.0000e+00   0.0000e+00   2.7585e+02
20251208_09:00:00   2.7278e-01   6.9399e+01   5.0134e+00   0.0000e+00   0.0000e+00   2.7493e+02
20251208_10:00:00   2.7165e-01   6.9133e+01   5.0201e+00   0.0000e+00   0.0000e+00   2.7386e+02
20251208_11:00:00   2.6813e-01   6.8411e+01   4.9658e+00   0.0000e+00   0.0000e+00   2.7484e+02
20251208_12:00:00   2.6445e-01   6.7713e+01   4.8646e+00   0.0000e+00   0.0000e+00   2.7506e+02
20251208_13:00:00   2.5678e-01   6.6155e+01   4.7022e+00   0.0000e+00   0.0000e+00   2.7530e+02
20251208_14:00:00   2.4704e-01   6.4098e+01   4.5320e+00   0.0000e+00   0.0000e+00   2.7449e+02
20251208_15:00:00   2.3791e-01   6.2169e+01   4.3975e+00   0.0000e+00   0.0000e+00   2.7348e+02
20251208_16:00:00   2.2998e-01   6.0492e+01   4.2990e+00   0.0000e+00   0.0000e+00   2.7263e+02
20251208_17:00:00   2.3601e-01   6.1827e+01   4.4191e+00   0.0000e+00   0.0000e+00   2.7178e+02
20251208_18:00:00   2.4222e-01   6.3185e+01   4.5638e+00   0.0000e+00   0.0000e+00   2.7298e+02
20251208_19:00:00   2.4514e-01   6.3817e+01   4.6784e+00   0.0000e+00   0.0000e+00   2.7226e+02
20251208_20:00:00   2.6271e-01   6.7550e+01   5.0355e+00   0.0000e+00   0.0000e+00   2.7394e+02
20251208_21:00:00   2.6762e-01   6.8573e+01   5.1482e+00   0.0000e+00   0.0000e+00   2.7386e+02
20251208_22:00:00   2.6665e-01   6.8386e+01   5.1348e+00   0.0000e+00   0.0000e+00   2.7508e+02
20251208_23:00:00   2.6703e-01   6.8453e+01   5.1422e+00   0.0000e+00   0.0000e+00   2.7608e+02
20251209_00:00:00   2.6269e-01   6.7483e+01   5.0599e+00   0.0000e+00   0.0000e+00   2.7893e+02
20251209_01:00:00   2.5332e-01   6.5481e+01   4.8752e+00   0.0000e+00   0.0000e+00   2.8171e+02
20251209_02:00:00   2.4561e-01   6.3818e+01   4.7192e+00   0.0000e+00   0.0000e+00   2.8409e+02
20251209_03:00:00   2.3666e-01   6.1869e+01   4.5328e+00   0.0000e+00   0.0000e+00   2.8142e+02
20251209_04:00:00   2.2486e-01   5.9296e+01   4.3038e+00   0.0000e+00   0.0000e+00   2.8172e+02
20251209_05:00:00   2.1481e-01   5.7087e+01   4.1168e+00   0.0000e+00   0.0000e+00   2.8655e+02
20251209_06:00:00   2.1067e-01   5.6187e+01   4.0320e+00   0.0000e+00   0.0000e+00   2.8691e+02
20251209_07:00:00   2.1004e-01   5.6134e+01   3.9908e+00   0.0000e+00   0.0000e+00   2.8764e+02
20251209_08:00:00   2.1226e-01   5.6737e+01   4.0031e+00   0.0000e+00   0.0000e+00   2.8935e+02
20251209_09:00:00   2.1577e-01   5.7606e+01   4.0407e+00   0.0000e+00   0.0000e+00   2.9329e+02
20251209_10:00:00   2.1324e-01   5.7173e+01   3.9639e+00   0.0000e+00   0.0000e+00   2.9353e+02
20251209_11:00:00   2.0427e-01   5.5304e+01   3.7678e+00   0.0000e+00   0.0000e+00   2.9460e+02
20251209_12:00:00   1.9121e-01   5.2506e+01   3.4713e+00   0.0000e+00   0.0000e+00   2.9374e+02
20251209_13:00:00   1.8431e-01   5.0975e+01   3.3136e+00   0.0000e+00   0.0000e+00   2.9260e+02
20251209_14:00:00   1.7277e-01   4.8389e+01   3.0725e+00   0.0000e+00   0.0000e+00   2.9217e+02
20251209_15:00:00   1.6777e-01   4.7268e+01   2.9775e+00   0.0000e+00   0.0000e+00   2.8955e+02
20251209_16:00:00   1.5717e-01   4.4855e+01   2.7904e+00   0.0000e+00   0.0000e+00   2.8961e+02
20251209_17:00:00   1.6165e-01   4.5954e+01   2.8769e+00   0.0000e+00   0.0000e+00   2.8750e+02
20251209_18:00:00   1.5944e-01   4.5535e+01   2.8334e+00   0.0000e+00   0.0000e+00   2.8528e+02
20251209_19:00:00   1.5888e-01   4.5465e+01   2.8283e+00   0.0000e+00   0.0000e+00   2.8437e+02
20251209_20:00:00   1.5661e-01   4.4960e+01   2.7969e+00   0.0000e+00   0.0000e+00   2.8360e+02
20251209_21:00:00   1.4835e-01   4.3008e+01   2.6443e+00   0.0000e+00   0.0000e+00   2.8427e+02
20251209_22:00:00   1.4667e-01   4.2601e+01   2.6076e+00   0.0000e+00   0.0000e+00   2.8579e+02
20251209_23:00:00   1.4870e-01   4.3087e+01   2.6274e+00   0.0000e+00   0.0000e+00   2.8619e+02
20251210_00:00:00   1.3999e-01   4.0930e+01   2.4592e+00   0.0000e+00   0.0000e+00   2.8623e+02
20251210_01:00:00   1.3082e-01   3.8645e+01   2.3012e+00   0.0000e+00   0.0000e+00   2.8621e+02
20251210_02:00:00   1.2838e-01   3.8009e+01   2.2906e+00   0.0000e+00   0.0000e+00   2.8408e+02
20251210_03:00:00   1.3373e-01   3.9258e+01   2.4485e+00   0.0000e+00   0.0000e+00   2.8212e+02
20251210_04:00:00   1.5405e-01   4.4172e+01   2.9045e+00   0.0000e+00   0.0000e+00   2.8261e+02
20251210_05:00:00   1.7705e-01   4.9600e+01   3.4219e+00   0.0000e+00   0.0000e+00   2.8425e+02
20251210_06:00:00   2.0698e-01   5.6389e+01   4.0657e+00   0.0000e+00   0.0000e+00   2.8471e+02
20251210_07:00:00   2.3739e-01   6.3154e+01   4.6990e+00   0.0000e+00   0.0000e+00   2.8612e+02
20251210_08:00:00   2.6122e-01   6.8283e+01   5.1878e+00   0.0000e+00   0.0000e+00   2.8594e+02
20251210_09:00:00   2.7210e-01   7.0576e+01   5.4158e+00   0.0000e+00   0.0000e+00   2.8226e+02
20251210_10:00:00   2.9228e-01   7.4760e+01   5.7913e+00   0.0000e+00   0.0000e+00   2.7941e+02
20251210_11:00:00   3.1990e-01   8.0355e+01   6.2845e+00   0.0000e+00   0.0000e+00   2.7772e+02
20251210_12:00:00   3.2780e-01   8.1868e+01   6.4283e+00   0.0000e+00   0.0000e+00   2.7801e+02
20251210_13:00:00   3.3872e-01   8.3884e+01   6.6073e+00   0.0000e+00   0.0000e+00   2.7849e+02
20251210_14:00:00   3.7569e-01   9.0898e+01   7.2353e+00   0.0000e+00   0.0000e+00   2.7909e+02
20251210_15:00:00   3.9449e-01   9.4260e+01   7.5267e+00   0.0000e+00   0.0000e+00   2.7912e+02
20251210_16:00:00   4.0383e-01   9.5813e+01   7.6865e+00   0.0000e+00   0.0000e+00   2.7835e+02
20251210_17:00:00   4.1392e-01   9.7499e+01   7.8715e+00   0.0000e+00   0.0000e+00   2.7913e+02
20251210_18:00:00   4.1668e-01   9.7878e+01   7.9192e+00   0.0000e+00   0.0000e+00   2.7834e+02
20251210_19:00:00   4.1485e-01   9.7499e+01   7.8381e+00   0.0000e+00   0.0000e+00   2.7976e+02
20251210_20:00:00   4.2145e-01   9.8786e+01   7.8285e+00   0.0000e+00   0.0000e+00   2.8053e+02
20251210_21:00:00   4.3315e-01   1.0100e+02   7.9175e+00   0.0000e+00   0.0000e+00   2.8111e+02
20251210_22:00:00   4.3064e-01   1.0064e+02   7.7794e+00   0.0000e+00   0.0000e+00   2.8174e+02
20251210_23:00:00   4.1081e-01   9.7220e+01   7.4023e+00   0.0000e+00   0.0000e+00   2.8237e+02
20251211_00:00:00   3.9922e-01   9.5156e+01   7.1655e+00   0.0000e+00   0.0000e+00   2.8584e+02
20251211_01:00:00   3.8482e-01   9.2513e+01   6.8606e+00   0.0000e+00   0.0000e+00   2.8644e+02
20251211_02:00:00   3.7235e-01   9.0243e+01   6.6183e+00   0.0000e+00   0.0000e+00   2.8517e+02
20251211_03:00:00   3.5246e-01   8.6613e+01   6.2817e+00   0.0000e+00   0.0000e+00   2.8512e+02
20251211_04:00:00   3.3422e-01   8.3230e+01   5.9832e+00   0.0000e+00   0.0000e+00   2.8765e+02
20251211_05:00:00   3.3538e-01   8.3417e+01   5.9999e+00   0.0000e+00   0.0000e+00   2.8750e+02
20251211_06:00:00   3.3040e-01   8.2500e+01   5.9470e+00   0.0000e+00   0.0000e+00   2.8701e+02
20251211_07:00:00   3.2000e-01   8.0525e+01   5.7876e+00   0.0000e+00   0.0000e+00   2.8687e+02
20251211_08:00:00   3.1789e-01   8.0133e+01   5.7488e+00   0.0000e+00   0.0000e+00   2.8791e+02
20251211_09:00:00   3.0423e-01   7.7533e+01   5.5045e+00   0.0000e+00   0.0000e+00   2.8690e+02
20251211_10:00:00   2.9770e-01   7.6318e+01   5.3901e+00   0.0000e+00   0.0000e+00   2.8547e+02
20251211_11:00:00   3.0365e-01   7.7509e+01   5.4799e+00   0.0000e+00   0.0000e+00   2.8395e+02
20251211_12:00:00   3.0919e-01   7.8684e+01   5.5886e+00   0.0000e+00   0.0000e+00   2.8337e+02
20251211_13:00:00   3.1256e-01   7.9459e+01   5.6650e+00   0.0000e+00   0.0000e+00   2.8321e+02
20251211_14:00:00   3.1428e-01   7.9846e+01   5.6962e+00   0.0000e+00   0.0000e+00   2.8437e+02
20251211_15:00:00   3.1648e-01   8.0331e+01   5.7324e+00   0.0000e+00   0.0000e+00   2.8421e+02
20251211_16:00:00   3.1831e-01   8.0769e+01   5.7963e+00   0.0000e+00   0.0000e+00   2.8432e+02
20251211_17:00:00   3.1764e-01   8.0696e+01   5.8049e+00   0.0000e+00   0.0000e+00   2.8424e+02
20251211_18:00:00   3.1934e-01   8.1072e+01   5.8577e+00   0.0000e+00   0.0000e+00   2.8337e+02
20251211_19:00:00   3.1268e-01   7.9769e+01   5.7626e+00   0.0000e+00   0.0000e+00   2.8325e+02
20251211_20:00:00   2.9400e-01   7.5964e+01   5.4446e+00   0.0000e+00   0.0000e+00   2.8356e+02
20251211_21:00:00   2.6590e-01   7.0070e+01   4.9409e+00   0.0000e+00   0.0000e+00   2.8246e+02
20251211_22:00:00   2.5239e-01   6.7132e+01   4.6904e+00   0.0000e+00   0.0000e+00   2.8124e+02
20251211_23:00:00   2.5002e-01   6.6548e+01   4.6366e+00   0.0000e+00   0.0000e+00   2.8146e+02
20251212_00:00:00   2.3963e-01   6.4189e+01   4.4411e+00   0.0000e+00   0.0000e+00   2.8037e+02
20251212_01:00:00   2.3157e-01   6.2374e+01   4.2991e+00   0.0000e+00   0.0000e+00   2.7921e+02
20251212_02:00:00   2.2817e-01   6.1611e+01   4.2524e+00   0.0000e+00   0.0000e+00   2.7953e+02
20251212_03:00:00   2.3291e-01   6.2658e+01   4.3623e+00   0.0000e+00   0.0000e+00   2.7999e+02
20251212_04:00:00   2.3899e-01   6.3997e+01   4.4984e+00   0.0000e+00   0.0000e+00   2.8090e+02
20251212_05:00:00   2.4771e-01   6.5879e+01   4.6779e+00   0.0000e+00   0.0000e+00   2.8018e+02
20251212_06:00:00   2.5692e-01   6.7872e+01   4.8602e+00   0.0000e+00   0.0000e+00   2.7922e+02
20251212_07:00:00   2.7177e-01   7.1041e+01   5.1325e+00   0.0000e+00   0.0000e+00   2.7858e+02
20251212_08:00:00   2.8560e-01   7.3985e+01   5.3711e+00   0.0000e+00   0.0000e+00   2.8036e+02
20251212_09:00:00   2.8518e-01   7.3951e+01   5.3514e+00   0.0000e+00   0.0000e+00   2.8153e+02
20251212_10:00:00   2.8879e-01   7.4707e+01   5.4146e+00   0.0000e+00   0.0000e+00   2.8121e+02
20251212_11:00:00   2.8524e-01   7.3984e+01   5.3533e+00   0.0000e+00   0.0000e+00   2.8287e+02
20251212_12:00:00   2.9204e-01   7.5371e+01   5.4665e+00   0.0000e+00   0.0000e+00   2.8339e+02
20251212_13:00:00   3.0456e-01   7.7931e+01   5.7004e+00   0.0000e+00   0.0000e+00   2.8311e+02
20251212_14:00:00   3.1298e-01   7.9621e+01   5.8642e+00   0.0000e+00   0.0000e+00   2.8305e+02
20251212_15:00:00   3.2128e-01   8.1267e+01   6.0317e+00   0.0000e+00   0.0000e+00   2.8227e+02
20251212_16:00:00   3.2838e-01   8.2687e+01   6.1733e+00   0.0000e+00   0.0000e+00   2.8066e+02
20251212_17:00:00   3.3858e-01   8.4704e+01   6.3691e+00   0.0000e+00   0.0000e+00   2.7876e+02
20251212_18:00:00   3.5278e-01   8.7466e+01   6.6770e+00   0.0000e+00   0.0000e+00   2.7658e+02
20251212_19:00:00   3.5962e-01   8.8789e+01   6.8394e+00   0.0000e+00   0.0000e+00   2.7772e+02
20251212_20:00:00   3.6485e-01   8.9829e+01   6.9415e+00   0.0000e+00   0.0000e+00   2.7976e+02
20251212_21:00:00   3.8875e-01   9.4228e+01   7.3921e+00   0.0000e+00   0.0000e+00   2.8062e+02
20251212_22:00:00   3.8461e-01   9.3424e+01   7.3125e+00   0.0000e+00   0.0000e+00   2.8272e+02
20251212_23:00:00   3.9868e-01   9.5898e+01   7.5630e+00   0.0000e+00   0.0000e+00   2.8244e+02
20251213_00:00:00   3.9551e-01   9.5256e+01   7.4763e+00   0.0000e+00   0.0000e+00   2.7833e+02
20251213_01:00:00   3.9452e-01   9.5011e+01   7.4478e+00   0.0000e+00   0.0000e+00   2.7708e+02
20251213_02:00:00   3.9555e-01   9.5134e+01   7.4459e+00   0.0000e+00   0.0000e+00   2.7730e+02
20251213_03:00:00   3.9137e-01   9.4342e+01   7.3508e+00   0.0000e+00   0.0000e+00   2.7835e+02
20251213_04:00:00   3.9082e-01   9.4167e+01   7.3389e+00   0.0000e+00   0.0000e+00   2.7663e+02
20251213_05:00:00   3.8284e-01   9.2681e+01   7.1751e+00   0.0000e+00   0.0000e+00   2.7738e+02
20251213_06:00:00   3.7748e-01   9.1654e+01   7.0413e+00   0.0000e+00   0.0000e+00   2.7982e+02
20251213_09:00:00   3.6337e-01   8.8866e+01   6.6895e+00   0.0000e+00   0.0000e+00   2.8155e+02
20251213_12:00:00   3.5712e-01   8.7594e+01   6.5543e+00   0.0000e+00   0.0000e+00   2.8187e+02
20251213_15:00:00   3.2312e-01   8.0949e+01   5.9756e+00   0.0000e+00   5.4420e-05   2.7829e+02
20251213_18:00:00   2.9728e-01   7.5888e+01   5.5930e+00   0.0000e+00   4.1500e-05   2.7924e+02
20251213_21:00:00   3.0475e-01   7.7488e+01   5.8183e+00   0.0000e+00   6.3140e-05   2.7533e+02
20251214_00:00:00   2.9374e-01   7.5153e+01   5.6196e+00   0.0000e+00   2.8321e-04   2.7579e+02
20251214_03:00:00   2.8544e-01   7.3326e+01   5.5176e+00   0.0000e+00   5.3414e-03   2.8262e+02
20251214_06:00:00   2.8513e-01   7.3085e+01   5.5783e+00   0.0000e+00   1.1236e-03   2.8740e+02
20251214_09:00:00   2.8977e-01   7.3772e+01   5.7601e+00   0.0000e+00   3.0937e-03   2.8126e+02
20251214_12:00:00   3.0396e-01   7.6374e+01   6.0866e+00   0.0000e+00   1.9171e-02   2.7932e+02
20251214_15:00:00   3.2141e-01   7.9719e+01   6.4432e+00   0.0000e+00   1.0888e-02   2.8033e+02
20251214_18:00:00   3.4870e-01   8.5151e+01   6.9787e+00   0.0000e+00   6.7179e-03   2.8408e+02
20251214_21:00:00   4.3532e-01   1.0137e+02   8.5535e+00   0.0000e+00   2.5359e-02   2.8391e+02
20251215_00:00:00   5.4224e-01   1.1900e+02   1.0544e+01   0.0000e+00   9.0665e-03   2.7952e+02
20251215_03:00:00   5.9413e-01   1.2749e+02   1.1176e+01   0.0000e+00   1.3030e-02   2.8025e+02
20251215_06:00:00   6.2003e-01   1.3155e+02   1.1528e+01   0.0000e+00   5.1911e-03   2.8051e+02
20251215_09:00:00   8.0668e-01   1.5756e+02   1.4173e+01   0.0000e+00   3.1901e-03   2.7667e+02
20251215_12:00:00   8.6267e-01   1.6461e+02   1.4700e+01   0.0000e+00   6.1259e-03   2.7441e+02
20251215_15:00:00   8.6725e-01   1.6534e+02   1.4550e+01   1.4110e-05   9.3203e-03   2.7479e+02
20251215_18:00:00   8.8732e-01   1.6807e+02   1.4884e+01   0.0000e+00   7.0915e-03   2.7261e+02
20251215_21:00:00   9.7495e-01   1.7757e+02   1.6306e+01   9.4420e-04   4.5933e-03   2.7019e+02
20251216_00:00:00   1.1049e+00   1.8942e+02   1.6535e+01   5.0820e-02   8.6229e-04   2.6764e+02
20251216_03:00:00   9.3027e-01   1.7140e+02   1.5929e+01   1.9234e-03   7.9031e-03   2.6583e+02
20251216_06:00:00   9.2945e-01   1.7121e+02   1.5608e+01   0.0000e+00   1.7090e-02   2.6647e+02
20251216_09:00:00   1.1733e+00   1.9430e+02   1.6996e+01   6.4689e-02   1.9334e-02   2.6644e+02
20251216_12:00:00   1.4065e+00   2.1069e+02   1.7457e+01   1.4788e-01   9.6673e-02   2.7017e+02
20251216_15:00:00   1.7070e+00   2.2798e+02   1.9007e+01   2.2965e-01   1.3139e-01   2.6745e+02
20251216_18:00:00   2.7982e+00   2.6186e+02   2.0222e+01   6.2698e-01   2.2367e-01   2.6355e+02
20251216_21:00:00   2.9347e+00   2.6415e+02   2.0992e+01   6.5963e-01   4.4329e-01   2.6014e+02
20251217_00:00:00   2.6626e+00   2.5972e+02   2.1207e+01   5.4551e-01   2.6465e-01   2.5979e+02
20251217_03:00:00   2.7879e+00   2.6255e+02   2.0957e+01   5.9370e-01   1.0133e-01   2.5679e+02
20251217_06:00:00   3.1448e+00   2.6785e+02   2.2074e+01   7.0313e-01   1.1801e-01   2.5697e+02
20251217_09:00:00   2.3618e+00   2.5357e+02   2.1466e+01   4.0728e-01   9.2745e-02   2.5585e+02
20251217_12:00:00   2.0798e+00   2.4467e+02   2.0427e+01   3.1615e-01   5.8762e-03   2.5736e+02
20251217_15:00:00   2.3304e+00   2.5294e+02   2.0436e+01   4.1770e-01   7.8771e-02   2.5814e+02
20251217_18:00:00   1.8357e+00   2.3606e+02   1.7279e+01   2.9190e-01   2.3756e-05   2.5629e+02
20251217_21:00:00   1.6697e+00   2.2709e+02   1.6077e+01   2.5529e-01   0.0000e+00   2.5683e+02
20251218_00:00:00   1.1687e+00   1.9399e+02   1.4327e+01   1.0496e-01   0.0000e+00   2.5848e+02
20251218_03:00:00   1.3186e+00   2.0543e+02   1.3927e+01   1.7641e-01   0.0000e+00   2.6191e+02
20251218_06:00:00   1.5788e+00   2.2178e+02   1.3342e+01   2.9532e-01   1.5908e-04   2.5916e+02
20251218_09:00:00   1.9914e+00   2.4050e+02   1.3176e+01   4.6383e-01   9.6920e-04   2.5762e+02
20251218_12:00:00   1.6551e+00   2.2517e+02   1.2492e+01   3.4502e-01   9.7994e-04   2.5917e+02
20251218_15:00:00   1.5366e+00   2.1811e+02   1.2125e+01   3.0563e-01   4.0272e-03   2.6067e+02
20251218_18:00:00   1.2282e+00   1.9700e+02   1.1919e+01   1.8589e-01   1.0497e-02   2.6139e+02
20251218_21:00:00   6.6011e-01   1.3686e+02   1.0433e+01   1.2004e-04   4.3604e-03   2.6566e+02
20251219_00:00:00   6.4368e-01   1.3471e+02   1.0205e+01   0.0000e+00   3.1872e-03   2.6502e+02
20251219_03:00:00   6.0718e-01   1.2923e+02   9.7157e+00   0.0000e+00   5.0464e-03   2.6511e+02
20251219_06:00:00   5.9583e-01   1.2735e+02   9.8020e+00   0.0000e+00   3.3634e-03   2.6183e+02
20251219_09:00:00   6.3792e-01   1.3346e+02   1.0832e+01   0.0000e+00   6.8336e-03   2.5915e+02
20251219_12:00:00   6.8566e-01   1.4035e+02   1.1707e+01   0.0000e+00   1.2509e-02   2.6114e+02
20251219_15:00:00   7.5457e-01   1.4949e+02   1.2907e+01   3.6030e-05   2.6969e-03   2.6395e+02
20251219_18:00:00   9.0942e-01   1.6838e+02   1.5392e+01   0.0000e+00   7.2627e-04   2.6498e+02
20251219_21:00:00   9.7981e-01   1.7651e+02   1.6350e+01   7.8401e-03   7.9340e-04   2.6480e+02
20251220_00:00:00   9.5603e-01   1.7368e+02   1.6444e+01   3.0241e-04   1.0713e-02   2.6323e+02
20251220_03:00:00   8.2296e-01   1.5801e+02   1.4965e+01   0.0000e+00   1.6047e-02   2.6438e+02
20251220_06:00:00   9.3941e-01   1.7139e+02   1.7284e+01   0.0000e+00   2.2319e-02   2.6561e+02
20251220_09:00:00   1.0136e+00   1.7941e+02   1.8461e+01   0.0000e+00   1.4959e-01   2.6248e+02
20251220_12:00:00   9.9434e-01   1.7703e+02   1.8140e+01   0.0000e+00   1.1693e-02   2.6025e+02
20251220_15:00:00   1.1978e+00   1.9552e+02   2.0294e+01   2.3320e-02   3.4408e-02   2.6063e+02
20251220_18:00:00   1.1537e+00   1.9222e+02   2.0056e+01   2.0700e-03   2.2452e-02   2.6094e+02
20251220_21:00:00   9.4155e-01   1.7272e+02   1.5898e+01   3.0000e-04   0.0000e+00   2.6193e+02
20251221_00:00:00   9.7837e-01   1.7641e+02   1.6877e+01   0.0000e+00   0.0000e+00   2.6102e+02
20251221_03:00:00   8.7298e-01   1.6513e+02   1.4855e+01   0.0000e+00   0.0000e+00   2.6388e+02
20251221_06:00:00   8.4730e-01   1.6158e+02   1.4424e+01   0.0000e+00   0.0000e+00   2.7228e+02
20251221_09:00:00   9.0663e-01   1.6768e+02   1.5571e+01   0.0000e+00   1.1272e-04   2.6655e+02
20251221_12:00:00   5.4486e-01   1.2066e+02   8.9096e+00   0.0000e+00   0.0000e+00   2.6533e+02
20251221_15:00:00   3.9155e-01   9.3977e+01   6.6481e+00   0.0000e+00   0.0000e+00   2.6765e+02
20251221_18:00:00   4.9650e-01   1.1220e+02   9.3054e+00   0.0000e+00   2.2449e-03   2.6920e+02
20251221_21:00:00   6.2700e-01   1.3250e+02   1.1909e+01   0.0000e+00   1.3522e-05   2.7082e+02
20251222_00:00:00   6.2551e-01   1.3258e+02   1.1766e+01   0.0000e+00   3.6560e-06   2.7093e+02
20251222_03:00:00   6.1270e-01   1.3075e+02   1.1417e+01   0.0000e+00   0.0000e+00   2.7516e+02
20251222_06:00:00   4.8963e-01   1.1117e+02   9.4061e+00   0.0000e+00   0.0000e+00   2.7688e+02
20251222_09:00:00   4.7936e-01   1.0960e+02   9.1864e+00   0.0000e+00   0.0000e+00   2.7763e+02
20251222_12:00:00   3.9866e-01   9.5332e+01   7.9323e+00   0.0000e+00   3.5600e-04   2.7592e+02
20251222_15:00:00   3.9139e-01   9.4064e+01   7.7350e+00   0.0000e+00   5.8140e-04   2.7420e+02
20251222_18:00:00   3.9413e-01   9.4650e+01   7.8044e+00   0.0000e+00   1.8086e-03   2.7306e+02
20251222_21:00:00   4.0480e-01   9.6650e+01   8.0595e+00   0.0000e+00   5.5261e-03   2.7657e+02
20251223_00:00:00   4.9629e-01   1.1266e+02   9.6685e+00   0.0000e+00   4.4064e-02   2.8019e+02
20251223_03:00:00   5.1076e-01   1.1493e+02   9.4245e+00   0.0000e+00   4.2246e-02   2.7758e+02
20251223_06:00:00   5.4688e-01   1.2043e+02   9.3929e+00   0.0000e+00   5.3795e-02   2.8297e+02
20251223_09:00:00   5.4681e-01   1.1871e+02   9.0873e+00   0.0000e+00   3.7885e-02   2.8105e+02
20251223_12:00:00   4.6960e-01   1.0508e+02   7.8246e+00   0.0000e+00   2.0726e-02   2.8333e+02
20251223_15:00:00   3.9708e-01   9.2082e+01   6.7274e+00   0.0000e+00   1.9320e-02   2.9579e+02
20251223_18:00:00   3.9838e-01   9.2053e+01   6.7734e+00   0.0000e+00   1.5094e-02   2.9840e+02
20251223_21:00:00   3.6531e-01   8.6086e+01   6.3199e+00   0.0000e+00   4.4129e-03   2.9999e+02
20251224_00:00:00   3.3771e-01   8.0933e+01   5.9001e+00   0.0000e+00   3.3738e-03   2.9770e+02
20251224_03:00:00   3.2161e-01   7.7834e+01   5.4816e+00   0.0000e+00   2.3973e-03   2.9367e+02
20251224_06:00:00   3.4174e-01   8.1665e+01   5.7726e+00   0.0000e+00   2.1203e-03   2.9463e+02
