#            date       tau255        Tb[K]      pwv[mm] lwp[kg*m^-2] iwp[kg*m^-2]       o3[DU]
20251207_12:00:00   5.0794e-01   1.1294e+02   9.2516e+00   0.0000e+00   0.0000e+00   2.8305e+02
20251207_13:00:00   4.9123e-01   1.1006e+02   8.8034e+00   0.0000e+00   0.0000e+00   2.8197e+02
20251207_14:00:00   4.6626e-01   1.0580e+02   8.2335e+00   0.0000e+00   0.0000e+00   2.8125e+02
20251207_15:00:00   4.5965e-01   1.0460e+02   8.0644e+00   0.0000e+00   0.0000e+00   2.8166e+02
20251207_16:00:00   4.2898e-01   9.9386e+01   7.4752e+00   0.0000e+00   0.0000e+00   2.8364e+02
20251207_17:00:00   3.8668e-01   9.1926e+01   6.7030e+00   0.0000e+00   0.0000e+00   2.8534e+02
20251207_18:00:00   3.4187e-01   8.3595e+01   5.8961e+00   0.0000e+00   0.0000e+00   2.8487e+02
20251207_19:00:00   3.0233e-01   7.5869e+01   5.2451e+00   0.0000e+00   0.0000e+00   2.8458e+02
20251207_20:00:00   2.9829e-01   7.5049e+01   5.2002e+00   0.0000e+00   0.0000e+00   2.8277e+02
20251207_21:00:00   2.9728e-01   7.4873e+01   5.1865e+00   0.0000e+00   0.0000e+00   2.8057e+02
20251207_22:00:00   2.9450e-01   7.4277e+01   5.1599e+00   0.0000e+00   0.0000e+00   2.7924e+02
20251207_23:00:00   2.8736e-01   7.2761e+01   5.0716e+00   0.0000e+00   0.0000e+00   2.7725e+02
20251208_00:00:00   2.8099e-01   7.1361e+01   4.9849e+00   0.0000e+00   0.0000e+00   2.7647e+02
20251208_01:00:00   2.7401e-01   6.9896e+01   4.8648e+00   0.0000e+00   0.0000e+00   2.7662e+02
20251208_02:00:00   2.6397e-01   6.7796e+01   4.7181e+00   0.0000e+00   0.0000e+00   2.7741e+02
20251208_03:00:00   2.6063e-01   6.7035e+01   4.7133e+00   0.0000e+00   0.0000e+00   2.7701e+02
20251208_04:00:00   2.6540e-01   6.7967e+01   4.8548e+00   0.0000e+00   0.0000e+00   2.7720e+02
20251208_05:00:00   2.6705e-01   6.8264e+01   4.9161e+00   0.0000e+00   0.0000e+00   2.7594e+02
20251208_06:00:00   2.6369e-01   6.7612e+01   4.8536e+00   0.0000e+00   0.0000e+00   2.7647e+02
20251208_07:00:00   2.6770e-01   6.8433e+01   4.9323e+00   0.0000e+00   0.0000e+00   2.7703e+02
20251208_08:00:00   2.7249e-01   6.9378e+01   5.0359e+00   0.0000e+00   0.0000e+00   2.7774e+02
20251208_09:00:00   2.7611e-01   7.0103e+01   5.1018e+00   0.0000e+00   0.0000e+00   2.7672e+02
20251208_10:00:00   2.7098e-01   6.9033e+01   5.0177e+00   0.0000e+00   0.0000e+00   2.7625e+02
20251208_11:00:00   2.6452e-01   6.7673e+01   4.9127e+00   0.0000e+00   0.0000e+00   2.7623e+02
20251208_12:00:00   2.5793e-01   6.6314e+01   4.7848e+00   0.0000e+00   0.0000e+00   2.7700e+02
20251208_13:00:00   2.5116e-01   6.4889e+01   4.6646e+00   0.0000e+00   0.0000e+00   2.7794e+02
20251208_14:00:00   2.4274e-01   6.3104e+01   4.5216e+00   0.0000e+00   0.0000e+00   2.7813e+02
20251208_15:00:00   2.3436e-01   6.1327e+01   4.3856e+00   0.0000e+00   0.0000e+00   2.7589e+02
20251208_16:00:00   2.2341e-01   5.8993e+01   4.2220e+00   0.0000e+00   0.0000e+00   2.7283e+02
20251208_17:00:00   2.2687e-01   5.9802e+01   4.2829e+00   0.0000e+00   0.0000e+00   2.7258e+02
20251208_18:00:00   2.3298e-01   6.1182e+01   4.4146e+00   0.0000e+00   0.0000e+00   2.7284e+02
20251208_19:00:00   2.3586e-01   6.1845e+01   4.4985e+00   0.0000e+00   0.0000e+00   2.7307e+02
20251208_20:00:00   2.4664e-01   6.4213e+01   4.7122e+00   0.0000e+00   0.0000e+00   2.7431e+02
20251208_21:00:00   2.5114e-01   6.5211e+01   4.8078e+00   0.0000e+00   0.0000e+00   2.7661e+02
20251208_22:00:00   2.5232e-01   6.5459e+01   4.8344e+00   0.0000e+00   0.0000e+00   2.7703e+02
20251208_23:00:00   2.5385e-01   6.5775e+01   4.8582e+00   0.0000e+00   0.0000e+00   2.7811e+02
20251209_00:00:00   2.5836e-01   6.6678e+01   4.9320e+00   0.0000e+00   0.0000e+00   2.7883e+02
20251209_01:00:00   2.6162e-01   6.7329e+01   4.9817e+00   0.0000e+00   0.0000e+00   2.7974e+02
20251209_02:00:00   2.6035e-01   6.7058e+01   4.9500e+00   0.0000e+00   0.0000e+00   2.8039e+02
20251209_03:00:00   2.6065e-01   6.7142e+01   4.9453e+00   0.0000e+00   0.0000e+00   2.8341e+02
20251209_04:00:00   2.6148e-01   6.7320e+01   4.9537e+00   0.0000e+00   0.0000e+00   2.8444e+02
20251209_05:00:00   2.5953e-01   6.6915e+01   4.9079e+00   0.0000e+00   0.0000e+00   2.8951e+02
20251209_06:00:00   2.5987e-01   6.7006e+01   4.9037e+00   0.0000e+00   0.0000e+00   2.8899e+02
20251209_07:00:00   2.6303e-01   6.7754e+01   4.9300e+00   0.0000e+00   0.0000e+00   2.8838e+02
20251209_08:00:00   2.6648e-01   6.8603e+01   4.9363e+00   0.0000e+00   0.0000e+00   2.8749e+02
20251209_09:00:00   2.5773e-01   6.6850e+01   4.7462e+00   0.0000e+00   0.0000e+00   2.8829e+02
20251209_10:00:00   2.4400e-01   6.4024e+01   4.4484e+00   0.0000e+00   0.0000e+00   2.8954e+02
20251209_11:00:00   2.2500e-01   5.9985e+01   4.0693e+00   0.0000e+00   0.0000e+00   2.8828e+02
20251209_12:00:00   2.0928e-01   5.6626e+01   3.7297e+00   0.0000e+00   0.0000e+00   2.9108e+02
20251209_13:00:00   1.9193e-01   5.2823e+01   3.3871e+00   0.0000e+00   0.0000e+00   2.8896e+02
20251209_14:00:00   1.8340e-01   5.0883e+01   3.2287e+00   0.0000e+00   0.0000e+00   2.9194e+02
20251209_15:00:00   1.7622e-01   4.9210e+01   3.1184e+00   0.0000e+00   0.0000e+00   2.9260e+02
20251209_16:00:00   1.7073e-01   4.7950e+01   3.0521e+00   0.0000e+00   0.0000e+00   2.9223e+02
20251209_17:00:00   1.7409e-01   4.8761e+01   3.1322e+00   0.0000e+00   0.0000e+00   2.9084e+02
20251209_18:00:00   1.7624e-01   4.9290e+01   3.1889e+00   0.0000e+00   0.0000e+00   2.8841e+02
20251209_19:00:00   1.6988e-01   4.7882e+01   3.0691e+00   0.0000e+00   0.0000e+00   2.8971e+02
20251209_20:00:00   1.6244e-01   4.6224e+01   2.9240e+00   0.0000e+00   0.0000e+00   2.8919e+02
20251209_21:00:00   1.5837e-01   4.5290e+01   2.8451e+00   0.0000e+00   0.0000e+00   2.9042e+02
20251209_22:00:00   1.5136e-01   4.3610e+01   2.7137e+00   0.0000e+00   0.0000e+00   2.8999e+02
20251209_23:00:00   1.4575e-01   4.2261e+01   2.5951e+00   0.0000e+00   0.0000e+00   2.8999e+02
20251210_00:00:00   1.4413e-01   4.1825e+01   2.5783e+00   0.0000e+00   0.0000e+00   2.8872e+02
20251210_01:00:00   1.5096e-01   4.3447e+01   2.7413e+00   0.0000e+00   0.0000e+00   2.8682e+02
20251210_02:00:00   1.6687e-01   4.7218e+01   3.0843e+00   0.0000e+00   0.0000e+00   2.8582e+02
20251210_03:00:00   1.8131e-01   5.0643e+01   3.3996e+00   0.0000e+00   0.0000e+00   2.8575e+02
20251210_04:00:00   1.7495e-01   4.9199e+01   3.3113e+00   0.0000e+00   0.0000e+00   2.8527e+02
20251210_05:00:00   1.7233e-01   4.8547e+01   3.2802e+00   0.0000e+00   0.0000e+00   2.8641e+02
20251210_06:00:00   1.8896e-01   5.2466e+01   3.6086e+00   0.0000e+00   0.0000e+00   2.8604e+02
20251210_07:00:00   2.1078e-01   5.7389e+01   4.0439e+00   0.0000e+00   6.5680e-05   2.8715e+02
20251210_08:00:00   2.2353e-01   6.0285e+01   4.3219e+00   0.0000e+00   3.4640e-06   2.8559e+02
20251210_09:00:00   2.4624e-01   6.5296e+01   4.7995e+00   0.0000e+00   0.0000e+00   2.8327e+02
20251210_10:00:00   2.7186e-01   7.0802e+01   5.3087e+00   0.0000e+00   0.0000e+00   2.8085e+02
20251210_11:00:00   3.0717e-01   7.7929e+01   5.9816e+00   0.0000e+00   1.5756e-05   2.7910e+02
20251210_12:00:00   3.2529e-01   8.1616e+01   6.3387e+00   0.0000e+00   3.0216e-05   2.7948e+02
20251210_13:00:00   3.5061e-01   8.6515e+01   6.8135e+00   0.0000e+00   6.4617e-04   2.7735e+02
20251210_14:00:00   3.5419e-01   8.7284e+01   6.8471e+00   0.0000e+00   6.6619e-04   2.7680e+02
20251210_15:00:00   3.8371e-01   9.2628e+01   7.3664e+00   0.0000e+00   6.2720e-04   2.7698e+02
20251210_16:00:00   4.0370e-01   9.6156e+01   7.6680e+00   0.0000e+00   5.2748e-04   2.7933e+02
20251210_17:00:00   4.0953e-01   9.7272e+01   7.7049e+00   0.0000e+00   1.4179e-04   2.7997e+02
20251210_18:00:00   4.0845e-01   9.7122e+01   7.6576e+00   0.0000e+00   2.9055e-05   2.7969e+02
20251210_19:00:00   4.1474e-01   9.8364e+01   7.8131e+00   0.0000e+00   0.0000e+00   2.7917e+02
20251210_20:00:00   4.2175e-01   9.9652e+01   7.9492e+00   0.0000e+00   0.0000e+00   2.7935e+02
20251210_21:00:00   4.3008e-01   1.0112e+02   8.0920e+00   0.0000e+00   0.0000e+00   2.8022e+02
20251210_22:00:00   4.4975e-01   1.0450e+02   8.4790e+00   0.0000e+00   0.0000e+00   2.8077e+02
20251210_23:00:00   4.5996e-01   1.0619e+02   8.6587e+00   0.0000e+00   0.0000e+00   2.8278e+02
20251211_00:00:00   4.4912e-01   1.0429e+02   8.4636e+00   0.0000e+00   0.0000e+00   2.8454e+02
20251211_01:00:00   4.4449e-01   1.0339e+02   8.3905e+00   0.0000e+00   0.0000e+00   2.8612e+02
20251211_02:00:00   4.3914e-01   1.0255e+02   8.3134e+00   0.0000e+00   0.0000e+00   2.8693e+02
20251211_03:00:00   4.2055e-01   9.9375e+01   7.9606e+00   0.0000e+00   0.0000e+00   2.8638e+02
20251211_04:00:00   4.1309e-01   9.8004e+01   7.7853e+00   0.0000e+00   0.0000e+00   2.8610e+02
20251211_05:00:00   3.9888e-01   9.5569e+01   7.4905e+00   0.0000e+00   0.0000e+00   2.8602e+02
20251211_06:00:00   3.9808e-01   9.5514e+01   7.4617e+00   0.0000e+00   0.0000e+00   2.8664e+02
20251211_07:00:00   3.9642e-01   9.5289e+01   7.4388e+00   0.0000e+00   0.0000e+00   2.8666e+02
20251211_08:00:00   3.9484e-01   9.5107e+01   7.3930e+00   0.0000e+00   0.0000e+00   2.8645e+02
20251211_09:00:00   3.9471e-01   9.5185e+01   7.3863e+00   0.0000e+00   0.0000e+00   2.8637e+02
20251211_10:00:00   3.9356e-01   9.5032e+01   7.3514e+00   0.0000e+00   0.0000e+00   2.8677e+02
20251211_11:00:00   3.9377e-01   9.5115e+01   7.3553e+00   0.0000e+00   0.0000e+00   2.8695e+02
20251211_12:00:00   3.9091e-01   9.4629e+01   7.3103e+00   0.0000e+00   0.0000e+00   2.8749e+02
20251211_13:00:00   3.8122e-01   9.2849e+01   7.1262e+00   0.0000e+00   0.0000e+00   2.8781e+02
20251211_14:00:00   3.6980e-01   9.0752e+01   6.8799e+00   0.0000e+00   0.0000e+00   2.8923e+02
20251211_15:00:00   3.6014e-01   8.8976e+01   6.6701e+00   0.0000e+00   0.0000e+00   2.9098e+02
20251211_16:00:00   3.4405e-01   8.5974e+01   6.3527e+00   0.0000e+00   0.0000e+00   2.9185e+02
20251211_17:00:00   3.2692e-01   8.2673e+01   6.0089e+00   0.0000e+00   0.0000e+00   2.9205e+02
20251211_18:00:00   3.0652e-01   7.8651e+01   5.6325e+00   0.0000e+00   0.0000e+00   2.8769e+02
20251211_19:00:00   2.8316e-01   7.3889e+01   5.2072e+00   0.0000e+00   0.0000e+00   2.8457e+02
20251211_20:00:00   2.7072e-01   7.1297e+01   4.9975e+00   0.0000e+00   0.0000e+00   2.8345e+02
20251211_21:00:00   2.4072e-01   6.4784e+01   4.4387e+00   0.0000e+00   0.0000e+00   2.8447e+02
20251211_22:00:00   2.0957e-01   5.7778e+01   3.8409e+00   0.0000e+00   0.0000e+00   2.8453e+02
20251211_23:00:00   2.0555e-01   5.6856e+01   3.7344e+00   0.0000e+00   0.0000e+00   2.8283e+02
20251212_00:00:00   2.0781e-01   5.7305e+01   3.7835e+00   0.0000e+00   0.0000e+00   2.8086e+02
20251212_01:00:00   2.4960e-01   6.6531e+01   4.6207e+00   0.0000e+00   0.0000e+00   2.7996e+02
20251212_02:00:00   3.0367e-01   7.7852e+01   5.6724e+00   0.0000e+00   0.0000e+00   2.8055e+02
20251212_03:00:00   3.4536e-01   8.5976e+01   6.5121e+00   0.0000e+00   0.0000e+00   2.8194e+02
20251212_04:00:00   3.8001e-01   9.2549e+01   7.1691e+00   0.0000e+00   0.0000e+00   2.8099e+02
20251212_05:00:00   4.2207e-01   1.0016e+02   7.9470e+00   0.0000e+00   0.0000e+00   2.8228e+02
20251212_06:00:00   4.5667e-01   1.0616e+02   8.5551e+00   0.0000e+00   0.0000e+00   2.8347e+02
20251212_07:00:00   4.6985e-01   1.0835e+02   8.8123e+00   0.0000e+00   0.0000e+00   2.8174e+02
20251212_08:00:00   4.7920e-01   1.0984e+02   9.0017e+00   0.0000e+00   0.0000e+00   2.7954e+02
20251212_09:00:00   4.7970e-01   1.0985e+02   9.0103e+00   0.0000e+00   0.0000e+00   2.7681e+02
20251212_10:00:00   4.7707e-01   1.0928e+02   8.9502e+00   0.0000e+00   0.0000e+00   2.7566e+02
20251212_11:00:00   4.6776e-01   1.0769e+02   8.7240e+00   0.0000e+00   0.0000e+00   2.7585e+02
20251212_12:00:00   4.6163e-01   1.0668e+02   8.5714e+00   0.0000e+00   0.0000e+00   2.7549e+02
20251212_15:00:00   4.6727e-01   1.0761e+02   8.7003e+00   0.0000e+00   0.0000e+00   2.7974e+02
20251212_18:00:00   4.8074e-01   1.1013e+02   9.0302e+00   0.0000e+00   0.0000e+00   2.7950e+02
20251212_21:00:00   5.0940e-01   1.1513e+02   9.5129e+00   0.0000e+00   0.0000e+00   2.7569e+02
20251213_00:00:00   5.2797e-01   1.1733e+02   9.4096e+00   0.0000e+00   0.0000e+00   2.7556e+02
20251213_03:00:00   5.4174e-01   1.1858e+02   9.3020e+00   0.0000e+00   0.0000e+00   2.7751e+02
20251213_06:00:00   5.0589e-01   1.1227e+02   8.7513e+00   0.0000e+00   9.0530e-06   2.7505e+02
20251213_09:00:00   4.7629e-01   1.0737e+02   8.3086e+00   0.0000e+00   0.0000e+00   2.7923e+02
20251213_12:00:00   4.2629e-01   9.9178e+01   7.5240e+00   0.0000e+00   0.0000e+00   2.8328e+02
20251213_15:00:00   3.8473e-01   9.2155e+01   6.8827e+00   0.0000e+00   7.3120e-06   2.8396e+02
20251213_18:00:00   3.7584e-01   9.0977e+01   6.8169e+00   0.0000e+00   5.0174e-04   2.9019e+02
20251213_21:00:00   3.5097e-01   8.6641e+01   6.5405e+00   0.0000e+00   5.2440e-05   2.8609e+02
20251214_00:00:00   3.0553e-01   7.7586e+01   5.7612e+00   0.0000e+00   4.6240e-05   2.8746e+02
20251214_03:00:00   2.8532e-01   7.3467e+01   5.4312e+00   0.0000e+00   1.2146e-06   2.8374e+02
20251214_06:00:00   2.6509e-01   6.9184e+01   5.0943e+00   0.0000e+00   0.0000e+00   2.8107e+02
20251214_09:00:00   2.5692e-01   6.7429e+01   4.9391e+00   0.0000e+00   2.2318e-03   2.7731e+02
20251214_12:00:00   3.0364e-01   7.7020e+01   5.7149e+00   0.0000e+00   3.4416e-03   2.7191e+02
20251214_15:00:00   3.3856e-01   8.3434e+01   6.1053e+00   0.0000e+00   3.2238e-04   2.7005e+02
20251214_18:00:00   3.5226e-01   8.5942e+01   6.3766e+00   0.0000e+00   2.0400e-05   2.6999e+02
20251214_21:00:00   3.7146e-01   8.9456e+01   6.7467e+00   0.0000e+00   1.6694e-05   2.6936e+02
20251215_00:00:00   3.8062e-01   9.0714e+01   6.9932e+00   0.0000e+00   3.7514e-03   2.7211e+02
20251215_03:00:00   3.8297e-01   9.0972e+01   7.1579e+00   0.0000e+00   8.2800e-03   2.7377e+02
20251215_06:00:00   3.8418e-01   9.1151e+01   7.2859e+00   0.0000e+00   1.5858e-03   2.7430e+02
20251215_09:00:00   3.8055e-01   9.0376e+01   7.4058e+00   0.0000e+00   2.4229e-03   2.7425e+02
20251215_12:00:00   3.8372e-01   9.1101e+01   7.4345e+00   0.0000e+00   3.2564e-03   2.7204e+02
20251215_15:00:00   4.5197e-01   1.0338e+02   8.6434e+00   0.0000e+00   5.7330e-02   2.7011e+02
20251215_18:00:00   5.0417e-01   1.1271e+02   9.4792e+00   0.0000e+00   1.1234e-03   2.6637e+02
20251215_21:00:00   5.4363e-01   1.1952e+02   1.0037e+01   0.0000e+00   1.7336e-03   2.6395e+02
20251216_00:00:00   5.6268e-01   1.2230e+02   1.0356e+01   0.0000e+00   1.3657e-03   2.5794e+02
20251216_03:00:00   5.3605e-01   1.1804e+02   9.8532e+00   0.0000e+00   9.3276e-04   2.5908e+02
20251216_06:00:00   5.4360e-01   1.1937e+02   9.9330e+00   0.0000e+00   6.0461e-04   2.6410e+02
20251216_09:00:00   5.5935e-01   1.2186e+02   1.0166e+01   0.0000e+00   3.1302e-04   2.6554e+02
20251216_12:00:00   6.1257e-01   1.2981e+02   1.1057e+01   0.0000e+00   5.2077e-03   2.6431e+02
20251216_15:00:00   6.4671e-01   1.3468e+02   1.1620e+01   0.0000e+00   1.0942e-03   2.6273e+02
20251216_18:00:00   6.5214e-01   1.3594e+02   1.1701e+01   0.0000e+00   5.9081e-04   2.6089e+02
20251216_21:00:00   6.6768e-01   1.3857e+02   1.2006e+01   0.0000e+00   3.5380e-04   2.6193e+02
20251217_00:00:00   6.3864e-01   1.3422e+02   1.1598e+01   0.0000e+00   5.9186e-04   2.6253e+02
20251217_03:00:00   5.8139e-01   1.2515e+02   1.0858e+01   0.0000e+00   1.1428e-03   2.6257e+02
20251217_06:00:00   5.7559e-01   1.2397e+02   1.1022e+01   0.0000e+00   2.9970e-03   2.6159e+02
20251217_09:00:00   6.7508e-01   1.3820e+02   1.2949e+01   0.0000e+00   1.1757e-02   2.6041e+02
20251217_12:00:00   6.6126e-01   1.3596e+02   1.2722e+01   0.0000e+00   1.1521e-01   2.6152e+02
20251217_15:00:00   9.3614e-01   1.7017e+02   1.7636e+01   0.0000e+00   1.5247e-01   2.6483e+02
20251217_18:00:00   8.9703e-01   1.6630e+02   1.7084e+01   0.0000e+00   6.0014e-02   2.6591e+02
20251217_21:00:00   6.4382e-01   1.3359e+02   1.2884e+01   0.0000e+00   1.2381e-01   2.6636e+02
20251218_00:00:00   6.0893e-01   1.2881e+02   1.2206e+01   0.0000e+00   2.2111e-02   2.6872e+02
20251218_03:00:00   4.3033e-01   1.0049e+02   8.6865e+00   0.0000e+00   0.0000e+00   2.7201e+02
20251218_06:00:00   3.2618e-01   8.1952e+01   6.2245e+00   0.0000e+00   0.0000e+00   2.6754e+02
20251218_09:00:00   2.5342e-01   6.6937e+01   4.7574e+00   0.0000e+00   0.0000e+00   2.6435e+02
20251218_12:00:00   1.9480e-01   5.3988e+01   3.5954e+00   0.0000e+00   0.0000e+00   2.6393e+02
20251218_15:00:00   1.8738e-01   5.2012e+01   3.4956e+00   0.0000e+00   0.0000e+00   2.6566e+02
20251218_18:00:00   2.2881e-01   6.1318e+01   4.3194e+00   0.0000e+00   0.0000e+00   2.6733e+02
20251218_21:00:00   2.7165e-01   7.0485e+01   5.2267e+00   0.0000e+00   0.0000e+00   2.6374e+02
20251219_00:00:00   3.6875e-01   8.9196e+01   7.3380e+00   0.0000e+00   0.0000e+00   2.6317e+02
20251219_03:00:00   4.3009e-01   1.0027e+02   8.4614e+00   0.0000e+00   0.0000e+00   2.6641e+02
20251219_06:00:00   4.4829e-01   1.0332e+02   8.9037e+00   0.0000e+00   0.0000e+00   2.6584e+02
20251219_09:00:00   4.1180e-01   9.6891e+01   8.1594e+00   0.0000e+00   0.0000e+00   2.6624e+02
20251219_12:00:00   4.3214e-01   1.0081e+02   8.5086e+00   0.0000e+00   0.0000e+00   2.6565e+02
20251219_15:00:00   4.4690e-01   1.0370e+02   8.7707e+00   0.0000e+00   0.0000e+00   2.6835e+02
20251219_18:00:00   4.5688e-01   1.0565e+02   8.9946e+00   0.0000e+00   0.0000e+00   2.7141e+02
20251219_21:00:00   3.9045e-01   9.3732e+01   7.9161e+00   0.0000e+00   0.0000e+00   2.6923e+02
20251220_00:00:00   4.3883e-01   1.0275e+02   8.7688e+00   0.0000e+00   0.0000e+00   2.7131e+02
20251220_03:00:00   3.6271e-01   8.8603e+01   7.3564e+00   0.0000e+00   0.0000e+00   2.7431e+02
20251220_06:00:00   4.2649e-01   1.0066e+02   8.3529e+00   0.0000e+00   2.1720e-03   2.7497e+02
20251220_09:00:00   3.6900e-01   9.0109e+01   7.2204e+00   0.0000e+00   1.8182e-03   2.7473e+02
20251220_12:00:00   4.9058e-01   1.1016e+02   1.0087e+01   9.8340e-05   2.5327e-03   2.7476e+02
20251220_15:00:00   5.9270e-01   1.2606e+02   1.2131e+01   0.0000e+00   4.2378e-03   2.7987e+02
20251220_18:00:00   5.5374e-01   1.2102e+02   1.0966e+01   1.6070e-05   8.4449e-03   2.7956e+02
20251220_21:00:00   5.8364e-01   1.2577e+02   1.1424e+01   0.0000e+00   3.5092e-02   2.7307e+02
20251221_00:00:00   6.7390e-01   1.3871e+02   1.2986e+01   0.0000e+00   2.0882e-02   2.7291e+02
20251221_03:00:00   6.7356e-01   1.3864e+02   1.2690e+01   0.0000e+00   3.0036e-03   2.7203e+02
20251221_06:00:00   7.8987e-01   1.5316e+02   1.4491e+01   0.0000e+00   1.4914e-04   2.6913e+02
20251221_09:00:00   7.4251e-01   1.4715e+02   1.3413e+01   0.0000e+00   3.0052e-03   2.7099e+02
20251221_12:00:00   6.6765e-01   1.3708e+02   1.2099e+01   0.0000e+00   4.5792e-03   2.7139e+02
20251221_15:00:00   6.4048e-01   1.3361e+02   1.1483e+01   0.0000e+00   8.9060e-03   2.7100e+02
20251221_18:00:00   5.8390e-01   1.2603e+02   1.0267e+01   0.0000e+00   4.4640e-04   2.6998e+02
20251221_21:00:00   5.2379e-01   1.1720e+02   9.2775e+00   0.0000e+00   1.4792e-05   2.7096e+02
20251222_00:00:00   4.3988e-01   1.0329e+02   7.8190e+00   0.0000e+00   0.0000e+00   2.7369e+02
20251222_03:00:00   4.1629e-01   9.9186e+01   7.2812e+00   0.0000e+00   0.0000e+00   2.7641e+02
20251222_06:00:00   3.4784e-01   8.6464e+01   6.1391e+00   0.0000e+00   2.4300e-06   2.7730e+02
20251222_09:00:00   3.6255e-01   8.9337e+01   6.4812e+00   0.0000e+00   4.2920e-06   2.7026e+02
20251222_12:00:00   3.7141e-01   9.0928e+01   6.8414e+00   0.0000e+00   6.5680e-06   2.6870e+02
20251222_15:00:00   3.6580e-01   8.9881e+01   6.8923e+00   0.0000e+00   0.0000e+00   2.6748e+02
20251222_18:00:00   3.5792e-01   8.8549e+01   6.9469e+00   0.0000e+00   0.0000e+00   2.6597e+02
20251222_21:00:00   3.3542e-01   8.4368e+01   6.6096e+00   0.0000e+00   0.0000e+00   2.6376e+02
20251223_00:00:00   3.0765e-01   7.8709e+01   6.0341e+00   0.0000e+00   0.0000e+00   2.6395e+02
20251223_03:00:00   2.5724e-01   6.7940e+01   5.1185e+00   0.0000e+00   0.0000e+00   2.6282e+02
20251223_06:00:00   2.4833e-01   6.5961e+01   4.9221e+00   0.0000e+00   0.0000e+00   2.6511e+02
20251223_09:00:00   2.4521e-01   6.5200e+01   4.9152e+00   0.0000e+00   0.0000e+00   2.6696e+02
20251223_12:00:00   3.4435e-01   8.5923e+01   6.9138e+00   0.0000e+00   0.0000e+00   2.6355e+02
