#            date       tau255        Tb[K]      pwv[mm] lwp[kg*m^-2] iwp[kg*m^-2]       o3[DU]
20251202_06:00:00   5.6678e-01   1.2168e+02   9.9211e+00   0.0000e+00   0.0000e+00   2.7529e+02
20251202_07:00:00   5.5280e-01   1.1958e+02   9.6833e+00   0.0000e+00   0.0000e+00   2.7524e+02
20251202_08:00:00   5.5620e-01   1.2014e+02   9.7716e+00   0.0000e+00   0.0000e+00   2.7601e+02
20251202_09:00:00   5.6233e-01   1.2116e+02   9.8538e+00   0.0000e+00   0.0000e+00   2.7775e+02
20251202_10:00:00   5.5878e-01   1.2078e+02   9.7443e+00   0.0000e+00   0.0000e+00   2.7876e+02
20251202_11:00:00   5.3970e-01   1.1804e+02   9.3734e+00   0.0000e+00   0.0000e+00   2.8148e+02
20251202_12:00:00   5.1640e-01   1.1452e+02   8.9378e+00   0.0000e+00   0.0000e+00   2.8369e+02
20251202_13:00:00   4.9175e-01   1.1062e+02   8.5028e+00   0.0000e+00   0.0000e+00   2.8340e+02
20251202_14:00:00   4.6330e-01   1.0598e+02   8.0136e+00   0.0000e+00   0.0000e+00   2.8301e+02
20251202_15:00:00   4.4966e-01   1.0370e+02   7.7872e+00   0.0000e+00   0.0000e+00   2.8080e+02
20251202_16:00:00   4.2439e-01   9.9422e+01   7.3633e+00   0.0000e+00   0.0000e+00   2.7950e+02
20251202_17:00:00   4.2577e-01   9.9773e+01   7.3739e+00   0.0000e+00   0.0000e+00   2.7710e+02
20251202_18:00:00   4.1695e-01   9.8384e+01   7.2433e+00   0.0000e+00   0.0000e+00   2.7543e+02
20251202_19:00:00   3.9933e-01   9.5374e+01   6.9888e+00   0.0000e+00   0.0000e+00   2.7593e+02
20251202_20:00:00   3.5626e-01   8.7379e+01   6.3412e+00   0.0000e+00   0.0000e+00   2.7465e+02
20251202_21:00:00   3.3231e-01   8.2753e+01   5.9387e+00   0.0000e+00   0.0000e+00   2.7350e+02
20251202_22:00:00   3.4897e-01   8.6098e+01   6.1718e+00   0.0000e+00   0.0000e+00   2.7271e+02
20251202_23:00:00   3.4491e-01   8.5378e+01   6.1187e+00   0.0000e+00   0.0000e+00   2.7251e+02
20251203_00:00:00   3.5655e-01   8.7580e+01   6.3165e+00   0.0000e+00   0.0000e+00   2.7251e+02
20251203_01:00:00   4.1940e-01   9.9206e+01   7.4075e+00   0.0000e+00   0.0000e+00   2.7364e+02
20251203_02:00:00   4.7369e-01   1.0864e+02   8.3180e+00   0.0000e+00   0.0000e+00   2.7321e+02
20251203_03:00:00   5.1779e-01   1.1593e+02   9.0480e+00   0.0000e+00   0.0000e+00   2.7402e+02
20251203_04:00:00   5.3516e-01   1.1861e+02   9.3631e+00   0.0000e+00   0.0000e+00   2.7513e+02
20251203_05:00:00   5.2278e-01   1.1665e+02   9.1571e+00   0.0000e+00   0.0000e+00   2.7486e+02
20251203_06:00:00   5.2082e-01   1.1639e+02   9.0772e+00   0.0000e+00   0.0000e+00   2.7439e+02
20251203_07:00:00   5.0363e-01   1.1358e+02   8.7564e+00   0.0000e+00   0.0000e+00   2.7391e+02
20251203_08:00:00   5.0022e-01   1.1300e+02   8.6280e+00   0.0000e+00   4.0500e-05   2.7078e+02
20251203_09:00:00   5.0008e-01   1.1291e+02   8.5786e+00   0.0000e+00   2.4142e-03   2.7006e+02
20251203_10:00:00   5.1061e-01   1.1465e+02   8.6754e+00   0.0000e+00   2.5158e-03   2.7168e+02
20251203_11:00:00   5.0161e-01   1.1320e+02   8.4798e+00   0.0000e+00   6.5576e-04   2.7423e+02
20251203_12:00:00   4.8994e-01   1.1120e+02   8.2828e+00   0.0000e+00   1.9850e-03   2.7436e+02
20251203_13:00:00   4.9509e-01   1.1197e+02   8.3782e+00   0.0000e+00   4.0952e-03   2.7295e+02
20251203_14:00:00   5.1227e-01   1.1470e+02   8.6639e+00   0.0000e+00   5.7721e-03   2.7152e+02
20251203_15:00:00   5.4079e-01   1.1914e+02   9.1572e+00   0.0000e+00   1.2026e-02   2.7124e+02
20251203_16:00:00   5.3778e-01   1.1862e+02   9.2268e+00   0.0000e+00   5.2396e-03   2.7243e+02
20251203_17:00:00   5.4202e-01   1.1934e+02   9.3654e+00   0.0000e+00   2.9188e-03   2.7325e+02
20251203_18:00:00   5.4246e-01   1.1938e+02   9.5093e+00   0.0000e+00   4.2536e-03   2.7455e+02
20251203_19:00:00   5.5852e-01   1.2169e+02   9.9304e+00   0.0000e+00   7.4455e-03   2.7474e+02
20251203_20:00:00   5.4426e-01   1.1948e+02   9.7981e+00   0.0000e+00   2.9946e-03   2.7396e+02
20251203_21:00:00   5.6312e-01   1.2230e+02   1.0261e+01   0.0000e+00   3.4560e-03   2.7454e+02
20251203_22:00:00   5.5791e-01   1.2151e+02   1.0171e+01   0.0000e+00   1.1181e-02   2.7672e+02
20251203_23:00:00   5.5127e-01   1.2041e+02   1.0093e+01   0.0000e+00   6.1872e-02   2.7750e+02
20251204_00:00:00   5.8812e-01   1.2590e+02   1.0846e+01   0.0000e+00   6.1874e-02   2.7464e+02
20251204_01:00:00   6.2745e-01   1.3151e+02   1.1609e+01   0.0000e+00   1.1304e-01   2.7176e+02
20251204_02:00:00   6.3316e-01   1.3220e+02   1.1789e+01   0.0000e+00   1.7899e-01   2.7139e+02
20251204_03:00:00   6.3907e-01   1.3303e+02   1.1956e+01   0.0000e+00   2.3301e-02   2.7390e+02
20251204_04:00:00   6.4438e-01   1.3360e+02   1.2047e+01   0.0000e+00   5.0760e-02   2.8021e+02
20251204_05:00:00   6.5587e-01   1.3504e+02   1.2243e+01   0.0000e+00   5.6056e-02   2.7719e+02
20251204_06:00:00   6.4960e-01   1.3396e+02   1.2106e+01   0.0000e+00   7.3307e-02   2.7350e+02
20251204_07:00:00   6.7081e-01   1.3658e+02   1.2449e+01   0.0000e+00   1.4559e-01   2.7211e+02
20251204_08:00:00   6.9046e-01   1.3906e+02   1.2746e+01   0.0000e+00   1.8558e-01   2.7428e+02
20251204_09:00:00   7.0241e-01   1.4050e+02   1.2915e+01   0.0000e+00   2.2104e-01   2.7989e+02
20251204_10:00:00   7.2328e-01   1.4311e+02   1.3280e+01   0.0000e+00   1.3284e-01   2.8207e+02
20251204_11:00:00   7.1952e-01   1.4251e+02   1.3257e+01   0.0000e+00   5.0315e-02   2.8313e+02
20251204_12:00:00   7.1726e-01   1.4207e+02   1.3206e+01   0.0000e+00   5.5073e-02   2.8557e+02
20251204_13:00:00   6.8399e-01   1.3763e+02   1.2595e+01   0.0000e+00   3.5466e-02   2.8571e+02
20251204_14:00:00   6.5053e-01   1.3295e+02   1.1975e+01   0.0000e+00   1.9251e-02   2.8756e+02
20251204_15:00:00   6.3014e-01   1.3006e+02   1.1525e+01   0.0000e+00   2.5549e-02   2.8654e+02
20251204_16:00:00   6.2962e-01   1.3000e+02   1.1433e+01   0.0000e+00   2.2543e-02   2.8814e+02
20251204_17:00:00   6.2776e-01   1.2970e+02   1.1410e+01   0.0000e+00   1.6026e-02   2.8877e+02
20251204_18:00:00   6.3394e-01   1.3045e+02   1.1623e+01   0.0000e+00   5.8072e-03   2.8784e+02
20251204_19:00:00   6.5814e-01   1.3383e+02   1.2041e+01   0.0000e+00   5.0088e-02   2.8716e+02
20251204_20:00:00   6.7840e-01   1.3664e+02   1.2355e+01   0.0000e+00   7.7150e-02   2.8712e+02
20251204_21:00:00   6.8697e-01   1.3787e+02   1.2532e+01   0.0000e+00   7.8654e-02   2.8602e+02
20251204_22:00:00   6.8056e-01   1.3708e+02   1.2398e+01   0.0000e+00   4.4898e-02   2.8771e+02
20251204_23:00:00   7.3367e-01   1.4385e+02   1.3342e+01   0.0000e+00   6.9545e-02   2.8972e+02
20251205_00:00:00   7.8953e-01   1.5071e+02   1.4239e+01   0.0000e+00   2.1791e-01   2.9383e+02
20251205_01:00:00   8.5236e-01   1.5810e+02   1.5088e+01   3.9276e-04   9.9143e-02   2.9741e+02
20251205_02:00:00   8.6493e-01   1.5972e+02   1.5153e+01   0.0000e+00   8.0779e-02   3.0311e+02
20251205_03:00:00   8.5181e-01   1.5848e+02   1.4804e+01   0.0000e+00   8.6087e-02   3.0731e+02
20251205_04:00:00   8.5601e-01   1.5907e+02   1.4677e+01   4.2920e-05   2.2079e-02   3.1318e+02
20251205_05:00:00   8.6558e-01   1.6016e+02   1.4715e+01   0.0000e+00   3.2289e-02   3.1548e+02
20251205_06:00:00   8.4464e-01   1.5800e+02   1.4370e+01   0.0000e+00   3.0123e-03   3.1884e+02
20251205_07:00:00   8.2540e-01   1.5581e+02   1.4059e+01   5.1740e-06   7.0687e-03   3.2133e+02
20251205_08:00:00   8.0657e-01   1.5366e+02   1.3700e+01   0.0000e+00   7.2629e-03   3.2260e+02
20251205_09:00:00   7.6424e-01   1.4876e+02   1.2878e+01   0.0000e+00   6.6500e-05   3.2353e+02
20251205_10:00:00   7.9125e-01   1.5192e+02   1.3192e+01   0.0000e+00   3.5332e-05   3.2233e+02
20251205_11:00:00   7.3544e-01   1.4527e+02   1.2328e+01   0.0000e+00   4.0780e-06   3.2297e+02
20251205_12:00:00   7.4130e-01   1.4597e+02   1.2378e+01   0.0000e+00   4.0780e-06   3.1815e+02
20251205_13:00:00   7.2746e-01   1.4425e+02   1.2145e+01   0.0000e+00   1.4624e-06   3.1713e+02
20251205_14:00:00   7.1249e-01   1.4231e+02   1.1858e+01   0.0000e+00   1.8764e-06   3.1615e+02
20251205_15:00:00   6.9027e-01   1.3947e+02   1.1460e+01   0.0000e+00   1.4624e-06   3.1555e+02
20251205_16:00:00   7.1883e-01   1.4327e+02   1.1799e+01   1.1624e-03   1.9090e-05   3.1523e+02
20251205_17:00:00   7.0131e-01   1.4114e+02   1.1565e+01   1.0102e-03   6.1480e-06   3.1728e+02
20251205_18:00:00   6.1526e-01   1.2936e+02   1.0339e+01   0.0000e+00   1.8682e-04   3.2104e+02
20251205_19:00:00   5.0435e-01   1.1251e+02   8.5719e+00   0.0000e+00   1.2340e-04   3.2288e+02
20251205_20:00:00   4.9007e-01   1.1027e+02   8.3150e+00   0.0000e+00   2.4797e-04   3.2315e+02
20251205_21:00:00   4.8152e-01   1.0883e+02   8.2546e+00   0.0000e+00   5.6820e-04   3.2249e+02
20251205_22:00:00   5.1598e-01   1.1437e+02   8.8498e+00   0.0000e+00   3.7679e-05   3.2131e+02
20251205_23:00:00   5.1858e-01   1.1476e+02   8.9071e+00   0.0000e+00   2.6917e-03   3.1880e+02
20251206_00:00:00   5.1515e-01   1.1412e+02   8.8280e+00   0.0000e+00   1.4688e-03   3.1649e+02
20251206_01:00:00   4.9311e-01   1.1050e+02   8.4526e+00   0.0000e+00   5.2645e-05   3.1564e+02
20251206_02:00:00   4.9706e-01   1.1111e+02   8.5581e+00   0.0000e+00   0.0000e+00   3.1505e+02
20251206_03:00:00   5.2749e-01   1.1597e+02   9.0743e+00   0.0000e+00   5.5463e-04   3.1348e+02
20251206_04:00:00   5.3943e-01   1.1788e+02   9.2463e+00   0.0000e+00   1.4782e-03   3.1307e+02
20251206_05:00:00   4.9887e-01   1.1136e+02   8.5614e+00   0.0000e+00   4.6815e-04   3.1252e+02
20251206_06:00:00   4.5952e-01   1.0479e+02   7.8772e+00   0.0000e+00   0.0000e+00   3.0907e+02
20251206_07:00:00   4.3674e-01   1.0079e+02   7.5174e+00   0.0000e+00   0.0000e+00   3.0573e+02
20251206_08:00:00   4.4047e-01   1.0129e+02   7.6192e+00   0.0000e+00   0.0000e+00   3.0432e+02
20251206_09:00:00   4.1143e-01   9.6051e+01   7.2264e+00   0.0000e+00   0.0000e+00   3.0408e+02
20251206_10:00:00   3.7384e-01   8.9011e+01   6.6949e+00   0.0000e+00   0.0000e+00   3.0604e+02
20251206_11:00:00   3.5087e-01   8.4544e+01   6.3772e+00   0.0000e+00   0.0000e+00   3.0680e+02
20251206_12:00:00   3.5570e-01   8.5661e+01   6.3661e+00   0.0000e+00   0.0000e+00   3.0835e+02
20251206_13:00:00   3.5697e-01   8.5975e+01   6.3606e+00   0.0000e+00   0.0000e+00   3.0665e+02
20251206_14:00:00   3.3258e-01   8.1354e+01   5.9727e+00   0.0000e+00   0.0000e+00   3.0666e+02
20251206_15:00:00   3.2426e-01   7.9963e+01   5.7847e+00   0.0000e+00   0.0000e+00   3.0710e+02
20251206_16:00:00   3.2528e-01   8.0296e+01   5.7791e+00   0.0000e+00   0.0000e+00   3.0318e+02
20251206_17:00:00   3.2104e-01   7.9547e+01   5.7456e+00   0.0000e+00   0.0000e+00   3.0162e+02
20251206_18:00:00   3.2999e-01   8.1448e+01   5.9006e+00   0.0000e+00   0.0000e+00   3.0139e+02
20251206_19:00:00   3.1099e-01   7.7873e+01   5.6105e+00   0.0000e+00   0.0000e+00   3.0158e+02
20251206_20:00:00   3.0764e-01   7.7129e+01   5.6374e+00   0.0000e+00   0.0000e+00   3.0059e+02
20251206_21:00:00   3.0088e-01   7.5690e+01   5.5777e+00   0.0000e+00   0.0000e+00   2.9897e+02
20251206_22:00:00   3.2739e-01   8.0836e+01   6.1680e+00   0.0000e+00   0.0000e+00   2.9758e+02
20251206_23:00:00   3.8920e-01   9.2254e+01   7.4572e+00   0.0000e+00   0.0000e+00   2.9557e+02
20251207_00:00:00   4.2083e-01   9.7874e+01   8.0499e+00   0.0000e+00   0.0000e+00   2.9278e+02
20251207_01:00:00   4.1294e-01   9.6501e+01   7.9009e+00   0.0000e+00   0.0000e+00   2.8983e+02
20251207_02:00:00   3.8924e-01   9.2133e+01   7.4608e+00   0.0000e+00   0.0000e+00   2.8914e+02
20251207_03:00:00   3.5902e-01   8.6544e+01   6.8511e+00   0.0000e+00   0.0000e+00   2.8894e+02
20251207_04:00:00   3.3580e-01   8.2234e+01   6.3740e+00   0.0000e+00   0.0000e+00   2.8771e+02
20251207_05:00:00   3.2295e-01   7.9882e+01   6.0916e+00   0.0000e+00   0.0000e+00   2.8772e+02
20251207_06:00:00   3.1629e-01   7.8679e+01   5.9335e+00   0.0000e+00   0.0000e+00   2.8697e+02
20251207_09:00:00   3.0712e-01   7.6899e+01   5.7816e+00   0.0000e+00   0.0000e+00   2.8079e+02
20251207_12:00:00   3.0589e-01   7.6589e+01   5.8099e+00   0.0000e+00   0.0000e+00   2.7824e+02
20251207_15:00:00   3.4723e-01   8.4529e+01   6.7040e+00   0.0000e+00   0.0000e+00   2.7964e+02
20251207_18:00:00   3.8582e-01   9.2037e+01   7.4739e+00   0.0000e+00   0.0000e+00   2.8173e+02
20251207_21:00:00   4.0421e-01   9.5571e+01   7.7875e+00   0.0000e+00   0.0000e+00   2.7893e+02
20251208_00:00:00   4.6851e-01   1.0709e+02   8.8208e+00   0.0000e+00   0.0000e+00   2.7328e+02
20251208_03:00:00   4.2492e-01   9.9668e+01   7.9010e+00   0.0000e+00   0.0000e+00   2.7252e+02
20251208_06:00:00   3.7835e-01   9.1255e+01   6.7927e+00   0.0000e+00   0.0000e+00   2.7523e+02
20251208_09:00:00   3.5661e-01   8.6937e+01   6.3557e+00   0.0000e+00   0.0000e+00   2.7563e+02
20251208_12:00:00   3.7363e-01   8.9916e+01   6.7375e+00   0.0000e+00   0.0000e+00   2.7377e+02
20251208_15:00:00   3.9863e-01   9.4453e+01   7.2420e+00   0.0000e+00   0.0000e+00   2.7540e+02
20251208_18:00:00   4.4636e-01   1.0296e+02   8.2758e+00   0.0000e+00   0.0000e+00   2.7115e+02
20251208_21:00:00   4.7925e-01   1.0893e+02   8.9544e+00   0.0000e+00   0.0000e+00   2.7117e+02
20251209_00:00:00   4.6968e-01   1.0737e+02   8.7075e+00   0.0000e+00   0.0000e+00   2.7456e+02
20251209_03:00:00   4.4121e-01   1.0237e+02   8.1909e+00   0.0000e+00   0.0000e+00   2.7709e+02
20251209_06:00:00   4.7371e-01   1.0750e+02   8.8616e+00   0.0000e+00   0.0000e+00   2.7744e+02
20251209_09:00:00   5.1226e-01   1.1352e+02   9.4418e+00   0.0000e+00   0.0000e+00   2.8234e+02
20251209_12:00:00   5.7185e-01   1.2233e+02   1.0315e+01   0.0000e+00   1.4074e-05   2.9234e+02
20251209_15:00:00   5.9573e-01   1.2588e+02   1.0408e+01   0.0000e+00   0.0000e+00   3.0580e+02
20251209_18:00:00   6.1643e-01   1.2929e+02   1.0573e+01   0.0000e+00   0.0000e+00   3.1337e+02
20251209_21:00:00   5.4681e-01   1.1985e+02   9.3011e+00   0.0000e+00   0.0000e+00   3.0670e+02
20251210_00:00:00   4.4555e-01   1.0359e+02   7.5672e+00   0.0000e+00   0.0000e+00   2.9192e+02
20251210_03:00:00   3.6303e-01   8.8509e+01   6.1732e+00   0.0000e+00   0.0000e+00   2.9055e+02
20251210_06:00:00   2.8486e-01   7.2653e+01   5.1430e+00   0.0000e+00   1.0348e-06   2.9326e+02
20251210_09:00:00   2.4512e-01   6.4230e+01   4.5478e+00   0.0000e+00   0.0000e+00   2.8933e+02
20251210_12:00:00   2.3661e-01   6.2427e+01   4.5782e+00   0.0000e+00   0.0000e+00   2.8001e+02
20251210_15:00:00   3.0668e-01   7.7591e+01   5.9588e+00   0.0000e+00   0.0000e+00   2.7505e+02
20251210_18:00:00   2.9278e-01   7.5373e+01   5.4999e+00   0.0000e+00   0.0000e+00   2.7435e+02
20251210_21:00:00   2.9292e-01   7.5668e+01   5.4799e+00   0.0000e+00   0.0000e+00   2.7441e+02
20251211_00:00:00   2.5488e-01   6.7768e+01   4.6771e+00   0.0000e+00   0.0000e+00   2.8549e+02
20251211_03:00:00   2.6964e-01   7.0803e+01   5.0345e+00   0.0000e+00   0.0000e+00   2.8439e+02
20251211_06:00:00   2.7918e-01   7.2934e+01   5.2449e+00   0.0000e+00   0.0000e+00   2.8033e+02
20251211_09:00:00   2.7594e-01   7.2349e+01   5.1814e+00   0.0000e+00   0.0000e+00   2.7861e+02
20251211_12:00:00   2.5220e-01   6.7268e+01   4.7654e+00   0.0000e+00   0.0000e+00   2.7605e+02
20251211_15:00:00   2.6571e-01   7.0222e+01   4.9832e+00   0.0000e+00   0.0000e+00   2.7424e+02
20251211_18:00:00   2.9414e-01   7.6264e+01   5.5249e+00   0.0000e+00   0.0000e+00   2.7140e+02
20251211_21:00:00   3.3611e-01   8.4723e+01   6.3404e+00   0.0000e+00   0.0000e+00   2.7082e+02
20251212_00:00:00   3.6062e-01   8.9233e+01   6.7594e+00   0.0000e+00   3.2944e-03   2.6915e+02
20251212_03:00:00   3.8161e-01   9.2904e+01   7.1206e+00   0.0000e+00   3.7020e-03   2.6806e+02
20251212_06:00:00   4.2206e-01   9.9914e+01   7.8417e+00   0.0000e+00   3.6555e-03   2.6818e+02
20251212_09:00:00   4.3118e-01   1.0136e+02   7.8970e+00   0.0000e+00   3.8360e-05   2.6835e+02
20251212_12:00:00   4.2743e-01   1.0057e+02   7.8473e+00   0.0000e+00   1.7126e-05   2.6995e+02
20251212_15:00:00   4.3207e-01   1.0138e+02   8.0016e+00   0.0000e+00   2.7460e-04   2.6923e+02
20251212_18:00:00   4.3881e-01   1.0282e+02   8.1872e+00   0.0000e+00   2.9700e-05   2.6999e+02
20251212_21:00:00   4.4469e-01   1.0407e+02   8.3549e+00   0.0000e+00   2.1120e-03   2.7058e+02
20251213_00:00:00   4.1985e-01   9.9723e+01   7.8212e+00   0.0000e+00   7.2744e-03   2.7321e+02
20251213_03:00:00   3.7738e-01   9.1614e+01   7.1101e+00   0.0000e+00   2.0935e-03   2.7426e+02
20251213_06:00:00   3.2790e-01   8.1909e+01   6.2362e+00   0.0000e+00   1.1336e-03   2.7672e+02
20251213_09:00:00   3.2504e-01   8.1230e+01   6.1691e+00   0.0000e+00   1.7901e-03   2.7858e+02
20251213_12:00:00   3.6075e-01   8.8024e+01   6.8394e+00   0.0000e+00   3.8342e-03   2.8099e+02
20251213_15:00:00   4.2359e-01   9.9370e+01   8.1998e+00   0.0000e+00   1.9253e-02   2.8568e+02
20251213_18:00:00   5.1047e-01   1.1442e+02   9.8570e+00   0.0000e+00   5.7780e-03   2.8754e+02
20251213_21:00:00   5.8415e-01   1.2643e+02   1.1136e+01   0.0000e+00   1.6708e-02   2.8856e+02
20251214_00:00:00   5.8151e-01   1.2594e+02   1.1044e+01   0.0000e+00   2.8677e-03   2.8982e+02
20251214_03:00:00   6.1411e-01   1.3051e+02   1.1615e+01   0.0000e+00   1.6814e-03   2.9144e+02
20251214_06:00:00   7.2438e-01   1.4583e+02   1.3379e+01   0.0000e+00   8.1542e-04   2.9610e+02
20251214_09:00:00   7.8333e-01   1.5332e+02   1.4086e+01   0.0000e+00   4.0402e-04   2.9767e+02
20251214_12:00:00   6.1907e-01   1.3084e+02   1.1003e+01   0.0000e+00   0.0000e+00   2.9794e+02
20251214_15:00:00   4.7627e-01   1.0795e+02   8.4952e+00   0.0000e+00   3.6448e-03   2.9884e+02
20251214_18:00:00   3.4552e-01   8.3964e+01   6.3941e+00   0.0000e+00   4.8740e-05   2.9558e+02
20251214_21:00:00   4.4000e-01   1.0178e+02   8.0352e+00   0.0000e+00   0.0000e+00   2.9229e+02
20251215_00:00:00   4.9765e-01   1.1197e+02   8.9790e+00   0.0000e+00   0.0000e+00   2.8835e+02
20251215_03:00:00   4.1403e-01   9.7507e+01   7.6318e+00   0.0000e+00   0.0000e+00   2.8249e+02
20251215_06:00:00   4.2951e-01   1.0016e+02   7.8714e+00   0.0000e+00   0.0000e+00   2.7906e+02
20251215_09:00:00   4.3599e-01   1.0075e+02   7.9163e+00   0.0000e+00   4.6061e-04   2.8902e+02
20251215_12:00:00   4.2643e-01   9.8399e+01   7.5455e+00   9.8643e-04   2.6903e-03   2.9872e+02
20251215_15:00:00   4.1528e-01   9.6437e+01   7.3241e+00   0.0000e+00   8.8011e-04   2.9938e+02
20251215_18:00:00   3.5189e-01   8.5358e+01   6.0211e+00   0.0000e+00   3.5037e-03   3.0248e+02
20251215_21:00:00   2.9249e-01   7.4317e+01   4.9286e+00   0.0000e+00   0.0000e+00   3.0388e+02
20251216_00:00:00   2.4683e-01   6.4906e+01   4.1035e+00   0.0000e+00   7.5960e-04   2.9898e+02
20251216_03:00:00   2.2377e-01   5.9708e+01   3.7444e+00   0.0000e+00   6.8405e-04   2.9025e+02
20251216_06:00:00   2.1455e-01   5.7631e+01   3.7072e+00   0.0000e+00   0.0000e+00   2.8213e+02
20251216_09:00:00   2.4310e-01   6.3439e+01   4.4978e+00   0.0000e+00   5.3773e-04   2.8012e+02
20251216_12:00:00   3.2051e-01   7.8751e+01   6.3123e+00   0.0000e+00   2.2697e-03   2.8132e+02
20251216_15:00:00   4.4545e-01   1.0145e+02   8.9011e+00   0.0000e+00   1.1600e-03   2.8391e+02
20251216_18:00:00   5.3105e-01   1.1642e+02   1.0456e+01   0.0000e+00   0.0000e+00   2.7990e+02
20251216_21:00:00   5.6156e-01   1.2120e+02   1.1096e+01   0.0000e+00   1.9521e-02   2.7886e+02
20251217_00:00:00   5.8971e-01   1.2477e+02   1.1540e+01   0.0000e+00   3.4289e-02   2.7650e+02
20251217_03:00:00   6.1720e-01   1.2859e+02   1.1841e+01   0.0000e+00   4.9553e-02   2.7370e+02
20251217_06:00:00   6.3321e-01   1.3238e+02   1.1608e+01   0.0000e+00   5.4917e-05   2.7946e+02
20251217_09:00:00   6.7708e-01   1.3812e+02   1.2471e+01   0.0000e+00   8.3480e-03   2.7688e+02
20251217_12:00:00   6.1659e-01   1.2984e+02   1.1346e+01   0.0000e+00   0.0000e+00   2.7280e+02
20251217_15:00:00   5.2146e-01   1.1561e+02   9.6648e+00   0.0000e+00   0.0000e+00   2.7673e+02
20251217_18:00:00   4.6860e-01   1.0784e+02   8.4203e+00   0.0000e+00   0.0000e+00   2.7857e+02
20251217_21:00:00   4.6868e-01   1.0784e+02   8.5821e+00   0.0000e+00   0.0000e+00   2.6967e+02
20251218_00:00:00   4.4460e-01   1.0357e+02   8.2385e+00   0.0000e+00   0.0000e+00   2.6719e+02
20251218_03:00:00   4.1754e-01   9.8798e+01   7.7315e+00   0.0000e+00   0.0000e+00   2.6799e+02
20251218_06:00:00   4.2855e-01   1.0075e+02   7.9408e+00   0.0000e+00   0.0000e+00   2.6722e+02
