#            date       tau255        Tb[K]      pwv[mm] lwp[kg*m^-2] iwp[kg*m^-2]       o3[DU]
20251208_18:00:00   2.2650e-01   5.9707e+01   4.2807e+00   0.0000e+00   0.0000e+00   2.7288e+02
20251208_19:00:00   2.2528e-01   5.9441e+01   4.3123e+00   0.0000e+00   0.0000e+00   2.7140e+02
20251208_20:00:00   2.3883e-01   6.2361e+01   4.6002e+00   0.0000e+00   0.0000e+00   2.7443e+02
20251208_21:00:00   2.4177e-01   6.2988e+01   4.6722e+00   0.0000e+00   0.0000e+00   2.7726e+02
20251208_22:00:00   2.4189e-01   6.3008e+01   4.6788e+00   0.0000e+00   0.0000e+00   2.7863e+02
20251208_23:00:00   2.4350e-01   6.3334e+01   4.7110e+00   0.0000e+00   0.0000e+00   2.8156e+02
20251209_00:00:00   2.4159e-01   6.2850e+01   4.6797e+00   0.0000e+00   0.0000e+00   2.8358e+02
20251209_01:00:00   2.3618e-01   6.1654e+01   4.5756e+00   0.0000e+00   0.0000e+00   2.8215e+02
20251209_02:00:00   2.3084e-01   6.0484e+01   4.4702e+00   0.0000e+00   0.0000e+00   2.8209e+02
20251209_03:00:00   2.2294e-01   5.8778e+01   4.2942e+00   0.0000e+00   0.0000e+00   2.8034e+02
20251209_04:00:00   2.0931e-01   5.5741e+01   4.0343e+00   0.0000e+00   0.0000e+00   2.8069e+02
20251209_05:00:00   1.9515e-01   5.2593e+01   3.7531e+00   0.0000e+00   0.0000e+00   2.8511e+02
20251209_06:00:00   1.8804e-01   5.1019e+01   3.6048e+00   0.0000e+00   0.0000e+00   2.8858e+02
20251209_07:00:00   1.8422e-01   5.0270e+01   3.4937e+00   0.0000e+00   0.0000e+00   2.9019e+02
20251209_08:00:00   1.8949e-01   5.1525e+01   3.5633e+00   0.0000e+00   0.0000e+00   2.9469e+02
20251209_09:00:00   1.9011e-01   5.1813e+01   3.5307e+00   0.0000e+00   0.0000e+00   2.9897e+02
20251209_10:00:00   1.8559e-01   5.0952e+01   3.4245e+00   0.0000e+00   0.0000e+00   2.9745e+02
20251209_11:00:00   1.7677e-01   4.9105e+01   3.2134e+00   0.0000e+00   0.0000e+00   2.9521e+02
20251209_12:00:00   1.7049e-01   4.7754e+01   3.0576e+00   0.0000e+00   0.0000e+00   2.9581e+02
20251209_13:00:00   1.6392e-01   4.6261e+01   2.9173e+00   0.0000e+00   0.0000e+00   2.9417e+02
20251209_14:00:00   1.5895e-01   4.5128e+01   2.8115e+00   0.0000e+00   0.0000e+00   2.9131e+02
20251209_15:00:00   1.5404e-01   4.4027e+01   2.7148e+00   0.0000e+00   0.0000e+00   2.8939e+02
20251209_16:00:00   1.4781e-01   4.2603e+01   2.6043e+00   0.0000e+00   0.0000e+00   2.8952e+02
20251209_17:00:00   1.4788e-01   4.2669e+01   2.6113e+00   0.0000e+00   0.0000e+00   2.8777e+02
20251209_18:00:00   1.5080e-01   4.3410e+01   2.6731e+00   0.0000e+00   0.0000e+00   2.8735e+02
20251209_19:00:00   1.4455e-01   4.1978e+01   2.5609e+00   0.0000e+00   0.0000e+00   2.8586e+02
20251209_20:00:00   1.3502e-01   3.9738e+01   2.3854e+00   0.0000e+00   0.0000e+00   2.8377e+02
20251209_21:00:00   1.3295e-01   3.9275e+01   2.3423e+00   0.0000e+00   0.0000e+00   2.8426e+02
20251209_22:00:00   1.3613e-01   4.0062e+01   2.3944e+00   0.0000e+00   0.0000e+00   2.8604e+02
20251209_23:00:00   1.4112e-01   4.1257e+01   2.4752e+00   0.0000e+00   0.0000e+00   2.8606e+02
20251210_00:00:00   1.3668e-01   4.0113e+01   2.3919e+00   0.0000e+00   0.0000e+00   2.8618e+02
20251210_01:00:00   1.2984e-01   3.8414e+01   2.2889e+00   0.0000e+00   0.0000e+00   2.8448e+02
20251210_02:00:00   1.2591e-01   3.7400e+01   2.2553e+00   0.0000e+00   0.0000e+00   2.8404e+02
20251210_03:00:00   1.2957e-01   3.8249e+01   2.3674e+00   0.0000e+00   0.0000e+00   2.8367e+02
20251210_04:00:00   1.3738e-01   4.0177e+01   2.5508e+00   0.0000e+00   0.0000e+00   2.8331e+02
20251210_05:00:00   1.5107e-01   4.3520e+01   2.8553e+00   0.0000e+00   0.0000e+00   2.8478e+02
20251210_06:00:00   1.6727e-01   4.7362e+01   3.2147e+00   0.0000e+00   0.0000e+00   2.8477e+02
20251210_07:00:00   1.8464e-01   5.1420e+01   3.5899e+00   0.0000e+00   0.0000e+00   2.8496e+02
20251210_08:00:00   2.1355e-01   5.8005e+01   4.1903e+00   0.0000e+00   0.0000e+00   2.8566e+02
20251210_09:00:00   2.5002e-01   6.6038e+01   4.9196e+00   0.0000e+00   0.0000e+00   2.8576e+02
20251210_10:00:00   2.8742e-01   7.3924e+01   5.6476e+00   0.0000e+00   0.0000e+00   2.8528e+02
20251210_11:00:00   3.1655e-01   7.9727e+01   6.2121e+00   0.0000e+00   0.0000e+00   2.8254e+02
20251210_12:00:00   3.2800e-01   8.1894e+01   6.4254e+00   0.0000e+00   0.0000e+00   2.8012e+02
20251210_13:00:00   3.4281e-01   8.4664e+01   6.6875e+00   0.0000e+00   0.0000e+00   2.7975e+02
20251210_14:00:00   3.5567e-01   8.7153e+01   6.8678e+00   0.0000e+00   0.0000e+00   2.7796e+02
20251210_15:00:00   3.6605e-01   8.8972e+01   6.9662e+00   0.0000e+00   0.0000e+00   2.7830e+02
20251210_16:00:00   3.8342e-01   9.1995e+01   7.2348e+00   0.0000e+00   0.0000e+00   2.7760e+02
20251210_17:00:00   3.7940e-01   9.1106e+01   7.1364e+00   0.0000e+00   0.0000e+00   2.7661e+02
20251210_18:00:00   3.8191e-01   9.1437e+01   7.1558e+00   0.0000e+00   0.0000e+00   2.7658e+02
20251210_19:00:00   4.0686e-01   9.6091e+01   7.5122e+00   0.0000e+00   0.0000e+00   2.7671e+02
20251210_20:00:00   4.3371e-01   1.0095e+02   7.8469e+00   0.0000e+00   0.0000e+00   2.7670e+02
20251210_21:00:00   4.3700e-01   1.0162e+02   7.8737e+00   0.0000e+00   0.0000e+00   2.7731e+02
20251210_22:00:00   4.2741e-01   1.0002e+02   7.6880e+00   0.0000e+00   0.0000e+00   2.7833e+02
20251210_23:00:00   4.1439e-01   9.7787e+01   7.4767e+00   0.0000e+00   0.0000e+00   2.7963e+02
20251211_00:00:00   4.0817e-01   9.6676e+01   7.3257e+00   0.0000e+00   0.0000e+00   2.8055e+02
20251211_01:00:00   3.9530e-01   9.4356e+01   7.0519e+00   0.0000e+00   0.0000e+00   2.8091e+02
20251211_02:00:00   3.7891e-01   9.1383e+01   6.7283e+00   0.0000e+00   0.0000e+00   2.8106e+02
20251211_03:00:00   3.5812e-01   8.7549e+01   6.3737e+00   0.0000e+00   0.0000e+00   2.8169e+02
20251211_04:00:00   3.4085e-01   8.4360e+01   6.1091e+00   0.0000e+00   0.0000e+00   2.8231e+02
20251211_05:00:00   3.2990e-01   8.2297e+01   5.9340e+00   0.0000e+00   0.0000e+00   2.8287e+02
20251211_06:00:00   3.1879e-01   8.0144e+01   5.7751e+00   0.0000e+00   0.0000e+00   2.8358e+02
20251211_07:00:00   3.1721e-01   7.9820e+01   5.7572e+00   0.0000e+00   0.0000e+00   2.8432e+02
20251211_08:00:00   3.0848e-01   7.8113e+01   5.6224e+00   0.0000e+00   0.0000e+00   2.8475e+02
20251211_09:00:00   2.9598e-01   7.5652e+01   5.4232e+00   0.0000e+00   0.0000e+00   2.8550e+02
20251211_10:00:00   2.9563e-01   7.5585e+01   5.4263e+00   0.0000e+00   0.0000e+00   2.8505e+02
20251211_11:00:00   2.9420e-01   7.5325e+01   5.4224e+00   0.0000e+00   0.0000e+00   2.8449e+02
20251211_12:00:00   2.9300e-01   7.5121e+01   5.4242e+00   0.0000e+00   0.0000e+00   2.8319e+02
20251211_13:00:00   2.8942e-01   7.4400e+01   5.3603e+00   0.0000e+00   0.0000e+00   2.8171e+02
20251211_14:00:00   2.8898e-01   7.4297e+01   5.3509e+00   0.0000e+00   0.0000e+00   2.8034e+02
20251211_15:00:00   2.8551e-01   7.3636e+01   5.2947e+00   0.0000e+00   0.0000e+00   2.8062e+02
20251211_16:00:00   2.7689e-01   7.1884e+01   5.1628e+00   0.0000e+00   0.0000e+00   2.8170e+02
20251211_17:00:00   2.6846e-01   7.0163e+01   5.0196e+00   0.0000e+00   0.0000e+00   2.8154e+02
20251211_18:00:00   2.6647e-01   6.9806e+01   4.9936e+00   0.0000e+00   0.0000e+00   2.8089e+02
20251211_19:00:00   2.6262e-01   6.9077e+01   4.9506e+00   0.0000e+00   0.0000e+00   2.7958e+02
20251211_20:00:00   2.5656e-01   6.7839e+01   4.8534e+00   0.0000e+00   0.0000e+00   2.7808e+02
20251211_21:00:00   2.4776e-01   6.5948e+01   4.6937e+00   0.0000e+00   0.0000e+00   2.7692e+02
20251211_22:00:00   2.4434e-01   6.5180e+01   4.6250e+00   0.0000e+00   0.0000e+00   2.7751e+02
20251211_23:00:00   2.4228e-01   6.4683e+01   4.5765e+00   0.0000e+00   0.0000e+00   2.7810e+02
20251212_00:00:00   2.3764e-01   6.3594e+01   4.4795e+00   0.0000e+00   0.0000e+00   2.7658e+02
20251212_01:00:00   2.3097e-01   6.2093e+01   4.3496e+00   0.0000e+00   0.0000e+00   2.7588e+02
20251212_02:00:00   2.2534e-01   6.0828e+01   4.2363e+00   0.0000e+00   0.0000e+00   2.7479e+02
20251212_03:00:00   2.2144e-01   5.9934e+01   4.1784e+00   0.0000e+00   0.0000e+00   2.7410e+02
20251212_04:00:00   2.1730e-01   5.9041e+01   4.1238e+00   0.0000e+00   0.0000e+00   2.7408e+02
20251212_05:00:00   2.2924e-01   6.1743e+01   4.3605e+00   0.0000e+00   0.0000e+00   2.7544e+02
20251212_06:00:00   2.4772e-01   6.5852e+01   4.7126e+00   0.0000e+00   0.0000e+00   2.7592e+02
20251212_07:00:00   2.6819e-01   7.0297e+01   5.0850e+00   0.0000e+00   0.0000e+00   2.7606e+02
20251212_08:00:00   2.8377e-01   7.3602e+01   5.3697e+00   0.0000e+00   0.0000e+00   2.7681e+02
20251212_09:00:00   2.9062e-01   7.5035e+01   5.4932e+00   0.0000e+00   0.0000e+00   2.7901e+02
20251212_10:00:00   2.9595e-01   7.6113e+01   5.5873e+00   0.0000e+00   0.0000e+00   2.8088e+02
20251212_11:00:00   2.9544e-01   7.5978e+01   5.5786e+00   0.0000e+00   0.0000e+00   2.8260e+02
20251212_12:00:00   2.9967e-01   7.6821e+01   5.6509e+00   0.0000e+00   0.0000e+00   2.8309e+02
20251212_13:00:00   3.0401e-01   7.7718e+01   5.7262e+00   0.0000e+00   0.0000e+00   2.8168e+02
20251212_14:00:00   3.0915e-01   7.8693e+01   5.8270e+00   0.0000e+00   0.0000e+00   2.8225e+02
20251212_15:00:00   3.1375e-01   7.9551e+01   5.9072e+00   0.0000e+00   0.0000e+00   2.8170e+02
20251212_16:00:00   3.2913e-01   8.2551e+01   6.1868e+00   0.0000e+00   0.0000e+00   2.8043e+02
20251212_17:00:00   3.3695e-01   8.4172e+01   6.3341e+00   0.0000e+00   0.0000e+00   2.7844e+02
20251212_18:00:00   3.4686e-01   8.6168e+01   6.5349e+00   0.0000e+00   0.0000e+00   2.7791e+02
20251212_19:00:00   3.6203e-01   8.9082e+01   6.8227e+00   0.0000e+00   0.0000e+00   2.7677e+02
20251212_20:00:00   3.6631e-01   8.9928e+01   6.9097e+00   0.0000e+00   0.0000e+00   2.7581e+02
20251212_21:00:00   3.7330e-01   9.1231e+01   7.0357e+00   0.0000e+00   0.0000e+00   2.7720e+02
20251212_22:00:00   3.7986e-01   9.2454e+01   7.1293e+00   0.0000e+00   0.0000e+00   2.7892e+02
20251212_23:00:00   3.7436e-01   9.1429e+01   6.9989e+00   0.0000e+00   0.0000e+00   2.7927e+02
20251213_00:00:00   3.7655e-01   9.1737e+01   7.0220e+00   0.0000e+00   0.0000e+00   2.7929e+02
20251213_01:00:00   3.6127e-01   8.8801e+01   6.7358e+00   0.0000e+00   0.0000e+00   2.7950e+02
20251213_02:00:00   3.5969e-01   8.8452e+01   6.6979e+00   0.0000e+00   0.0000e+00   2.7987e+02
20251213_03:00:00   3.5396e-01   8.7325e+01   6.5832e+00   0.0000e+00   0.0000e+00   2.8002e+02
20251213_04:00:00   3.5022e-01   8.6582e+01   6.5100e+00   0.0000e+00   0.0000e+00   2.8048e+02
20251213_05:00:00   3.3939e-01   8.4446e+01   6.3257e+00   0.0000e+00   0.0000e+00   2.8069e+02
20251213_06:00:00   3.3173e-01   8.2874e+01   6.1943e+00   0.0000e+00   0.0000e+00   2.8104e+02
20251213_07:00:00   3.2609e-01   8.1715e+01   6.0902e+00   0.0000e+00   0.0000e+00   2.8061e+02
20251213_08:00:00   3.1253e-01   7.9121e+01   5.8291e+00   0.0000e+00   0.0000e+00   2.8209e+02
20251213_09:00:00   3.1253e-01   7.9096e+01   5.8110e+00   0.0000e+00   0.0000e+00   2.8329e+02
20251213_10:00:00   2.9875e-01   7.6348e+01   5.5476e+00   0.0000e+00   0.0000e+00   2.8456e+02
20251213_11:00:00   2.9492e-01   7.5534e+01   5.4755e+00   0.0000e+00   0.0000e+00   2.8398e+02
20251213_12:00:00   2.9791e-01   7.6115e+01   5.5364e+00   0.0000e+00   0.0000e+00   2.8314e+02
20251213_13:00:00   2.9236e-01   7.5015e+01   5.4240e+00   0.0000e+00   0.0000e+00   2.8193e+02
20251213_14:00:00   2.8952e-01   7.4436e+01   5.3728e+00   0.0000e+00   0.0000e+00   2.8243e+02
20251213_15:00:00   2.9381e-01   7.5268e+01   5.4846e+00   0.0000e+00   4.3240e-05   2.8130e+02
20251213_16:00:00   2.9645e-01   7.5825e+01   5.5686e+00   0.0000e+00   8.6460e-05   2.8042e+02
20251213_17:00:00   2.9750e-01   7.6095e+01   5.6053e+00   0.0000e+00   2.6080e-05   2.8017e+02
20251213_18:00:00   2.9269e-01   7.5098e+01   5.5560e+00   0.0000e+00   0.0000e+00   2.8049e+02
20251213_21:00:00   2.8219e-01   7.2869e+01   5.4480e+00   0.0000e+00   2.4480e-05   2.8004e+02
20251214_00:00:00   2.9584e-01   7.5701e+01   5.6867e+00   0.0000e+00   5.3722e-05   2.8068e+02
20251214_03:00:00   2.9749e-01   7.5841e+01   5.7219e+00   0.0000e+00   0.0000e+00   2.8162e+02
20251214_06:00:00   2.9787e-01   7.5702e+01   5.7457e+00   0.0000e+00   1.0347e-03   2.8464e+02
20251214_09:00:00   3.3594e-01   8.2975e+01   6.3809e+00   0.0000e+00   3.3134e-04   2.8447e+02
20251214_12:00:00   3.7681e-01   9.0324e+01   7.0203e+00   0.0000e+00   4.8400e-03   2.8203e+02
20251214_15:00:00   4.4871e-01   1.0309e+02   7.9440e+00   6.2060e-03   7.2135e-03   2.7886e+02
20251214_18:00:00   5.1306e-01   1.1419e+02   8.9653e+00   6.0450e-03   2.6940e-02   2.7859e+02
20251214_21:00:00   5.9692e-01   1.2748e+02   1.0427e+01   7.6860e-04   4.5833e-02   2.7642e+02
20251215_00:00:00   6.3365e-01   1.3264e+02   1.1357e+01   0.0000e+00   1.4898e-01   2.7603e+02
20251215_03:00:00   6.8372e-01   1.4057e+02   1.1844e+01   0.0000e+00   2.4772e-02   2.7097e+02
20251215_06:00:00   7.7152e-01   1.5249e+02   1.3369e+01   0.0000e+00   1.6843e-02   2.7399e+02
20251215_09:00:00   7.7330e-01   1.5261e+02   1.3602e+01   0.0000e+00   1.7372e-02   2.7347e+02
20251215_12:00:00   7.9309e-01   1.5536e+02   1.3937e+01   0.0000e+00   1.5814e-02   2.7547e+02
20251215_15:00:00   8.4335e-01   1.6163e+02   1.4582e+01   0.0000e+00   6.4859e-03   2.7137e+02
20251215_18:00:00   9.7499e-01   1.7656e+02   1.6557e+01   0.0000e+00   3.2426e-03   2.7313e+02
20251215_21:00:00   1.0184e+00   1.8163e+02   1.6955e+01   0.0000e+00   1.6972e-03   2.7341e+02
20251216_00:00:00   1.1884e+00   1.9697e+02   1.6397e+01   6.9320e-02   1.5819e-02   2.7369e+02
20251216_03:00:00   1.0535e+00   1.8410e+02   1.5690e+01   2.9355e-02   1.6842e-02   2.6869e+02
20251216_06:00:00   1.0362e+00   1.8186e+02   1.4831e+01   4.6880e-02   1.1985e-01   2.6282e+02
20251216_09:00:00   7.9837e-01   1.5523e+02   1.3065e+01   4.6440e-03   1.8338e-02   2.6355e+02
20251216_12:00:00   6.4975e-01   1.3511e+02   1.0981e+01   0.0000e+00   7.5051e-03   2.6323e+02
20251216_15:00:00   5.7182e-01   1.2334e+02   9.7382e+00   0.0000e+00   6.2970e-03   2.6129e+02
20251216_18:00:00   4.8883e-01   1.1060e+02   8.2524e+00   0.0000e+00   0.0000e+00   2.6163e+02
20251216_21:00:00   4.3671e-01   1.0222e+02   7.4865e+00   0.0000e+00   0.0000e+00   2.6166e+02
20251217_00:00:00   4.4663e-01   1.0378e+02   7.6646e+00   0.0000e+00   0.0000e+00   2.6019e+02
20251217_03:00:00   4.3528e-01   1.0156e+02   7.5738e+00   0.0000e+00   0.0000e+00   2.5538e+02
20251217_06:00:00   3.9930e-01   9.5069e+01   7.0607e+00   0.0000e+00   0.0000e+00   2.5432e+02
20251217_09:00:00   3.4822e-01   8.5692e+01   6.1034e+00   0.0000e+00   0.0000e+00   2.5442e+02
20251217_12:00:00   3.2072e-01   8.0345e+01   5.6065e+00   0.0000e+00   0.0000e+00   2.5235e+02
20251217_15:00:00   2.7933e-01   7.1988e+01   4.9446e+00   0.0000e+00   0.0000e+00   2.5490e+02
20251217_18:00:00   2.6347e-01   6.8958e+01   4.6872e+00   0.0000e+00   0.0000e+00   2.5487e+02
20251217_21:00:00   2.7417e-01   7.1406e+01   4.9386e+00   0.0000e+00   0.0000e+00   2.5875e+02
20251218_00:00:00   2.5870e-01   6.8118e+01   4.6570e+00   0.0000e+00   0.0000e+00   2.5778e+02
20251218_03:00:00   2.5132e-01   6.6339e+01   4.5365e+00   0.0000e+00   0.0000e+00   2.5489e+02
20251218_06:00:00   2.2442e-01   6.0238e+01   4.1188e+00   0.0000e+00   0.0000e+00   2.5422e+02
20251218_09:00:00   2.3358e-01   6.2214e+01   4.2746e+00   0.0000e+00   3.6560e-06   2.5577e+02
20251218_12:00:00   2.4265e-01   6.4034e+01   4.4831e+00   0.0000e+00   0.0000e+00   2.5660e+02
20251218_15:00:00   2.4334e-01   6.3956e+01   4.5640e+00   0.0000e+00   8.5820e-06   2.5930e+02
20251218_18:00:00   2.5646e-01   6.6807e+01   4.7839e+00   0.0000e+00   0.0000e+00   2.5951e+02
20251218_21:00:00   2.5850e-01   6.7853e+01   4.6189e+00   0.0000e+00   0.0000e+00   2.6938e+02
20251219_00:00:00   2.2806e-01   6.1294e+01   4.0275e+00   0.0000e+00   0.0000e+00   2.6914e+02
20251219_03:00:00   1.9055e-01   5.3065e+01   3.2907e+00   0.0000e+00   0.0000e+00   2.6841e+02
20251219_06:00:00   1.8050e-01   5.0739e+01   3.1047e+00   0.0000e+00   0.0000e+00   2.6955e+02
20251219_09:00:00   1.5264e-01   4.4202e+01   2.5762e+00   0.0000e+00   0.0000e+00   2.7189e+02
20251219_12:00:00   1.4373e-01   4.2023e+01   2.4356e+00   0.0000e+00   0.0000e+00   2.7134e+02
20251219_15:00:00   1.5255e-01   4.4131e+01   2.6035e+00   0.0000e+00   0.0000e+00   2.6919e+02
20251219_18:00:00   1.7257e-01   4.9116e+01   2.9802e+00   0.0000e+00   0.0000e+00   2.6784e+02
20251219_21:00:00   1.9157e-01   5.3751e+01   3.3970e+00   0.0000e+00   0.0000e+00   2.6651e+02
20251220_00:00:00   1.9973e-01   5.5626e+01   3.5294e+00   0.0000e+00   0.0000e+00   2.6521e+02
20251220_03:00:00   1.8519e-01   5.2106e+01   3.2016e+00   0.0000e+00   0.0000e+00   2.6595e+02
20251220_06:00:00   1.6642e-01   4.7629e+01   2.8757e+00   0.0000e+00   0.0000e+00   2.7260e+02
20251220_09:00:00   1.6707e-01   4.7789e+01   2.8872e+00   0.0000e+00   0.0000e+00   2.7201e+02
20251220_12:00:00   1.5993e-01   4.6058e+01   2.7528e+00   0.0000e+00   0.0000e+00   2.7496e+02
20251220_15:00:00   1.6021e-01   4.6137e+01   2.7805e+00   0.0000e+00   0.0000e+00   2.7753e+02
20251220_18:00:00   2.0629e-01   5.7175e+01   3.6673e+00   0.0000e+00   1.5870e-05   2.7211e+02
20251220_21:00:00   3.2273e-01   8.2372e+01   5.8978e+00   0.0000e+00   2.9263e-04   2.7085e+02
20251221_00:00:00   3.9451e-01   9.5770e+01   7.3864e+00   0.0000e+00   4.2306e-03   2.6823e+02
20251221_03:00:00   3.0309e-01   7.6678e+01   6.0232e+00   0.0000e+00   3.2021e-02   2.6748e+02
20251221_06:00:00   2.3128e-01   6.1427e+01   4.6201e+00   0.0000e+00   2.0327e-03   2.6999e+02
20251221_09:00:00   2.3483e-01   6.1718e+01   4.8316e+00   0.0000e+00   3.8709e-03   2.6867e+02
20251221_12:00:00   4.3892e-01   1.0154e+02   9.2236e+00   0.0000e+00   2.9175e-03   2.6904e+02
20251221_15:00:00   4.8953e-01   1.1031e+02   1.0127e+01   0.0000e+00   3.5789e-03   2.6684e+02
20251221_18:00:00   5.5927e-01   1.2107e+02   1.1454e+01   0.0000e+00   6.3681e-02   2.6849e+02
20251221_21:00:00   5.3673e-01   1.1765e+02   1.0954e+01   0.0000e+00   1.5954e-01   2.6617e+02
20251222_00:00:00   5.4293e-01   1.1818e+02   1.0962e+01   2.4720e-03   7.9026e-02   2.6586e+02
20251222_03:00:00   5.2223e-01   1.1494e+02   1.0429e+01   0.0000e+00   4.8437e-02   2.6786e+02
20251222_06:00:00   4.7975e-01   1.0791e+02   9.2697e+00   0.0000e+00   1.7695e-03   2.6686e+02
20251222_09:00:00   5.4297e-01   1.1769e+02   1.0299e+01   0.0000e+00   5.8482e-04   2.7021e+02
20251222_12:00:00   5.6343e-01   1.2128e+02   1.0233e+01   0.0000e+00   3.1745e-05   2.7361e+02
20251222_15:00:00   5.4666e-01   1.1866e+02   9.9480e+00   0.0000e+00   0.0000e+00   2.7685e+02
20251222_18:00:00   5.4620e-01   1.1853e+02   9.8666e+00   0.0000e+00   0.0000e+00   2.8364e+02
20251222_21:00:00   4.7241e-01   1.0616e+02   8.5811e+00   0.0000e+00   0.0000e+00   2.8899e+02
20251223_00:00:00   3.9929e-01   9.2542e+01   7.3696e+00   0.0000e+00   3.7802e-03   2.9833e+02
20251223_03:00:00   3.3820e-01   8.1220e+01   6.2280e+00   0.0000e+00   0.0000e+00   3.0525e+02
20251223_06:00:00   2.5952e-01   6.6250e+01   4.6202e+00   0.0000e+00   0.0000e+00   3.0700e+02
20251223_09:00:00   2.4883e-01   6.4371e+01   4.4696e+00   0.0000e+00   0.0000e+00   3.0246e+02
20251223_12:00:00   2.7026e-01   6.8830e+01   5.1029e+00   0.0000e+00   0.0000e+00   3.0143e+02
20251223_15:00:00   2.9934e-01   7.4809e+01   5.8961e+00   0.0000e+00   0.0000e+00   2.9990e+02
20251223_18:00:00   3.3977e-01   8.3400e+01   6.6993e+00   0.0000e+00   0.0000e+00   2.9824e+02
20251223_21:00:00   3.4170e-01   8.4329e+01   6.6402e+00   0.0000e+00   0.0000e+00   2.9629e+02
20251224_00:00:00   3.4663e-01   8.5559e+01   6.6251e+00   0.0000e+00   0.0000e+00   2.8847e+02
20251224_03:00:00   2.9694e-01   7.5652e+01   5.6613e+00   0.0000e+00   9.8000e-05   2.8665e+02
20251224_06:00:00   2.6174e-01   6.8487e+01   4.9552e+00   0.0000e+00   0.0000e+00   2.8900e+02
20251224_09:00:00   2.3301e-01   6.2248e+01   4.3779e+00   0.0000e+00   0.0000e+00   2.8871e+02
20251224_12:00:00   2.3264e-01   6.2044e+01   4.3502e+00   0.0000e+00   0.0000e+00   2.9469e+02
20251224_15:00:00   2.1751e-01   5.8674e+01   4.0660e+00   0.0000e+00   0.0000e+00   2.9734e+02
20251224_18:00:00   2.2662e-01   6.0939e+01   4.2521e+00   0.0000e+00   0.0000e+00   3.0046e+02
