#            date       tau255        Tb[K]      pwv[mm] lwp[kg*m^-2] iwp[kg*m^-2]       o3[DU]
20251206_12:00:00   3.0350e-01   7.6409e+01   5.2149e+00   0.0000e+00   0.0000e+00   2.9945e+02
20251206_13:00:00   3.0500e-01   7.6732e+01   5.2096e+00   0.0000e+00   0.0000e+00   3.0100e+02
20251206_14:00:00   3.0041e-01   7.5840e+01   5.1447e+00   0.0000e+00   0.0000e+00   3.0229e+02
20251206_15:00:00   2.9243e-01   7.4308e+01   5.0289e+00   0.0000e+00   0.0000e+00   3.0513e+02
20251206_16:00:00   2.9926e-01   7.5740e+01   5.1744e+00   0.0000e+00   0.0000e+00   3.0422e+02
20251206_17:00:00   2.9658e-01   7.5274e+01   5.1770e+00   0.0000e+00   0.0000e+00   3.0131e+02
20251206_18:00:00   3.1906e-01   7.9899e+01   5.5867e+00   0.0000e+00   0.0000e+00   2.9809e+02
20251206_19:00:00   3.2863e-01   8.1863e+01   5.7756e+00   0.0000e+00   0.0000e+00   2.9541e+02
20251206_20:00:00   3.4737e-01   8.5608e+01   6.1165e+00   0.0000e+00   0.0000e+00   2.9327e+02
20251206_21:00:00   3.5877e-01   8.7719e+01   6.4575e+00   0.0000e+00   0.0000e+00   2.9122e+02
20251206_22:00:00   3.5078e-01   8.6040e+01   6.4873e+00   0.0000e+00   0.0000e+00   2.9057e+02
20251206_23:00:00   3.4188e-01   8.4184e+01   6.4239e+00   0.0000e+00   0.0000e+00   2.8946e+02
20251207_00:00:00   3.3740e-01   8.3055e+01   6.4398e+00   0.0000e+00   0.0000e+00   2.8786e+02
20251207_01:00:00   3.5188e-01   8.5629e+01   6.7989e+00   0.0000e+00   0.0000e+00   2.8550e+02
20251207_02:00:00   3.6997e-01   8.8929e+01   7.1963e+00   0.0000e+00   0.0000e+00   2.8504e+02
20251207_03:00:00   3.7466e-01   8.9706e+01   7.3230e+00   0.0000e+00   0.0000e+00   2.8523e+02
20251207_04:00:00   3.9108e-01   9.2933e+01   7.6264e+00   0.0000e+00   0.0000e+00   2.8447e+02
20251207_05:00:00   4.1742e-01   9.7823e+01   8.0684e+00   0.0000e+00   0.0000e+00   2.8268e+02
20251207_06:00:00   4.3509e-01   1.0101e+02   8.3320e+00   0.0000e+00   0.0000e+00   2.8226e+02
20251207_07:00:00   4.4928e-01   1.0348e+02   8.5429e+00   0.0000e+00   0.0000e+00   2.8270e+02
20251207_08:00:00   4.6407e-01   1.0597e+02   8.7631e+00   0.0000e+00   0.0000e+00   2.8208e+02
20251207_09:00:00   4.8135e-01   1.0885e+02   9.0002e+00   0.0000e+00   0.0000e+00   2.7906e+02
20251207_10:00:00   4.8963e-01   1.1021e+02   9.0668e+00   0.0000e+00   0.0000e+00   2.7785e+02
20251207_11:00:00   4.9898e-01   1.1172e+02   9.1015e+00   0.0000e+00   0.0000e+00   2.7901e+02
20251207_12:00:00   5.1029e-01   1.1345e+02   9.1141e+00   0.0000e+00   0.0000e+00   2.8127e+02
20251207_13:00:00   5.0289e-01   1.1215e+02   8.8498e+00   0.0000e+00   0.0000e+00   2.8119e+02
20251207_14:00:00   4.7944e-01   1.0814e+02   8.3282e+00   0.0000e+00   0.0000e+00   2.7958e+02
20251207_15:00:00   4.5516e-01   1.0394e+02   7.8563e+00   0.0000e+00   0.0000e+00   2.7810e+02
20251207_16:00:00   4.0786e-01   9.5789e+01   7.0149e+00   0.0000e+00   0.0000e+00   2.7808e+02
20251207_17:00:00   3.4723e-01   8.4693e+01   5.9602e+00   0.0000e+00   0.0000e+00   2.7901e+02
20251207_18:00:00   3.0268e-01   7.6015e+01   5.2104e+00   0.0000e+00   0.0000e+00   2.7968e+02
20251207_19:00:00   2.7284e-01   6.9948e+01   4.7375e+00   0.0000e+00   0.0000e+00   2.7960e+02
20251207_20:00:00   2.6248e-01   6.7817e+01   4.5902e+00   0.0000e+00   0.0000e+00   2.7780e+02
20251207_21:00:00   2.6270e-01   6.7820e+01   4.6364e+00   0.0000e+00   0.0000e+00   2.7700e+02
20251207_22:00:00   2.7009e-01   6.9340e+01   4.8029e+00   0.0000e+00   0.0000e+00   2.7679e+02
20251207_23:00:00   2.8285e-01   7.1911e+01   5.0763e+00   0.0000e+00   0.0000e+00   2.7712e+02
20251208_00:00:00   2.8728e-01   7.2747e+01   5.1979e+00   0.0000e+00   0.0000e+00   2.7630e+02
20251208_01:00:00   2.8463e-01   7.2150e+01   5.1831e+00   0.0000e+00   0.0000e+00   2.7473e+02
20251208_02:00:00   2.7726e-01   7.0623e+01   5.0683e+00   0.0000e+00   0.0000e+00   2.7388e+02
20251208_03:00:00   2.6715e-01   6.8500e+01   4.8998e+00   0.0000e+00   0.0000e+00   2.7276e+02
20251208_04:00:00   2.6359e-01   6.7716e+01   4.8631e+00   0.0000e+00   0.0000e+00   2.7253e+02
20251208_05:00:00   2.5607e-01   6.6123e+01   4.7291e+00   0.0000e+00   0.0000e+00   2.7327e+02
20251208_06:00:00   2.4832e-01   6.4496e+01   4.5823e+00   0.0000e+00   0.0000e+00   2.7359e+02
20251208_07:00:00   2.4657e-01   6.4077e+01   4.5737e+00   0.0000e+00   0.0000e+00   2.7301e+02
20251208_08:00:00   2.4650e-01   6.3964e+01   4.6109e+00   0.0000e+00   0.0000e+00   2.7229e+02
20251208_09:00:00   2.4228e-01   6.3000e+01   4.5608e+00   0.0000e+00   0.0000e+00   2.7324e+02
20251208_10:00:00   2.3751e-01   6.1958e+01   4.4840e+00   0.0000e+00   0.0000e+00   2.7404e+02
20251208_11:00:00   2.3329e-01   6.1040e+01   4.3966e+00   0.0000e+00   0.0000e+00   2.7441e+02
20251208_12:00:00   2.2879e-01   6.0083e+01   4.3169e+00   0.0000e+00   0.0000e+00   2.7432e+02
20251208_13:00:00   2.2311e-01   5.8817e+01   4.2240e+00   0.0000e+00   0.0000e+00   2.7316e+02
20251208_14:00:00   2.1364e-01   5.6757e+01   4.0391e+00   0.0000e+00   0.0000e+00   2.7190e+02
20251208_15:00:00   2.0520e-01   5.4925e+01   3.8744e+00   0.0000e+00   0.0000e+00   2.7195e+02
20251208_16:00:00   2.0071e-01   5.3968e+01   3.7907e+00   0.0000e+00   0.0000e+00   2.7144e+02
20251208_17:00:00   2.0870e-01   5.5831e+01   3.9310e+00   0.0000e+00   0.0000e+00   2.7204e+02
20251208_18:00:00   2.2151e-01   5.8743e+01   4.1681e+00   0.0000e+00   0.0000e+00   2.7129e+02
20251208_19:00:00   2.3736e-01   6.2277e+01   4.4727e+00   0.0000e+00   0.0000e+00   2.7153e+02
20251208_20:00:00   2.6379e-01   6.7995e+01   4.9660e+00   0.0000e+00   0.0000e+00   2.7264e+02
20251208_21:00:00   2.9075e-01   7.3701e+01   5.4737e+00   0.0000e+00   0.0000e+00   2.7422e+02
20251208_22:00:00   3.2383e-01   8.0454e+01   6.0710e+00   0.0000e+00   0.0000e+00   2.7545e+02
20251208_23:00:00   3.4715e-01   8.5038e+01   6.4821e+00   0.0000e+00   0.0000e+00   2.7714e+02
20251209_00:00:00   3.6689e-01   8.8665e+01   6.8384e+00   0.0000e+00   0.0000e+00   2.7857e+02
20251209_01:00:00   3.7720e-01   9.0505e+01   7.0316e+00   0.0000e+00   0.0000e+00   2.7793e+02
20251209_02:00:00   3.8037e-01   9.1056e+01   7.1102e+00   0.0000e+00   0.0000e+00   2.7955e+02
20251209_03:00:00   3.7830e-01   9.0739e+01   7.0419e+00   0.0000e+00   0.0000e+00   2.8154e+02
20251209_04:00:00   3.7110e-01   8.9558e+01   6.8420e+00   0.0000e+00   0.0000e+00   2.8056e+02
20251209_05:00:00   3.6269e-01   8.8016e+01   6.6633e+00   0.0000e+00   0.0000e+00   2.8042e+02
20251209_06:00:00   3.6025e-01   8.7596e+01   6.5614e+00   0.0000e+00   0.0000e+00   2.8486e+02
20251209_07:00:00   3.4856e-01   8.5457e+01   6.2835e+00   0.0000e+00   0.0000e+00   2.9168e+02
20251209_08:00:00   3.2750e-01   8.1493e+01   5.8459e+00   0.0000e+00   0.0000e+00   2.9053e+02
20251209_09:00:00   3.1646e-01   7.9336e+01   5.6138e+00   0.0000e+00   0.0000e+00   2.8801e+02
20251209_10:00:00   3.0417e-01   7.6867e+01   5.3714e+00   0.0000e+00   0.0000e+00   2.8715e+02
20251209_11:00:00   2.8652e-01   7.3267e+01   5.0446e+00   0.0000e+00   0.0000e+00   2.8979e+02
20251209_12:00:00   2.6690e-01   6.9174e+01   4.6973e+00   0.0000e+00   0.0000e+00   2.9029e+02
20251209_13:00:00   2.5373e-01   6.6350e+01   4.4952e+00   0.0000e+00   0.0000e+00   2.9203e+02
20251209_14:00:00   2.3230e-01   6.1754e+01   4.1339e+00   0.0000e+00   0.0000e+00   2.9320e+02
20251209_15:00:00   2.1694e-01   5.8461e+01   3.8413e+00   0.0000e+00   0.0000e+00   2.9335e+02
20251209_16:00:00   2.1154e-01   5.7353e+01   3.7332e+00   0.0000e+00   0.0000e+00   2.9236e+02
20251209_17:00:00   2.0932e-01   5.6966e+01   3.6778e+00   0.0000e+00   0.0000e+00   2.9265e+02
20251209_18:00:00   2.0775e-01   5.6693e+01   3.6624e+00   0.0000e+00   0.0000e+00   2.9109e+02
20251209_19:00:00   2.0802e-01   5.6800e+01   3.6912e+00   0.0000e+00   0.0000e+00   2.8941e+02
20251209_20:00:00   1.9904e-01   5.4817e+01   3.5475e+00   0.0000e+00   0.0000e+00   2.8846e+02
20251209_21:00:00   1.8274e-01   5.1127e+01   3.2627e+00   0.0000e+00   0.0000e+00   2.8781e+02
20251209_22:00:00   1.7428e-01   4.9178e+01   3.1129e+00   0.0000e+00   0.0000e+00   2.8685e+02
20251209_23:00:00   1.7244e-01   4.8783e+01   3.0736e+00   0.0000e+00   0.0000e+00   2.8753e+02
20251210_00:00:00   1.7837e-01   5.0110e+01   3.2001e+00   0.0000e+00   0.0000e+00   2.8763e+02
20251210_01:00:00   1.6789e-01   4.7661e+01   3.0356e+00   0.0000e+00   6.7820e-05   2.8655e+02
20251210_02:00:00   1.7714e-01   4.9822e+01   3.2155e+00   0.0000e+00   0.0000e+00   2.8728e+02
20251210_03:00:00   1.7356e-01   4.9016e+01   3.1657e+00   0.0000e+00   2.3893e-04   2.8638e+02
20251210_04:00:00   1.6035e-01   4.5922e+01   2.9339e+00   0.0000e+00   5.7240e-05   2.8534e+02
20251210_05:00:00   1.4351e-01   4.1852e+01   2.6197e+00   0.0000e+00   1.0748e-04   2.8760e+02
20251210_06:00:00   1.3920e-01   4.0809e+01   2.5141e+00   0.0000e+00   0.0000e+00   2.8985e+02
20251210_07:00:00   1.3648e-01   4.0155e+01   2.4534e+00   0.0000e+00   0.0000e+00   2.9131e+02
20251210_08:00:00   1.3781e-01   4.0515e+01   2.4789e+00   0.0000e+00   0.0000e+00   2.8998e+02
20251210_09:00:00   1.4889e-01   4.3205e+01   2.7074e+00   0.0000e+00   7.3680e-04   2.8905e+02
20251210_10:00:00   1.7221e-01   4.8766e+01   3.1831e+00   0.0000e+00   2.0840e-05   2.8562e+02
20251210_11:00:00   1.9651e-01   5.4380e+01   3.6975e+00   0.0000e+00   4.1400e-06   2.8225e+02
20251210_12:00:00   2.1562e-01   5.8666e+01   4.1142e+00   0.0000e+00   2.6000e-04   2.7914e+02
20251210_13:00:00   2.4504e-01   6.5153e+01   4.7235e+00   0.0000e+00   6.2740e-04   2.7695e+02
20251210_14:00:00   2.7642e-01   7.1817e+01   5.3490e+00   0.0000e+00   1.0968e-05   2.7909e+02
20251210_15:00:00   3.0166e-01   7.7061e+01   5.8553e+00   0.0000e+00   3.8402e-04   2.7971e+02
20251210_16:00:00   3.1193e-01   7.9089e+01   6.0691e+00   0.0000e+00   4.7782e-04   2.8002e+02
20251210_17:00:00   3.3206e-01   8.2970e+01   6.4385e+00   0.0000e+00   1.1776e-03   2.7859e+02
20251210_18:00:00   3.4399e-01   8.5283e+01   6.6924e+00   0.0000e+00   2.3120e-03   2.7918e+02
20251210_19:00:00   3.5101e-01   8.6648e+01   6.8254e+00   0.0000e+00   1.1234e-03   2.8003e+02
20251210_20:00:00   3.6510e-01   8.9377e+01   7.1141e+00   0.0000e+00   4.4680e-04   2.8009e+02
20251210_21:00:00   3.7796e-01   9.1813e+01   7.3834e+00   0.0000e+00   2.4460e-05   2.8107e+02
20251210_22:00:00   3.7184e-01   9.0744e+01   7.3082e+00   0.0000e+00   1.2172e-05   2.8166e+02
20251210_23:00:00   3.6177e-01   8.8798e+01   7.1045e+00   0.0000e+00   0.0000e+00   2.8182e+02
20251211_00:00:00   3.6767e-01   8.9782e+01   7.2213e+00   0.0000e+00   0.0000e+00   2.8202e+02
20251211_01:00:00   3.6168e-01   8.8630e+01   7.1497e+00   0.0000e+00   2.7598e-05   2.8436e+02
20251211_02:00:00   3.4774e-01   8.6035e+01   6.8880e+00   0.0000e+00   1.1620e-05   2.8619e+02
20251211_03:00:00   3.2903e-01   8.2404e+01   6.5255e+00   0.0000e+00   1.4615e-04   2.8809e+02
20251211_04:00:00   3.0168e-01   7.6834e+01   6.0135e+00   0.0000e+00   6.9780e-05   2.8738e+02
20251211_05:00:00   2.8186e-01   7.2730e+01   5.6269e+00   0.0000e+00   3.1386e-04   2.8719e+02
20251211_06:00:00   2.7357e-01   7.1105e+01   5.4260e+00   0.0000e+00   2.8516e-04   2.8748e+02
20251211_07:00:00   2.7721e-01   7.1946e+01   5.4547e+00   0.0000e+00   1.7662e-05   2.8631e+02
20251211_08:00:00   2.7675e-01   7.1871e+01   5.4199e+00   0.0000e+00   0.0000e+00   2.8496e+02
20251211_09:00:00   2.7216e-01   7.0907e+01   5.3207e+00   0.0000e+00   0.0000e+00   2.8464e+02
20251211_10:00:00   2.6524e-01   6.9515e+01   5.1659e+00   0.0000e+00   0.0000e+00   2.8316e+02
20251211_11:00:00   2.6670e-01   6.9886e+01   5.1700e+00   0.0000e+00   0.0000e+00   2.8375e+02
20251211_12:00:00   2.8520e-01   7.3768e+01   5.4924e+00   0.0000e+00   0.0000e+00   2.8450e+02
20251211_15:00:00   3.3971e-01   8.4908e+01   6.5664e+00   0.0000e+00   0.0000e+00   2.8679e+02
20251211_18:00:00   3.9942e-01   9.5987e+01   7.7996e+00   0.0000e+00   1.6548e-04   2.8722e+02
20251211_21:00:00   4.4650e-01   1.0448e+02   8.6016e+00   0.0000e+00   0.0000e+00   2.8120e+02
20251212_00:00:00   5.1361e-01   1.1538e+02   9.6470e+00   0.0000e+00   0.0000e+00   2.7933e+02
20251212_03:00:00   5.4619e-01   1.2009e+02   9.8313e+00   0.0000e+00   0.0000e+00   2.7979e+02
20251212_06:00:00   5.4757e-01   1.1952e+02   9.8894e+00   0.0000e+00   0.0000e+00   2.7669e+02
20251212_09:00:00   6.0915e-01   1.2842e+02   1.1211e+01   0.0000e+00   0.0000e+00   2.7683e+02
20251212_12:00:00   5.9998e-01   1.2681e+02   1.1030e+01   0.0000e+00   1.1260e-05   2.7650e+02
20251212_15:00:00   5.7404e-01   1.2275e+02   1.0528e+01   0.0000e+00   0.0000e+00   2.7605e+02
20251212_18:00:00   5.6801e-01   1.2230e+02   1.0479e+01   0.0000e+00   0.0000e+00   2.7522e+02
20251212_21:00:00   5.3344e-01   1.1756e+02   9.9774e+00   0.0000e+00   0.0000e+00   2.7642e+02
20251213_00:00:00   4.7129e-01   1.0747e+02   8.7442e+00   0.0000e+00   2.0700e-06   2.7832e+02
20251213_03:00:00   4.3861e-01   1.0174e+02   8.1474e+00   0.0000e+00   0.0000e+00   2.8182e+02
20251213_06:00:00   4.2887e-01   1.0019e+02   7.7562e+00   0.0000e+00   0.0000e+00   2.8667e+02
20251213_09:00:00   4.1242e-01   9.7244e+01   7.3960e+00   0.0000e+00   0.0000e+00   2.9320e+02
20251213_12:00:00   3.9718e-01   9.4236e+01   7.1106e+00   0.0000e+00   0.0000e+00   2.9102e+02
20251213_15:00:00   3.8851e-01   9.2398e+01   6.9688e+00   0.0000e+00   0.0000e+00   2.8677e+02
20251213_18:00:00   3.8435e-01   9.1337e+01   6.8877e+00   0.0000e+00   0.0000e+00   2.8421e+02
20251213_21:00:00   3.8149e-01   9.0884e+01   6.8276e+00   0.0000e+00   0.0000e+00   2.8341e+02
20251214_00:00:00   3.6475e-01   8.7631e+01   6.4735e+00   0.0000e+00   0.0000e+00   2.8203e+02
20251214_03:00:00   3.6772e-01   8.8005e+01   6.5149e+00   0.0000e+00   0.0000e+00   2.8200e+02
20251214_06:00:00   3.9533e-01   9.2818e+01   7.0566e+00   0.0000e+00   0.0000e+00   2.8418e+02
20251214_09:00:00   4.1306e-01   9.6074e+01   7.4160e+00   0.0000e+00   0.0000e+00   2.8176e+02
20251214_12:00:00   4.2259e-01   9.7966e+01   7.5360e+00   0.0000e+00   0.0000e+00   2.8135e+02
20251214_15:00:00   4.1151e-01   9.6259e+01   7.3173e+00   0.0000e+00   0.0000e+00   2.7858e+02
20251214_18:00:00   4.1801e-01   9.7678e+01   7.4695e+00   0.0000e+00   0.0000e+00   2.7713e+02
20251214_21:00:00   4.3965e-01   1.0179e+02   7.9687e+00   0.0000e+00   0.0000e+00   2.7544e+02
20251215_00:00:00   3.8040e-01   9.1392e+01   6.8287e+00   0.0000e+00   0.0000e+00   2.6757e+02
20251215_03:00:00   3.4321e-01   8.4362e+01   6.1023e+00   0.0000e+00   0.0000e+00   2.5970e+02
20251215_06:00:00   3.4803e-01   8.5043e+01   6.1637e+00   0.0000e+00   0.0000e+00   2.6168e+02
20251215_09:00:00   3.4699e-01   8.4276e+01   6.0199e+00   0.0000e+00   0.0000e+00   2.6199e+02
20251215_12:00:00   3.2520e-01   7.9797e+01   5.5924e+00   0.0000e+00   0.0000e+00   2.6359e+02
20251215_15:00:00   3.1481e-01   7.7688e+01   5.3963e+00   0.0000e+00   0.0000e+00   2.5867e+02
20251215_18:00:00   3.1573e-01   7.7974e+01   5.4864e+00   0.0000e+00   9.8660e-06   2.6063e+02
20251215_21:00:00   3.2363e-01   7.9836e+01   5.6809e+00   0.0000e+00   3.6440e-04   2.6173e+02
20251216_00:00:00   3.1001e-01   7.7017e+01   5.5976e+00   0.0000e+00   1.3758e-03   2.6492e+02
20251216_03:00:00   3.1308e-01   7.7536e+01   5.7634e+00   0.0000e+00   8.4595e-04   2.5731e+02
20251216_06:00:00   3.3045e-01   8.0917e+01   6.1668e+00   0.0000e+00   5.7909e-03   2.5843e+02
20251216_09:00:00   3.4464e-01   8.3717e+01   6.4331e+00   0.0000e+00   8.4824e-03   2.5854e+02
20251216_12:00:00   3.8085e-01   9.0225e+01   7.1850e+00   0.0000e+00   3.7952e-02   2.5725e+02
20251216_15:00:00   4.0658e-01   9.5085e+01   7.6245e+00   0.0000e+00   4.5968e-03   2.5692e+02
20251216_18:00:00   4.5502e-01   1.0393e+02   8.5335e+00   0.0000e+00   4.8264e-03   2.5705e+02
20251216_21:00:00   5.3555e-01   1.1821e+02   9.7424e+00   0.0000e+00   1.6853e-03   2.5801e+02
20251217_00:00:00   5.6486e-01   1.2293e+02   1.0274e+01   0.0000e+00   0.0000e+00   2.5909e+02
20251217_03:00:00   5.0896e-01   1.1396e+02   9.3833e+00   0.0000e+00   0.0000e+00   2.5715e+02
20251217_06:00:00   4.6501e-01   1.0678e+02   8.5778e+00   0.0000e+00   0.0000e+00   2.5788e+02
20251217_09:00:00   5.3313e-01   1.1846e+02   9.6340e+00   0.0000e+00   0.0000e+00   2.5796e+02
20251217_12:00:00   5.3557e-01   1.1886e+02   9.5432e+00   0.0000e+00   1.0528e-05   2.5789e+02
20251217_15:00:00   5.3919e-01   1.1876e+02   9.8787e+00   0.0000e+00   0.0000e+00   2.5926e+02
20251217_18:00:00   5.0021e-01   1.1227e+02   9.4134e+00   0.0000e+00   7.9360e-06   2.5841e+02
20251217_21:00:00   4.7070e-01   1.0704e+02   9.0938e+00   0.0000e+00   0.0000e+00   2.5837e+02
20251218_00:00:00   4.9540e-01   1.1097e+02   9.5676e+00   0.0000e+00   1.5462e-03   2.5851e+02
20251218_03:00:00   5.3313e-01   1.1671e+02   1.0410e+01   0.0000e+00   4.1421e-03   2.5735e+02
20251218_06:00:00   5.3894e-01   1.1777e+02   1.0450e+01   0.0000e+00   5.7253e-04   2.5854e+02
20251218_09:00:00   5.0794e-01   1.1250e+02   9.9471e+00   0.0000e+00   1.1740e-04   2.5869e+02
20251218_12:00:00   7.0513e-01   1.4104e+02   1.3413e+01   0.0000e+00   8.9069e-02   2.6162e+02
20251218_15:00:00   7.3771e-01   1.4508e+02   1.3727e+01   0.0000e+00   3.2514e-01   2.6350e+02
20251218_18:00:00   4.8996e-01   1.1026e+02   8.7552e+00   0.0000e+00   6.1739e-04   2.7824e+02
20251218_21:00:00   5.1046e-01   1.1370e+02   9.1415e+00   0.0000e+00   0.0000e+00   2.8766e+02
20251219_00:00:00   4.1551e-01   9.7070e+01   7.6009e+00   0.0000e+00   0.0000e+00   2.7982e+02
20251219_03:00:00   3.3638e-01   8.2300e+01   6.0393e+00   0.0000e+00   1.1992e-04   2.7808e+02
20251219_06:00:00   3.0316e-01   7.5489e+01   5.3848e+00   0.0000e+00   0.0000e+00   2.7521e+02
20251219_09:00:00   2.9751e-01   7.4125e+01   5.3059e+00   0.0000e+00   1.5108e-05   2.7508e+02
20251219_12:00:00   3.0546e-01   7.5248e+01   5.2570e+00   0.0000e+00   1.1652e-05   2.7813e+02
20251219_15:00:00   2.7235e-01   6.8577e+01   4.7938e+00   0.0000e+00   0.0000e+00   2.7789e+02
20251219_18:00:00   2.7926e-01   7.0251e+01   4.9782e+00   0.0000e+00   0.0000e+00   2.7490e+02
20251219_21:00:00   2.7098e-01   6.9035e+01   4.8568e+00   0.0000e+00   0.0000e+00   2.7018e+02
20251220_00:00:00   2.5866e-01   6.6465e+01   4.6612e+00   0.0000e+00   0.0000e+00   2.7117e+02
20251220_03:00:00   2.6596e-01   6.7867e+01   4.8416e+00   0.0000e+00   0.0000e+00   2.7811e+02
20251220_06:00:00   2.8007e-01   7.0511e+01   5.3152e+00   0.0000e+00   0.0000e+00   2.8002e+02
20251220_09:00:00   3.0410e-01   7.5436e+01   5.7942e+00   0.0000e+00   0.0000e+00   2.7719e+02
20251220_12:00:00   2.9760e-01   7.4368e+01   5.6868e+00   0.0000e+00   0.0000e+00   2.7165e+02
20251220_15:00:00   2.9479e-01   7.4059e+01   5.5972e+00   0.0000e+00   0.0000e+00   2.7651e+02
20251220_18:00:00   2.9818e-01   7.5116e+01   5.6772e+00   0.0000e+00   0.0000e+00   2.8026e+02
20251220_21:00:00   2.9419e-01   7.4405e+01   5.6994e+00   0.0000e+00   0.0000e+00   2.7802e+02
20251221_00:00:00   2.8817e-01   7.3286e+01   5.5414e+00   0.0000e+00   0.0000e+00   2.7937e+02
20251221_03:00:00   2.9695e-01   7.4994e+01   5.7498e+00   0.0000e+00   3.6560e-06   2.8157e+02
20251221_06:00:00   3.0985e-01   7.7526e+01   5.9660e+00   0.0000e+00   1.0258e-03   2.8046e+02
20251221_09:00:00   3.2506e-01   8.0482e+01   6.2386e+00   0.0000e+00   3.7044e-04   2.8034e+02
20251221_12:00:00   3.3871e-01   8.2940e+01   6.3819e+00   0.0000e+00   1.1072e-05   2.7566e+02
20251221_15:00:00   3.3074e-01   8.1217e+01   6.1863e+00   0.0000e+00   3.6808e-04   2.6740e+02
20251221_18:00:00   3.1660e-01   7.8715e+01   5.8851e+00   0.0000e+00   4.2525e-03   2.6605e+02
20251221_21:00:00   3.2826e-01   8.0930e+01   6.2212e+00   0.0000e+00   1.0019e-02   2.6746e+02
20251222_00:00:00   3.6276e-01   8.6759e+01   7.1953e+00   0.0000e+00   6.6088e-02   2.7351e+02
20251222_03:00:00   4.3629e-01   9.9488e+01   8.7915e+00   0.0000e+00   1.9234e-01   2.7473e+02
20251222_06:00:00   4.8625e-01   1.0831e+02   9.8085e+00   0.0000e+00   4.6690e-02   2.7416e+02
20251222_09:00:00   4.9924e-01   1.1067e+02   9.9601e+00   0.0000e+00   6.4266e-02   2.7615e+02
20251222_12:00:00   4.7968e-01   1.0748e+02   9.5108e+00   3.4340e-05   1.7841e-02   2.7699e+02
