#            date       tau255        Tb[K]      pwv[mm] lwp[kg*m^-2] iwp[kg*m^-2]       o3[DU]
20251212_00:00:00   2.7919e-01   7.2662e+01   5.2744e+00   0.0000e+00   0.0000e+00   2.7592e+02
20251212_01:00:00   2.6665e-01   7.0058e+01   5.0643e+00   0.0000e+00   0.0000e+00   2.7510e+02
20251212_02:00:00   2.6425e-01   6.9578e+01   5.0100e+00   0.0000e+00   0.0000e+00   2.7328e+02
20251212_03:00:00   2.6863e-01   7.0522e+01   5.0766e+00   0.0000e+00   0.0000e+00   2.7181e+02
20251212_04:00:00   2.7052e-01   7.0888e+01   5.1230e+00   0.0000e+00   0.0000e+00   2.7117e+02
20251212_05:00:00   2.6915e-01   7.0563e+01   5.1253e+00   0.0000e+00   0.0000e+00   2.7170e+02
20251212_06:00:00   2.7313e-01   7.1295e+01   5.2388e+00   0.0000e+00   0.0000e+00   2.7177e+02
20251212_07:00:00   2.8248e-01   7.3151e+01   5.4565e+00   0.0000e+00   0.0000e+00   2.7283e+02
20251212_08:00:00   2.9171e-01   7.4993e+01   5.6551e+00   0.0000e+00   0.0000e+00   2.7367e+02
20251212_09:00:00   2.9119e-01   7.4782e+01   5.6689e+00   0.0000e+00   0.0000e+00   2.7227e+02
20251212_10:00:00   2.9516e-01   7.5516e+01   5.7547e+00   0.0000e+00   0.0000e+00   2.7238e+02
20251212_11:00:00   3.0319e-01   7.7129e+01   5.9083e+00   0.0000e+00   0.0000e+00   2.7254e+02
20251212_12:00:00   3.1053e-01   7.8546e+01   6.0603e+00   0.0000e+00   0.0000e+00   2.7460e+02
20251212_13:00:00   3.1833e-01   7.9998e+01   6.2194e+00   0.0000e+00   0.0000e+00   2.7789e+02
20251212_14:00:00   3.2211e-01   8.0644e+01   6.2890e+00   0.0000e+00   0.0000e+00   2.7958e+02
20251212_15:00:00   3.2433e-01   8.1002e+01   6.3248e+00   0.0000e+00   0.0000e+00   2.8189e+02
20251212_16:00:00   3.3111e-01   8.2353e+01   6.4477e+00   0.0000e+00   0.0000e+00   2.8235e+02
20251212_17:00:00   3.4136e-01   8.4411e+01   6.6344e+00   0.0000e+00   0.0000e+00   2.8267e+02
20251212_18:00:00   3.5232e-01   8.6633e+01   6.8336e+00   0.0000e+00   0.0000e+00   2.8441e+02
20251212_19:00:00   3.6751e-01   8.9637e+01   7.0899e+00   0.0000e+00   0.0000e+00   2.8497e+02
20251212_20:00:00   3.7853e-01   9.1780e+01   7.2626e+00   0.0000e+00   0.0000e+00   2.8202e+02
20251212_21:00:00   3.8065e-01   9.2268e+01   7.2896e+00   0.0000e+00   0.0000e+00   2.7870e+02
20251212_22:00:00   3.8543e-01   9.3159e+01   7.3583e+00   0.0000e+00   0.0000e+00   2.7547e+02
20251212_23:00:00   3.8718e-01   9.3440e+01   7.3573e+00   0.0000e+00   0.0000e+00   2.7510e+02
20251213_00:00:00   3.8855e-01   9.3607e+01   7.3568e+00   0.0000e+00   0.0000e+00   2.7726e+02
20251213_01:00:00   3.8747e-01   9.3317e+01   7.3137e+00   0.0000e+00   0.0000e+00   2.8054e+02
20251213_02:00:00   3.8619e-01   9.3011e+01   7.2594e+00   0.0000e+00   0.0000e+00   2.8403e+02
20251213_03:00:00   3.8162e-01   9.2113e+01   7.1424e+00   0.0000e+00   0.0000e+00   2.8524e+02
20251213_04:00:00   3.7491e-01   9.0852e+01   6.9983e+00   0.0000e+00   0.0000e+00   2.8485e+02
20251213_05:00:00   3.6165e-01   8.8406e+01   6.7517e+00   0.0000e+00   0.0000e+00   2.8455e+02
20251213_06:00:00   3.5036e-01   8.6305e+01   6.5372e+00   0.0000e+00   0.0000e+00   2.8330e+02
20251213_07:00:00   3.4053e-01   8.4434e+01   6.3501e+00   0.0000e+00   0.0000e+00   2.8213e+02
20251213_08:00:00   3.2822e-01   8.2052e+01   6.1263e+00   0.0000e+00   0.0000e+00   2.8032e+02
20251213_09:00:00   3.1638e-01   7.9714e+01   5.9178e+00   0.0000e+00   0.0000e+00   2.8062e+02
20251213_10:00:00   3.1219e-01   7.8860e+01   5.8344e+00   0.0000e+00   0.0000e+00   2.8299e+02
20251213_11:00:00   3.0087e-01   7.6550e+01   5.6356e+00   0.0000e+00   0.0000e+00   2.8391e+02
20251213_12:00:00   2.8716e-01   7.3754e+01   5.3841e+00   0.0000e+00   0.0000e+00   2.8574e+02
20251213_13:00:00   2.7055e-01   7.0342e+01   5.1059e+00   0.0000e+00   0.0000e+00   2.8855e+02
20251213_14:00:00   2.6729e-01   6.9617e+01   5.0763e+00   0.0000e+00   0.0000e+00   2.8956e+02
20251213_15:00:00   2.6601e-01   6.9336e+01   5.0662e+00   0.0000e+00   0.0000e+00   2.8872e+02
20251213_16:00:00   2.6059e-01   6.8262e+01   4.9678e+00   0.0000e+00   0.0000e+00   2.8593e+02
20251213_17:00:00   2.6322e-01   6.8866e+01   5.0270e+00   0.0000e+00   0.0000e+00   2.8340e+02
20251213_18:00:00   2.6885e-01   7.0063e+01   5.1653e+00   0.0000e+00   8.5820e-06   2.8255e+02
20251213_19:00:00   2.7089e-01   7.0372e+01   5.2718e+00   0.0000e+00   3.6560e-06   2.8056e+02
20251213_20:00:00   2.6271e-01   6.8702e+01   5.1225e+00   0.0000e+00   4.3560e-05   2.7783e+02
20251213_21:00:00   2.5582e-01   6.7232e+01   4.9987e+00   0.0000e+00   1.1936e-03   2.7572e+02
20251213_22:00:00   2.4717e-01   6.5343e+01   4.8347e+00   0.0000e+00   2.8460e-03   2.7456e+02
20251213_23:00:00   2.4985e-01   6.5899e+01   4.8581e+00   0.0000e+00   9.3903e-03   2.7477e+02
20251214_00:00:00   2.4399e-01   6.4638e+01   4.7115e+00   0.0000e+00   1.1982e-02   2.7541e+02
20251214_01:00:00   2.3883e-01   6.3589e+01   4.5854e+00   0.0000e+00   6.9937e-03   2.7701e+02
20251214_02:00:00   2.3636e-01   6.2983e+01   4.5538e+00   0.0000e+00   1.1381e-02   2.8178e+02
20251214_03:00:00   2.4375e-01   6.4444e+01   4.7350e+00   0.0000e+00   1.0678e-02   2.8557e+02
20251214_04:00:00   2.5441e-01   6.6652e+01   4.9487e+00   0.0000e+00   5.2038e-03   2.8574e+02
20251214_05:00:00   2.5750e-01   6.7365e+01   4.9679e+00   0.0000e+00   1.4974e-03   2.8432e+02
20251214_06:00:00   2.6516e-01   6.9030e+01   5.0638e+00   0.0000e+00   1.5970e-03   2.8315e+02
20251214_07:00:00   2.7187e-01   7.0437e+01   5.1668e+00   0.0000e+00   4.5536e-05   2.8121e+02
20251214_08:00:00   2.8538e-01   7.3184e+01   5.4160e+00   0.0000e+00   0.0000e+00   2.7881e+02
20251214_09:00:00   2.9812e-01   7.5688e+01   5.6265e+00   0.0000e+00   6.0760e-05   2.7882e+02
20251214_10:00:00   3.0729e-01   7.7404e+01   5.7228e+00   0.0000e+00   2.3597e-05   2.7880e+02
20251214_11:00:00   3.1005e-01   7.7837e+01   5.6943e+00   0.0000e+00   2.1884e-03   2.7794e+02
20251214_12:00:00   3.1882e-01   7.9514e+01   5.7743e+00   0.0000e+00   5.3898e-03   2.7725e+02
20251214_13:00:00   3.5418e-01   8.6323e+01   6.1338e+00   3.1880e-03   5.9363e-03   2.7611e+02
20251214_14:00:00   5.0025e-01   1.1235e+02   6.6584e+00   4.4630e-02   4.5781e-03   2.7404e+02
20251214_15:00:00   5.8018e-01   1.2494e+02   7.0445e+00   6.4680e-02   5.8113e-03   2.7337e+02
20251214_16:00:00   5.7295e-01   1.2373e+02   7.3824e+00   5.2460e-02   5.9803e-03   2.7281e+02
20251214_17:00:00   6.0278e-01   1.2820e+02   8.1730e+00   4.2550e-02   6.0494e-03   2.7074e+02
20251214_18:00:00   6.8901e-01   1.4067e+02   8.8285e+00   5.7700e-02   7.5176e-03   2.6848e+02
20251214_19:00:00   7.1367e-01   1.4416e+02   9.1042e+00   6.0070e-02   5.1556e-03   2.6718e+02
20251214_20:00:00   6.7130e-01   1.3845e+02   9.1634e+00   4.2240e-02   8.5414e-03   2.6747e+02
20251214_21:00:00   5.9418e-01   1.2723e+02   9.2072e+00   1.2141e-02   2.9202e-03   2.6841e+02
20251214_22:00:00   5.7526e-01   1.2428e+02   9.2135e+00   6.7900e-03   4.9361e-03   2.7047e+02
20251214_23:00:00   5.6952e-01   1.2325e+02   9.0452e+00   1.1298e-02   1.0313e-02   2.7167e+02
20251215_00:00:00   5.4109e-01   1.1863e+02   8.9059e+00   5.7600e-03   2.8297e-02   2.7124e+02
20251215_01:00:00   5.0902e-01   1.1351e+02   8.6963e+00   0.0000e+00   4.9462e-02   2.7223e+02
20251215_02:00:00   5.1775e-01   1.1500e+02   8.8510e+00   0.0000e+00   4.9273e-02   2.7468e+02
20251215_03:00:00   5.3598e-01   1.1798e+02   9.1219e+00   0.0000e+00   4.7796e-02   2.7377e+02
20251215_04:00:00   5.6120e-01   1.2200e+02   9.4585e+00   0.0000e+00   6.1496e-02   2.7273e+02
20251215_05:00:00   5.5558e-01   1.2138e+02   9.3081e+00   0.0000e+00   2.3653e-02   2.7423e+02
20251215_06:00:00   5.5757e-01   1.2183e+02   9.2491e+00   0.0000e+00   2.4856e-02   2.7712e+02
20251215_07:00:00   5.5056e-01   1.2076e+02   9.2181e+00   0.0000e+00   1.7602e-02   2.7929e+02
20251215_08:00:00   5.2603e-01   1.1691e+02   8.9096e+00   0.0000e+00   1.2146e-02   2.7959e+02
20251215_09:00:00   4.9623e-01   1.1210e+02   8.4570e+00   0.0000e+00   7.3608e-03   2.7847e+02
20251215_10:00:00   4.7525e-01   1.0867e+02   8.0974e+00   0.0000e+00   6.7782e-03   2.7942e+02
20251215_11:00:00   4.7829e-01   1.0924e+02   8.1498e+00   0.0000e+00   7.5289e-03   2.7936e+02
20251215_12:00:00   5.1151e-01   1.1461e+02   8.7833e+00   0.0000e+00   1.0148e-02   2.7971e+02
20251215_13:00:00   5.5829e-01   1.2197e+02   9.6419e+00   0.0000e+00   1.3818e-02   2.7846e+02
20251215_14:00:00   5.8583e-01   1.2623e+02   1.0229e+01   3.3650e-06   1.4028e-02   2.7671e+02
20251215_15:00:00   6.2609e-01   1.3234e+02   1.0980e+01   3.2000e-05   1.5038e-02   2.7465e+02
20251215_16:00:00   6.6658e-01   1.3827e+02   1.1718e+01   0.0000e+00   2.3508e-02   2.7170e+02
20251215_17:00:00   6.9365e-01   1.4221e+02   1.2217e+01   0.0000e+00   1.9850e-02   2.7027e+02
20251215_18:00:00   7.9995e-01   1.5612e+02   1.3913e+01   0.0000e+00   2.0611e-02   2.6981e+02
20251215_19:00:00   9.0137e-01   1.6796e+02   1.5416e+01   0.0000e+00   6.9519e-02   2.7031e+02
20251215_20:00:00   9.3512e-01   1.7182e+02   1.5958e+01   0.0000e+00   7.1721e-02   2.7075e+02
20251215_21:00:00   9.0331e-01   1.6869e+02   1.5301e+01   0.0000e+00   5.4407e-02   2.7065e+02
20251215_22:00:00   8.6811e-01   1.6482e+02   1.4681e+01   0.0000e+00   7.1437e-02   2.6986e+02
20251215_23:00:00   8.1943e-01   1.5904e+02   1.3949e+01   0.0000e+00   7.0198e-02   2.6835e+02
20251216_00:00:00   7.7085e-01   1.5288e+02   1.3198e+01   0.0000e+00   7.6599e-02   2.6830e+02
20251216_01:00:00   7.1720e-01   1.4593e+02   1.2234e+01   0.0000e+00   7.0268e-02   2.6896e+02
20251216_02:00:00   6.5571e-01   1.3740e+02   1.1208e+01   0.0000e+00   7.8058e-02   2.7026e+02
20251216_03:00:00   6.2412e-01   1.3267e+02   1.0858e+01   0.0000e+00   4.8378e-02   2.7035e+02
20251216_04:00:00   5.9926e-01   1.2885e+02   1.0607e+01   0.0000e+00   3.3161e-02   2.7098e+02
20251216_05:00:00   5.9908e-01   1.2873e+02   1.0711e+01   0.0000e+00   1.5788e-02   2.7125e+02
20251216_06:00:00   5.9990e-01   1.2859e+02   1.0895e+01   0.0000e+00   2.5283e-02   2.7251e+02
20251216_07:00:00   6.0440e-01   1.2909e+02   1.1079e+01   0.0000e+00   2.3345e-02   2.7415e+02
20251216_08:00:00   6.1215e-01   1.2998e+02   1.1372e+01   0.0000e+00   7.0962e-02   2.7397e+02
20251216_09:00:00   6.1694e-01   1.3076e+02   1.1457e+01   0.0000e+00   8.8512e-02   2.7333e+02
20251216_10:00:00   6.6441e-01   1.3729e+02   1.2429e+01   0.0000e+00   1.5519e-01   2.7166e+02
20251216_11:00:00   6.7121e-01   1.3811e+02   1.2593e+01   0.0000e+00   1.6269e-01   2.6934e+02
20251216_12:00:00   6.1278e-01   1.2986e+02   1.1524e+01   0.0000e+00   1.0146e-01   2.6748e+02
20251216_13:00:00   5.7278e-01   1.2376e+02   1.0834e+01   0.0000e+00   9.4527e-02   2.6801e+02
20251216_14:00:00   5.3438e-01   1.1771e+02   1.0110e+01   0.0000e+00   1.2206e-01   2.6856e+02
20251216_15:00:00   5.1223e-01   1.1422e+02   9.6741e+00   2.0260e-04   5.9493e-02   2.6920e+02
20251216_16:00:00   5.0751e-01   1.1376e+02   9.4605e+00   0.0000e+00   4.7091e-03   2.6858e+02
20251216_17:00:00   5.0807e-01   1.1416e+02   9.3002e+00   0.0000e+00   1.0277e-03   2.6492e+02
20251216_18:00:00   4.6008e-01   1.0626e+02   8.3867e+00   0.0000e+00   1.7096e-04   2.6452e+02
20251216_19:00:00   3.8622e-01   9.3139e+01   7.0481e+00   0.0000e+00   4.9532e-05   2.6501e+02
20251216_20:00:00   3.2019e-01   8.0476e+01   5.8318e+00   0.0000e+00   2.0837e-05   2.6678e+02
20251216_21:00:00   3.0102e-01   7.6589e+01   5.4616e+00   0.0000e+00   0.0000e+00   2.6636e+02
20251216_22:00:00   2.7498e-01   7.1307e+01   4.9233e+00   0.0000e+00   0.0000e+00   2.6700e+02
20251216_23:00:00   2.6844e-01   6.9990e+01   4.7416e+00   0.0000e+00   0.0000e+00   2.6766e+02
20251217_00:00:00   2.5377e-01   6.6841e+01   4.4400e+00   0.0000e+00   0.0000e+00   2.6729e+02
20251217_03:00:00   2.3486e-01   6.2226e+01   4.2927e+00   0.0000e+00   0.0000e+00   2.6270e+02
20251217_06:00:00   2.1501e-01   5.7851e+01   3.9304e+00   0.0000e+00   0.0000e+00   2.6369e+02
20251217_09:00:00   2.0293e-01   5.5188e+01   3.6986e+00   0.0000e+00   0.0000e+00   2.6581e+02
20251217_12:00:00   1.9398e-01   5.3152e+01   3.5205e+00   0.0000e+00   0.0000e+00   2.6356e+02
20251217_15:00:00   1.9365e-01   5.3075e+01   3.5520e+00   0.0000e+00   0.0000e+00   2.6048e+02
20251217_18:00:00   2.0661e-01   5.6169e+01   3.8159e+00   0.0000e+00   0.0000e+00   2.5803e+02
20251217_21:00:00   2.3155e-01   6.1844e+01   4.3767e+00   0.0000e+00   0.0000e+00   2.5707e+02
20251218_00:00:00   3.0797e-01   7.7373e+01   6.1993e+00   0.0000e+00   0.0000e+00   2.5754e+02
20251218_03:00:00   4.0434e-01   9.5721e+01   8.2688e+00   0.0000e+00   0.0000e+00   2.5621e+02
20251218_06:00:00   3.9404e-01   9.3836e+01   8.1014e+00   0.0000e+00   0.0000e+00   2.5533e+02
20251218_09:00:00   3.2797e-01   8.1391e+01   6.6963e+00   0.0000e+00   0.0000e+00   2.5525e+02
20251218_12:00:00   3.1283e-01   7.8507e+01   6.2862e+00   0.0000e+00   0.0000e+00   2.5535e+02
20251218_15:00:00   3.0996e-01   7.8255e+01   6.2071e+00   0.0000e+00   0.0000e+00   2.5596e+02
20251218_18:00:00   3.0439e-01   7.7359e+01   6.0848e+00   0.0000e+00   0.0000e+00   2.5697e+02
20251218_21:00:00   2.9804e-01   7.6204e+01   5.9555e+00   0.0000e+00   0.0000e+00   2.5509e+02
20251219_00:00:00   2.8417e-01   7.3185e+01   5.6907e+00   0.0000e+00   0.0000e+00   2.5365e+02
20251219_03:00:00   2.6852e-01   6.9907e+01   5.3475e+00   0.0000e+00   0.0000e+00   2.5329e+02
20251219_06:00:00   2.7470e-01   7.0982e+01   5.5339e+00   0.0000e+00   0.0000e+00   2.5135e+02
20251219_09:00:00   2.8457e-01   7.2734e+01   5.8220e+00   0.0000e+00   0.0000e+00   2.5299e+02
20251219_12:00:00   3.2257e-01   7.9981e+01   6.7120e+00   0.0000e+00   0.0000e+00   2.5347e+02
20251219_15:00:00   3.2787e-01   8.1137e+01   6.7650e+00   0.0000e+00   0.0000e+00   2.5372e+02
20251219_18:00:00   3.5667e-01   8.7064e+01   7.2993e+00   0.0000e+00   0.0000e+00   2.5272e+02
20251219_21:00:00   3.7095e-01   8.9998e+01   7.5355e+00   0.0000e+00   0.0000e+00   2.5202e+02
20251220_00:00:00   3.5830e-01   8.7348e+01   7.3229e+00   0.0000e+00   0.0000e+00   2.5205e+02
20251220_03:00:00   3.4223e-01   8.4492e+01   6.8764e+00   0.0000e+00   0.0000e+00   2.5312e+02
20251220_06:00:00   3.2117e-01   8.0653e+01   6.2804e+00   0.0000e+00   0.0000e+00   2.5284e+02
20251220_09:00:00   2.9067e-01   7.4229e+01   5.7587e+00   0.0000e+00   2.2600e-05   2.5235e+02
20251220_12:00:00   2.8280e-01   7.2592e+01   5.5805e+00   0.0000e+00   0.0000e+00   2.5392e+02
20251220_15:00:00   2.9920e-01   7.5963e+01   5.9431e+00   0.0000e+00   0.0000e+00   2.5562e+02
20251220_18:00:00   2.9954e-01   7.6159e+01   6.0040e+00   0.0000e+00   0.0000e+00   2.5754e+02
20251220_21:00:00   2.5817e-01   6.7936e+01   5.1016e+00   0.0000e+00   0.0000e+00   2.5676e+02
20251221_00:00:00   2.6596e-01   6.9522e+01   5.2444e+00   0.0000e+00   0.0000e+00   2.5400e+02
20251221_03:00:00   2.5841e-01   6.7797e+01   5.1395e+00   0.0000e+00   0.0000e+00   2.5118e+02
20251221_06:00:00   2.7118e-01   7.0393e+01   5.4418e+00   0.0000e+00   0.0000e+00   2.5242e+02
20251221_09:00:00   3.1233e-01   7.8938e+01   6.1855e+00   0.0000e+00   0.0000e+00   2.5061e+02
20251221_12:00:00   3.3031e-01   8.2601e+01   6.5069e+00   0.0000e+00   0.0000e+00   2.5232e+02
20251221_15:00:00   2.9812e-01   7.6034e+01   5.8759e+00   0.0000e+00   2.7780e-04   2.5505e+02
20251221_18:00:00   3.1474e-01   7.9263e+01   6.2828e+00   0.0000e+00   7.2880e-06   2.5744e+02
20251221_21:00:00   2.8127e-01   7.2161e+01   5.7730e+00   0.0000e+00   7.2140e-05   2.5613e+02
20251222_00:00:00   3.4261e-01   8.4028e+01   7.1888e+00   0.0000e+00   0.0000e+00   2.5819e+02
20251222_03:00:00   3.4785e-01   8.5459e+01   7.1599e+00   0.0000e+00   0.0000e+00   2.6165e+02
20251222_06:00:00   3.2373e-01   8.0998e+01   6.5868e+00   0.0000e+00   0.0000e+00   2.6388e+02
20251222_09:00:00   2.7414e-01   7.0910e+01   5.5892e+00   0.0000e+00   0.0000e+00   2.6488e+02
20251222_12:00:00   2.8752e-01   7.3605e+01   5.8724e+00   0.0000e+00   5.1340e-05   2.6466e+02
20251222_15:00:00   2.7962e-01   7.1825e+01   5.7293e+00   0.0000e+00   5.9980e-03   2.6214e+02
20251222_18:00:00   2.7649e-01   7.1114e+01   5.7233e+00   0.0000e+00   3.5820e-04   2.6013e+02
20251222_21:00:00   2.3763e-01   6.3000e+01   4.8923e+00   0.0000e+00   8.3934e-03   2.5886e+02
20251223_00:00:00   2.3206e-01   6.1351e+01   4.8172e+00   0.0000e+00   3.0035e-02   2.6009e+02
20251223_03:00:00   2.3715e-01   6.2319e+01   4.9586e+00   0.0000e+00   5.0387e-03   2.6134e+02
20251223_06:00:00   2.3496e-01   6.2077e+01   4.8089e+00   0.0000e+00   6.2621e-02   2.6142e+02
20251223_09:00:00   2.8829e-01   7.2399e+01   6.0597e+00   0.0000e+00   1.8766e-01   2.6265e+02
20251223_12:00:00   2.8215e-01   7.1108e+01   6.0358e+00   0.0000e+00   7.6791e-03   2.6309e+02
20251223_15:00:00   3.1976e-01   7.8486e+01   6.8719e+00   0.0000e+00   1.3022e-03   2.6512e+02
20251223_18:00:00   3.4699e-01   8.3663e+01   7.5019e+00   0.0000e+00   5.9003e-03   2.6554e+02
20251223_21:00:00   3.8150e-01   8.9858e+01   8.2039e+00   0.0000e+00   4.0278e-02   2.6536e+02
20251224_00:00:00   4.5433e-01   1.0297e+02   9.6245e+00   0.0000e+00   7.6229e-02   2.6437e+02
20251224_03:00:00   5.2519e-01   1.1469e+02   1.1009e+01   0.0000e+00   3.1999e-02   2.6548e+02
20251224_06:00:00   5.3087e-01   1.1600e+02   1.0974e+01   0.0000e+00   7.8410e-03   2.6621e+02
20251224_09:00:00   6.4798e-01   1.3336e+02   1.3065e+01   0.0000e+00   2.1823e-01   2.6370e+02
20251224_12:00:00   7.3133e-01   1.4452e+02   1.4492e+01   0.0000e+00   9.9912e-02   2.6415e+02
20251224_15:00:00   7.8500e-01   1.5087e+02   1.5241e+01   1.6308e-04   1.8951e-01   2.6451e+02
20251224_18:00:00   1.1004e+00   1.8578e+02   1.9439e+01   1.3138e-02   2.6651e-01   2.6451e+02
20251224_21:00:00   1.3214e+00   2.0463e+02   2.1370e+01   4.1218e-02   1.7905e-01   2.6065e+02
20251225_00:00:00   1.4931e+00   2.1677e+02   2.2366e+01   7.5420e-02   1.1253e-01   2.6224e+02
20251225_03:00:00   1.3988e+00   2.0942e+02   2.1832e+01   5.9833e-02   1.1250e-01   2.6145e+02
20251225_06:00:00   1.7994e+00   2.3158e+02   2.2724e+01   1.9066e-01   3.5315e-01   2.6323e+02
20251225_09:00:00   2.2604e+00   2.4864e+02   2.2492e+01   3.8974e-01   2.5258e-02   2.6352e+02
20251225_12:00:00   1.4039e+00   2.1016e+02   2.1005e+01   7.8322e-02   2.4511e-02   2.6171e+02
20251225_15:00:00   2.8272e+00   2.6058e+02   2.1736e+01   6.4860e-01   4.4030e-02   2.6187e+02
20251225_18:00:00   2.4525e+00   2.5362e+02   2.1992e+01   4.7539e-01   2.3515e-01   2.6318e+02
20251225_21:00:00   1.8988e+00   2.3632e+02   2.3005e+01   2.2507e-01   1.4087e-01   2.6081e+02
20251226_00:00:00   2.3237e+00   2.5016e+02   2.2329e+01   4.2537e-01   5.5767e-02   2.5958e+02
20251226_03:00:00   1.2424e+00   1.9827e+02   2.1383e+01   2.9538e-03   1.4963e-01   2.6073e+02
20251226_06:00:00   2.6653e+00   2.5824e+02   2.2431e+01   5.4740e-01   2.9048e-01   2.5937e+02
20251226_09:00:00   1.6476e+00   2.2453e+02   2.3043e+01   1.1726e-01   1.5724e-01   2.5819e+02
20251226_12:00:00   3.3820e+00   2.6784e+02   2.3222e+01   8.2184e-01   1.5658e-01   2.5932e+02
20251226_15:00:00   3.1740e+00   2.6579e+02   2.3661e+01   7.2477e-01   1.3469e-01   2.6187e+02
20251226_18:00:00   2.6479e+00   2.5811e+02   2.3893e+01   4.8830e-01   2.0318e-01   2.6245e+02
20251226_21:00:00   4.5155e+00   2.7548e+02   2.4156e+01   1.2421e+00   5.4973e-01   2.6200e+02
20251227_00:00:00   3.7883e+00   2.7087e+02   2.3137e+01   9.7838e-01   3.0943e-01   2.6225e+02
20251227_03:00:00   3.5968e+00   2.6883e+02   2.1902e+01   9.3203e-01   1.5880e-01   2.6304e+02
20251227_06:00:00   2.7700e+00   2.5820e+02   2.0194e+01   6.3139e-01   5.1500e-02   2.6298e+02
20251227_09:00:00   2.6128e+00   2.5500e+02   1.9537e+01   5.8483e-01   1.3186e-02   2.6114e+02
20251227_12:00:00   2.0193e+00   2.3899e+02   1.9268e+01   3.4116e-01   4.1415e-03   2.6307e+02
20251227_15:00:00   1.8163e+00   2.3124e+02   1.8772e+01   2.6716e-01   5.3824e-04   2.6068e+02
20251227_18:00:00   1.4883e+00   2.1484e+02   1.9322e+01   1.2646e-01   1.4348e-03   2.6215e+02
20251227_21:00:00   1.7387e+00   2.2943e+02   2.0290e+01   1.9635e-01   0.0000e+00   2.6066e+02
20251228_00:00:00   1.2902e+00   2.0229e+02   2.0687e+01   1.6602e-02   2.7116e-03   2.6025e+02
