#            date       tau255        Tb[K]      pwv[mm] lwp[kg*m^-2] iwp[kg*m^-2]       o3[DU]
20251204_06:00:00   4.7795e-01   1.0789e+02   8.9936e+00   0.0000e+00   1.1360e-02   2.7942e+02
20251204_07:00:00   4.8413e-01   1.0879e+02   9.0660e+00   0.0000e+00   5.2039e-03   2.8159e+02
20251204_08:00:00   4.9889e-01   1.1112e+02   9.2227e+00   0.0000e+00   5.1336e-03   2.8397e+02
20251204_09:00:00   5.2956e-01   1.1545e+02   9.8903e+00   0.0000e+00   1.3845e-02   2.8868e+02
20251204_10:00:00   5.3997e-01   1.1668e+02   1.0114e+01   0.0000e+00   8.9039e-03   2.8931e+02
20251204_11:00:00   5.3986e-01   1.1647e+02   1.0115e+01   0.0000e+00   1.1102e-02   2.8686e+02
20251204_12:00:00   5.3103e-01   1.1504e+02   9.8974e+00   0.0000e+00   1.9352e-02   2.8821e+02
20251204_13:00:00   5.3056e-01   1.1491e+02   9.8376e+00   0.0000e+00   1.9695e-02   2.8828e+02
20251204_14:00:00   5.2939e-01   1.1492e+02   9.6427e+00   0.0000e+00   1.3403e-02   2.8864e+02
20251204_15:00:00   5.2575e-01   1.1450e+02   9.4938e+00   0.0000e+00   1.7533e-02   2.8935e+02
20251204_16:00:00   5.3706e-01   1.1627e+02   9.6377e+00   0.0000e+00   4.3641e-02   2.9239e+02
20251204_17:00:00   5.4320e-01   1.1720e+02   9.6963e+00   0.0000e+00   9.1803e-02   2.9127e+02
20251204_18:00:00   5.5303e-01   1.1863e+02   9.8888e+00   0.0000e+00   1.3545e-01   2.9506e+02
20251204_19:00:00   5.6986e-01   1.2119e+02   1.0290e+01   0.0000e+00   7.9640e-02   2.9328e+02
20251204_20:00:00   5.8298e-01   1.2314e+02   1.0540e+01   0.0000e+00   8.4139e-02   2.9316e+02
20251204_21:00:00   5.7685e-01   1.2240e+02   1.0484e+01   0.0000e+00   1.9431e-02   2.9070e+02
20251204_22:00:00   5.8873e-01   1.2412e+02   1.0787e+01   0.0000e+00   9.9850e-02   2.9056e+02
20251204_23:00:00   5.9711e-01   1.2525e+02   1.1015e+01   0.0000e+00   7.4696e-02   2.9412e+02
20251205_00:00:00   5.9116e-01   1.2438e+02   1.0901e+01   0.0000e+00   1.0201e-01   2.9822e+02
20251205_01:00:00   6.1505e-01   1.2799e+02   1.1357e+01   0.0000e+00   9.3121e-02   3.0178e+02
20251205_02:00:00   7.0331e-01   1.4034e+02   1.2851e+01   0.0000e+00   1.4389e-01   3.0669e+02
20251205_03:00:00   7.6248e-01   1.4815e+02   1.3651e+01   0.0000e+00   1.1798e-01   3.1210e+02
20251205_04:00:00   7.7814e-01   1.5041e+02   1.3804e+01   0.0000e+00   2.2391e-02   3.2051e+02
20251205_05:00:00   8.3922e-01   1.5751e+02   1.4832e+01   0.0000e+00   3.2278e-02   3.2433e+02
20251205_06:00:00   8.9199e-01   1.6335e+02   1.5676e+01   0.0000e+00   6.2094e-02   3.2359e+02
20251205_07:00:00   9.4254e-01   1.6875e+02   1.6061e+01   9.2459e-03   1.5354e-01   3.2718e+02
20251205_08:00:00   1.1840e+00   1.9161e+02   1.6275e+01   9.6692e-02   2.1189e-01   3.3086e+02
20251205_09:00:00   9.6615e-01   1.7166e+02   1.5698e+01   2.2122e-02   8.2996e-02   3.3246e+02
20251205_10:00:00   8.8917e-01   1.6330e+02   1.5416e+01   3.9359e-04   4.0425e-02   3.3328e+02
20251205_11:00:00   8.2405e-01   1.5600e+02   1.4268e+01   1.3300e-04   7.2180e-02   3.3080e+02
20251205_12:00:00   7.6834e-01   1.4930e+02   1.3294e+01   0.0000e+00   3.2660e-03   3.2979e+02
20251205_13:00:00   7.5324e-01   1.4750e+02   1.2888e+01   0.0000e+00   0.0000e+00   3.3115e+02
20251205_14:00:00   7.2946e-01   1.4445e+02   1.2512e+01   0.0000e+00   7.2719e-05   3.3402e+02
20251205_15:00:00   7.3336e-01   1.4479e+02   1.2737e+01   0.0000e+00   2.9560e-02   3.3544e+02
20251205_16:00:00   7.3711e-01   1.4553e+02   1.2770e+01   0.0000e+00   1.7616e-02   3.3644e+02
20251205_17:00:00   7.6869e-01   1.4963e+02   1.3201e+01   0.0000e+00   3.9283e-03   3.3724e+02
20251205_18:00:00   7.2136e-01   1.4389e+02   1.2499e+01   0.0000e+00   6.5142e-03   3.3572e+02
20251205_19:00:00   7.2947e-01   1.4496e+02   1.2573e+01   0.0000e+00   1.1243e-03   3.2980e+02
20251205_20:00:00   6.9334e-01   1.4018e+02   1.2062e+01   0.0000e+00   1.1939e-02   3.1871e+02
20251205_21:00:00   7.0761e-01   1.4237e+02   1.2207e+01   2.1880e-04   1.7594e-03   3.1135e+02
20251205_22:00:00   7.2749e-01   1.4508e+02   1.2477e+01   5.8946e-04   2.0158e-02   3.0506e+02
20251205_23:00:00   7.3535e-01   1.4613e+02   1.2408e+01   4.9440e-03   4.9720e-03   3.0203e+02
20251206_00:00:00   7.2134e-01   1.4421e+02   1.2137e+01   6.1360e-03   3.0612e-02   3.0101e+02
20251206_01:00:00   6.6384e-01   1.3640e+02   1.1459e+01   0.0000e+00   1.1460e-01   2.9903e+02
20251206_02:00:00   6.4657e-01   1.3394e+02   1.1130e+01   0.0000e+00   5.9069e-02   2.9834e+02
20251206_03:00:00   5.5977e-01   1.2095e+02   9.8065e+00   0.0000e+00   2.1534e-02   2.9905e+02
20251206_04:00:00   5.2569e-01   1.1554e+02   9.2479e+00   0.0000e+00   4.1660e-02   2.9915e+02
20251206_05:00:00   4.7874e-01   1.0778e+02   8.4708e+00   0.0000e+00   1.4918e-02   2.9867e+02
20251206_06:00:00   4.6120e-01   1.0469e+02   8.1842e+00   0.0000e+00   2.1008e-02   2.9963e+02
20251206_07:00:00   4.1555e-01   9.6773e+01   7.4259e+00   0.0000e+00   5.6960e-03   3.0114e+02
20251206_08:00:00   3.6712e-01   8.7982e+01   6.5518e+00   0.0000e+00   2.0736e-03   3.0059e+02
20251206_09:00:00   3.2227e-01   7.9340e+01   5.8412e+00   0.0000e+00   2.0693e-04   2.9936e+02
20251206_10:00:00   2.9970e-01   7.4809e+01   5.5002e+00   0.0000e+00   0.0000e+00   3.0227e+02
20251206_11:00:00   2.7743e-01   7.0338e+01   5.0857e+00   0.0000e+00   0.0000e+00   3.0328e+02
20251206_12:00:00   2.6077e-01   6.7100e+01   4.6909e+00   0.0000e+00   0.0000e+00   3.0355e+02
20251206_13:00:00   2.5345e-01   6.5601e+01   4.5701e+00   0.0000e+00   0.0000e+00   3.0314e+02
20251206_14:00:00   2.6457e-01   6.7903e+01   4.8016e+00   0.0000e+00   0.0000e+00   3.0258e+02
20251206_15:00:00   2.7127e-01   6.9341e+01   4.9468e+00   0.0000e+00   0.0000e+00   3.0014e+02
20251206_16:00:00   2.6594e-01   6.8379e+01   4.8732e+00   0.0000e+00   0.0000e+00   2.9807e+02
20251206_17:00:00   2.6541e-01   6.8352e+01   4.8870e+00   0.0000e+00   0.0000e+00   2.9473e+02
20251206_18:00:00   2.7503e-01   7.0397e+01   5.0645e+00   0.0000e+00   0.0000e+00   2.9373e+02
20251206_19:00:00   2.8164e-01   7.1807e+01   5.1830e+00   0.0000e+00   0.0000e+00   2.9292e+02
20251206_20:00:00   3.0115e-01   7.5868e+01   5.5184e+00   0.0000e+00   0.0000e+00   2.9184e+02
20251206_21:00:00   3.0796e-01   7.7276e+01   5.6818e+00   0.0000e+00   0.0000e+00   2.9120e+02
20251206_22:00:00   3.0959e-01   7.7548e+01   5.7642e+00   0.0000e+00   0.0000e+00   2.9092e+02
20251206_23:00:00   3.0573e-01   7.6627e+01   5.7807e+00   0.0000e+00   0.0000e+00   2.8891e+02
20251207_00:00:00   3.1727e-01   7.8690e+01   6.0927e+00   0.0000e+00   0.0000e+00   2.8746e+02
20251207_01:00:00   3.4312e-01   8.3679e+01   6.6135e+00   0.0000e+00   0.0000e+00   2.8605e+02
20251207_02:00:00   3.7419e-01   8.9516e+01   7.2429e+00   0.0000e+00   0.0000e+00   2.8429e+02
20251207_03:00:00   3.9570e-01   9.3351e+01   7.7139e+00   0.0000e+00   0.0000e+00   2.8171e+02
20251207_04:00:00   4.0001e-01   9.4064e+01   7.8235e+00   0.0000e+00   0.0000e+00   2.8085e+02
20251207_05:00:00   4.0588e-01   9.5282e+01   7.9053e+00   0.0000e+00   0.0000e+00   2.8013e+02
20251207_06:00:00   4.1597e-01   9.7312e+01   7.9856e+00   0.0000e+00   0.0000e+00   2.8035e+02
20251207_07:00:00   4.2331e-01   9.8646e+01   8.0973e+00   0.0000e+00   0.0000e+00   2.7980e+02
20251207_08:00:00   4.2089e-01   9.8248e+01   8.0176e+00   0.0000e+00   0.0000e+00   2.7884e+02
20251207_09:00:00   4.2002e-01   9.8141e+01   7.9475e+00   0.0000e+00   0.0000e+00   2.7898e+02
20251207_10:00:00   4.2621e-01   9.9254e+01   8.0190e+00   0.0000e+00   0.0000e+00   2.7956e+02
20251207_11:00:00   4.3272e-01   1.0036e+02   8.0687e+00   0.0000e+00   0.0000e+00   2.8056e+02
20251207_12:00:00   4.4793e-01   1.0295e+02   8.3126e+00   0.0000e+00   0.0000e+00   2.8021e+02
20251207_13:00:00   4.6010e-01   1.0507e+02   8.4241e+00   0.0000e+00   0.0000e+00   2.7858e+02
20251207_14:00:00   4.6120e-01   1.0523e+02   8.3370e+00   0.0000e+00   0.0000e+00   2.7719e+02
20251207_15:00:00   4.6215e-01   1.0525e+02   8.2814e+00   0.0000e+00   0.0000e+00   2.7710e+02
20251207_16:00:00   4.6397e-01   1.0545e+02   8.2444e+00   0.0000e+00   0.0000e+00   2.7762e+02
20251207_17:00:00   4.5959e-01   1.0472e+02   8.1140e+00   0.0000e+00   0.0000e+00   2.7715e+02
20251207_18:00:00   4.6067e-01   1.0498e+02   8.0642e+00   0.0000e+00   0.0000e+00   2.7858e+02
20251207_19:00:00   4.5593e-01   1.0423e+02   7.8964e+00   0.0000e+00   0.0000e+00   2.7926e+02
20251207_20:00:00   4.4139e-01   1.0178e+02   7.6331e+00   0.0000e+00   0.0000e+00   2.8002e+02
20251207_21:00:00   4.1930e-01   9.7877e+01   7.2577e+00   0.0000e+00   0.0000e+00   2.8137e+02
20251207_22:00:00   3.9185e-01   9.2842e+01   6.7923e+00   0.0000e+00   0.0000e+00   2.8190e+02
20251207_23:00:00   3.5996e-01   8.6765e+01   6.2804e+00   0.0000e+00   0.0000e+00   2.7959e+02
20251208_00:00:00   3.3374e-01   8.1652e+01   5.8584e+00   0.0000e+00   0.0000e+00   2.7634e+02
20251208_01:00:00   3.2193e-01   7.9292e+01   5.6660e+00   0.0000e+00   0.0000e+00   2.7393e+02
20251208_02:00:00   3.1274e-01   7.7484e+01   5.5048e+00   0.0000e+00   0.0000e+00   2.7257e+02
20251208_03:00:00   3.1489e-01   7.7891e+01   5.5617e+00   0.0000e+00   0.0000e+00   2.7199e+02
20251208_04:00:00   3.2097e-01   7.9112e+01   5.7035e+00   0.0000e+00   0.0000e+00   2.7225e+02
20251208_05:00:00   3.2527e-01   8.0027e+01   5.7865e+00   0.0000e+00   0.0000e+00   2.7253e+02
20251208_06:00:00   3.2958e-01   8.0879e+01   5.8641e+00   0.0000e+00   0.0000e+00   2.7256e+02
20251208_07:00:00   3.2621e-01   8.0207e+01   5.8164e+00   0.0000e+00   0.0000e+00   2.7348e+02
20251208_08:00:00   3.1375e-01   7.7698e+01   5.6433e+00   0.0000e+00   0.0000e+00   2.7432e+02
20251208_09:00:00   2.9806e-01   7.4558e+01   5.3921e+00   0.0000e+00   0.0000e+00   2.7544e+02
20251208_10:00:00   2.8564e-01   7.2087e+01   5.1865e+00   0.0000e+00   0.0000e+00   2.7657e+02
20251208_11:00:00   2.7779e-01   7.0483e+01   5.0635e+00   0.0000e+00   0.0000e+00   2.7645e+02
20251208_12:00:00   2.7765e-01   7.0449e+01   5.0778e+00   0.0000e+00   0.0000e+00   2.7514e+02
20251208_13:00:00   2.8326e-01   7.1608e+01   5.1963e+00   0.0000e+00   0.0000e+00   2.7404e+02
20251208_14:00:00   2.9344e-01   7.3740e+01   5.3850e+00   0.0000e+00   0.0000e+00   2.7399e+02
20251208_15:00:00   3.0626e-01   7.6403e+01   5.6118e+00   0.0000e+00   0.0000e+00   2.7489e+02
20251208_16:00:00   3.2440e-01   8.0112e+01   5.9594e+00   0.0000e+00   0.0000e+00   2.7554e+02
20251208_17:00:00   3.4642e-01   8.4497e+01   6.3777e+00   0.0000e+00   0.0000e+00   2.7679e+02
20251208_18:00:00   3.6792e-01   8.8688e+01   6.7843e+00   0.0000e+00   0.0000e+00   2.7933e+02
20251208_19:00:00   3.8769e-01   9.2438e+01   7.2047e+00   0.0000e+00   0.0000e+00   2.8100e+02
20251208_20:00:00   4.0772e-01   9.6172e+01   7.6448e+00   0.0000e+00   0.0000e+00   2.8057e+02
20251208_21:00:00   4.1694e-01   9.7840e+01   7.8591e+00   0.0000e+00   0.0000e+00   2.8064e+02
20251208_22:00:00   4.1500e-01   9.7379e+01   7.8504e+00   0.0000e+00   0.0000e+00   2.8128e+02
20251208_23:00:00   4.0356e-01   9.5159e+01   7.6534e+00   0.0000e+00   0.0000e+00   2.8139e+02
20251209_00:00:00   4.0033e-01   9.4425e+01   7.5843e+00   0.0000e+00   0.0000e+00   2.8122e+02
20251209_01:00:00   4.0973e-01   9.6193e+01   7.6460e+00   0.0000e+00   0.0000e+00   2.7998e+02
20251209_02:00:00   4.0451e-01   9.5350e+01   7.4645e+00   0.0000e+00   0.0000e+00   2.7965e+02
20251209_03:00:00   4.1618e-01   9.7377e+01   7.6458e+00   0.0000e+00   0.0000e+00   2.8298e+02
20251209_04:00:00   4.2997e-01   9.9793e+01   7.8099e+00   0.0000e+00   0.0000e+00   2.9244e+02
20251209_05:00:00   4.2599e-01   9.9036e+01   7.6547e+00   0.0000e+00   0.0000e+00   3.0030e+02
20251209_06:00:00   3.9379e-01   9.3392e+01   6.9959e+00   0.0000e+00   0.0000e+00   3.0695e+02
20251209_09:00:00   2.8951e-01   7.3492e+01   4.9567e+00   0.0000e+00   0.0000e+00   3.0183e+02
20251209_12:00:00   2.5423e-01   6.5950e+01   4.4356e+00   0.0000e+00   0.0000e+00   2.9496e+02
20251209_15:00:00   2.0975e-01   5.6211e+01   3.7781e+00   0.0000e+00   0.0000e+00   2.9513e+02
20251209_18:00:00   2.0499e-01   5.5364e+01   3.8520e+00   0.0000e+00   0.0000e+00   2.9490e+02
20251209_21:00:00   2.6796e-01   6.9223e+01   5.2454e+00   0.0000e+00   0.0000e+00   2.9421e+02
20251210_00:00:00   2.9752e-01   7.5594e+01   5.9101e+00   0.0000e+00   0.0000e+00   2.9008e+02
20251210_03:00:00   3.6658e-01   8.9246e+01   7.3638e+00   0.0000e+00   0.0000e+00   2.9341e+02
20251210_06:00:00   4.2051e-01   9.9321e+01   8.3948e+00   0.0000e+00   0.0000e+00   2.8892e+02
20251210_09:00:00   4.2410e-01   9.9826e+01   8.4490e+00   0.0000e+00   0.0000e+00   2.8077e+02
20251210_12:00:00   3.7383e-01   9.0696e+01   7.3777e+00   0.0000e+00   0.0000e+00   2.7568e+02
20251210_15:00:00   3.4037e-01   8.4397e+01   6.6431e+00   0.0000e+00   2.6363e-04   2.7652e+02
20251210_18:00:00   3.0404e-01   7.7646e+01   5.9181e+00   0.0000e+00   0.0000e+00   2.8117e+02
20251210_21:00:00   2.8071e-01   7.3128e+01   5.5287e+00   0.0000e+00   0.0000e+00   2.8328e+02
20251211_00:00:00   2.8569e-01   7.4231e+01   5.6465e+00   0.0000e+00   0.0000e+00   2.8619e+02
20251211_03:00:00   2.8354e-01   7.3731e+01   5.6281e+00   0.0000e+00   0.0000e+00   2.8866e+02
20251211_06:00:00   3.3944e-01   8.5246e+01   6.6621e+00   0.0000e+00   0.0000e+00   2.8863e+02
20251211_09:00:00   3.6350e-01   8.9955e+01   7.0931e+00   0.0000e+00   0.0000e+00   2.8461e+02
20251211_12:00:00   3.7155e-01   9.1459e+01   7.2150e+00   0.0000e+00   0.0000e+00   2.8296e+02
20251211_15:00:00   3.5122e-01   8.7456e+01   6.8553e+00   0.0000e+00   0.0000e+00   2.8091e+02
20251211_18:00:00   3.4939e-01   8.7232e+01   6.8133e+00   0.0000e+00   0.0000e+00   2.8152e+02
20251211_21:00:00   3.4309e-01   8.6006e+01   6.7313e+00   0.0000e+00   0.0000e+00   2.8334e+02
20251212_00:00:00   3.4402e-01   8.5942e+01   6.7389e+00   0.0000e+00   0.0000e+00   2.8189e+02
20251212_03:00:00   3.3250e-01   8.3548e+01   6.4942e+00   0.0000e+00   1.2472e-04   2.7944e+02
20251212_06:00:00   3.0956e-01   7.8579e+01   6.0677e+00   0.0000e+00   2.3922e-03   2.7914e+02
20251212_09:00:00   2.9033e-01   7.4184e+01   5.8205e+00   0.0000e+00   4.0730e-04   2.7757e+02
20251212_12:00:00   3.1123e-01   7.7972e+01   6.3381e+00   0.0000e+00   0.0000e+00   2.7594e+02
20251212_15:00:00   3.8601e-01   9.2328e+01   7.8019e+00   0.0000e+00   4.4489e-03   2.7555e+02
20251212_18:00:00   4.6963e-01   1.0741e+02   9.3707e+00   0.0000e+00   5.3573e-02   2.7394e+02
20251212_21:00:00   5.1055e-01   1.1419e+02   1.0166e+01   0.0000e+00   7.3479e-03   2.7476e+02
20251213_00:00:00   4.6868e-01   1.0747e+02   9.2569e+00   0.0000e+00   3.2101e-03   2.7676e+02
20251213_03:00:00   4.3419e-01   1.0159e+02   8.5380e+00   0.0000e+00   0.0000e+00   2.7473e+02
20251213_06:00:00   3.6561e-01   8.9248e+01   7.1259e+00   0.0000e+00   0.0000e+00   2.7535e+02
20251213_09:00:00   3.3289e-01   8.3200e+01   6.3711e+00   0.0000e+00   4.9088e-04   2.7198e+02
20251213_12:00:00   3.6051e-01   8.8469e+01   6.8973e+00   0.0000e+00   1.5014e-03   2.7190e+02
20251213_15:00:00   3.8420e-01   9.2771e+01   7.4037e+00   0.0000e+00   3.4023e-04   2.7156e+02
20251213_18:00:00   4.1579e-01   9.8530e+01   8.0558e+00   0.0000e+00   4.2289e-03   2.7394e+02
20251213_21:00:00   3.9693e-01   9.5137e+01   7.7191e+00   0.0000e+00   3.3808e-03   2.7392e+02
20251214_00:00:00   3.7254e-01   9.0311e+01   7.2494e+00   0.0000e+00   2.7933e-03   2.6911e+02
20251214_03:00:00   3.0439e-01   7.6753e+01   5.9833e+00   0.0000e+00   1.0841e-02   2.7063e+02
20251214_06:00:00   3.2220e-01   7.9549e+01   6.5446e+00   0.0000e+00   1.0888e-02   2.7042e+02
20251214_09:00:00   3.5546e-01   8.5861e+01   7.2309e+00   0.0000e+00   9.4835e-03   2.7128e+02
20251214_12:00:00   4.1803e-01   9.7482e+01   8.4050e+00   0.0000e+00   4.4666e-02   2.7548e+02
20251214_15:00:00   4.2648e-01   9.9070e+01   8.5409e+00   0.0000e+00   4.7517e-03   2.7373e+02
20251214_18:00:00   4.2607e-01   9.9626e+01   8.4484e+00   0.0000e+00   3.0107e-04   2.7547e+02
20251214_21:00:00   3.9443e-01   9.4856e+01   7.5625e+00   0.0000e+00   0.0000e+00   2.7526e+02
20251215_00:00:00   3.8084e-01   9.2427e+01   7.2139e+00   0.0000e+00   1.2146e-06   2.6554e+02
20251215_03:00:00   3.7021e-01   9.0334e+01   6.9326e+00   0.0000e+00   2.4180e-04   2.6729e+02
20251215_06:00:00   3.5164e-01   8.6777e+01   6.5145e+00   0.0000e+00   6.3679e-05   2.7231e+02
20251215_09:00:00   4.0109e-01   9.6229e+01   7.2795e+00   0.0000e+00   3.5796e-03   2.7289e+02
20251215_12:00:00   4.8043e-01   1.0997e+02   8.3592e+00   0.0000e+00   3.2015e-04   2.7145e+02
20251215_15:00:00   5.6091e-01   1.2260e+02   9.4145e+00   9.7990e-05   1.3679e-04   2.6837e+02
20251215_18:00:00   6.1816e-01   1.3097e+02   9.9700e+00   4.9880e-03   1.2224e-03   2.6869e+02
20251215_21:00:00   6.4899e-01   1.3509e+02   1.0412e+01   9.5026e-03   5.2831e-03   2.5539e+02
20251216_00:00:00   6.5168e-01   1.3454e+02   1.1336e+01   8.5820e-06   1.1972e-02   2.5288e+02
20251216_03:00:00   7.4455e-01   1.4656e+02   1.3010e+01   0.0000e+00   9.4752e-02   2.5502e+02
20251216_06:00:00   7.8707e-01   1.5190e+02   1.3586e+01   0.0000e+00   4.1240e-02   2.5896e+02
20251216_09:00:00   8.4549e-01   1.5809e+02   1.4707e+01   0.0000e+00   1.3369e-01   2.6519e+02
20251216_12:00:00   9.5315e-01   1.6976e+02   1.6346e+01   2.8520e-04   2.4288e-01   2.6828e+02
20251216_15:00:00   9.6181e-01   1.7069e+02   1.6439e+01   0.0000e+00   6.8208e-02   2.7474e+02
20251216_18:00:00   9.0371e-01   1.6539e+02   1.5378e+01   0.0000e+00   1.7358e-05   2.7884e+02
20251216_21:00:00   8.4938e-01   1.5989e+02   1.4561e+01   0.0000e+00   0.0000e+00   2.7871e+02
20251217_00:00:00   8.0085e-01   1.5441e+02   1.3727e+01   0.0000e+00   0.0000e+00   2.7691e+02
20251217_03:00:00   7.5149e-01   1.4854e+02   1.2883e+01   0.0000e+00   0.0000e+00   2.7211e+02
20251217_06:00:00   7.6628e-01   1.5058e+02   1.3049e+01   0.0000e+00   0.0000e+00   2.6804e+02
20251217_09:00:00   7.5659e-01   1.4953e+02   1.2869e+01   0.0000e+00   0.0000e+00   2.6702e+02
20251217_12:00:00   6.8859e-01   1.4088e+02   1.1692e+01   0.0000e+00   0.0000e+00   2.6670e+02
20251217_15:00:00   6.4674e-01   1.3524e+02   1.0875e+01   0.0000e+00   0.0000e+00   2.6705e+02
20251217_18:00:00   6.2876e-01   1.3334e+02   1.0456e+01   0.0000e+00   0.0000e+00   2.6872e+02
20251217_21:00:00   5.9278e-01   1.2871e+02   9.8934e+00   0.0000e+00   0.0000e+00   2.6320e+02
20251218_00:00:00   6.3502e-01   1.3478e+02   1.0368e+01   0.0000e+00   0.0000e+00   2.6520e+02
20251218_03:00:00   5.7008e-01   1.2484e+02   9.3025e+00   0.0000e+00   0.0000e+00   2.7016e+02
20251218_06:00:00   4.9263e-01   1.1227e+02   8.1462e+00   0.0000e+00   0.0000e+00   2.7257e+02
20251218_09:00:00   4.6396e-01   1.0713e+02   7.6948e+00   0.0000e+00   0.0000e+00   2.6934e+02
20251218_12:00:00   4.3915e-01   1.0242e+02   7.3960e+00   0.0000e+00   0.0000e+00   2.6529e+02
20251218_15:00:00   4.9527e-01   1.1140e+02   8.5138e+00   0.0000e+00   0.0000e+00   2.6318e+02
20251218_18:00:00   5.5872e-01   1.2196e+02   9.7391e+00   0.0000e+00   0.0000e+00   2.6365e+02
20251218_21:00:00   5.9024e-01   1.2737e+02   1.0582e+01   0.0000e+00   0.0000e+00   2.6168e+02
20251219_00:00:00   5.3489e-01   1.1848e+02   9.8528e+00   0.0000e+00   0.0000e+00   2.6115e+02
20251219_03:00:00   6.0351e-01   1.2879e+02   1.1246e+01   0.0000e+00   0.0000e+00   2.6495e+02
20251219_06:00:00   6.3285e-01   1.3298e+02   1.1919e+01   0.0000e+00   0.0000e+00   2.6793e+02
20251219_09:00:00   6.4290e-01   1.3465e+02   1.2072e+01   0.0000e+00   0.0000e+00   2.7035e+02
20251219_12:00:00   6.1201e-01   1.3041e+02   1.1458e+01   0.0000e+00   0.0000e+00   2.7138e+02
20251219_15:00:00   5.6930e-01   1.2395e+02   1.0887e+01   0.0000e+00   0.0000e+00   2.7226e+02
20251219_18:00:00   5.6591e-01   1.2385e+02   1.0840e+01   0.0000e+00   0.0000e+00   2.7516e+02
20251219_21:00:00   5.0075e-01   1.1403e+02   9.5137e+00   0.0000e+00   0.0000e+00   2.7618e+02
20251220_00:00:00   4.2213e-01   1.0024e+02   8.0210e+00   0.0000e+00   9.2060e-04   2.7823e+02
20251220_03:00:00   5.0020e-01   1.1314e+02   9.5767e+00   0.0000e+00   0.0000e+00   2.7884e+02
20251220_06:00:00   5.0916e-01   1.1467e+02   9.5851e+00   0.0000e+00   0.0000e+00   2.8276e+02
