#            date       tau255        Tb[K]      pwv[mm] lwp[kg*m^-2] iwp[kg*m^-2]       o3[DU]
20251205_06:00:00   8.8220e-01   1.6281e+02   1.5149e+01   2.4296e-06   1.7360e-02   3.1674e+02
20251205_07:00:00   1.1186e+00   1.8642e+02   1.6011e+01   7.5011e-02   1.2196e-02   3.2083e+02
20251205_08:00:00   9.4981e-01   1.7021e+02   1.5156e+01   2.6866e-02   3.6264e-02   3.2673e+02
20251205_09:00:00   8.7460e-01   1.6216e+02   1.4924e+01   2.4861e-04   2.8358e-02   3.3039e+02
20251205_10:00:00   8.9341e-01   1.6440e+02   1.5093e+01   0.0000e+00   1.4030e-02   3.2981e+02
20251205_11:00:00   8.8539e-01   1.6356e+02   1.5006e+01   0.0000e+00   3.4947e-02   3.3188e+02
20251205_12:00:00   8.6074e-01   1.6070e+02   1.4671e+01   0.0000e+00   1.1458e-02   3.3339e+02
20251205_13:00:00   8.3084e-01   1.5732e+02   1.4149e+01   0.0000e+00   2.0721e-02   3.3161e+02
20251205_14:00:00   7.8170e-01   1.5135e+02   1.3369e+01   0.0000e+00   3.1573e-02   3.2768e+02
20251205_15:00:00   7.3924e-01   1.4602e+02   1.2793e+01   0.0000e+00   1.3034e-02   3.2651e+02
20251205_16:00:00   6.9408e-01   1.4017e+02   1.2047e+01   0.0000e+00   1.6034e-02   3.2319e+02
20251205_17:00:00   6.7918e-01   1.3825e+02   1.1817e+01   0.0000e+00   2.0677e-02   3.1989e+02
20251205_18:00:00   6.7975e-01   1.3845e+02   1.1922e+01   0.0000e+00   4.5533e-02   3.1267e+02
20251205_19:00:00   7.2772e-01   1.4492e+02   1.2686e+01   0.0000e+00   2.6880e-02   3.0845e+02
20251205_20:00:00   7.1670e-01   1.4332e+02   1.2593e+01   0.0000e+00   2.7550e-02   3.0660e+02
20251205_21:00:00   7.0292e-01   1.4157e+02   1.2340e+01   0.0000e+00   1.1974e-02   3.0117e+02
20251205_22:00:00   6.9585e-01   1.4089e+02   1.2185e+01   0.0000e+00   3.6367e-02   2.9963e+02
20251205_23:00:00   6.0016e-01   1.2749e+02   1.0563e+01   0.0000e+00   1.2628e-02   2.9926e+02
20251206_00:00:00   5.4817e-01   1.1946e+02   9.6759e+00   0.0000e+00   5.5489e-02   2.9925e+02
20251206_01:00:00   5.2910e-01   1.1645e+02   9.3152e+00   0.0000e+00   3.3913e-02   2.9947e+02
20251206_02:00:00   5.4812e-01   1.1943e+02   9.5736e+00   0.0000e+00   6.4883e-02   2.9977e+02
20251206_03:00:00   5.6389e-01   1.2204e+02   9.6865e+00   0.0000e+00   1.0874e-02   3.0093e+02
20251206_04:00:00   5.7386e-01   1.2354e+02   9.8581e+00   0.0000e+00   2.4901e-03   2.9951e+02
20251206_05:00:00   5.1165e-01   1.1366e+02   8.8747e+00   0.0000e+00   1.4738e-04   3.0044e+02
20251206_06:00:00   4.6573e-01   1.0581e+02   8.2140e+00   0.0000e+00   1.3970e-02   2.9888e+02
20251206_07:00:00   4.1465e-01   9.6845e+01   7.4674e+00   0.0000e+00   2.4322e-02   2.9927e+02
20251206_08:00:00   3.6316e-01   8.7465e+01   6.5926e+00   0.0000e+00   2.2760e-05   2.9922e+02
20251206_09:00:00   3.4094e-01   8.2974e+01   6.2932e+00   0.0000e+00   1.0348e-05   2.9844e+02
20251206_10:00:00   3.0067e-01   7.5017e+01   5.5681e+00   0.0000e+00   0.0000e+00   2.9829e+02
20251206_11:00:00   2.6869e-01   6.8508e+01   5.0084e+00   0.0000e+00   0.0000e+00   2.9840e+02
20251206_12:00:00   2.5902e-01   6.6612e+01   4.7982e+00   0.0000e+00   0.0000e+00   2.9822e+02
20251206_13:00:00   2.4690e-01   6.4240e+01   4.5306e+00   0.0000e+00   0.0000e+00   3.0027e+02
20251206_14:00:00   2.3907e-01   6.2744e+01   4.3229e+00   0.0000e+00   0.0000e+00   3.0170e+02
20251206_15:00:00   2.4501e-01   6.4174e+01   4.3806e+00   0.0000e+00   0.0000e+00   3.0197e+02
20251206_16:00:00   2.7863e-01   7.1367e+01   4.9289e+00   0.0000e+00   0.0000e+00   3.0304e+02
20251206_17:00:00   2.8940e-01   7.3693e+01   5.1225e+00   0.0000e+00   0.0000e+00   3.0269e+02
20251206_18:00:00   3.1975e-01   7.9901e+01   5.6248e+00   0.0000e+00   0.0000e+00   3.0183e+02
20251206_19:00:00   3.3125e-01   8.2262e+01   5.8391e+00   0.0000e+00   0.0000e+00   2.9908e+02
20251206_20:00:00   3.3978e-01   8.4061e+01   6.0004e+00   0.0000e+00   0.0000e+00   2.9695e+02
20251206_21:00:00   3.5179e-01   8.6436e+01   6.2400e+00   0.0000e+00   0.0000e+00   2.9548e+02
20251206_22:00:00   3.4997e-01   8.6006e+01   6.3160e+00   0.0000e+00   0.0000e+00   2.9228e+02
20251206_23:00:00   3.4772e-01   8.5362e+01   6.4151e+00   0.0000e+00   0.0000e+00   2.9121e+02
20251207_00:00:00   3.6071e-01   8.7485e+01   6.8029e+00   0.0000e+00   0.0000e+00   2.8985e+02
20251207_01:00:00   3.8080e-01   9.0984e+01   7.3081e+00   0.0000e+00   0.0000e+00   2.8834e+02
20251207_02:00:00   4.1445e-01   9.7163e+01   7.9285e+00   0.0000e+00   0.0000e+00   2.8735e+02
20251207_03:00:00   4.4348e-01   1.0229e+02   8.4893e+00   0.0000e+00   0.0000e+00   2.8719e+02
20251207_04:00:00   4.3375e-01   1.0046e+02   8.3878e+00   0.0000e+00   0.0000e+00   2.8792e+02
20251207_05:00:00   4.4114e-01   1.0179e+02   8.5525e+00   0.0000e+00   0.0000e+00   2.8781e+02
20251207_06:00:00   4.4589e-01   1.0253e+02   8.6036e+00   0.0000e+00   0.0000e+00   2.8873e+02
20251207_07:00:00   4.5426e-01   1.0396e+02   8.7307e+00   0.0000e+00   0.0000e+00   2.8698e+02
20251207_08:00:00   4.6576e-01   1.0598e+02   8.7957e+00   0.0000e+00   0.0000e+00   2.8620e+02
20251207_09:00:00   4.6161e-01   1.0535e+02   8.6374e+00   0.0000e+00   0.0000e+00   2.8372e+02
20251207_10:00:00   4.6723e-01   1.0633e+02   8.6594e+00   0.0000e+00   0.0000e+00   2.8242e+02
20251207_11:00:00   4.7367e-01   1.0735e+02   8.7217e+00   0.0000e+00   0.0000e+00   2.8044e+02
20251207_12:00:00   4.7916e-01   1.0822e+02   8.7841e+00   0.0000e+00   0.0000e+00   2.7880e+02
20251207_13:00:00   4.7913e-01   1.0816e+02   8.7542e+00   0.0000e+00   0.0000e+00   2.7772e+02
20251207_14:00:00   4.7211e-01   1.0693e+02   8.6278e+00   0.0000e+00   0.0000e+00   2.7595e+02
20251207_15:00:00   4.7114e-01   1.0666e+02   8.5901e+00   0.0000e+00   0.0000e+00   2.7417e+02
20251207_16:00:00   4.7879e-01   1.0788e+02   8.6913e+00   0.0000e+00   0.0000e+00   2.7452e+02
20251207_17:00:00   4.8188e-01   1.0842e+02   8.7037e+00   0.0000e+00   0.0000e+00   2.7419e+02
20251207_18:00:00   4.8313e-01   1.0875e+02   8.6993e+00   0.0000e+00   0.0000e+00   2.7474e+02
20251207_19:00:00   4.7761e-01   1.0798e+02   8.6173e+00   0.0000e+00   0.0000e+00   2.7511e+02
20251207_20:00:00   4.6814e-01   1.0660e+02   8.4790e+00   0.0000e+00   0.0000e+00   2.7568e+02
20251207_21:00:00   4.5576e-01   1.0463e+02   8.2519e+00   0.0000e+00   0.0000e+00   2.7548e+02
20251207_22:00:00   4.3770e-01   1.0157e+02   7.9166e+00   0.0000e+00   0.0000e+00   2.7493e+02
20251207_23:00:00   4.1392e-01   9.7377e+01   7.4715e+00   0.0000e+00   0.0000e+00   2.7321e+02
20251208_00:00:00   3.9799e-01   9.4382e+01   7.1534e+00   0.0000e+00   0.0000e+00   2.7136e+02
20251208_01:00:00   3.8126e-01   9.1198e+01   6.8612e+00   0.0000e+00   0.0000e+00   2.7074e+02
20251208_02:00:00   3.7776e-01   9.0506e+01   6.8123e+00   0.0000e+00   0.0000e+00   2.6908e+02
20251208_03:00:00   3.7092e-01   8.9265e+01   6.6882e+00   0.0000e+00   0.0000e+00   2.6905e+02
20251208_04:00:00   3.6839e-01   8.8833e+01   6.6326e+00   0.0000e+00   0.0000e+00   2.6794e+02
20251208_05:00:00   3.7249e-01   8.9550e+01   6.7125e+00   0.0000e+00   0.0000e+00   2.6773e+02
20251208_06:00:00   3.7478e-01   8.9939e+01   6.7600e+00   0.0000e+00   0.0000e+00   2.6793e+02
20251208_07:00:00   3.6244e-01   8.7593e+01   6.5520e+00   0.0000e+00   0.0000e+00   2.6831e+02
20251208_08:00:00   3.4731e-01   8.4662e+01   6.3075e+00   0.0000e+00   0.0000e+00   2.6905e+02
20251208_09:00:00   3.3308e-01   8.1887e+01   6.0783e+00   0.0000e+00   0.0000e+00   2.6999e+02
20251208_10:00:00   3.2719e-01   8.0714e+01   5.9856e+00   0.0000e+00   0.0000e+00   2.7149e+02
20251208_11:00:00   3.1983e-01   7.9224e+01   5.8867e+00   0.0000e+00   0.0000e+00   2.7165e+02
20251208_12:00:00   3.1008e-01   7.7255e+01   5.7468e+00   0.0000e+00   0.0000e+00   2.7111e+02
20251208_13:00:00   3.0139e-01   7.5552e+01   5.5992e+00   0.0000e+00   0.0000e+00   2.7149e+02
20251208_14:00:00   2.9909e-01   7.5140e+01   5.5688e+00   0.0000e+00   0.0000e+00   2.7128e+02
20251208_15:00:00   3.1235e-01   7.7817e+01   5.8296e+00   0.0000e+00   0.0000e+00   2.7080e+02
20251208_16:00:00   3.2897e-01   8.1196e+01   6.1582e+00   0.0000e+00   0.0000e+00   2.7095e+02
20251208_17:00:00   3.4481e-01   8.4433e+01   6.4487e+00   0.0000e+00   0.0000e+00   2.7191e+02
20251208_18:00:00   3.6780e-01   8.8991e+01   6.8460e+00   0.0000e+00   0.0000e+00   2.7441e+02
20251208_19:00:00   3.8299e-01   9.1953e+01   7.1187e+00   0.0000e+00   0.0000e+00   2.7596e+02
20251208_20:00:00   3.9609e-01   9.4427e+01   7.3798e+00   0.0000e+00   0.0000e+00   2.7534e+02
20251208_21:00:00   4.0291e-01   9.5695e+01   7.5353e+00   0.0000e+00   0.0000e+00   2.7385e+02
20251208_22:00:00   4.1201e-01   9.7346e+01   7.7084e+00   0.0000e+00   0.0000e+00   2.7317e+02
20251208_23:00:00   4.0316e-01   9.5778e+01   7.5539e+00   0.0000e+00   0.0000e+00   2.7067e+02
20251209_00:00:00   3.9732e-01   9.4753e+01   7.4174e+00   0.0000e+00   0.0000e+00   2.7095e+02
20251209_01:00:00   3.9186e-01   9.3914e+01   7.2184e+00   0.0000e+00   0.0000e+00   2.7180e+02
20251209_02:00:00   3.7095e-01   9.0206e+01   6.7734e+00   0.0000e+00   0.0000e+00   2.7511e+02
20251209_03:00:00   3.6490e-01   8.9099e+01   6.6339e+00   0.0000e+00   0.0000e+00   2.7684e+02
20251209_04:00:00   3.5110e-01   8.6507e+01   6.3702e+00   0.0000e+00   0.0000e+00   2.7648e+02
20251209_05:00:00   3.4871e-01   8.6044e+01   6.3091e+00   0.0000e+00   0.0000e+00   2.7725e+02
20251209_06:00:00   3.4748e-01   8.5715e+01   6.3211e+00   0.0000e+00   0.0000e+00   2.7795e+02
20251209_07:00:00   3.4643e-01   8.5432e+01   6.3216e+00   0.0000e+00   0.0000e+00   2.7956e+02
20251209_08:00:00   3.5567e-01   8.7070e+01   6.5203e+00   0.0000e+00   0.0000e+00   2.7948e+02
20251209_09:00:00   3.4787e-01   8.5531e+01   6.3963e+00   0.0000e+00   0.0000e+00   2.8057e+02
20251209_10:00:00   3.3626e-01   8.3274e+01   6.2038e+00   0.0000e+00   0.0000e+00   2.8251e+02
20251209_11:00:00   3.3313e-01   8.2584e+01   6.1941e+00   0.0000e+00   0.0000e+00   2.8398e+02
20251209_12:00:00   3.3102e-01   8.2129e+01   6.1930e+00   0.0000e+00   0.0000e+00   2.8732e+02
20251209_13:00:00   3.2697e-01   8.1352e+01   6.1229e+00   0.0000e+00   0.0000e+00   2.8959e+02
20251209_14:00:00   3.2097e-01   8.0191e+01   6.0191e+00   0.0000e+00   0.0000e+00   2.8967e+02
20251209_15:00:00   3.2084e-01   8.0204e+01   6.0130e+00   0.0000e+00   0.0000e+00   2.8997e+02
20251209_16:00:00   3.1890e-01   7.9917e+01   6.0135e+00   0.0000e+00   0.0000e+00   2.9007e+02
20251209_17:00:00   3.1810e-01   7.9902e+01   6.0214e+00   0.0000e+00   0.0000e+00   2.8925e+02
20251209_18:00:00   3.1938e-01   8.0215e+01   6.1049e+00   0.0000e+00   0.0000e+00   2.8807e+02
20251209_19:00:00   3.2827e-01   8.2059e+01   6.3035e+00   0.0000e+00   0.0000e+00   2.8788e+02
20251209_20:00:00   3.3585e-01   8.3634e+01   6.4682e+00   0.0000e+00   0.0000e+00   2.8735e+02
20251209_21:00:00   3.3984e-01   8.4489e+01   6.5600e+00   0.0000e+00   0.0000e+00   2.8659e+02
20251209_22:00:00   3.5463e-01   8.7431e+01   6.8454e+00   0.0000e+00   0.0000e+00   2.8635e+02
20251209_23:00:00   3.5391e-01   8.7378e+01   6.8690e+00   0.0000e+00   0.0000e+00   2.8685e+02
20251210_00:00:00   3.5712e-01   8.7982e+01   6.9422e+00   0.0000e+00   0.0000e+00   2.8633e+02
20251210_01:00:00   3.5980e-01   8.8500e+01   7.0050e+00   0.0000e+00   0.0000e+00   2.8544e+02
20251210_02:00:00   3.5513e-01   8.7614e+01   6.9222e+00   0.0000e+00   0.0000e+00   2.8504e+02
20251210_03:00:00   3.4468e-01   8.5580e+01   6.7414e+00   0.0000e+00   0.0000e+00   2.8718e+02
20251210_04:00:00   3.3582e-01   8.3834e+01   6.5860e+00   0.0000e+00   0.0000e+00   2.9113e+02
20251210_05:00:00   3.2469e-01   8.1639e+01   6.3831e+00   0.0000e+00   0.0000e+00   2.9247e+02
20251210_06:00:00   3.1700e-01   8.0052e+01   6.2528e+00   0.0000e+00   0.0000e+00   2.9188e+02
20251210_09:00:00   3.3197e-01   8.3075e+01   6.5613e+00   0.0000e+00   0.0000e+00   2.8341e+02
20251210_12:00:00   3.4962e-01   8.6705e+01   6.8857e+00   0.0000e+00   1.1032e-03   2.7895e+02
20251210_15:00:00   3.7828e-01   9.2344e+01   7.3775e+00   0.0000e+00   2.7697e-03   2.7716e+02
20251210_18:00:00   3.9041e-01   9.4784e+01   7.5860e+00   0.0000e+00   5.3238e-03   2.8056e+02
20251210_21:00:00   4.2113e-01   1.0045e+02   8.1216e+00   0.0000e+00   9.8510e-03   2.8079e+02
20251211_00:00:00   3.9138e-01   9.4966e+01   7.6886e+00   0.0000e+00   1.9286e-03   2.8210e+02
20251211_03:00:00   4.1427e-01   9.9032e+01   8.1456e+00   0.0000e+00   3.0246e-02   2.8236e+02
20251211_06:00:00   4.1400e-01   9.8747e+01   8.2112e+00   0.0000e+00   3.4962e-02   2.8253e+02
20251211_09:00:00   4.3922e-01   1.0271e+02   8.8517e+00   0.0000e+00   5.1213e-03   2.8541e+02
20251211_12:00:00   4.2749e-01   1.0069e+02   8.5651e+00   0.0000e+00   1.2102e-03   2.8654e+02
20251211_15:00:00   4.1143e-01   9.7695e+01   8.2423e+00   0.0000e+00   0.0000e+00   2.8729e+02
20251211_18:00:00   4.2385e-01   1.0016e+02   8.4334e+00   0.0000e+00   0.0000e+00   2.8783e+02
20251211_21:00:00   4.1498e-01   9.8867e+01   8.2149e+00   0.0000e+00   0.0000e+00   2.8565e+02
20251212_00:00:00   4.0584e-01   9.7088e+01   8.0137e+00   0.0000e+00   0.0000e+00   2.8187e+02
20251212_03:00:00   4.3215e-01   1.0185e+02   8.2966e+00   0.0000e+00   0.0000e+00   2.8100e+02
20251212_06:00:00   4.5179e-01   1.0519e+02   8.3356e+00   0.0000e+00   0.0000e+00   2.7852e+02
20251212_09:00:00   5.2036e-01   1.1594e+02   9.4442e+00   0.0000e+00   0.0000e+00   2.7452e+02
20251212_12:00:00   5.4807e-01   1.1973e+02   9.8213e+00   0.0000e+00   0.0000e+00   2.7605e+02
20251212_15:00:00   5.0745e-01   1.1303e+02   9.2167e+00   0.0000e+00   0.0000e+00   2.7576e+02
20251212_18:00:00   4.8967e-01   1.1037e+02   9.0161e+00   0.0000e+00   0.0000e+00   2.7317e+02
20251212_21:00:00   4.7642e-01   1.0871e+02   8.8177e+00   0.0000e+00   0.0000e+00   2.7788e+02
20251213_00:00:00   4.4994e-01   1.0423e+02   8.4039e+00   0.0000e+00   0.0000e+00   2.7708e+02
20251213_03:00:00   4.0534e-01   9.6208e+01   7.6858e+00   0.0000e+00   0.0000e+00   2.7671e+02
20251213_06:00:00   4.1572e-01   9.8226e+01   7.9243e+00   0.0000e+00   0.0000e+00   2.7702e+02
20251213_09:00:00   4.2519e-01   1.0004e+02   8.0963e+00   0.0000e+00   0.0000e+00   2.7578e+02
20251213_12:00:00   4.1286e-01   9.7893e+01   7.8899e+00   0.0000e+00   0.0000e+00   2.7229e+02
20251213_15:00:00   4.2243e-01   9.9664e+01   8.0789e+00   0.0000e+00   0.0000e+00   2.7092e+02
20251213_18:00:00   3.9837e-01   9.5540e+01   7.6813e+00   0.0000e+00   0.0000e+00   2.7392e+02
20251213_21:00:00   3.9578e-01   9.5473e+01   7.5630e+00   0.0000e+00   0.0000e+00   2.7379e+02
20251214_00:00:00   3.6628e-01   8.9963e+01   6.9387e+00   0.0000e+00   0.0000e+00   2.7726e+02
20251214_03:00:00   3.1529e-01   8.0035e+01   5.9266e+00   0.0000e+00   0.0000e+00   2.8336e+02
20251214_06:00:00   2.7035e-01   7.0567e+01   5.1437e+00   0.0000e+00   6.5400e-06   2.8587e+02
20251214_09:00:00   2.6296e-01   6.8764e+01   5.0804e+00   0.0000e+00   0.0000e+00   2.8327e+02
20251214_12:00:00   2.7357e-01   7.0933e+01   5.3465e+00   0.0000e+00   4.4980e-06   2.7804e+02
20251214_15:00:00   3.1026e-01   7.8624e+01   6.0066e+00   0.0000e+00   1.2990e-04   2.7868e+02
20251214_18:00:00   3.0278e-01   7.6961e+01   5.9608e+00   0.0000e+00   3.5473e-04   2.7561e+02
20251214_21:00:00   2.5750e-01   6.6972e+01   5.1549e+00   0.0000e+00   2.1233e-02   2.7090e+02
20251215_00:00:00   2.6050e-01   6.7080e+01   5.3080e+00   0.0000e+00   1.7450e-02   2.6565e+02
20251215_03:00:00   3.0087e-01   7.5000e+01   6.1332e+00   0.0000e+00   3.1757e-03   2.6561e+02
20251215_06:00:00   3.9023e-01   9.1632e+01   7.3411e+00   0.0000e+00   6.8393e-03   2.6572e+02
20251215_09:00:00   3.5318e-01   8.4460e+01   6.7308e+00   0.0000e+00   6.0286e-04   2.6807e+02
20251215_12:00:00   3.2433e-01   7.9018e+01   6.0723e+00   0.0000e+00   7.8555e-03   2.6827e+02
20251215_15:00:00   2.8163e-01   7.1236e+01   5.0206e+00   0.0000e+00   4.6302e-03   2.6857e+02
20251215_18:00:00   2.4445e-01   6.3910e+01   4.3235e+00   0.0000e+00   5.0270e-03   2.7178e+02
20251215_21:00:00   2.4228e-01   6.3715e+01   4.2413e+00   0.0000e+00   1.8038e-03   2.7046e+02
20251216_00:00:00   2.2318e-01   5.9675e+01   3.9106e+00   0.0000e+00   1.0074e-03   2.6909e+02
20251216_03:00:00   2.2839e-01   6.0558e+01   3.9852e+00   0.0000e+00   7.6380e-04   2.6269e+02
20251216_06:00:00   2.2844e-01   6.0422e+01   3.9938e+00   0.0000e+00   3.4978e-05   2.5660e+02
20251216_09:00:00   2.2030e-01   5.8402e+01   3.8526e+00   0.0000e+00   0.0000e+00   2.4941e+02
20251216_12:00:00   2.1476e-01   5.6700e+01   3.7668e+00   0.0000e+00   0.0000e+00   2.4988e+02
20251216_15:00:00   2.1527e-01   5.6536e+01   3.9026e+00   0.0000e+00   0.0000e+00   2.5494e+02
20251216_18:00:00   2.1180e-01   5.5709e+01   3.8666e+00   0.0000e+00   0.0000e+00   2.5640e+02
20251216_21:00:00   2.1672e-01   5.6888e+01   4.0660e+00   0.0000e+00   0.0000e+00   2.5405e+02
20251217_00:00:00   1.9738e-01   5.2891e+01   3.6182e+00   0.0000e+00   3.6560e-06   2.5107e+02
20251217_03:00:00   1.9663e-01   5.2914e+01   3.6260e+00   0.0000e+00   7.0633e-05   2.4912e+02
20251217_06:00:00   2.0397e-01   5.4703e+01   3.7837e+00   0.0000e+00   1.3582e-03   2.5050e+02
20251217_09:00:00   2.3080e-01   6.0673e+01   4.3062e+00   0.0000e+00   1.9496e-05   2.5251e+02
20251217_12:00:00   2.3648e-01   6.1996e+01   4.4386e+00   0.0000e+00   5.9020e-04   2.5508e+02
20251217_15:00:00   2.5522e-01   6.5866e+01   4.8669e+00   0.0000e+00   8.8408e-04   2.5854e+02
20251217_18:00:00   2.7721e-01   7.0657e+01   5.2759e+00   0.0000e+00   8.6820e-04   2.5441e+02
20251217_21:00:00   2.6462e-01   6.7850e+01   5.1771e+00   0.0000e+00   1.2768e-03   2.5128e+02
20251218_00:00:00   2.8950e-01   7.2166e+01   5.9525e+00   0.0000e+00   3.0048e-02   2.5447e+02
20251218_03:00:00   3.2891e-01   8.0097e+01   6.9735e+00   0.0000e+00   1.5899e-02   2.5962e+02
20251218_06:00:00   3.5306e-01   8.5025e+01   7.4058e+00   0.0000e+00   6.4570e-05   2.5864e+02
20251218_09:00:00   2.7945e-01   7.1049e+01   5.7227e+00   0.0000e+00   3.0080e-05   2.5812e+02
20251218_12:00:00   2.8015e-01   7.1775e+01   5.6815e+00   0.0000e+00   0.0000e+00   2.5724e+02
20251218_15:00:00   2.5715e-01   6.7261e+01   5.2137e+00   0.0000e+00   0.0000e+00   2.5768e+02
20251218_18:00:00   3.0237e-01   7.6936e+01   6.1861e+00   0.0000e+00   0.0000e+00   2.5893e+02
20251218_21:00:00   3.1106e-01   7.8886e+01   6.2913e+00   0.0000e+00   2.5384e-04   2.6380e+02
20251219_00:00:00   3.8443e-01   9.2065e+01   8.0821e+00   0.0000e+00   2.1632e-03   2.6848e+02
20251219_03:00:00   3.3758e-01   8.2449e+01   7.2704e+00   0.0000e+00   8.0927e-03   2.6623e+02
20251219_06:00:00   3.9206e-01   9.2872e+01   8.4016e+00   0.0000e+00   4.9184e-03   2.6027e+02
20251219_09:00:00   4.7802e-01   1.0883e+02   1.0027e+01   0.0000e+00   5.1584e-03   2.5867e+02
20251219_12:00:00   4.9004e-01   1.1110e+02   1.0159e+01   0.0000e+00   7.1032e-03   2.5617e+02
20251219_15:00:00   4.9373e-01   1.1212e+02   1.0058e+01   0.0000e+00   4.1141e-02   2.5417e+02
20251219_18:00:00   5.7414e-01   1.2536e+02   1.1588e+01   0.0000e+00   9.2452e-03   2.5488e+02
20251219_21:00:00   6.7757e-01   1.4036e+02   1.3562e+01   0.0000e+00   3.1705e-03   2.5745e+02
20251220_00:00:00   7.1087e-01   1.4453e+02   1.4018e+01   0.0000e+00   1.1560e-02   2.6112e+02
20251220_03:00:00   6.6544e-01   1.3781e+02   1.3390e+01   0.0000e+00   2.9888e-02   2.5842e+02
20251220_06:00:00   6.5267e-01   1.3556e+02   1.3177e+01   0.0000e+00   1.4057e-02   2.5760e+02
20251220_09:00:00   5.8476e-01   1.2537e+02   1.1764e+01   0.0000e+00   8.0523e-03   2.6057e+02
20251220_12:00:00   5.1521e-01   1.1353e+02   1.0468e+01   0.0000e+00   2.7921e-02   2.6417e+02
20251220_15:00:00   5.6718e-01   1.2108e+02   1.1353e+01   0.0000e+00   3.3562e-02   2.6655e+02
20251220_18:00:00   6.1332e-01   1.2824e+02   1.2081e+01   0.0000e+00   1.4981e-03   2.6637e+02
20251220_21:00:00   6.9768e-01   1.4032e+02   1.3599e+01   0.0000e+00   7.1426e-03   2.6400e+02
20251221_00:00:00   7.7826e-01   1.5038e+02   1.4614e+01   5.6662e-03   7.0098e-02   2.6453e+02
20251221_03:00:00   8.4077e-01   1.5756e+02   1.5838e+01   3.9480e-04   8.1496e-02   2.6461e+02
20251221_06:00:00   9.8232e-01   1.7310e+02   1.7729e+01   0.0000e+00   3.1756e-01   2.6521e+02
