#            date       tau255        Tb[K]      pwv[mm] lwp[kg*m^-2] iwp[kg*m^-2]       o3[DU]
20251205_12:00:00   8.6573e-01   1.6142e+02   1.4654e+01   0.0000e+00   3.2774e-02   3.3451e+02
20251205_13:00:00   8.2159e-01   1.5633e+02   1.3907e+01   0.0000e+00   2.9146e-02   3.3140e+02
20251205_14:00:00   7.5816e-01   1.4844e+02   1.2931e+01   0.0000e+00   3.6818e-02   3.2692e+02
20251205_15:00:00   6.8581e-01   1.3890e+02   1.1901e+01   0.0000e+00   4.0201e-02   3.2673e+02
20251205_16:00:00   6.6630e-01   1.3618e+02   1.1622e+01   0.0000e+00   7.8661e-02   3.2275e+02
20251205_17:00:00   6.2581e-01   1.3051e+02   1.0989e+01   0.0000e+00   6.0543e-02   3.1978e+02
20251205_18:00:00   6.0844e-01   1.2811e+02   1.0777e+01   0.0000e+00   4.4194e-02   3.1361e+02
20251205_19:00:00   6.2763e-01   1.3110e+02   1.1103e+01   0.0000e+00   2.8277e-03   3.1153e+02
20251205_20:00:00   6.7753e-01   1.3814e+02   1.1925e+01   0.0000e+00   3.5443e-03   3.0688e+02
20251205_21:00:00   6.7230e-01   1.3723e+02   1.1933e+01   0.0000e+00   2.2348e-02   3.0024e+02
20251205_22:00:00   6.0752e-01   1.2797e+02   1.0887e+01   0.0000e+00   5.1500e-02   2.9740e+02
20251205_23:00:00   5.6976e-01   1.2263e+02   1.0136e+01   0.0000e+00   4.5890e-02   2.9647e+02
20251206_00:00:00   5.3762e-01   1.1776e+02   9.4978e+00   0.0000e+00   5.5341e-02   2.9601e+02
20251206_01:00:00   5.4990e-01   1.1968e+02   9.6353e+00   0.0000e+00   5.0488e-02   2.9713e+02
20251206_02:00:00   5.7202e-01   1.2328e+02   9.8478e+00   0.0000e+00   3.2055e-02   2.9787e+02
20251206_03:00:00   5.6924e-01   1.2303e+02   9.6536e+00   0.0000e+00   4.7878e-02   2.9940e+02
20251206_04:00:00   5.8296e-01   1.2491e+02   9.9539e+00   0.0000e+00   3.1369e-02   2.9989e+02
20251206_05:00:00   5.1487e-01   1.1416e+02   8.9143e+00   0.0000e+00   3.6243e-02   2.9934e+02
20251206_06:00:00   4.5267e-01   1.0359e+02   8.0083e+00   0.0000e+00   2.6063e-02   2.9743e+02
20251206_07:00:00   4.0254e-01   9.4860e+01   7.1166e+00   0.0000e+00   1.6754e-03   2.9857e+02
20251206_08:00:00   3.3996e-01   8.3034e+01   6.1631e+00   0.0000e+00   4.9958e-03   2.9721e+02
20251206_09:00:00   2.9707e-01   7.4519e+01   5.4011e+00   0.0000e+00   1.1978e-04   2.9751e+02
20251206_10:00:00   2.6168e-01   6.7177e+01   4.8024e+00   0.0000e+00   0.0000e+00   2.9731e+02
20251206_11:00:00   2.4365e-01   6.3479e+01   4.4627e+00   0.0000e+00   0.0000e+00   2.9762e+02
20251206_12:00:00   2.3252e-01   6.1225e+01   4.2344e+00   0.0000e+00   0.0000e+00   2.9885e+02
20251206_13:00:00   2.2284e-01   5.9219e+01   4.0205e+00   0.0000e+00   0.0000e+00   2.9873e+02
20251206_14:00:00   2.2219e-01   5.9122e+01   3.9785e+00   0.0000e+00   0.0000e+00   2.9742e+02
20251206_15:00:00   2.2290e-01   5.9404e+01   3.9703e+00   0.0000e+00   0.0000e+00   2.9816e+02
20251206_16:00:00   2.4960e-01   6.5271e+01   4.4253e+00   0.0000e+00   0.0000e+00   3.0059e+02
20251206_17:00:00   2.7758e-01   7.1272e+01   4.9008e+00   0.0000e+00   0.0000e+00   3.0028e+02
20251206_18:00:00   2.9230e-01   7.4420e+01   5.1703e+00   0.0000e+00   0.0000e+00   2.9872e+02
20251206_19:00:00   3.1837e-01   7.9712e+01   5.6349e+00   0.0000e+00   0.0000e+00   2.9671e+02
20251206_20:00:00   3.4250e-01   8.4488e+01   6.0570e+00   0.0000e+00   0.0000e+00   2.9458e+02
20251206_21:00:00   3.4616e-01   8.5216e+01   6.2000e+00   0.0000e+00   0.0000e+00   2.9353e+02
20251206_22:00:00   3.5382e-01   8.6620e+01   6.4324e+00   0.0000e+00   0.0000e+00   2.9283e+02
20251206_23:00:00   3.5938e-01   8.7472e+01   6.6647e+00   0.0000e+00   0.0000e+00   2.9133e+02
20251207_00:00:00   3.5065e-01   8.5508e+01   6.6547e+00   0.0000e+00   0.0000e+00   2.9008e+02
20251207_01:00:00   3.6682e-01   8.8347e+01   7.0863e+00   0.0000e+00   0.0000e+00   2.8805e+02
20251207_02:00:00   3.9783e-01   9.4015e+01   7.7065e+00   0.0000e+00   0.0000e+00   2.8766e+02
20251207_03:00:00   4.1115e-01   9.6436e+01   7.9418e+00   0.0000e+00   0.0000e+00   2.8724e+02
20251207_04:00:00   4.1055e-01   9.6409e+01   7.9873e+00   0.0000e+00   0.0000e+00   2.8573e+02
20251207_05:00:00   4.2765e-01   9.9565e+01   8.2716e+00   0.0000e+00   0.0000e+00   2.8421e+02
20251207_06:00:00   4.3090e-01   1.0012e+02   8.2755e+00   0.0000e+00   0.0000e+00   2.8405e+02
20251207_07:00:00   4.2637e-01   9.9309e+01   8.1477e+00   0.0000e+00   0.0000e+00   2.8379e+02
20251207_08:00:00   4.2782e-01   9.9543e+01   8.0817e+00   0.0000e+00   0.0000e+00   2.8277e+02
20251207_09:00:00   4.2877e-01   9.9709e+01   8.0327e+00   0.0000e+00   0.0000e+00   2.8044e+02
20251207_10:00:00   4.4280e-01   1.0210e+02   8.2166e+00   0.0000e+00   0.0000e+00   2.7761e+02
20251207_11:00:00   4.5046e-01   1.0333e+02   8.3195e+00   0.0000e+00   0.0000e+00   2.7611e+02
20251207_12:00:00   4.4845e-01   1.0297e+02   8.2095e+00   0.0000e+00   0.0000e+00   2.7563e+02
20251207_13:00:00   4.2429e-01   9.8745e+01   7.6961e+00   0.0000e+00   0.0000e+00   2.7440e+02
20251207_14:00:00   4.1321e-01   9.6650e+01   7.4832e+00   0.0000e+00   0.0000e+00   2.7204e+02
20251207_15:00:00   4.2718e-01   9.8965e+01   7.7899e+00   0.0000e+00   0.0000e+00   2.7087e+02
20251207_16:00:00   4.2362e-01   9.8254e+01   7.7494e+00   0.0000e+00   0.0000e+00   2.7195e+02
20251207_17:00:00   4.1828e-01   9.7308e+01   7.6427e+00   0.0000e+00   0.0000e+00   2.7288e+02
20251207_18:00:00   4.1041e-01   9.5985e+01   7.5209e+00   0.0000e+00   0.0000e+00   2.7391e+02
20251207_19:00:00   3.9044e-01   9.2478e+01   7.2077e+00   0.0000e+00   0.0000e+00   2.7567e+02
20251207_20:00:00   3.7450e-01   8.9627e+01   6.9440e+00   0.0000e+00   0.0000e+00   2.7786e+02
20251207_21:00:00   3.6115e-01   8.7163e+01   6.7087e+00   0.0000e+00   0.0000e+00   2.7761e+02
20251207_22:00:00   3.4488e-01   8.4093e+01   6.3920e+00   0.0000e+00   0.0000e+00   2.7633e+02
20251207_23:00:00   3.2832e-01   8.0881e+01   6.0514e+00   0.0000e+00   0.0000e+00   2.7559e+02
20251208_00:00:00   3.1881e-01   7.8945e+01   5.8291e+00   0.0000e+00   0.0000e+00   2.7438e+02
20251208_01:00:00   3.0941e-01   7.7030e+01   5.6261e+00   0.0000e+00   0.0000e+00   2.7250e+02
20251208_02:00:00   3.0565e-01   7.6272e+01   5.5424e+00   0.0000e+00   0.0000e+00   2.7129e+02
20251208_03:00:00   3.1063e-01   7.7316e+01   5.6237e+00   0.0000e+00   0.0000e+00   2.7102e+02
20251208_04:00:00   3.1293e-01   7.7883e+01   5.6496e+00   0.0000e+00   0.0000e+00   2.7011e+02
20251208_05:00:00   3.2189e-01   7.9692e+01   5.8056e+00   0.0000e+00   0.0000e+00   2.6880e+02
20251208_06:00:00   3.2401e-01   8.0105e+01   5.8352e+00   0.0000e+00   0.0000e+00   2.6830e+02
20251208_07:00:00   3.2173e-01   7.9600e+01   5.8106e+00   0.0000e+00   0.0000e+00   2.6815e+02
20251208_08:00:00   3.1211e-01   7.7626e+01   5.6677e+00   0.0000e+00   0.0000e+00   2.6970e+02
20251208_09:00:00   2.9905e-01   7.4947e+01   5.4691e+00   0.0000e+00   0.0000e+00   2.7019e+02
20251208_10:00:00   2.8686e-01   7.2454e+01   5.2709e+00   0.0000e+00   0.0000e+00   2.7046e+02
20251208_11:00:00   2.7610e-01   7.0217e+01   5.1075e+00   0.0000e+00   0.0000e+00   2.7075e+02
20251208_12:00:00   2.7801e-01   7.0589e+01   5.1664e+00   0.0000e+00   0.0000e+00   2.7031e+02
20251208_13:00:00   2.8513e-01   7.2142e+01   5.2679e+00   0.0000e+00   0.0000e+00   2.7150e+02
20251208_14:00:00   2.9402e-01   7.4029e+01   5.3979e+00   0.0000e+00   0.0000e+00   2.7044e+02
20251208_15:00:00   3.0311e-01   7.5930e+01   5.5508e+00   0.0000e+00   0.0000e+00   2.7008e+02
20251208_16:00:00   3.1183e-01   7.7751e+01   5.7307e+00   0.0000e+00   0.0000e+00   2.6996e+02
20251208_17:00:00   3.2815e-01   8.1024e+01   6.0399e+00   0.0000e+00   0.0000e+00   2.7086e+02
20251208_18:00:00   3.5326e-01   8.5957e+01   6.5065e+00   0.0000e+00   0.0000e+00   2.7301e+02
20251208_19:00:00   3.6765e-01   8.8812e+01   6.7944e+00   0.0000e+00   0.0000e+00   2.7290e+02
20251208_20:00:00   3.7610e-01   9.0512e+01   6.9737e+00   0.0000e+00   0.0000e+00   2.7470e+02
20251208_21:00:00   3.8553e-01   9.2363e+01   7.1561e+00   0.0000e+00   0.0000e+00   2.7434e+02
20251208_22:00:00   3.9255e-01   9.3700e+01   7.2673e+00   0.0000e+00   0.0000e+00   2.7453e+02
20251208_23:00:00   3.8298e-01   9.2046e+01   7.0490e+00   0.0000e+00   0.0000e+00   2.7525e+02
20251209_00:00:00   3.5689e-01   8.7149e+01   6.5421e+00   0.0000e+00   0.0000e+00   2.7552e+02
20251209_01:00:00   3.4510e-01   8.4872e+01   6.3254e+00   0.0000e+00   0.0000e+00   2.7363e+02
20251209_02:00:00   3.4187e-01   8.4216e+01   6.2780e+00   0.0000e+00   0.0000e+00   2.7570e+02
20251209_03:00:00   3.4684e-01   8.5152e+01   6.3844e+00   0.0000e+00   0.0000e+00   2.7508e+02
20251209_04:00:00   3.5561e-01   8.6728e+01   6.5651e+00   0.0000e+00   0.0000e+00   2.7577e+02
20251209_05:00:00   3.4608e-01   8.5001e+01   6.3146e+00   0.0000e+00   0.0000e+00   2.7661e+02
20251209_06:00:00   3.2918e-01   8.1838e+01   5.9304e+00   0.0000e+00   0.0000e+00   2.7961e+02
20251209_07:00:00   3.1427e-01   7.8850e+01   5.6721e+00   0.0000e+00   0.0000e+00   2.8164e+02
20251209_08:00:00   3.1032e-01   7.7996e+01   5.6271e+00   0.0000e+00   0.0000e+00   2.8174e+02
20251209_09:00:00   3.1287e-01   7.8423e+01   5.6971e+00   0.0000e+00   0.0000e+00   2.8225e+02
20251209_10:00:00   3.0835e-01   7.7481e+01   5.6478e+00   0.0000e+00   0.0000e+00   2.8352e+02
20251209_11:00:00   2.9628e-01   7.5068e+01   5.4678e+00   0.0000e+00   0.0000e+00   2.8450e+02
20251209_12:00:00   2.9488e-01   7.4771e+01   5.4764e+00   0.0000e+00   0.0000e+00   2.8656e+02
20251209_13:00:00   2.9240e-01   7.4277e+01   5.4585e+00   0.0000e+00   0.0000e+00   2.9119e+02
20251209_14:00:00   2.9146e-01   7.4130e+01   5.4543e+00   0.0000e+00   0.0000e+00   2.9321e+02
20251209_15:00:00   2.9511e-01   7.4893e+01   5.5345e+00   0.0000e+00   0.0000e+00   2.9228e+02
20251209_16:00:00   2.9160e-01   7.4275e+01   5.5019e+00   0.0000e+00   0.0000e+00   2.8892e+02
20251209_17:00:00   3.0279e-01   7.6630e+01   5.7306e+00   0.0000e+00   0.0000e+00   2.8794e+02
20251209_18:00:00   2.9965e-01   7.6065e+01   5.7472e+00   0.0000e+00   0.0000e+00   2.8614e+02
20251209_19:00:00   2.9919e-01   7.5968e+01   5.8107e+00   0.0000e+00   0.0000e+00   2.8561e+02
20251209_20:00:00   2.9186e-01   7.4547e+01   5.7211e+00   0.0000e+00   0.0000e+00   2.8467e+02
20251209_21:00:00   2.9557e-01   7.5344e+01   5.8314e+00   0.0000e+00   0.0000e+00   2.8361e+02
20251209_22:00:00   3.0142e-01   7.6570e+01   5.9657e+00   0.0000e+00   0.0000e+00   2.8274e+02
20251209_23:00:00   3.0502e-01   7.7345e+01   6.0564e+00   0.0000e+00   1.1012e-05   2.8191e+02
20251210_00:00:00   3.0150e-01   7.6698e+01   5.9993e+00   0.0000e+00   6.7200e-06   2.8076e+02
20251210_01:00:00   3.0447e-01   7.7311e+01   6.0826e+00   0.0000e+00   0.0000e+00   2.8229e+02
20251210_02:00:00   3.0716e-01   7.7875e+01   6.1359e+00   0.0000e+00   0.0000e+00   2.8199e+02
20251210_03:00:00   3.1591e-01   7.9685e+01   6.2910e+00   0.0000e+00   0.0000e+00   2.8468e+02
20251210_04:00:00   3.2762e-01   8.2180e+01   6.5150e+00   0.0000e+00   0.0000e+00   2.8501e+02
20251210_05:00:00   3.3883e-01   8.4467e+01   6.7366e+00   0.0000e+00   0.0000e+00   2.8553e+02
20251210_06:00:00   3.5487e-01   8.7662e+01   7.0230e+00   0.0000e+00   2.0657e-05   2.8430e+02
20251210_07:00:00   3.7442e-01   9.1386e+01   7.3779e+00   0.0000e+00   6.7119e-05   2.8233e+02
20251210_08:00:00   3.7997e-01   9.2523e+01   7.4740e+00   0.0000e+00   9.3140e-06   2.8094e+02
20251210_09:00:00   3.8113e-01   9.2731e+01   7.4817e+00   0.0000e+00   4.6270e-05   2.7855e+02
20251210_10:00:00   3.8151e-01   9.2825e+01   7.4766e+00   0.0000e+00   1.7328e-03   2.7693e+02
20251210_11:00:00   3.8838e-01   9.4037e+01   7.5857e+00   0.0000e+00   4.0362e-03   2.7630e+02
20251210_12:00:00   3.9466e-01   9.5222e+01   7.6790e+00   0.0000e+00   3.6500e-03   2.7626e+02
20251210_15:00:00   4.0260e-01   9.6742e+01   7.7132e+00   0.0000e+00   4.1736e-03   2.7612e+02
20251210_18:00:00   4.1966e-01   9.9975e+01   8.0673e+00   0.0000e+00   2.4539e-03   2.7738e+02
20251210_21:00:00   4.2838e-01   1.0170e+02   8.2859e+00   0.0000e+00   1.1880e-02   2.7878e+02
20251211_00:00:00   4.2275e-01   1.0063e+02   8.1840e+00   0.0000e+00   3.5411e-03   2.8117e+02
20251211_03:00:00   4.0252e-01   9.6990e+01   7.8353e+00   0.0000e+00   3.3968e-02   2.7884e+02
20251211_06:00:00   3.9148e-01   9.4830e+01   7.6535e+00   0.0000e+00   3.0172e-03   2.7933e+02
20251211_09:00:00   3.8973e-01   9.4011e+01   7.7346e+00   0.0000e+00   3.4599e-02   2.7666e+02
20251211_12:00:00   3.8727e-01   9.3252e+01   7.7720e+00   0.0000e+00   1.1530e-02   2.7833e+02
20251211_15:00:00   4.0291e-01   9.5296e+01   8.2754e+00   0.0000e+00   4.4541e-02   2.7603e+02
20251211_18:00:00   3.5243e-01   8.6158e+01   7.1861e+00   0.0000e+00   8.2355e-04   2.7585e+02
20251211_21:00:00   2.7731e-01   7.1460e+01   5.5505e+00   0.0000e+00   5.1140e-04   2.7225e+02
20251212_00:00:00   4.9052e-01   1.1048e+02   9.8469e+00   0.0000e+00   9.0080e-03   2.7128e+02
20251212_03:00:00   5.1660e-01   1.1557e+02   1.0083e+01   0.0000e+00   1.5945e-02   2.7026e+02
20251212_06:00:00   4.7697e-01   1.0940e+02   9.0617e+00   0.0000e+00   0.0000e+00   2.7326e+02
20251212_09:00:00   5.0406e-01   1.1343e+02   9.6028e+00   0.0000e+00   0.0000e+00   2.7704e+02
20251212_12:00:00   6.2002e-01   1.3053e+02   1.1034e+01   0.0000e+00   0.0000e+00   2.7890e+02
20251212_15:00:00   5.2212e-01   1.1436e+02   9.0096e+00   0.0000e+00   0.0000e+00   2.7684e+02
20251212_18:00:00   5.0267e-01   1.1097e+02   8.9712e+00   0.0000e+00   0.0000e+00   2.7499e+02
20251212_21:00:00   5.5763e-01   1.1964e+02   1.0191e+01   0.0000e+00   0.0000e+00   2.7426e+02
20251213_00:00:00   4.3136e-01   9.9355e+01   7.8241e+00   0.0000e+00   0.0000e+00   2.7212e+02
20251213_03:00:00   4.3565e-01   1.0028e+02   7.9932e+00   0.0000e+00   0.0000e+00   2.7419e+02
20251213_06:00:00   4.2758e-01   9.9207e+01   7.8883e+00   0.0000e+00   0.0000e+00   2.7666e+02
20251213_09:00:00   3.9250e-01   9.3256e+01   7.2021e+00   0.0000e+00   0.0000e+00   2.7893e+02
20251213_12:00:00   3.5830e-01   8.7188e+01   6.5167e+00   0.0000e+00   0.0000e+00   2.7879e+02
20251213_15:00:00   3.4421e-01   8.4736e+01   6.2165e+00   0.0000e+00   0.0000e+00   2.7550e+02
20251213_18:00:00   3.3224e-01   8.2813e+01   6.0027e+00   0.0000e+00   0.0000e+00   2.7337e+02
20251213_21:00:00   3.3622e-01   8.3869e+01   6.1197e+00   0.0000e+00   0.0000e+00   2.7936e+02
20251214_00:00:00   3.1235e-01   7.9153e+01   5.7163e+00   0.0000e+00   0.0000e+00   2.7841e+02
20251214_03:00:00   2.8725e-01   7.3889e+01   5.3249e+00   0.0000e+00   0.0000e+00   2.7730e+02
20251214_06:00:00   2.8288e-01   7.2899e+01   5.3030e+00   0.0000e+00   0.0000e+00   2.7831e+02
20251214_09:00:00   2.8463e-01   7.3215e+01   5.3323e+00   0.0000e+00   2.5841e-04   2.7311e+02
20251214_12:00:00   2.9153e-01   7.4511e+01   5.4751e+00   0.0000e+00   2.0281e-03   2.6772e+02
20251214_15:00:00   2.9300e-01   7.4718e+01   5.5247e+00   0.0000e+00   9.9600e-05   2.7016e+02
20251214_18:00:00   2.9119e-01   7.4489e+01   5.5275e+00   0.0000e+00   3.5540e-05   2.6996e+02
20251214_21:00:00   3.0003e-01   7.6438e+01   5.7469e+00   0.0000e+00   2.5026e-04   2.6909e+02
20251215_00:00:00   3.1591e-01   7.9476e+01   6.0598e+00   0.0000e+00   2.3462e-03   2.6993e+02
20251215_03:00:00   3.2119e-01   7.9909e+01   6.2773e+00   0.0000e+00   2.5058e-02   2.6861e+02
20251215_06:00:00   3.2324e-01   7.9493e+01   6.5902e+00   0.0000e+00   6.3235e-03   2.6713e+02
20251215_09:00:00   3.4975e-01   8.4482e+01   7.1093e+00   0.0000e+00   9.7673e-03   2.6822e+02
20251215_12:00:00   3.7182e-01   8.9092e+01   7.3707e+00   0.0000e+00   3.9379e-02   2.6491e+02
20251215_15:00:00   3.5796e-01   8.6998e+01   6.8450e+00   0.0000e+00   1.0319e-02   2.6548e+02
20251215_18:00:00   3.8296e-01   9.1865e+01   7.2755e+00   0.0000e+00   2.4204e-02   2.5878e+02
20251215_21:00:00   4.3696e-01   1.0143e+02   8.3885e+00   0.0000e+00   1.4500e-01   2.4888e+02
20251216_00:00:00   4.7322e-01   1.0761e+02   9.0964e+00   0.0000e+00   4.0597e-04   2.4752e+02
20251216_03:00:00   4.5125e-01   1.0364e+02   8.6078e+00   0.0000e+00   1.4687e-02   2.4736e+02
20251216_06:00:00   4.1757e-01   9.7672e+01   7.9756e+00   0.0000e+00   8.8012e-04   2.5117e+02
20251216_09:00:00   3.9499e-01   9.3569e+01   7.5469e+00   0.0000e+00   1.1136e-03   2.5996e+02
20251216_12:00:00   5.1748e-01   1.1423e+02   9.8389e+00   0.0000e+00   7.1782e-03   2.6534e+02
20251216_15:00:00   5.8692e-01   1.2501e+02   1.1013e+01   0.0000e+00   5.7362e-02   2.6931e+02
20251216_18:00:00   6.6653e-01   1.3719e+02   1.2224e+01   0.0000e+00   1.4962e-05   2.7033e+02
20251216_21:00:00   6.6167e-01   1.3743e+02   1.1910e+01   0.0000e+00   0.0000e+00   2.6649e+02
20251217_00:00:00   6.0686e-01   1.2967e+02   1.0933e+01   0.0000e+00   1.4706e-03   2.6434e+02
20251217_03:00:00   5.3816e-01   1.1912e+02   9.6911e+00   0.0000e+00   2.8225e-04   2.6522e+02
20251217_06:00:00   5.0176e-01   1.1313e+02   9.0454e+00   0.0000e+00   3.6560e-06   2.7003e+02
20251217_09:00:00   6.1157e-01   1.3041e+02   1.0548e+01   0.0000e+00   7.4043e-04   2.7217e+02
20251217_12:00:00   5.4358e-01   1.1936e+02   9.8040e+00   0.0000e+00   5.7022e-03   2.7477e+02
20251217_15:00:00   5.7578e-01   1.2397e+02   1.0396e+01   0.0000e+00   6.2367e-02   2.7780e+02
20251217_18:00:00   6.5498e-01   1.3590e+02   1.1381e+01   0.0000e+00   4.3548e-02   2.7933e+02
20251217_21:00:00   7.1420e-01   1.4361e+02   1.2431e+01   0.0000e+00   1.5072e-01   2.8167e+02
20251218_00:00:00   7.9494e-01   1.5271e+02   1.4006e+01   0.0000e+00   3.6671e-01   2.8191e+02
20251218_03:00:00   7.6657e-01   1.4891e+02   1.3489e+01   0.0000e+00   1.4618e-01   2.8759e+02
20251218_06:00:00   7.3619e-01   1.4414e+02   1.2911e+01   1.7166e-05   3.2347e-02   2.9347e+02
20251218_09:00:00   7.8797e-01   1.5087e+02   1.2322e+01   2.3148e-02   1.9932e-03   3.0413e+02
20251218_12:00:00   1.5528e+00   2.1612e+02   1.1619e+01   3.4851e-01   6.0675e-03   3.0863e+02
20251218_15:00:00   1.3119e+00   1.9976e+02   1.0451e+01   2.8132e-01   3.3503e-03   3.1186e+02
20251218_18:00:00   1.4038e+00   2.0577e+02   1.0691e+01   3.1429e-01   3.4360e-03   3.1356e+02
20251218_21:00:00   9.2693e-01   1.6560e+02   1.1371e+01   1.0001e-01   3.3388e-03   3.1637e+02
20251219_00:00:00   7.8045e-01   1.4852e+02   1.1829e+01   2.7770e-02   6.6837e-02   3.1840e+02
20251219_03:00:00   8.9861e-01   1.6305e+02   9.6189e+00   1.2667e-01   5.7691e-03   3.2077e+02
20251219_06:00:00   1.3225e+00   2.0052e+02   1.2429e+01   2.2843e-01   1.3748e-01   3.0966e+02
20251219_09:00:00   1.4782e+00   2.0897e+02   1.2974e+01   2.7472e-01   1.5622e+00   3.0253e+02
20251219_12:00:00   9.5510e-01   1.6669e+02   1.2459e+01   7.2630e-02   8.2776e-01   3.0847e+02
20251219_15:00:00   8.4768e-01   1.5525e+02   1.2250e+01   3.3031e-02   5.5801e-01   3.1054e+02
20251219_18:00:00   8.6023e-01   1.5665e+02   1.2009e+01   4.6430e-02   4.4416e-01   3.1099e+02
20251219_21:00:00   9.1230e-01   1.6263e+02   1.1985e+01   7.1801e-02   3.3676e-01   3.1111e+02
20251220_00:00:00   1.3054e+00   1.9841e+02   1.1847e+01   2.4293e-01   8.5275e-02   3.1235e+02
20251220_03:00:00   1.9010e+00   2.3121e+02   1.1274e+01   5.0895e-01   5.2553e-03   3.1068e+02
20251220_06:00:00   1.2588e+00   1.9565e+02   1.0698e+01   2.5000e-01   7.2082e-04   3.0988e+02
20251220_09:00:00   4.7504e-01   1.0535e+02   7.8325e+00   4.4540e-03   1.4890e-04   3.1156e+02
20251220_12:00:00   3.1071e-01   7.5772e+01   5.2696e+00   3.5990e-03   9.6170e-07   3.1001e+02
20251220_15:00:00   3.4814e-01   8.3377e+01   6.2436e+00   0.0000e+00   0.0000e+00   2.9353e+02
20251220_18:00:00   3.9816e-01   9.3193e+01   6.9363e+00   4.3500e-04   0.0000e+00   2.8922e+02
20251220_21:00:00   3.2879e-01   8.0485e+01   5.7307e+00   1.8810e-03   0.0000e+00   2.8050e+02
20251221_00:00:00   2.4933e-01   6.4449e+01   4.5101e+00   0.0000e+00   0.0000e+00   2.7402e+02
20251221_03:00:00   2.5505e-01   6.5767e+01   4.6633e+00   0.0000e+00   0.0000e+00   2.7252e+02
20251221_06:00:00   2.4951e-01   6.4650e+01   4.6266e+00   0.0000e+00   0.0000e+00   2.6895e+02
20251221_09:00:00   2.5688e-01   6.6119e+01   4.8573e+00   0.0000e+00   0.0000e+00   2.6224e+02
20251221_12:00:00   3.0537e-01   7.5743e+01   5.8138e+00   0.0000e+00   0.0000e+00   2.6207e+02
