#            date       tau255        Tb[K]      pwv[mm] lwp[kg*m^-2] iwp[kg*m^-2]       o3[DU]
20251212_12:00:00   3.0616e-01   7.7701e+01   5.9408e+00   0.0000e+00   0.0000e+00   2.7341e+02
20251212_13:00:00   3.1366e-01   7.9120e+01   6.0907e+00   0.0000e+00   0.0000e+00   2.7606e+02
20251212_14:00:00   3.1620e-01   7.9525e+01   6.1371e+00   0.0000e+00   0.0000e+00   2.7928e+02
20251212_15:00:00   3.2133e-01   8.0483e+01   6.2315e+00   0.0000e+00   0.0000e+00   2.8270e+02
20251212_16:00:00   3.3156e-01   8.2525e+01   6.4272e+00   0.0000e+00   0.0000e+00   2.8304e+02
20251212_17:00:00   3.4707e-01   8.5628e+01   6.7092e+00   0.0000e+00   0.0000e+00   2.8410e+02
20251212_18:00:00   3.5809e-01   8.7848e+01   6.9098e+00   0.0000e+00   0.0000e+00   2.8562e+02
20251212_19:00:00   3.7060e-01   9.0296e+01   7.1294e+00   0.0000e+00   0.0000e+00   2.8283e+02
20251212_20:00:00   3.8036e-01   9.2194e+01   7.2922e+00   0.0000e+00   0.0000e+00   2.7871e+02
20251212_21:00:00   3.7963e-01   9.2109e+01   7.2776e+00   0.0000e+00   0.0000e+00   2.7596e+02
20251212_22:00:00   3.8564e-01   9.3247e+01   7.3641e+00   0.0000e+00   0.0000e+00   2.7372e+02
20251212_23:00:00   3.8923e-01   9.3884e+01   7.3917e+00   0.0000e+00   0.0000e+00   2.7498e+02
20251213_00:00:00   3.8756e-01   9.3493e+01   7.3345e+00   0.0000e+00   0.0000e+00   2.7845e+02
20251213_01:00:00   3.8693e-01   9.3329e+01   7.2921e+00   0.0000e+00   0.0000e+00   2.8086e+02
20251213_02:00:00   3.8503e-01   9.2925e+01   7.2325e+00   0.0000e+00   0.0000e+00   2.8084e+02
20251213_03:00:00   3.8230e-01   9.2382e+01   7.1617e+00   0.0000e+00   0.0000e+00   2.8120e+02
20251213_04:00:00   3.7545e-01   9.1072e+01   7.0229e+00   0.0000e+00   0.0000e+00   2.8444e+02
20251213_05:00:00   3.6386e-01   8.8897e+01   6.7989e+00   0.0000e+00   0.0000e+00   2.8662e+02
20251213_06:00:00   3.5511e-01   8.7270e+01   6.6209e+00   0.0000e+00   0.0000e+00   2.8469e+02
20251213_07:00:00   3.4307e-01   8.4965e+01   6.3863e+00   0.0000e+00   0.0000e+00   2.8373e+02
20251213_08:00:00   3.2240e-01   8.0944e+01   6.0017e+00   0.0000e+00   0.0000e+00   2.8341e+02
20251213_09:00:00   3.0325e-01   7.7109e+01   5.6420e+00   0.0000e+00   0.0000e+00   2.8345e+02
20251213_10:00:00   2.8804e-01   7.4019e+01   5.3397e+00   0.0000e+00   0.0000e+00   2.8462e+02
20251213_11:00:00   2.7076e-01   7.0429e+01   5.0145e+00   0.0000e+00   0.0000e+00   2.8506e+02
20251213_12:00:00   2.5003e-01   6.6008e+01   4.6435e+00   0.0000e+00   0.0000e+00   2.8569e+02
20251213_13:00:00   2.4044e-01   6.3868e+01   4.4896e+00   0.0000e+00   0.0000e+00   2.8638e+02
20251213_14:00:00   2.3837e-01   6.3378e+01   4.4720e+00   0.0000e+00   0.0000e+00   2.8677e+02
20251213_15:00:00   2.4204e-01   6.4158e+01   4.5545e+00   0.0000e+00   0.0000e+00   2.8814e+02
20251213_16:00:00   2.4580e-01   6.5009e+01   4.6492e+00   0.0000e+00   4.8928e-05   2.8771e+02
20251213_17:00:00   2.5043e-01   6.6025e+01   4.7718e+00   0.0000e+00   7.0450e-05   2.8629e+02
20251213_18:00:00   2.6055e-01   6.8150e+01   5.0245e+00   0.0000e+00   0.0000e+00   2.8497e+02
20251213_19:00:00   2.5355e-01   6.6691e+01   4.9234e+00   0.0000e+00   3.6160e-04   2.8212e+02
20251213_20:00:00   2.5261e-01   6.6567e+01   4.9072e+00   0.0000e+00   1.4652e-03   2.7939e+02
20251213_21:00:00   2.5025e-01   6.6052e+01   4.8727e+00   0.0000e+00   3.8706e-03   2.7783e+02
20251213_22:00:00   2.4262e-01   6.4363e+01   4.7155e+00   0.0000e+00   2.1211e-02   2.7637e+02
20251213_23:00:00   2.5616e-01   6.6996e+01   5.0363e+00   0.0000e+00   1.7378e-02   2.7643e+02
20251214_00:00:00   2.5252e-01   6.6254e+01   4.9506e+00   0.0000e+00   8.7570e-03   2.7717e+02
20251214_01:00:00   2.4350e-01   6.4391e+01   4.7608e+00   0.0000e+00   4.0095e-03   2.7753e+02
20251214_02:00:00   2.3494e-01   6.2619e+01   4.5633e+00   0.0000e+00   5.0958e-04   2.8103e+02
20251214_03:00:00   2.3210e-01   6.2029e+01   4.4744e+00   0.0000e+00   2.0818e-04   2.8329e+02
20251214_04:00:00   2.4133e-01   6.3836e+01   4.6911e+00   0.0000e+00   4.4100e-04   2.8334e+02
20251214_05:00:00   2.5605e-01   6.6930e+01   4.9578e+00   0.0000e+00   1.7024e-04   2.8199e+02
20251214_06:00:00   2.6855e-01   6.9575e+01   5.1714e+00   0.0000e+00   0.0000e+00   2.8117e+02
20251214_07:00:00   2.7465e-01   7.0854e+01   5.2580e+00   0.0000e+00   3.6560e-06   2.8040e+02
20251214_08:00:00   2.8792e-01   7.3527e+01   5.4820e+00   0.0000e+00   1.5718e-03   2.7979e+02
20251214_09:00:00   3.0196e-01   7.6172e+01   5.7131e+00   0.0000e+00   3.8461e-03   2.8065e+02
20251214_10:00:00   3.1500e-01   7.8556e+01   5.8897e+00   0.0000e+00   4.0089e-03   2.8087e+02
20251214_11:00:00   3.3684e-01   8.2674e+01   6.1932e+00   0.0000e+00   6.4387e-03   2.7768e+02
20251214_12:00:00   4.4295e-01   1.0229e+02   6.7119e+00   2.6170e-02   7.5969e-03   2.7409e+02
20251214_13:00:00   7.3221e-01   1.4622e+02   7.3505e+00   1.2031e-01   4.4801e-03   2.7357e+02
20251214_14:00:00   7.3577e-01   1.4645e+02   7.5013e+00   1.1666e-01   2.1354e-03   2.7258e+02
20251214_15:00:00   6.2137e-01   1.3055e+02   7.4834e+00   7.1890e-02   2.2865e-03   2.7266e+02
20251214_16:00:00   5.5989e-01   1.2128e+02   7.8535e+00   3.7930e-02   3.5374e-03   2.7450e+02
20251214_17:00:00   6.0130e-01   1.2769e+02   8.4654e+00   3.7290e-02   3.8456e-03   2.7486e+02
20251214_18:00:00   6.1918e-01   1.3038e+02   8.7777e+00   3.5700e-02   6.0140e-03   2.7348e+02
20251214_19:00:00   6.4779e-01   1.3450e+02   8.9965e+00   4.2160e-02   2.4248e-03   2.7044e+02
20251214_20:00:00   6.2300e-01   1.3100e+02   9.0828e+00   3.1860e-02   2.0282e-03   2.6850e+02
20251214_21:00:00   5.7382e-01   1.2364e+02   9.1032e+00   1.3291e-02   2.2936e-03   2.6702e+02
20251214_22:00:00   5.2732e-01   1.1636e+02   8.9021e+00   1.1212e-03   4.2362e-03   2.6781e+02
20251214_23:00:00   5.0226e-01   1.1235e+02   8.5775e+00   1.0651e-06   1.9672e-03   2.6865e+02
20251215_00:00:00   4.8143e-01   1.0892e+02   8.2743e+00   0.0000e+00   8.8016e-04   2.6731e+02
20251215_01:00:00   4.6799e-01   1.0665e+02   8.0708e+00   0.0000e+00   1.1954e-04   2.6757e+02
20251215_02:00:00   4.5633e-01   1.0481e+02   7.8430e+00   0.0000e+00   0.0000e+00   2.6869e+02
20251215_03:00:00   4.5159e-01   1.0416e+02   7.7101e+00   0.0000e+00   0.0000e+00   2.6768e+02
20251215_04:00:00   4.6567e-01   1.0665e+02   7.9175e+00   0.0000e+00   0.0000e+00   2.6851e+02
20251215_05:00:00   4.6810e-01   1.0719e+02   7.9273e+00   0.0000e+00   3.6560e-06   2.6976e+02
20251215_06:00:00   4.6740e-01   1.0719e+02   7.9010e+00   0.0000e+00   2.8980e-03   2.7033e+02
20251215_07:00:00   4.6827e-01   1.0737e+02   7.9357e+00   0.0000e+00   4.8087e-03   2.7238e+02
20251215_08:00:00   4.4760e-01   1.0385e+02   7.6509e+00   0.0000e+00   6.7690e-03   2.7236e+02
20251215_09:00:00   4.2611e-01   1.0009e+02   7.3227e+00   0.0000e+00   5.7407e-03   2.7178e+02
20251215_10:00:00   4.1057e-01   9.7291e+01   7.1013e+00   0.0000e+00   4.6687e-03   2.7327e+02
20251215_11:00:00   4.0690e-01   9.6572e+01   7.0632e+00   0.0000e+00   1.3286e-02   2.7368e+02
20251215_12:00:00   4.2717e-01   1.0017e+02   7.3908e+00   0.0000e+00   2.3817e-02   2.7259e+02
20251215_13:00:00   4.4695e-01   1.0366e+02   7.7671e+00   0.0000e+00   2.6764e-02   2.7234e+02
20251215_14:00:00   4.7968e-01   1.0919e+02   8.5014e+00   0.0000e+00   3.2278e-02   2.7298e+02
20251215_15:00:00   5.3013e-01   1.1744e+02   9.5440e+00   0.0000e+00   4.9638e-02   2.7365e+02
20251215_16:00:00   5.5318e-01   1.2112e+02   1.0076e+01   0.0000e+00   4.1534e-02   2.7213e+02
20251215_17:00:00   5.8506e-01   1.2609e+02   1.0689e+01   0.0000e+00   5.7057e-02   2.7101e+02
20251215_18:00:00   6.4834e-01   1.3549e+02   1.1761e+01   0.0000e+00   1.1112e-01   2.7098e+02
20251215_19:00:00   7.2606e-01   1.4638e+02   1.2920e+01   0.0000e+00   9.9011e-02   2.7166e+02
20251215_20:00:00   8.2234e-01   1.5869e+02   1.4363e+01   0.0000e+00   1.4446e-01   2.7218e+02
20251215_21:00:00   9.1596e-01   1.6953e+02   1.5770e+01   0.0000e+00   1.2629e-01   2.7320e+02
20251215_22:00:00   9.0844e-01   1.6903e+02   1.5488e+01   0.0000e+00   8.4669e-02   2.7285e+02
20251215_23:00:00   8.9857e-01   1.6792e+02   1.5292e+01   0.0000e+00   9.5009e-02   2.7301e+02
20251216_00:00:00   8.7989e-01   1.6565e+02   1.5013e+01   0.0000e+00   1.4646e-01   2.7303e+02
20251216_01:00:00   8.5823e-01   1.6309e+02   1.4705e+01   0.0000e+00   1.4508e-01   2.7253e+02
20251216_02:00:00   8.4696e-01   1.6173e+02   1.4492e+01   0.0000e+00   7.5173e-02   2.7158e+02
20251216_03:00:00   8.1431e-01   1.5797e+02   1.3927e+01   0.0000e+00   3.7974e-02   2.7185e+02
20251216_04:00:00   7.6251e-01   1.5182e+02   1.3001e+01   0.0000e+00   2.5691e-02   2.7177e+02
20251216_05:00:00   6.9468e-01   1.4297e+02   1.1951e+01   0.0000e+00   1.7824e-02   2.7260e+02
20251216_06:00:00   6.1685e-01   1.3186e+02   1.0717e+01   0.0000e+00   1.1726e-02   2.7440e+02
20251216_07:00:00   5.6315e-01   1.2357e+02   9.9024e+00   0.0000e+00   1.0092e-02   2.7497e+02
20251216_08:00:00   5.3752e-01   1.1939e+02   9.5436e+00   0.0000e+00   6.7603e-03   2.7536e+02
20251216_09:00:00   5.1917e-01   1.1628e+02   9.3345e+00   0.0000e+00   3.8728e-03   2.7504e+02
20251216_10:00:00   4.9855e-01   1.1283e+02   9.0409e+00   0.0000e+00   3.4270e-03   2.7340e+02
20251216_11:00:00   5.0353e-01   1.1367e+02   9.1030e+00   0.0000e+00   3.5360e-04   2.7065e+02
20251216_12:00:00   5.0765e-01   1.1431e+02   9.1481e+00   0.0000e+00   3.1040e-06   2.6893e+02
20251216_13:00:00   4.9784e-01   1.1262e+02   9.0075e+00   0.0000e+00   0.0000e+00   2.6844e+02
20251216_14:00:00   4.7858e-01   1.0933e+02   8.7267e+00   0.0000e+00   0.0000e+00   2.6975e+02
20251216_15:00:00   4.7424e-01   1.0856e+02   8.6671e+00   0.0000e+00   0.0000e+00   2.7020e+02
20251216_16:00:00   4.5657e-01   1.0558e+02   8.3919e+00   0.0000e+00   0.0000e+00   2.7271e+02
20251216_17:00:00   4.5858e-01   1.0605e+02   8.4075e+00   0.0000e+00   0.0000e+00   2.7468e+02
20251216_18:00:00   4.4999e-01   1.0461e+02   8.3023e+00   0.0000e+00   0.0000e+00   2.7474e+02
20251216_19:00:00   4.4345e-01   1.0340e+02   8.2419e+00   0.0000e+00   0.0000e+00   2.7454e+02
20251216_20:00:00   4.2426e-01   9.9972e+01   7.9388e+00   0.0000e+00   0.0000e+00   2.7295e+02
20251216_21:00:00   3.9987e-01   9.5536e+01   7.5352e+00   0.0000e+00   1.0968e-05   2.7107e+02
20251216_22:00:00   3.9781e-01   9.5085e+01   7.4840e+00   0.0000e+00   3.6560e-06   2.7275e+02
20251216_23:00:00   3.7290e-01   9.0301e+01   7.0151e+00   0.0000e+00   0.0000e+00   2.7072e+02
20251217_00:00:00   3.3357e-01   8.2667e+01   6.2706e+00   0.0000e+00   0.0000e+00   2.6808e+02
20251217_01:00:00   2.9252e-01   7.4455e+01   5.5135e+00   0.0000e+00   0.0000e+00   2.6665e+02
20251217_02:00:00   2.6425e-01   6.8616e+01   4.9894e+00   0.0000e+00   0.0000e+00   2.6602e+02
20251217_03:00:00   2.4429e-01   6.4342e+01   4.6298e+00   0.0000e+00   0.0000e+00   2.6491e+02
20251217_04:00:00   2.5711e-01   6.7093e+01   4.8399e+00   0.0000e+00   0.0000e+00   2.6244e+02
20251217_05:00:00   2.5674e-01   6.6985e+01   4.8385e+00   0.0000e+00   0.0000e+00   2.6194e+02
20251217_06:00:00   2.5086e-01   6.5647e+01   4.7691e+00   0.0000e+00   0.0000e+00   2.6194e+02
20251217_07:00:00   2.4910e-01   6.5203e+01   4.7715e+00   0.0000e+00   0.0000e+00   2.6170e+02
20251217_08:00:00   2.5158e-01   6.5645e+01   4.8572e+00   0.0000e+00   0.0000e+00   2.6119e+02
20251217_09:00:00   2.5144e-01   6.5524e+01   4.8963e+00   0.0000e+00   0.0000e+00   2.6141e+02
20251217_10:00:00   2.4475e-01   6.4144e+01   4.7584e+00   0.0000e+00   0.0000e+00   2.6129e+02
20251217_11:00:00   2.3743e-01   6.2619e+01   4.6002e+00   0.0000e+00   0.0000e+00   2.6084e+02
20251217_12:00:00   2.3036e-01   6.1121e+01   4.4372e+00   0.0000e+00   0.0000e+00   2.6100e+02
20251217_15:00:00   2.3027e-01   6.1075e+01   4.3840e+00   0.0000e+00   0.0000e+00   2.5746e+02
20251217_18:00:00   2.0378e-01   5.5545e+01   3.9137e+00   0.0000e+00   0.0000e+00   2.5852e+02
20251217_21:00:00   1.9129e-01   5.2957e+01   3.6749e+00   0.0000e+00   0.0000e+00   2.5784e+02
20251218_00:00:00   1.9222e-01   5.3191e+01   3.6419e+00   0.0000e+00   0.0000e+00   2.5798e+02
20251218_03:00:00   1.8896e-01   5.2226e+01   3.6376e+00   0.0000e+00   0.0000e+00   2.5584e+02
20251218_06:00:00   2.0807e-01   5.6132e+01   4.1618e+00   0.0000e+00   0.0000e+00   2.5509e+02
20251218_09:00:00   2.3339e-01   6.1672e+01   4.7026e+00   0.0000e+00   0.0000e+00   2.5564e+02
20251218_12:00:00   2.5812e-01   6.7094e+01   5.1557e+00   0.0000e+00   0.0000e+00   2.5665e+02
20251218_15:00:00   2.4174e-01   6.3867e+01   4.7452e+00   0.0000e+00   0.0000e+00   2.5617e+02
20251218_18:00:00   2.7374e-01   7.0844e+01   5.3029e+00   0.0000e+00   0.0000e+00   2.5796e+02
20251218_21:00:00   2.8972e-01   7.4254e+01   5.6996e+00   0.0000e+00   0.0000e+00   2.5734e+02
20251219_00:00:00   3.1628e-01   7.9555e+01   6.2454e+00   0.0000e+00   0.0000e+00   2.5696e+02
20251219_03:00:00   3.4505e-01   8.4979e+01   6.8079e+00   0.0000e+00   0.0000e+00   2.5537e+02
20251219_06:00:00   4.3017e-01   1.0119e+02   8.1900e+00   0.0000e+00   0.0000e+00   2.5593e+02
20251219_09:00:00   4.5053e-01   1.0489e+02   8.4925e+00   0.0000e+00   0.0000e+00   2.5725e+02
20251219_12:00:00   4.4066e-01   1.0297e+02   8.3646e+00   0.0000e+00   0.0000e+00   2.5577e+02
20251219_15:00:00   4.4117e-01   1.0308e+02   8.3596e+00   0.0000e+00   0.0000e+00   2.5656e+02
20251219_18:00:00   4.5584e-01   1.0601e+02   8.6642e+00   0.0000e+00   0.0000e+00   2.5735e+02
20251219_21:00:00   4.5482e-01   1.0586e+02   8.8346e+00   0.0000e+00   0.0000e+00   2.5470e+02
20251220_00:00:00   4.3946e-01   1.0314e+02   8.4736e+00   0.0000e+00   0.0000e+00   2.5157e+02
20251220_03:00:00   4.0447e-01   9.7166e+01   7.6722e+00   0.0000e+00   0.0000e+00   2.5094e+02
20251220_06:00:00   3.4399e-01   8.5932e+01   6.4094e+00   0.0000e+00   0.0000e+00   2.5104e+02
20251220_09:00:00   3.1781e-01   8.0351e+01   6.0526e+00   0.0000e+00   0.0000e+00   2.5213e+02
20251220_12:00:00   3.3949e-01   8.4327e+01   6.6099e+00   0.0000e+00   0.0000e+00   2.5212e+02
20251220_15:00:00   3.5777e-01   8.7301e+01   7.1510e+00   0.0000e+00   0.0000e+00   2.5363e+02
20251220_18:00:00   3.4174e-01   8.4272e+01   6.9096e+00   0.0000e+00   0.0000e+00   2.5456e+02
20251220_21:00:00   3.8860e-01   9.2452e+01   8.0563e+00   0.0000e+00   0.0000e+00   2.5545e+02
20251221_00:00:00   3.6728e-01   8.8271e+01   7.6766e+00   0.0000e+00   0.0000e+00   2.5390e+02
20251221_03:00:00   5.2100e-01   1.1543e+02   1.0633e+01   0.0000e+00   0.0000e+00   2.5133e+02
20251221_06:00:00   5.3051e-01   1.1759e+02   1.0679e+01   0.0000e+00   0.0000e+00   2.5074e+02
20251221_09:00:00   4.5102e-01   1.0459e+02   9.0356e+00   0.0000e+00   0.0000e+00   2.5280e+02
20251221_12:00:00   4.2180e-01   9.9675e+01   8.3569e+00   0.0000e+00   0.0000e+00   2.5358e+02
20251221_15:00:00   3.5521e-01   8.7001e+01   7.1078e+00   0.0000e+00   0.0000e+00   2.5757e+02
20251221_18:00:00   2.9363e-01   7.4651e+01   5.9850e+00   0.0000e+00   2.2522e-04   2.5748e+02
20251221_21:00:00   3.2850e-01   8.1981e+01   6.6705e+00   0.0000e+00   3.1241e-03   2.5726e+02
20251222_00:00:00   3.0655e-01   7.7644e+01   6.1752e+00   0.0000e+00   3.5019e-03   2.5670e+02
20251222_03:00:00   2.9459e-01   7.4985e+01   5.9827e+00   0.0000e+00   4.3703e-03   2.5639e+02
20251222_06:00:00   3.0480e-01   7.7078e+01   6.2052e+00   0.0000e+00   1.6529e-03   2.5446e+02
20251222_09:00:00   3.3846e-01   8.3362e+01   6.8750e+00   7.7980e-04   1.3421e-01   2.5392e+02
20251222_12:00:00   3.9948e-01   9.4786e+01   8.1883e+00   0.0000e+00   1.6234e-02   2.5740e+02
20251222_15:00:00   3.6140e-01   8.7236e+01   7.5037e+00   0.0000e+00   4.3252e-02   2.5648e+02
20251222_18:00:00   3.7243e-01   8.8336e+01   8.0010e+00   0.0000e+00   2.4734e-02   2.5601e+02
20251222_21:00:00   3.6712e-01   8.7249e+01   7.9600e+00   0.0000e+00   8.7998e-03   2.5498e+02
20251223_00:00:00   3.9818e-01   9.2625e+01   8.5687e+00   0.0000e+00   1.6985e-02   2.5603e+02
20251223_03:00:00   3.9291e-01   9.1861e+01   8.4065e+00   0.0000e+00   2.7717e-02   2.5610e+02
20251223_06:00:00   4.8066e-01   1.0779e+02   1.0083e+01   0.0000e+00   1.5623e-03   2.5476e+02
20251223_09:00:00   5.4486e-01   1.1783e+02   1.1234e+01   0.0000e+00   4.5933e-03   2.5434e+02
20251223_12:00:00   5.8713e-01   1.2384e+02   1.1925e+01   0.0000e+00   4.9389e-03   2.5650e+02
20251223_15:00:00   6.4348e-01   1.3159e+02   1.2836e+01   0.0000e+00   6.0322e-03   2.5818e+02
20251223_18:00:00   7.0128e-01   1.3943e+02   1.3940e+01   0.0000e+00   1.4600e-02   2.5956e+02
20251223_21:00:00   6.6017e-01   1.3425e+02   1.3211e+01   0.0000e+00   3.4578e-02   2.6132e+02
20251224_00:00:00   6.0590e-01   1.2680e+02   1.2055e+01   0.0000e+00   4.0662e-02   2.6334e+02
20251224_03:00:00   5.6104e-01   1.2040e+02   1.0927e+01   0.0000e+00   8.3776e-03   2.6254e+02
20251224_06:00:00   5.6496e-01   1.2171e+02   1.0603e+01   0.0000e+00   3.0663e-03   2.6166e+02
20251224_09:00:00   5.6585e-01   1.2239e+02   1.0566e+01   0.0000e+00   3.5540e-03   2.6067e+02
20251224_12:00:00   6.1775e-01   1.3055e+02   1.1336e+01   0.0000e+00   2.7895e-03   2.6149e+02
20251224_15:00:00   6.7185e-01   1.3845e+02   1.2239e+01   0.0000e+00   9.8940e-05   2.6369e+02
20251224_18:00:00   7.1491e-01   1.4471e+02   1.3123e+01   0.0000e+00   2.1302e-05   2.6527e+02
20251224_21:00:00   8.2173e-01   1.5897e+02   1.4874e+01   0.0000e+00   5.8517e-04   2.6382e+02
20251225_00:00:00   8.0307e-01   1.5669e+02   1.4614e+01   0.0000e+00   8.6680e-04   2.6385e+02
20251225_03:00:00   8.5684e-01   1.6377e+02   1.5411e+01   0.0000e+00   3.3043e-03   2.6081e+02
20251225_06:00:00   9.6023e-01   1.7551e+02   1.7006e+01   0.0000e+00   1.9036e-03   2.6267e+02
20251225_09:00:00   1.0414e+00   1.8388e+02   1.8257e+01   0.0000e+00   2.2101e-04   2.6202e+02
20251225_12:00:00   1.0267e+00   1.8270e+02   1.8159e+01   0.0000e+00   2.8500e-03   2.6188e+02
20251225_15:00:00   1.0282e+00   1.8272e+02   1.8312e+01   0.0000e+00   0.0000e+00   2.6058e+02
20251225_18:00:00   1.0432e+00   1.8431e+02   1.8717e+01   0.0000e+00   2.0080e-04   2.5783e+02
20251225_21:00:00   1.0202e+00   1.8254e+02   1.8477e+01   0.0000e+00   4.2920e-05   2.5649e+02
20251226_00:00:00   1.0248e+00   1.8279e+02   1.8622e+01   0.0000e+00   1.5292e-04   2.5437e+02
20251226_03:00:00   1.0674e+00   1.8679e+02   1.9361e+01   0.0000e+00   3.4554e-03   2.4920e+02
20251226_06:00:00   1.1294e+00   1.9240e+02   2.0207e+01   5.5780e-05   1.7275e-03   2.4619e+02
20251226_09:00:00   1.1106e+00   1.9073e+02   1.9709e+01   0.0000e+00   6.5479e-04   2.4598e+02
20251226_12:00:00   9.8517e-01   1.7869e+02   1.7769e+01   0.0000e+00   9.2703e-04   2.4716e+02
20251226_15:00:00   9.1240e-01   1.7094e+02   1.6552e+01   0.0000e+00   0.0000e+00   2.4340e+02
20251226_18:00:00   8.2005e-01   1.6073e+02   1.5208e+01   0.0000e+00   0.0000e+00   2.4068e+02
20251226_21:00:00   7.3617e-01   1.5044e+02   1.3876e+01   0.0000e+00   1.9154e-04   2.4084e+02
20251227_00:00:00   8.0103e-01   1.5911e+02   1.4644e+01   0.0000e+00   0.0000e+00   2.4342e+02
20251227_03:00:00   8.5027e-01   1.6523e+02   1.5320e+01   0.0000e+00   0.0000e+00   2.3979e+02
20251227_06:00:00   9.7093e-01   1.7840e+02   1.7445e+01   0.0000e+00   0.0000e+00   2.3683e+02
20251227_09:00:00   1.0175e+00   1.8270e+02   1.8206e+01   0.0000e+00   1.4482e-03   2.3546e+02
20251227_12:00:00   9.7089e-01   1.7779e+02   1.7663e+01   0.0000e+00   2.1480e-04   2.3442e+02
20251227_15:00:00   9.4109e-01   1.7473e+02   1.7211e+01   0.0000e+00   0.0000e+00   2.3696e+02
20251227_18:00:00   8.9594e-01   1.7012e+02   1.6377e+01   0.0000e+00   0.0000e+00   2.3891e+02
20251227_21:00:00   8.4972e-01   1.6526e+02   1.5504e+01   0.0000e+00   0.0000e+00   2.3877e+02
20251228_00:00:00   8.4462e-01   1.6460e+02   1.5278e+01   0.0000e+00   2.4980e-04   2.4160e+02
20251228_03:00:00   8.4452e-01   1.6438e+02   1.5325e+01   0.0000e+00   4.2783e-03   2.4359e+02
20251228_06:00:00   7.7441e-01   1.5541e+02   1.4352e+01   0.0000e+00   3.3401e-03   2.4336e+02
20251228_09:00:00   8.5146e-01   1.6458e+02   1.5301e+01   0.0000e+00   2.3340e-04   2.4469e+02
20251228_12:00:00   8.6229e-01   1.6588e+02   1.5309e+01   0.0000e+00   0.0000e+00   2.4628e+02
