#            date       tau255        Tb[K]      pwv[mm] lwp[kg*m^-2] iwp[kg*m^-2]       o3[DU]
20251201_12:00:00   5.8905e-01   1.2093e+02   6.0515e+00   9.6712e-02   1.2228e-01   3.3092e+02
20251201_13:00:00   3.1888e-01   7.6152e+01   5.0666e+00   9.1100e-04   1.1213e-01   3.2743e+02
20251201_14:00:00   2.4653e-01   6.1871e+01   3.9837e+00   4.6440e-05   1.4950e-03   3.3044e+02
20251201_15:00:00   1.8464e-01   4.8934e+01   2.9408e+00   0.0000e+00   0.0000e+00   3.3354e+02
20251201_16:00:00   1.7021e-01   4.5841e+01   2.7315e+00   0.0000e+00   0.0000e+00   3.3351e+02
20251201_17:00:00   1.6249e-01   4.4155e+01   2.6335e+00   0.0000e+00   0.0000e+00   3.3781e+02
20251201_18:00:00   1.4686e-01   4.0679e+01   2.4176e+00   0.0000e+00   0.0000e+00   3.4288e+02
20251201_19:00:00   1.3739e-01   3.8530e+01   2.2882e+00   0.0000e+00   0.0000e+00   3.4633e+02
20251201_20:00:00   1.3451e-01   3.7881e+01   2.2695e+00   0.0000e+00   0.0000e+00   3.4989e+02
20251201_21:00:00   1.3109e-01   3.7127e+01   2.2292e+00   0.0000e+00   0.0000e+00   3.4687e+02
20251201_22:00:00   1.2719e-01   3.6234e+01   2.1792e+00   0.0000e+00   0.0000e+00   3.4209e+02
20251201_23:00:00   1.3012e-01   3.6887e+01   2.2505e+00   0.0000e+00   0.0000e+00   3.3695e+02
20251202_00:00:00   1.3512e-01   3.8013e+01   2.3688e+00   0.0000e+00   0.0000e+00   3.3270e+02
20251202_01:00:00   1.3460e-01   3.7860e+01   2.3816e+00   0.0000e+00   0.0000e+00   3.3033e+02
20251202_02:00:00   1.2826e-01   3.6368e+01   2.2892e+00   0.0000e+00   0.0000e+00   3.2847e+02
20251202_03:00:00   1.2463e-01   3.5483e+01   2.2606e+00   0.0000e+00   0.0000e+00   3.2837e+02
20251202_04:00:00   1.2675e-01   3.5963e+01   2.3284e+00   0.0000e+00   0.0000e+00   3.2726e+02
20251202_05:00:00   1.2779e-01   3.6237e+01   2.3694e+00   0.0000e+00   0.0000e+00   3.2770e+02
20251202_06:00:00   1.2609e-01   3.5903e+01   2.3366e+00   0.0000e+00   0.0000e+00   3.2862e+02
20251202_07:00:00   1.2577e-01   3.5871e+01   2.3266e+00   0.0000e+00   0.0000e+00   3.3048e+02
20251202_08:00:00   1.2535e-01   3.5804e+01   2.3229e+00   0.0000e+00   0.0000e+00   3.3170e+02
20251202_09:00:00   1.2424e-01   3.5588e+01   2.3001e+00   0.0000e+00   0.0000e+00   3.3060e+02
20251202_10:00:00   1.2572e-01   3.5936e+01   2.3361e+00   0.0000e+00   0.0000e+00   3.2854e+02
20251202_11:00:00   1.2626e-01   3.6062e+01   2.3554e+00   0.0000e+00   0.0000e+00   3.2701e+02
20251202_12:00:00   1.2815e-01   3.6485e+01   2.4026e+00   0.0000e+00   0.0000e+00   3.2798e+02
20251202_13:00:00   1.2936e-01   3.6812e+01   2.4220e+00   0.0000e+00   0.0000e+00   3.2806e+02
20251202_14:00:00   1.3748e-01   3.8705e+01   2.6041e+00   0.0000e+00   0.0000e+00   3.2848e+02
20251202_15:00:00   1.4106e-01   3.9514e+01   2.7007e+00   0.0000e+00   0.0000e+00   3.2828e+02
20251202_16:00:00   1.3579e-01   3.8354e+01   2.6005e+00   0.0000e+00   0.0000e+00   3.2823e+02
20251202_17:00:00   1.3540e-01   3.8268e+01   2.6190e+00   0.0000e+00   0.0000e+00   3.2917e+02
20251202_18:00:00   1.4306e-01   4.0020e+01   2.8042e+00   0.0000e+00   0.0000e+00   3.3149e+02
20251202_19:00:00   1.5313e-01   4.2284e+01   3.0304e+00   0.0000e+00   0.0000e+00   3.3333e+02
20251202_20:00:00   1.6732e-01   4.5480e+01   3.3312e+00   0.0000e+00   0.0000e+00   3.3270e+02
20251202_21:00:00   1.7813e-01   4.7809e+01   3.5620e+00   0.0000e+00   0.0000e+00   3.2647e+02
20251202_22:00:00   2.0222e-01   5.3144e+01   4.0477e+00   0.0000e+00   2.3980e-05   3.2201e+02
20251202_23:00:00   2.2765e-01   5.8514e+01   4.5484e+00   0.0000e+00   3.7860e-05   3.2252e+02
20251203_00:00:00   2.5079e-01   6.3237e+01   4.9951e+00   0.0000e+00   2.1879e-04   3.2491e+02
20251203_01:00:00   2.5092e-01   6.3175e+01   5.0092e+00   0.0000e+00   6.0080e-05   3.2886e+02
20251203_02:00:00   2.7885e-01   6.8732e+01   5.5743e+00   0.0000e+00   3.0720e-06   3.3704e+02
20251203_03:00:00   3.0028e-01   7.2835e+01   6.0226e+00   0.0000e+00   3.6200e-04   3.4220e+02
20251203_04:00:00   3.0540e-01   7.3471e+01   6.1434e+00   0.0000e+00   5.5892e-03   3.3985e+02
20251203_05:00:00   2.4992e-01   6.2710e+01   4.8589e+00   0.0000e+00   2.2036e-03   3.4005e+02
20251203_06:00:00   2.1883e-01   5.6627e+01   4.0904e+00   0.0000e+00   1.8968e-03   3.4195e+02
20251203_07:00:00   2.1979e-01   5.6758e+01   4.1331e+00   0.0000e+00   2.2860e-04   3.4264e+02
20251203_08:00:00   2.2925e-01   5.8543e+01   4.3912e+00   0.0000e+00   0.0000e+00   3.3980e+02
20251203_09:00:00   2.2583e-01   5.7685e+01   4.3751e+00   0.0000e+00   1.9486e-04   3.4092e+02
20251203_10:00:00   2.2358e-01   5.7125e+01   4.3292e+00   0.0000e+00   4.5983e-04   3.4604e+02
20251203_11:00:00   2.3230e-01   5.8909e+01   4.4734e+00   0.0000e+00   0.0000e+00   3.4702e+02
20251203_12:00:00   2.3189e-01   5.8658e+01   4.4647e+00   0.0000e+00   0.0000e+00   3.5015e+02
20251203_13:00:00   2.2805e-01   5.7681e+01   4.4017e+00   0.0000e+00   7.9360e-07   3.5112e+02
20251203_14:00:00   2.4043e-01   6.0061e+01   4.6437e+00   0.0000e+00   7.4360e-04   3.5154e+02
20251203_15:00:00   2.5227e-01   6.2498e+01   4.8320e+00   0.0000e+00   1.0531e-03   3.4946e+02
20251203_16:00:00   2.6319e-01   6.4674e+01   5.0246e+00   0.0000e+00   1.4081e-03   3.4562e+02
20251203_17:00:00   2.8383e-01   6.8692e+01   5.3697e+00   0.0000e+00   1.4626e-03   3.4176e+02
20251203_18:00:00   2.9200e-01   7.0286e+01   5.4892e+00   0.0000e+00   1.4779e-04   3.3961e+02
20251203_19:00:00   3.0045e-01   7.2033e+01   5.5621e+00   9.0420e-05   1.7680e-03   3.3851e+02
20251203_20:00:00   3.1450e-01   7.4921e+01   5.7029e+00   4.7260e-04   1.7522e-02   3.3759e+02
20251203_21:00:00   3.6686e-01   8.4897e+01   6.4285e+00   7.2623e-04   9.2286e-02   3.3890e+02
20251203_22:00:00   4.0139e-01   9.1085e+01   6.8698e+00   8.6100e-04   1.4381e-01   3.4043e+02
20251203_23:00:00   4.1396e-01   9.3145e+01   7.0560e+00   0.0000e+00   1.7486e-01   3.4121e+02
20251204_00:00:00   4.3490e-01   9.6617e+01   7.2734e+00   6.5170e-05   2.4711e-01   3.4009e+02
20251204_01:00:00   4.2987e-01   9.5577e+01   7.1921e+00   0.0000e+00   2.0125e-01   3.4108e+02
20251204_02:00:00   4.1788e-01   9.3451e+01   6.9609e+00   4.2460e-06   1.8568e-01   3.4355e+02
20251204_03:00:00   4.1529e-01   9.2959e+01   6.8451e+00   0.0000e+00   2.0248e-01   3.4745e+02
20251204_04:00:00   4.0810e-01   9.1666e+01   6.7306e+00   5.2780e-06   1.7371e-01   3.4760e+02
20251204_05:00:00   3.7691e-01   8.6299e+01   6.2712e+00   0.0000e+00   4.7724e-02   3.4801e+02
20251204_06:00:00   3.2604e-01   7.7179e+01   5.4527e+00   0.0000e+00   1.0775e-03   3.4978e+02
20251204_07:00:00   2.9211e-01   7.0781e+01   4.8939e+00   0.0000e+00   5.1300e-05   3.5205e+02
20251204_08:00:00   2.7127e-01   6.6694e+01   4.5422e+00   0.0000e+00   6.7940e-06   3.5582e+02
20251204_09:00:00   2.4526e-01   6.1516e+01   4.1008e+00   0.0000e+00   6.7940e-06   3.5928e+02
20251204_10:00:00   2.2852e-01   5.8110e+01   3.7915e+00   0.0000e+00   0.0000e+00   3.6340e+02
20251204_11:00:00   2.1310e-01   5.4917e+01   3.5140e+00   0.0000e+00   0.0000e+00   3.6277e+02
20251204_12:00:00   1.9568e-01   5.1253e+01   3.2066e+00   0.0000e+00   0.0000e+00   3.5903e+02
20251204_13:00:00   1.8821e-01   4.9650e+01   3.0669e+00   0.0000e+00   0.0000e+00   3.5478e+02
20251204_14:00:00   1.8370e-01   4.8665e+01   2.9906e+00   0.0000e+00   0.0000e+00   3.5305e+02
20251204_15:00:00   1.7154e-01   4.6032e+01   2.7778e+00   0.0000e+00   0.0000e+00   3.5133e+02
20251204_16:00:00   1.6160e-01   4.3869e+01   2.6182e+00   0.0000e+00   0.0000e+00   3.4849e+02
20251204_17:00:00   1.5086e-01   4.1477e+01   2.4798e+00   0.0000e+00   0.0000e+00   3.4641e+02
20251204_18:00:00   1.5209e-01   4.1762e+01   2.5373e+00   0.0000e+00   0.0000e+00   3.4541e+02
20251204_19:00:00   1.4077e-01   3.9227e+01   2.3684e+00   0.0000e+00   0.0000e+00   3.4289e+02
20251204_20:00:00   1.3644e-01   3.8270e+01   2.3113e+00   0.0000e+00   0.0000e+00   3.4032e+02
20251204_21:00:00   1.3262e-01   3.7431e+01   2.2533e+00   0.0000e+00   9.9200e-07   3.3839e+02
20251204_22:00:00   1.2804e-01   3.6411e+01   2.1685e+00   0.0000e+00   0.0000e+00   3.3759e+02
20251204_23:00:00   1.2789e-01   3.6338e+01   2.1812e+00   0.0000e+00   5.7200e-05   3.3769e+02
20251205_00:00:00   1.2784e-01   3.6258e+01   2.2053e+00   0.0000e+00   0.0000e+00   3.3512e+02
20251205_01:00:00   1.4122e-01   3.9279e+01   2.4774e+00   0.0000e+00   5.1376e-05   3.3416e+02
20251205_02:00:00   1.5649e-01   4.2720e+01   2.7611e+00   0.0000e+00   1.1278e-03   3.3445e+02
20251205_03:00:00   1.7100e-01   4.5927e+01   3.0171e+00   0.0000e+00   3.8380e-03   3.3241e+02
20251205_04:00:00   1.7811e-01   4.7515e+01   3.1361e+00   0.0000e+00   5.2062e-03   3.3090e+02
20251205_05:00:00   1.7916e-01   4.7824e+01   3.1275e+00   0.0000e+00   6.7940e-05   3.2763e+02
20251205_06:00:00   1.7609e-01   4.7029e+01   3.1156e+00   0.0000e+00   0.0000e+00   3.2220e+02
20251205_07:00:00   1.7179e-01   4.5950e+01   3.0804e+00   0.0000e+00   0.0000e+00   3.1704e+02
20251205_08:00:00   1.6895e-01   4.5269e+01   3.0724e+00   0.0000e+00   0.0000e+00   3.1581e+02
20251205_09:00:00   1.6361e-01   4.4037e+01   2.9954e+00   0.0000e+00   0.0000e+00   3.1348e+02
20251205_10:00:00   1.5708e-01   4.2558e+01   2.8772e+00   0.0000e+00   0.0000e+00   3.1137e+02
20251205_11:00:00   1.5636e-01   4.2338e+01   2.8930e+00   0.0000e+00   0.0000e+00   3.0639e+02
20251205_12:00:00   1.5684e-01   4.2371e+01   2.9338e+00   0.0000e+00   3.5846e-04   3.0378e+02
20251205_13:00:00   1.6462e-01   4.3990e+01   3.1361e+00   0.0000e+00   1.6577e-03   3.0206e+02
20251205_14:00:00   1.7723e-01   4.6678e+01   3.4315e+00   0.0000e+00   6.8938e-03   2.9981e+02
20251205_15:00:00   1.9449e-01   5.0302e+01   3.8078e+00   0.0000e+00   2.2974e-02   2.9967e+02
20251205_16:00:00   2.1186e-01   5.3955e+01   4.1702e+00   0.0000e+00   1.9452e-02   2.9948e+02
20251205_17:00:00   2.2186e-01   5.6160e+01   4.3969e+00   0.0000e+00   4.0687e-04   2.9774e+02
20251205_18:00:00   2.2088e-01   5.6171e+01   4.3594e+00   0.0000e+00   3.3980e-06   2.9572e+02
20251205_19:00:00   2.2587e-01   5.7551e+01   4.3808e+00   0.0000e+00   0.0000e+00   2.9369e+02
20251205_20:00:00   2.2965e-01   5.8511e+01   4.4087e+00   0.0000e+00   0.0000e+00   2.9377e+02
20251205_21:00:00   2.3551e-01   5.9813e+01   4.5236e+00   0.0000e+00   0.0000e+00   2.9376e+02
20251205_22:00:00   2.3795e-01   6.0338e+01   4.5766e+00   0.0000e+00   0.0000e+00   2.9211e+02
20251205_23:00:00   2.3187e-01   5.9127e+01   4.4755e+00   0.0000e+00   0.0000e+00   2.8787e+02
20251206_00:00:00   2.2113e-01   5.6985e+01   4.2885e+00   0.0000e+00   0.0000e+00   2.8680e+02
20251206_01:00:00   2.1935e-01   5.6631e+01   4.2688e+00   0.0000e+00   0.0000e+00   2.8418e+02
20251206_02:00:00   2.1956e-01   5.6748e+01   4.2827e+00   0.0000e+00   0.0000e+00   2.8435e+02
20251206_03:00:00   2.1920e-01   5.6721e+01   4.2899e+00   0.0000e+00   0.0000e+00   2.8637e+02
20251206_04:00:00   2.2372e-01   5.7690e+01   4.3823e+00   0.0000e+00   0.0000e+00   2.8609e+02
20251206_05:00:00   2.3150e-01   5.9301e+01   4.5502e+00   0.0000e+00   0.0000e+00   2.8532e+02
20251206_06:00:00   2.4225e-01   6.1533e+01   4.7773e+00   0.0000e+00   0.0000e+00   2.8499e+02
20251206_07:00:00   2.5097e-01   6.3343e+01   4.9886e+00   0.0000e+00   0.0000e+00   2.8269e+02
20251206_08:00:00   2.6704e-01   6.6564e+01   5.3341e+00   0.0000e+00   0.0000e+00   2.8061e+02
20251206_09:00:00   2.7083e-01   6.7392e+01   5.4091e+00   0.0000e+00   0.0000e+00   2.7726e+02
20251206_10:00:00   2.8634e-01   7.0528e+01   5.7241e+00   0.0000e+00   0.0000e+00   2.7405e+02
20251206_11:00:00   3.0214e-01   7.3623e+01   6.0307e+00   0.0000e+00   0.0000e+00   2.7089e+02
20251206_12:00:00   3.2278e-01   7.7722e+01   6.4083e+00   0.0000e+00   0.0000e+00   2.6881e+02
20251206_15:00:00   3.0846e-01   7.4997e+01   6.2038e+00   0.0000e+00   0.0000e+00   2.7071e+02
20251206_18:00:00   3.1923e-01   7.7171e+01   6.4283e+00   0.0000e+00   0.0000e+00   2.7033e+02
20251206_21:00:00   2.7092e-01   6.8035e+01   5.3848e+00   0.0000e+00   0.0000e+00   2.6971e+02
20251207_00:00:00   2.6637e-01   6.7021e+01   5.1848e+00   0.0000e+00   0.0000e+00   2.6833e+02
20251207_03:00:00   2.7615e-01   6.8966e+01   5.2956e+00   0.0000e+00   0.0000e+00   2.6690e+02
20251207_06:00:00   3.1261e-01   7.6189e+01   5.8921e+00   0.0000e+00   0.0000e+00   2.7214e+02
20251207_09:00:00   3.0683e-01   7.5074e+01   5.5666e+00   0.0000e+00   0.0000e+00   2.7634e+02
20251207_12:00:00   2.6572e-01   6.6890e+01   4.6576e+00   0.0000e+00   0.0000e+00   2.7975e+02
20251207_15:00:00   2.1728e-01   5.6731e+01   3.8321e+00   0.0000e+00   0.0000e+00   2.7738e+02
20251207_18:00:00   2.1072e-01   5.5350e+01   3.8729e+00   0.0000e+00   0.0000e+00   2.7466e+02
20251207_21:00:00   2.1083e-01   5.5417e+01   4.0416e+00   0.0000e+00   0.0000e+00   2.6996e+02
20251208_00:00:00   1.8353e-01   4.9467e+01   3.5589e+00   0.0000e+00   0.0000e+00   2.7047e+02
20251208_03:00:00   1.5366e-01   4.2746e+01   2.9719e+00   0.0000e+00   0.0000e+00   2.7327e+02
20251208_06:00:00   1.4515e-01   4.0635e+01   2.8581e+00   0.0000e+00   0.0000e+00   2.7408e+02
20251208_09:00:00   1.3611e-01   3.8623e+01   2.6377e+00   0.0000e+00   0.0000e+00   2.7122e+02
20251208_12:00:00   1.8668e-01   5.0031e+01   3.7009e+00   0.0000e+00   0.0000e+00   2.7326e+02
20251208_15:00:00   2.5863e-01   6.5430e+01   5.1119e+00   0.0000e+00   1.6062e-04   2.7559e+02
20251208_18:00:00   2.9734e-01   7.3205e+01   5.8472e+00   0.0000e+00   5.3301e-03   2.8090e+02
20251208_21:00:00   3.2491e-01   7.8520e+01   6.3149e+00   0.0000e+00   1.0676e-02   2.9124e+02
20251209_00:00:00   2.4325e-01   6.2713e+01   4.4601e+00   0.0000e+00   0.0000e+00   2.9575e+02
20251209_03:00:00   2.3218e-01   6.0136e+01   4.1441e+00   0.0000e+00   0.0000e+00   3.0240e+02
20251209_06:00:00   1.4448e-01   4.0871e+01   2.3859e+00   0.0000e+00   0.0000e+00   3.1493e+02
20251209_09:00:00   1.0797e-01   3.2229e+01   1.7025e+00   0.0000e+00   0.0000e+00   3.0997e+02
20251209_12:00:00   1.0838e-01   3.2233e+01   1.7544e+00   0.0000e+00   0.0000e+00   2.9463e+02
20251209_15:00:00   9.0191e-02   2.7669e+01   1.5024e+00   0.0000e+00   0.0000e+00   2.9238e+02
20251209_18:00:00   1.0534e-01   3.0979e+01   2.0295e+00   0.0000e+00   0.0000e+00   2.8872e+02
20251209_21:00:00   1.5595e-01   4.2456e+01   3.3108e+00   0.0000e+00   0.0000e+00   2.8583e+02
20251210_00:00:00   2.3145e-01   5.8741e+01   4.9917e+00   0.0000e+00   3.8780e-04   2.8830e+02
20251210_03:00:00   2.3507e-01   5.9793e+01   5.0603e+00   0.0000e+00   1.5256e-03   2.8386e+02
20251210_06:00:00   2.0688e-01   5.4510e+01   4.2855e+00   0.0000e+00   4.1157e-03   2.8249e+02
20251210_09:00:00   2.6742e-01   6.7368e+01   5.4133e+00   0.0000e+00   3.9680e-06   2.8686e+02
20251210_12:00:00   2.8437e-01   7.1049e+01   5.6957e+00   0.0000e+00   4.3900e-05   2.8917e+02
20251210_15:00:00   3.0090e-01   7.4606e+01   6.0415e+00   0.0000e+00   3.4132e-03   2.8231e+02
20251210_18:00:00   3.3781e-01   8.1734e+01   6.8794e+00   0.0000e+00   1.3798e-02   2.7825e+02
20251210_21:00:00   3.4174e-01   8.2723e+01   6.9820e+00   0.0000e+00   5.4168e-04   2.7283e+02
20251211_00:00:00   3.4489e-01   8.3137e+01   7.0851e+00   0.0000e+00   3.3497e-02   2.7205e+02
20251211_03:00:00   2.7858e-01   7.0552e+01   5.5347e+00   0.0000e+00   0.0000e+00   2.7208e+02
20251211_06:00:00   2.6093e-01   6.6928e+01   5.1218e+00   0.0000e+00   0.0000e+00   2.6926e+02
20251211_09:00:00   2.8795e-01   7.2602e+01   5.6562e+00   0.0000e+00   1.5276e-04   2.6963e+02
20251211_12:00:00   3.2071e-01   7.9086e+01   6.2372e+00   0.0000e+00   1.8626e-05   2.6709e+02
20251211_15:00:00   3.4521e-01   8.3571e+01   6.8157e+00   0.0000e+00   4.8460e-04   2.6522e+02
20251211_18:00:00   3.6753e-01   8.7600e+01   7.4326e+00   0.0000e+00   0.0000e+00   2.6493e+02
20251211_21:00:00   4.0007e-01   9.3515e+01   8.1335e+00   0.0000e+00   7.4480e-05   2.6579e+02
20251212_00:00:00   4.1259e-01   9.5717e+01   8.3521e+00   0.0000e+00   2.4560e-05   2.6447e+02
20251212_03:00:00   4.2227e-01   9.7415e+01   8.4093e+00   0.0000e+00   0.0000e+00   2.6835e+02
20251212_06:00:00   4.2520e-01   9.7914e+01   8.4419e+00   0.0000e+00   0.0000e+00   2.6774e+02
20251212_09:00:00   4.1644e-01   9.6401e+01   8.1704e+00   0.0000e+00   0.0000e+00   2.7306e+02
20251212_12:00:00   4.0875e-01   9.5112e+01   7.9258e+00   0.0000e+00   0.0000e+00   2.7341e+02
20251212_15:00:00   3.8887e-01   9.1627e+01   7.5103e+00   0.0000e+00   0.0000e+00   2.7186e+02
20251212_18:00:00   4.0112e-01   9.3999e+01   7.7422e+00   0.0000e+00   0.0000e+00   2.7976e+02
20251212_21:00:00   4.0055e-01   9.4139e+01   7.7441e+00   0.0000e+00   0.0000e+00   2.7919e+02
20251213_00:00:00   3.9157e-01   9.2518e+01   7.5269e+00   0.0000e+00   0.0000e+00   2.7670e+02
20251213_03:00:00   3.6166e-01   8.6935e+01   6.9430e+00   0.0000e+00   0.0000e+00   2.7811e+02
20251213_06:00:00   3.3083e-01   8.0955e+01   6.4055e+00   0.0000e+00   0.0000e+00   2.7260e+02
20251213_09:00:00   3.3203e-01   8.1106e+01   6.3936e+00   0.0000e+00   0.0000e+00   2.6871e+02
20251213_12:00:00   3.1615e-01   7.8039e+01   6.0667e+00   0.0000e+00   0.0000e+00   2.6910e+02
20251213_15:00:00   2.8751e-01   7.2437e+01   5.5160e+00   0.0000e+00   0.0000e+00   2.7092e+02
20251213_18:00:00   2.7031e-01   6.9187e+01   5.2143e+00   0.0000e+00   0.0000e+00   2.7088e+02
20251213_21:00:00   2.7112e-01   6.9548e+01   5.2392e+00   0.0000e+00   0.0000e+00   2.6697e+02
20251214_00:00:00   2.5033e-01   6.5125e+01   4.8298e+00   0.0000e+00   0.0000e+00   2.7255e+02
20251214_03:00:00   2.2612e-01   5.9908e+01   4.2999e+00   0.0000e+00   0.0000e+00   2.7136e+02
20251214_06:00:00   2.4045e-01   6.2829e+01   4.6067e+00   0.0000e+00   0.0000e+00   2.7382e+02
20251214_09:00:00   2.4340e-01   6.3290e+01   4.7213e+00   0.0000e+00   0.0000e+00   2.7665e+02
20251214_12:00:00   2.4128e-01   6.2688e+01   4.7039e+00   0.0000e+00   0.0000e+00   2.7749e+02
20251214_15:00:00   2.4763e-01   6.3950e+01   4.8119e+00   0.0000e+00   0.0000e+00   2.7695e+02
20251214_18:00:00   2.8314e-01   7.0988e+01   5.6615e+00   0.0000e+00   0.0000e+00   2.7976e+02
20251214_21:00:00   3.1880e-01   7.7981e+01   6.3853e+00   0.0000e+00   0.0000e+00   2.8482e+02
20251215_00:00:00   3.3222e-01   8.0567e+01   6.5917e+00   0.0000e+00   0.0000e+00   2.8739e+02
20251215_03:00:00   3.5458e-01   8.4535e+01   6.9703e+00   0.0000e+00   1.7381e-03   2.8880e+02
20251215_06:00:00   3.4739e-01   8.3051e+01   6.7940e+00   0.0000e+00   3.4756e-03   2.8757e+02
20251215_09:00:00   3.4460e-01   8.2445e+01   6.6880e+00   0.0000e+00   5.2898e-04   2.8513e+02
20251215_12:00:00   3.4249e-01   8.2174e+01   6.5959e+00   0.0000e+00   0.0000e+00   2.8524e+02
20251215_15:00:00   3.3778e-01   8.1578e+01   6.4211e+00   0.0000e+00   0.0000e+00   2.8491e+02
20251215_18:00:00   3.9391e-01   9.1978e+01   7.5350e+00   0.0000e+00   9.9200e-06   2.8557e+02
20251215_21:00:00   4.7573e-01   1.0603e+02   9.1499e+00   0.0000e+00   4.9064e-03   2.8017e+02
20251216_00:00:00   4.4301e-01   1.0006e+02   8.5486e+00   0.0000e+00   1.7693e-02   2.7630e+02
20251216_03:00:00   3.5441e-01   8.3777e+01   7.1094e+00   0.0000e+00   4.1912e-02   2.7106e+02
20251216_06:00:00   3.7662e-01   8.7603e+01   7.5714e+00   0.0000e+00   3.8437e-02   2.6803e+02
20251216_09:00:00   4.4069e-01   9.8615e+01   8.7772e+00   0.0000e+00   1.2402e-02   2.7349e+02
20251216_12:00:00   4.3307e-01   9.7641e+01   8.4240e+00   0.0000e+00   3.0354e-05   2.7807e+02
20251216_15:00:00   3.9211e-01   9.1027e+01   7.4132e+00   0.0000e+00   1.2998e-03   2.7691e+02
20251216_18:00:00   4.0578e-01   9.3321e+01   7.8159e+00   0.0000e+00   4.9916e-03   2.7799e+02
20251216_21:00:00   4.9266e-01   1.0765e+02   9.4351e+00   0.0000e+00   5.8455e-02   2.7552e+02
20251217_00:00:00   5.6943e-01   1.1917e+02   1.0288e+01   0.0000e+00   4.9972e-01   2.7950e+02
20251217_03:00:00   5.8161e-01   1.2074e+02   1.0246e+01   3.3980e-06   1.7281e-01   2.8375e+02
20251217_06:00:00   4.3804e-01   9.8182e+01   7.7605e+00   0.0000e+00   4.9516e-04   2.8830e+02
20251217_09:00:00   7.4359e-01   1.4269e+02   7.7952e+00   1.1965e-01   5.9537e-02   2.9918e+02
20251217_12:00:00   1.9002e-01   5.0210e+01   2.9640e+00   3.2640e-06   9.2654e-04   3.1335e+02
