#            date       tau255        Tb[K]      pwv[mm] lwp[kg*m^-2] iwp[kg*m^-2]       o3[DU]
20251210_18:00:00   3.4104e-01   8.3532e+01   6.4097e+00   0.0000e+00   0.0000e+00   2.8675e+02
20251210_19:00:00   3.7359e-01   8.9632e+01   6.9645e+00   0.0000e+00   0.0000e+00   2.8800e+02
20251210_20:00:00   3.8150e-01   9.1275e+01   7.1524e+00   0.0000e+00   0.0000e+00   2.8909e+02
20251210_21:00:00   3.7946e-01   9.1019e+01   7.1614e+00   0.0000e+00   0.0000e+00   2.8777e+02
20251210_22:00:00   3.7988e-01   9.1100e+01   7.2210e+00   0.0000e+00   0.0000e+00   2.8878e+02
20251210_23:00:00   3.7669e-01   9.0429e+01   7.2448e+00   0.0000e+00   0.0000e+00   2.8726e+02
20251211_00:00:00   3.7702e-01   9.0285e+01   7.3144e+00   0.0000e+00   0.0000e+00   2.8294e+02
20251211_01:00:00   3.8180e-01   9.0932e+01   7.4317e+00   0.0000e+00   0.0000e+00   2.8075e+02
20251211_02:00:00   3.7847e-01   9.0252e+01   7.4178e+00   0.0000e+00   0.0000e+00   2.7721e+02
20251211_03:00:00   3.6373e-01   8.7508e+01   7.1848e+00   0.0000e+00   0.0000e+00   2.7458e+02
20251211_04:00:00   3.4150e-01   8.3328e+01   6.7689e+00   0.0000e+00   0.0000e+00   2.7601e+02
20251211_05:00:00   3.3495e-01   8.2024e+01   6.5940e+00   0.0000e+00   0.0000e+00   2.7724e+02
20251211_06:00:00   3.1939e-01   7.9013e+01   6.2818e+00   0.0000e+00   0.0000e+00   2.7548e+02
20251211_07:00:00   3.0829e-01   7.6819e+01   6.0789e+00   0.0000e+00   0.0000e+00   2.7334e+02
20251211_08:00:00   3.0806e-01   7.6752e+01   6.0593e+00   0.0000e+00   0.0000e+00   2.7052e+02
20251211_09:00:00   3.0209e-01   7.5554e+01   5.9386e+00   0.0000e+00   0.0000e+00   2.7071e+02
20251211_10:00:00   2.9140e-01   7.3417e+01   5.7350e+00   0.0000e+00   0.0000e+00   2.7240e+02
20251211_11:00:00   2.8472e-01   7.2031e+01   5.5993e+00   0.0000e+00   0.0000e+00   2.7350e+02
20251211_12:00:00   2.8953e-01   7.2993e+01   5.7000e+00   0.0000e+00   0.0000e+00   2.7339e+02
20251211_13:00:00   2.8755e-01   7.2572e+01   5.6622e+00   0.0000e+00   0.0000e+00   2.7268e+02
20251211_14:00:00   2.7957e-01   7.0965e+01   5.5057e+00   0.0000e+00   0.0000e+00   2.7395e+02
20251211_15:00:00   2.7629e-01   7.0278e+01   5.4341e+00   0.0000e+00   0.0000e+00   2.7608e+02
20251211_16:00:00   2.7975e-01   7.0962e+01   5.4963e+00   0.0000e+00   0.0000e+00   2.7633e+02
20251211_17:00:00   2.8281e-01   7.1597e+01   5.5571e+00   0.0000e+00   0.0000e+00   2.7640e+02
20251211_18:00:00   2.7740e-01   7.0574e+01   5.4902e+00   0.0000e+00   0.0000e+00   2.7403e+02
20251211_19:00:00   2.6750e-01   6.8592e+01   5.3464e+00   0.0000e+00   0.0000e+00   2.7392e+02
20251211_20:00:00   2.6641e-01   6.8387e+01   5.3470e+00   0.0000e+00   0.0000e+00   2.7531e+02
20251211_21:00:00   2.6955e-01   6.9052e+01   5.4149e+00   0.0000e+00   0.0000e+00   2.7518e+02
20251211_22:00:00   2.6822e-01   6.8757e+01   5.3956e+00   0.0000e+00   0.0000e+00   2.7455e+02
20251211_23:00:00   2.6904e-01   6.8948e+01   5.3975e+00   0.0000e+00   0.0000e+00   2.7523e+02
20251212_00:00:00   2.7066e-01   6.9270e+01   5.3950e+00   0.0000e+00   0.0000e+00   2.7554e+02
20251212_01:00:00   2.6638e-01   6.8396e+01   5.2756e+00   0.0000e+00   0.0000e+00   2.7778e+02
20251212_02:00:00   2.5883e-01   6.6869e+01   5.0762e+00   0.0000e+00   0.0000e+00   2.7591e+02
20251212_03:00:00   2.5416e-01   6.5939e+01   4.9264e+00   0.0000e+00   0.0000e+00   2.7126e+02
20251212_04:00:00   2.4934e-01   6.4930e+01   4.8034e+00   0.0000e+00   0.0000e+00   2.7123e+02
20251212_05:00:00   2.4220e-01   6.3402e+01   4.6647e+00   0.0000e+00   0.0000e+00   2.7098e+02
20251212_06:00:00   2.4065e-01   6.3097e+01   4.6265e+00   0.0000e+00   0.0000e+00   2.7346e+02
20251212_07:00:00   2.3680e-01   6.2320e+01   4.5231e+00   0.0000e+00   0.0000e+00   2.7588e+02
20251212_08:00:00   2.2796e-01   6.0501e+01   4.3080e+00   0.0000e+00   0.0000e+00   2.7458e+02
20251212_09:00:00   2.1288e-01   5.7235e+01   3.9709e+00   0.0000e+00   0.0000e+00   2.7358e+02
20251212_10:00:00   2.0572e-01   5.5579e+01   3.8195e+00   0.0000e+00   0.0000e+00   2.7594e+02
20251212_11:00:00   2.0756e-01   5.5887e+01   3.8797e+00   0.0000e+00   0.0000e+00   2.7886e+02
20251212_12:00:00   2.1518e-01   5.7416e+01   4.0662e+00   0.0000e+00   0.0000e+00   2.8132e+02
20251212_13:00:00   2.1686e-01   5.7652e+01   4.1192e+00   0.0000e+00   0.0000e+00   2.8342e+02
20251212_14:00:00   2.1782e-01   5.7741e+01   4.1620e+00   0.0000e+00   0.0000e+00   2.8410e+02
20251212_15:00:00   2.1303e-01   5.6652e+01   4.0963e+00   0.0000e+00   0.0000e+00   2.8311e+02
20251212_16:00:00   2.0387e-01   5.4622e+01   3.9393e+00   0.0000e+00   0.0000e+00   2.8302e+02
20251212_17:00:00   1.9887e-01   5.3539e+01   3.8436e+00   0.0000e+00   0.0000e+00   2.8404e+02
20251212_18:00:00   1.8775e-01   5.1096e+01   3.6588e+00   0.0000e+00   0.0000e+00   2.8259e+02
20251212_19:00:00   1.7829e-01   4.8959e+01   3.5045e+00   0.0000e+00   0.0000e+00   2.8343e+02
20251212_20:00:00   1.8674e-01   5.0928e+01   3.6803e+00   0.0000e+00   0.0000e+00   2.8471e+02
20251212_21:00:00   1.9249e-01   5.2282e+01   3.7923e+00   0.0000e+00   0.0000e+00   2.8574e+02
20251212_22:00:00   1.8950e-01   5.1626e+01   3.7272e+00   0.0000e+00   0.0000e+00   2.8436e+02
20251212_23:00:00   1.7824e-01   4.9066e+01   3.4900e+00   0.0000e+00   0.0000e+00   2.8338e+02
20251213_00:00:00   1.7475e-01   4.8279e+01   3.3977e+00   0.0000e+00   0.0000e+00   2.8284e+02
20251213_01:00:00   1.7368e-01   4.8048e+01   3.3622e+00   0.0000e+00   0.0000e+00   2.8235e+02
20251213_02:00:00   1.7398e-01   4.8118e+01   3.3596e+00   0.0000e+00   0.0000e+00   2.8202e+02
20251213_03:00:00   1.7386e-01   4.8086e+01   3.3530e+00   0.0000e+00   0.0000e+00   2.8195e+02
20251213_04:00:00   1.6716e-01   4.6542e+01   3.2187e+00   0.0000e+00   0.0000e+00   2.8106e+02
20251213_05:00:00   1.6015e-01   4.4932e+01   3.0748e+00   0.0000e+00   0.0000e+00   2.8023e+02
20251213_06:00:00   1.5199e-01   4.3039e+01   2.9041e+00   0.0000e+00   0.0000e+00   2.8078e+02
20251213_07:00:00   1.4443e-01   4.1251e+01   2.7484e+00   0.0000e+00   0.0000e+00   2.7957e+02
20251213_08:00:00   1.3969e-01   4.0106e+01   2.6575e+00   0.0000e+00   0.0000e+00   2.8031e+02
20251213_09:00:00   1.3656e-01   3.9341e+01   2.5987e+00   0.0000e+00   0.0000e+00   2.8402e+02
20251213_10:00:00   1.3284e-01   3.8411e+01   2.5252e+00   0.0000e+00   0.0000e+00   2.8340e+02
20251213_11:00:00   1.3154e-01   3.8041e+01   2.5035e+00   0.0000e+00   4.1600e-06   2.8488e+02
20251213_12:00:00   1.3034e-01   3.7745e+01   2.4782e+00   0.0000e+00   0.0000e+00   2.8608e+02
20251213_13:00:00   1.3650e-01   3.9221e+01   2.6051e+00   0.0000e+00   1.5482e-05   2.8078e+02
20251213_14:00:00   1.4954e-01   4.2317e+01   2.8683e+00   0.0000e+00   3.4361e-04   2.7934e+02
20251213_15:00:00   1.5828e-01   4.4379e+01   3.0301e+00   0.0000e+00   6.5959e-04   2.8288e+02
20251213_16:00:00   1.6415e-01   4.5717e+01   3.1484e+00   0.0000e+00   4.4637e-04   2.8072e+02
20251213_17:00:00   1.6520e-01   4.5957e+01   3.1741e+00   0.0000e+00   4.0960e-05   2.7851e+02
20251213_18:00:00   1.6815e-01   4.6711e+01   3.2313e+00   0.0000e+00   0.0000e+00   2.7497e+02
20251213_19:00:00   1.6410e-01   4.5838e+01   3.1528e+00   0.0000e+00   0.0000e+00   2.7303e+02
20251213_20:00:00   1.6399e-01   4.5862e+01   3.1487e+00   0.0000e+00   1.5482e-05   2.7209e+02
20251213_21:00:00   1.5876e-01   4.4648e+01   3.0559e+00   0.0000e+00   0.0000e+00   2.7341e+02
20251213_22:00:00   1.5829e-01   4.4526e+01   3.0521e+00   0.0000e+00   0.0000e+00   2.7439e+02
20251213_23:00:00   1.5936e-01   4.4750e+01   3.0780e+00   0.0000e+00   0.0000e+00   2.7428e+02
20251214_00:00:00   1.6069e-01   4.5023e+01   3.1048e+00   0.0000e+00   0.0000e+00   2.7619e+02
20251214_01:00:00   1.6188e-01   4.5282e+01   3.1229e+00   0.0000e+00   0.0000e+00   2.7655e+02
20251214_02:00:00   1.6115e-01   4.5119e+01   3.1039e+00   0.0000e+00   0.0000e+00   2.7424e+02
20251214_03:00:00   1.6501e-01   4.6017e+01   3.1793e+00   0.0000e+00   0.0000e+00   2.7304e+02
20251214_04:00:00   1.6834e-01   4.6754e+01   3.2520e+00   0.0000e+00   0.0000e+00   2.7104e+02
20251214_05:00:00   1.6682e-01   4.6364e+01   3.2394e+00   0.0000e+00   1.7466e-05   2.6936e+02
20251214_06:00:00   1.6706e-01   4.6390e+01   3.2593e+00   0.0000e+00   1.0096e-04   2.6805e+02
20251214_07:00:00   1.6900e-01   4.6824e+01   3.2942e+00   0.0000e+00   1.2216e-03   2.6720e+02
20251214_08:00:00   1.7145e-01   4.7314e+01   3.3549e+00   0.0000e+00   3.0544e-04   2.6616e+02
20251214_09:00:00   1.7445e-01   4.7916e+01   3.4284e+00   0.0000e+00   1.0508e-03   2.6669e+02
20251214_10:00:00   1.7520e-01   4.8036e+01   3.4495e+00   0.0000e+00   1.3332e-04   2.6631e+02
20251214_11:00:00   1.7473e-01   4.7884e+01   3.4466e+00   0.0000e+00   2.7368e-04   2.6488e+02
20251214_12:00:00   1.7850e-01   4.8624e+01   3.5438e+00   0.0000e+00   7.1601e-05   2.6509e+02
20251214_13:00:00   1.7837e-01   4.8553e+01   3.5498e+00   0.0000e+00   1.4198e-04   2.6558e+02
20251214_14:00:00   1.7955e-01   4.8764e+01   3.5816e+00   0.0000e+00   1.4965e-03   2.6679e+02
20251214_15:00:00   1.8066e-01   4.8957e+01   3.6181e+00   0.0000e+00   3.3405e-03   2.6877e+02
20251214_16:00:00   1.7964e-01   4.8681e+01   3.6159e+00   0.0000e+00   9.1261e-03   2.7076e+02
20251214_17:00:00   1.8621e-01   4.9957e+01   3.7975e+00   0.0000e+00   1.8986e-02   2.7159e+02
20251214_18:00:00   1.9639e-01   5.2053e+01   4.0490e+00   0.0000e+00   1.4648e-02   2.7130e+02
20251214_19:00:00   1.9704e-01   5.2276e+01   4.0741e+00   0.0000e+00   6.9769e-03   2.7041e+02
20251214_20:00:00   2.0293e-01   5.3628e+01   4.1861e+00   0.0000e+00   2.3626e-02   2.6788e+02
20251214_21:00:00   2.2852e-01   5.9023e+01   4.7595e+00   0.0000e+00   2.9574e-02   2.6570e+02
20251214_22:00:00   2.2097e-01   5.7616e+01   4.5638e+00   0.0000e+00   9.6517e-03   2.6363e+02
20251214_23:00:00   2.2102e-01   5.7730e+01   4.5207e+00   0.0000e+00   1.0256e-02   2.6194e+02
20251215_00:00:00   2.3249e-01   5.9856e+01   4.8454e+00   0.0000e+00   2.8555e-02   2.6214e+02
20251215_01:00:00   2.3056e-01   5.9439e+01   4.8331e+00   0.0000e+00   1.3961e-02   2.6022e+02
20251215_02:00:00   2.1890e-01   5.7178e+01   4.5177e+00   0.0000e+00   1.0666e-02   2.6019e+02
20251215_03:00:00   2.1018e-01   5.5435e+01   4.2767e+00   0.0000e+00   9.4871e-03   2.6201e+02
20251215_04:00:00   1.8915e-01   5.1051e+01   3.7593e+00   0.0000e+00   1.2819e-02   2.6338e+02
20251215_05:00:00   1.8217e-01   4.9570e+01   3.5689e+00   0.0000e+00   1.0110e-02   2.6428e+02
20251215_06:00:00   1.8441e-01   4.9942e+01   3.6520e+00   0.0000e+00   5.7430e-03   2.6289e+02
20251215_07:00:00   1.9170e-01   5.1522e+01   3.7948e+00   0.0000e+00   1.3298e-02   2.6110e+02
20251215_08:00:00   1.9656e-01   5.2531e+01   3.9124e+00   0.0000e+00   4.2447e-03   2.6089e+02
20251215_09:00:00   1.9805e-01   5.2762e+01   3.9683e+00   0.0000e+00   3.2337e-03   2.6295e+02
20251215_10:00:00   1.9435e-01   5.1906e+01   3.8884e+00   0.0000e+00   5.5644e-03   2.6513e+02
20251215_11:00:00   2.0105e-01   5.3229e+01   4.0541e+00   0.0000e+00   4.6196e-03   2.6595e+02
20251215_12:00:00   2.0890e-01   5.4938e+01   4.1954e+00   0.0000e+00   5.2994e-03   2.6672e+02
20251215_13:00:00   2.0820e-01   5.4954e+01   4.1093e+00   0.0000e+00   4.0393e-04   2.6733e+02
20251215_14:00:00   1.9657e-01   5.2588e+01   3.8002e+00   0.0000e+00   8.3270e-04   2.6750e+02
20251215_15:00:00   1.8098e-01   4.9365e+01   3.3667e+00   0.0000e+00   1.4762e-04   2.6882e+02
20251215_16:00:00   1.7284e-01   4.7625e+01   3.1583e+00   0.0000e+00   0.0000e+00   2.6828e+02
20251215_17:00:00   1.6617e-01   4.6170e+01   3.0199e+00   0.0000e+00   0.0000e+00   2.6692e+02
20251215_18:00:00   1.5829e-01   4.4423e+01   2.8711e+00   0.0000e+00   0.0000e+00   2.6505e+02
20251215_21:00:00   1.7128e-01   4.7418e+01   3.1937e+00   0.0000e+00   0.0000e+00   2.5871e+02
20251216_00:00:00   1.8181e-01   4.9305e+01   3.5540e+00   0.0000e+00   0.0000e+00   2.5454e+02
20251216_03:00:00   1.7982e-01   4.8725e+01   3.5176e+00   0.0000e+00   0.0000e+00   2.6203e+02
20251216_06:00:00   1.7124e-01   4.6894e+01   3.3363e+00   0.0000e+00   0.0000e+00   2.5919e+02
20251216_09:00:00   1.5294e-01   4.2918e+01   2.8889e+00   0.0000e+00   0.0000e+00   2.5575e+02
20251216_12:00:00   1.8052e-01   4.8671e+01   3.6917e+00   0.0000e+00   3.5513e-05   2.5386e+02
20251216_15:00:00   2.5107e-01   6.3530e+01   5.2882e+00   0.0000e+00   1.3949e-03   2.5939e+02
20251216_18:00:00   2.4606e-01   6.3669e+01   4.9516e+00   0.0000e+00   6.5460e-04   2.5735e+02
20251216_21:00:00   2.6022e-01   6.6523e+01   5.3417e+00   0.0000e+00   4.0916e-05   2.5556e+02
20251217_00:00:00   2.7602e-01   6.9911e+01   5.6614e+00   0.0000e+00   5.3195e-04   2.5108e+02
20251217_03:00:00   3.0163e-01   7.4999e+01   6.2635e+00   0.0000e+00   2.6098e-03   2.5122e+02
20251217_06:00:00   3.0874e-01   7.6365e+01   6.4573e+00   0.0000e+00   7.1457e-03   2.5217e+02
20251217_09:00:00   3.0906e-01   7.6412e+01   6.5035e+00   0.0000e+00   9.1578e-04   2.5161e+02
20251217_12:00:00   2.7472e-01   6.9544e+01   5.8173e+00   0.0000e+00   0.0000e+00   2.5060e+02
20251217_15:00:00   2.7861e-01   7.0566e+01   5.8488e+00   0.0000e+00   1.2124e-04   2.5045e+02
20251217_18:00:00   2.5764e-01   6.6628e+01   5.3369e+00   0.0000e+00   2.1040e-04   2.5168e+02
20251217_21:00:00   2.5657e-01   6.6640e+01   5.2730e+00   0.0000e+00   1.4079e-05   2.5155e+02
20251218_00:00:00   2.4946e-01   6.5092e+01   5.0799e+00   0.0000e+00   4.2457e-03   2.5125e+02
20251218_03:00:00   2.0511e-01   5.5186e+01   4.1905e+00   0.0000e+00   2.7681e-03   2.5242e+02
20251218_06:00:00   2.2185e-01   5.8591e+01   4.6057e+00   0.0000e+00   1.7728e-03   2.5573e+02
20251218_09:00:00   2.9838e-01   7.4205e+01   6.2957e+00   0.0000e+00   0.0000e+00   2.5475e+02
20251218_12:00:00   3.3112e-01   8.0856e+01   6.8693e+00   0.0000e+00   0.0000e+00   2.5772e+02
20251218_15:00:00   3.3847e-01   8.2543e+01   6.9281e+00   0.0000e+00   0.0000e+00   2.5704e+02
20251218_18:00:00   3.2391e-01   8.0163e+01   6.4629e+00   0.0000e+00   0.0000e+00   2.5917e+02
20251218_21:00:00   3.2936e-01   8.1075e+01   6.6963e+00   0.0000e+00   0.0000e+00   2.5678e+02
20251219_00:00:00   3.9143e-01   9.2612e+01   7.9287e+00   0.0000e+00   8.5535e-04   2.5673e+02
20251219_03:00:00   4.1339e-01   9.6264e+01   8.4767e+00   0.0000e+00   5.1580e-05   2.5598e+02
20251219_06:00:00   3.8484e-01   9.0596e+01   8.0045e+00   0.0000e+00   2.1202e-03   2.6364e+02
20251219_09:00:00   3.2615e-01   7.9368e+01   6.8625e+00   0.0000e+00   1.5606e-03   2.6287e+02
20251219_12:00:00   3.5453e-01   8.4520e+01   7.4794e+00   0.0000e+00   6.3219e-04   2.6173e+02
20251219_15:00:00   3.6128e-01   8.5831e+01   7.6740e+00   0.0000e+00   1.4159e-03   2.6085e+02
20251219_18:00:00   2.6048e-01   6.6393e+01   5.5434e+00   0.0000e+00   2.4804e-04   2.5970e+02
20251219_21:00:00   2.8803e-01   7.2555e+01   6.0133e+00   0.0000e+00   1.4700e-04   2.5901e+02
20251220_00:00:00   2.6257e-01   6.7484e+01   5.4140e+00   0.0000e+00   0.0000e+00   2.5949e+02
20251220_03:00:00   2.2420e-01   5.9348e+01   4.5840e+00   0.0000e+00   0.0000e+00   2.5953e+02
20251220_06:00:00   2.1364e-01   5.6739e+01   4.4235e+00   0.0000e+00   5.8531e-03   2.5770e+02
20251220_09:00:00   2.1120e-01   5.5641e+01   4.5110e+00   0.0000e+00   1.2770e-02   2.5752e+02
20251220_12:00:00   2.5513e-01   6.4414e+01   5.5523e+00   0.0000e+00   3.0375e-03   2.5619e+02
20251220_15:00:00   2.6064e-01   6.5495e+01   5.6430e+00   0.0000e+00   1.0835e-04   2.5275e+02
20251220_18:00:00   2.7991e-01   6.9466e+01   6.0336e+00   0.0000e+00   2.4225e-03   2.5219e+02
20251220_21:00:00   3.8126e-01   8.8846e+01   8.0761e+00   0.0000e+00   1.9661e-03   2.4968e+02
20251221_00:00:00   3.7542e-01   8.8087e+01   7.7745e+00   0.0000e+00   0.0000e+00   2.4803e+02
20251221_03:00:00   3.9205e-01   9.0873e+01   8.0569e+00   0.0000e+00   2.7225e-04   2.4913e+02
20251221_06:00:00   3.9460e-01   9.1000e+01   8.1750e+00   0.0000e+00   1.9786e-03   2.5111e+02
20251221_09:00:00   3.3074e-01   7.9808e+01   6.7599e+00   0.0000e+00   0.0000e+00   2.5444e+02
20251221_12:00:00   3.1932e-01   7.7369e+01   6.5802e+00   0.0000e+00   6.4330e-04   2.5706e+02
20251221_15:00:00   3.6069e-01   8.4580e+01   7.4645e+00   0.0000e+00   3.6891e-02   2.5873e+02
20251221_18:00:00   3.8171e-01   8.8472e+01   7.7896e+00   0.0000e+00   8.6592e-05   2.5829e+02
20251221_21:00:00   5.0298e-01   1.0946e+02   9.6872e+00   1.7102e-03   2.3111e-02   2.5932e+02
20251222_00:00:00   1.3002e+00   1.9794e+02   1.0761e+01   2.9889e-01   8.9893e-02   2.6339e+02
20251222_03:00:00   7.5896e-01   1.4636e+02   8.3762e+00   1.1439e-01   1.2182e-02   2.6782e+02
20251222_06:00:00   3.8409e-01   8.9735e+01   6.4003e+00   1.1844e-03   4.8020e-04   2.6890e+02
20251222_09:00:00   2.6035e-01   6.5975e+01   4.3170e+00   0.0000e+00   0.0000e+00   2.7937e+02
20251222_12:00:00   2.1607e-01   5.6248e+01   3.6230e+00   0.0000e+00   3.8646e-05   2.7747e+02
20251222_15:00:00   2.5086e-01   6.3250e+01   4.3388e+00   0.0000e+00   2.8846e-05   2.7309e+02
20251222_18:00:00   2.6450e-01   6.5830e+01   4.9655e+00   0.0000e+00   0.0000e+00   2.7174e+02
20251222_21:00:00   2.5257e-01   6.3231e+01   5.0966e+00   0.0000e+00   0.0000e+00   2.6870e+02
20251223_00:00:00   2.9973e-01   7.2734e+01   5.9274e+00   0.0000e+00   5.8610e-04   2.7054e+02
20251223_03:00:00   2.5155e-01   6.2973e+01   4.9849e+00   0.0000e+00   1.9352e-05   2.7087e+02
20251223_06:00:00   2.5292e-01   6.3583e+01   4.8336e+00   0.0000e+00   8.1160e-06   2.7642e+02
20251223_09:00:00   1.6765e-01   4.5449e+01   2.9568e+00   0.0000e+00   0.0000e+00   2.7542e+02
20251223_12:00:00   1.5364e-01   4.2045e+01   2.5543e+00   0.0000e+00   0.0000e+00   2.8130e+02
20251223_15:00:00   1.7595e-01   4.6961e+01   2.7831e+00   0.0000e+00   4.0960e-06   2.9495e+02
20251223_18:00:00   1.4116e-01   3.9360e+01   2.1842e+00   0.0000e+00   0.0000e+00   2.9738e+02
20251223_21:00:00   9.4702e-02   2.8590e+01   1.4645e+00   0.0000e+00   0.0000e+00   2.9631e+02
20251224_00:00:00   1.0824e-01   3.1749e+01   1.7832e+00   0.0000e+00   0.0000e+00   2.9416e+02
20251224_03:00:00   8.9735e-02   2.7385e+01   1.4305e+00   0.0000e+00   0.0000e+00   2.9319e+02
20251224_06:00:00   8.1317e-02   2.5355e+01   1.3070e+00   0.0000e+00   0.0000e+00   2.8789e+02
20251224_09:00:00   9.5495e-02   2.8510e+01   1.7876e+00   0.0000e+00   0.0000e+00   2.8242e+02
20251224_12:00:00   1.0498e-01   3.0616e+01   2.1008e+00   0.0000e+00   0.0000e+00   2.8103e+02
20251224_15:00:00   1.0625e-01   3.0834e+01   2.1938e+00   0.0000e+00   3.9105e-04   2.8238e+02
20251224_18:00:00   9.9900e-02   2.9490e+01   2.0115e+00   0.0000e+00   0.0000e+00   2.8288e+02
20251224_21:00:00   1.0465e-01   3.0965e+01   2.0716e+00   0.0000e+00   4.6899e-04   2.8268e+02
20251225_00:00:00   1.1639e-01   3.4083e+01   2.2590e+00   0.0000e+00   3.3215e-04   2.8225e+02
20251225_03:00:00   1.2586e-01   3.6216e+01   2.4761e+00   0.0000e+00   6.5340e-05   2.7877e+02
20251225_06:00:00   1.4022e-01   3.9414e+01   2.8219e+00   0.0000e+00   1.3380e-04   2.7679e+02
20251225_09:00:00   1.4201e-01   3.9764e+01   2.8895e+00   0.0000e+00   6.3780e-04   2.8221e+02
20251225_12:00:00   1.5567e-01   4.2860e+01   3.1588e+00   0.0000e+00   2.6353e-03   2.9356e+02
20251225_15:00:00   2.0805e-01   5.4071e+01   4.3053e+00   0.0000e+00   5.2919e-03   2.9736e+02
20251225_18:00:00   2.9173e-01   7.0510e+01   6.0622e+00   0.0000e+00   1.2009e-01   2.9560e+02
20251225_21:00:00   3.3498e-01   7.9354e+01   6.7668e+00   0.0000e+00   6.4576e-02   2.9055e+02
20251226_00:00:00   5.8908e-01   1.2248e+02   1.0342e+01   5.6560e-03   6.7182e-02   2.8289e+02
20251226_03:00:00   6.0816e-01   1.2557e+02   9.6420e+00   3.3860e-02   3.8778e-04   2.8316e+02
20251226_06:00:00   5.0480e-01   1.0981e+02   9.0356e+00   5.0861e-03   7.1490e-04   2.8452e+02
20251226_09:00:00   5.4651e-01   1.1612e+02   9.9200e+00   4.2040e-04   4.4854e-04   2.8396e+02
20251226_12:00:00   6.4321e-01   1.2992e+02   9.5263e+00   4.7110e-02   2.7448e-02   2.8630e+02
20251226_15:00:00   5.2784e-01   1.1161e+02   9.2706e+00   2.0570e-04   1.7666e-01   2.9846e+02
20251226_18:00:00   4.3571e-01   9.7309e+01   7.0912e+00   5.6269e-03   1.7898e-01   3.1226e+02
