#            date       tau255        Tb[K]      pwv[mm] lwp[kg*m^-2] iwp[kg*m^-2]       o3[DU]
20251202_00:00:00   1.3564e-01   3.8087e+01   2.3906e+00   0.0000e+00   0.0000e+00   3.2546e+02
20251202_01:00:00   1.4120e-01   3.9331e+01   2.5233e+00   0.0000e+00   0.0000e+00   3.2261e+02
20251202_02:00:00   1.4692e-01   4.0591e+01   2.6805e+00   0.0000e+00   0.0000e+00   3.2001e+02
20251202_03:00:00   1.4049e-01   3.9128e+01   2.5869e+00   0.0000e+00   0.0000e+00   3.1857e+02
20251202_04:00:00   1.3898e-01   3.8862e+01   2.5410e+00   0.0000e+00   0.0000e+00   3.1846e+02
20251202_05:00:00   1.4119e-01   3.9453e+01   2.5746e+00   0.0000e+00   0.0000e+00   3.1865e+02
20251202_06:00:00   1.3246e-01   3.7505e+01   2.4061e+00   0.0000e+00   0.0000e+00   3.1856e+02
20251202_07:00:00   1.2663e-01   3.6148e+01   2.3102e+00   0.0000e+00   0.0000e+00   3.1974e+02
20251202_08:00:00   1.2534e-01   3.5850e+01   2.3016e+00   0.0000e+00   0.0000e+00   3.2124e+02
20251202_09:00:00   1.2718e-01   3.6277e+01   2.3510e+00   0.0000e+00   0.0000e+00   3.2264e+02
20251202_10:00:00   1.2973e-01   3.6864e+01   2.4187e+00   0.0000e+00   0.0000e+00   3.2338e+02
20251202_11:00:00   1.3010e-01   3.6942e+01   2.4259e+00   0.0000e+00   0.0000e+00   3.2123e+02
20251202_12:00:00   1.3073e-01   3.7089e+01   2.4468e+00   0.0000e+00   0.0000e+00   3.2126e+02
20251202_13:00:00   1.3140e-01   3.7273e+01   2.4660e+00   0.0000e+00   0.0000e+00   3.2150e+02
20251202_14:00:00   1.2768e-01   3.6462e+01   2.3885e+00   0.0000e+00   0.0000e+00   3.2061e+02
20251202_15:00:00   1.3055e-01   3.7169e+01   2.4608e+00   0.0000e+00   0.0000e+00   3.2113e+02
20251202_16:00:00   1.4014e-01   3.9425e+01   2.6819e+00   0.0000e+00   0.0000e+00   3.2117e+02
20251202_17:00:00   1.3351e-01   3.7893e+01   2.5606e+00   0.0000e+00   0.0000e+00   3.2199e+02
20251202_18:00:00   1.3398e-01   3.8024e+01   2.5699e+00   0.0000e+00   0.0000e+00   3.2344e+02
20251202_19:00:00   1.4282e-01   4.0055e+01   2.7750e+00   0.0000e+00   0.0000e+00   3.2312e+02
20251202_20:00:00   1.5190e-01   4.2077e+01   2.9821e+00   0.0000e+00   0.0000e+00   3.2053e+02
20251202_21:00:00   1.7431e-01   4.7053e+01   3.4766e+00   0.0000e+00   0.0000e+00   3.1604e+02
20251202_22:00:00   1.9770e-01   5.2147e+01   3.9634e+00   0.0000e+00   3.5060e-05   3.1307e+02
20251202_23:00:00   2.1251e-01   5.5326e+01   4.2378e+00   0.0000e+00   1.8132e-05   3.1368e+02
20251203_00:00:00   2.2762e-01   5.8467e+01   4.5325e+00   0.0000e+00   1.3886e-05   3.1499e+02
20251203_01:00:00   2.5481e-01   6.4011e+01   5.0640e+00   0.0000e+00   4.1600e-06   3.1497e+02
20251203_02:00:00   2.6216e-01   6.5438e+01   5.1827e+00   0.0000e+00   2.9340e-05   3.1742e+02
20251203_03:00:00   2.5902e-01   6.4828e+01   5.1455e+00   0.0000e+00   1.7516e-05   3.1958e+02
20251203_04:00:00   2.6870e-01   6.6694e+01   5.3562e+00   0.0000e+00   7.7696e-04   3.2252e+02
20251203_05:00:00   3.0869e-01   7.4272e+01   6.1795e+00   0.0000e+00   1.7084e-03   3.2385e+02
20251203_06:00:00   3.3572e-01   7.8930e+01   6.6809e+00   0.0000e+00   1.5518e-02   3.2800e+02
20251203_07:00:00   2.8617e-01   6.9707e+01   5.5625e+00   0.0000e+00   9.8153e-03   3.3381e+02
20251203_08:00:00   2.4833e-01   6.2422e+01   4.7115e+00   0.0000e+00   7.7537e-03   3.3693e+02
20251203_09:00:00   2.2132e-01   5.6871e+01   4.1956e+00   0.0000e+00   8.0540e-04   3.3812e+02
20251203_10:00:00   2.0395e-01   5.3081e+01   3.8857e+00   0.0000e+00   0.0000e+00   3.3605e+02
20251203_11:00:00   2.0243e-01   5.2734e+01   3.8617e+00   0.0000e+00   0.0000e+00   3.3631e+02
20251203_12:00:00   2.2264e-01   5.6824e+01   4.2940e+00   0.0000e+00   0.0000e+00   3.4165e+02
20251203_13:00:00   2.3292e-01   5.8811e+01   4.4599e+00   0.0000e+00   0.0000e+00   3.4710e+02
20251203_14:00:00   2.1596e-01   5.5416e+01   4.0578e+00   0.0000e+00   0.0000e+00   3.5025e+02
20251203_15:00:00   2.2147e-01   5.6491e+01   4.1658e+00   0.0000e+00   3.3920e-04   3.4925e+02
20251203_16:00:00   2.2959e-01   5.8095e+01   4.3921e+00   0.0000e+00   1.8150e-03   3.5135e+02
20251203_17:00:00   2.6139e-01   6.4646e+01   4.9722e+00   0.0000e+00   5.4760e-04   3.4914e+02
20251203_18:00:00   3.0064e-01   7.2396e+01   5.6579e+00   0.0000e+00   6.2919e-04   3.4482e+02
20251203_19:00:00   3.3559e-01   7.9003e+01   6.2787e+00   9.3240e-05   2.5081e-03   3.4282e+02
20251203_20:00:00   3.8914e-01   8.8675e+01   6.8957e+00   8.2299e-03   2.8988e-02   3.4320e+02
20251203_21:00:00   4.2308e-01   9.4778e+01   7.3606e+00   6.0843e-03   1.2852e-01   3.4420e+02
20251203_22:00:00   4.3626e-01   9.7118e+01   7.5774e+00   1.0235e-03   1.8789e-01   3.4585e+02
20251203_23:00:00   4.3258e-01   9.6555e+01   7.3758e+00   3.6281e-05   1.8818e-01   3.4689e+02
20251204_00:00:00   4.3913e-01   9.7558e+01   7.3534e+00   1.3863e-06   2.3187e-01   3.4553e+02
20251204_01:00:00   4.7948e-01   1.0432e+02   7.2370e+00   1.6676e-02   1.9278e-01   3.4476e+02
20251204_02:00:00   4.6002e-01   1.0101e+02   6.9300e+00   1.5885e-02   1.4585e-01   3.4446e+02
20251204_03:00:00   4.0294e-01   9.1152e+01   6.5958e+00   2.1900e-04   1.1552e-01   3.4196e+02
20251204_04:00:00   4.0178e-01   9.0894e+01   6.4227e+00   4.2146e-03   9.5613e-02   3.4431e+02
20251204_05:00:00   3.6892e-01   8.5110e+01   6.0304e+00   2.6618e-04   2.5666e-02   3.4714e+02
20251204_06:00:00   3.4851e-01   8.1382e+01   5.7470e+00   0.0000e+00   6.1936e-03   3.4712e+02
20251204_07:00:00   3.2506e-01   7.7004e+01   5.4076e+00   0.0000e+00   8.2848e-04   3.4970e+02
20251204_08:00:00   2.9327e-01   7.0999e+01   4.8972e+00   0.0000e+00   7.1186e-05   3.5152e+02
20251204_09:00:00   2.7069e-01   6.6683e+01   4.4881e+00   0.0000e+00   8.9610e-06   3.5226e+02
20251204_10:00:00   2.5612e-01   6.3814e+01   4.2183e+00   0.0000e+00   2.2304e-05   3.5716e+02
20251204_11:00:00   2.4163e-01   6.0928e+01   3.9053e+00   1.0381e-03   9.7720e-05   3.6112e+02
20251204_12:00:00   2.3585e-01   5.9768e+01   3.6667e+00   4.0600e-03   1.9664e-04   3.6217e+02
20251204_13:00:00   2.5839e-01   6.4434e+01   3.5538e+00   1.6302e-02   3.9330e-04   3.5972e+02
20251204_14:00:00   3.0912e-01   7.4556e+01   3.3878e+00   4.2100e-02   4.0500e-04   3.5607e+02
20251204_15:00:00   3.3887e-01   8.0268e+01   3.2096e+00   5.9240e-02   4.3660e-04   3.5332e+02
20251204_16:00:00   2.2267e-01   5.7159e+01   2.9914e+00   1.4878e-02   4.6960e-04   3.5352e+02
20251204_17:00:00   1.6962e-01   4.5770e+01   2.7178e+00   0.0000e+00   5.3260e-06   3.5404e+02
20251204_18:00:00   1.6117e-01   4.3945e+01   2.6154e+00   0.0000e+00   0.0000e+00   3.5392e+02
20251204_19:00:00   1.7272e-01   4.6557e+01   2.8267e+00   0.0000e+00   0.0000e+00   3.5366e+02
20251204_20:00:00   1.6532e-01   4.4924e+01   2.7536e+00   0.0000e+00   0.0000e+00   3.5202e+02
20251204_21:00:00   1.6077e-01   4.3904e+01   2.7058e+00   0.0000e+00   0.0000e+00   3.4957e+02
20251204_22:00:00   1.6109e-01   4.3969e+01   2.7246e+00   0.0000e+00   0.0000e+00   3.4677e+02
20251204_23:00:00   1.6277e-01   4.4340e+01   2.7591e+00   0.0000e+00   0.0000e+00   3.4163e+02
20251205_00:00:00   1.3826e-01   3.8779e+01   2.3360e+00   0.0000e+00   0.0000e+00   3.3849e+02
20251205_01:00:00   1.3998e-01   3.9095e+01   2.3801e+00   0.0000e+00   0.0000e+00   3.3793e+02
20251205_02:00:00   1.5941e-01   4.3402e+01   2.7559e+00   0.0000e+00   1.6480e-03   3.3544e+02
20251205_03:00:00   1.7216e-01   4.6281e+01   2.9581e+00   0.0000e+00   8.5140e-04   3.3562e+02
20251205_04:00:00   1.7529e-01   4.7086e+01   2.9757e+00   0.0000e+00   4.2460e-06   3.3639e+02
20251205_05:00:00   1.6243e-01   4.4240e+01   2.7463e+00   0.0000e+00   0.0000e+00   3.3538e+02
20251205_06:00:00   1.6146e-01   4.3882e+01   2.7825e+00   0.0000e+00   0.0000e+00   3.3293e+02
20251205_07:00:00   1.6896e-01   4.5350e+01   2.9936e+00   0.0000e+00   0.0000e+00   3.2448e+02
20251205_08:00:00   1.6081e-01   4.3445e+01   2.8807e+00   0.0000e+00   0.0000e+00   3.1750e+02
20251205_09:00:00   1.5149e-01   4.1281e+01   2.7411e+00   0.0000e+00   0.0000e+00   3.1584e+02
20251205_10:00:00   1.5461e-01   4.1927e+01   2.8394e+00   0.0000e+00   0.0000e+00   3.1185e+02
20251205_11:00:00   1.5950e-01   4.3014e+01   2.9725e+00   0.0000e+00   4.9600e-06   3.0809e+02
20251205_12:00:00   1.6537e-01   4.4276e+01   3.1255e+00   0.0000e+00   7.1396e-04   3.0450e+02
20251205_13:00:00   1.7302e-01   4.5890e+01   3.3113e+00   0.0000e+00   3.1975e-04   3.0175e+02
20251205_14:00:00   1.8258e-01   4.7904e+01   3.5263e+00   0.0000e+00   2.4782e-05   3.0057e+02
20251205_15:00:00   1.9204e-01   4.9905e+01   3.7396e+00   0.0000e+00   5.0560e-06   3.0136e+02
20251205_16:00:00   2.0401e-01   5.2492e+01   3.9933e+00   0.0000e+00   4.7803e-05   3.0281e+02
20251205_17:00:00   2.0820e-01   5.3411e+01   4.1046e+00   0.0000e+00   8.7280e-06   3.0210e+02
20251205_18:00:00   2.1991e-01   5.5848e+01   4.3612e+00   0.0000e+00   6.4425e-04   2.9976e+02
20251205_19:00:00   2.4903e-01   6.1827e+01   4.9365e+00   0.0000e+00   1.5040e-02   2.9737e+02
20251205_20:00:00   2.6962e-01   6.6050e+01   5.3192e+00   0.0000e+00   3.4695e-03   2.9767e+02
20251205_21:00:00   2.7655e-01   6.7729e+01   5.3828e+00   0.0000e+00   1.1890e-05   2.9759e+02
20251205_22:00:00   2.7957e-01   6.8492e+01   5.4012e+00   0.0000e+00   0.0000e+00   2.9598e+02
20251205_23:00:00   2.7078e-01   6.6917e+01   5.2111e+00   0.0000e+00   0.0000e+00   2.9234e+02
20251206_00:00:00   2.5872e-01   6.4648e+01   4.9663e+00   0.0000e+00   0.0000e+00   2.9021e+02
20251206_01:00:00   2.5121e-01   6.3223e+01   4.8062e+00   0.0000e+00   0.0000e+00   2.8909e+02
20251206_02:00:00   2.3982e-01   6.1053e+01   4.5791e+00   0.0000e+00   0.0000e+00   2.8923e+02
20251206_03:00:00   2.4676e-01   6.2388e+01   4.7063e+00   0.0000e+00   0.0000e+00   2.9218e+02
20251206_04:00:00   2.3120e-01   5.9310e+01   4.4068e+00   0.0000e+00   0.0000e+00   2.9494e+02
20251206_05:00:00   2.3426e-01   6.0007e+01   4.4379e+00   0.0000e+00   0.0000e+00   2.9481e+02
20251206_06:00:00   2.3469e-01   6.0082e+01   4.4728e+00   0.0000e+00   0.0000e+00   2.9182e+02
20251206_07:00:00   2.4051e-01   6.1248e+01   4.6114e+00   0.0000e+00   0.0000e+00   2.8978e+02
20251206_08:00:00   2.4830e-01   6.2833e+01   4.7962e+00   0.0000e+00   0.0000e+00   2.8722e+02
20251206_09:00:00   2.6044e-01   6.5233e+01   5.1152e+00   0.0000e+00   0.0000e+00   2.8406e+02
20251206_10:00:00   2.6514e-01   6.6195e+01   5.2888e+00   0.0000e+00   0.0000e+00   2.8299e+02
20251206_11:00:00   2.6119e-01   6.5467e+01   5.2414e+00   0.0000e+00   0.0000e+00   2.8081e+02
20251206_12:00:00   2.7534e-01   6.8321e+01   5.5369e+00   0.0000e+00   0.0000e+00   2.8004e+02
20251206_13:00:00   2.8450e-01   7.0172e+01   5.7366e+00   0.0000e+00   0.0000e+00   2.7943e+02
20251206_14:00:00   2.8869e-01   7.0978e+01   5.8637e+00   0.0000e+00   0.0000e+00   2.7968e+02
20251206_15:00:00   3.0471e-01   7.4092e+01   6.2067e+00   0.0000e+00   0.0000e+00   2.7888e+02
20251206_16:00:00   3.2443e-01   7.8003e+01   6.5748e+00   0.0000e+00   0.0000e+00   2.8008e+02
20251206_17:00:00   3.4600e-01   8.2180e+01   6.9741e+00   0.0000e+00   0.0000e+00   2.8006e+02
20251206_18:00:00   3.5927e-01   8.4780e+01   7.2076e+00   0.0000e+00   0.0000e+00   2.7745e+02
20251206_19:00:00   3.6845e-01   8.6448e+01   7.3886e+00   0.0000e+00   0.0000e+00   2.7460e+02
20251206_20:00:00   3.6977e-01   8.6900e+01   7.3572e+00   0.0000e+00   0.0000e+00   2.7285e+02
20251206_21:00:00   3.6360e-01   8.5928e+01   7.2336e+00   0.0000e+00   0.0000e+00   2.7209e+02
20251206_22:00:00   3.5050e-01   8.3590e+01   6.9303e+00   0.0000e+00   0.0000e+00   2.7278e+02
20251206_23:00:00   3.3863e-01   8.1286e+01   6.6976e+00   0.0000e+00   0.0000e+00   2.7277e+02
20251207_00:00:00   3.1723e-01   7.7201e+01   6.2610e+00   0.0000e+00   0.0000e+00   2.7032e+02
20251207_03:00:00   2.9993e-01   7.4007e+01   5.8258e+00   0.0000e+00   0.0000e+00   2.6720e+02
20251207_06:00:00   3.3744e-01   8.1300e+01   6.5891e+00   0.0000e+00   0.0000e+00   2.7009e+02
20251207_09:00:00   3.8299e-01   8.9703e+01   7.4417e+00   0.0000e+00   0.0000e+00   2.7774e+02
20251207_12:00:00   3.7096e-01   8.7653e+01   7.0596e+00   0.0000e+00   0.0000e+00   2.7589e+02
20251207_15:00:00   3.9184e-01   9.1546e+01   7.3752e+00   0.0000e+00   0.0000e+00   2.7219e+02
20251207_18:00:00   4.1250e-01   9.5555e+01   7.6515e+00   0.0000e+00   0.0000e+00   2.7325e+02
20251207_21:00:00   4.0296e-01   9.4035e+01   7.5195e+00   0.0000e+00   0.0000e+00   2.7247e+02
20251208_00:00:00   3.9243e-01   9.2100e+01   7.3394e+00   0.0000e+00   0.0000e+00   2.7308e+02
20251208_03:00:00   3.5739e-01   8.5775e+01   6.6212e+00   0.0000e+00   0.0000e+00   2.7194e+02
20251208_06:00:00   3.2700e-01   8.0013e+01   6.0650e+00   0.0000e+00   0.0000e+00   2.7242e+02
20251208_09:00:00   2.9298e-01   7.3172e+01   5.5090e+00   0.0000e+00   0.0000e+00   2.7300e+02
20251208_12:00:00   2.5282e-01   6.4857e+01   4.8174e+00   0.0000e+00   0.0000e+00   2.7182e+02
20251208_15:00:00   2.6799e-01   6.7918e+01   5.1016e+00   0.0000e+00   0.0000e+00   2.7777e+02
20251208_18:00:00   2.6764e-01   6.7906e+01   5.1114e+00   0.0000e+00   0.0000e+00   2.8024e+02
20251208_21:00:00   2.6108e-01   6.6654e+01   5.0241e+00   0.0000e+00   0.0000e+00   2.7701e+02
20251209_00:00:00   2.2118e-01   5.8282e+01   4.1033e+00   0.0000e+00   0.0000e+00   2.8858e+02
20251209_03:00:00   2.4352e-01   6.2533e+01   4.6321e+00   0.0000e+00   0.0000e+00   2.9507e+02
20251209_06:00:00   2.4940e-01   6.3386e+01   4.7254e+00   0.0000e+00   9.5480e-05   2.9568e+02
20251209_09:00:00   2.4445e-01   6.2732e+01   4.2585e+00   0.0000e+00   0.0000e+00   3.0696e+02
20251209_12:00:00   1.5730e-01   4.3863e+01   2.5027e+00   0.0000e+00   0.0000e+00   2.9941e+02
20251209_15:00:00   1.3666e-01   3.8938e+01   2.1951e+00   0.0000e+00   0.0000e+00   2.9242e+02
20251209_18:00:00   1.0387e-01   3.1136e+01   1.7835e+00   0.0000e+00   0.0000e+00   2.8607e+02
20251209_21:00:00   1.1489e-01   3.3690e+01   2.1713e+00   0.0000e+00   0.0000e+00   2.8236e+02
20251210_00:00:00   1.3509e-01   3.8222e+01   2.7655e+00   0.0000e+00   0.0000e+00   2.8214e+02
20251210_03:00:00   1.5683e-01   4.3387e+01   3.2196e+00   0.0000e+00   0.0000e+00   2.7841e+02
20251210_06:00:00   2.0952e-01   5.5225e+01   4.3450e+00   0.0000e+00   0.0000e+00   2.7406e+02
20251210_09:00:00   2.6484e-01   6.7166e+01   5.4557e+00   0.0000e+00   0.0000e+00   2.7583e+02
20251210_12:00:00   2.6485e-01   6.7343e+01   5.4449e+00   0.0000e+00   0.0000e+00   2.7581e+02
20251210_15:00:00   2.5187e-01   6.4946e+01   5.1092e+00   0.0000e+00   0.0000e+00   2.7594e+02
20251210_18:00:00   2.4160e-01   6.2850e+01   4.9041e+00   0.0000e+00   3.8080e-04   2.7414e+02
20251210_21:00:00   2.2079e-01   5.8733e+01   4.4134e+00   0.0000e+00   1.6233e-05   2.7042e+02
20251211_00:00:00   2.0701e-01   5.5147e+01   4.1924e+00   0.0000e+00   6.9702e-04   2.7109e+02
20251211_03:00:00   2.5516e-01   6.5386e+01   5.2034e+00   0.0000e+00   0.0000e+00   2.7210e+02
20251211_06:00:00   3.2688e-01   7.9573e+01   6.6674e+00   0.0000e+00   3.1680e-06   2.7045e+02
20251211_09:00:00   3.4689e-01   8.3108e+01   7.0327e+00   0.0000e+00   7.3860e-04   2.7114e+02
20251211_12:00:00   2.9796e-01   7.3665e+01   5.8738e+00   0.0000e+00   1.4844e-02   2.7105e+02
20251211_15:00:00   2.8371e-01   7.0856e+01   5.5032e+00   0.0000e+00   6.6940e-05   2.7110e+02
20251211_18:00:00   2.8300e-01   7.0647e+01   5.6192e+00   0.0000e+00   1.0884e-06   2.7181e+02
20251211_21:00:00   3.0761e-01   7.5453e+01   6.2520e+00   0.0000e+00   5.8983e-03   2.6831e+02
20251212_00:00:00   3.0643e-01   7.5220e+01   6.2897e+00   0.0000e+00   0.0000e+00   2.6641e+02
20251212_03:00:00   3.7206e-01   8.7795e+01   7.5111e+00   0.0000e+00   0.0000e+00   2.6635e+02
20251212_06:00:00   3.9509e-01   9.1735e+01   8.0038e+00   0.0000e+00   4.4737e-04   2.6838e+02
20251212_09:00:00   3.7275e-01   8.7944e+01   7.4340e+00   0.0000e+00   0.0000e+00   2.6943e+02
20251212_12:00:00   3.3817e-01   8.1566e+01   6.7703e+00   0.0000e+00   0.0000e+00   2.7157e+02
20251212_15:00:00   3.3008e-01   7.9994e+01   6.6595e+00   0.0000e+00   0.0000e+00   2.7224e+02
20251212_18:00:00   3.3462e-01   8.0977e+01   6.7893e+00   0.0000e+00   0.0000e+00   2.7025e+02
20251212_21:00:00   3.4114e-01   8.2365e+01   6.9637e+00   0.0000e+00   0.0000e+00   2.6690e+02
20251213_00:00:00   3.1382e-01   7.7159e+01   6.4140e+00   0.0000e+00   0.0000e+00   2.6698e+02
20251213_03:00:00   3.1226e-01   7.6984e+01   6.3126e+00   0.0000e+00   0.0000e+00   2.6654e+02
20251213_06:00:00   3.1091e-01   7.6804e+01   6.2605e+00   0.0000e+00   0.0000e+00   2.6484e+02
20251213_09:00:00   3.1263e-01   7.7120e+01   6.2985e+00   0.0000e+00   0.0000e+00   2.6555e+02
20251213_12:00:00   2.7782e-01   6.9868e+01   5.6510e+00   0.0000e+00   0.0000e+00   2.6354e+02
20251213_15:00:00   2.2685e-01   5.9128e+01   4.5752e+00   0.0000e+00   0.0000e+00   2.6489e+02
20251213_18:00:00   3.6535e-01   8.6241e+01   7.5205e+00   0.0000e+00   0.0000e+00   2.6753e+02
20251213_21:00:00   4.1910e-01   9.6162e+01   8.4712e+00   0.0000e+00   7.4545e-03   2.6609e+02
20251214_00:00:00   3.8909e-01   9.1236e+01   7.6124e+00   0.0000e+00   0.0000e+00   2.7219e+02
20251214_03:00:00   3.6089e-01   8.6008e+01   6.9815e+00   0.0000e+00   1.6772e-04   2.7415e+02
20251214_06:00:00   3.1979e-01   7.7895e+01   6.2231e+00   0.0000e+00   1.3888e-05   2.7137e+02
20251214_09:00:00   3.5375e-01   8.3962e+01   6.9954e+00   0.0000e+00   0.0000e+00   2.6941e+02
20251214_12:00:00   4.7758e-01   1.0563e+02   9.1041e+00   0.0000e+00   1.3348e-03   2.7270e+02
20251214_15:00:00   4.8453e-01   1.0680e+02   9.1889e+00   0.0000e+00   1.2597e-03   2.6971e+02
20251214_18:00:00   5.0869e-01   1.1092e+02   9.5077e+00   0.0000e+00   3.4304e-04   2.7019e+02
20251214_21:00:00   5.2255e-01   1.1281e+02   9.8198e+00   2.4080e-03   6.7994e-02   2.7439e+02
20251215_00:00:00   4.8068e-01   1.0595e+02   9.1907e+00   0.0000e+00   7.2733e-03   2.7623e+02
20251215_03:00:00   3.8452e-01   9.0611e+01   6.3411e+00   0.0000e+00   0.0000e+00   2.8019e+02
20251215_06:00:00   3.4618e-01   8.3206e+01   5.7250e+00   5.0900e-04   7.9120e-05   2.7981e+02
20251215_09:00:00   2.7987e-01   6.9757e+01   4.8035e+00   1.4948e-03   1.3588e-05   2.7673e+02
20251215_12:00:00   1.9726e-01   5.2186e+01   3.5676e+00   0.0000e+00   0.0000e+00   2.7940e+02
20251215_15:00:00   1.5803e-01   4.3576e+01   2.8323e+00   0.0000e+00   0.0000e+00   2.8285e+02
20251215_18:00:00   2.1145e-01   5.5527e+01   3.7660e+00   0.0000e+00   0.0000e+00   2.8865e+02
20251215_21:00:00   2.0176e-01   5.3298e+01   3.7144e+00   0.0000e+00   0.0000e+00   2.8682e+02
20251216_00:00:00   2.1055e-01   5.4959e+01   3.7964e+00   0.0000e+00   0.0000e+00   2.8250e+02
20251216_03:00:00   2.7850e-01   6.8684e+01   4.8329e+00   7.7400e-06   1.7064e-04   2.8330e+02
20251216_06:00:00   2.8663e-01   7.0223e+01   4.8776e+00   1.6256e-04   1.4584e-04   2.9439e+02
20251216_09:00:00   3.0524e-01   7.3653e+01   4.9269e+00   4.7540e-03   3.4174e-03   3.0193e+02
20251216_12:00:00   3.3553e-01   7.8750e+01   5.1498e+00   1.3858e-02   5.2858e-02   3.0475e+02
20251216_15:00:00   2.4158e-01   6.0247e+01   4.1751e+00   0.0000e+00   9.1750e-05   3.0334e+02
20251216_18:00:00   2.9238e-01   7.0292e+01   5.0325e+00   2.8828e-03   1.1981e-02   3.0297e+02
20251216_21:00:00   2.9043e-01   7.0305e+01   5.1073e+00   5.0827e-04   1.6107e-02   3.0615e+02
20251217_00:00:00   3.0786e-01   7.3514e+01   5.3707e+00   0.0000e+00   2.6639e-02   3.0708e+02
20251217_03:00:00   3.7577e-01   8.5588e+01   6.3388e+00   0.0000e+00   1.6453e-01   3.0775e+02
20251217_06:00:00   3.7739e-01   8.5924e+01   6.3462e+00   2.2360e-03   5.1912e-02   3.1448e+02
20251217_09:00:00   3.4803e-01   8.0230e+01   5.8728e+00   1.5454e-04   7.4137e-02   3.3424e+02
20251217_12:00:00   3.2075e-01   7.4590e+01   5.2410e+00   0.0000e+00   3.6791e-01   3.6178e+02
20251217_15:00:00   2.6628e-01   6.3938e+01   4.2988e+00   0.0000e+00   2.3810e-01   3.6796e+02
20251217_18:00:00   1.4429e-01   3.9137e+01   2.2182e+00   0.0000e+00   1.6635e-04   3.4224e+02
20251217_21:00:00   1.2345e-01   3.4315e+01   2.0788e+00   0.0000e+00   0.0000e+00   3.2330e+02
20251218_00:00:00   1.3207e-01   3.6366e+01   2.1973e+00   0.0000e+00   4.7618e-06   3.2125e+02
