#            date       tau255        Tb[K]      pwv[mm] lwp[kg*m^-2] iwp[kg*m^-2]       o3[DU]
20251205_06:00:00   1.0981e-01   3.1922e+01   1.8927e+00   0.0000e+00   0.0000e+00   3.0542e+02
20251205_07:00:00   1.1494e-01   3.3087e+01   2.0255e+00   0.0000e+00   0.0000e+00   3.0173e+02
20251205_08:00:00   1.2084e-01   3.4417e+01   2.1774e+00   0.0000e+00   0.0000e+00   2.9897e+02
20251205_09:00:00   1.2551e-01   3.5454e+01   2.2942e+00   0.0000e+00   0.0000e+00   2.9854e+02
20251205_10:00:00   1.3001e-01   3.6456e+01   2.4063e+00   0.0000e+00   0.0000e+00   2.9932e+02
20251205_11:00:00   1.3028e-01   3.6483e+01   2.4261e+00   0.0000e+00   0.0000e+00   2.9761e+02
20251205_12:00:00   1.3105e-01   3.6589e+01   2.4660e+00   0.0000e+00   1.5136e-04   2.9655e+02
20251205_13:00:00   1.3658e-01   3.7772e+01   2.6087e+00   0.0000e+00   8.4266e-04   2.9615e+02
20251205_14:00:00   1.5400e-01   4.1474e+01   3.0138e+00   0.0000e+00   7.1489e-03   2.9457e+02
20251205_15:00:00   1.8189e-01   4.7381e+01   3.5844e+00   0.0000e+00   8.5290e-02   2.9407e+02
20251205_16:00:00   2.5043e-01   6.1726e+01   4.9628e+00   0.0000e+00   5.0092e-02   2.9527e+02
20251205_17:00:00   2.8355e-01   6.8545e+01   5.5682e+00   0.0000e+00   2.2858e-03   2.9614e+02
20251205_18:00:00   2.8143e-01   6.8429e+01   5.4725e+00   0.0000e+00   1.5342e-04   2.9744e+02
20251205_19:00:00   2.5282e-01   6.3156e+01   4.8078e+00   0.0000e+00   0.0000e+00   2.9739e+02
20251205_20:00:00   2.3304e-01   5.9408e+01   4.3644e+00   0.0000e+00   0.0000e+00   2.9792e+02
20251205_21:00:00   2.4798e-01   6.2423e+01   4.6992e+00   0.0000e+00   0.0000e+00   2.9682e+02
20251205_22:00:00   2.4786e-01   6.2561e+01   4.6680e+00   0.0000e+00   0.0000e+00   2.9450e+02
20251205_23:00:00   2.6419e-01   6.5912e+01   4.9520e+00   0.0000e+00   0.0000e+00   2.9398e+02
20251206_00:00:00   2.7562e-01   6.8184e+01   5.1355e+00   0.0000e+00   0.0000e+00   2.9117e+02
20251206_01:00:00   2.6987e-01   6.7165e+01   5.0130e+00   0.0000e+00   0.0000e+00   2.8998e+02
20251206_02:00:00   2.5250e-01   6.3738e+01   4.6621e+00   0.0000e+00   0.0000e+00   2.9190e+02
20251206_03:00:00   2.4458e-01   6.2131e+01   4.5123e+00   0.0000e+00   0.0000e+00   2.9044e+02
20251206_04:00:00   2.4112e-01   6.1405e+01   4.4465e+00   0.0000e+00   0.0000e+00   2.8846e+02
20251206_05:00:00   2.4222e-01   6.1631e+01   4.4779e+00   0.0000e+00   0.0000e+00   2.8769e+02
20251206_06:00:00   2.3265e-01   5.9660e+01   4.3414e+00   0.0000e+00   0.0000e+00   2.8439e+02
20251206_07:00:00   2.2262e-01   5.7580e+01   4.1993e+00   0.0000e+00   0.0000e+00   2.8035e+02
20251206_08:00:00   2.2399e-01   5.7883e+01   4.2651e+00   0.0000e+00   0.0000e+00   2.7846e+02
20251206_09:00:00   2.2598e-01   5.8319e+01   4.3641e+00   0.0000e+00   0.0000e+00   2.7754e+02
20251206_10:00:00   2.3399e-01   6.0009e+01   4.5745e+00   0.0000e+00   0.0000e+00   2.7405e+02
20251206_11:00:00   2.5343e-01   6.4059e+01   4.9936e+00   0.0000e+00   0.0000e+00   2.7414e+02
20251206_12:00:00   2.6544e-01   6.6534e+01   5.2482e+00   0.0000e+00   0.0000e+00   2.7315e+02
20251206_13:00:00   2.9352e-01   7.2173e+01   5.8396e+00   0.0000e+00   0.0000e+00   2.7138e+02
20251206_14:00:00   3.2240e-01   7.7834e+01   6.3876e+00   0.0000e+00   0.0000e+00   2.7199e+02
20251206_15:00:00   3.4235e-01   8.1746e+01   6.7349e+00   0.0000e+00   0.0000e+00   2.7158e+02
20251206_16:00:00   3.4648e-01   8.2655e+01   6.7793e+00   0.0000e+00   0.0000e+00   2.7069e+02
20251206_17:00:00   3.6913e-01   8.6967e+01   7.1683e+00   0.0000e+00   0.0000e+00   2.7152e+02
20251206_18:00:00   3.8011e-01   8.9108e+01   7.2920e+00   0.0000e+00   0.0000e+00   2.7129e+02
20251206_19:00:00   3.6509e-01   8.6313e+01   7.0115e+00   0.0000e+00   0.0000e+00   2.7086e+02
20251206_20:00:00   3.7370e-01   8.7913e+01   7.2015e+00   0.0000e+00   0.0000e+00   2.7267e+02
20251206_21:00:00   3.9354e-01   9.1502e+01   7.5770e+00   0.0000e+00   0.0000e+00   2.7203e+02
20251206_22:00:00   3.9821e-01   9.2401e+01   7.6209e+00   0.0000e+00   0.0000e+00   2.7086e+02
20251206_23:00:00   4.1481e-01   9.5407e+01   7.8531e+00   0.0000e+00   0.0000e+00   2.6946e+02
20251207_00:00:00   4.4962e-01   1.0120e+02   8.2769e+00   0.0000e+00   0.0000e+00   2.7099e+02
20251207_01:00:00   4.2768e-01   9.7501e+01   7.9599e+00   0.0000e+00   0.0000e+00   2.7065e+02
20251207_02:00:00   4.1206e-01   9.4810e+01   7.4840e+00   0.0000e+00   0.0000e+00   2.7148e+02
20251207_03:00:00   3.9611e-01   9.2021e+01   7.0980e+00   0.0000e+00   0.0000e+00   2.6943e+02
20251207_04:00:00   3.8819e-01   9.0511e+01   6.9702e+00   0.0000e+00   0.0000e+00   2.6881e+02
20251207_05:00:00   4.0814e-01   9.3927e+01   7.3798e+00   0.0000e+00   0.0000e+00   2.6883e+02
20251207_06:00:00   4.1166e-01   9.4490e+01   7.4814e+00   0.0000e+00   0.0000e+00   2.7052e+02
20251207_07:00:00   4.0998e-01   9.4131e+01   7.4847e+00   0.0000e+00   0.0000e+00   2.7154e+02
20251207_08:00:00   4.0723e-01   9.3610e+01   7.4568e+00   0.0000e+00   0.0000e+00   2.7418e+02
20251207_09:00:00   4.0850e-01   9.3827e+01   7.4304e+00   0.0000e+00   0.0000e+00   2.7416e+02
20251207_10:00:00   3.9663e-01   9.1760e+01   7.1973e+00   0.0000e+00   0.0000e+00   2.7592e+02
20251207_11:00:00   3.7794e-01   8.8383e+01   6.8252e+00   0.0000e+00   0.0000e+00   2.7891e+02
20251207_12:00:00   3.5372e-01   8.3895e+01   6.3933e+00   0.0000e+00   0.0000e+00   2.7861e+02
20251207_13:00:00   3.3263e-01   7.9973e+01   5.9743e+00   0.0000e+00   0.0000e+00   2.7735e+02
20251207_14:00:00   3.1943e-01   7.7422e+01   5.6939e+00   0.0000e+00   0.0000e+00   2.7826e+02
20251207_15:00:00   3.0513e-01   7.4613e+01   5.4573e+00   0.0000e+00   0.0000e+00   2.7957e+02
20251207_16:00:00   2.9255e-01   7.2127e+01   5.2811e+00   0.0000e+00   0.0000e+00   2.7983e+02
20251207_17:00:00   2.7761e-01   6.9205e+01   5.0855e+00   0.0000e+00   0.0000e+00   2.7802e+02
20251207_18:00:00   2.8059e-01   6.9831e+01   5.1876e+00   0.0000e+00   0.0000e+00   2.7680e+02
20251207_19:00:00   2.6703e-01   6.7127e+01   5.0247e+00   0.0000e+00   0.0000e+00   2.7537e+02
20251207_20:00:00   2.5592e-01   6.4857e+01   4.8903e+00   0.0000e+00   0.0000e+00   2.7567e+02
20251207_21:00:00   2.4602e-01   6.2801e+01   4.7510e+00   0.0000e+00   0.0000e+00   2.7682e+02
20251207_22:00:00   2.4367e-01   6.2304e+01   4.7283e+00   0.0000e+00   0.0000e+00   2.7699e+02
20251207_23:00:00   2.5360e-01   6.4283e+01   4.9656e+00   0.0000e+00   0.0000e+00   2.7466e+02
20251208_00:00:00   2.5306e-01   6.4120e+01   4.9989e+00   0.0000e+00   0.0000e+00   2.7514e+02
20251208_01:00:00   2.8252e-01   7.0226e+01   5.5299e+00   0.0000e+00   0.0000e+00   2.7519e+02
20251208_02:00:00   3.0256e-01   7.4330e+01   5.8451e+00   0.0000e+00   9.9180e-06   2.7672e+02
20251208_03:00:00   3.1269e-01   7.6445e+01   5.9739e+00   0.0000e+00   1.2332e-04   2.7858e+02
20251208_04:00:00   3.1853e-01   7.7696e+01   6.0269e+00   0.0000e+00   3.4642e-05   2.7959e+02
20251208_05:00:00   3.1864e-01   7.7825e+01   5.9622e+00   0.0000e+00   1.9300e-05   2.7932e+02
20251208_06:00:00   3.1977e-01   7.8082e+01   5.9520e+00   0.0000e+00   0.0000e+00   2.8036e+02
20251208_07:00:00   3.1835e-01   7.7756e+01   5.9266e+00   0.0000e+00   4.2636e-04   2.8135e+02
20251208_08:00:00   3.2038e-01   7.8075e+01   5.9670e+00   0.0000e+00   1.7316e-03   2.8191e+02
20251208_09:00:00   3.2731e-01   7.9317e+01   6.1160e+00   0.0000e+00   2.2342e-03   2.8273e+02
20251208_10:00:00   3.3463e-01   8.0696e+01   6.2493e+00   0.0000e+00   4.7050e-04   2.8700e+02
20251208_11:00:00   3.3524e-01   8.0715e+01   6.2882e+00   0.0000e+00   5.1686e-05   2.8799e+02
20251208_12:00:00   3.2570e-01   7.8943e+01   6.0871e+00   0.0000e+00   0.0000e+00   2.8733e+02
20251208_13:00:00   3.1742e-01   7.7381e+01   5.9062e+00   0.0000e+00   0.0000e+00   2.8607e+02
20251208_14:00:00   2.9783e-01   7.3795e+01   5.4015e+00   0.0000e+00   0.0000e+00   2.8738e+02
20251208_15:00:00   2.7669e-01   6.9590e+01   4.9989e+00   0.0000e+00   0.0000e+00   2.8797e+02
20251208_16:00:00   2.6375e-01   6.6985e+01   4.7382e+00   0.0000e+00   0.0000e+00   2.9050e+02
20251208_17:00:00   2.4382e-01   6.2899e+01   4.4375e+00   0.0000e+00   0.0000e+00   2.9460e+02
20251208_18:00:00   2.5494e-01   6.5234e+01   4.6709e+00   0.0000e+00   0.0000e+00   2.9890e+02
20251208_19:00:00   2.5796e-01   6.5873e+01   4.7790e+00   0.0000e+00   0.0000e+00   3.0232e+02
20251208_20:00:00   2.5990e-01   6.6303e+01   4.8545e+00   0.0000e+00   0.0000e+00   3.0284e+02
20251208_21:00:00   2.7055e-01   6.8423e+01   5.1018e+00   0.0000e+00   0.0000e+00   3.0162e+02
20251208_22:00:00   2.7103e-01   6.8526e+01   5.1303e+00   0.0000e+00   0.0000e+00   3.0008e+02
20251208_23:00:00   2.8785e-01   7.1784e+01   5.4836e+00   0.0000e+00   0.0000e+00   2.9592e+02
20251209_00:00:00   3.0066e-01   7.4168e+01   5.7631e+00   0.0000e+00   0.0000e+00   2.9631e+02
20251209_01:00:00   3.1164e-01   7.6260e+01   5.9938e+00   0.0000e+00   0.0000e+00   2.9584e+02
20251209_02:00:00   3.1860e-01   7.7563e+01   6.1200e+00   0.0000e+00   0.0000e+00   2.9347e+02
20251209_03:00:00   3.1443e-01   7.6829e+01   6.0514e+00   0.0000e+00   6.3260e-06   2.9144e+02
20251209_04:00:00   3.1948e-01   7.7798e+01   6.1368e+00   0.0000e+00   2.9980e-05   2.9182e+02
20251209_05:00:00   3.1749e-01   7.7447e+01   6.1342e+00   0.0000e+00   1.4068e-05   2.9172e+02
20251209_06:00:00   3.0706e-01   7.5508e+01   5.9184e+00   0.0000e+00   1.0884e-06   2.8779e+02
20251209_07:00:00   2.9620e-01   7.3416e+01   5.7141e+00   0.0000e+00   0.0000e+00   2.8392e+02
20251209_08:00:00   2.9862e-01   7.3863e+01   5.8022e+00   0.0000e+00   8.7620e-05   2.8119e+02
20251209_09:00:00   3.0674e-01   7.5486e+01   6.0000e+00   0.0000e+00   0.0000e+00   2.8378e+02
20251209_10:00:00   3.1583e-01   7.7295e+01   6.2136e+00   0.0000e+00   0.0000e+00   2.8687e+02
20251209_11:00:00   3.2101e-01   7.8329e+01   6.3013e+00   0.0000e+00   0.0000e+00   2.9328e+02
20251209_12:00:00   3.2684e-01   7.9510e+01   6.4183e+00   0.0000e+00   1.6642e-06   2.9736e+02
20251209_13:00:00   3.2555e-01   7.9349e+01   6.4149e+00   0.0000e+00   0.0000e+00   2.9592e+02
20251209_14:00:00   3.2969e-01   8.0126e+01   6.5081e+00   0.0000e+00   0.0000e+00   2.9353e+02
20251209_15:00:00   3.3324e-01   8.0823e+01   6.6007e+00   0.0000e+00   5.9500e-06   2.9237e+02
20251209_16:00:00   3.4000e-01   8.2126e+01   6.7505e+00   0.0000e+00   0.0000e+00   2.9208e+02
20251209_17:00:00   3.3824e-01   8.1847e+01   6.7628e+00   0.0000e+00   0.0000e+00   2.8856e+02
20251209_18:00:00   3.3277e-01   8.0875e+01   6.7116e+00   0.0000e+00   0.0000e+00   2.8587e+02
20251209_19:00:00   3.3326e-01   8.1034e+01   6.7657e+00   0.0000e+00   0.0000e+00   2.8094e+02
20251209_20:00:00   3.3823e-01   8.2077e+01   6.8672e+00   0.0000e+00   0.0000e+00   2.7852e+02
20251209_21:00:00   3.4505e-01   8.3427e+01   6.9846e+00   0.0000e+00   0.0000e+00   2.7652e+02
20251209_22:00:00   3.5056e-01   8.4580e+01   7.0945e+00   0.0000e+00   0.0000e+00   2.7557e+02
20251209_23:00:00   3.6057e-01   8.6501e+01   7.2788e+00   0.0000e+00   0.0000e+00   2.7557e+02
20251210_00:00:00   3.7274e-01   8.8766e+01   7.4847e+00   0.0000e+00   0.0000e+00   2.7792e+02
20251210_01:00:00   3.8309e-01   9.0694e+01   7.6566e+00   0.0000e+00   0.0000e+00   2.8273e+02
20251210_02:00:00   3.9153e-01   9.2270e+01   7.8082e+00   0.0000e+00   0.0000e+00   2.8637e+02
20251210_03:00:00   3.9846e-01   9.3573e+01   7.9162e+00   0.0000e+00   0.0000e+00   2.8662e+02
20251210_04:00:00   4.0867e-01   9.5384e+01   8.1251e+00   0.0000e+00   0.0000e+00   2.8707e+02
20251210_05:00:00   4.1800e-01   9.7031e+01   8.3226e+00   0.0000e+00   0.0000e+00   2.8860e+02
20251210_06:00:00   4.1137e-01   9.5905e+01   8.1776e+00   0.0000e+00   0.0000e+00   2.9147e+02
20251210_09:00:00   4.0658e-01   9.5142e+01   8.1085e+00   0.0000e+00   0.0000e+00   2.9353e+02
20251210_12:00:00   4.2122e-01   9.7703e+01   8.3339e+00   0.0000e+00   0.0000e+00   2.8746e+02
20251210_15:00:00   3.8280e-01   9.1067e+01   7.4874e+00   0.0000e+00   0.0000e+00   2.8186e+02
20251210_18:00:00   3.6921e-01   8.8908e+01   7.2526e+00   0.0000e+00   0.0000e+00   2.8177e+02
20251210_21:00:00   3.5868e-01   8.7166e+01   7.0099e+00   0.0000e+00   0.0000e+00   2.8408e+02
20251211_00:00:00   3.3865e-01   8.3220e+01   6.6241e+00   0.0000e+00   0.0000e+00   2.7643e+02
20251211_03:00:00   3.3793e-01   8.3118e+01   6.5726e+00   0.0000e+00   0.0000e+00   2.7618e+02
20251211_06:00:00   2.9681e-01   7.5116e+01   5.6500e+00   0.0000e+00   0.0000e+00   2.7748e+02
20251211_09:00:00   3.2863e-01   8.1375e+01   6.1980e+00   0.0000e+00   0.0000e+00   2.7390e+02
20251211_12:00:00   3.3888e-01   8.3115e+01   6.4997e+00   0.0000e+00   0.0000e+00   2.7360e+02
20251211_15:00:00   3.4834e-01   8.4700e+01   6.7964e+00   0.0000e+00   0.0000e+00   2.7117e+02
20251211_18:00:00   2.7564e-01   7.0266e+01   5.4899e+00   0.0000e+00   0.0000e+00   2.7438e+02
20251211_21:00:00   2.7574e-01   6.9959e+01   5.6288e+00   0.0000e+00   0.0000e+00   2.7511e+02
20251212_00:00:00   2.7701e-01   7.0161e+01   5.6296e+00   0.0000e+00   0.0000e+00   2.7670e+02
20251212_03:00:00   3.0223e-01   7.5220e+01   6.0372e+00   0.0000e+00   1.2654e-05   2.7785e+02
20251212_06:00:00   3.0250e-01   7.5243e+01   5.9572e+00   0.0000e+00   1.4852e-05   2.7599e+02
20251212_09:00:00   3.2530e-01   7.9700e+01   6.2910e+00   0.0000e+00   0.0000e+00   2.7316e+02
20251212_12:00:00   3.1674e-01   7.8137e+01   6.0103e+00   0.0000e+00   0.0000e+00   2.7213e+02
20251212_15:00:00   2.8225e-01   7.1466e+01   5.3141e+00   0.0000e+00   0.0000e+00   2.7937e+02
20251212_18:00:00   2.5076e-01   6.5157e+01   4.7840e+00   0.0000e+00   0.0000e+00   2.7821e+02
20251212_21:00:00   2.6412e-01   6.8205e+01   5.0828e+00   0.0000e+00   0.0000e+00   2.7491e+02
20251213_00:00:00   2.5252e-01   6.5709e+01   4.8166e+00   0.0000e+00   0.0000e+00   2.7581e+02
20251213_03:00:00   2.1127e-01   5.6762e+01   3.9395e+00   0.0000e+00   0.0000e+00   2.7277e+02
20251213_06:00:00   1.9518e-01   5.3096e+01   3.6691e+00   0.0000e+00   0.0000e+00   2.7617e+02
20251213_09:00:00   2.1134e-01   5.6558e+01   4.0228e+00   0.0000e+00   0.0000e+00   2.7143e+02
20251213_12:00:00   2.1687e-01   5.7753e+01   4.1146e+00   0.0000e+00   0.0000e+00   2.6716e+02
20251213_15:00:00   2.0927e-01   5.6075e+01   3.9906e+00   0.0000e+00   0.0000e+00   2.6547e+02
20251213_18:00:00   1.9467e-01   5.2960e+01   3.7575e+00   0.0000e+00   0.0000e+00   2.6298e+02
20251213_21:00:00   1.9537e-01   5.3266e+01   3.8039e+00   0.0000e+00   0.0000e+00   2.6204e+02
20251214_00:00:00   2.2966e-01   6.0837e+01   4.4138e+00   0.0000e+00   0.0000e+00   2.6363e+02
20251214_03:00:00   1.8708e-01   5.1149e+01   3.6231e+00   0.0000e+00   1.8200e-03   2.6172e+02
20251214_06:00:00   1.8631e-01   5.0799e+01   3.6304e+00   0.0000e+00   4.9583e-03   2.6169e+02
20251214_09:00:00   1.7698e-01   4.8451e+01   3.4764e+00   0.0000e+00   2.2352e-03   2.6248e+02
20251214_12:00:00   1.6724e-01   4.5976e+01   3.3079e+00   0.0000e+00   3.3918e-03   2.6293e+02
20251214_15:00:00   1.3536e-01   3.8491e+01   2.6317e+00   0.0000e+00   2.3038e-02   2.6274e+02
20251214_18:00:00   1.3050e-01   3.7244e+01   2.6042e+00   0.0000e+00   7.6444e-03   2.6152e+02
20251214_21:00:00   1.5578e-01   4.3000e+01   3.1806e+00   0.0000e+00   1.0296e-02   2.5868e+02
20251215_00:00:00   1.7398e-01   4.6834e+01   3.5269e+00   0.0000e+00   7.8079e-02   2.5783e+02
20251215_03:00:00   1.6900e-01   4.6278e+01   3.2784e+00   0.0000e+00   1.9840e-06   2.5485e+02
20251215_06:00:00   1.6845e-01   4.6313e+01   3.2245e+00   0.0000e+00   0.0000e+00   2.5488e+02
20251215_09:00:00   1.7229e-01   4.7319e+01   3.2286e+00   0.0000e+00   0.0000e+00   2.5209e+02
20251215_12:00:00   1.6400e-01   4.5529e+01   3.0815e+00   0.0000e+00   0.0000e+00   2.4926e+02
20251215_15:00:00   1.4407e-01   4.0873e+01   2.6950e+00   0.0000e+00   0.0000e+00   2.4532e+02
20251215_18:00:00   1.4650e-01   4.1395e+01   2.8363e+00   0.0000e+00   0.0000e+00   2.4731e+02
20251215_21:00:00   1.5897e-01   4.4423e+01   3.1100e+00   0.0000e+00   0.0000e+00   2.4870e+02
20251216_00:00:00   1.5387e-01   4.3263e+01   3.0110e+00   0.0000e+00   0.0000e+00   2.5510e+02
20251216_03:00:00   1.5755e-01   4.4093e+01   3.0866e+00   0.0000e+00   0.0000e+00   2.5586e+02
20251216_06:00:00   1.7527e-01   4.7915e+01   3.5694e+00   0.0000e+00   0.0000e+00   2.5052e+02
20251216_09:00:00   2.1712e-01   5.6962e+01   4.5578e+00   0.0000e+00   0.0000e+00   2.4997e+02
20251216_12:00:00   2.1673e-01   5.7130e+01   4.5026e+00   0.0000e+00   1.8626e-05   2.4980e+02
20251216_15:00:00   1.9929e-01   5.3642e+01   4.0117e+00   0.0000e+00   3.8180e-05   2.5301e+02
20251216_18:00:00   1.9274e-01   5.2458e+01   3.8123e+00   0.0000e+00   0.0000e+00   2.5401e+02
20251216_21:00:00   2.0885e-01   5.6132e+01   4.1511e+00   0.0000e+00   0.0000e+00   2.5448e+02
20251217_00:00:00   2.1129e-01   5.6716e+01   4.1987e+00   0.0000e+00   6.7000e-05   2.5408e+02
20251217_03:00:00   2.0881e-01   5.6056e+01   4.1687e+00   0.0000e+00   2.7683e-03   2.5750e+02
20251217_06:00:00   1.9089e-01   5.1774e+01   3.8610e+00   0.0000e+00   1.0088e-02   2.5652e+02
20251217_09:00:00   1.7468e-01   4.7701e+01   3.5684e+00   0.0000e+00   1.3043e-02   2.5714e+02
20251217_12:00:00   1.6995e-01   4.5985e+01   3.5698e+00   0.0000e+00   3.8124e-02   2.5759e+02
20251217_15:00:00   2.2140e-01   5.6717e+01   4.8286e+00   0.0000e+00   1.7315e-03   2.5417e+02
20251217_18:00:00   2.0548e-01   5.3924e+01   4.3931e+00   0.0000e+00   0.0000e+00   2.5349e+02
20251217_21:00:00   1.6800e-01   4.6344e+01   3.4779e+00   0.0000e+00   0.0000e+00   2.5611e+02
20251218_00:00:00   1.6466e-01   4.5759e+01   3.3839e+00   0.0000e+00   4.2920e-05   2.5986e+02
20251218_03:00:00   2.0563e-01   5.4797e+01   4.3543e+00   0.0000e+00   0.0000e+00   2.6279e+02
20251218_06:00:00   2.0606e-01   5.4892e+01   4.3707e+00   0.0000e+00   0.0000e+00   2.6085e+02
20251218_09:00:00   1.8059e-01   4.9459e+01   3.7563e+00   0.0000e+00   1.1206e-04   2.6024e+02
20251218_12:00:00   1.6948e-01   4.6981e+01   3.5181e+00   0.0000e+00   0.0000e+00   2.6788e+02
20251218_15:00:00   1.7327e-01   4.7828e+01   3.5424e+00   0.0000e+00   0.0000e+00   2.7240e+02
20251218_18:00:00   1.8444e-01   5.0391e+01   3.7808e+00   0.0000e+00   0.0000e+00   2.7713e+02
20251218_21:00:00   2.6591e-01   6.7259e+01   5.7407e+00   0.0000e+00   0.0000e+00   2.7514e+02
20251219_00:00:00   3.2100e-01   7.7654e+01   7.0435e+00   0.0000e+00   1.6950e-02   2.6693e+02
20251219_03:00:00   3.5195e-01   8.3450e+01   7.6848e+00   0.0000e+00   1.5006e-03   2.6456e+02
20251219_06:00:00   3.3011e-01   7.9366e+01   7.1846e+00   0.0000e+00   5.3536e-03   2.6461e+02
20251219_09:00:00   3.0117e-01   7.3799e+01   6.5226e+00   0.0000e+00   2.7393e-03   2.6360e+02
20251219_12:00:00   2.3524e-01   6.0174e+01   5.1456e+00   0.0000e+00   1.8989e-03   2.6885e+02
20251219_15:00:00   2.5748e-01   6.5056e+01   5.4160e+00   0.0000e+00   5.7279e-04   2.7103e+02
20251219_18:00:00   4.9356e-01   1.0922e+02   9.5550e+00   0.0000e+00   4.7943e-04   2.7587e+02
20251219_21:00:00   5.1356e-01   1.1239e+02   9.8247e+00   0.0000e+00   3.6977e-04   2.7549e+02
20251220_00:00:00   3.8593e-01   9.0634e+01   7.3006e+00   0.0000e+00   7.4348e-03   2.7413e+02
20251220_03:00:00   3.0953e-01   7.5520e+01   5.9820e+00   0.0000e+00   2.2807e-02   2.7247e+02
20251220_06:00:00   3.1152e-01   7.5545e+01   6.0967e+00   0.0000e+00   7.1444e-02   2.7230e+02
20251220_09:00:00   3.3209e-01   7.9461e+01   6.3642e+00   0.0000e+00   1.3395e-01   2.7445e+02
20251220_12:00:00   2.6631e-01   6.6667e+01   5.1562e+00   0.0000e+00   1.6054e-02   2.8029e+02
20251220_15:00:00   2.0685e-01   5.4352e+01   3.9914e+00   0.0000e+00   1.0326e-02   2.8552e+02
20251220_18:00:00   2.0488e-01   5.3909e+01   4.0011e+00   0.0000e+00   1.2465e-02   2.9276e+02
20251220_21:00:00   3.6590e-01   8.6226e+01   6.8917e+00   2.5540e-04   3.6176e-02   2.9617e+02
20251221_00:00:00   6.0555e-01   1.2592e+02   1.0131e+01   8.1286e-03   8.5098e-02   2.9763e+02
20251221_03:00:00   4.3654e-01   9.8978e+01   7.7576e+00   2.4801e-03   7.1386e-03   2.9291e+02
20251221_06:00:00   4.1552e-01   9.5177e+01   7.1056e+00   3.7120e-03   8.3051e-03   2.9590e+02
