#            date       tau255        Tb[K]      pwv[mm] lwp[kg*m^-2] iwp[kg*m^-2]       o3[DU]
20251212_00:00:00   2.4618e-01   6.4102e+01   4.9168e+00   0.0000e+00   0.0000e+00   2.7404e+02
20251212_01:00:00   2.5848e-01   6.6805e+01   5.0956e+00   0.0000e+00   0.0000e+00   2.7511e+02
20251212_02:00:00   2.5909e-01   6.7040e+01   5.0524e+00   0.0000e+00   0.0000e+00   2.7528e+02
20251212_03:00:00   2.5217e-01   6.5632e+01   4.8912e+00   0.0000e+00   0.0000e+00   2.7351e+02
20251212_04:00:00   2.5424e-01   6.6111e+01   4.9135e+00   0.0000e+00   0.0000e+00   2.7164e+02
20251212_05:00:00   2.5494e-01   6.6311e+01   4.8880e+00   0.0000e+00   0.0000e+00   2.6907e+02
20251212_06:00:00   2.3712e-01   6.2611e+01   4.4876e+00   0.0000e+00   0.0000e+00   2.6744e+02
20251212_07:00:00   2.1565e-01   5.7933e+01   4.0308e+00   0.0000e+00   0.0000e+00   2.6958e+02
20251212_08:00:00   2.1084e-01   5.6685e+01   3.9911e+00   0.0000e+00   0.0000e+00   2.7290e+02
20251212_09:00:00   2.1223e-01   5.6702e+01   4.1148e+00   0.0000e+00   0.0000e+00   2.7443e+02
20251212_10:00:00   1.9387e-01   5.2464e+01   3.7674e+00   0.0000e+00   0.0000e+00   2.7600e+02
20251212_11:00:00   1.8900e-01   5.1312e+01   3.6593e+00   0.0000e+00   0.0000e+00   2.7987e+02
20251212_12:00:00   2.0735e-01   5.5375e+01   4.0356e+00   0.0000e+00   0.0000e+00   2.8164e+02
20251212_13:00:00   2.2488e-01   5.9141e+01   4.4162e+00   0.0000e+00   0.0000e+00   2.8510e+02
20251212_14:00:00   2.2582e-01   5.9263e+01   4.4732e+00   0.0000e+00   0.0000e+00   2.8550e+02
20251212_15:00:00   2.1935e-01   5.7813e+01   4.3609e+00   0.0000e+00   0.0000e+00   2.8467e+02
20251212_16:00:00   2.1195e-01   5.6247e+01   4.2103e+00   0.0000e+00   0.0000e+00   2.8336e+02
20251212_17:00:00   2.1529e-01   5.7077e+01   4.2536e+00   0.0000e+00   0.0000e+00   2.8154e+02
20251212_18:00:00   2.1515e-01   5.7128e+01   4.2638e+00   0.0000e+00   0.0000e+00   2.8125e+02
20251212_19:00:00   2.1200e-01   5.6468e+01   4.2258e+00   0.0000e+00   0.0000e+00   2.8005e+02
20251212_20:00:00   2.1213e-01   5.6563e+01   4.2313e+00   0.0000e+00   0.0000e+00   2.7629e+02
20251212_21:00:00   2.1222e-01   5.6685e+01   4.2151e+00   0.0000e+00   0.0000e+00   2.7620e+02
20251212_22:00:00   2.1021e-01   5.6306e+01   4.1563e+00   0.0000e+00   0.0000e+00   2.7865e+02
20251212_23:00:00   2.0033e-01   5.4141e+01   3.9469e+00   0.0000e+00   0.0000e+00   2.8013e+02
20251213_00:00:00   1.9191e-01   5.2243e+01   3.7671e+00   0.0000e+00   0.0000e+00   2.8072e+02
20251213_01:00:00   1.8808e-01   5.1384e+01   3.6755e+00   0.0000e+00   0.0000e+00   2.8280e+02
20251213_02:00:00   1.8549e-01   5.0776e+01   3.6142e+00   0.0000e+00   0.0000e+00   2.8495e+02
20251213_03:00:00   1.8109e-01   4.9766e+01   3.5175e+00   0.0000e+00   0.0000e+00   2.8286e+02
20251213_04:00:00   1.7729e-01   4.8885e+01   3.4311e+00   0.0000e+00   0.0000e+00   2.8273e+02
20251213_05:00:00   1.7175e-01   4.7620e+01   3.3140e+00   0.0000e+00   0.0000e+00   2.8543e+02
20251213_06:00:00   1.6194e-01   4.5371e+01   3.1134e+00   0.0000e+00   0.0000e+00   2.8531e+02
20251213_07:00:00   1.5079e-01   4.2783e+01   2.8888e+00   0.0000e+00   0.0000e+00   2.8109e+02
20251213_08:00:00   1.4427e-01   4.1240e+01   2.7595e+00   0.0000e+00   0.0000e+00   2.7781e+02
20251213_09:00:00   1.3991e-01   4.0171e+01   2.6805e+00   0.0000e+00   8.7140e-04   2.7703e+02
20251213_10:00:00   1.3759e-01   3.9579e+01   2.6360e+00   0.0000e+00   1.7914e-03   2.7635e+02
20251213_11:00:00   1.3546e-01   3.9034e+01   2.5900e+00   0.0000e+00   5.9800e-04   2.7698e+02
20251213_12:00:00   1.3462e-01   3.8778e+01   2.5778e+00   0.0000e+00   2.1619e-03   2.8115e+02
20251213_13:00:00   1.3712e-01   3.9330e+01   2.6375e+00   0.0000e+00   2.3400e-03   2.8209e+02
20251213_14:00:00   1.4546e-01   4.1282e+01   2.8121e+00   0.0000e+00   2.3723e-03   2.8542e+02
20251213_15:00:00   1.5265e-01   4.2934e+01   2.9646e+00   0.0000e+00   1.0947e-03   2.8500e+02
20251213_16:00:00   1.5880e-01   4.4240e+01   3.1181e+00   0.0000e+00   1.8382e-03   2.8404e+02
20251213_17:00:00   1.5922e-01   4.4292e+01   3.1384e+00   0.0000e+00   2.6162e-03   2.8321e+02
20251213_18:00:00   1.6076e-01   4.4691e+01   3.1720e+00   0.0000e+00   3.3453e-03   2.8352e+02
20251213_19:00:00   1.6253e-01   4.5094e+01   3.2293e+00   0.0000e+00   1.8617e-04   2.8342e+02
20251213_20:00:00   1.6976e-01   4.6583e+01   3.4329e+00   0.0000e+00   1.1864e-04   2.8112e+02
20251213_21:00:00   1.5890e-01   4.4308e+01   3.1688e+00   0.0000e+00   3.4120e-05   2.7938e+02
20251213_22:00:00   1.4435e-01   4.1003e+01   2.8463e+00   0.0000e+00   8.4920e-06   2.7960e+02
20251213_23:00:00   1.4093e-01   4.0222e+01   2.7519e+00   0.0000e+00   0.0000e+00   2.7798e+02
20251214_00:00:00   1.3918e-01   3.9866e+01   2.6784e+00   0.0000e+00   0.0000e+00   2.7511e+02
20251214_01:00:00   1.3474e-01   3.8881e+01   2.5516e+00   0.0000e+00   0.0000e+00   2.7653e+02
20251214_02:00:00   1.3231e-01   3.8297e+01   2.4968e+00   0.0000e+00   0.0000e+00   2.7603e+02
20251214_03:00:00   1.3056e-01   3.7876e+01   2.4607e+00   0.0000e+00   0.0000e+00   2.7267e+02
20251214_04:00:00   1.3222e-01   3.8235e+01   2.5092e+00   0.0000e+00   0.0000e+00   2.6994e+02
20251214_05:00:00   1.3877e-01   3.9758e+01   2.6544e+00   0.0000e+00   0.0000e+00   2.6677e+02
20251214_06:00:00   1.4811e-01   4.1965e+01   2.8387e+00   0.0000e+00   0.0000e+00   2.6399e+02
20251214_07:00:00   1.5183e-01   4.2816e+01   2.9154e+00   0.0000e+00   0.0000e+00   2.6364e+02
20251214_08:00:00   1.4929e-01   4.2202e+01   2.8656e+00   0.0000e+00   7.7400e-06   2.6294e+02
20251214_09:00:00   1.4666e-01   4.1570e+01   2.8066e+00   0.0000e+00   4.1440e-05   2.6041e+02
20251214_10:00:00   1.4613e-01   4.1378e+01   2.8003e+00   0.0000e+00   3.9321e-04   2.5871e+02
20251214_11:00:00   1.4195e-01   4.0345e+01   2.7174e+00   0.0000e+00   3.6867e-04   2.6029e+02
20251214_12:00:00   1.4074e-01   4.0025e+01   2.6890e+00   0.0000e+00   4.1610e-04   2.6428e+02
20251214_13:00:00   1.3853e-01   3.9505e+01   2.6421e+00   0.0000e+00   1.7064e-03   2.6677e+02
20251214_14:00:00   1.4494e-01   4.0986e+01   2.7803e+00   0.0000e+00   2.4419e-03   2.6795e+02
20251214_15:00:00   1.5364e-01   4.3018e+01   2.9688e+00   0.0000e+00   2.4916e-03   2.7150e+02
20251214_16:00:00   1.6285e-01   4.5121e+01   3.1675e+00   0.0000e+00   4.9058e-03   2.7571e+02
20251214_17:00:00   1.7009e-01   4.6739e+01   3.3357e+00   0.0000e+00   2.3504e-03   2.7828e+02
20251214_18:00:00   1.8346e-01   4.9759e+01   3.6137e+00   0.0000e+00   5.3131e-03   2.7967e+02
20251214_19:00:00   1.8911e-01   5.0999e+01   3.7631e+00   0.0000e+00   7.0184e-03   2.7836e+02
20251214_20:00:00   1.9066e-01   5.1338e+01   3.8240e+00   0.0000e+00   5.1519e-03   2.7678e+02
20251214_21:00:00   1.9395e-01   5.2094e+01   3.8999e+00   0.0000e+00   2.5024e-03   2.7506e+02
20251214_22:00:00   1.9623e-01   5.2683e+01   3.9309e+00   0.0000e+00   0.0000e+00   2.7339e+02
20251214_23:00:00   2.0068e-01   5.3666e+01   4.0211e+00   0.0000e+00   6.4180e-05   2.7273e+02
20251215_00:00:00   2.0816e-01   5.5276e+01   4.1773e+00   0.0000e+00   0.0000e+00   2.7043e+02
20251215_01:00:00   2.1711e-01   5.7191e+01   4.3541e+00   0.0000e+00   0.0000e+00   2.6898e+02
20251215_02:00:00   2.1473e-01   5.6666e+01   4.2910e+00   0.0000e+00   5.7300e-04   2.6703e+02
20251215_03:00:00   2.1871e-01   5.7502e+01   4.3729e+00   0.0000e+00   1.5812e-03   2.6626e+02
20251215_04:00:00   2.1640e-01   5.6902e+01   4.3469e+00   0.0000e+00   1.4397e-03   2.6689e+02
20251215_05:00:00   2.0627e-01   5.4688e+01   4.1417e+00   0.0000e+00   4.1456e-03   2.6776e+02
20251215_06:00:00   1.9869e-01   5.2978e+01   3.9913e+00   0.0000e+00   1.0162e-02   2.7075e+02
20251215_07:00:00   1.9494e-01   5.2123e+01   3.9186e+00   0.0000e+00   6.8552e-03   2.7262e+02
20251215_08:00:00   1.9193e-01   5.1457e+01   3.8590e+00   0.0000e+00   4.2915e-03   2.7490e+02
20251215_09:00:00   1.9263e-01   5.1665e+01   3.8472e+00   0.0000e+00   7.9400e-05   2.7680e+02
20251215_10:00:00   1.9233e-01   5.1575e+01   3.8457e+00   0.0000e+00   2.7178e-03   2.7571e+02
20251215_11:00:00   1.9402e-01   5.1959e+01   3.8662e+00   0.0000e+00   2.9254e-03   2.7404e+02
20251215_12:00:00   1.8849e-01   5.0794e+01   3.7248e+00   0.0000e+00   3.4959e-03   2.7366e+02
20251215_13:00:00   1.8014e-01   4.8967e+01   3.5349e+00   0.0000e+00   1.7906e-03   2.7210e+02
20251215_14:00:00   1.7362e-01   4.7501e+01   3.3981e+00   0.0000e+00   1.2142e-03   2.6975e+02
20251215_15:00:00   1.7084e-01   4.6859e+01   3.3364e+00   0.0000e+00   2.1720e-04   2.7018e+02
20251215_16:00:00   1.7256e-01   4.7210e+01   3.3685e+00   0.0000e+00   1.7286e-03   2.7172e+02
20251215_17:00:00   1.7687e-01   4.8175e+01   3.4549e+00   0.0000e+00   1.3272e-03   2.7013e+02
20251215_18:00:00   1.8095e-01   4.9080e+01   3.5640e+00   0.0000e+00   1.6932e-03   2.6741e+02
20251215_19:00:00   1.8719e-01   5.0425e+01   3.7328e+00   0.0000e+00   2.4123e-03   2.6861e+02
20251215_20:00:00   1.9748e-01   5.2630e+01   3.9737e+00   0.0000e+00   2.6401e-03   2.6701e+02
20251215_21:00:00   1.9335e-01   5.1800e+01   3.8739e+00   0.0000e+00   1.6498e-03   2.6697e+02
20251215_22:00:00   1.9487e-01   5.2256e+01   3.8665e+00   0.0000e+00   1.3335e-04   2.6731e+02
20251215_23:00:00   1.8741e-01   5.0736e+01   3.6272e+00   0.0000e+00   6.7599e-04   2.6816e+02
20251216_00:00:00   1.7583e-01   4.8153e+01   3.3560e+00   0.0000e+00   1.8954e-03   2.6760e+02
20251216_01:00:00   1.7912e-01   4.8841e+01   3.4067e+00   0.0000e+00   1.1100e-03   2.6618e+02
20251216_02:00:00   1.6506e-01   4.5817e+01   3.0310e+00   0.0000e+00   1.6986e-05   2.6712e+02
20251216_03:00:00   1.6081e-01   4.4951e+01   2.8709e+00   0.0000e+00   0.0000e+00   2.6995e+02
20251216_04:00:00   1.6040e-01   4.4841e+01   2.8412e+00   0.0000e+00   0.0000e+00   2.6970e+02
20251216_05:00:00   1.6101e-01   4.4929e+01   2.8712e+00   0.0000e+00   0.0000e+00   2.7191e+02
20251216_06:00:00   1.5935e-01   4.4505e+01   2.8528e+00   0.0000e+00   0.0000e+00   2.7288e+02
20251216_07:00:00   1.5619e-01   4.3740e+01   2.8033e+00   0.0000e+00   0.0000e+00   2.7255e+02
20251216_08:00:00   1.5222e-01   4.2818e+01   2.7280e+00   0.0000e+00   0.0000e+00   2.7000e+02
20251216_09:00:00   1.5228e-01   4.2813e+01   2.7157e+00   0.0000e+00   0.0000e+00   2.6776e+02
20251216_10:00:00   1.5034e-01   4.2327e+01   2.6860e+00   0.0000e+00   0.0000e+00   2.6433e+02
20251216_11:00:00   1.5033e-01   4.2279e+01   2.7022e+00   0.0000e+00   0.0000e+00   2.6254e+02
20251216_12:00:00   1.5331e-01   4.2911e+01   2.7698e+00   0.0000e+00   0.0000e+00   2.6034e+02
20251216_13:00:00   1.4027e-01   3.9894e+01   2.5456e+00   0.0000e+00   0.0000e+00   2.6048e+02
20251216_14:00:00   1.5070e-01   4.2180e+01   2.7769e+00   0.0000e+00   0.0000e+00   2.6044e+02
20251216_15:00:00   1.4201e-01   4.0120e+01   2.6567e+00   0.0000e+00   0.0000e+00   2.5951e+02
20251216_16:00:00   1.3756e-01   3.9150e+01   2.5862e+00   0.0000e+00   1.3888e-05   2.5800e+02
20251216_17:00:00   1.4589e-01   4.1103e+01   2.8052e+00   0.0000e+00   1.4830e-05   2.5793e+02
20251216_18:00:00   1.5475e-01   4.3110e+01   3.0862e+00   0.0000e+00   4.1600e-06   2.5690e+02
20251216_19:00:00   1.7153e-01   4.6795e+01   3.5191e+00   0.0000e+00   7.8900e-04   2.5536e+02
20251216_20:00:00   1.8338e-01   4.9464e+01   3.7976e+00   0.0000e+00   5.7060e-04   2.5549e+02
20251216_21:00:00   1.9520e-01   5.2187e+01   4.0903e+00   0.0000e+00   3.5335e-03   2.5565e+02
20251216_22:00:00   1.9972e-01   5.3451e+01   4.1503e+00   0.0000e+00   4.7792e-03   2.5672e+02
20251216_23:00:00   2.1331e-01   5.6509e+01   4.4112e+00   0.0000e+00   6.2425e-04   2.5607e+02
20251217_00:00:00   2.3092e-01   6.0340e+01   4.7653e+00   0.0000e+00   0.0000e+00   2.5507e+02
20251217_03:00:00   2.8000e-01   7.0458e+01   5.9183e+00   0.0000e+00   3.7174e-03   2.5595e+02
20251217_06:00:00   3.0201e-01   7.4841e+01   6.4605e+00   0.0000e+00   8.1303e-04   2.5459e+02
20251217_09:00:00   3.0147e-01   7.4801e+01   6.4416e+00   0.0000e+00   0.0000e+00   2.5578e+02
20251217_12:00:00   2.9365e-01   7.3356e+01   6.2754e+00   0.0000e+00   4.8424e-03   2.5474e+02
20251217_15:00:00   2.8248e-01   7.1237e+01   6.0097e+00   0.0000e+00   0.0000e+00   2.5720e+02
20251217_18:00:00   2.4498e-01   6.3769e+01   5.1550e+00   0.0000e+00   0.0000e+00   2.5780e+02
20251217_21:00:00   2.1455e-01   5.7232e+01   4.5099e+00   0.0000e+00   0.0000e+00   2.5662e+02
20251218_00:00:00   1.7695e-01   4.8843e+01   3.6823e+00   0.0000e+00   0.0000e+00   2.5537e+02
20251218_03:00:00   1.8993e-01   5.1798e+01   3.8639e+00   0.0000e+00   7.8161e-04   2.5524e+02
20251218_06:00:00   1.8604e-01   5.0807e+01   3.8187e+00   0.0000e+00   8.6540e-05   2.5653e+02
20251218_09:00:00   2.0649e-01   5.5096e+01   4.3351e+00   0.0000e+00   1.0624e-03   2.5713e+02
20251218_12:00:00   2.2314e-01   5.8529e+01   4.7065e+00   0.0000e+00   7.7300e-05   2.5682e+02
20251218_15:00:00   2.9798e-01   7.3880e+01   6.3171e+00   0.0000e+00   0.0000e+00   2.5713e+02
20251218_18:00:00   3.1135e-01   7.7497e+01   6.2507e+00   0.0000e+00   0.0000e+00   2.5823e+02
20251218_21:00:00   2.6785e-01   6.8896e+01   5.2896e+00   0.0000e+00   2.4678e-03   2.6131e+02
20251219_00:00:00   2.4826e-01   6.4790e+01   4.8502e+00   0.0000e+00   7.8045e-04   2.6140e+02
20251219_03:00:00   2.2753e-01   6.0107e+01   4.4582e+00   0.0000e+00   2.2940e-03   2.6078e+02
20251219_06:00:00   2.1683e-01   5.7731e+01   4.2654e+00   0.0000e+00   3.6421e-04   2.6256e+02
20251219_09:00:00   2.0876e-01   5.5750e+01   4.1931e+00   0.0000e+00   8.5760e-05   2.6224e+02
20251219_12:00:00   2.3280e-01   6.0484e+01   4.8474e+00   0.0000e+00   1.0770e-03   2.6322e+02
20251219_15:00:00   2.6447e-01   6.6521e+01   5.6849e+00   0.0000e+00   6.2599e-03   2.6601e+02
20251219_18:00:00   2.4314e-01   6.2602e+01   5.1381e+00   0.0000e+00   9.7413e-03   2.6341e+02
20251219_21:00:00   2.5412e-01   6.5322e+01   5.2591e+00   0.0000e+00   3.2154e-03   2.6037e+02
20251220_00:00:00   2.7668e-01   6.9765e+01   5.6492e+00   0.0000e+00   3.6749e-03   2.6115e+02
20251220_03:00:00   2.4654e-01   6.3534e+01   5.0660e+00   0.0000e+00   0.0000e+00   2.6347e+02
20251220_06:00:00   2.8848e-01   7.2206e+01   5.8409e+00   0.0000e+00   0.0000e+00   2.6235e+02
20251220_09:00:00   2.8953e-01   7.2442e+01   5.8385e+00   0.0000e+00   7.6240e-05   2.6372e+02
20251220_12:00:00   2.8631e-01   7.1807e+01   5.7220e+00   0.0000e+00   2.6440e-05   2.6528e+02
20251220_15:00:00   2.9619e-01   7.3883e+01   5.8802e+00   0.0000e+00   1.7553e-03   2.6431e+02
20251220_18:00:00   2.7660e-01   6.9847e+01   5.6365e+00   0.0000e+00   1.4548e-03   2.6328e+02
20251220_21:00:00   3.0338e-01   7.5438e+01   6.1915e+00   0.0000e+00   1.9840e-06   2.5974e+02
20251221_00:00:00   3.7884e-01   8.9822e+01   7.5730e+00   0.0000e+00   1.9840e-06   2.5990e+02
20251221_03:00:00   3.6036e-01   8.6390e+01   7.0266e+00   0.0000e+00   8.5540e-05   2.6026e+02
20251221_06:00:00   3.8582e-01   9.1149e+01   7.4987e+00   0.0000e+00   2.1160e-05   2.6326e+02
20251221_09:00:00   3.7548e-01   8.9276e+01   7.1759e+00   0.0000e+00   3.1599e-04   2.6792e+02
20251221_12:00:00   3.6274e-01   8.6729e+01   6.8854e+00   0.0000e+00   3.3459e-05   2.7040e+02
20251221_15:00:00   3.3664e-01   8.1778e+01   6.4391e+00   0.0000e+00   0.0000e+00   2.7283e+02
20251221_18:00:00   3.1599e-01   7.8013e+01   6.1502e+00   0.0000e+00   6.1700e-04   2.7544e+02
20251221_21:00:00   3.0201e-01   7.5429e+01   5.9598e+00   0.0000e+00   4.4164e-03   2.7484e+02
20251222_00:00:00   3.2254e-01   7.9504e+01   6.3177e+00   0.0000e+00   0.0000e+00   2.7573e+02
20251222_03:00:00   3.0945e-01   7.6903e+01   6.0578e+00   0.0000e+00   0.0000e+00   2.7803e+02
20251222_06:00:00   2.8388e-01   7.1937e+01   5.4970e+00   0.0000e+00   0.0000e+00   2.7411e+02
20251222_09:00:00   3.0645e-01   7.6438e+01   5.8330e+00   0.0000e+00   3.0020e-04   2.7479e+02
20251222_12:00:00   3.5387e-01   8.5313e+01   6.7596e+00   0.0000e+00   3.3277e-03   2.7904e+02
20251222_15:00:00   3.9051e-01   9.1590e+01   7.6876e+00   0.0000e+00   3.5415e-03   2.8024e+02
20251222_18:00:00   4.3297e-01   9.9186e+01   8.5237e+00   0.0000e+00   9.5561e-04   2.8162e+02
20251222_21:00:00   4.5037e-01   1.0226e+02   9.0145e+00   0.0000e+00   1.5802e-03   2.8066e+02
20251223_00:00:00   4.9987e-01   1.0993e+02   9.9661e+00   0.0000e+00   1.6441e-02   2.7859e+02
20251223_03:00:00   5.0554e-01   1.1059e+02   1.0040e+01   0.0000e+00   3.0402e-02   2.7811e+02
20251223_06:00:00   4.9541e-01   1.0844e+02   9.8847e+00   0.0000e+00   1.8613e-01   2.7971e+02
20251223_09:00:00   4.1153e-01   9.4541e+01   8.0038e+00   1.9228e-04   6.5034e-02   2.7615e+02
20251223_12:00:00   4.5305e-01   1.0118e+02   8.9994e+00   0.0000e+00   1.4503e-02   2.7562e+02
20251223_15:00:00   4.3157e-01   9.7591e+01   8.4765e+00   0.0000e+00   2.2185e-02   2.7541e+02
20251223_18:00:00   4.3021e-01   9.7516e+01   8.3840e+00   0.0000e+00   1.1092e-02   2.7463e+02
20251223_21:00:00   4.3407e-01   9.8152e+01   8.5982e+00   1.0840e-05   1.7265e-02   2.7602e+02
20251224_00:00:00   4.4350e-01   9.9617e+01   8.6112e+00   1.6170e-04   1.4409e-02   2.7765e+02
20251224_03:00:00   4.6521e-01   1.0314e+02   8.8912e+00   0.0000e+00   8.4662e-02   2.7629e+02
20251224_06:00:00   4.6446e-01   1.0295e+02   8.8185e+00   0.0000e+00   1.6441e-02   2.7747e+02
20251224_09:00:00   4.8584e-01   1.0645e+02   9.0977e+00   0.0000e+00   4.6233e-02   2.8116e+02
20251224_12:00:00   5.5799e-01   1.1728e+02   1.0310e+01   0.0000e+00   2.7592e-01   2.8318e+02
20251224_15:00:00   5.6341e-01   1.1791e+02   1.0464e+01   0.0000e+00   2.7425e-01   2.8470e+02
20251224_18:00:00   6.4547e-01   1.2988e+02   1.1330e+01   1.0150e-02   2.7746e-01   2.8687e+02
20251224_21:00:00   6.3455e-01   1.2815e+02   1.1602e+01   2.7320e-04   4.9991e-01   2.8348e+02
20251225_00:00:00   5.6043e-01   1.1760e+02   1.0352e+01   4.9460e-05   1.7031e-01   2.7854e+02
20251225_03:00:00   5.5627e-01   1.1697e+02   1.0212e+01   9.6380e-04   3.4298e-02   2.7767e+02
20251225_06:00:00   1.1757e+00   1.8750e+02   1.0553e+01   2.4898e-01   5.7039e-03   2.7911e+02
20251225_09:00:00   6.5248e-01   1.3136e+02   1.0156e+01   3.4317e-02   1.6457e-02   2.8475e+02
20251225_12:00:00   8.5988e-01   1.5741e+02   1.0809e+01   1.0512e-01   4.4110e-02   2.8187e+02
20251225_15:00:00   1.1807e+00   1.8887e+02   1.0919e+01   2.3241e-01   1.3424e-01   2.8107e+02
20251225_18:00:00   1.7430e+00   2.2581e+02   9.1317e+00   4.9217e-01   7.5826e-02   2.8112e+02
20251225_21:00:00   6.0361e-01   1.2570e+02   7.1532e+00   7.0559e-02   9.0140e-03   2.7975e+02
20251226_00:00:00   4.2030e-01   9.5588e+01   7.0244e+00   3.0337e-03   1.5268e-02   2.7755e+02
20251226_03:00:00   3.7634e-01   8.7969e+01   6.2359e+00   5.4760e-04   2.7334e-03   2.8057e+02
20251226_06:00:00   3.2106e-01   7.7549e+01   5.4689e+00   0.0000e+00   3.7394e-03   2.8095e+02
20251226_09:00:00   3.2445e-01   7.8097e+01   5.4906e+00   0.0000e+00   6.6748e-04   2.8053e+02
20251226_12:00:00   2.8402e-01   7.0304e+01   4.7977e+00   0.0000e+00   3.5730e-03   2.8707e+02
20251226_15:00:00   2.9032e-01   7.1211e+01   5.1657e+00   0.0000e+00   1.1894e-02   2.8322e+02
20251226_18:00:00   4.2044e-01   9.4828e+01   7.8985e+00   0.0000e+00   9.1787e-03   2.8854e+02
20251226_21:00:00   5.8596e-01   1.2150e+02   1.0800e+01   1.0884e-05   1.2946e-02   2.8509e+02
20251227_00:00:00   6.0802e-01   1.2502e+02   1.1083e+01   0.0000e+00   1.4084e-02   2.8503e+02
20251227_03:00:00   5.8953e-01   1.2190e+02   1.0890e+01   0.0000e+00   1.5596e-02   2.9062e+02
20251227_06:00:00   6.1960e-01   1.2613e+02   1.1353e+01   4.2460e-06   2.0868e-03   2.8717e+02
20251227_09:00:00   6.8611e-01   1.3527e+02   1.2424e+01   1.2896e-05   2.3640e-01   2.9361e+02
20251227_12:00:00   9.2442e-01   1.6429e+02   1.2684e+01   9.2170e-02   3.7992e-02   2.9504e+02
20251227_15:00:00   1.9813e+00   2.3470e+02   1.3230e+01   5.1263e-01   1.8547e-02   2.9124e+02
20251227_18:00:00   1.2959e+00   1.9888e+02   1.3050e+01   2.2858e-01   3.7620e-03   2.9118e+02
20251227_21:00:00   7.7543e-01   1.4831e+02   1.3125e+01   1.6145e-02   1.2492e-02   2.8514e+02
20251228_00:00:00   8.7703e-01   1.5990e+02   1.5049e+01   7.9290e-03   2.5956e-01   2.8138e+02
