#            date       tau255        Tb[K]      pwv[mm] lwp[kg*m^-2] iwp[kg*m^-2]       o3[DU]
20251202_12:00:00   1.3302e-01   3.7579e+01   2.5045e+00   0.0000e+00   9.9200e-07   3.2291e+02
20251202_13:00:00   1.3391e-01   3.7820e+01   2.5282e+00   0.0000e+00   0.0000e+00   3.2373e+02
20251202_14:00:00   1.3086e-01   3.7159e+01   2.4690e+00   0.0000e+00   0.0000e+00   3.2353e+02
20251202_15:00:00   1.3529e-01   3.8214e+01   2.5786e+00   0.0000e+00   0.0000e+00   3.2441e+02
20251202_16:00:00   1.4792e-01   4.1140e+01   2.8682e+00   0.0000e+00   0.0000e+00   3.2452e+02
20251202_17:00:00   1.4690e-01   4.0927e+01   2.8596e+00   0.0000e+00   0.0000e+00   3.2443e+02
20251202_18:00:00   1.4296e-01   4.0045e+01   2.7797e+00   0.0000e+00   0.0000e+00   3.2305e+02
20251202_19:00:00   1.5294e-01   4.2378e+01   2.9949e+00   0.0000e+00   0.0000e+00   3.2019e+02
20251202_20:00:00   1.7352e-01   4.7036e+01   3.4174e+00   0.0000e+00   0.0000e+00   3.1752e+02
20251202_21:00:00   1.9371e-01   5.1436e+01   3.8538e+00   0.0000e+00   0.0000e+00   3.1396e+02
20251202_22:00:00   2.0499e-01   5.3751e+01   4.0973e+00   0.0000e+00   2.0800e-06   3.1090e+02
20251202_23:00:00   2.2228e-01   5.7435e+01   4.4294e+00   0.0000e+00   0.0000e+00   3.1185e+02
20251203_00:00:00   2.4542e-01   6.2170e+01   4.8650e+00   0.0000e+00   4.1600e-06   3.1203e+02
20251203_01:00:00   2.6994e-01   6.7070e+01   5.3209e+00   0.0000e+00   4.0640e-06   3.1394e+02
20251203_02:00:00   2.6557e-01   6.6071e+01   5.2617e+00   0.0000e+00   0.0000e+00   3.1642e+02
20251203_03:00:00   2.6315e-01   6.5517e+01   5.2540e+00   0.0000e+00   0.0000e+00   3.1666e+02
20251203_04:00:00   2.8725e-01   7.0234e+01   5.7188e+00   0.0000e+00   7.9360e-06   3.1692e+02
20251203_05:00:00   3.1453e-01   7.5259e+01   6.2897e+00   0.0000e+00   2.2172e-03   3.2378e+02
20251203_06:00:00   2.4862e-01   6.2238e+01   4.9045e+00   0.0000e+00   1.1896e-02   3.3098e+02
20251203_07:00:00   2.2401e-01   5.7424e+01   4.2533e+00   0.0000e+00   1.3099e-02   3.3435e+02
20251203_08:00:00   2.1439e-01   5.5541e+01   4.0275e+00   0.0000e+00   5.6620e-03   3.3236e+02
20251203_09:00:00   2.0832e-01   5.4252e+01   3.9063e+00   0.0000e+00   3.0484e-03   3.3247e+02
20251203_10:00:00   2.2238e-01   5.7058e+01   4.2068e+00   0.0000e+00   6.2020e-05   3.3354e+02
20251203_11:00:00   2.4090e-01   6.0756e+01   4.5878e+00   0.0000e+00   2.9760e-06   3.3711e+02
20251203_12:00:00   2.4377e-01   6.1273e+01   4.6600e+00   0.0000e+00   2.2020e-05   3.4478e+02
20251203_13:00:00   2.3391e-01   5.9242e+01   4.4080e+00   0.0000e+00   3.8700e-06   3.4872e+02
20251203_14:00:00   2.2205e-01   5.6661e+01   4.1649e+00   0.0000e+00   6.1440e-06   3.5055e+02
20251203_15:00:00   2.2518e-01   5.7253e+01   4.2141e+00   0.0000e+00   5.0543e-05   3.5054e+02
20251203_16:00:00   2.2309e-01   5.6765e+01   4.1890e+00   0.0000e+00   3.8239e-05   3.5019e+02
20251203_17:00:00   2.5339e-01   6.2846e+01   4.7918e+00   0.0000e+00   1.9888e-03   3.4850e+02
20251203_18:00:00   2.9186e-01   7.0564e+01   5.4661e+00   0.0000e+00   4.2012e-03   3.5037e+02
20251203_19:00:00   3.1565e-01   7.5249e+01   5.8654e+00   0.0000e+00   8.8584e-04   3.4866e+02
20251203_20:00:00   3.8087e-01   8.7173e+01   6.5708e+00   1.0288e-02   2.1689e-02   3.5043e+02
20251203_21:00:00   4.1282e-01   9.3111e+01   7.1451e+00   2.3787e-03   1.8066e-01   3.5343e+02
20251203_22:00:00   4.4836e-01   9.9173e+01   7.5079e+00   2.4897e-03   2.2495e-01   3.5263e+02
20251203_23:00:00   4.4739e-01   9.8888e+01   7.5229e+00   8.1402e-05   3.0557e-01   3.5076e+02
20251204_00:00:00   4.4455e-01   9.8351e+01   7.3754e+00   6.5300e-06   2.5371e-01   3.5071e+02
20251204_01:00:00   4.4123e-01   9.7654e+01   7.2562e+00   5.5346e-04   2.0878e-01   3.4873e+02
20251204_02:00:00   4.1489e-01   9.3178e+01   6.8294e+00   2.3064e-04   1.3933e-01   3.4975e+02
20251204_03:00:00   3.8881e-01   8.8652e+01   6.4010e+00   4.5420e-05   4.1245e-02   3.5125e+02
20251204_04:00:00   3.7371e-01   8.5970e+01   6.1070e+00   6.1740e-05   5.0986e-02   3.4963e+02
20251204_05:00:00   3.5705e-01   8.2912e+01   5.8331e+00   8.1530e-05   3.1392e-02   3.4780e+02
20251204_06:00:00   3.4770e-01   8.1079e+01   5.7097e+00   3.9299e-04   4.2919e-03   3.5326e+02
20251204_07:00:00   3.3608e-01   7.8828e+01   5.5243e+00   8.3680e-04   5.2608e-03   3.5797e+02
20251204_08:00:00   3.0980e-01   7.3956e+01   5.0963e+00   4.0680e-06   8.7384e-04   3.6043e+02
20251204_09:00:00   3.0036e-01   7.2188e+01   4.8942e+00   1.8944e-05   6.2917e-04   3.6207e+02
20251204_10:00:00   3.0814e-01   7.3720e+01   4.7773e+00   5.5887e-03   3.9335e-03   3.6587e+02
20251204_11:00:00   3.2292e-01   7.6598e+01   4.5054e+00   1.8542e-02   5.8010e-03   3.6428e+02
20251204_12:00:00   4.0730e-01   9.2027e+01   3.9991e+00   6.9040e-02   4.7206e-03   3.6278e+02
20251204_13:00:00   4.7079e-01   1.0266e+02   3.8252e+00   1.0209e-01   6.7400e-03   3.6187e+02
20251204_14:00:00   4.2342e-01   9.4722e+01   3.6711e+00   8.5271e-02   7.4920e-03   3.5904e+02
20251204_15:00:00   3.0990e-01   7.4220e+01   3.4803e+00   4.0000e-02   4.2657e-03   3.5589e+02
20251204_16:00:00   2.1114e-01   5.4504e+01   3.2353e+00   3.2500e-03   6.8077e-04   3.5268e+02
20251204_17:00:00   1.9570e-01   5.1332e+01   3.1455e+00   0.0000e+00   6.7940e-05   3.5108e+02
20251204_18:00:00   1.9302e-01   5.0875e+01   3.1264e+00   0.0000e+00   0.0000e+00   3.4968e+02
20251204_19:00:00   1.8525e-01   4.9308e+01   3.0194e+00   0.0000e+00   0.0000e+00   3.4815e+02
20251204_20:00:00   1.7704e-01   4.7567e+01   2.9196e+00   0.0000e+00   0.0000e+00   3.4495e+02
20251204_21:00:00   1.7246e-01   4.6564e+01   2.8858e+00   0.0000e+00   0.0000e+00   3.4336e+02
20251204_22:00:00   1.6508e-01   4.4911e+01   2.7871e+00   0.0000e+00   0.0000e+00   3.3982e+02
20251204_23:00:00   1.6176e-01   4.4147e+01   2.7329e+00   0.0000e+00   0.0000e+00   3.3728e+02
20251205_00:00:00   1.6193e-01   4.4095e+01   2.7412e+00   0.0000e+00   0.0000e+00   3.3486e+02
20251205_01:00:00   1.6153e-01   4.3900e+01   2.7595e+00   0.0000e+00   0.0000e+00   3.3366e+02
20251205_02:00:00   1.7718e-01   4.7296e+01   3.0842e+00   0.0000e+00   0.0000e+00   3.3485e+02
20251205_03:00:00   1.9414e-01   5.0938e+01   3.4456e+00   0.0000e+00   0.0000e+00   3.3461e+02
20251205_04:00:00   1.8561e-01   4.8964e+01   3.3312e+00   0.0000e+00   0.0000e+00   3.2909e+02
20251205_05:00:00   1.7277e-01   4.6092e+01   3.1007e+00   0.0000e+00   0.0000e+00   3.2293e+02
20251205_06:00:00   1.5372e-01   4.1787e+01   2.7757e+00   0.0000e+00   0.0000e+00   3.1485e+02
20251205_07:00:00   1.4925e-01   4.0745e+01   2.7024e+00   0.0000e+00   0.0000e+00   3.1367e+02
20251205_08:00:00   1.4715e-01   4.0249e+01   2.6962e+00   0.0000e+00   0.0000e+00   3.1185e+02
20251205_09:00:00   1.5133e-01   4.1153e+01   2.8131e+00   0.0000e+00   9.9200e-06   3.0924e+02
20251205_10:00:00   1.6095e-01   4.3205e+01   3.0461e+00   0.0000e+00   2.3599e-03   3.0627e+02
20251205_11:00:00   1.7201e-01   4.5567e+01   3.3090e+00   0.0000e+00   6.2611e-03   3.0336e+02
20251205_12:00:00   1.8138e-01   4.7573e+01   3.5230e+00   0.0000e+00   1.6870e-03   3.0173e+02
20251205_13:00:00   1.9926e-01   5.1323e+01   3.9164e+00   0.0000e+00   6.4061e-03   3.0126e+02
20251205_14:00:00   2.1071e-01   5.3786e+01   4.1554e+00   0.0000e+00   1.8076e-03   2.9980e+02
20251205_15:00:00   2.2829e-01   5.7401e+01   4.5171e+00   0.0000e+00   3.8271e-03   2.9909e+02
20251205_16:00:00   2.4676e-01   6.1213e+01   4.8696e+00   0.0000e+00   3.1707e-03   2.9968e+02
20251205_17:00:00   2.4675e-01   6.1297e+01   4.8516e+00   0.0000e+00   0.0000e+00   3.0015e+02
20251205_18:00:00   2.5387e-01   6.2797e+01   4.9807e+00   0.0000e+00   0.0000e+00   3.0012e+02
20251205_19:00:00   2.6589e-01   6.5377e+01   5.1746e+00   0.0000e+00   0.0000e+00   2.9990e+02
20251205_20:00:00   2.6216e-01   6.4890e+01   5.0626e+00   0.0000e+00   0.0000e+00   2.9915e+02
20251205_21:00:00   2.6462e-01   6.5577e+01   5.0838e+00   0.0000e+00   0.0000e+00   2.9907e+02
20251205_22:00:00   2.6635e-01   6.6033e+01   5.0826e+00   0.0000e+00   0.0000e+00   2.9791e+02
20251205_23:00:00   2.5242e-01   6.3328e+01   4.8058e+00   0.0000e+00   0.0000e+00   2.9623e+02
20251206_00:00:00   2.3599e-01   6.0021e+01   4.4946e+00   0.0000e+00   0.0000e+00   2.9576e+02
20251206_01:00:00   2.3901e-01   6.0653e+01   4.5797e+00   0.0000e+00   0.0000e+00   2.9431e+02
20251206_02:00:00   2.4135e-01   6.1021e+01   4.6698e+00   0.0000e+00   0.0000e+00   2.9282e+02
20251206_03:00:00   2.4095e-01   6.0886e+01   4.7002e+00   0.0000e+00   0.0000e+00   2.9128e+02
20251206_04:00:00   2.6109e-01   6.4915e+01   5.1028e+00   0.0000e+00   7.3828e-04   2.9077e+02
20251206_05:00:00   2.7318e-01   6.7394e+01   5.3155e+00   0.0000e+00   2.6664e-04   2.9270e+02
20251206_06:00:00   2.7672e-01   6.8122e+01   5.3348e+00   0.0000e+00   6.9220e-04   2.9454e+02
20251206_07:00:00   2.8387e-01   6.9634e+01   5.4429e+00   0.0000e+00   7.2500e-05   2.9520e+02
20251206_08:00:00   2.9187e-01   7.1177e+01   5.6391e+00   0.0000e+00   7.9360e-07   2.9304e+02
20251206_09:00:00   2.9351e-01   7.1487e+01   5.6890e+00   0.0000e+00   5.0621e-06   2.8877e+02
20251206_10:00:00   3.0082e-01   7.2899e+01   5.8217e+00   0.0000e+00   0.0000e+00   2.8732e+02
20251206_11:00:00   3.1635e-01   7.5851e+01   6.0458e+00   0.0000e+00   0.0000e+00   2.8750e+02
20251206_12:00:00   3.1513e-01   7.5692e+01   5.9473e+00   0.0000e+00   0.0000e+00   2.8642e+02
20251206_13:00:00   3.1824e-01   7.6271e+01   5.9449e+00   0.0000e+00   0.0000e+00   2.8489e+02
20251206_14:00:00   3.3451e-01   7.9388e+01   6.1510e+00   0.0000e+00   0.0000e+00   2.8328e+02
20251206_15:00:00   3.2665e-01   7.7936e+01   5.9041e+00   0.0000e+00   0.0000e+00   2.8282e+02
20251206_16:00:00   3.2854e-01   7.8324e+01   5.9392e+00   0.0000e+00   0.0000e+00   2.8220e+02
20251206_17:00:00   3.2128e-01   7.7055e+01   5.7920e+00   0.0000e+00   0.0000e+00   2.8032e+02
20251206_18:00:00   2.8369e-01   6.9872e+01   5.1464e+00   0.0000e+00   0.0000e+00   2.7909e+02
20251206_19:00:00   2.7178e-01   6.7510e+01   4.9975e+00   0.0000e+00   0.0000e+00   2.7784e+02
20251206_20:00:00   2.5763e-01   6.4648e+01   4.7964e+00   0.0000e+00   0.0000e+00   2.7714e+02
20251206_21:00:00   2.5408e-01   6.3903e+01   4.7928e+00   0.0000e+00   0.0000e+00   2.7394e+02
20251206_22:00:00   2.4435e-01   6.1962e+01   4.6156e+00   0.0000e+00   0.0000e+00   2.7539e+02
20251206_23:00:00   2.5417e-01   6.4103e+01   4.7767e+00   0.0000e+00   0.0000e+00   2.7353e+02
20251207_00:00:00   2.6514e-01   6.6423e+01   4.9545e+00   0.0000e+00   0.0000e+00   2.7409e+02
20251207_01:00:00   2.6077e-01   6.5424e+01   4.9940e+00   0.0000e+00   0.0000e+00   2.7501e+02
20251207_02:00:00   2.6718e-01   6.6599e+01   5.1935e+00   0.0000e+00   0.0000e+00   2.7390e+02
20251207_03:00:00   2.9004e-01   7.1067e+01   5.6808e+00   0.0000e+00   0.0000e+00   2.7344e+02
20251207_04:00:00   3.1719e-01   7.6240e+01   6.2572e+00   0.0000e+00   9.9200e-07   2.7237e+02
20251207_05:00:00   3.4732e-01   8.1908e+01   6.8464e+00   0.0000e+00   6.1500e-06   2.7402e+02
20251207_06:00:00   3.8859e-01   8.9309e+01   7.6393e+00   0.0000e+00   3.7807e-04   2.7639e+02
20251207_07:00:00   4.1748e-01   9.4548e+01   8.0758e+00   0.0000e+00   0.0000e+00   2.7519e+02
20251207_08:00:00   4.2611e-01   9.6230e+01   8.0917e+00   0.0000e+00   0.0000e+00   2.7650e+02
20251207_09:00:00   3.9143e-01   9.0208e+01   7.4647e+00   0.0000e+00   0.0000e+00   2.7669e+02
20251207_10:00:00   3.7764e-01   8.7830e+01   7.1732e+00   0.0000e+00   0.0000e+00   2.7421e+02
20251207_11:00:00   3.7033e-01   8.6699e+01   6.9464e+00   0.0000e+00   0.0000e+00   2.7282e+02
20251207_12:00:00   3.5778e-01   8.4603e+01   6.5839e+00   0.0000e+00   0.0000e+00   2.7488e+02
20251207_15:00:00   2.6417e-01   6.6633e+01   4.7070e+00   0.0000e+00   0.0000e+00   2.7878e+02
20251207_18:00:00   2.2443e-01   5.8350e+01   4.1571e+00   0.0000e+00   0.0000e+00   2.7533e+02
20251207_21:00:00   2.4805e-01   6.3247e+01   4.7824e+00   0.0000e+00   0.0000e+00   2.7476e+02
20251208_00:00:00   3.2909e-01   7.9440e+01   6.3405e+00   0.0000e+00   0.0000e+00   2.7928e+02
20251208_03:00:00   3.8621e-01   9.0287e+01   7.2126e+00   0.0000e+00   0.0000e+00   2.8366e+02
20251208_06:00:00   3.9614e-01   9.2014e+01   7.2730e+00   0.0000e+00   0.0000e+00   2.8374e+02
20251208_09:00:00   3.5104e-01   8.3888e+01   6.3263e+00   0.0000e+00   0.0000e+00   2.8615e+02
20251208_12:00:00   3.9125e-01   9.0871e+01   7.0884e+00   0.0000e+00   0.0000e+00   2.9990e+02
20251208_15:00:00   4.0993e-01   9.3904e+01   7.5927e+00   0.0000e+00   0.0000e+00   2.9933e+02
20251208_18:00:00   3.9854e-01   9.1747e+01   7.4389e+00   0.0000e+00   5.6235e-05   3.1117e+02
20251208_21:00:00   3.9581e-01   9.1084e+01   7.4748e+00   0.0000e+00   6.3775e-04   3.0648e+02
20251209_00:00:00   3.5881e-01   8.4545e+01   6.5535e+00   0.0000e+00   8.4920e-06   3.0354e+02
20251209_03:00:00   2.0068e-01   5.3403e+01   3.3585e+00   0.0000e+00   0.0000e+00   3.1111e+02
20251209_06:00:00   1.6874e-01   4.6104e+01   2.8198e+00   0.0000e+00   0.0000e+00   2.9789e+02
20251209_09:00:00   1.4307e-01   4.0239e+01   2.4533e+00   0.0000e+00   0.0000e+00   2.9068e+02
20251209_12:00:00   1.5311e-01   4.2527e+01   2.7274e+00   0.0000e+00   2.5480e-05   2.8836e+02
20251209_15:00:00   1.6887e-01   4.6125e+01   3.1419e+00   0.0000e+00   0.0000e+00   2.9035e+02
20251209_18:00:00   2.6552e-01   6.7170e+01   5.1879e+00   0.0000e+00   0.0000e+00   2.9061e+02
20251209_21:00:00   2.8231e-01   7.0716e+01   5.6927e+00   0.0000e+00   1.0586e-04   2.7872e+02
20251210_00:00:00   3.1637e-01   7.7629e+01   6.3272e+00   0.0000e+00   1.1762e-02   2.7721e+02
20251210_03:00:00   2.3887e-01   6.2079e+01   4.5901e+00   0.0000e+00   7.0863e-04   2.8186e+02
20251210_06:00:00   1.6751e-01   4.6537e+01   3.0300e+00   0.0000e+00   1.0224e-02   2.7610e+02
20251210_09:00:00   1.5930e-01   4.4556e+01   2.9142e+00   0.0000e+00   9.2450e-03   2.7538e+02
20251210_12:00:00   1.8621e-01   5.0712e+01   3.4495e+00   0.0000e+00   3.4700e-03   2.7461e+02
20251210_15:00:00   2.2505e-01   5.9546e+01   4.1688e+00   0.0000e+00   3.8320e-05   2.7733e+02
20251210_18:00:00   2.6801e-01   6.8953e+01   4.9836e+00   0.0000e+00   0.0000e+00   2.7517e+02
20251210_21:00:00   3.0269e-01   7.6169e+01   5.7493e+00   0.0000e+00   0.0000e+00   2.7411e+02
20251211_00:00:00   3.0703e-01   7.6971e+01   5.8605e+00   0.0000e+00   0.0000e+00   2.7429e+02
20251211_03:00:00   1.9938e-01   5.4247e+01   3.7058e+00   0.0000e+00   0.0000e+00   2.7207e+02
20251211_06:00:00   1.6576e-01   4.6491e+01   3.1300e+00   0.0000e+00   0.0000e+00   2.6871e+02
20251211_09:00:00   1.5574e-01   4.4124e+01   2.9750e+00   0.0000e+00   0.0000e+00   2.7056e+02
20251211_12:00:00   1.8693e-01   5.1133e+01   3.6790e+00   0.0000e+00   0.0000e+00   2.6959e+02
20251211_15:00:00   2.2276e-01   5.8765e+01   4.5991e+00   0.0000e+00   0.0000e+00   2.7094e+02
20251211_18:00:00   2.6386e-01   6.7195e+01   5.6508e+00   0.0000e+00   0.0000e+00   2.7725e+02
20251211_21:00:00   2.8792e-01   7.2306e+01   6.1331e+00   0.0000e+00   0.0000e+00   2.7837e+02
20251212_00:00:00   3.4560e-01   8.3950e+01   7.1230e+00   0.0000e+00   0.0000e+00   2.7800e+02
20251212_03:00:00   3.3558e-01   8.2115e+01   6.8995e+00   0.0000e+00   0.0000e+00   2.7967e+02
20251212_06:00:00   3.4267e-01   8.3645e+01   6.9394e+00   0.0000e+00   0.0000e+00   2.7655e+02
20251212_09:00:00   3.1830e-01   7.9087e+01   6.3027e+00   0.0000e+00   0.0000e+00   2.7903e+02
20251212_12:00:00   3.1377e-01   7.8445e+01   6.0399e+00   0.0000e+00   0.0000e+00   2.7772e+02
20251212_15:00:00   2.8667e-01   7.2884e+01   5.5337e+00   0.0000e+00   0.0000e+00   2.7633e+02
20251212_18:00:00   2.3459e-01   6.1994e+01   4.5818e+00   0.0000e+00   0.0000e+00   2.7768e+02
20251212_21:00:00   2.1762e-01   5.8316e+01   4.3393e+00   0.0000e+00   9.7357e-04   2.7716e+02
20251213_00:00:00   2.2199e-01   5.8539e+01   4.5950e+00   0.0000e+00   9.7103e-03   2.7511e+02
20251213_03:00:00   1.5901e-01   4.4070e+01   3.2249e+00   0.0000e+00   9.6884e-02   2.7536e+02
20251213_06:00:00   2.2749e-01   5.8219e+01   4.8454e+00   0.0000e+00   1.1338e-01   2.7573e+02
20251213_09:00:00   2.3031e-01   5.8854e+01   4.8958e+00   0.0000e+00   2.6194e-02   2.7728e+02
20251213_12:00:00   2.0884e-01   5.4754e+01   4.2820e+00   0.0000e+00   7.7037e-03   2.7755e+02
20251213_15:00:00   2.2157e-01   5.7869e+01   4.4724e+00   0.0000e+00   9.2620e-05   2.7464e+02
20251213_18:00:00   1.9048e-01   5.1347e+01   3.7967e+00   0.0000e+00   2.3157e-03   2.7608e+02
20251213_21:00:00   2.2248e-01   5.8137e+01   4.5389e+00   0.0000e+00   5.0844e-03   2.8138e+02
20251214_00:00:00   2.6138e-01   6.6016e+01   5.3521e+00   0.0000e+00   3.5849e-02   2.8269e+02
20251214_03:00:00   2.9999e-01   7.3507e+01   6.2034e+00   0.0000e+00   2.9914e-02   2.7910e+02
20251214_06:00:00   3.9069e-01   9.0078e+01   8.1357e+00   0.0000e+00   1.7132e-02   2.7256e+02
20251214_09:00:00   5.4925e-01   1.1629e+02   1.0975e+01   0.0000e+00   1.9363e-02   2.6909e+02
20251214_12:00:00   5.9734e-01   1.2381e+02   1.1562e+01   0.0000e+00   1.1226e-03   2.6985e+02
20251214_15:00:00   5.6510e-01   1.1909e+02   1.0606e+01   3.2861e-03   3.4604e-02   2.7243e+02
20251214_18:00:00   4.1803e-01   9.5781e+01   7.5879e+00   3.0302e-03   2.2163e-02   2.7915e+02
20251214_21:00:00   2.5327e-01   6.5060e+01   4.4803e+00   1.8680e-05   6.0519e-02   2.8653e+02
20251215_00:00:00   2.0737e-01   5.5391e+01   3.5476e+00   0.0000e+00   7.8100e-03   2.8666e+02
20251215_03:00:00   2.4115e-01   6.2549e+01   4.0499e+00   0.0000e+00   0.0000e+00   2.8843e+02
20251215_06:00:00   2.6958e-01   6.7801e+01   4.7285e+00   0.0000e+00   7.9360e-07   2.9982e+02
20251215_09:00:00   2.4721e-01   6.3052e+01   4.4811e+00   0.0000e+00   4.5881e-04   3.0052e+02
20251215_12:00:00   2.2656e-01   5.8586e+01   4.1128e+00   0.0000e+00   3.4634e-03   2.9827e+02
20251215_15:00:00   1.9207e-01   5.1212e+01   3.4161e+00   0.0000e+00   1.2841e-03   2.9283e+02
20251215_18:00:00   1.7804e-01   4.8324e+01   3.2761e+00   0.0000e+00   6.3468e-03   2.8573e+02
20251215_21:00:00   2.0736e-01   5.4812e+01   3.9454e+00   0.0000e+00   1.3351e-02   2.7687e+02
20251216_00:00:00   2.6063e-01   6.5482e+01   5.1148e+00   0.0000e+00   1.7038e-02   2.7575e+02
20251216_03:00:00   3.1319e-01   7.5320e+01   6.2667e+00   0.0000e+00   8.4577e-03   2.8038e+02
20251216_06:00:00   3.6153e-01   8.4031e+01   7.2967e+00   0.0000e+00   5.4170e-03   2.7710e+02
20251216_09:00:00   3.5985e-01   8.3583e+01   7.2345e+00   0.0000e+00   1.6977e-02   2.7865e+02
20251216_12:00:00   3.5776e-01   8.2971e+01   7.1579e+00   0.0000e+00   9.9485e-02   2.8117e+02
20251216_15:00:00   3.6666e-01   8.4562e+01   7.2812e+00   0.0000e+00   1.2464e-01   2.8191e+02
20251216_18:00:00   3.5841e-01   8.3082e+01   7.1686e+00   0.0000e+00   2.4570e-01   2.8623e+02
20251216_21:00:00   3.6863e-01   8.4887e+01   7.4236e+00   0.0000e+00   2.1417e-01   2.8629e+02
20251217_00:00:00   3.9470e-01   8.9777e+01   7.8611e+00   0.0000e+00   1.0324e-01   2.9254e+02
20251217_03:00:00   4.5477e-01   1.0046e+02   8.6890e+00   0.0000e+00   7.9382e-02   3.0858e+02
20251217_06:00:00   4.4731e-01   9.9263e+01   8.3880e+00   0.0000e+00   7.8382e-02   3.0969e+02
20251217_09:00:00   4.2063e-01   9.4547e+01   7.9332e+00   0.0000e+00   7.3873e-02   3.0757e+02
20251217_12:00:00   2.6434e-01   6.5859e+01   4.9000e+00   0.0000e+00   7.8117e-03   3.0055e+02
20251217_15:00:00   2.0582e-01   5.3892e+01   3.5922e+00   0.0000e+00   0.0000e+00   2.9444e+02
20251217_18:00:00   1.6956e-01   4.6169e+01   3.1227e+00   0.0000e+00   0.0000e+00   2.9453e+02
20251217_21:00:00   2.4530e-01   6.2314e+01   4.8440e+00   0.0000e+00   4.4360e-05   2.8903e+02
20251218_00:00:00   3.5656e-01   8.3590e+01   7.0730e+00   0.0000e+00   6.8930e-04   2.8551e+02
20251218_03:00:00   4.4115e-01   9.9146e+01   8.0818e+00   0.0000e+00   1.0847e-04   2.8878e+02
20251218_06:00:00   3.0476e-01   7.4828e+01   5.3381e+00   0.0000e+00   0.0000e+00   2.8171e+02
20251218_09:00:00   2.4414e-01   6.2368e+01   4.2071e+00   0.0000e+00   6.0747e-04   2.7552e+02
20251218_12:00:00   1.8793e-01   5.0053e+01   3.3588e+00   0.0000e+00   3.7814e-03   2.7150e+02
