#            date       tau255        Tb[K]      pwv[mm] lwp[kg*m^-2] iwp[kg*m^-2]       o3[DU]
20251212_06:00:00   2.3545e-01   6.2251e+01   4.4425e+00   0.0000e+00   0.0000e+00   2.6856e+02
20251212_07:00:00   2.1191e-01   5.7070e+01   3.9474e+00   0.0000e+00   0.0000e+00   2.7127e+02
20251212_08:00:00   2.0802e-01   5.5966e+01   3.9462e+00   0.0000e+00   0.0000e+00   2.7495e+02
20251212_09:00:00   2.0264e-01   5.4477e+01   3.9236e+00   0.0000e+00   0.0000e+00   2.7567e+02
20251212_10:00:00   1.8546e-01   5.0498e+01   3.5829e+00   0.0000e+00   0.0000e+00   2.7614e+02
20251212_11:00:00   1.9464e-01   5.2534e+01   3.7701e+00   0.0000e+00   0.0000e+00   2.7953e+02
20251212_12:00:00   2.2066e-01   5.8236e+01   4.3089e+00   0.0000e+00   0.0000e+00   2.8162e+02
20251212_13:00:00   2.2914e-01   5.9991e+01   4.5143e+00   0.0000e+00   0.0000e+00   2.8400e+02
20251212_14:00:00   2.2496e-01   5.9033e+01   4.4635e+00   0.0000e+00   0.0000e+00   2.8209e+02
20251212_15:00:00   2.1810e-01   5.7520e+01   4.3438e+00   0.0000e+00   0.0000e+00   2.8172e+02
20251212_16:00:00   2.1506e-01   5.6922e+01   4.2700e+00   0.0000e+00   0.0000e+00   2.8242e+02
20251212_17:00:00   2.2154e-01   5.8414e+01   4.3747e+00   0.0000e+00   0.0000e+00   2.8174e+02
20251212_18:00:00   2.2093e-01   5.8369e+01   4.3805e+00   0.0000e+00   0.0000e+00   2.8268e+02
20251212_19:00:00   2.2039e-01   5.8279e+01   4.3925e+00   0.0000e+00   0.0000e+00   2.8120e+02
20251212_20:00:00   2.2611e-01   5.9582e+01   4.5045e+00   0.0000e+00   0.0000e+00   2.7874e+02
20251212_21:00:00   2.2961e-01   6.0433e+01   4.5551e+00   0.0000e+00   0.0000e+00   2.8127e+02
20251212_22:00:00   2.2564e-01   5.9645e+01   4.4594e+00   0.0000e+00   0.0000e+00   2.8234e+02
20251212_23:00:00   2.1520e-01   5.7404e+01   4.2403e+00   0.0000e+00   0.0000e+00   2.8126e+02
20251213_00:00:00   2.0663e-01   5.5507e+01   4.0594e+00   0.0000e+00   0.0000e+00   2.8016e+02
20251213_01:00:00   2.0063e-01   5.4160e+01   3.9299e+00   0.0000e+00   0.0000e+00   2.8112e+02
20251213_02:00:00   1.9431e-01   5.2714e+01   3.7948e+00   0.0000e+00   0.0000e+00   2.8119e+02
20251213_03:00:00   1.8563e-01   5.0754e+01   3.6144e+00   0.0000e+00   0.0000e+00   2.7996e+02
20251213_04:00:00   1.8006e-01   4.9464e+01   3.4986e+00   0.0000e+00   0.0000e+00   2.8022e+02
20251213_05:00:00   1.7447e-01   4.8175e+01   3.3877e+00   0.0000e+00   0.0000e+00   2.8228e+02
20251213_06:00:00   1.6626e-01   4.6285e+01   3.2261e+00   0.0000e+00   0.0000e+00   2.8181e+02
20251213_07:00:00   1.5636e-01   4.4020e+01   3.0217e+00   0.0000e+00   0.0000e+00   2.7902e+02
20251213_08:00:00   1.4957e-01   4.2434e+01   2.8798e+00   0.0000e+00   0.0000e+00   2.7992e+02
20251213_09:00:00   1.4206e-01   4.0667e+01   2.7276e+00   0.0000e+00   7.7400e-06   2.8100e+02
20251213_10:00:00   1.3919e-01   3.9955e+01   2.6663e+00   0.0000e+00   5.4860e-05   2.7837e+02
20251213_11:00:00   1.3603e-01   3.9181e+01   2.5981e+00   0.0000e+00   7.9820e-04   2.7702e+02
20251213_12:00:00   1.3533e-01   3.8957e+01   2.5868e+00   0.0000e+00   1.8290e-03   2.7859e+02
20251213_13:00:00   1.3366e-01   3.8515e+01   2.5602e+00   0.0000e+00   2.9160e-03   2.8031e+02
20251213_14:00:00   1.3423e-01   3.8598e+01   2.5839e+00   0.0000e+00   2.0487e-03   2.8436e+02
20251213_15:00:00   1.4233e-01   4.0472e+01   2.7647e+00   0.0000e+00   2.1453e-03   2.8513e+02
20251213_16:00:00   1.5293e-01   4.2905e+01   2.9953e+00   0.0000e+00   6.5462e-04   2.8274e+02
20251213_17:00:00   1.6107e-01   4.4711e+01   3.1819e+00   0.0000e+00   1.2464e-03   2.8221e+02
20251213_18:00:00   1.6317e-01   4.5255e+01   3.2214e+00   0.0000e+00   8.4889e-04   2.8273e+02
20251213_19:00:00   1.5971e-01   4.4463e+01   3.1680e+00   0.0000e+00   5.4724e-04   2.8226e+02
20251213_20:00:00   1.6353e-01   4.5186e+01   3.2992e+00   0.0000e+00   2.1459e-04   2.8137e+02
20251213_21:00:00   1.5835e-01   4.4093e+01   3.1774e+00   0.0000e+00   1.0390e-05   2.8162e+02
20251213_22:00:00   1.4523e-01   4.1143e+01   2.8808e+00   0.0000e+00   1.0884e-06   2.8291e+02
20251213_23:00:00   1.4001e-01   3.9949e+01   2.7519e+00   0.0000e+00   0.0000e+00   2.8064e+02
20251214_00:00:00   1.3666e-01   3.9269e+01   2.6312e+00   0.0000e+00   0.0000e+00   2.7578e+02
20251214_01:00:00   1.3330e-01   3.8514e+01   2.5333e+00   0.0000e+00   0.0000e+00   2.7381e+02
20251214_02:00:00   1.3316e-01   3.8451e+01   2.5345e+00   0.0000e+00   0.0000e+00   2.7425e+02
20251214_03:00:00   1.3675e-01   3.9292e+01   2.6108e+00   0.0000e+00   0.0000e+00   2.7420e+02
20251214_04:00:00   1.3978e-01   3.9998e+01   2.6754e+00   0.0000e+00   0.0000e+00   2.7099e+02
20251214_05:00:00   1.4502e-01   4.1222e+01   2.7808e+00   0.0000e+00   0.0000e+00   2.7003e+02
20251214_06:00:00   1.4701e-01   4.1702e+01   2.8107e+00   0.0000e+00   0.0000e+00   2.6817e+02
20251214_07:00:00   1.4494e-01   4.1206e+01   2.7676e+00   0.0000e+00   0.0000e+00   2.6709e+02
20251214_08:00:00   1.4330e-01   4.0793e+01   2.7407e+00   0.0000e+00   0.0000e+00   2.6468e+02
20251214_09:00:00   1.4131e-01   4.0299e+01   2.7027e+00   0.0000e+00   0.0000e+00   2.6218e+02
20251214_10:00:00   1.4629e-01   4.1420e+01   2.7930e+00   0.0000e+00   1.1611e-05   2.6158e+02
20251214_11:00:00   1.4834e-01   4.1860e+01   2.8234e+00   0.0000e+00   4.7200e-05   2.6128e+02
20251214_12:00:00   1.4733e-01   4.1614e+01   2.8036e+00   0.0000e+00   1.9742e-05   2.6341e+02
20251214_13:00:00   1.4256e-01   4.0485e+01   2.7148e+00   0.0000e+00   6.2900e-05   2.6404e+02
20251214_14:00:00   1.3894e-01   3.9618e+01   2.6465e+00   0.0000e+00   1.2216e-03   2.6522e+02
20251214_15:00:00   1.3897e-01   3.9581e+01   2.6626e+00   0.0000e+00   5.7830e-03   2.6776e+02
20251214_16:00:00   1.4624e-01   4.1264e+01   2.8186e+00   0.0000e+00   8.8570e-03   2.7046e+02
20251214_17:00:00   1.5816e-01   4.3982e+01   3.0819e+00   0.0000e+00   1.4577e-03   2.7328e+02
20251214_18:00:00   1.6496e-01   4.5583e+01   3.2244e+00   0.0000e+00   5.9428e-05   2.7426e+02
20251214_19:00:00   1.6504e-01   4.5607e+01   3.2652e+00   0.0000e+00   9.8852e-04   2.7299e+02
20251214_20:00:00   1.6984e-01   4.6674e+01   3.3957e+00   0.0000e+00   3.9494e-03   2.7110e+02
20251214_21:00:00   1.7872e-01   4.8758e+01   3.5697e+00   0.0000e+00   1.5412e-04   2.6984e+02
20251214_22:00:00   1.9052e-01   5.1384e+01   3.8201e+00   0.0000e+00   0.0000e+00   2.6886e+02
20251214_23:00:00   1.9862e-01   5.3157e+01   3.9912e+00   0.0000e+00   5.6113e-04   2.6848e+02
20251215_00:00:00   1.9883e-01   5.3226e+01   3.9863e+00   0.0000e+00   5.7190e-03   2.6822e+02
20251215_01:00:00   2.0422e-01   5.4428e+01   4.0840e+00   0.0000e+00   1.1552e-02   2.6829e+02
20251215_02:00:00   2.0873e-01   5.5401e+01   4.1736e+00   0.0000e+00   1.2910e-02   2.6938e+02
20251215_03:00:00   2.0678e-01   5.4922e+01   4.1365e+00   0.0000e+00   1.7969e-02   2.7080e+02
20251215_04:00:00   2.1499e-01   5.6672e+01   4.2996e+00   0.0000e+00   9.7181e-03   2.7094e+02
20251215_05:00:00   2.1737e-01   5.7133e+01   4.3537e+00   0.0000e+00   9.4470e-03   2.7002e+02
20251215_06:00:00   2.1779e-01   5.7158e+01   4.3687e+00   0.0000e+00   1.8366e-02   2.7061e+02
20251215_07:00:00   2.1692e-01   5.6921e+01   4.3500e+00   0.0000e+00   1.8377e-02   2.7178e+02
20251215_08:00:00   2.1154e-01   5.5706e+01   4.2446e+00   0.0000e+00   2.1920e-02   2.7300e+02
20251215_09:00:00   2.0113e-01   5.3414e+01   4.0421e+00   0.0000e+00   1.9796e-02   2.7488e+02
20251215_10:00:00   1.9069e-01   5.1139e+01   3.8181e+00   0.0000e+00   2.1329e-02   2.7807e+02
20251215_11:00:00   1.8552e-01   5.0018e+01   3.6938e+00   0.0000e+00   1.9040e-02   2.7696e+02
20251215_12:00:00   1.8631e-01   5.0224e+01   3.6976e+00   0.0000e+00   1.1279e-02   2.7297e+02
20251215_13:00:00   1.9023e-01   5.1053e+01   3.7832e+00   0.0000e+00   1.0532e-02   2.7164e+02
20251215_14:00:00   1.9335e-01   5.1713e+01   3.8450e+00   0.0000e+00   6.8272e-03   2.7210e+02
20251215_15:00:00   1.9317e-01   5.1708e+01   3.8190e+00   0.0000e+00   8.2613e-03   2.7106e+02
20251215_16:00:00   1.8943e-01   5.0864e+01   3.7487e+00   0.0000e+00   3.3082e-03   2.7061e+02
20251215_17:00:00   1.9288e-01   5.1616e+01   3.8254e+00   0.0000e+00   5.8566e-03   2.6735e+02
20251215_18:00:00   1.9136e-01   5.1307e+01   3.8004e+00   0.0000e+00   1.4610e-02   2.6676e+02
20251215_19:00:00   1.9446e-01   5.1958e+01   3.8795e+00   0.0000e+00   3.3657e-02   2.6690e+02
20251215_20:00:00   2.0690e-01   5.4521e+01   4.1664e+00   0.0000e+00   5.4523e-02   2.6448e+02
20251215_21:00:00   2.1353e-01   5.5876e+01   4.3236e+00   0.0000e+00   4.6431e-02   2.6497e+02
20251215_22:00:00   2.1918e-01   5.7067e+01   4.4531e+00   0.0000e+00   3.1007e-02   2.6548e+02
20251215_23:00:00   2.2453e-01   5.8203e+01   4.5772e+00   0.0000e+00   1.1940e-02   2.6571e+02
20251216_00:00:00   2.2746e-01   5.8784e+01   4.6385e+00   0.0000e+00   4.5939e-03   2.6566e+02
20251216_01:00:00   2.3067e-01   5.9371e+01   4.7009e+00   0.0000e+00   2.2684e-02   2.6384e+02
20251216_02:00:00   2.3668e-01   6.0594e+01   4.8202e+00   0.0000e+00   1.7578e-02   2.6602e+02
20251216_03:00:00   2.3308e-01   5.9796e+01   4.7502e+00   0.0000e+00   6.8683e-03   2.6789e+02
20251216_04:00:00   2.3029e-01   5.9205e+01   4.6862e+00   0.0000e+00   5.0522e-03   2.6886e+02
20251216_05:00:00   2.2896e-01   5.8952e+01   4.6426e+00   0.0000e+00   2.8607e-03   2.6886e+02
20251216_06:00:00   2.2948e-01   5.9060e+01   4.6403e+00   0.0000e+00   3.0329e-03   2.6886e+02
20251216_07:00:00   2.2746e-01   5.8651e+01   4.5746e+00   0.0000e+00   1.6998e-03   2.6902e+02
20251216_08:00:00   2.1928e-01   5.6925e+01   4.3831e+00   0.0000e+00   3.1170e-04   2.6760e+02
20251216_09:00:00   2.0488e-01   5.3961e+01   4.0409e+00   0.0000e+00   3.3980e-06   2.6666e+02
20251216_10:00:00   1.8727e-01   5.0155e+01   3.6652e+00   0.0000e+00   0.0000e+00   2.6652e+02
20251216_11:00:00   1.6822e-01   4.5960e+01   3.2771e+00   0.0000e+00   0.0000e+00   2.6528e+02
20251216_12:00:00   1.6929e-01   4.6332e+01   3.2513e+00   0.0000e+00   0.0000e+00   2.6256e+02
20251216_13:00:00   1.6114e-01   4.4550e+01   3.0650e+00   0.0000e+00   0.0000e+00   2.6166e+02
20251216_14:00:00   1.6280e-01   4.4937e+01   3.0918e+00   0.0000e+00   0.0000e+00   2.6085e+02
20251216_15:00:00   1.4532e-01   4.1105e+01   2.7424e+00   0.0000e+00   0.0000e+00   2.5864e+02
20251216_16:00:00   1.2814e-01   3.7190e+01   2.3841e+00   0.0000e+00   0.0000e+00   2.5673e+02
20251216_17:00:00   1.3157e-01   3.7998e+01   2.4443e+00   0.0000e+00   0.0000e+00   2.5604e+02
20251216_18:00:00   1.2918e-01   3.7396e+01   2.4186e+00   0.0000e+00   0.0000e+00   2.5568e+02
20251216_19:00:00   1.1906e-01   3.5017e+01   2.2143e+00   0.0000e+00   0.0000e+00   2.5418e+02
20251216_20:00:00   1.1627e-01   3.4277e+01   2.2122e+00   0.0000e+00   0.0000e+00   2.5330e+02
20251216_21:00:00   1.1486e-01   3.3949e+01   2.2269e+00   0.0000e+00   0.0000e+00   2.5311e+02
20251216_22:00:00   1.2691e-01   3.6834e+01   2.4949e+00   0.0000e+00   0.0000e+00   2.5192e+02
20251216_23:00:00   1.3520e-01   3.8744e+01   2.6968e+00   0.0000e+00   0.0000e+00   2.5322e+02
20251217_00:00:00   1.5702e-01   4.3684e+01   3.2191e+00   0.0000e+00   7.0540e-05   2.5299e+02
20251217_01:00:00   1.7834e-01   4.8446e+01   3.7449e+00   0.0000e+00   5.0200e-05   2.5240e+02
20251217_02:00:00   1.9857e-01   5.3106e+01   4.1811e+00   0.0000e+00   0.0000e+00   2.5271e+02
20251217_03:00:00   2.0721e-01   5.5267e+01   4.3192e+00   0.0000e+00   0.0000e+00   2.5400e+02
20251217_04:00:00   2.0886e-01   5.5890e+01   4.3230e+00   0.0000e+00   0.0000e+00   2.5363e+02
20251217_05:00:00   2.1211e-01   5.6626e+01   4.3811e+00   0.0000e+00   1.9840e-06   2.5251e+02
20251217_06:00:00   2.1164e-01   5.6553e+01   4.3445e+00   0.0000e+00   0.0000e+00   2.5205e+02
20251217_09:00:00   2.0901e-01   5.5672e+01   4.3627e+00   0.0000e+00   4.4576e-03   2.5287e+02
20251217_12:00:00   2.5972e-01   6.6574e+01   5.4519e+00   0.0000e+00   1.4374e-03   2.5191e+02
20251217_15:00:00   2.7017e-01   6.8916e+01   5.6539e+00   0.0000e+00   9.0365e-04   2.5356e+02
20251217_18:00:00   2.6547e-01   6.7841e+01   5.6719e+00   0.0000e+00   6.5535e-04   2.5420e+02
20251217_21:00:00   1.8902e-01   5.1383e+01   4.0574e+00   0.0000e+00   4.0437e-04   2.5350e+02
20251218_00:00:00   1.9087e-01   5.2058e+01   3.9966e+00   0.0000e+00   0.0000e+00   2.5340e+02
20251218_03:00:00   1.9803e-01   5.3907e+01   4.0440e+00   0.0000e+00   0.0000e+00   2.5421e+02
20251218_06:00:00   2.0785e-01   5.6015e+01   4.2381e+00   0.0000e+00   0.0000e+00   2.5413e+02
20251218_09:00:00   1.9166e-01   5.2294e+01   3.9268e+00   0.0000e+00   0.0000e+00   2.5483e+02
20251218_12:00:00   1.8393e-01   5.0512e+01   3.7657e+00   0.0000e+00   0.0000e+00   2.5544e+02
20251218_15:00:00   1.8527e-01   5.0696e+01   3.8036e+00   0.0000e+00   9.9200e-07   2.5771e+02
20251218_18:00:00   1.9478e-01   5.2220e+01   4.1801e+00   0.0000e+00   3.4300e-04   2.5839e+02
20251218_21:00:00   1.8683e-01   5.0419e+01   4.0298e+00   0.0000e+00   7.6817e-04   2.5773e+02
20251219_00:00:00   1.7906e-01   4.8710e+01   3.8284e+00   0.0000e+00   1.0475e-03   2.5688e+02
20251219_03:00:00   1.6995e-01   4.7156e+01   3.4551e+00   0.0000e+00   1.5933e-03   2.5623e+02
20251219_06:00:00   1.5835e-01   4.4522e+01   3.1523e+00   0.0000e+00   1.3904e-03   2.5617e+02
20251219_09:00:00   1.5949e-01   4.4708e+01   3.2082e+00   0.0000e+00   1.2888e-03   2.5555e+02
20251219_12:00:00   1.9792e-01   5.3164e+01   4.0845e+00   0.0000e+00   1.0476e-05   2.5859e+02
20251219_15:00:00   1.9093e-01   5.1651e+01   3.9192e+00   0.0000e+00   2.5560e-04   2.5972e+02
20251219_18:00:00   1.9422e-01   5.2219e+01   4.0697e+00   0.0000e+00   0.0000e+00   2.5962e+02
20251219_21:00:00   2.7953e-01   7.0272e+01   5.8916e+00   0.0000e+00   1.6176e-03   2.6116e+02
20251220_00:00:00   2.7039e-01   6.8469e+01   5.5704e+00   0.0000e+00   1.7020e-03   2.5839e+02
20251220_03:00:00   2.8874e-01   7.1989e+01   5.9661e+00   0.0000e+00   5.7220e-05   2.5931e+02
20251220_06:00:00   3.1028e-01   7.6335e+01   6.2929e+00   0.0000e+00   4.3540e-06   2.6397e+02
20251220_09:00:00   3.3543e-01   8.1017e+01   6.8162e+00   0.0000e+00   1.9840e-06   2.6049e+02
20251220_12:00:00   3.7885e-01   8.9104e+01   7.5554e+00   0.0000e+00   5.9500e-06   2.6221e+02
20251220_15:00:00   3.8570e-01   9.0087e+01   7.7043e+00   0.0000e+00   3.0130e-03   2.6550e+02
20251220_18:00:00   4.3117e-01   9.8454e+01   8.4604e+00   0.0000e+00   1.6986e-05   2.6680e+02
20251220_21:00:00   4.7299e-01   1.0585e+02   9.2903e+00   0.0000e+00   4.7537e-03   2.6840e+02
20251221_00:00:00   4.7945e-01   1.0687e+02   9.2718e+00   0.0000e+00   0.0000e+00   2.6947e+02
20251221_03:00:00   4.3167e-01   9.9084e+01   8.2935e+00   0.0000e+00   0.0000e+00   2.6483e+02
20251221_06:00:00   3.8997e-01   9.1722e+01   7.4878e+00   0.0000e+00   0.0000e+00   2.6681e+02
20251221_09:00:00   3.7538e-01   8.9076e+01   7.1606e+00   0.0000e+00   0.0000e+00   2.6976e+02
20251221_12:00:00   3.4224e-01   8.2778e+01   6.6366e+00   0.0000e+00   0.0000e+00   2.6767e+02
20251221_15:00:00   3.0890e-01   7.6287e+01   6.0443e+00   0.0000e+00   2.9400e-04   2.6858e+02
20251221_18:00:00   3.0570e-01   7.5951e+01   6.0729e+00   0.0000e+00   6.5360e-03   2.6999e+02
20251221_21:00:00   3.5237e-01   8.5269e+01   6.9230e+00   0.0000e+00   2.9452e-02   2.7188e+02
20251222_00:00:00   3.7134e-01   8.8677e+01   7.2888e+00   0.0000e+00   3.8570e-02   2.7441e+02
20251222_03:00:00   3.9803e-01   9.3058e+01   7.9501e+00   0.0000e+00   2.3812e-02   2.7538e+02
20251222_06:00:00   4.0739e-01   9.4340e+01   8.1885e+00   0.0000e+00   1.2654e-02   2.7395e+02
20251222_09:00:00   3.8335e-01   9.0336e+01   7.5596e+00   0.0000e+00   2.3463e-03   2.7275e+02
20251222_12:00:00   3.8796e-01   9.1196e+01   7.6067e+00   0.0000e+00   2.9703e-03   2.7142e+02
20251222_15:00:00   4.1562e-01   9.5941e+01   8.1638e+00   0.0000e+00   4.0554e-03   2.7185e+02
20251222_18:00:00   4.1908e-01   9.6887e+01   8.2036e+00   0.0000e+00   7.0880e-03   2.7466e+02
20251222_21:00:00   4.7574e-01   1.0674e+02   9.4009e+00   0.0000e+00   1.2675e-02   2.8132e+02
20251223_00:00:00   5.2866e-01   1.1492e+02   1.0364e+01   0.0000e+00   3.1188e-02   2.8371e+02
20251223_03:00:00   5.2431e-01   1.1367e+02   1.0394e+01   0.0000e+00   7.1523e-02   2.8348e+02
20251223_06:00:00   5.4525e-01   1.1673e+02   1.0771e+01   0.0000e+00   1.6368e-01   2.7981e+02
20251223_09:00:00   5.6842e-01   1.2002e+02   1.1133e+01   0.0000e+00   2.9697e-01   2.8158e+02
20251223_12:00:00   5.6825e-01   1.2010e+02   1.1164e+01   0.0000e+00   6.6363e-02   2.8159e+02
20251223_15:00:00   5.8487e-01   1.2233e+02   1.1537e+01   0.0000e+00   6.4140e-02   2.7909e+02
20251223_18:00:00   5.8859e-01   1.2283e+02   1.1589e+01   0.0000e+00   1.6229e-01   2.8358e+02
20251223_21:00:00   6.0406e-01   1.2533e+02   1.1780e+01   0.0000e+00   6.2601e-02   2.8196e+02
20251224_00:00:00   5.4410e-01   1.1703e+02   1.0483e+01   0.0000e+00   8.9527e-03   2.7702e+02
20251224_03:00:00   4.2933e-01   9.8621e+01   8.1697e+00   0.0000e+00   4.4804e-03   2.7512e+02
20251224_06:00:00   3.8661e-01   9.0946e+01   7.4235e+00   0.0000e+00   4.5438e-04   2.7404e+02
20251224_09:00:00   3.3848e-01   8.1875e+01   6.5709e+00   0.0000e+00   3.3292e-03   2.7259e+02
20251224_12:00:00   3.3227e-01   8.0601e+01   6.4430e+00   0.0000e+00   1.2932e-03   2.7361e+02
20251224_15:00:00   3.1416e-01   7.6936e+01   6.1089e+00   0.0000e+00   8.4282e-04   2.7493e+02
20251224_18:00:00   3.2572e-01   7.8974e+01   6.4468e+00   0.0000e+00   1.6074e-03   2.7339e+02
20251224_21:00:00   3.2726e-01   7.9197e+01   6.5509e+00   0.0000e+00   2.1309e-02   2.7279e+02
20251225_00:00:00   3.3112e-01   7.9660e+01   6.6488e+00   0.0000e+00   0.0000e+00   2.7424e+02
20251225_03:00:00   3.6480e-01   8.5984e+01   7.1333e+00   0.0000e+00   0.0000e+00   2.7778e+02
20251225_06:00:00   4.0217e-01   9.3198e+01   7.6868e+00   0.0000e+00   8.9660e-05   2.7316e+02
20251225_09:00:00   4.3118e-01   9.8277e+01   8.1888e+00   0.0000e+00   9.6200e-03   2.7381e+02
20251225_12:00:00   4.9299e-01   1.0825e+02   9.4121e+00   0.0000e+00   3.4212e-02   2.7183e+02
20251225_15:00:00   5.3016e-01   1.1428e+02   1.0007e+01   0.0000e+00   2.2250e-03   2.7123e+02
20251225_18:00:00   5.0350e-01   1.1021e+02   9.5716e+00   0.0000e+00   1.0645e-03   2.7549e+02
20251225_21:00:00   3.6550e-01   8.6061e+01   7.1816e+00   0.0000e+00   3.9601e-03   2.7896e+02
20251226_00:00:00   2.3385e-01   6.0322e+01   4.3670e+00   0.0000e+00   3.8617e-03   2.7393e+02
20251226_03:00:00   1.5179e-01   4.1940e+01   2.8060e+00   0.0000e+00   1.9152e-03   2.7159e+02
20251226_06:00:00   1.0311e-01   3.0376e+01   1.8594e+00   0.0000e+00   3.4307e-04   2.8066e+02
20251226_09:00:00   8.8703e-02   2.6692e+01   1.6276e+00   0.0000e+00   6.9091e-03   2.8267e+02
20251226_12:00:00   7.7660e-02   2.4109e+01   1.3757e+00   0.0000e+00   6.7666e-03   2.8703e+02
20251226_15:00:00   5.8197e-02   1.9732e+01   8.3801e-01   0.0000e+00   0.0000e+00   2.9859e+02
20251226_18:00:00   7.6761e-02   2.4372e+01   1.2967e+00   0.0000e+00   0.0000e+00   2.8984e+02
20251226_21:00:00   1.0103e-01   3.0564e+01   1.8386e+00   0.0000e+00   0.0000e+00   2.8958e+02
20251227_00:00:00   1.2236e-01   3.5490e+01   2.3691e+00   0.0000e+00   0.0000e+00   2.8924e+02
20251227_03:00:00   1.4542e-01   4.1142e+01   2.8044e+00   0.0000e+00   0.0000e+00   2.8512e+02
20251227_06:00:00   2.1793e-01   5.7783e+01   4.1014e+00   0.0000e+00   0.0000e+00   2.8803e+02
20251227_09:00:00   2.6309e-01   6.7624e+01   4.7826e+00   0.0000e+00   0.0000e+00   2.8486e+02
20251227_12:00:00   2.7358e-01   6.9631e+01   4.9297e+00   0.0000e+00   0.0000e+00   2.8603e+02
20251227_15:00:00   3.1795e-01   7.8483e+01   6.1200e+00   0.0000e+00   0.0000e+00   2.8435e+02
20251227_18:00:00   3.5373e-01   8.5749e+01   6.8888e+00   0.0000e+00   1.9840e-06   2.8354e+02
20251227_21:00:00   3.9046e-01   9.2849e+01   7.6239e+00   0.0000e+00   5.6886e-04   2.8547e+02
20251228_00:00:00   4.5926e-01   1.0484e+02   8.9216e+00   0.0000e+00   6.7885e-04   2.8793e+02
20251228_03:00:00   4.9401e-01   1.1019e+02   9.7165e+00   0.0000e+00   1.5023e-04   2.8274e+02
20251228_06:00:00   4.7005e-01   1.0604e+02   9.2430e+00   0.0000e+00   1.8481e-03   2.7856e+02
