#            date       tau255        Tb[K]      pwv[mm] lwp[kg*m^-2] iwp[kg*m^-2]       o3[DU]
20251204_06:00:00   3.7128e-01   8.5196e+01   4.8625e+00   3.4940e-02   2.9264e-03   3.4816e+02
20251204_07:00:00   4.3957e-01   9.7155e+01   4.4970e+00   7.3500e-02   4.1473e-03   3.4886e+02
20251204_08:00:00   5.0043e-01   1.0702e+02   4.2955e+00   1.0626e-01   4.7267e-03   3.5406e+02
20251204_09:00:00   4.1433e-01   9.2914e+01   3.9104e+00   7.7520e-02   3.6071e-03   3.5887e+02
20251204_10:00:00   3.2318e-01   7.6597e+01   3.6962e+00   4.2000e-02   2.3223e-03   3.5644e+02
20251204_11:00:00   2.9083e-01   7.0445e+01   3.6058e+00   2.9800e-02   1.6274e-03   3.5040e+02
20251204_12:00:00   2.4602e-01   6.1538e+01   3.6297e+00   1.0012e-02   6.2254e-04   3.4777e+02
20251204_13:00:00   2.0721e-01   5.3585e+01   3.3809e+00   0.0000e+00   9.7360e-06   3.4390e+02
20251204_14:00:00   1.8954e-01   4.9877e+01   3.0503e+00   0.0000e+00   1.7546e-05   3.3964e+02
20251204_15:00:00   1.7454e-01   4.6628e+01   2.7798e+00   0.0000e+00   2.9090e-04   3.4118e+02
20251204_16:00:00   1.6349e-01   4.4235e+01   2.6061e+00   0.0000e+00   2.5577e-05   3.4129e+02
20251204_17:00:00   1.5289e-01   4.1941e+01   2.4639e+00   0.0000e+00   5.4320e-06   3.3757e+02
20251204_18:00:00   1.4659e-01   4.0544e+01   2.4098e+00   0.0000e+00   0.0000e+00   3.3677e+02
20251204_19:00:00   1.5517e-01   4.2420e+01   2.6372e+00   0.0000e+00   0.0000e+00   3.3319e+02
20251204_20:00:00   1.5416e-01   4.2181e+01   2.6762e+00   0.0000e+00   0.0000e+00   3.3433e+02
20251204_21:00:00   1.5439e-01   4.2176e+01   2.7462e+00   0.0000e+00   0.0000e+00   3.3657e+02
20251204_22:00:00   1.6080e-01   4.3512e+01   2.9259e+00   0.0000e+00   0.0000e+00   3.3475e+02
20251204_23:00:00   1.7000e-01   4.5434e+01   3.1552e+00   0.0000e+00   0.0000e+00   3.3015e+02
20251205_00:00:00   1.8227e-01   4.8027e+01   3.4125e+00   0.0000e+00   3.8700e-06   3.2879e+02
20251205_01:00:00   1.9939e-01   5.1657e+01   3.7597e+00   0.0000e+00   1.2363e-05   3.2672e+02
20251205_02:00:00   2.1391e-01   5.4792e+01   4.0549e+00   0.0000e+00   0.0000e+00   3.2101e+02
20251205_03:00:00   1.9961e-01   5.1752e+01   3.7687e+00   0.0000e+00   0.0000e+00   3.1731e+02
20251205_04:00:00   1.8893e-01   4.9686e+01   3.5012e+00   0.0000e+00   0.0000e+00   3.1520e+02
20251205_05:00:00   1.6636e-01   4.4927e+01   3.0138e+00   0.0000e+00   0.0000e+00   3.1521e+02
20251205_06:00:00   1.5374e-01   4.2126e+01   2.7473e+00   0.0000e+00   0.0000e+00   3.1278e+02
20251205_07:00:00   1.3431e-01   3.7708e+01   2.3698e+00   0.0000e+00   0.0000e+00   3.0994e+02
20251205_08:00:00   1.2561e-01   3.5675e+01   2.2108e+00   0.0000e+00   0.0000e+00   3.0739e+02
20251205_09:00:00   1.2669e-01   3.5895e+01   2.2350e+00   0.0000e+00   0.0000e+00   3.0612e+02
20251205_10:00:00   1.2831e-01   3.6217e+01   2.2902e+00   0.0000e+00   0.0000e+00   3.0403e+02
20251205_11:00:00   1.3077e-01   3.6704e+01   2.3689e+00   0.0000e+00   0.0000e+00   3.0058e+02
20251205_12:00:00   1.3439e-01   3.7471e+01   2.4622e+00   0.0000e+00   9.9200e-07   2.9898e+02
20251205_13:00:00   1.4550e-01   3.9986e+01   2.7004e+00   0.0000e+00   7.2670e-04   2.9694e+02
20251205_14:00:00   1.6126e-01   4.3441e+01   3.0500e+00   0.0000e+00   4.9978e-03   2.9459e+02
20251205_15:00:00   1.7707e-01   4.6786e+01   3.4109e+00   0.0000e+00   1.6164e-02   2.9127e+02
20251205_16:00:00   2.0339e-01   5.2263e+01   3.9578e+00   0.0000e+00   8.1514e-02   2.8934e+02
20251205_17:00:00   2.5015e-01   6.1767e+01   4.9060e+00   0.0000e+00   9.7248e-02   2.8976e+02
20251205_18:00:00   2.9308e-01   7.0426e+01   5.7333e+00   0.0000e+00   5.4840e-03   2.9084e+02
20251205_19:00:00   3.2594e-01   7.6852e+01   6.3314e+00   0.0000e+00   8.8341e-05   2.9235e+02
20251205_20:00:00   3.1996e-01   7.6019e+01   6.1373e+00   0.0000e+00   3.3980e-06   2.9242e+02
20251205_21:00:00   3.0235e-01   7.2773e+01   5.7618e+00   0.0000e+00   0.0000e+00   2.9328e+02
20251205_22:00:00   2.9206e-01   7.0909e+01   5.5344e+00   0.0000e+00   0.0000e+00   2.9500e+02
20251205_23:00:00   2.8600e-01   6.9958e+01   5.3278e+00   0.0000e+00   0.0000e+00   2.9542e+02
20251206_00:00:00   2.8522e-01   6.9913e+01   5.2640e+00   0.0000e+00   0.0000e+00   2.9261e+02
20251206_01:00:00   2.7995e-01   6.8964e+01   5.1370e+00   0.0000e+00   0.0000e+00   2.9158e+02
20251206_02:00:00   2.6707e-01   6.6526e+01   4.8622e+00   0.0000e+00   0.0000e+00   2.8976e+02
20251206_03:00:00   2.5590e-01   6.4335e+01   4.6553e+00   0.0000e+00   0.0000e+00   2.8865e+02
20251206_04:00:00   2.5313e-01   6.3769e+01   4.6131e+00   0.0000e+00   0.0000e+00   2.8828e+02
20251206_05:00:00   2.4645e-01   6.2415e+01   4.5155e+00   0.0000e+00   0.0000e+00   2.8782e+02
20251206_06:00:00   2.4861e-01   6.2823e+01   4.5906e+00   0.0000e+00   0.0000e+00   2.8435e+02
20251206_07:00:00   2.4478e-01   6.2019e+01   4.5873e+00   0.0000e+00   0.0000e+00   2.8047e+02
20251206_08:00:00   2.4658e-01   6.2378e+01   4.6616e+00   0.0000e+00   0.0000e+00   2.8072e+02
20251206_09:00:00   2.4841e-01   6.2765e+01   4.7484e+00   0.0000e+00   0.0000e+00   2.8053e+02
20251206_10:00:00   2.5142e-01   6.3462e+01   4.8568e+00   0.0000e+00   0.0000e+00   2.7976e+02
20251206_11:00:00   2.6003e-01   6.5309e+01   5.0699e+00   0.0000e+00   0.0000e+00   2.7847e+02
20251206_12:00:00   2.8323e-01   6.9985e+01   5.5515e+00   0.0000e+00   0.0000e+00   2.7694e+02
20251206_13:00:00   3.0473e-01   7.4193e+01   6.0121e+00   0.0000e+00   0.0000e+00   2.7730e+02
20251206_14:00:00   3.2305e-01   7.7758e+01   6.3782e+00   0.0000e+00   0.0000e+00   2.7680e+02
20251206_15:00:00   3.3114e-01   7.9343e+01   6.5578e+00   0.0000e+00   0.0000e+00   2.7684e+02
20251206_16:00:00   3.2924e-01   7.9166e+01   6.4981e+00   0.0000e+00   0.0000e+00   2.7679e+02
20251206_17:00:00   3.5147e-01   8.3555e+01   6.8748e+00   0.0000e+00   0.0000e+00   2.7800e+02
20251206_18:00:00   3.6549e-01   8.6240e+01   7.1154e+00   0.0000e+00   0.0000e+00   2.7755e+02
20251206_19:00:00   3.7473e-01   8.7982e+01   7.2961e+00   0.0000e+00   0.0000e+00   2.7790e+02
20251206_20:00:00   3.8231e-01   8.9358e+01   7.4278e+00   0.0000e+00   0.0000e+00   2.7646e+02
20251206_21:00:00   3.7894e-01   8.8902e+01   7.3730e+00   0.0000e+00   0.0000e+00   2.7535e+02
20251206_22:00:00   3.7470e-01   8.8205e+01   7.2443e+00   0.0000e+00   0.0000e+00   2.7447e+02
20251206_23:00:00   3.6662e-01   8.6908e+01   7.0174e+00   0.0000e+00   0.0000e+00   2.7629e+02
20251207_00:00:00   3.7111e-01   8.7602e+01   7.0505e+00   0.0000e+00   0.0000e+00   2.7664e+02
20251207_01:00:00   3.9300e-01   9.1477e+01   7.3613e+00   0.0000e+00   0.0000e+00   2.7571e+02
20251207_02:00:00   4.1820e-01   9.5806e+01   7.7696e+00   0.0000e+00   0.0000e+00   2.7802e+02
20251207_03:00:00   4.2917e-01   9.7673e+01   7.8280e+00   0.0000e+00   0.0000e+00   2.7668e+02
20251207_04:00:00   4.2872e-01   9.7572e+01   7.7240e+00   0.0000e+00   0.0000e+00   2.7441e+02
20251207_05:00:00   4.0317e-01   9.3138e+01   7.2742e+00   0.0000e+00   0.0000e+00   2.7301e+02
20251207_06:00:00   3.9177e-01   9.1159e+01   7.0860e+00   0.0000e+00   0.0000e+00   2.7387e+02
20251207_07:00:00   3.8996e-01   9.0777e+01   7.0439e+00   0.0000e+00   0.0000e+00   2.7767e+02
20251207_08:00:00   3.7095e-01   8.7382e+01   6.6265e+00   0.0000e+00   0.0000e+00   2.7980e+02
20251207_09:00:00   3.8007e-01   8.8881e+01   6.7483e+00   0.0000e+00   0.0000e+00   2.8097e+02
20251207_10:00:00   3.9114e-01   9.0770e+01   6.8909e+00   0.0000e+00   0.0000e+00   2.8000e+02
20251207_11:00:00   3.6820e-01   8.6590e+01   6.4553e+00   0.0000e+00   1.8880e-05   2.7875e+02
20251207_12:00:00   3.4757e-01   8.2690e+01   6.1056e+00   0.0000e+00   0.0000e+00   2.7989e+02
20251207_13:00:00   3.3095e-01   7.9429e+01   5.7882e+00   0.0000e+00   7.6640e-06   2.8006e+02
20251207_14:00:00   3.0458e-01   7.4270e+01   5.3228e+00   0.0000e+00   0.0000e+00   2.8139e+02
20251207_15:00:00   2.7142e-01   6.7651e+01   4.8131e+00   0.0000e+00   0.0000e+00   2.8181e+02
20251207_16:00:00   2.4074e-01   6.1373e+01   4.3411e+00   0.0000e+00   0.0000e+00   2.8076e+02
20251207_17:00:00   2.2478e-01   5.8054e+01   4.1357e+00   0.0000e+00   0.0000e+00   2.7977e+02
20251207_18:00:00   2.1905e-01   5.6874e+01   4.0790e+00   0.0000e+00   0.0000e+00   2.7763e+02
20251207_19:00:00   2.0850e-01   5.4652e+01   3.9464e+00   0.0000e+00   0.0000e+00   2.7581e+02
20251207_20:00:00   2.0234e-01   5.3308e+01   3.8820e+00   0.0000e+00   0.0000e+00   2.7480e+02
20251207_21:00:00   2.0290e-01   5.3433e+01   3.9321e+00   0.0000e+00   0.0000e+00   2.7337e+02
20251207_22:00:00   2.0363e-01   5.3624e+01   3.9656e+00   0.0000e+00   0.0000e+00   2.7245e+02
20251207_23:00:00   2.0589e-01   5.4113e+01   4.0191e+00   0.0000e+00   0.0000e+00   2.7110e+02
20251208_00:00:00   1.9759e-01   5.2226e+01   3.8992e+00   0.0000e+00   0.0000e+00   2.7005e+02
20251208_01:00:00   1.9072e-01   5.0664e+01   3.7888e+00   0.0000e+00   0.0000e+00   2.7159e+02
20251208_02:00:00   1.8355e-01   4.9142e+01   3.6355e+00   0.0000e+00   0.0000e+00   2.7392e+02
20251208_03:00:00   1.8474e-01   4.9456e+01   3.6457e+00   0.0000e+00   0.0000e+00   2.7439e+02
20251208_04:00:00   1.9561e-01   5.1819e+01   3.8850e+00   0.0000e+00   0.0000e+00   2.7570e+02
20251208_05:00:00   2.0387e-01   5.3536e+01   4.0841e+00   0.0000e+00   0.0000e+00   2.7701e+02
20251208_06:00:00   2.1535e-01   5.5993e+01   4.3314e+00   0.0000e+00   0.0000e+00   2.7597e+02
20251208_07:00:00   2.3675e-01   6.0552e+01   4.7461e+00   0.0000e+00   0.0000e+00   2.7486e+02
20251208_08:00:00   2.6154e-01   6.5773e+01   5.1971e+00   0.0000e+00   0.0000e+00   2.7603e+02
20251208_09:00:00   2.9812e-01   7.3195e+01   5.8406e+00   0.0000e+00   4.1600e-06   2.7937e+02
20251208_10:00:00   3.2218e-01   7.7835e+01   6.2728e+00   0.0000e+00   2.1584e-04   2.8367e+02
20251208_11:00:00   3.4137e-01   8.1367e+01   6.6189e+00   0.0000e+00   2.1854e-03   2.8653e+02
20251208_12:00:00   3.5808e-01   8.4373e+01   6.9244e+00   0.0000e+00   3.2863e-03   2.8918e+02
20251208_13:00:00   3.5003e-01   8.2942e+01   6.7294e+00   0.0000e+00   2.2058e-03   2.9390e+02
20251208_14:00:00   3.3132e-01   7.9640e+01   6.3081e+00   0.0000e+00   0.0000e+00   2.9632e+02
20251208_15:00:00   3.1746e-01   7.7219e+01   5.8615e+00   0.0000e+00   0.0000e+00   2.9623e+02
20251208_16:00:00   2.9460e-01   7.2809e+01   5.3754e+00   0.0000e+00   0.0000e+00   2.9751e+02
20251208_17:00:00   2.8740e-01   7.1280e+01   5.3168e+00   0.0000e+00   0.0000e+00   2.9884e+02
20251208_18:00:00   2.9264e-01   7.2165e+01   5.4503e+00   0.0000e+00   0.0000e+00   3.0102e+02
20251208_19:00:00   2.8326e-01   7.0307e+01   5.2863e+00   0.0000e+00   0.0000e+00   3.0548e+02
20251208_20:00:00   2.7564e-01   6.8799e+01   5.1634e+00   0.0000e+00   0.0000e+00   3.1256e+02
20251208_21:00:00   2.7695e-01   6.9155e+01   5.1157e+00   0.0000e+00   0.0000e+00   3.1231e+02
20251208_22:00:00   2.5308e-01   6.4526e+01   4.5726e+00   0.0000e+00   0.0000e+00   3.1102e+02
20251208_23:00:00   2.1572e-01   5.6895e+01   3.7495e+00   0.0000e+00   0.0000e+00   3.1098e+02
20251209_00:00:00   1.7749e-01   4.8550e+01   3.0057e+00   0.0000e+00   0.0000e+00   3.0646e+02
20251209_01:00:00   1.5650e-01   4.3717e+01   2.6260e+00   0.0000e+00   0.0000e+00   2.9981e+02
20251209_02:00:00   1.3768e-01   3.9168e+01   2.3423e+00   0.0000e+00   0.0000e+00   2.9826e+02
20251209_03:00:00   1.2562e-01   3.6140e+01   2.1803e+00   0.0000e+00   0.0000e+00   2.9645e+02
20251209_04:00:00   1.3722e-01   3.8710e+01   2.4621e+00   0.0000e+00   0.0000e+00   2.9445e+02
20251209_05:00:00   1.5393e-01   4.2430e+01   2.8482e+00   0.0000e+00   0.0000e+00   2.9371e+02
20251209_06:00:00   1.6630e-01   4.5188e+01   3.1264e+00   0.0000e+00   0.0000e+00   2.9369e+02
20251209_09:00:00   1.6263e-01   4.4398e+01   3.1808e+00   0.0000e+00   0.0000e+00   2.9093e+02
20251209_12:00:00   2.2776e-01   5.8992e+01   4.5241e+00   0.0000e+00   0.0000e+00   2.8723e+02
20251209_15:00:00   2.6403e-01   6.6616e+01   5.3037e+00   0.0000e+00   1.0160e-04   2.8745e+02
20251209_18:00:00   3.1601e-01   7.7296e+01   6.3639e+00   0.0000e+00   3.3119e-04   2.7703e+02
20251209_21:00:00   3.6091e-01   8.6092e+01   7.3141e+00   0.0000e+00   1.0754e-03   2.7134e+02
20251210_00:00:00   3.8528e-01   9.0546e+01   7.7507e+00   0.0000e+00   3.5784e-05   2.7802e+02
20251210_03:00:00   3.8691e-01   9.0823e+01   7.7440e+00   0.0000e+00   3.6660e-05   2.8535e+02
20251210_06:00:00   3.2939e-01   8.0202e+01   6.5636e+00   0.0000e+00   1.2814e-03   2.8388e+02
20251210_09:00:00   3.0344e-01   7.5255e+01   5.9938e+00   0.0000e+00   1.5071e-04   2.8552e+02
20251210_12:00:00   3.0540e-01   7.5980e+01   5.9865e+00   0.0000e+00   9.9140e-05   2.8531e+02
20251210_15:00:00   3.3589e-01   8.2212e+01   6.5095e+00   0.0000e+00   0.0000e+00   2.8284e+02
20251210_18:00:00   3.6003e-01   8.7092e+01   6.9684e+00   0.0000e+00   0.0000e+00   2.8068e+02
20251210_21:00:00   3.7395e-01   8.9930e+01   7.3285e+00   0.0000e+00   0.0000e+00   2.7942e+02
20251211_00:00:00   3.7187e-01   8.9054e+01   7.4911e+00   0.0000e+00   1.2426e-05   2.7942e+02
20251211_03:00:00   3.2288e-01   8.0011e+01   6.2965e+00   0.0000e+00   0.0000e+00   2.7622e+02
20251211_06:00:00   2.6817e-01   6.9237e+01   5.0932e+00   0.0000e+00   8.7060e-07   2.7424e+02
20251211_09:00:00   1.9918e-01   5.4330e+01   3.6399e+00   0.0000e+00   0.0000e+00   2.7465e+02
20251211_12:00:00   1.8874e-01   5.1796e+01   3.3807e+00   0.0000e+00   0.0000e+00   2.7723e+02
20251211_15:00:00   1.8015e-01   4.9733e+01   3.2519e+00   0.0000e+00   0.0000e+00   2.7534e+02
20251211_18:00:00   1.8155e-01   5.0103e+01   3.3270e+00   0.0000e+00   0.0000e+00   2.7401e+02
20251211_21:00:00   1.7122e-01   4.7780e+01   3.2048e+00   0.0000e+00   0.0000e+00   2.7436e+02
20251212_00:00:00   1.3421e-01   3.9016e+01   2.4966e+00   0.0000e+00   0.0000e+00   2.7805e+02
20251212_03:00:00   1.3198e-01   3.8446e+01   2.4324e+00   0.0000e+00   0.0000e+00   2.7652e+02
20251212_06:00:00   1.3039e-01   3.7983e+01   2.4051e+00   0.0000e+00   1.6232e-03   2.7752e+02
20251212_09:00:00   1.3211e-01   3.8269e+01   2.4625e+00   0.0000e+00   5.4732e-03   2.7614e+02
20251212_12:00:00   1.6163e-01   4.5080e+01   3.0680e+00   0.0000e+00   2.2698e-02   2.7652e+02
20251212_15:00:00   1.7509e-01   4.8272e+01   3.2710e+00   0.0000e+00   1.3092e-03   2.7948e+02
20251212_18:00:00   1.5796e-01   4.4446e+01   2.9264e+00   0.0000e+00   0.0000e+00   2.8136e+02
20251212_21:00:00   1.8532e-01   5.0506e+01   3.6423e+00   0.0000e+00   0.0000e+00   2.7986e+02
20251213_00:00:00   2.3003e-01   6.0533e+01   4.4283e+00   0.0000e+00   6.9420e-06   2.7779e+02
20251213_03:00:00   2.0628e-01   5.5320e+01   3.8884e+00   0.0000e+00   0.0000e+00   2.7963e+02
20251213_06:00:00   1.7279e-01   4.7549e+01   3.3036e+00   0.0000e+00   2.6537e-03   2.8083e+02
20251213_09:00:00   1.6729e-01   4.5988e+01   3.2533e+00   0.0000e+00   4.9812e-03   2.8073e+02
20251213_12:00:00   1.6808e-01   4.5983e+01   3.2885e+00   0.0000e+00   6.7818e-03   2.7962e+02
20251213_15:00:00   1.6363e-01   4.5012e+01   3.1632e+00   0.0000e+00   1.0934e-03   2.8054e+02
20251213_18:00:00   1.6448e-01   4.5237e+01   3.1942e+00   0.0000e+00   0.0000e+00   2.8143e+02
20251213_21:00:00   1.6518e-01   4.5733e+01   3.1840e+00   0.0000e+00   0.0000e+00   2.8098e+02
20251214_00:00:00   1.8030e-01   4.9128e+01   3.4864e+00   0.0000e+00   0.0000e+00   2.8055e+02
20251214_03:00:00   1.8138e-01   4.9393e+01   3.4459e+00   0.0000e+00   0.0000e+00   2.7940e+02
20251214_06:00:00   1.7382e-01   4.7677e+01   3.3183e+00   0.0000e+00   0.0000e+00   2.7484e+02
20251214_09:00:00   1.5237e-01   4.2726e+01   2.8996e+00   0.0000e+00   0.0000e+00   2.7145e+02
20251214_12:00:00   1.4521e-01   4.0967e+01   2.7926e+00   0.0000e+00   2.1120e-05   2.7199e+02
20251214_15:00:00   1.3430e-01   3.8380e+01   2.5875e+00   0.0000e+00   0.0000e+00   2.7120e+02
20251214_18:00:00   1.3669e-01   3.8990e+01   2.6287e+00   0.0000e+00   0.0000e+00   2.7008e+02
20251214_21:00:00   1.4530e-01   4.1173e+01   2.8119e+00   0.0000e+00   0.0000e+00   2.7163e+02
20251215_00:00:00   1.3413e-01   3.8582e+01   2.5686e+00   0.0000e+00   0.0000e+00   2.6914e+02
20251215_03:00:00   1.3311e-01   3.8274e+01   2.5586e+00   0.0000e+00   0.0000e+00   2.6483e+02
20251215_06:00:00   1.3198e-01   3.7941e+01   2.5538e+00   0.0000e+00   1.0786e-04   2.5607e+02
20251215_09:00:00   1.3153e-01   3.7817e+01   2.5477e+00   0.0000e+00   1.6308e-03   2.5251e+02
20251215_12:00:00   1.3079e-01   3.7437e+01   2.5766e+00   0.0000e+00   3.0704e-03   2.5344e+02
20251215_15:00:00   1.3874e-01   3.9061e+01   2.7736e+00   0.0000e+00   2.4143e-03   2.5198e+02
20251215_18:00:00   1.6117e-01   4.4195e+01   3.2344e+00   0.0000e+00   1.3789e-02   2.5636e+02
20251215_21:00:00   1.7313e-01   4.6982e+01   3.4543e+00   0.0000e+00   2.1494e-02   2.5491e+02
20251216_00:00:00   1.9029e-01   5.0759e+01   3.8122e+00   0.0000e+00   2.3137e-02   2.5877e+02
20251216_03:00:00   2.1919e-01   5.6995e+01   4.3703e+00   0.0000e+00   6.2704e-02   2.6313e+02
20251216_06:00:00   2.5900e-01   6.5361e+01   5.1496e+00   0.0000e+00   4.2346e-02   2.6672e+02
20251216_09:00:00   3.0193e-01   7.4250e+01   5.9062e+00   0.0000e+00   3.6882e-04   2.7100e+02
20251216_12:00:00   2.8974e-01   7.1964e+01   5.6269e+00   0.0000e+00   0.0000e+00   2.7063e+02
20251216_15:00:00   2.4567e-01   6.3180e+01   4.7101e+00   0.0000e+00   0.0000e+00   2.7576e+02
20251216_18:00:00   2.1786e-01   5.7381e+01   4.1894e+00   0.0000e+00   0.0000e+00   2.7405e+02
20251216_21:00:00   2.0390e-01   5.4413e+01   3.9647e+00   0.0000e+00   0.0000e+00   2.7184e+02
20251217_00:00:00   1.9111e-01   5.1406e+01   3.7372e+00   0.0000e+00   0.0000e+00   2.6921e+02
20251217_03:00:00   1.8999e-01   5.1206e+01   3.6615e+00   0.0000e+00   0.0000e+00   2.6651e+02
20251217_06:00:00   1.9629e-01   5.2415e+01   3.8253e+00   0.0000e+00   0.0000e+00   2.6625e+02
20251217_09:00:00   1.8128e-01   4.9188e+01   3.4714e+00   0.0000e+00   0.0000e+00   2.6699e+02
20251217_12:00:00   1.5441e-01   4.3039e+01   2.9473e+00   0.0000e+00   0.0000e+00   2.6871e+02
20251217_15:00:00   1.5040e-01   4.2096e+01   2.9051e+00   0.0000e+00   0.0000e+00   2.7153e+02
20251217_18:00:00   2.0017e-01   5.3511e+01   3.9554e+00   0.0000e+00   3.9440e-05   2.6851e+02
20251217_21:00:00   2.0540e-01   5.5025e+01   3.9987e+00   0.0000e+00   0.0000e+00   2.6316e+02
20251218_00:00:00   1.8325e-01   5.0109e+01   3.5681e+00   0.0000e+00   9.2060e-06   2.6069e+02
20251218_03:00:00   1.7173e-01   4.6982e+01   3.4699e+00   0.0000e+00   0.0000e+00   2.6336e+02
20251218_06:00:00   1.9524e-01   5.1952e+01   4.0874e+00   0.0000e+00   6.2700e-06   2.6003e+02
20251218_09:00:00   2.2125e-01   5.7437e+01   4.7173e+00   0.0000e+00   3.2359e-05   2.5775e+02
20251218_12:00:00   2.5532e-01   6.4553e+01   5.4745e+00   0.0000e+00   2.2580e-05   2.5814e+02
20251218_15:00:00   3.2962e-01   7.9521e+01   6.9830e+00   0.0000e+00   1.4532e-03   2.5996e+02
20251218_18:00:00   4.4127e-01   1.0041e+02   9.0507e+00   0.0000e+00   1.6705e-03   2.6049e+02
20251218_21:00:00   4.8067e-01   1.0799e+02   9.5268e+00   0.0000e+00   9.5640e-04   2.6389e+02
20251219_00:00:00   4.0962e-01   9.5986e+01   8.0302e+00   0.0000e+00   2.3320e-05   2.6512e+02
20251219_03:00:00   4.4569e-01   1.0217e+02   8.6200e+00   0.0000e+00   0.0000e+00   2.6711e+02
20251219_06:00:00   4.2763e-01   9.8840e+01   8.3687e+00   0.0000e+00   1.7040e-05   2.6544e+02
20251219_09:00:00   4.5554e-01   1.0342e+02   8.9688e+00   0.0000e+00   0.0000e+00   2.6734e+02
20251219_12:00:00   4.0252e-01   9.4642e+01   7.6750e+00   0.0000e+00   0.0000e+00   2.7527e+02
20251219_15:00:00   3.7479e-01   8.9631e+01   6.9973e+00   0.0000e+00   0.0000e+00   2.6908e+02
20251219_18:00:00   3.6624e-01   8.7987e+01   7.0701e+00   0.0000e+00   1.9356e-02   2.6792e+02
20251219_21:00:00   4.0909e-01   9.5773e+01   8.1178e+00   0.0000e+00   7.9160e-04   2.7097e+02
20251220_00:00:00   5.1828e-01   1.1421e+02   1.0068e+01   0.0000e+00   5.4340e-05   2.7539e+02
20251220_03:00:00   5.1564e-01   1.1367e+02   1.0087e+01   0.0000e+00   8.4540e-04   2.7678e+02
20251220_06:00:00   5.4819e-01   1.1861e+02   1.0832e+01   0.0000e+00   1.6378e-03   2.7545e+02
