#            date       tau255        Tb[K]      pwv[mm] lwp[kg*m^-2] iwp[kg*m^-2]       o3[DU]
20251209_18:00:00   2.8006e-01   7.0374e+01   5.7246e+00   0.0000e+00   0.0000e+00   2.9018e+02
20251209_19:00:00   2.9467e-01   7.3389e+01   6.0458e+00   0.0000e+00   0.0000e+00   2.8833e+02
20251209_20:00:00   2.9795e-01   7.4135e+01   6.1232e+00   0.0000e+00   0.0000e+00   2.8748e+02
20251209_21:00:00   2.9642e-01   7.4000e+01   6.0716e+00   0.0000e+00   0.0000e+00   2.8559e+02
20251209_22:00:00   2.9741e-01   7.4348e+01   6.0389e+00   0.0000e+00   0.0000e+00   2.8243e+02
20251209_23:00:00   2.8631e-01   7.2180e+01   5.7708e+00   0.0000e+00   0.0000e+00   2.8016e+02
20251210_00:00:00   2.7785e-01   7.0485e+01   5.5750e+00   0.0000e+00   0.0000e+00   2.7824e+02
20251210_01:00:00   2.6948e-01   6.8745e+01   5.4131e+00   0.0000e+00   0.0000e+00   2.7678e+02
20251210_02:00:00   2.6138e-01   6.6979e+01   5.2903e+00   0.0000e+00   0.0000e+00   2.7918e+02
20251210_03:00:00   2.5569e-01   6.5714e+01   5.1962e+00   0.0000e+00   0.0000e+00   2.8161e+02
20251210_04:00:00   2.4940e-01   6.4333e+01   5.0779e+00   0.0000e+00   0.0000e+00   2.8291e+02
20251210_05:00:00   2.4136e-01   6.2653e+01   4.9064e+00   0.0000e+00   0.0000e+00   2.8453e+02
20251210_06:00:00   2.3666e-01   6.1726e+01   4.7904e+00   0.0000e+00   1.9840e-06   2.8696e+02
20251210_07:00:00   2.5951e-01   6.6767e+01   5.1776e+00   0.0000e+00   2.2544e-04   2.8836e+02
20251210_08:00:00   2.6840e-01   6.8691e+01   5.2720e+00   0.0000e+00   2.2159e-04   2.8789e+02
20251210_09:00:00   2.6732e-01   6.8570e+01   5.1979e+00   0.0000e+00   1.4520e-04   2.8882e+02
20251210_10:00:00   2.6468e-01   6.8120e+01   5.0530e+00   0.0000e+00   4.1200e-05   2.9035e+02
20251210_11:00:00   2.6114e-01   6.7483e+01   4.8601e+00   0.0000e+00   7.3900e-05   2.9079e+02
20251210_12:00:00   2.6304e-01   6.7858e+01   4.8524e+00   0.0000e+00   6.0620e-05   2.8991e+02
20251210_13:00:00   2.6984e-01   6.9320e+01   4.9997e+00   0.0000e+00   1.2980e-05   2.8805e+02
20251210_14:00:00   2.8666e-01   7.2863e+01   5.3501e+00   0.0000e+00   0.0000e+00   2.8868e+02
20251210_15:00:00   2.9755e-01   7.5059e+01   5.5837e+00   0.0000e+00   0.0000e+00   2.9020e+02
20251210_16:00:00   3.1289e-01   7.8107e+01   5.8580e+00   0.0000e+00   0.0000e+00   2.9075e+02
20251210_17:00:00   3.2561e-01   8.0579e+01   6.1047e+00   0.0000e+00   0.0000e+00   2.8661e+02
20251210_18:00:00   3.4041e-01   8.3518e+01   6.4011e+00   0.0000e+00   0.0000e+00   2.8306e+02
20251210_19:00:00   3.7047e-01   8.9118e+01   6.9800e+00   0.0000e+00   0.0000e+00   2.8523e+02
20251210_20:00:00   3.8383e-01   9.1644e+01   7.2906e+00   0.0000e+00   0.0000e+00   2.8601e+02
20251210_21:00:00   3.8268e-01   9.1513e+01   7.3319e+00   0.0000e+00   0.0000e+00   2.8437e+02
20251210_22:00:00   3.7437e-01   8.9999e+01   7.2072e+00   0.0000e+00   0.0000e+00   2.8264e+02
20251210_23:00:00   3.6377e-01   8.7952e+01   7.0153e+00   0.0000e+00   0.0000e+00   2.8127e+02
20251211_00:00:00   3.6043e-01   8.7270e+01   6.9272e+00   0.0000e+00   0.0000e+00   2.8082e+02
20251211_01:00:00   3.5425e-01   8.6093e+01   6.7735e+00   0.0000e+00   0.0000e+00   2.7907e+02
20251211_02:00:00   3.4408e-01   8.4174e+01   6.5577e+00   0.0000e+00   0.0000e+00   2.7905e+02
20251211_03:00:00   3.4076e-01   8.3553e+01   6.4619e+00   0.0000e+00   0.0000e+00   2.7700e+02
20251211_04:00:00   3.4410e-01   8.4202e+01   6.4923e+00   0.0000e+00   0.0000e+00   2.7587e+02
20251211_05:00:00   3.4028e-01   8.3518e+01   6.4003e+00   0.0000e+00   0.0000e+00   2.7422e+02
20251211_06:00:00   3.4201e-01   8.3841e+01   6.4222e+00   0.0000e+00   0.0000e+00   2.7119e+02
20251211_07:00:00   3.4017e-01   8.3461e+01   6.3952e+00   0.0000e+00   0.0000e+00   2.7106e+02
20251211_08:00:00   3.3209e-01   8.1902e+01   6.2660e+00   0.0000e+00   0.0000e+00   2.7036e+02
20251211_09:00:00   3.2548e-01   8.0602e+01   6.1567e+00   0.0000e+00   0.0000e+00   2.6992e+02
20251211_10:00:00   3.2381e-01   8.0234e+01   6.1304e+00   0.0000e+00   0.0000e+00   2.7190e+02
20251211_11:00:00   3.2593e-01   8.0540e+01   6.2033e+00   0.0000e+00   0.0000e+00   2.7349e+02
20251211_12:00:00   3.2324e-01   7.9885e+01   6.1978e+00   0.0000e+00   0.0000e+00   2.7251e+02
20251211_13:00:00   3.1374e-01   7.7907e+01   6.0570e+00   0.0000e+00   0.0000e+00   2.7028e+02
20251211_14:00:00   3.0880e-01   7.6850e+01   5.9941e+00   0.0000e+00   0.0000e+00   2.6981e+02
20251211_15:00:00   3.1110e-01   7.7291e+01   6.0406e+00   0.0000e+00   0.0000e+00   2.7003e+02
20251211_16:00:00   3.1302e-01   7.7726e+01   6.0717e+00   0.0000e+00   0.0000e+00   2.7119e+02
20251211_17:00:00   3.1589e-01   7.8356e+01   6.1270e+00   0.0000e+00   0.0000e+00   2.7256e+02
20251211_18:00:00   3.1089e-01   7.7448e+01   6.0697e+00   0.0000e+00   0.0000e+00   2.7509e+02
20251211_19:00:00   3.0389e-01   7.6093e+01   5.9702e+00   0.0000e+00   0.0000e+00   2.7576e+02
20251211_20:00:00   2.9737e-01   7.4818e+01   5.8587e+00   0.0000e+00   0.0000e+00   2.7469e+02
20251211_21:00:00   3.0109e-01   7.5599e+01   5.9199e+00   0.0000e+00   0.0000e+00   2.7314e+02
20251211_22:00:00   3.0391e-01   7.6156e+01   5.9687e+00   0.0000e+00   0.0000e+00   2.7429e+02
20251211_23:00:00   2.9839e-01   7.5030e+01   5.8609e+00   0.0000e+00   0.0000e+00   2.7554e+02
20251212_00:00:00   2.9102e-01   7.3553e+01   5.6902e+00   0.0000e+00   0.0000e+00   2.7565e+02
20251212_01:00:00   2.9231e-01   7.3853e+01   5.6792e+00   0.0000e+00   0.0000e+00   2.7603e+02
20251212_02:00:00   2.8624e-01   7.2636e+01   5.5390e+00   0.0000e+00   0.0000e+00   2.7589e+02
20251212_03:00:00   2.7703e-01   7.0757e+01   5.3413e+00   0.0000e+00   0.0000e+00   2.7598e+02
20251212_04:00:00   2.6753e-01   6.8796e+01   5.1415e+00   0.0000e+00   0.0000e+00   2.7517e+02
20251212_05:00:00   2.6499e-01   6.8257e+01   5.0835e+00   0.0000e+00   0.0000e+00   2.7665e+02
20251212_06:00:00   2.5753e-01   6.6681e+01   4.9428e+00   0.0000e+00   0.0000e+00   2.7717e+02
20251212_07:00:00   2.5667e-01   6.6422e+01   4.9390e+00   0.0000e+00   0.0000e+00   2.7670e+02
20251212_08:00:00   2.7238e-01   6.9622e+01   5.2589e+00   0.0000e+00   0.0000e+00   2.7685e+02
20251212_09:00:00   2.8654e-01   7.2423e+01   5.5590e+00   0.0000e+00   0.0000e+00   2.7598e+02
20251212_10:00:00   2.9445e-01   7.3926e+01   5.7309e+00   0.0000e+00   0.0000e+00   2.7551e+02
20251212_11:00:00   2.9019e-01   7.3033e+01   5.6436e+00   0.0000e+00   0.0000e+00   2.7537e+02
20251212_12:00:00   2.8221e-01   7.1420e+01   5.4600e+00   0.0000e+00   0.0000e+00   2.7706e+02
20251212_13:00:00   2.6986e-01   6.8906e+01   5.1793e+00   0.0000e+00   0.0000e+00   2.7862e+02
20251212_14:00:00   2.5143e-01   6.5034e+01   4.8046e+00   0.0000e+00   0.0000e+00   2.8266e+02
20251212_15:00:00   2.3544e-01   6.1591e+01   4.5058e+00   0.0000e+00   0.0000e+00   2.8438e+02
20251212_16:00:00   2.2960e-01   6.0334e+01   4.4139e+00   0.0000e+00   0.0000e+00   2.8521e+02
20251212_17:00:00   2.2535e-01   5.9474e+01   4.3324e+00   0.0000e+00   0.0000e+00   2.8528e+02
20251212_18:00:00   2.1318e-01   5.6912e+01   4.1178e+00   0.0000e+00   0.0000e+00   2.8510e+02
20251212_19:00:00   2.0130e-01   5.4328e+01   3.9118e+00   0.0000e+00   0.0000e+00   2.8453e+02
20251212_20:00:00   1.9857e-01   5.3767e+01   3.8714e+00   0.0000e+00   0.0000e+00   2.8140e+02
20251212_21:00:00   1.9947e-01   5.4022e+01   3.8867e+00   0.0000e+00   0.0000e+00   2.8115e+02
20251212_22:00:00   1.9650e-01   5.3387e+01   3.8117e+00   0.0000e+00   0.0000e+00   2.7915e+02
20251212_23:00:00   1.8243e-01   5.0189e+01   3.5232e+00   0.0000e+00   0.0000e+00   2.7807e+02
20251213_00:00:00   1.7700e-01   4.8941e+01   3.3965e+00   0.0000e+00   0.0000e+00   2.7810e+02
20251213_01:00:00   1.7604e-01   4.8723e+01   3.3573e+00   0.0000e+00   0.0000e+00   2.7802e+02
20251213_02:00:00   1.7720e-01   4.8994e+01   3.3608e+00   0.0000e+00   0.0000e+00   2.8034e+02
20251213_03:00:00   1.7283e-01   4.8027e+01   3.2464e+00   0.0000e+00   0.0000e+00   2.8075e+02
20251213_04:00:00   1.6479e-01   4.6173e+01   3.0718e+00   0.0000e+00   0.0000e+00   2.7934e+02
20251213_05:00:00   1.5763e-01   4.4517e+01   2.9256e+00   0.0000e+00   0.0000e+00   2.7954e+02
20251213_06:00:00   1.5658e-01   4.4271e+01   2.9120e+00   0.0000e+00   0.0000e+00   2.7969e+02
20251213_07:00:00   1.6148e-01   4.5396e+01   3.0148e+00   0.0000e+00   0.0000e+00   2.7825e+02
20251213_08:00:00   1.6326e-01   4.5805e+01   3.0490e+00   0.0000e+00   0.0000e+00   2.7687e+02
20251213_09:00:00   1.5942e-01   4.4908e+01   2.9685e+00   0.0000e+00   0.0000e+00   2.7640e+02
20251213_10:00:00   1.5588e-01   4.4072e+01   2.8941e+00   0.0000e+00   0.0000e+00   2.7515e+02
20251213_11:00:00   1.5799e-01   4.4536e+01   2.9357e+00   0.0000e+00   0.0000e+00   2.7511e+02
20251213_12:00:00   1.6232e-01   4.5536e+01   3.0133e+00   0.0000e+00   0.0000e+00   2.7494e+02
20251213_13:00:00   1.6696e-01   4.6606e+01   3.0889e+00   0.0000e+00   0.0000e+00   2.7568e+02
20251213_14:00:00   1.7278e-01   4.7918e+01   3.1944e+00   0.0000e+00   4.2460e-06   2.7642e+02
20251213_15:00:00   1.7515e-01   4.8430e+01   3.2365e+00   0.0000e+00   3.8700e-06   2.7738e+02
20251213_16:00:00   1.7440e-01   4.8268e+01   3.2162e+00   0.0000e+00   0.0000e+00   2.7995e+02
20251213_17:00:00   1.7300e-01   4.7986e+01   3.1873e+00   0.0000e+00   0.0000e+00   2.8256e+02
20251213_18:00:00   1.7115e-01   4.7625e+01   3.1678e+00   0.0000e+00   0.0000e+00   2.8144e+02
20251213_19:00:00   1.6742e-01   4.6818e+01   3.1109e+00   0.0000e+00   0.0000e+00   2.7932e+02
20251213_20:00:00   1.8147e-01   5.0072e+01   3.3877e+00   0.0000e+00   0.0000e+00   2.7798e+02
20251213_21:00:00   1.7950e-01   4.9636e+01   3.3620e+00   0.0000e+00   0.0000e+00   2.7567e+02
20251213_22:00:00   1.7687e-01   4.9028e+01   3.3170e+00   0.0000e+00   0.0000e+00   2.7378e+02
20251213_23:00:00   1.6026e-01   4.5133e+01   3.0127e+00   0.0000e+00   0.0000e+00   2.7204e+02
20251214_00:00:00   1.5474e-01   4.3789e+01   2.9152e+00   0.0000e+00   0.0000e+00   2.7226e+02
20251214_01:00:00   1.5513e-01   4.3831e+01   2.9318e+00   0.0000e+00   3.8700e-06   2.7382e+02
20251214_02:00:00   1.5992e-01   4.4896e+01   3.0314e+00   0.0000e+00   8.5900e-05   2.7572e+02
20251214_03:00:00   1.6323e-01   4.5628e+01   3.1004e+00   0.0000e+00   1.6651e-04   2.7631e+02
20251214_04:00:00   1.6658e-01   4.6395e+01   3.1587e+00   0.0000e+00   1.5482e-05   2.7556e+02
20251214_05:00:00   1.6853e-01   4.6790e+01   3.2147e+00   0.0000e+00   1.6986e-05   2.7320e+02
20251214_06:00:00   1.7259e-01   4.7708e+01   3.2988e+00   0.0000e+00   2.8816e-05   2.7119e+02
20251214_07:00:00   1.7473e-01   4.8146e+01   3.3566e+00   0.0000e+00   9.1080e-06   2.6901e+02
20251214_08:00:00   1.7728e-01   4.8636e+01   3.4284e+00   0.0000e+00   1.0373e-03   2.6522e+02
20251214_09:00:00   1.8020e-01   4.9232e+01   3.4975e+00   0.0000e+00   1.7981e-03   2.6275e+02
20251214_10:00:00   1.7737e-01   4.8549e+01   3.4374e+00   0.0000e+00   2.5304e-03   2.6101e+02
20251214_11:00:00   1.7467e-01   4.7857e+01   3.3873e+00   0.0000e+00   4.5129e-03   2.6075e+02
20251214_12:00:00   1.6741e-01   4.6061e+01   3.2733e+00   0.0000e+00   1.4402e-02   2.5955e+02
20251214_13:00:00   1.7396e-01   4.7386e+01   3.4471e+00   0.0000e+00   9.3551e-03   2.5913e+02
20251214_14:00:00   1.7879e-01   4.8385e+01   3.5754e+00   0.0000e+00   2.0378e-02   2.5918e+02
20251214_15:00:00   1.9643e-01   5.2251e+01   3.9569e+00   0.0000e+00   2.5052e-02   2.5795e+02
20251214_16:00:00   2.1383e-01   5.5769e+01   4.3820e+00   0.0000e+00   6.4694e-02   2.5788e+02
20251214_17:00:00   2.7015e-01   6.7102e+01   5.5938e+00   0.0000e+00   1.8712e-01   2.5954e+02
20251214_18:00:00   2.9855e-01   7.2823e+01   6.2621e+00   0.0000e+00   5.2622e-02   2.6146e+02
20251214_21:00:00   2.4305e-01   6.2121e+01   5.0387e+00   0.0000e+00   9.3738e-03   2.6352e+02
20251215_00:00:00   2.9252e-01   7.1925e+01   6.0764e+00   0.0000e+00   6.4005e-02   2.6273e+02
20251215_03:00:00   2.7189e-01   6.7854e+01   5.5981e+00   0.0000e+00   1.0523e-01   2.6181e+02
20251215_06:00:00   3.2685e-01   7.8765e+01   6.6750e+00   0.0000e+00   1.2494e-01   2.6201e+02
20251215_09:00:00   4.4199e-01   9.9666e+01   8.9720e+00   0.0000e+00   7.4772e-02   2.6264e+02
20251215_12:00:00   4.3073e-01   9.8271e+01   8.4480e+00   0.0000e+00   2.7625e-03   2.6804e+02
20251215_15:00:00   3.5267e-01   8.4508e+01   6.7629e+00   0.0000e+00   0.0000e+00   2.7091e+02
20251215_18:00:00   3.2273e-01   7.9068e+01   6.1847e+00   0.0000e+00   0.0000e+00   2.7339e+02
20251215_21:00:00   3.6665e-01   8.7353e+01   7.0453e+00   0.0000e+00   0.0000e+00   2.7024e+02
20251216_00:00:00   4.5431e-01   1.0216e+02   8.4729e+00   2.7240e-03   8.9020e-03   2.6542e+02
20251216_03:00:00   4.3352e-01   9.8346e+01   8.1440e+00   0.0000e+00   3.3501e-05   2.6287e+02
20251216_06:00:00   4.2403e-01   9.6596e+01   7.9375e+00   0.0000e+00   0.0000e+00   2.6332e+02
20251216_09:00:00   3.1787e-01   7.7175e+01   5.9563e+00   0.0000e+00   0.0000e+00   2.6618e+02
20251216_12:00:00   2.2275e-01   5.7900e+01   4.1148e+00   0.0000e+00   0.0000e+00   2.6352e+02
20251216_15:00:00   2.2254e-01   5.8010e+01   4.0580e+00   0.0000e+00   0.0000e+00   2.5801e+02
20251216_18:00:00   1.9447e-01   5.1987e+01   3.6820e+00   0.0000e+00   0.0000e+00   2.5733e+02
20251216_21:00:00   2.3174e-01   5.9849e+01   4.5757e+00   0.0000e+00   1.5384e-02   2.5883e+02
20251217_00:00:00   2.4257e-01   6.1633e+01   4.9051e+00   0.0000e+00   2.7417e-03   2.6081e+02
20251217_03:00:00   2.0273e-01   5.3313e+01   4.0538e+00   0.0000e+00   1.2485e-04   2.6198e+02
20251217_06:00:00   2.2612e-01   5.8728e+01   4.4649e+00   0.0000e+00   1.5862e-03   2.5580e+02
20251217_09:00:00   2.4663e-01   6.3257e+01   4.7715e+00   0.0000e+00   0.0000e+00   2.5820e+02
20251217_12:00:00   2.3556e-01   6.0667e+01   4.7049e+00   0.0000e+00   0.0000e+00   2.5748e+02
20251217_15:00:00   2.5641e-01   6.4695e+01   5.2722e+00   0.0000e+00   0.0000e+00   2.5780e+02
20251217_18:00:00   3.1160e-01   7.5725e+01   6.4445e+00   0.0000e+00   0.0000e+00   2.6081e+02
20251217_21:00:00   3.3965e-01   8.1019e+01   7.0585e+00   0.0000e+00   0.0000e+00   2.6160e+02
20251218_00:00:00   3.6451e-01   8.5761e+01   7.4349e+00   0.0000e+00   1.6642e-06   2.6339e+02
20251218_03:00:00   3.5078e-01   8.3956e+01   6.9421e+00   0.0000e+00   0.0000e+00   2.6298e+02
20251218_06:00:00   3.0861e-01   7.6282e+01   5.9969e+00   0.0000e+00   0.0000e+00   2.6205e+02
20251218_09:00:00   3.0660e-01   7.6106e+01   5.8583e+00   0.0000e+00   1.6234e-05   2.6055e+02
20251218_12:00:00   2.8185e-01   7.1136e+01   5.3667e+00   0.0000e+00   2.1082e-03   2.5722e+02
20251218_15:00:00   2.4626e-01   6.3690e+01   4.7518e+00   0.0000e+00   1.0802e-04   2.6301e+02
20251218_18:00:00   2.4599e-01   6.3502e+01   4.9934e+00   0.0000e+00   2.9200e-04   2.6248e+02
20251218_21:00:00   2.9309e-01   7.2977e+01   6.0562e+00   0.0000e+00   7.2980e-05   2.6057e+02
20251219_00:00:00   3.3228e-01   8.0509e+01   6.8381e+00   0.0000e+00   6.4240e-06   2.6257e+02
20251219_03:00:00   3.5443e-01   8.4870e+01   7.0905e+00   0.0000e+00   2.9960e-05   2.6788e+02
20251219_06:00:00   3.7878e-01   8.9480e+01   7.4493e+00   0.0000e+00   8.0640e-05   2.7085e+02
20251219_09:00:00   3.6597e-01   8.7018e+01   7.2126e+00   0.0000e+00   1.2594e-03   2.7462e+02
20251219_12:00:00   3.5308e-01   8.4613e+01   6.9814e+00   0.0000e+00   1.9632e-04   2.7866e+02
20251219_15:00:00   3.0006e-01   7.4361e+01   6.0407e+00   0.0000e+00   6.1150e-04   2.7546e+02
20251219_18:00:00   2.9737e-01   7.4191e+01   5.9670e+00   0.0000e+00   0.0000e+00   2.7005e+02
20251219_21:00:00   3.4574e-01   8.3574e+01   7.0125e+00   0.0000e+00   0.0000e+00   2.6814e+02
20251220_00:00:00   3.3992e-01   8.2872e+01   6.8384e+00   0.0000e+00   0.0000e+00   2.6577e+02
20251220_03:00:00   2.6366e-01   6.7602e+01   5.3050e+00   0.0000e+00   0.0000e+00   2.6427e+02
20251220_06:00:00   2.2511e-01   5.9029e+01   4.5640e+00   0.0000e+00   4.2460e-06   2.6286e+02
20251220_09:00:00   2.5272e-01   6.4428e+01   5.3112e+00   0.0000e+00   2.8080e-04   2.6408e+02
20251220_12:00:00   3.2333e-01   7.8568e+01   6.7526e+00   0.0000e+00   2.1920e-05   2.6566e+02
20251220_15:00:00   3.2066e-01   7.8482e+01   6.4880e+00   0.0000e+00   0.0000e+00   2.7446e+02
20251220_18:00:00   2.7558e-01   7.0164e+01   5.4122e+00   0.0000e+00   0.0000e+00   2.7718e+02
20251220_21:00:00   3.2359e-01   7.9846e+01   6.3598e+00   0.0000e+00   5.5600e-04   2.7512e+02
20251221_00:00:00   3.4308e-01   8.3496e+01   6.7952e+00   0.0000e+00   3.6783e-04   2.6946e+02
20251221_03:00:00   3.8025e-01   9.0000e+01   7.5159e+00   0.0000e+00   1.1976e-03   2.6798e+02
20251221_06:00:00   3.4018e-01   8.2366e+01   6.8501e+00   0.0000e+00   0.0000e+00   2.6846e+02
20251221_09:00:00   3.5931e-01   8.5682e+01   7.2088e+00   0.0000e+00   3.9680e-06   2.6617e+02
20251221_12:00:00   3.9985e-01   9.3018e+01   7.9046e+00   0.0000e+00   4.1340e-05   2.6405e+02
20251221_15:00:00   3.9577e-01   9.2600e+01   7.7640e+00   0.0000e+00   1.5864e-04   2.6507e+02
20251221_18:00:00   4.4372e-01   1.0113e+02   8.7500e+00   0.0000e+00   5.1640e-05   2.6469e+02
20251221_21:00:00   5.2106e-01   1.1381e+02   1.0261e+01   0.0000e+00   3.8760e-04   2.5878e+02
20251222_00:00:00   5.4345e-01   1.1754e+02   1.0626e+01   0.0000e+00   3.7380e-05   2.5470e+02
20251222_03:00:00   5.3055e-01   1.1564e+02   1.0143e+01   0.0000e+00   1.7150e-05   2.5437e+02
20251222_06:00:00   4.9330e-01   1.0998e+02   9.4592e+00   0.0000e+00   1.7834e-04   2.5480e+02
20251222_09:00:00   5.0368e-01   1.1195e+02   9.5532e+00   0.0000e+00   2.1760e-06   2.5680e+02
20251222_12:00:00   5.0708e-01   1.1248e+02   9.6342e+00   0.0000e+00   8.4920e-06   2.6139e+02
20251222_15:00:00   5.2866e-01   1.1575e+02   1.0180e+01   0.0000e+00   8.0140e-05   2.6101e+02
20251222_18:00:00   5.3216e-01   1.1677e+02   1.0306e+01   0.0000e+00   0.0000e+00   2.6740e+02
20251222_21:00:00   5.3559e-01   1.1755e+02   1.0487e+01   0.0000e+00   2.2420e-04   2.7238e+02
20251223_00:00:00   4.3459e-01   1.0092e+02   8.4549e+00   0.0000e+00   0.0000e+00   2.6745e+02
20251223_03:00:00   3.8333e-01   9.1785e+01   7.3212e+00   0.0000e+00   0.0000e+00   2.6601e+02
20251223_06:00:00   3.7180e-01   8.9811e+01   6.9907e+00   0.0000e+00   0.0000e+00   2.5831e+02
20251223_09:00:00   3.1428e-01   7.8642e+01   5.7833e+00   0.0000e+00   0.0000e+00   2.5954e+02
20251223_12:00:00   2.1269e-01   5.7030e+01   4.0090e+00   0.0000e+00   0.0000e+00   2.5807e+02
20251223_15:00:00   2.0238e-01   5.4375e+01   4.0498e+00   0.0000e+00   0.0000e+00   2.5878e+02
20251223_18:00:00   2.2423e-01   5.8998e+01   4.5728e+00   0.0000e+00   0.0000e+00   2.6065e+02
20251223_21:00:00   2.4759e-01   6.4223e+01   4.9851e+00   0.0000e+00   7.2225e-03   2.6015e+02
20251224_00:00:00   2.6102e-01   6.7091e+01   5.1190e+00   0.0000e+00   9.5380e-05   2.6241e+02
20251224_03:00:00   2.6354e-01   6.7043e+01   5.2061e+00   0.0000e+00   5.4060e-04   2.6216e+02
20251224_06:00:00   2.8559e-01   7.1159e+01   5.5920e+00   0.0000e+00   1.2570e-03   2.6379e+02
20251224_09:00:00   5.0355e-01   1.0871e+02   9.3797e+00   0.0000e+00   6.6284e-02   2.8284e+02
20251224_12:00:00   3.3437e-01   7.9955e+01   5.9227e+00   0.0000e+00   0.0000e+00   2.9051e+02
20251224_15:00:00   2.9745e-01   7.2787e+01   5.1692e+00   0.0000e+00   0.0000e+00   2.9109e+02
20251224_18:00:00   2.6856e-01   6.7009e+01   4.9917e+00   0.0000e+00   1.5222e-04   2.9369e+02
20251224_21:00:00   2.8796e-01   7.0333e+01   5.8405e+00   0.0000e+00   1.2898e-02   2.8611e+02
20251225_00:00:00   2.9759e-01   7.2248e+01   6.1026e+00   0.0000e+00   1.7892e-04   2.8884e+02
20251225_03:00:00   2.8111e-01   6.9585e+01   5.5611e+00   0.0000e+00   0.0000e+00   2.8300e+02
20251225_06:00:00   2.8599e-01   7.0538e+01   5.6349e+00   0.0000e+00   2.7564e-04   2.7845e+02
20251225_09:00:00   2.9796e-01   7.2756e+01   5.9652e+00   0.0000e+00   9.9200e-07   2.7659e+02
20251225_12:00:00   3.1023e-01   7.4998e+01   6.2927e+00   0.0000e+00   0.0000e+00   2.7456e+02
20251225_15:00:00   2.0532e-01   5.4502e+01   3.7518e+00   0.0000e+00   0.0000e+00   2.6860e+02
20251225_18:00:00   2.3811e-01   6.1607e+01   4.4876e+00   0.0000e+00   0.0000e+00   2.6513e+02
