#            date       tau255        Tb[K]      pwv[mm] lwp[kg*m^-2] iwp[kg*m^-2]       o3[DU]
20251209_06:00:00   1.3766e-01   3.9292e+01   2.4364e+00   0.0000e+00   0.0000e+00   2.8702e+02
20251209_07:00:00   1.3386e-01   3.8347e+01   2.3911e+00   0.0000e+00   0.0000e+00   2.8381e+02
20251209_08:00:00   1.3526e-01   3.8604e+01   2.4427e+00   0.0000e+00   0.0000e+00   2.8438e+02
20251209_09:00:00   1.3936e-01   3.9498e+01   2.5704e+00   0.0000e+00   0.0000e+00   2.8715e+02
20251209_10:00:00   1.5262e-01   4.2562e+01   2.9003e+00   0.0000e+00   0.0000e+00   2.9073e+02
20251209_11:00:00   1.7510e-01   4.7753e+01   3.3989e+00   0.0000e+00   0.0000e+00   2.9385e+02
20251209_12:00:00   1.9759e-01   5.2811e+01   3.8765e+00   0.0000e+00   0.0000e+00   2.9830e+02
20251209_13:00:00   2.1396e-01   5.6368e+01   4.2405e+00   0.0000e+00   0.0000e+00   2.9849e+02
20251209_14:00:00   2.3759e-01   6.1336e+01   4.7899e+00   0.0000e+00   0.0000e+00   2.9748e+02
20251209_15:00:00   2.5287e-01   6.4610e+01   5.1106e+00   0.0000e+00   0.0000e+00   2.9733e+02
20251209_16:00:00   2.5837e-01   6.5878e+01   5.2088e+00   0.0000e+00   0.0000e+00   2.9786e+02
20251209_17:00:00   2.6131e-01   6.6598e+01   5.2781e+00   0.0000e+00   0.0000e+00   2.9553e+02
20251209_18:00:00   2.6104e-01   6.6594e+01   5.3102e+00   0.0000e+00   0.0000e+00   2.9138e+02
20251209_19:00:00   2.7087e-01   6.8639e+01   5.5457e+00   0.0000e+00   0.0000e+00   2.8967e+02
20251209_20:00:00   2.7810e-01   7.0181e+01   5.7019e+00   0.0000e+00   0.0000e+00   2.8807e+02
20251209_21:00:00   2.8391e-01   7.1504e+01   5.8091e+00   0.0000e+00   0.0000e+00   2.8700e+02
20251209_22:00:00   2.8307e-01   7.1435e+01   5.7605e+00   0.0000e+00   0.0000e+00   2.8264e+02
20251209_23:00:00   2.8910e-01   7.2731e+01   5.8464e+00   0.0000e+00   0.0000e+00   2.7850e+02
20251210_00:00:00   2.9531e-01   7.3897e+01   5.9739e+00   0.0000e+00   0.0000e+00   2.7612e+02
20251210_01:00:00   3.0018e-01   7.4819e+01   6.0775e+00   0.0000e+00   0.0000e+00   2.7629e+02
20251210_02:00:00   2.9386e-01   7.3505e+01   5.9652e+00   0.0000e+00   0.0000e+00   2.8165e+02
20251210_03:00:00   2.8476e-01   7.1654e+01   5.7853e+00   0.0000e+00   0.0000e+00   2.8389e+02
20251210_04:00:00   2.6954e-01   6.8569e+01   5.4658e+00   0.0000e+00   0.0000e+00   2.8420e+02
20251210_05:00:00   2.4404e-01   6.3299e+01   4.9364e+00   0.0000e+00   0.0000e+00   2.8582e+02
20251210_06:00:00   2.2304e-01   5.8823e+01   4.4825e+00   0.0000e+00   4.9600e-06   2.8805e+02
20251210_07:00:00   2.2468e-01   5.9342e+01   4.4437e+00   0.0000e+00   1.3416e-04   2.8887e+02
20251210_08:00:00   2.4310e-01   6.3514e+01   4.6713e+00   0.0000e+00   3.6744e-05   2.9144e+02
20251210_09:00:00   2.4002e-01   6.2924e+01   4.5759e+00   0.0000e+00   4.5303e-04   2.9149e+02
20251210_10:00:00   2.3231e-01   6.1330e+01   4.3645e+00   0.0000e+00   3.7685e-04   2.9167e+02
20251210_11:00:00   2.3188e-01   6.1273e+01   4.2739e+00   0.0000e+00   2.0400e-05   2.9177e+02
20251210_12:00:00   2.4174e-01   6.3355e+01   4.4064e+00   0.0000e+00   3.8700e-06   2.8927e+02
20251210_13:00:00   2.5167e-01   6.5471e+01   4.5709e+00   0.0000e+00   0.0000e+00   2.9033e+02
20251210_14:00:00   2.6693e-01   6.8687e+01   4.8681e+00   0.0000e+00   0.0000e+00   2.9042e+02
20251210_15:00:00   2.7014e-01   6.9473e+01   4.9762e+00   0.0000e+00   0.0000e+00   2.9180e+02
20251210_16:00:00   2.7642e-01   7.0794e+01   5.0847e+00   0.0000e+00   0.0000e+00   2.9016e+02
20251210_17:00:00   2.9234e-01   7.3985e+01   5.3717e+00   0.0000e+00   0.0000e+00   2.8674e+02
20251210_18:00:00   3.1114e-01   7.7850e+01   5.7200e+00   0.0000e+00   0.0000e+00   2.8498e+02
20251210_19:00:00   3.3390e-01   8.2281e+01   6.1357e+00   0.0000e+00   0.0000e+00   2.8528e+02
20251210_20:00:00   3.4202e-01   8.3888e+01   6.3072e+00   0.0000e+00   0.0000e+00   2.8757e+02
20251210_21:00:00   3.4557e-01   8.4637e+01   6.3970e+00   0.0000e+00   0.0000e+00   2.8640e+02
20251210_22:00:00   3.4639e-01   8.4833e+01   6.4386e+00   0.0000e+00   0.0000e+00   2.8421e+02
20251210_23:00:00   3.5430e-01   8.6322e+01   6.6219e+00   0.0000e+00   0.0000e+00   2.8239e+02
20251211_00:00:00   3.7189e-01   8.9494e+01   7.0093e+00   0.0000e+00   0.0000e+00   2.8141e+02
20251211_01:00:00   3.8887e-01   9.2474e+01   7.3747e+00   0.0000e+00   0.0000e+00   2.7935e+02
20251211_02:00:00   3.9469e-01   9.3437e+01   7.5146e+00   0.0000e+00   0.0000e+00   2.7621e+02
20251211_03:00:00   3.9308e-01   9.3113e+01   7.5115e+00   0.0000e+00   0.0000e+00   2.7571e+02
20251211_04:00:00   3.8616e-01   9.1892e+01   7.3811e+00   0.0000e+00   0.0000e+00   2.7342e+02
20251211_05:00:00   3.7942e-01   9.0684e+01   7.2640e+00   0.0000e+00   0.0000e+00   2.7365e+02
20251211_06:00:00   3.6713e-01   8.8418e+01   7.0533e+00   0.0000e+00   0.0000e+00   2.7206e+02
20251211_07:00:00   3.5792e-01   8.6651e+01   6.8859e+00   0.0000e+00   0.0000e+00   2.6984e+02
20251211_08:00:00   3.5177e-01   8.5420e+01   6.7671e+00   0.0000e+00   0.0000e+00   2.6789e+02
20251211_09:00:00   3.4154e-01   8.3423e+01   6.5779e+00   0.0000e+00   0.0000e+00   2.6778e+02
20251211_10:00:00   3.2733e-01   8.0686e+01   6.3100e+00   0.0000e+00   0.0000e+00   2.6999e+02
20251211_11:00:00   3.1410e-01   7.8056e+01   6.0475e+00   0.0000e+00   0.0000e+00   2.7114e+02
20251211_12:00:00   2.9988e-01   7.5168e+01   5.7692e+00   0.0000e+00   0.0000e+00   2.7084e+02
20251211_13:00:00   2.8898e-01   7.2938e+01   5.5549e+00   0.0000e+00   0.0000e+00   2.7005e+02
20251211_14:00:00   2.9077e-01   7.3317e+01   5.5916e+00   0.0000e+00   0.0000e+00   2.7087e+02
20251211_15:00:00   3.0238e-01   7.5723e+01   5.7982e+00   0.0000e+00   0.0000e+00   2.7133e+02
20251211_16:00:00   3.0057e-01   7.5395e+01   5.7614e+00   0.0000e+00   0.0000e+00   2.7393e+02
20251211_17:00:00   2.9709e-01   7.4728e+01   5.7122e+00   0.0000e+00   0.0000e+00   2.7679e+02
20251211_18:00:00   2.9722e-01   7.4743e+01   5.7792e+00   0.0000e+00   0.0000e+00   2.7693e+02
20251211_19:00:00   2.9830e-01   7.4912e+01   5.8718e+00   0.0000e+00   0.0000e+00   2.7576e+02
20251211_20:00:00   3.0324e-01   7.5860e+01   5.9925e+00   0.0000e+00   0.0000e+00   2.7474e+02
20251211_21:00:00   3.0036e-01   7.5278e+01   5.9516e+00   0.0000e+00   0.0000e+00   2.7384e+02
20251211_22:00:00   2.9886e-01   7.4895e+01   5.9490e+00   0.0000e+00   0.0000e+00   2.7366e+02
20251211_23:00:00   2.9481e-01   7.4003e+01   5.8902e+00   0.0000e+00   0.0000e+00   2.7359e+02
20251212_00:00:00   3.0308e-01   7.5669e+01   6.0299e+00   0.0000e+00   0.0000e+00   2.7398e+02
20251212_01:00:00   3.0226e-01   7.5601e+01   5.9809e+00   0.0000e+00   0.0000e+00   2.7454e+02
20251212_02:00:00   2.9789e-01   7.4856e+01   5.8430e+00   0.0000e+00   0.0000e+00   2.7628e+02
20251212_03:00:00   2.9615e-01   7.4594e+01   5.7630e+00   0.0000e+00   0.0000e+00   2.7819e+02
20251212_04:00:00   2.9357e-01   7.4081e+01   5.6973e+00   0.0000e+00   0.0000e+00   2.7627e+02
20251212_05:00:00   2.8830e-01   7.3030e+01   5.5880e+00   0.0000e+00   0.0000e+00   2.7457e+02
20251212_06:00:00   2.8417e-01   7.2190e+01   5.4911e+00   0.0000e+00   0.0000e+00   2.7495e+02
20251212_07:00:00   2.6679e-01   6.8635e+01   5.1318e+00   0.0000e+00   0.0000e+00   2.7508e+02
20251212_08:00:00   2.4135e-01   6.3330e+01   4.5963e+00   0.0000e+00   0.0000e+00   2.7619e+02
20251212_09:00:00   2.2611e-01   6.0079e+01   4.2549e+00   0.0000e+00   0.0000e+00   2.7681e+02
20251212_10:00:00   2.2667e-01   6.0178e+01   4.2337e+00   0.0000e+00   0.0000e+00   2.7935e+02
20251212_11:00:00   2.3096e-01   6.1082e+01   4.2987e+00   0.0000e+00   0.0000e+00   2.8173e+02
20251212_12:00:00   2.3739e-01   6.2444e+01   4.4065e+00   0.0000e+00   0.0000e+00   2.8224e+02
20251212_13:00:00   2.4303e-01   6.3603e+01   4.5182e+00   0.0000e+00   0.0000e+00   2.8197e+02
20251212_14:00:00   2.4383e-01   6.3709e+01   4.5767e+00   0.0000e+00   0.0000e+00   2.8376e+02
20251212_15:00:00   2.5057e-01   6.5018e+01   4.7720e+00   0.0000e+00   0.0000e+00   2.8605e+02
20251212_16:00:00   2.4346e-01   6.3409e+01   4.6667e+00   0.0000e+00   0.0000e+00   2.8667e+02
20251212_17:00:00   2.2705e-01   5.9854e+01   4.3478e+00   0.0000e+00   0.0000e+00   2.8840e+02
20251212_18:00:00   2.0689e-01   5.5480e+01   3.9826e+00   0.0000e+00   0.0000e+00   2.8954e+02
20251212_19:00:00   1.9180e-01   5.2139e+01   3.7121e+00   0.0000e+00   0.0000e+00   2.8804e+02
20251212_20:00:00   1.9569e-01   5.3093e+01   3.7836e+00   0.0000e+00   0.0000e+00   2.8384e+02
20251212_21:00:00   1.9939e-01   5.3963e+01   3.8555e+00   0.0000e+00   0.0000e+00   2.8190e+02
20251212_22:00:00   1.9767e-01   5.3572e+01   3.8198e+00   0.0000e+00   0.0000e+00   2.8072e+02
20251212_23:00:00   1.7892e-01   4.9322e+01   3.4507e+00   0.0000e+00   0.0000e+00   2.7905e+02
20251213_00:00:00   1.7131e-01   4.7564e+01   3.2913e+00   0.0000e+00   0.0000e+00   2.7922e+02
20251213_01:00:00   1.6635e-01   4.6399e+01   3.1846e+00   0.0000e+00   0.0000e+00   2.7993e+02
20251213_02:00:00   1.6259e-01   4.5569e+01   3.0940e+00   0.0000e+00   0.0000e+00   2.7945e+02
20251213_03:00:00   1.6597e-01   4.6394e+01   3.1484e+00   0.0000e+00   0.0000e+00   2.7753e+02
20251213_04:00:00   1.7661e-01   4.8860e+01   3.3489e+00   0.0000e+00   0.0000e+00   2.7742e+02
20251213_05:00:00   1.8436e-01   5.0640e+01   3.4944e+00   0.0000e+00   0.0000e+00   2.7836e+02
20251213_06:00:00   1.8417e-01   5.0613e+01   3.4831e+00   0.0000e+00   0.0000e+00   2.7972e+02
20251213_07:00:00   1.8074e-01   4.9832e+01   3.4082e+00   0.0000e+00   0.0000e+00   2.7987e+02
20251213_08:00:00   1.7835e-01   4.9267e+01   3.3538e+00   0.0000e+00   0.0000e+00   2.7990e+02
20251213_09:00:00   1.7457e-01   4.8395e+01   3.2682e+00   0.0000e+00   0.0000e+00   2.7998e+02
20251213_10:00:00   1.7259e-01   4.7934e+01   3.2188e+00   0.0000e+00   0.0000e+00   2.7862e+02
20251213_11:00:00   1.7119e-01   4.7597e+01   3.1815e+00   0.0000e+00   0.0000e+00   2.7488e+02
20251213_12:00:00   1.7810e-01   4.9167e+01   3.3037e+00   0.0000e+00   0.0000e+00   2.7387e+02
20251213_13:00:00   1.8197e-01   5.0047e+01   3.3684e+00   0.0000e+00   0.0000e+00   2.7446e+02
20251213_14:00:00   1.8013e-01   4.9623e+01   3.3255e+00   0.0000e+00   0.0000e+00   2.7612e+02
20251213_15:00:00   1.7819e-01   4.9174e+01   3.2816e+00   0.0000e+00   0.0000e+00   2.7838e+02
20251213_16:00:00   1.7802e-01   4.9131e+01   3.2767e+00   0.0000e+00   0.0000e+00   2.8059e+02
20251213_17:00:00   1.7643e-01   4.8780e+01   3.2538e+00   0.0000e+00   0.0000e+00   2.8050e+02
20251213_18:00:00   1.7071e-01   4.7520e+01   3.1693e+00   0.0000e+00   0.0000e+00   2.8013e+02
20251213_19:00:00   1.6801e-01   4.6903e+01   3.1482e+00   0.0000e+00   0.0000e+00   2.7831e+02
20251213_20:00:00   1.7477e-01   4.8471e+01   3.2958e+00   0.0000e+00   0.0000e+00   2.7641e+02
20251213_21:00:00   1.7556e-01   4.8655e+01   3.3256e+00   0.0000e+00   0.0000e+00   2.7578e+02
20251213_22:00:00   1.7455e-01   4.8405e+01   3.3068e+00   0.0000e+00   0.0000e+00   2.7405e+02
20251213_23:00:00   1.6162e-01   4.5402e+01   3.0559e+00   0.0000e+00   0.0000e+00   2.7345e+02
20251214_00:00:00   1.6097e-01   4.5169e+01   3.0473e+00   0.0000e+00   0.0000e+00   2.7311e+02
20251214_01:00:00   1.6150e-01   4.5221e+01   3.0629e+00   0.0000e+00   0.0000e+00   2.7230e+02
20251214_02:00:00   1.5821e-01   4.4417e+01   3.0000e+00   0.0000e+00   3.6960e-05   2.7199e+02
20251214_03:00:00   1.5601e-01   4.3915e+01   2.9415e+00   0.0000e+00   0.0000e+00   2.7035e+02
20251214_04:00:00   1.5609e-01   4.3925e+01   2.9409e+00   0.0000e+00   5.2160e-05   2.6951e+02
20251214_05:00:00   1.5157e-01   4.2850e+01   2.8623e+00   0.0000e+00   0.0000e+00   2.6882e+02
20251214_06:00:00   1.5221e-01   4.2955e+01   2.8927e+00   0.0000e+00   1.0034e-03   2.6580e+02
20251214_09:00:00   1.6758e-01   4.6332e+01   3.2331e+00   0.0000e+00   4.1019e-03   2.6370e+02
20251214_12:00:00   1.7374e-01   4.7395e+01   3.4299e+00   0.0000e+00   8.2609e-03   2.6133e+02
20251214_15:00:00   2.0834e-01   5.4760e+01   4.2006e+00   0.0000e+00   2.8654e-02   2.5685e+02
20251214_18:00:00   2.3498e-01   6.0434e+01   4.7583e+00   0.0000e+00   4.8827e-02   2.5603e+02
20251214_21:00:00   2.3384e-01   6.0336e+01   4.7108e+00   0.0000e+00   8.6387e-02   2.5776e+02
20251215_00:00:00   2.6446e-01   6.6459e+01   5.4191e+00   0.0000e+00   6.9087e-02   2.6013e+02
20251215_03:00:00   2.9046e-01   7.1911e+01   5.8826e+00   0.0000e+00   1.8770e-04   2.6458e+02
20251215_06:00:00   2.6971e-01   6.7733e+01   5.4478e+00   0.0000e+00   1.3118e-04   2.6748e+02
20251215_09:00:00   2.4795e-01   6.3464e+01   4.9137e+00   0.0000e+00   2.2080e-04   2.6511e+02
20251215_12:00:00   2.3690e-01   6.1288e+01   4.6097e+00   0.0000e+00   0.0000e+00   2.6833e+02
20251215_15:00:00   2.4934e-01   6.3781e+01   4.8854e+00   0.0000e+00   0.0000e+00   2.7010e+02
20251215_18:00:00   2.6397e-01   6.6856e+01   5.1998e+00   0.0000e+00   0.0000e+00   2.7552e+02
20251215_21:00:00   2.9793e-01   7.3878e+01   5.7935e+00   0.0000e+00   0.0000e+00   2.7133e+02
20251216_00:00:00   2.5058e-01   6.4029e+01   4.9055e+00   0.0000e+00   0.0000e+00   2.7279e+02
20251216_03:00:00   2.5387e-01   6.4627e+01   4.9198e+00   0.0000e+00   0.0000e+00   2.6961e+02
20251216_06:00:00   2.2518e-01   5.8616e+01   4.3206e+00   0.0000e+00   0.0000e+00   2.6383e+02
20251216_09:00:00   1.9150e-01   5.1206e+01   3.6756e+00   0.0000e+00   0.0000e+00   2.6349e+02
20251216_12:00:00   1.9771e-01   5.2556e+01   3.8223e+00   0.0000e+00   0.0000e+00   2.5969e+02
20251216_15:00:00   1.9429e-01   5.1777e+01   3.7642e+00   0.0000e+00   0.0000e+00   2.6078e+02
20251216_18:00:00   2.1863e-01   5.6483e+01   4.4858e+00   0.0000e+00   2.5514e-02   2.5946e+02
20251216_21:00:00   2.8210e-01   6.9196e+01   5.7769e+00   0.0000e+00   3.7663e-02   2.6291e+02
20251217_00:00:00   2.4548e-01   6.2152e+01   4.8436e+00   0.0000e+00   2.6237e-05   2.7123e+02
20251217_03:00:00   3.3663e-01   7.9962e+01   6.4529e+00   0.0000e+00   1.1906e-03   2.7310e+02
20251217_06:00:00   3.0321e-01   7.3271e+01   5.8469e+00   0.0000e+00   1.2066e-04   2.7173e+02
20251217_09:00:00   2.8629e-01   7.0687e+01   5.2716e+00   0.0000e+00   0.0000e+00   2.8590e+02
20251217_12:00:00   2.3497e-01   6.0242e+01   4.1539e+00   0.0000e+00   0.0000e+00   2.9340e+02
20251217_15:00:00   1.6859e-01   4.5976e+01   2.8795e+00   0.0000e+00   0.0000e+00   3.0882e+02
20251217_18:00:00   1.6545e-01   4.5259e+01   3.0237e+00   0.0000e+00   3.8396e-04   3.0186e+02
20251217_21:00:00   2.1175e-01   5.5683e+01   3.9338e+00   0.0000e+00   0.0000e+00   2.9574e+02
20251218_00:00:00   2.1623e-01   5.6681e+01   4.0846e+00   0.0000e+00   8.1220e-05   2.8315e+02
20251218_03:00:00   2.1789e-01   5.6844e+01   4.2061e+00   0.0000e+00   2.5360e-05   2.9712e+02
20251218_06:00:00   2.3374e-01   5.9926e+01   4.7011e+00   0.0000e+00   6.6282e-03   3.0571e+02
20251218_09:00:00   2.0998e-01   5.4979e+01   4.1694e+00   0.0000e+00   4.9980e-04   2.9369e+02
20251218_12:00:00   1.8830e-01   5.0332e+01   3.6934e+00   0.0000e+00   4.1580e-05   2.8789e+02
20251218_15:00:00   1.9219e-01   5.1250e+01   3.8621e+00   0.0000e+00   7.9678e-05   2.8881e+02
20251218_18:00:00   2.6581e-01   6.7106e+01   5.4005e+00   0.0000e+00   2.3199e-04   2.9358e+02
20251218_21:00:00   3.1244e-01   7.6900e+01   6.2742e+00   0.0000e+00   3.2581e-03   2.8915e+02
20251219_00:00:00   3.2617e-01   7.9691e+01   6.5974e+00   0.0000e+00   1.3372e-02   2.8506e+02
20251219_03:00:00   3.3555e-01   8.1584e+01   6.7730e+00   0.0000e+00   1.0854e-03   2.8668e+02
20251219_06:00:00   3.6065e-01   8.6435e+01   7.2665e+00   0.0000e+00   2.4780e-05   2.8770e+02
20251219_09:00:00   3.5724e-01   8.5767e+01   7.1667e+00   0.0000e+00   0.0000e+00   2.8640e+02
20251219_12:00:00   3.3440e-01   8.1469e+01   6.7171e+00   0.0000e+00   0.0000e+00   2.8352e+02
20251219_15:00:00   3.1956e-01   7.8593e+01   6.5032e+00   0.0000e+00   0.0000e+00   2.7922e+02
20251219_18:00:00   3.1434e-01   7.7755e+01   6.4058e+00   0.0000e+00   0.0000e+00   2.8082e+02
20251219_21:00:00   3.0060e-01   7.5404e+01   6.0682e+00   0.0000e+00   0.0000e+00   2.8081e+02
20251220_00:00:00   2.9449e-01   7.4313e+01   5.8843e+00   0.0000e+00   0.0000e+00   2.7504e+02
20251220_03:00:00   2.7436e-01   7.0218e+01   5.4418e+00   0.0000e+00   0.0000e+00   2.7642e+02
20251220_06:00:00   2.6126e-01   6.7388e+01   5.1796e+00   0.0000e+00   0.0000e+00   2.7267e+02
20251220_09:00:00   2.6370e-01   6.7784e+01   5.2618e+00   0.0000e+00   0.0000e+00   2.7451e+02
20251220_12:00:00   2.6705e-01   6.8334e+01   5.3334e+00   0.0000e+00   0.0000e+00   2.7742e+02
20251220_15:00:00   2.6695e-01   6.8075e+01   5.4125e+00   0.0000e+00   0.0000e+00   2.7450e+02
20251220_18:00:00   2.7153e-01   6.8869e+01   5.5704e+00   0.0000e+00   0.0000e+00   2.6944e+02
20251220_21:00:00   2.8905e-01   7.2386e+01   5.9677e+00   0.0000e+00   2.3580e-03   2.6433e+02
20251221_00:00:00   2.7835e-01   7.0042e+01   5.7449e+00   0.0000e+00   4.7922e-03   2.6056e+02
20251221_03:00:00   2.4238e-01   6.2807e+01   4.8497e+00   0.0000e+00   1.2740e-05   2.6146e+02
20251221_06:00:00   2.3049e-01   6.0617e+01   4.4971e+00   0.0000e+00   0.0000e+00   2.6703e+02
20251221_09:00:00   1.9700e-01   5.3269e+01   3.8201e+00   0.0000e+00   0.0000e+00   2.7041e+02
20251221_12:00:00   1.5753e-01   4.4104e+01   3.0189e+00   0.0000e+00   8.1100e-05   2.7605e+02
20251221_15:00:00   1.3584e-01   3.8808e+01   2.6447e+00   0.0000e+00   0.0000e+00   2.7358e+02
20251221_18:00:00   1.5464e-01   4.3369e+01   3.0993e+00   0.0000e+00   8.4920e-06   2.7256e+02
20251221_21:00:00   1.7399e-01   4.7830e+01   3.5840e+00   0.0000e+00   6.4645e-04   2.7805e+02
20251222_00:00:00   2.0624e-01   5.5032e+01   4.2821e+00   0.0000e+00   5.8980e-05   2.8811e+02
20251222_03:00:00   2.3356e-01   6.0761e+01   4.9145e+00   0.0000e+00   0.0000e+00   2.9028e+02
20251222_06:00:00   2.8291e-01   7.1112e+01   5.9699e+00   0.0000e+00   0.0000e+00   2.9374e+02
20251222_09:00:00   2.9184e-01   7.3097e+01   6.0891e+00   0.0000e+00   0.0000e+00   2.8418e+02
20251222_12:00:00   2.9270e-01   7.3558e+01   5.9861e+00   0.0000e+00   0.0000e+00   2.7555e+02
20251222_15:00:00   3.1323e-01   7.7759e+01   6.3139e+00   0.0000e+00   0.0000e+00   2.7322e+02
20251222_18:00:00   3.2052e-01   7.9383e+01   6.4252e+00   0.0000e+00   0.0000e+00   2.6780e+02
20251222_21:00:00   3.1397e-01   7.8494e+01   6.2635e+00   0.0000e+00   0.0000e+00   2.6011e+02
20251223_00:00:00   2.7241e-01   6.9915e+01   5.4362e+00   0.0000e+00   0.0000e+00   2.5426e+02
20251223_03:00:00   2.3080e-01   6.1136e+01   4.5288e+00   0.0000e+00   0.0000e+00   2.5782e+02
20251223_06:00:00   1.9787e-01   5.3769e+01   3.8834e+00   0.0000e+00   1.0754e-03   2.6171e+02
20251223_09:00:00   2.1415e-01   5.6997e+01   4.3612e+00   0.0000e+00   1.3114e-03   2.6433e+02
20251223_12:00:00   2.9786e-01   7.3585e+01   6.3255e+00   0.0000e+00   2.1160e-04   2.7502e+02
20251223_15:00:00   3.3701e-01   8.1400e+01   7.1153e+00   0.0000e+00   1.1894e-04   2.7291e+02
20251223_18:00:00   4.2033e-01   9.6902e+01   8.7346e+00   0.0000e+00   4.9397e-03   2.6795e+02
20251223_21:00:00   4.7597e-01   1.0660e+02   9.8583e+00   0.0000e+00   2.5433e-03   2.6494e+02
20251224_00:00:00   4.3108e-01   9.9258e+01   8.9693e+00   0.0000e+00   4.2645e-04   2.6091e+02
20251224_03:00:00   4.1739e-01   9.6896e+01   8.7576e+00   0.0000e+00   4.9244e-04   2.6117e+02
20251224_06:00:00   4.3801e-01   1.0028e+02   9.2058e+00   0.0000e+00   0.0000e+00   2.6321e+02
20251224_09:00:00   4.3689e-01   1.0031e+02   9.1532e+00   0.0000e+00   6.0184e-05   2.6538e+02
20251224_12:00:00   4.1511e-01   9.6503e+01   8.8468e+00   0.0000e+00   0.0000e+00   2.6653e+02
20251224_15:00:00   3.6911e-01   8.8367e+01   7.8088e+00   0.0000e+00   0.0000e+00   2.6293e+02
20251224_18:00:00   3.7249e-01   8.9325e+01   7.8166e+00   0.0000e+00   0.0000e+00   2.6318e+02
20251224_21:00:00   3.7949e-01   9.0612e+01   8.0233e+00   0.0000e+00   0.0000e+00   2.6271e+02
20251225_00:00:00   2.8246e-01   7.1622e+01   5.8743e+00   0.0000e+00   0.0000e+00   2.6842e+02
20251225_03:00:00   2.2003e-01   5.8105e+01   4.5436e+00   0.0000e+00   0.0000e+00   2.6832e+02
20251225_06:00:00   1.7184e-01   4.7618e+01   3.4400e+00   0.0000e+00   0.0000e+00   2.6928e+02
