#            date       tau255        Tb[K]      pwv[mm] lwp[kg*m^-2] iwp[kg*m^-2]       o3[DU]
20251210_06:00:00   2.3245e-01   6.0725e+01   4.7662e+00   0.0000e+00   2.1760e-06   2.8842e+02
20251210_07:00:00   2.5347e-01   6.5376e+01   5.1396e+00   0.0000e+00   3.0069e-04   2.8991e+02
20251210_08:00:00   2.6429e-01   6.7813e+01   5.2455e+00   0.0000e+00   2.1696e-04   2.9086e+02
20251210_09:00:00   2.6151e-01   6.7343e+01   5.1293e+00   0.0000e+00   2.6806e-04   2.9493e+02
20251210_10:00:00   2.5442e-01   6.6041e+01   4.8795e+00   0.0000e+00   1.2568e-05   2.9628e+02
20251210_11:00:00   2.5730e-01   6.6676e+01   4.8393e+00   0.0000e+00   4.1600e-06   2.9717e+02
20251210_12:00:00   2.7009e-01   6.9271e+01   5.0828e+00   0.0000e+00   0.0000e+00   2.9887e+02
20251210_13:00:00   2.7949e-01   7.1254e+01   5.2917e+00   0.0000e+00   0.0000e+00   2.9761e+02
20251210_14:00:00   2.9012e-01   7.3478e+01   5.5298e+00   0.0000e+00   0.0000e+00   2.9480e+02
20251210_15:00:00   3.0708e-01   7.6831e+01   5.8556e+00   0.0000e+00   0.0000e+00   2.9323e+02
20251210_16:00:00   3.2639e-01   8.0568e+01   6.2121e+00   0.0000e+00   0.0000e+00   2.9447e+02
20251210_17:00:00   3.3761e-01   8.2724e+01   6.4183e+00   0.0000e+00   0.0000e+00   2.9165e+02
20251210_18:00:00   3.4225e-01   8.3750e+01   6.4716e+00   0.0000e+00   0.0000e+00   2.8716e+02
20251210_19:00:00   3.5946e-01   8.7002e+01   6.7647e+00   0.0000e+00   0.0000e+00   2.8856e+02
20251210_20:00:00   3.6525e-01   8.8234e+01   6.8705e+00   0.0000e+00   0.0000e+00   2.9011e+02
20251210_21:00:00   3.6242e-01   8.7833e+01   6.8304e+00   0.0000e+00   0.0000e+00   2.8850e+02
20251210_22:00:00   3.5685e-01   8.6871e+01   6.7403e+00   0.0000e+00   0.0000e+00   2.8913e+02
20251210_23:00:00   3.5437e-01   8.6404e+01   6.7023e+00   0.0000e+00   0.0000e+00   2.8722e+02
20251211_00:00:00   3.5516e-01   8.6478e+01   6.7431e+00   0.0000e+00   0.0000e+00   2.8353e+02
20251211_01:00:00   3.5689e-01   8.6701e+01   6.7970e+00   0.0000e+00   0.0000e+00   2.8209e+02
20251211_02:00:00   3.6232e-01   8.7605e+01   6.8917e+00   0.0000e+00   0.0000e+00   2.8074e+02
20251211_03:00:00   3.6367e-01   8.7750e+01   6.9613e+00   0.0000e+00   0.0000e+00   2.8000e+02
20251211_04:00:00   3.6322e-01   8.7619e+01   6.9720e+00   0.0000e+00   0.0000e+00   2.8033e+02
20251211_05:00:00   3.4955e-01   8.5048e+01   6.7418e+00   0.0000e+00   0.0000e+00   2.7904e+02
20251211_06:00:00   3.3386e-01   8.2015e+01   6.4384e+00   0.0000e+00   0.0000e+00   2.7797e+02
20251211_07:00:00   3.2201e-01   7.9666e+01   6.2173e+00   0.0000e+00   0.0000e+00   2.7693e+02
20251211_08:00:00   3.0930e-01   7.7168e+01   5.9898e+00   0.0000e+00   0.0000e+00   2.7639e+02
20251211_09:00:00   3.0320e-01   7.5969e+01   5.8676e+00   0.0000e+00   0.0000e+00   2.7466e+02
20251211_10:00:00   2.9896e-01   7.5096e+01   5.7751e+00   0.0000e+00   0.0000e+00   2.7497e+02
20251211_11:00:00   2.8681e-01   7.2592e+01   5.5465e+00   0.0000e+00   0.0000e+00   2.7665e+02
20251211_12:00:00   2.8014e-01   7.1150e+01   5.4219e+00   0.0000e+00   0.0000e+00   2.7590e+02
20251211_13:00:00   2.8906e-01   7.2934e+01   5.5999e+00   0.0000e+00   0.0000e+00   2.7654e+02
20251211_14:00:00   2.9569e-01   7.4258e+01   5.7527e+00   0.0000e+00   0.0000e+00   2.7771e+02
20251211_15:00:00   2.9520e-01   7.4145e+01   5.7637e+00   0.0000e+00   0.0000e+00   2.7929e+02
20251211_16:00:00   2.9816e-01   7.4725e+01   5.8241e+00   0.0000e+00   0.0000e+00   2.7729e+02
20251211_17:00:00   3.0134e-01   7.5350e+01   5.8959e+00   0.0000e+00   0.0000e+00   2.7595e+02
20251211_18:00:00   2.9290e-01   7.3723e+01   5.7836e+00   0.0000e+00   0.0000e+00   2.7608e+02
20251211_19:00:00   2.8254e-01   7.1645e+01   5.6189e+00   0.0000e+00   0.0000e+00   2.7844e+02
20251211_20:00:00   2.8209e-01   7.1540e+01   5.6403e+00   0.0000e+00   0.0000e+00   2.7924e+02
20251211_21:00:00   2.7871e-01   7.0825e+01   5.6015e+00   0.0000e+00   0.0000e+00   2.7833e+02
20251211_22:00:00   2.7657e-01   7.0363e+01   5.5748e+00   0.0000e+00   0.0000e+00   2.7778e+02
20251211_23:00:00   2.7640e-01   7.0330e+01   5.5559e+00   0.0000e+00   0.0000e+00   2.7768e+02
20251212_00:00:00   2.7738e-01   7.0557e+01   5.5288e+00   0.0000e+00   0.0000e+00   2.7724e+02
20251212_01:00:00   2.7707e-01   7.0544e+01   5.4700e+00   0.0000e+00   0.0000e+00   2.7838e+02
20251212_02:00:00   2.7807e-01   7.0819e+01   5.4342e+00   0.0000e+00   0.0000e+00   2.7692e+02
20251212_03:00:00   2.7437e-01   7.0095e+01   5.3252e+00   0.0000e+00   0.0000e+00   2.7539e+02
20251212_04:00:00   2.6025e-01   6.7175e+01   5.0355e+00   0.0000e+00   0.0000e+00   2.7515e+02
20251212_05:00:00   2.5280e-01   6.5591e+01   4.8762e+00   0.0000e+00   0.0000e+00   2.7662e+02
20251212_06:00:00   2.4649e-01   6.4270e+01   4.7499e+00   0.0000e+00   0.0000e+00   2.7886e+02
20251212_07:00:00   2.3678e-01   6.2241e+01   4.5355e+00   0.0000e+00   0.0000e+00   2.7926e+02
20251212_08:00:00   2.3480e-01   6.1823e+01   4.4630e+00   0.0000e+00   0.0000e+00   2.8060e+02
20251212_09:00:00   2.4051e-01   6.3065e+01   4.5509e+00   0.0000e+00   0.0000e+00   2.7979e+02
20251212_10:00:00   2.5327e-01   6.5685e+01   4.8091e+00   0.0000e+00   0.0000e+00   2.7729e+02
20251212_11:00:00   2.5373e-01   6.5660e+01   4.8422e+00   0.0000e+00   0.0000e+00   2.7627e+02
20251212_12:00:00   2.4105e-01   6.2817e+01   4.6359e+00   0.0000e+00   0.0000e+00   2.7701e+02
20251212_13:00:00   2.3457e-01   6.1276e+01   4.5260e+00   0.0000e+00   0.0000e+00   2.7985e+02
20251212_14:00:00   2.3225e-01   6.0732e+01   4.4781e+00   0.0000e+00   0.0000e+00   2.8156e+02
20251212_15:00:00   2.2196e-01   5.8551e+01   4.2723e+00   0.0000e+00   0.0000e+00   2.8286e+02
20251212_16:00:00   2.1244e-01   5.6484e+01   4.0944e+00   0.0000e+00   0.0000e+00   2.8502e+02
20251212_17:00:00   2.1094e-01   5.6189e+01   4.0706e+00   0.0000e+00   0.0000e+00   2.8650e+02
20251212_18:00:00   2.0485e-01   5.4905e+01   3.9909e+00   0.0000e+00   0.0000e+00   2.8627e+02
20251212_19:00:00   2.0039e-01   5.3931e+01   3.9401e+00   0.0000e+00   0.0000e+00   2.8564e+02
20251212_20:00:00   2.1441e-01   5.7095e+01   4.2069e+00   0.0000e+00   0.0000e+00   2.8467e+02
20251212_21:00:00   2.2024e-01   5.8479e+01   4.2996e+00   0.0000e+00   0.0000e+00   2.8132e+02
20251212_22:00:00   2.1855e-01   5.8191e+01   4.2433e+00   0.0000e+00   0.0000e+00   2.7854e+02
20251212_23:00:00   2.1289e-01   5.6960e+01   4.1194e+00   0.0000e+00   0.0000e+00   2.7716e+02
20251213_00:00:00   2.0047e-01   5.4202e+01   3.8684e+00   0.0000e+00   0.0000e+00   2.7752e+02
20251213_01:00:00   1.9846e-01   5.3752e+01   3.8148e+00   0.0000e+00   0.0000e+00   2.7870e+02
20251213_02:00:00   1.9682e-01   5.3364e+01   3.7706e+00   0.0000e+00   0.0000e+00   2.7883e+02
20251213_03:00:00   1.9032e-01   5.1902e+01   3.6381e+00   0.0000e+00   0.0000e+00   2.7742e+02
20251213_04:00:00   1.8151e-01   4.9897e+01   3.4658e+00   0.0000e+00   0.0000e+00   2.7600e+02
20251213_05:00:00   1.7665e-01   4.8768e+01   3.3717e+00   0.0000e+00   0.0000e+00   2.7651e+02
20251213_06:00:00   1.7196e-01   4.7669e+01   3.2783e+00   0.0000e+00   0.0000e+00   2.7863e+02
20251213_07:00:00   1.6594e-01   4.6263e+01   3.1621e+00   0.0000e+00   0.0000e+00   2.7987e+02
20251213_08:00:00   1.5692e-01   4.4166e+01   2.9848e+00   0.0000e+00   0.0000e+00   2.8026e+02
20251213_09:00:00   1.4706e-01   4.1882e+01   2.7790e+00   0.0000e+00   0.0000e+00   2.8262e+02
20251213_10:00:00   1.4059e-01   4.0334e+01   2.6451e+00   0.0000e+00   0.0000e+00   2.8326e+02
20251213_11:00:00   1.3729e-01   3.9524e+01   2.5810e+00   0.0000e+00   0.0000e+00   2.8175e+02
20251213_12:00:00   1.3810e-01   3.9685e+01   2.6037e+00   0.0000e+00   0.0000e+00   2.8254e+02
20251213_13:00:00   1.4040e-01   4.0176e+01   2.6595e+00   0.0000e+00   0.0000e+00   2.8366e+02
20251213_14:00:00   1.4066e-01   4.0225e+01   2.6667e+00   0.0000e+00   0.0000e+00   2.8503e+02
20251213_15:00:00   1.4053e-01   4.0166e+01   2.6719e+00   0.0000e+00   0.0000e+00   2.8428e+02
20251213_16:00:00   1.3869e-01   3.9733e+01   2.6376e+00   0.0000e+00   0.0000e+00   2.8461e+02
20251213_17:00:00   1.3881e-01   3.9786e+01   2.6387e+00   0.0000e+00   0.0000e+00   2.8500e+02
20251213_18:00:00   1.4432e-01   4.1148e+01   2.7557e+00   0.0000e+00   0.0000e+00   2.8163e+02
20251213_19:00:00   1.6196e-01   4.5355e+01   3.1015e+00   0.0000e+00   0.0000e+00   2.7834e+02
20251213_20:00:00   1.7329e-01   4.8021e+01   3.3233e+00   0.0000e+00   0.0000e+00   2.7587e+02
20251213_21:00:00   1.7233e-01   4.7839e+01   3.3091e+00   0.0000e+00   0.0000e+00   2.7398e+02
20251213_22:00:00   1.6824e-01   4.6904e+01   3.2254e+00   0.0000e+00   0.0000e+00   2.7349e+02
20251213_23:00:00   1.5542e-01   4.3942e+01   2.9654e+00   0.0000e+00   0.0000e+00   2.7451e+02
20251214_00:00:00   1.5697e-01   4.4270e+01   2.9866e+00   0.0000e+00   0.0000e+00   2.7714e+02
20251214_01:00:00   1.5892e-01   4.4695e+01   3.0189e+00   0.0000e+00   0.0000e+00   2.7926e+02
20251214_02:00:00   1.5666e-01   4.4134e+01   2.9741e+00   0.0000e+00   0.0000e+00   2.8039e+02
20251214_03:00:00   1.5170e-01   4.2942e+01   2.8819e+00   0.0000e+00   0.0000e+00   2.7997e+02
20251214_04:00:00   1.4529e-01   4.1437e+01   2.7538e+00   0.0000e+00   0.0000e+00   2.7831e+02
20251214_05:00:00   1.4083e-01   4.0356e+01   2.6714e+00   0.0000e+00   0.0000e+00   2.7800e+02
20251214_06:00:00   1.3807e-01   3.9664e+01   2.6272e+00   0.0000e+00   0.0000e+00   2.7637e+02
20251214_07:00:00   1.4183e-01   4.0473e+01   2.7202e+00   0.0000e+00   0.0000e+00   2.7459e+02
20251214_08:00:00   1.4880e-01   4.1990e+01   2.8906e+00   0.0000e+00   0.0000e+00   2.7305e+02
20251214_09:00:00   1.5777e-01   4.3935e+01   3.1009e+00   0.0000e+00   2.7940e-04   2.7333e+02
20251214_10:00:00   1.5539e-01   4.3337e+01   3.0715e+00   0.0000e+00   6.7683e-04   2.7269e+02
20251214_11:00:00   1.6044e-01   4.4436e+01   3.1880e+00   0.0000e+00   1.1849e-03   2.7161e+02
20251214_12:00:00   1.6203e-01   4.4696e+01   3.2496e+00   0.0000e+00   2.7918e-03   2.7033e+02
20251214_13:00:00   1.6230e-01   4.4714e+01   3.2542e+00   0.0000e+00   5.3885e-04   2.6977e+02
20251214_14:00:00   1.6488e-01   4.5173e+01   3.3231e+00   0.0000e+00   2.5119e-03   2.6978e+02
20251214_15:00:00   1.6935e-01   4.6076e+01   3.4490e+00   0.0000e+00   1.1138e-02   2.6990e+02
20251214_16:00:00   1.7526e-01   4.7330e+01   3.5963e+00   0.0000e+00   2.2971e-02   2.6771e+02
20251214_17:00:00   1.8569e-01   4.9631e+01   3.8311e+00   0.0000e+00   1.2809e-02   2.6661e+02
20251214_18:00:00   1.9628e-01   5.1926e+01   4.0607e+00   0.0000e+00   2.2198e-02   2.6685e+02
20251214_19:00:00   2.0102e-01   5.2949e+01   4.1854e+00   0.0000e+00   2.9472e-02   2.6637e+02
20251214_20:00:00   1.9954e-01   5.2801e+01   4.1575e+00   0.0000e+00   1.3085e-03   2.6555e+02
20251214_21:00:00   2.0498e-01   5.4173e+01   4.2304e+00   0.0000e+00   3.2649e-03   2.6674e+02
20251214_22:00:00   2.1690e-01   5.6762e+01   4.4727e+00   0.0000e+00   9.9437e-03   2.6826e+02
20251214_23:00:00   2.3967e-01   6.1430e+01   4.9842e+00   0.0000e+00   2.3927e-02   2.6801e+02
20251215_00:00:00   2.6034e-01   6.5502e+01   5.4439e+00   0.0000e+00   6.6218e-02   2.6679e+02
20251215_01:00:00   2.7569e-01   6.8470e+01   5.7203e+00   0.0000e+00   1.9528e-01   2.6553e+02
20251215_02:00:00   2.6095e-01   6.5566e+01   5.4510e+00   0.0000e+00   9.2328e-02   2.6286e+02
20251215_03:00:00   2.9726e-01   7.2635e+01   6.2203e+00   0.0000e+00   1.5825e-01   2.6151e+02
20251215_04:00:00   2.6349e-01   6.5949e+01   5.5796e+00   0.0000e+00   3.6044e-02   2.6004e+02
20251215_05:00:00   2.5429e-01   6.4025e+01   5.2919e+00   0.0000e+00   1.5866e-01   2.6104e+02
20251215_06:00:00   2.6285e-01   6.5637e+01   5.5376e+00   0.0000e+00   1.0633e-01   2.6350e+02
20251215_09:00:00   2.6534e-01   6.6092e+01   5.6288e+00   0.0000e+00   1.8595e-02   2.6438e+02
20251215_12:00:00   2.7498e-01   6.8101e+01   5.7807e+00   0.0000e+00   1.9869e-02   2.6531e+02
20251215_15:00:00   2.8235e-01   6.9489e+01   5.9264e+00   0.0000e+00   2.7587e-02   2.6813e+02
20251215_18:00:00   3.4581e-01   8.1785e+01   7.2104e+00   0.0000e+00   4.0379e-02   2.7051e+02
20251215_21:00:00   3.5391e-01   8.3617e+01   7.3035e+00   0.0000e+00   4.7460e-03   2.6837e+02
20251216_00:00:00   4.0829e-01   9.3197e+01   8.2819e+00   0.0000e+00   1.3143e-01   2.6910e+02
20251216_03:00:00   3.2500e-01   7.8396e+01   6.5696e+00   0.0000e+00   6.9001e-04   2.6796e+02
20251216_06:00:00   3.1447e-01   7.6350e+01   6.2679e+00   0.0000e+00   2.1381e-04   2.6900e+02
20251216_09:00:00   2.8708e-01   7.0976e+01   5.6275e+00   0.0000e+00   0.0000e+00   2.6707e+02
20251216_12:00:00   2.1064e-01   5.5278e+01   3.9856e+00   0.0000e+00   6.4240e-06   2.6576e+02
20251216_15:00:00   1.5981e-01   4.4205e+01   2.9310e+00   0.0000e+00   0.0000e+00   2.6091e+02
20251216_18:00:00   1.6034e-01   4.4234e+01   3.0821e+00   0.0000e+00   6.0959e-04   2.6090e+02
20251216_21:00:00   2.2194e-01   5.6977e+01   4.5456e+00   0.0000e+00   4.4381e-02   2.6073e+02
20251217_00:00:00   2.1747e-01   5.6392e+01   4.3821e+00   0.0000e+00   1.6190e-03   2.6059e+02
20251217_03:00:00   2.2577e-01   5.8227e+01   4.5814e+00   0.0000e+00   2.7447e-03   2.6320e+02
20251217_06:00:00   2.2215e-01   5.7510e+01   4.5725e+00   0.0000e+00   0.0000e+00   2.6394e+02
20251217_09:00:00   2.2654e-01   5.8408e+01   4.7063e+00   0.0000e+00   0.0000e+00   2.6121e+02
20251217_12:00:00   2.5918e-01   6.5149e+01   5.4550e+00   0.0000e+00   0.0000e+00   2.6121e+02
20251217_15:00:00   3.2284e-01   7.7461e+01   6.8694e+00   0.0000e+00   3.9844e-03   2.6023e+02
20251217_18:00:00   3.9868e-01   9.1843e+01   8.2312e+00   0.0000e+00   4.1600e-06   2.5965e+02
20251217_21:00:00   3.8330e-01   9.0316e+01   7.5135e+00   0.0000e+00   0.0000e+00   2.6437e+02
20251218_00:00:00   3.8306e-01   9.0840e+01   7.2462e+00   0.0000e+00   0.0000e+00   2.6377e+02
20251218_03:00:00   2.8482e-01   7.2161e+01   5.3683e+00   0.0000e+00   2.0800e-06   2.6336e+02
20251218_06:00:00   2.6217e-01   6.7323e+01   4.8971e+00   0.0000e+00   0.0000e+00   2.5829e+02
20251218_09:00:00   1.8997e-01   5.1712e+01   3.5821e+00   0.0000e+00   7.4300e-04   2.5857e+02
20251218_12:00:00   1.6578e-01   4.6054e+01   3.1466e+00   0.0000e+00   2.0540e-03   2.6104e+02
20251218_15:00:00   1.9403e-01   5.2340e+01   3.8149e+00   0.0000e+00   1.7316e-03   2.6229e+02
20251218_18:00:00   2.2947e-01   6.0117e+01   4.6428e+00   0.0000e+00   7.6796e-05   2.6721e+02
20251218_21:00:00   2.8823e-01   7.2269e+01   5.9029e+00   0.0000e+00   1.1022e-03   2.7154e+02
20251219_00:00:00   3.2023e-01   7.8357e+01   6.6713e+00   0.0000e+00   4.0963e-03   2.6968e+02
20251219_03:00:00   3.6523e-01   8.6785e+01   7.6175e+00   0.0000e+00   1.2182e-05   2.7438e+02
20251219_06:00:00   3.6135e-01   8.6458e+01   7.4138e+00   0.0000e+00   5.5302e-04   2.6789e+02
20251219_09:00:00   3.4978e-01   8.4560e+01   7.0205e+00   0.0000e+00   1.5430e-04   2.6303e+02
20251219_12:00:00   3.4046e-01   8.2927e+01   6.8143e+00   0.0000e+00   1.6234e-05   2.6197e+02
20251219_15:00:00   3.1754e-01   7.8705e+01   6.2926e+00   0.0000e+00   6.2860e-04   2.6395e+02
20251219_18:00:00   2.8152e-01   7.1642e+01   5.7134e+00   0.0000e+00   9.5900e-05   2.6423e+02
20251219_21:00:00   3.2145e-01   7.9706e+01   6.5539e+00   0.0000e+00   2.1556e-05   2.6186e+02
20251220_00:00:00   3.4882e-01   8.4881e+01   7.1358e+00   0.0000e+00   3.7880e-05   2.6175e+02
20251220_03:00:00   2.7525e-01   7.0229e+01   5.6111e+00   0.0000e+00   0.0000e+00   2.6310e+02
20251220_06:00:00   1.8642e-01   5.1290e+01   3.6360e+00   0.0000e+00   0.0000e+00   2.6435e+02
20251220_09:00:00   1.5758e-01   4.4672e+01   3.0474e+00   0.0000e+00   0.0000e+00   2.6336e+02
20251220_12:00:00   1.5738e-01   4.4298e+01   3.1241e+00   0.0000e+00   7.5642e-04   2.6238e+02
20251220_15:00:00   1.4656e-01   4.1771e+01   2.9058e+00   0.0000e+00   0.0000e+00   2.6297e+02
20251220_18:00:00   1.4694e-01   4.1901e+01   2.9452e+00   0.0000e+00   0.0000e+00   2.6148e+02
20251220_21:00:00   1.4757e-01   4.1987e+01   3.0391e+00   0.0000e+00   0.0000e+00   2.5900e+02
20251221_00:00:00   1.6025e-01   4.4851e+01   3.3177e+00   0.0000e+00   0.0000e+00   2.5510e+02
20251221_03:00:00   1.7637e-01   4.8512e+01   3.6566e+00   0.0000e+00   3.0313e-03   2.5556e+02
20251221_06:00:00   1.8286e-01   5.0061e+01   3.7713e+00   0.0000e+00   0.0000e+00   2.5507e+02
20251221_09:00:00   1.8449e-01   5.0566e+01   3.7905e+00   0.0000e+00   0.0000e+00   2.5595e+02
20251221_12:00:00   1.9388e-01   5.2592e+01   3.9979e+00   0.0000e+00   0.0000e+00   2.5532e+02
20251221_15:00:00   2.0535e-01   5.4992e+01   4.2845e+00   0.0000e+00   0.0000e+00   2.5624e+02
20251221_18:00:00   2.2526e-01   5.9154e+01   4.7802e+00   0.0000e+00   6.2240e-03   2.6198e+02
20251221_21:00:00   3.0463e-01   7.5053e+01   6.5440e+00   0.0000e+00   1.2784e-01   2.6134e+02
20251222_00:00:00   3.4074e-01   8.2225e+01   7.1637e+00   0.0000e+00   2.4966e-05   2.6637e+02
20251222_03:00:00   4.9836e-01   1.1047e+02   9.7209e+00   0.0000e+00   2.2306e-03   2.6532e+02
20251222_06:00:00   5.1645e-01   1.1343e+02   9.9240e+00   0.0000e+00   2.2703e-03   2.6674e+02
20251222_09:00:00   4.3950e-01   1.0082e+02   8.3106e+00   0.0000e+00   3.3331e-03   2.6679e+02
20251222_12:00:00   3.9202e-01   9.2079e+01   7.4725e+00   0.0000e+00   6.4962e-03   2.6908e+02
20251222_15:00:00   3.8952e-01   9.1267e+01   7.5033e+00   0.0000e+00   1.3232e-01   2.7526e+02
20251222_18:00:00   4.1390e-01   9.5254e+01   8.2073e+00   0.0000e+00   6.8748e-02   2.7590e+02
20251222_21:00:00   4.4756e-01   1.0115e+02   9.1091e+00   0.0000e+00   1.3786e-02   2.7622e+02
20251223_00:00:00   5.0827e-01   1.1096e+02   1.0164e+01   0.0000e+00   4.9125e-02   2.7967e+02
20251223_03:00:00   5.0464e-01   1.1071e+02   9.8574e+00   0.0000e+00   4.8914e-03   2.7785e+02
20251223_06:00:00   4.4796e-01   1.0170e+02   8.5002e+00   0.0000e+00   3.8468e-03   2.8212e+02
20251223_09:00:00   3.8982e-01   9.1464e+01   7.3926e+00   0.0000e+00   1.3800e-03   2.8236e+02
20251223_12:00:00   4.0200e-01   9.3233e+01   7.7145e+00   0.0000e+00   2.2980e-04   2.8449e+02
20251223_15:00:00   4.9052e-01   1.0791e+02   9.2685e+00   0.0000e+00   1.2072e-03   2.9666e+02
20251223_18:00:00   4.2818e-01   9.8126e+01   8.4084e+00   0.0000e+00   2.0963e-03   3.0197e+02
20251223_21:00:00   5.2224e-01   1.1451e+02   9.5854e+00   2.0660e-04   6.8126e-04   2.9887e+02
20251224_00:00:00   5.5449e-01   1.1869e+02   9.8119e+00   1.5902e-03   1.8940e-03   2.9776e+02
20251224_03:00:00   1.1913e+00   1.9089e+02   8.2314e+00   2.9500e-01   7.0386e-04   2.9503e+02
20251224_06:00:00   4.6807e-01   1.0483e+02   7.4795e+00   1.4734e-02   2.1424e-04   2.8818e+02
20251224_09:00:00   3.6984e-01   8.7653e+01   6.5958e+00   0.0000e+00   1.5798e-04   2.8465e+02
20251224_12:00:00   3.3607e-01   8.1282e+01   6.1011e+00   0.0000e+00   1.2056e-04   2.8306e+02
20251224_15:00:00   3.1280e-01   7.6769e+01   5.6887e+00   0.0000e+00   0.0000e+00   2.8042e+02
20251224_18:00:00   2.8634e-01   7.1885e+01   5.1947e+00   0.0000e+00   1.1600e-04   2.8239e+02
20251224_21:00:00   3.4751e-01   8.3648e+01   6.3100e+00   0.0000e+00   0.0000e+00   2.8314e+02
20251225_00:00:00   3.0274e-01   7.4704e+01   5.3572e+00   0.0000e+00   0.0000e+00   2.8922e+02
20251225_03:00:00   5.7505e-01   1.2033e+02   6.6912e+00   7.8892e-02   4.4620e-02   2.9345e+02
20251225_06:00:00   7.8530e-01   1.4883e+02   6.4377e+00   1.6511e-01   2.0007e-01   2.9687e+02
20251225_09:00:00   3.8620e-01   8.8590e+01   6.0544e+00   6.1683e-03   2.3127e-01   3.0138e+02
20251225_12:00:00   3.1114e-01   7.4105e+01   4.9748e+00   5.7813e-04   2.2328e-01   3.0858e+02
20251225_15:00:00   2.4721e-01   6.1163e+01   3.9136e+00   1.2604e-05   1.2859e-01   3.0931e+02
20251225_18:00:00   1.9431e-01   5.0260e+01   2.9610e+00   2.0900e-03   8.1377e-03   3.0960e+02
20251225_21:00:00   1.3004e-01   3.6278e+01   2.0042e+00   0.0000e+00   1.1308e-03   3.0412e+02
20251226_00:00:00   1.2223e-01   3.4308e+01   1.9623e+00   0.0000e+00   1.1606e-02   3.0460e+02
20251226_03:00:00   1.1643e-01   3.2660e+01   2.0506e+00   0.0000e+00   1.2266e-01   3.1135e+02
20251226_06:00:00   1.0558e-01   3.0459e+01   1.9120e+00   0.0000e+00   9.6005e-04   3.1706e+02
