#            date       tau255        Tb[K]      pwv[mm] lwp[kg*m^-2] iwp[kg*m^-2]       o3[DU]
20251202_06:00:00   1.3573e-01   3.8247e+01   2.4690e+00   0.0000e+00   0.0000e+00   3.1943e+02
20251202_07:00:00   1.3030e-01   3.6991e+01   2.3817e+00   0.0000e+00   0.0000e+00   3.2074e+02
20251202_08:00:00   1.2797e-01   3.6450e+01   2.3540e+00   0.0000e+00   0.0000e+00   3.2269e+02
20251202_09:00:00   1.2990e-01   3.6896e+01   2.4068e+00   0.0000e+00   0.0000e+00   3.2423e+02
20251202_10:00:00   1.3223e-01   3.7426e+01   2.4723e+00   0.0000e+00   0.0000e+00   3.2511e+02
20251202_11:00:00   1.3182e-01   3.7322e+01   2.4720e+00   0.0000e+00   0.0000e+00   3.2297e+02
20251202_12:00:00   1.3220e-01   3.7404e+01   2.4919e+00   0.0000e+00   0.0000e+00   3.2314e+02
20251202_13:00:00   1.3146e-01   3.7269e+01   2.4811e+00   0.0000e+00   0.0000e+00   3.2384e+02
20251202_14:00:00   1.2580e-01   3.5991e+01   2.3643e+00   0.0000e+00   0.0000e+00   3.2322e+02
20251202_15:00:00   1.2758e-01   3.6427e+01   2.4169e+00   0.0000e+00   0.0000e+00   3.2349e+02
20251202_16:00:00   1.3753e-01   3.8754e+01   2.6470e+00   0.0000e+00   0.0000e+00   3.2302e+02
20251202_17:00:00   1.3141e-01   3.7344e+01   2.5315e+00   0.0000e+00   0.0000e+00   3.2256e+02
20251202_18:00:00   1.3033e-01   3.7137e+01   2.5064e+00   0.0000e+00   0.0000e+00   3.2141e+02
20251202_19:00:00   1.4273e-01   4.0036e+01   2.7790e+00   0.0000e+00   0.0000e+00   3.1809e+02
20251202_20:00:00   1.6608e-01   4.5388e+01   3.2534e+00   0.0000e+00   0.0000e+00   3.1525e+02
20251202_21:00:00   1.8425e-01   4.9337e+01   3.6604e+00   0.0000e+00   0.0000e+00   3.1361e+02
20251202_22:00:00   2.0212e-01   5.3126e+01   4.0464e+00   0.0000e+00   9.3140e-06   3.1235e+02
20251202_23:00:00   2.1778e-01   5.6485e+01   4.3433e+00   0.0000e+00   2.0400e-05   3.1484e+02
20251203_00:00:00   2.3410e-01   5.9827e+01   4.6625e+00   0.0000e+00   9.0240e-06   3.1694e+02
20251203_01:00:00   2.6707e-01   6.6514e+01   5.2940e+00   0.0000e+00   2.2182e-05   3.1876e+02
20251203_02:00:00   2.6692e-01   6.6406e+01   5.2782e+00   0.0000e+00   5.6780e-05   3.2514e+02
20251203_03:00:00   2.5946e-01   6.4965e+01   5.1402e+00   0.0000e+00   5.1520e-06   3.2856e+02
20251203_04:00:00   2.6857e-01   6.6678e+01   5.3474e+00   0.0000e+00   8.6100e-05   3.3053e+02
20251203_05:00:00   2.9644e-01   7.1979e+01   5.9219e+00   0.0000e+00   1.4328e-04   3.3450e+02
20251203_06:00:00   2.9907e-01   7.2101e+01   5.9846e+00   0.0000e+00   5.9976e-03   3.3419e+02
20251203_07:00:00   2.9263e-01   7.0773e+01   5.7820e+00   0.0000e+00   2.4593e-02   3.3565e+02
20251203_08:00:00   2.7436e-01   6.7316e+01   5.3964e+00   0.0000e+00   9.6585e-03   3.3606e+02
20251203_09:00:00   2.5055e-01   6.2653e+01   4.8740e+00   0.0000e+00   1.2884e-02   3.3554e+02
20251203_10:00:00   2.1236e-01   5.4880e+01   4.0556e+00   0.0000e+00   4.2460e-06   3.3717e+02
20251203_11:00:00   2.1423e-01   5.5143e+01   4.1019e+00   0.0000e+00   6.2560e-05   3.4179e+02
20251203_12:00:00   2.3439e-01   5.9162e+01   4.5310e+00   0.0000e+00   2.2212e-04   3.4680e+02
20251203_13:00:00   2.2713e-01   5.7617e+01   4.3378e+00   0.0000e+00   0.0000e+00   3.4753e+02
20251203_14:00:00   2.0851e-01   5.3824e+01   3.9047e+00   0.0000e+00   0.0000e+00   3.5023e+02
20251203_15:00:00   2.1154e-01   5.4423e+01   3.9571e+00   0.0000e+00   9.9200e-07   3.4939e+02
20251203_16:00:00   2.3624e-01   5.9546e+01   4.4433e+00   0.0000e+00   8.4920e-06   3.4959e+02
20251203_17:00:00   2.7003e-01   6.6465e+01   5.0659e+00   0.0000e+00   3.0960e-06   3.4769e+02
20251203_18:00:00   3.2333e-01   7.6728e+01   5.9822e+00   0.0000e+00   5.8828e-04   3.4793e+02
20251203_19:00:00   3.5238e-01   8.2166e+01   6.4571e+00   2.4400e-04   5.2594e-03   3.4763e+02
20251203_20:00:00   4.2456e-01   9.4819e+01   7.0082e+00   1.7627e-02   8.5561e-02   3.4773e+02
20251203_21:00:00   4.2041e-01   9.4363e+01   7.2735e+00   3.4103e-03   1.7113e-01   3.5283e+02
20251203_22:00:00   4.2083e-01   9.4529e+01   7.2066e+00   1.0852e-03   2.1419e-01   3.5551e+02
20251203_23:00:00   4.0475e-01   9.1765e+01   6.8975e+00   8.6040e-05   2.1391e-01   3.5421e+02
20251204_00:00:00   4.0837e-01   9.2258e+01   6.8833e+00   1.6324e-05   1.8474e-01   3.5235e+02
20251204_01:00:00   4.4790e-01   9.8921e+01   7.0792e+00   7.1797e-03   1.7302e-01   3.5302e+02
20251204_02:00:00   4.1446e-01   9.3118e+01   6.7707e+00   5.7330e-04   1.3450e-01   3.5192e+02
20251204_03:00:00   3.8797e-01   8.8511e+01   6.2985e+00   1.3362e-03   9.4016e-02   3.4661e+02
20251204_04:00:00   3.6275e-01   8.4023e+01   5.8535e+00   3.1627e-03   2.8909e-02   3.4441e+02
20251204_05:00:00   3.5430e-01   8.2445e+01   5.7938e+00   5.5471e-04   3.6166e-02   3.4478e+02
20251204_06:00:00   3.5492e-01   8.2472e+01   5.7582e+00   1.2308e-03   3.7735e-02   3.4641e+02
20251204_07:00:00   3.1385e-01   7.4941e+01   5.1382e+00   0.0000e+00   1.6123e-03   3.5143e+02
20251204_08:00:00   2.8784e-01   7.0058e+01   4.6606e+00   4.9670e-04   3.1043e-05   3.5786e+02
20251204_09:00:00   2.9623e-01   7.1799e+01   4.3588e+00   1.1566e-02   2.8875e-04   3.6043e+02
20251204_10:00:00   2.9826e-01   7.2211e+01   4.1321e+00   1.7800e-02   1.7209e-03   3.6094e+02
20251204_11:00:00   3.1563e-01   7.5418e+01   4.0373e+00   2.8107e-02   4.3810e-03   3.6034e+02
20251204_12:00:00   3.5073e-01   8.1940e+01   3.8003e+00   5.0413e-02   1.6107e-03   3.6304e+02
20251204_13:00:00   3.0470e-01   7.3259e+01   3.7044e+00   3.2760e-02   1.0729e-03   3.6220e+02
20251204_14:00:00   2.0173e-01   5.2491e+01   3.2333e+00   3.2940e-04   5.4860e-05   3.5924e+02
20251204_15:00:00   1.8552e-01   4.9068e+01   2.9882e+00   0.0000e+00   4.5890e-06   3.5787e+02
20251204_16:00:00   1.8032e-01   4.7983e+01   2.8973e+00   0.0000e+00   0.0000e+00   3.5489e+02
20251204_17:00:00   1.7360e-01   4.6590e+01   2.8001e+00   0.0000e+00   5.4860e-06   3.5238e+02
20251204_18:00:00   1.8083e-01   4.8238e+01   2.9263e+00   0.0000e+00   0.0000e+00   3.5156e+02
20251204_19:00:00   1.8345e-01   4.8864e+01   2.9948e+00   0.0000e+00   0.0000e+00   3.5030e+02
20251204_20:00:00   1.7099e-01   4.6186e+01   2.8188e+00   0.0000e+00   0.0000e+00   3.4880e+02
20251204_21:00:00   1.5530e-01   4.2730e+01   2.5736e+00   0.0000e+00   0.0000e+00   3.4696e+02
20251204_22:00:00   1.4889e-01   4.1276e+01   2.4755e+00   0.0000e+00   0.0000e+00   3.4590e+02
20251204_23:00:00   1.5466e-01   4.2545e+01   2.5758e+00   0.0000e+00   0.0000e+00   3.4535e+02
20251205_00:00:00   1.3944e-01   3.9042e+01   2.3167e+00   0.0000e+00   0.0000e+00   3.4214e+02
20251205_01:00:00   1.4420e-01   4.0070e+01   2.4216e+00   0.0000e+00   4.1720e-05   3.3573e+02
20251205_02:00:00   1.6928e-01   4.5661e+01   2.8912e+00   0.0000e+00   1.6986e-05   3.3188e+02
20251205_03:00:00   1.7821e-01   4.7581e+01   3.0643e+00   0.0000e+00   0.0000e+00   3.3341e+02
20251205_04:00:00   1.6857e-01   4.5353e+01   2.9159e+00   0.0000e+00   0.0000e+00   3.3452e+02
20251205_05:00:00   1.5296e-01   4.1706e+01   2.6763e+00   0.0000e+00   0.0000e+00   3.3008e+02
20251205_06:00:00   1.4893e-01   4.0615e+01   2.6749e+00   0.0000e+00   0.0000e+00   3.2485e+02
20251205_07:00:00   1.5041e-01   4.0878e+01   2.7414e+00   0.0000e+00   0.0000e+00   3.1764e+02
20251205_08:00:00   1.4710e-01   4.0156e+01   2.6941e+00   0.0000e+00   0.0000e+00   3.1585e+02
20251205_09:00:00   1.4644e-01   4.0033e+01   2.7046e+00   0.0000e+00   0.0000e+00   3.1301e+02
20251205_10:00:00   1.5113e-01   4.1072e+01   2.8174e+00   0.0000e+00   0.0000e+00   3.0774e+02
20251205_11:00:00   1.5643e-01   4.2218e+01   2.9528e+00   0.0000e+00   5.4816e-05   3.0538e+02
20251205_12:00:00   1.6361e-01   4.3757e+01   3.1418e+00   0.0000e+00   1.4098e-03   3.0363e+02
20251205_13:00:00   1.7114e-01   4.5392e+01   3.3163e+00   0.0000e+00   3.2277e-03   3.0223e+02
20251205_14:00:00   1.8808e-01   4.8984e+01   3.6870e+00   0.0000e+00   2.3500e-03   3.0080e+02
20251205_15:00:00   2.0361e-01   5.2261e+01   4.0144e+00   0.0000e+00   1.4566e-03   3.0087e+02
20251205_16:00:00   2.2112e-01   5.5882e+01   4.3702e+00   0.0000e+00   4.1394e-04   2.9980e+02
20251205_17:00:00   2.3101e-01   5.7939e+01   4.5872e+00   0.0000e+00   5.0844e-04   2.9855e+02
20251205_18:00:00   2.5118e-01   6.2011e+01   4.9740e+00   0.0000e+00   4.2637e-03   2.9807e+02
20251205_19:00:00   2.7001e-01   6.5851e+01   5.3257e+00   0.0000e+00   2.7624e-03   3.0022e+02
20251205_20:00:00   2.8947e-01   6.9799e+01   5.6666e+00   0.0000e+00   5.4591e-03   3.0340e+02
20251205_21:00:00   2.9933e-01   7.2007e+01   5.7723e+00   0.0000e+00   4.0341e-04   3.0401e+02
20251205_22:00:00   3.0485e-01   7.3243e+01   5.8220e+00   0.0000e+00   8.1580e-06   3.0077e+02
20251205_23:00:00   2.9042e-01   7.0610e+01   5.5374e+00   0.0000e+00   0.0000e+00   2.9832e+02
20251206_00:00:00   2.7443e-01   6.7575e+01   5.2192e+00   0.0000e+00   0.0000e+00   2.9644e+02
20251206_01:00:00   2.6150e-01   6.5041e+01   4.9707e+00   0.0000e+00   0.0000e+00   2.9423e+02
20251206_02:00:00   2.4447e-01   6.1731e+01   4.6282e+00   0.0000e+00   0.0000e+00   2.9325e+02
20251206_03:00:00   2.5502e-01   6.3859e+01   4.8306e+00   0.0000e+00   0.0000e+00   2.9404e+02
20251206_04:00:00   2.5897e-01   6.4820e+01   4.8719e+00   0.0000e+00   0.0000e+00   2.9432e+02
20251206_05:00:00   2.4235e-01   6.1636e+01   4.5086e+00   0.0000e+00   0.0000e+00   2.9347e+02
20251206_06:00:00   2.4250e-01   6.1637e+01   4.4848e+00   0.0000e+00   0.0000e+00   2.9476e+02
20251206_07:00:00   2.3187e-01   5.9363e+01   4.3123e+00   0.0000e+00   0.0000e+00   2.9493e+02
20251206_08:00:00   2.3086e-01   5.9042e+01   4.3230e+00   0.0000e+00   0.0000e+00   2.9179e+02
20251206_09:00:00   2.4208e-01   6.1338e+01   4.5793e+00   0.0000e+00   0.0000e+00   2.8915e+02
20251206_10:00:00   2.5377e-01   6.3630e+01   4.8612e+00   0.0000e+00   0.0000e+00   2.8710e+02
20251206_11:00:00   2.6203e-01   6.5286e+01   5.0785e+00   0.0000e+00   0.0000e+00   2.8573e+02
20251206_12:00:00   2.8225e-01   6.9367e+01   5.5079e+00   0.0000e+00   0.0000e+00   2.8442e+02
20251206_13:00:00   3.5912e-01   8.3955e+01   7.0165e+00   0.0000e+00   0.0000e+00   2.8502e+02
20251206_14:00:00   3.6788e-01   8.5683e+01   7.1486e+00   0.0000e+00   6.4940e-06   2.8407e+02
20251206_15:00:00   3.6334e-01   8.5015e+01   7.0699e+00   0.0000e+00   0.0000e+00   2.8265e+02
20251206_16:00:00   3.4691e-01   8.1996e+01   6.7663e+00   0.0000e+00   0.0000e+00   2.8273e+02
20251206_17:00:00   3.2528e-01   7.8052e+01   6.3362e+00   0.0000e+00   0.0000e+00   2.8232e+02
20251206_18:00:00   3.1268e-01   7.5839e+01   6.0754e+00   0.0000e+00   0.0000e+00   2.8067e+02
20251206_19:00:00   2.9724e-01   7.3012e+01   5.7380e+00   0.0000e+00   0.0000e+00   2.7941e+02
20251206_20:00:00   2.8901e-01   7.1425e+01   5.5892e+00   0.0000e+00   0.0000e+00   2.7914e+02
20251206_21:00:00   2.8402e-01   7.0507e+01   5.5149e+00   0.0000e+00   0.0000e+00   2.7746e+02
20251206_22:00:00   2.8574e-01   7.0861e+01   5.5267e+00   0.0000e+00   0.0000e+00   2.7544e+02
20251206_23:00:00   2.7942e-01   6.9607e+01   5.4400e+00   0.0000e+00   0.0000e+00   2.7385e+02
20251207_00:00:00   2.7315e-01   6.8274e+01   5.3374e+00   0.0000e+00   0.0000e+00   2.7252e+02
20251207_01:00:00   2.9937e-01   7.3602e+01   5.8193e+00   0.0000e+00   0.0000e+00   2.7033e+02
20251207_02:00:00   3.2064e-01   7.7739e+01   6.2431e+00   0.0000e+00   0.0000e+00   2.6911e+02
20251207_03:00:00   3.4067e-01   8.1513e+01   6.6695e+00   0.0000e+00   0.0000e+00   2.6862e+02
20251207_04:00:00   3.3875e-01   8.1168e+01   6.6744e+00   0.0000e+00   0.0000e+00   2.6856e+02
20251207_05:00:00   3.5518e-01   8.4220e+01   7.0068e+00   0.0000e+00   0.0000e+00   2.6911e+02
20251207_06:00:00   3.7252e-01   8.7360e+01   7.3342e+00   0.0000e+00   0.0000e+00   2.7003e+02
20251207_09:00:00   3.6917e-01   8.6799e+01   7.1546e+00   0.0000e+00   0.0000e+00   2.6826e+02
20251207_12:00:00   4.0371e-01   9.3168e+01   7.5875e+00   0.0000e+00   0.0000e+00   2.6921e+02
20251207_15:00:00   4.0729e-01   9.4038e+01   7.4066e+00   0.0000e+00   0.0000e+00   2.7332e+02
20251207_18:00:00   3.9597e-01   9.2289e+01   7.1722e+00   0.0000e+00   0.0000e+00   2.7186e+02
20251207_21:00:00   2.9362e-01   7.3282e+01   5.3434e+00   0.0000e+00   0.0000e+00   2.7178e+02
20251208_00:00:00   2.7217e-01   6.8943e+01   4.8945e+00   0.0000e+00   0.0000e+00   2.7310e+02
20251208_03:00:00   2.4474e-01   6.3055e+01   4.4979e+00   0.0000e+00   0.0000e+00   2.7742e+02
20251208_06:00:00   2.5247e-01   6.4379e+01   4.7848e+00   0.0000e+00   0.0000e+00   2.7414e+02
20251208_09:00:00   2.5432e-01   6.4499e+01   4.9706e+00   0.0000e+00   0.0000e+00   2.7453e+02
20251208_12:00:00   2.8274e-01   7.0209e+01   5.5621e+00   0.0000e+00   0.0000e+00   2.7999e+02
20251208_15:00:00   3.2534e-01   7.8719e+01   6.3093e+00   0.0000e+00   0.0000e+00   2.9245e+02
20251208_18:00:00   3.7996e-01   8.9122e+01   7.2330e+00   0.0000e+00   0.0000e+00   2.9753e+02
20251208_21:00:00   3.8785e-01   9.0547e+01   7.4302e+00   0.0000e+00   0.0000e+00   2.9487e+02
20251209_00:00:00   4.2715e-01   9.7242e+01   8.0543e+00   0.0000e+00   0.0000e+00   2.9837e+02
20251209_03:00:00   3.6396e-01   8.5805e+01   6.7337e+00   0.0000e+00   0.0000e+00   2.9799e+02
20251209_06:00:00   3.4656e-01   8.2346e+01   6.2724e+00   0.0000e+00   0.0000e+00   3.0243e+02
20251209_09:00:00   2.4061e-01   6.1728e+01   4.1964e+00   0.0000e+00   0.0000e+00   2.9355e+02
20251209_12:00:00   1.4220e-01   4.0196e+01   2.3983e+00   0.0000e+00   0.0000e+00   2.8600e+02
20251209_15:00:00   1.2492e-01   3.5996e+01   2.1645e+00   0.0000e+00   0.0000e+00   2.9098e+02
20251209_18:00:00   1.4775e-01   4.1342e+01   2.7370e+00   0.0000e+00   0.0000e+00   2.9061e+02
20251209_21:00:00   1.5459e-01   4.2762e+01   3.1343e+00   0.0000e+00   1.9840e-06   2.9094e+02
20251210_00:00:00   2.0765e-01   5.4744e+01   4.3119e+00   0.0000e+00   0.0000e+00   2.8257e+02
20251210_03:00:00   3.2326e-01   7.8934e+01   6.5999e+00   0.0000e+00   0.0000e+00   2.7292e+02
20251210_06:00:00   2.4282e-01   6.3325e+01   4.6790e+00   0.0000e+00   0.0000e+00   2.7660e+02
20251210_09:00:00   1.9257e-01   5.2417e+01   3.6525e+00   0.0000e+00   2.5920e-05   2.8077e+02
20251210_12:00:00   1.6818e-01   4.6983e+01   3.1199e+00   0.0000e+00   1.1864e-05   2.8242e+02
20251210_15:00:00   1.6211e-01   4.5584e+01   2.9947e+00   0.0000e+00   0.0000e+00   2.8677e+02
20251210_18:00:00   1.8994e-01   5.2148e+01   3.5362e+00   0.0000e+00   0.0000e+00   2.8497e+02
20251210_21:00:00   1.9824e-01   5.4144e+01   3.8078e+00   0.0000e+00   0.0000e+00   2.8137e+02
20251211_00:00:00   2.1886e-01   5.8661e+01   4.1804e+00   0.0000e+00   0.0000e+00   2.7947e+02
20251211_03:00:00   2.5437e-01   6.6319e+01   4.8082e+00   0.0000e+00   0.0000e+00   2.7581e+02
20251211_06:00:00   2.5815e-01   6.7165e+01   4.8421e+00   0.0000e+00   0.0000e+00   2.7278e+02
20251211_09:00:00   2.4714e-01   6.4807e+01   4.6501e+00   0.0000e+00   0.0000e+00   2.7406e+02
20251211_12:00:00   2.5754e-01   6.6978e+01   4.8618e+00   0.0000e+00   0.0000e+00   2.7432e+02
20251211_15:00:00   2.4488e-01   6.4349e+01   4.6136e+00   0.0000e+00   0.0000e+00   2.7124e+02
20251211_18:00:00   2.6362e-01   6.8507e+01   4.9823e+00   0.0000e+00   0.0000e+00   2.7004e+02
20251211_21:00:00   3.0178e-01   7.6482e+01   5.7194e+00   0.0000e+00   0.0000e+00   2.6923e+02
20251212_00:00:00   3.2499e-01   8.1009e+01   6.1495e+00   0.0000e+00   0.0000e+00   2.6950e+02
20251212_03:00:00   3.2777e-01   8.1433e+01   6.1725e+00   0.0000e+00   3.5022e-04   2.7399e+02
20251212_06:00:00   3.3808e-01   8.3359e+01   6.3675e+00   0.0000e+00   1.8126e-03   2.7355e+02
20251212_09:00:00   3.3825e-01   8.3238e+01   6.3999e+00   0.0000e+00   3.2319e-05   2.7433e+02
20251212_12:00:00   3.3607e-01   8.2673e+01   6.3914e+00   0.0000e+00   0.0000e+00   2.7587e+02
20251212_15:00:00   3.2404e-01   8.0345e+01   6.1485e+00   0.0000e+00   0.0000e+00   2.7620e+02
20251212_18:00:00   3.1297e-01   7.8223e+01   5.9967e+00   0.0000e+00   0.0000e+00   2.7599e+02
20251212_21:00:00   3.1653e-01   7.9058e+01   6.1126e+00   0.0000e+00   7.1120e-04   2.7588e+02
20251213_00:00:00   3.1363e-01   7.8358e+01   6.0587e+00   0.0000e+00   5.3120e-04   2.7631e+02
20251213_03:00:00   3.0858e-01   7.7158e+01   5.9118e+00   0.0000e+00   0.0000e+00   2.7920e+02
20251213_06:00:00   2.9404e-01   7.4124e+01   5.6345e+00   0.0000e+00   3.3980e-05   2.7909e+02
20251213_09:00:00   2.9493e-01   7.3989e+01   5.7407e+00   0.0000e+00   0.0000e+00   2.7908e+02
20251213_12:00:00   3.0751e-01   7.6271e+01   6.0103e+00   0.0000e+00   6.3157e-04   2.8103e+02
20251213_15:00:00   3.1549e-01   7.7656e+01   6.2111e+00   0.0000e+00   3.8700e-06   2.7513e+02
20251213_18:00:00   3.3926e-01   8.2216e+01   6.7091e+00   0.0000e+00   2.7183e-04   2.7161e+02
20251213_21:00:00   3.7192e-01   8.8217e+01   7.3500e+00   0.0000e+00   7.3463e-03   2.6979e+02
20251214_00:00:00   3.9021e-01   9.1548e+01   7.5952e+00   0.0000e+00   0.0000e+00   2.6991e+02
20251214_03:00:00   4.1805e-01   9.6308e+01   8.0255e+00   0.0000e+00   0.0000e+00   2.7633e+02
20251214_06:00:00   4.2700e-01   9.7660e+01   8.1370e+00   0.0000e+00   0.0000e+00   2.9084e+02
20251214_09:00:00   4.4901e-01   1.0134e+02   8.4220e+00   0.0000e+00   4.0956e-05   2.9779e+02
20251214_12:00:00   4.1679e-01   9.5746e+01   7.7502e+00   0.0000e+00   0.0000e+00   3.0204e+02
20251214_15:00:00   3.8553e-01   9.0045e+01   7.3069e+00   0.0000e+00   0.0000e+00   3.0019e+02
20251214_18:00:00   2.9746e-01   7.3847e+01   5.6523e+00   0.0000e+00   0.0000e+00   3.0319e+02
20251214_21:00:00   2.6953e-01   6.8184e+01   5.2109e+00   0.0000e+00   0.0000e+00   3.0189e+02
20251215_00:00:00   3.3956e-01   8.1827e+01   6.3023e+00   0.0000e+00   0.0000e+00   3.1010e+02
20251215_03:00:00   4.6879e-01   1.0390e+02   8.2753e+00   1.0912e-04   3.1350e-02   3.1555e+02
20251215_06:00:00   2.6672e-01   6.7113e+01   4.4783e+00   0.0000e+00   0.0000e+00   3.1468e+02
20251215_09:00:00   9.8678e-02   2.9741e+01   1.5315e+00   0.0000e+00   0.0000e+00   3.1174e+02
20251215_12:00:00   8.2536e-02   2.5672e+01   1.2959e+00   0.0000e+00   0.0000e+00   3.0696e+02
20251215_15:00:00   6.7376e-02   2.1901e+01   1.0206e+00   0.0000e+00   0.0000e+00   2.9902e+02
20251215_18:00:00   5.9999e-02   2.0101e+01   8.9450e-01   0.0000e+00   0.0000e+00   2.9753e+02
20251215_21:00:00   5.9626e-02   2.0092e+01   8.9783e-01   0.0000e+00   0.0000e+00   2.9004e+02
20251216_00:00:00   5.8699e-02   1.9925e+01   8.7494e-01   0.0000e+00   0.0000e+00   2.7972e+02
20251216_03:00:00   6.8374e-02   2.2440e+01   1.0711e+00   0.0000e+00   0.0000e+00   2.8253e+02
20251216_06:00:00   6.5281e-02   2.1674e+01   9.9047e-01   0.0000e+00   0.0000e+00   2.8717e+02
20251216_09:00:00   8.2276e-02   2.5887e+01   1.3597e+00   0.0000e+00   0.0000e+00   2.8066e+02
20251216_12:00:00   1.6164e-01   4.4427e+01   3.1319e+00   0.0000e+00   7.1500e-03   2.7589e+02
20251216_15:00:00   1.8698e-01   4.9981e+01   3.6759e+00   0.0000e+00   2.4997e-02   2.8044e+02
20251216_18:00:00   1.9493e-01   5.2101e+01   3.7066e+00   0.0000e+00   7.5237e-03   2.7840e+02
20251216_21:00:00   1.7452e-01   4.7853e+01   3.2688e+00   0.0000e+00   1.5683e-03   2.7852e+02
20251217_00:00:00   2.6603e-01   6.7695e+01   4.9620e+00   0.0000e+00   2.2400e-04   2.7611e+02
20251217_03:00:00   3.1067e-01   7.6624e+01   5.6359e+00   0.0000e+00   0.0000e+00   2.8622e+02
20251217_06:00:00   2.5902e-01   6.6198e+01   4.7060e+00   0.0000e+00   0.0000e+00   2.8479e+02
20251217_09:00:00   2.3549e-01   6.1160e+01   4.3204e+00   0.0000e+00   2.9600e-05   2.8211e+02
20251217_12:00:00   2.1138e-01   5.5527e+01   4.0214e+00   0.0000e+00   1.4892e-03   2.8304e+02
20251217_15:00:00   1.7983e-01   4.8489e+01   3.4884e+00   0.0000e+00   4.3040e-04   2.7689e+02
20251217_18:00:00   1.7745e-01   4.7872e+01   3.5863e+00   0.0000e+00   0.0000e+00   2.7248e+02
20251217_21:00:00   2.0660e-01   5.4394e+01   4.2760e+00   0.0000e+00   6.3380e-06   2.6816e+02
20251218_00:00:00   2.2960e-01   5.9401e+01   4.6914e+00   0.0000e+00   3.3782e-05   2.6909e+02
20251218_03:00:00   2.6957e-01   6.7675e+01   5.3948e+00   0.0000e+00   1.4436e-04   2.6926e+02
20251218_06:00:00   3.5427e-01   8.3878e+01   7.1485e+00   0.0000e+00   7.8635e-03   2.6978e+02
