#            date       tau255        Tb[K]      pwv[mm] lwp[kg*m^-2] iwp[kg*m^-2]       o3[DU]
20251203_18:00:00   3.2926e-01   7.7713e+01   6.0707e+00   0.0000e+00   5.5392e-03   3.4687e+02
20251203_19:00:00   3.4073e-01   7.9846e+01   6.1932e+00   3.1201e-04   3.5619e-03   3.4829e+02
20251203_20:00:00   3.6416e-01   8.4227e+01   6.2817e+00   3.6015e-03   1.5655e-01   3.5209e+02
20251203_21:00:00   3.9935e-01   9.0586e+01   6.6882e+00   4.9011e-03   2.4811e-01   3.5452e+02
20251203_22:00:00   3.8409e-01   8.7743e+01   6.6197e+00   1.1804e-04   1.6720e-01   3.5588e+02
20251203_23:00:00   4.0286e-01   9.0868e+01   6.8148e+00   1.0640e-03   1.5412e-01   3.5620e+02
20251204_00:00:00   3.9856e-01   8.9963e+01   6.7135e+00   3.0960e-06   3.8667e-02   3.5392e+02
20251204_01:00:00   4.0224e-01   9.0422e+01   6.7174e+00   0.0000e+00   1.4518e-01   3.4795e+02
20251204_02:00:00   3.9506e-01   8.9234e+01   6.5632e+00   0.0000e+00   1.2154e-01   3.4685e+02
20251204_03:00:00   3.8199e-01   8.6968e+01   6.3241e+00   8.1280e-05   8.1117e-02   3.4719e+02
20251204_04:00:00   3.4079e-01   7.9467e+01   5.7183e+00   3.8700e-06   3.7722e-03   3.4598e+02
20251204_05:00:00   3.3532e-01   7.8638e+01   5.2513e+00   8.9411e-03   4.9625e-03   3.4980e+02
20251204_06:00:00   3.1261e-01   7.4656e+01   4.3759e+00   1.9636e-02   3.2076e-03   3.5128e+02
20251204_07:00:00   3.4584e-01   8.0871e+01   4.1300e+00   4.0304e-02   4.3636e-03   3.5079e+02
20251204_08:00:00   4.0727e-01   9.1829e+01   4.1359e+00   6.7700e-02   3.7330e-03   3.5419e+02
20251204_09:00:00   3.3758e-01   7.9345e+01   3.8965e+00   4.2560e-02   1.9519e-03   3.5937e+02
20251204_10:00:00   2.7274e-01   6.6932e+01   3.6748e+00   1.9518e-02   7.6514e-04   3.6035e+02
20251204_11:00:00   2.4866e-01   6.2120e+01   3.6319e+00   1.0087e-02   8.2840e-04   3.5503e+02
20251204_12:00:00   2.2743e-01   5.7803e+01   3.5896e+00   1.9436e-03   9.8497e-04   3.5232e+02
20251204_13:00:00   2.1501e-01   5.5270e+01   3.2941e+00   3.7150e-03   1.7343e-03   3.4865e+02
20251204_14:00:00   1.9439e-01   5.0916e+01   2.9396e+00   3.5210e-03   7.3770e-04   3.4400e+02
20251204_15:00:00   1.8129e-01   4.8114e+01   2.7179e+00   3.6590e-03   4.3380e-04   3.4629e+02
20251204_16:00:00   1.6186e-01   4.3869e+01   2.5564e+00   0.0000e+00   1.0829e-04   3.4451e+02
20251204_17:00:00   1.5107e-01   4.1528e+01   2.4237e+00   0.0000e+00   0.0000e+00   3.4258e+02
20251204_18:00:00   1.4044e-01   3.9133e+01   2.3092e+00   0.0000e+00   0.0000e+00   3.3817e+02
20251204_19:00:00   1.5118e-01   4.1504e+01   2.5749e+00   0.0000e+00   0.0000e+00   3.3289e+02
20251204_20:00:00   1.5544e-01   4.2408e+01   2.7330e+00   0.0000e+00   0.0000e+00   3.3143e+02
20251204_21:00:00   1.5421e-01   4.2089e+01   2.7702e+00   0.0000e+00   0.0000e+00   3.3435e+02
20251204_22:00:00   1.5168e-01   4.1455e+01   2.7669e+00   0.0000e+00   3.8700e-06   3.3374e+02
20251204_23:00:00   1.4355e-01   3.9550e+01   2.6364e+00   0.0000e+00   0.0000e+00   3.3149e+02
20251205_00:00:00   1.5337e-01   4.1733e+01   2.8400e+00   0.0000e+00   0.0000e+00   3.3035e+02
20251205_01:00:00   1.7013e-01   4.5501e+01   3.1676e+00   0.0000e+00   0.0000e+00   3.2681e+02
20251205_02:00:00   1.7501e-01   4.6661e+01   3.2339e+00   0.0000e+00   0.0000e+00   3.2360e+02
20251205_03:00:00   1.6266e-01   4.3992e+01   2.9491e+00   0.0000e+00   0.0000e+00   3.1942e+02
20251205_04:00:00   1.5036e-01   4.1250e+01   2.7061e+00   0.0000e+00   0.0000e+00   3.1427e+02
20251205_05:00:00   1.4172e-01   3.9366e+01   2.5092e+00   0.0000e+00   0.0000e+00   3.1144e+02
20251205_06:00:00   1.2636e-01   3.5865e+01   2.2068e+00   0.0000e+00   0.0000e+00   3.1090e+02
20251205_07:00:00   1.1650e-01   3.3553e+01   2.0231e+00   0.0000e+00   0.0000e+00   3.0811e+02
20251205_08:00:00   1.1820e-01   3.3909e+01   2.0728e+00   0.0000e+00   0.0000e+00   3.0651e+02
20251205_09:00:00   1.1905e-01   3.4086e+01   2.1162e+00   0.0000e+00   0.0000e+00   3.0430e+02
20251205_10:00:00   1.2222e-01   3.4771e+01   2.2058e+00   0.0000e+00   0.0000e+00   3.0194e+02
20251205_11:00:00   1.3058e-01   3.6607e+01   2.4018e+00   0.0000e+00   0.0000e+00   3.0073e+02
20251205_12:00:00   1.4462e-01   3.9731e+01   2.7246e+00   0.0000e+00   1.5168e-05   2.9812e+02
20251205_13:00:00   1.6857e-01   4.4969e+01   3.2529e+00   0.0000e+00   5.6918e-04   2.9744e+02
20251205_14:00:00   1.9814e-01   5.1244e+01   3.8975e+00   0.0000e+00   3.3043e-03   2.9713e+02
20251205_15:00:00   2.3967e-01   5.9739e+01   4.7544e+00   0.0000e+00   2.2111e-02   2.9523e+02
20251205_16:00:00   2.9507e-01   7.0603e+01   5.7835e+00   0.0000e+00   1.4786e-01   2.9440e+02
20251205_17:00:00   3.2874e-01   7.7107e+01   6.4287e+00   0.0000e+00   2.5640e-02   2.9569e+02
20251205_18:00:00   3.2403e-01   7.6471e+01   6.3026e+00   0.0000e+00   3.1034e-03   2.9677e+02
20251205_19:00:00   3.2889e-01   7.7836e+01   6.2512e+00   0.0000e+00   1.0489e-03   2.9665e+02
20251205_20:00:00   2.9652e-01   7.1763e+01   5.6488e+00   0.0000e+00   0.0000e+00   2.9691e+02
20251205_21:00:00   2.7434e-01   6.7544e+01   5.2044e+00   0.0000e+00   0.0000e+00   2.9594e+02
20251205_22:00:00   2.8063e-01   6.8873e+01   5.3129e+00   0.0000e+00   0.0000e+00   2.9456e+02
20251205_23:00:00   2.8777e-01   7.0394e+01   5.3788e+00   0.0000e+00   0.0000e+00   2.9549e+02
20251206_00:00:00   2.8577e-01   7.0108e+01   5.3057e+00   0.0000e+00   0.0000e+00   2.9421e+02
20251206_01:00:00   2.7850e-01   6.8798e+01   5.1759e+00   0.0000e+00   0.0000e+00   2.9326e+02
20251206_02:00:00   2.7487e-01   6.8103e+01   5.0844e+00   0.0000e+00   0.0000e+00   2.9160e+02
20251206_03:00:00   2.7049e-01   6.7259e+01   5.0030e+00   0.0000e+00   0.0000e+00   2.8823e+02
20251206_04:00:00   2.6749e-01   6.6648e+01   4.9751e+00   0.0000e+00   0.0000e+00   2.8796e+02
20251206_05:00:00   2.6184e-01   6.5495e+01   4.9158e+00   0.0000e+00   0.0000e+00   2.8736e+02
20251206_06:00:00   2.6596e-01   6.6270e+01   5.0387e+00   0.0000e+00   0.0000e+00   2.8631e+02
20251206_07:00:00   2.6916e-01   6.6893e+01   5.1493e+00   0.0000e+00   0.0000e+00   2.8446e+02
20251206_08:00:00   2.8435e-01   6.9907e+01   5.4506e+00   0.0000e+00   0.0000e+00   2.8203e+02
20251206_09:00:00   2.9665e-01   7.2259e+01   5.7798e+00   0.0000e+00   0.0000e+00   2.8008e+02
20251206_10:00:00   3.0889e-01   7.4701e+01   6.0389e+00   0.0000e+00   0.0000e+00   2.7818e+02
20251206_11:00:00   3.2253e-01   7.7403e+01   6.3188e+00   0.0000e+00   0.0000e+00   2.7831e+02
20251206_12:00:00   3.2955e-01   7.8864e+01   6.4588e+00   0.0000e+00   0.0000e+00   2.7750e+02
20251206_13:00:00   3.4557e-01   8.1953e+01   6.7592e+00   0.0000e+00   0.0000e+00   2.7672e+02
20251206_14:00:00   3.5045e-01   8.2972e+01   6.7820e+00   0.0000e+00   0.0000e+00   2.7705e+02
20251206_15:00:00   3.5436e-01   8.3736e+01   6.8778e+00   0.0000e+00   0.0000e+00   2.7623e+02
20251206_16:00:00   3.5268e-01   8.3528e+01   6.8388e+00   0.0000e+00   0.0000e+00   2.7764e+02
20251206_17:00:00   3.6035e-01   8.5004e+01   7.0032e+00   0.0000e+00   0.0000e+00   2.7733e+02
20251206_18:00:00   3.4137e-01   8.1577e+01   6.6671e+00   0.0000e+00   0.0000e+00   2.7699e+02
20251206_19:00:00   3.5285e-01   8.3771e+01   6.8636e+00   0.0000e+00   0.0000e+00   2.7490e+02
20251206_20:00:00   3.6917e-01   8.6812e+01   7.1579e+00   0.0000e+00   0.0000e+00   2.7286e+02
20251206_21:00:00   3.7657e-01   8.8253e+01   7.3018e+00   0.0000e+00   0.0000e+00   2.7165e+02
20251206_22:00:00   3.9489e-01   9.1606e+01   7.5923e+00   0.0000e+00   0.0000e+00   2.7153e+02
20251206_23:00:00   4.0149e-01   9.2778e+01   7.6552e+00   0.0000e+00   0.0000e+00   2.7349e+02
20251207_00:00:00   4.1332e-01   9.4779e+01   7.8303e+00   0.0000e+00   0.0000e+00   2.7455e+02
20251207_01:00:00   4.0436e-01   9.3371e+01   7.4454e+00   0.0000e+00   0.0000e+00   2.7614e+02
20251207_02:00:00   3.9280e-01   9.1450e+01   7.0364e+00   0.0000e+00   0.0000e+00   2.7648e+02
20251207_03:00:00   3.8751e-01   9.0472e+01   6.9107e+00   0.0000e+00   0.0000e+00   2.7593e+02
20251207_04:00:00   4.0200e-01   9.2963e+01   7.1491e+00   0.0000e+00   0.0000e+00   2.7676e+02
20251207_05:00:00   4.0254e-01   9.3047e+01   7.1174e+00   0.0000e+00   0.0000e+00   2.7675e+02
20251207_06:00:00   4.0520e-01   9.3504e+01   7.1362e+00   0.0000e+00   0.0000e+00   2.7731e+02
20251207_07:00:00   4.0514e-01   9.3399e+01   7.1462e+00   0.0000e+00   0.0000e+00   2.7924e+02
20251207_08:00:00   3.8189e-01   8.9155e+01   6.8382e+00   0.0000e+00   0.0000e+00   2.8194e+02
20251207_09:00:00   3.7228e-01   8.7340e+01   6.6997e+00   0.0000e+00   0.0000e+00   2.8325e+02
20251207_10:00:00   3.7827e-01   8.8440e+01   6.7715e+00   0.0000e+00   0.0000e+00   2.8228e+02
20251207_11:00:00   3.9396e-01   9.1276e+01   7.0149e+00   0.0000e+00   0.0000e+00   2.8074e+02
20251207_12:00:00   3.8275e-01   8.9244e+01   6.8392e+00   0.0000e+00   0.0000e+00   2.7988e+02
20251207_13:00:00   3.6297e-01   8.5648e+01   6.4446e+00   0.0000e+00   0.0000e+00   2.8166e+02
20251207_14:00:00   3.4623e-01   8.2506e+01   6.1131e+00   0.0000e+00   0.0000e+00   2.8445e+02
20251207_15:00:00   3.3049e-01   7.9499e+01   5.8962e+00   0.0000e+00   0.0000e+00   2.8448e+02
20251207_16:00:00   2.9881e-01   7.3376e+01   5.3997e+00   0.0000e+00   0.0000e+00   2.8287e+02
20251207_17:00:00   2.6973e-01   6.7706e+01   4.9383e+00   0.0000e+00   0.0000e+00   2.8234e+02
20251207_18:00:00   2.5859e-01   6.5508e+01   4.7585e+00   0.0000e+00   0.0000e+00   2.8226e+02
20251207_19:00:00   2.4115e-01   6.1902e+01   4.5062e+00   0.0000e+00   0.0000e+00   2.8117e+02
20251207_20:00:00   2.2847e-01   5.9232e+01   4.3306e+00   0.0000e+00   0.0000e+00   2.7999e+02
20251207_21:00:00   2.2404e-01   5.8246e+01   4.3104e+00   0.0000e+00   0.0000e+00   2.7733e+02
20251207_22:00:00   2.2079e-01   5.7564e+01   4.2532e+00   0.0000e+00   0.0000e+00   2.7512e+02
20251207_23:00:00   2.2958e-01   5.9426e+01   4.4114e+00   0.0000e+00   0.0000e+00   2.7191e+02
20251208_00:00:00   2.2411e-01   5.8273e+01   4.3121e+00   0.0000e+00   0.0000e+00   2.7081e+02
20251208_01:00:00   2.1568e-01   5.6472e+01   4.1425e+00   0.0000e+00   0.0000e+00   2.7046e+02
20251208_02:00:00   2.0452e-01   5.4064e+01   3.9273e+00   0.0000e+00   0.0000e+00   2.6984e+02
20251208_03:00:00   1.9242e-01   5.1411e+01   3.7093e+00   0.0000e+00   0.0000e+00   2.7051e+02
20251208_04:00:00   1.8269e-01   4.9263e+01   3.5323e+00   0.0000e+00   0.0000e+00   2.7189e+02
20251208_05:00:00   1.7515e-01   4.7584e+01   3.3898e+00   0.0000e+00   0.0000e+00   2.7279e+02
20251208_06:00:00   1.7414e-01   4.7313e+01   3.4036e+00   0.0000e+00   0.0000e+00   2.7402e+02
20251208_07:00:00   1.7780e-01   4.8105e+01   3.5027e+00   0.0000e+00   0.0000e+00   2.7432e+02
20251208_08:00:00   1.8536e-01   4.9752e+01   3.6705e+00   0.0000e+00   0.0000e+00   2.7309e+02
20251208_09:00:00   1.9300e-01   5.1392e+01   3.8370e+00   0.0000e+00   0.0000e+00   2.7394e+02
20251208_10:00:00   2.0447e-01   5.3900e+01   4.0626e+00   0.0000e+00   0.0000e+00   2.7483e+02
20251208_11:00:00   2.2970e-01   5.9340e+01   4.5415e+00   0.0000e+00   0.0000e+00   2.8030e+02
20251208_12:00:00   2.5645e-01   6.4942e+01   5.0494e+00   0.0000e+00   0.0000e+00   2.8239e+02
20251208_13:00:00   2.7988e-01   6.9672e+01   5.5276e+00   0.0000e+00   0.0000e+00   2.8119e+02
20251208_14:00:00   3.0530e-01   7.4742e+01   5.9918e+00   0.0000e+00   2.8520e-05   2.8392e+02
20251208_15:00:00   3.2759e-01   7.9084e+01   6.3675e+00   0.0000e+00   0.0000e+00   2.8951e+02
20251208_16:00:00   3.3432e-01   8.0449e+01   6.4500e+00   0.0000e+00   0.0000e+00   2.9105e+02
20251208_17:00:00   3.2748e-01   7.9419e+01   6.2324e+00   0.0000e+00   0.0000e+00   2.8997e+02
20251208_18:00:00   3.4811e-01   8.3434e+01   6.4595e+00   0.0000e+00   0.0000e+00   2.9156e+02
20251208_21:00:00   2.9554e-01   7.3652e+01   5.3875e+00   0.0000e+00   0.0000e+00   2.9282e+02
20251209_00:00:00   2.1467e-01   5.6872e+01   3.8119e+00   0.0000e+00   0.0000e+00   2.9751e+02
20251209_03:00:00   1.8648e-01   5.0563e+01   3.3024e+00   0.0000e+00   0.0000e+00   2.9119e+02
20251209_06:00:00   1.6781e-01   4.6296e+01   2.9929e+00   0.0000e+00   0.0000e+00   2.8771e+02
20251209_09:00:00   1.6158e-01   4.4683e+01   2.9947e+00   0.0000e+00   0.0000e+00   2.8712e+02
20251209_12:00:00   1.3565e-01   3.8792e+01   2.5331e+00   0.0000e+00   0.0000e+00   2.8637e+02
20251209_15:00:00   1.2971e-01   3.7551e+01   2.4042e+00   0.0000e+00   0.0000e+00   2.8337e+02
20251209_18:00:00   1.3423e-01   3.8783e+01   2.5092e+00   0.0000e+00   1.9376e-05   2.7816e+02
20251209_21:00:00   1.3728e-01   3.9669e+01   2.5711e+00   0.0000e+00   0.0000e+00   2.7951e+02
20251210_00:00:00   1.5315e-01   4.3441e+01   2.8788e+00   0.0000e+00   0.0000e+00   2.8086e+02
20251210_03:00:00   1.4704e-01   4.1942e+01   2.7955e+00   0.0000e+00   0.0000e+00   2.7729e+02
20251210_06:00:00   2.0554e-01   5.4990e+01   4.1366e+00   0.0000e+00   4.4576e-04   2.8186e+02
20251210_09:00:00   3.2270e-01   7.9226e+01   6.5823e+00   0.0000e+00   2.5480e-05   2.8510e+02
20251210_12:00:00   3.6612e-01   8.7373e+01   7.4654e+00   0.0000e+00   5.5620e-05   2.8722e+02
20251210_15:00:00   3.8030e-01   9.0139e+01   7.7138e+00   0.0000e+00   0.0000e+00   2.8440e+02
20251210_18:00:00   3.8135e-01   9.0674e+01   7.6832e+00   0.0000e+00   0.0000e+00   2.7890e+02
20251210_21:00:00   3.8723e-01   9.2153e+01   7.8115e+00   0.0000e+00   0.0000e+00   2.7647e+02
20251211_00:00:00   3.9267e-01   9.3062e+01   7.8651e+00   0.0000e+00   0.0000e+00   2.8018e+02
20251211_03:00:00   4.0846e-01   9.5825e+01   8.1132e+00   0.0000e+00   0.0000e+00   2.7846e+02
20251211_06:00:00   4.1955e-01   9.7781e+01   8.2054e+00   0.0000e+00   0.0000e+00   2.7808e+02
20251211_09:00:00   4.1671e-01   9.7162e+01   8.1676e+00   0.0000e+00   0.0000e+00   2.8092e+02
20251211_12:00:00   4.0635e-01   9.5194e+01   7.9797e+00   0.0000e+00   0.0000e+00   2.7959e+02
20251211_15:00:00   4.1022e-01   9.5901e+01   8.0354e+00   0.0000e+00   0.0000e+00   2.8043e+02
20251211_18:00:00   4.4331e-01   1.0169e+02   8.6468e+00   0.0000e+00   0.0000e+00   2.7858e+02
20251211_21:00:00   4.5802e-01   1.0419e+02   8.9521e+00   0.0000e+00   0.0000e+00   2.7803e+02
20251212_00:00:00   4.8734e-01   1.0894e+02   9.4006e+00   0.0000e+00   0.0000e+00   2.7473e+02
20251212_03:00:00   3.9425e-01   9.2358e+01   7.8279e+00   0.0000e+00   0.0000e+00   2.7388e+02
20251212_06:00:00   2.5802e-01   6.5517e+01   5.2345e+00   0.0000e+00   0.0000e+00   2.7552e+02
20251212_09:00:00   2.3807e-01   6.1144e+01   4.8916e+00   0.0000e+00   0.0000e+00   2.7630e+02
20251212_12:00:00   2.5003e-01   6.3667e+01   5.0826e+00   0.0000e+00   0.0000e+00   2.7726e+02
20251212_15:00:00   2.6842e-01   6.7540e+01   5.3551e+00   0.0000e+00   0.0000e+00   2.8299e+02
20251212_18:00:00   3.0296e-01   7.4704e+01   5.9036e+00   0.0000e+00   0.0000e+00   2.8414e+02
20251212_21:00:00   3.1304e-01   7.6773e+01   6.0876e+00   0.0000e+00   0.0000e+00   2.8149e+02
20251213_00:00:00   3.2643e-01   7.9004e+01   6.4018e+00   0.0000e+00   0.0000e+00   2.8209e+02
20251213_03:00:00   2.8728e-01   7.1492e+01   5.5022e+00   0.0000e+00   2.5104e-03   2.7936e+02
20251213_06:00:00   2.5828e-01   6.5566e+01   4.9684e+00   0.0000e+00   3.0329e-02   2.8451e+02
20251213_09:00:00   2.5536e-01   6.4650e+01   4.9112e+00   0.0000e+00   5.4397e-02   2.8144e+02
20251213_12:00:00   2.3471e-01   6.0127e+01   4.5924e+00   0.0000e+00   1.6421e-02   2.8154e+02
20251213_15:00:00   2.4993e-01   6.3007e+01   4.9226e+00   0.0000e+00   2.5884e-02   2.8138e+02
20251213_18:00:00   2.8817e-01   7.0718e+01   5.6681e+00   1.6684e-05   6.1743e-02   2.8386e+02
20251213_21:00:00   3.7233e-01   8.6148e+01   7.5067e+00   0.0000e+00   6.3733e-02   2.8371e+02
20251214_00:00:00   4.1627e-01   9.3565e+01   8.2290e+00   0.0000e+00   4.1956e-01   2.8205e+02
20251214_03:00:00   5.0992e-01   1.0974e+02   9.7057e+00   0.0000e+00   2.5388e-01   2.7523e+02
20251214_06:00:00   4.8510e-01   1.0643e+02   8.7375e+00   1.2788e-04   1.9139e-01   2.7020e+02
20251214_09:00:00   4.1062e-01   9.4281e+01   7.2296e+00   0.0000e+00   1.1121e-02   2.7063e+02
20251214_12:00:00   3.3668e-01   8.0841e+01   5.9567e+00   0.0000e+00   1.2740e-05   2.7230e+02
20251214_15:00:00   2.7298e-01   6.8184e+01   4.9691e+00   0.0000e+00   0.0000e+00   2.7775e+02
20251214_18:00:00   2.0796e-01   5.5180e+01   3.6914e+00   0.0000e+00   0.0000e+00   2.8482e+02
20251214_21:00:00   2.5337e-01   6.4558e+01   4.5238e+00   0.0000e+00   0.0000e+00   2.9006e+02
20251215_00:00:00   3.3343e-01   7.9962e+01   5.6882e+00   2.9102e-03   1.5992e-03   2.9258e+02
20251215_03:00:00   5.9553e-01   1.2375e+02   6.1601e+00   9.2198e-02   5.8122e-02   2.9388e+02
20251215_06:00:00   3.3404e-01   7.9137e+01   5.5416e+00   5.1590e-03   1.3889e-02   2.9988e+02
20251215_09:00:00   3.7558e-01   8.6502e+01   4.9477e+00   4.1281e-02   8.7393e-03   3.0287e+02
20251215_12:00:00   8.3452e-01   1.5253e+02   5.0711e+00   2.4160e-01   7.1366e-03   2.9809e+02
20251215_15:00:00   2.8023e-01   6.7822e+01   5.2019e+00   1.8670e-04   1.0118e-02   3.0069e+02
20251215_18:00:00   2.9087e-01   7.0228e+01   5.4443e+00   0.0000e+00   2.1761e-03   3.0190e+02
20251215_21:00:00   2.9772e-01   7.1975e+01   5.6071e+00   0.0000e+00   7.9360e-07   3.0476e+02
20251216_00:00:00   3.2879e-01   7.7979e+01   5.8659e+00   0.0000e+00   3.9680e-07   3.0985e+02
20251216_03:00:00   2.1758e-01   5.5999e+01   3.6687e+00   0.0000e+00   0.0000e+00   3.1017e+02
20251216_06:00:00   1.5730e-01   4.2853e+01   2.7385e+00   0.0000e+00   0.0000e+00   3.0964e+02
20251216_09:00:00   1.4312e-01   3.9691e+01   2.5206e+00   0.0000e+00   0.0000e+00   3.1366e+02
20251216_12:00:00   1.2857e-01   3.6438e+01   2.2604e+00   0.0000e+00   0.0000e+00   3.1473e+02
20251216_15:00:00   1.1158e-01   3.2572e+01   1.8947e+00   0.0000e+00   0.0000e+00   3.1862e+02
20251216_18:00:00   1.2652e-01   3.5978e+01   2.3133e+00   0.0000e+00   0.0000e+00   3.1437e+02
20251216_21:00:00   2.4391e-01   6.1346e+01   4.7110e+00   0.0000e+00   4.2460e-05   3.1005e+02
20251217_00:00:00   3.2968e-01   7.8128e+01   6.2281e+00   0.0000e+00   1.2280e-03   3.1987e+02
20251217_03:00:00   3.5896e-01   8.3185e+01   6.6369e+00   0.0000e+00   7.4388e-03   3.0270e+02
20251217_06:00:00   3.9730e-01   8.9875e+01   7.3150e+00   0.0000e+00   4.4194e-03   2.9961e+02
20251217_09:00:00   4.6264e-01   1.0100e+02   8.3426e+00   0.0000e+00   4.7020e-03   2.7962e+02
20251217_12:00:00   4.1612e-01   9.3350e+01   7.5200e+00   0.0000e+00   3.2397e-02   2.7913e+02
20251217_15:00:00   4.5791e-01   1.0017e+02   8.1412e+00   1.5482e-05   1.1167e-02   2.8604e+02
20251217_18:00:00   4.5484e-01   9.9742e+01   8.0991e+00   2.0800e-04   4.2645e-02   2.9203e+02
20251217_21:00:00   3.9257e-01   8.9289e+01   7.1633e+00   0.0000e+00   5.0435e-04   2.9475e+02
20251218_00:00:00   3.6955e-01   8.5245e+01   6.6974e+00   0.0000e+00   1.9782e-05   2.9708e+02
20251218_03:00:00   2.3848e-01   6.0427e+01   4.2078e+00   0.0000e+00   3.3980e-06   3.0154e+02
20251218_06:00:00   2.0065e-01   5.2346e+01   3.5733e+00   0.0000e+00   0.0000e+00   3.0162e+02
20251218_09:00:00   1.9066e-01   5.0318e+01   3.3191e+00   0.0000e+00   0.0000e+00   3.0150e+02
20251218_12:00:00   1.6666e-01   4.5051e+01   2.8250e+00   0.0000e+00   0.0000e+00   2.9889e+02
20251218_15:00:00   1.3247e-01   3.7220e+01   2.2115e+00   0.0000e+00   0.0000e+00   2.9713e+02
20251218_18:00:00   1.1281e-01   3.2700e+01   1.9459e+00   0.0000e+00   0.0000e+00   2.9902e+02
20251218_21:00:00   1.3637e-01   3.8426e+01   2.4203e+00   0.0000e+00   0.0000e+00   2.9300e+02
20251219_00:00:00   1.5136e-01   4.1951e+01   2.6908e+00   0.0000e+00   0.0000e+00   2.9244e+02
20251219_03:00:00   1.4609e-01   4.0840e+01   2.5481e+00   0.0000e+00   0.0000e+00   2.8955e+02
20251219_06:00:00   1.4356e-01   4.0407e+01   2.5173e+00   0.0000e+00   0.0000e+00   2.9595e+02
20251219_09:00:00   1.6510e-01   4.5320e+01   2.9664e+00   0.0000e+00   0.0000e+00   2.9840e+02
20251219_12:00:00   1.7438e-01   4.7259e+01   3.2631e+00   0.0000e+00   0.0000e+00   2.9183e+02
20251219_15:00:00   2.2504e-01   5.7774e+01   4.4125e+00   0.0000e+00   4.1508e-03   2.8379e+02
20251219_18:00:00   2.7767e-01   6.8743e+01   5.4626e+00   0.0000e+00   2.5042e-02   2.8146e+02
