#            date       tau255        Tb[K]      pwv[mm] lwp[kg*m^-2] iwp[kg*m^-2]       o3[DU]
20251204_12:00:00   2.5577e-01   6.3477e+01   3.6647e+00   1.3294e-02   8.3165e-04   3.4678e+02
20251204_13:00:00   2.1132e-01   5.4413e+01   3.4428e+00   0.0000e+00   1.8284e-05   3.4344e+02
20251204_14:00:00   1.8924e-01   4.9795e+01   3.0457e+00   0.0000e+00   1.5104e-05   3.4021e+02
20251204_15:00:00   1.7100e-01   4.5848e+01   2.7235e+00   0.0000e+00   2.8150e-04   3.4133e+02
20251204_16:00:00   1.5974e-01   4.3405e+01   2.5456e+00   0.0000e+00   0.0000e+00   3.3950e+02
20251204_17:00:00   1.4757e-01   4.0743e+01   2.3772e+00   0.0000e+00   5.4330e-06   3.3529e+02
20251204_18:00:00   1.4142e-01   3.9365e+01   2.3295e+00   0.0000e+00   0.0000e+00   3.3492e+02
20251204_19:00:00   1.5205e-01   4.1729e+01   2.5831e+00   0.0000e+00   0.0000e+00   3.3254e+02
20251204_20:00:00   1.5268e-01   4.1853e+01   2.6488e+00   0.0000e+00   0.0000e+00   3.3315e+02
20251204_21:00:00   1.5395e-01   4.2072e+01   2.7342e+00   0.0000e+00   0.0000e+00   3.3495e+02
20251204_22:00:00   1.6030e-01   4.3421e+01   2.9062e+00   0.0000e+00   0.0000e+00   3.3419e+02
20251204_23:00:00   1.6916e-01   4.5247e+01   3.1287e+00   0.0000e+00   2.3740e-04   3.2997e+02
20251205_00:00:00   1.6126e-01   4.3396e+01   3.0148e+00   0.0000e+00   4.4453e-05   3.2836e+02
20251205_01:00:00   1.6204e-01   4.3563e+01   3.0334e+00   0.0000e+00   2.8220e-05   3.2519e+02
20251205_02:00:00   1.7031e-01   4.5510e+01   3.1694e+00   0.0000e+00   0.0000e+00   3.1997e+02
20251205_03:00:00   1.6430e-01   4.4379e+01   2.9791e+00   0.0000e+00   0.0000e+00   3.1594e+02
20251205_04:00:00   1.6074e-01   4.3768e+01   2.8676e+00   0.0000e+00   0.0000e+00   3.1496e+02
20251205_05:00:00   1.3726e-01   3.8497e+01   2.3903e+00   0.0000e+00   0.0000e+00   3.1393e+02
20251205_06:00:00   1.2021e-01   3.4489e+01   2.0716e+00   0.0000e+00   0.0000e+00   3.1166e+02
20251205_07:00:00   1.2296e-01   3.5080e+01   2.1388e+00   0.0000e+00   0.0000e+00   3.0908e+02
20251205_08:00:00   1.2401e-01   3.5306e+01   2.1746e+00   0.0000e+00   0.0000e+00   3.0855e+02
20251205_09:00:00   1.2568e-01   3.5652e+01   2.2240e+00   0.0000e+00   0.0000e+00   3.0698e+02
20251205_10:00:00   1.2815e-01   3.6172e+01   2.2981e+00   0.0000e+00   0.0000e+00   3.0413e+02
20251205_11:00:00   1.3046e-01   3.6639e+01   2.3720e+00   0.0000e+00   0.0000e+00   3.0183e+02
20251205_12:00:00   1.3185e-01   3.6894e+01   2.4173e+00   0.0000e+00   1.9840e-06   3.0080e+02
20251205_13:00:00   1.3191e-01   3.6859e+01   2.4441e+00   0.0000e+00   1.5784e-03   2.9927e+02
20251205_14:00:00   1.3701e-01   3.7927e+01   2.5843e+00   0.0000e+00   7.3974e-03   2.9605e+02
20251205_15:00:00   1.5164e-01   4.1100e+01   2.9096e+00   0.0000e+00   2.8785e-02   2.9451e+02
20251205_16:00:00   1.7488e-01   4.6091e+01   3.4008e+00   0.0000e+00   7.0460e-02   2.9351e+02
20251205_17:00:00   2.2855e-01   5.7354e+01   4.4755e+00   0.0000e+00   1.0841e-01   2.9527e+02
20251205_18:00:00   2.8334e-01   6.8537e+01   5.5578e+00   0.0000e+00   4.4873e-03   2.9557e+02
20251205_19:00:00   3.0505e-01   7.2881e+01   5.9538e+00   0.0000e+00   1.0696e-03   2.9609e+02
20251205_20:00:00   3.0653e-01   7.3399e+01   5.9120e+00   0.0000e+00   3.5806e-04   2.9669e+02
20251205_21:00:00   2.9035e-01   7.0482e+01   5.5514e+00   0.0000e+00   0.0000e+00   2.9582e+02
20251205_22:00:00   3.0179e-01   7.2756e+01   5.7145e+00   0.0000e+00   1.6642e-06   2.9561e+02
20251205_23:00:00   2.9351e-01   7.1453e+01   5.4758e+00   0.0000e+00   0.0000e+00   2.9404e+02
20251206_00:00:00   2.9510e-01   7.1825e+01   5.4537e+00   0.0000e+00   0.0000e+00   2.9428e+02
20251206_01:00:00   2.9806e-01   7.2475e+01   5.4806e+00   0.0000e+00   0.0000e+00   2.9199e+02
20251206_02:00:00   2.8268e-01   6.9566e+01   5.1677e+00   0.0000e+00   0.0000e+00   2.9169e+02
20251206_03:00:00   2.6655e-01   6.6470e+01   4.8523e+00   0.0000e+00   0.0000e+00   2.9130e+02
20251206_04:00:00   2.4560e-01   6.2273e+01   4.4893e+00   0.0000e+00   0.0000e+00   2.9161e+02
20251206_05:00:00   2.3823e-01   6.0744e+01   4.3786e+00   0.0000e+00   0.0000e+00   2.8816e+02
20251206_06:00:00   2.3676e-01   6.0415e+01   4.3891e+00   0.0000e+00   0.0000e+00   2.8666e+02
20251206_07:00:00   2.4090e-01   6.1186e+01   4.5550e+00   0.0000e+00   0.0000e+00   2.8515e+02
20251206_08:00:00   2.3989e-01   6.0924e+01   4.6175e+00   0.0000e+00   0.0000e+00   2.8170e+02
20251206_09:00:00   2.4861e-01   6.2786e+01   4.8178e+00   0.0000e+00   0.0000e+00   2.8116e+02
20251206_10:00:00   2.5783e-01   6.4727e+01   5.0583e+00   0.0000e+00   0.0000e+00   2.7959e+02
20251206_11:00:00   2.6229e-01   6.5734e+01   5.1767e+00   0.0000e+00   0.0000e+00   2.7805e+02
20251206_12:00:00   2.8049e-01   6.9483e+01   5.5295e+00   0.0000e+00   0.0000e+00   2.7687e+02
20251206_13:00:00   3.1133e-01   7.5534e+01   6.1613e+00   0.0000e+00   0.0000e+00   2.7714e+02
20251206_14:00:00   3.2032e-01   7.7372e+01   6.3324e+00   0.0000e+00   0.0000e+00   2.7731e+02
20251206_15:00:00   3.3012e-01   7.9328e+01   6.4844e+00   0.0000e+00   0.0000e+00   2.7977e+02
20251206_16:00:00   3.2928e-01   7.9353e+01   6.4542e+00   0.0000e+00   0.0000e+00   2.7748e+02
20251206_17:00:00   3.3328e-01   8.0280e+01   6.5485e+00   0.0000e+00   0.0000e+00   2.7615e+02
20251206_18:00:00   3.6123e-01   8.5664e+01   6.9930e+00   0.0000e+00   0.0000e+00   2.7685e+02
20251206_19:00:00   3.6432e-01   8.6372e+01   6.9994e+00   0.0000e+00   0.0000e+00   2.7651e+02
20251206_20:00:00   3.5326e-01   8.4486e+01   6.7212e+00   0.0000e+00   0.0000e+00   2.7535e+02
20251206_21:00:00   3.4676e-01   8.3411e+01   6.5054e+00   0.0000e+00   0.0000e+00   2.7491e+02
20251206_22:00:00   3.4037e-01   8.2171e+01   6.3253e+00   0.0000e+00   0.0000e+00   2.7302e+02
20251206_23:00:00   3.4878e-01   8.3702e+01   6.5692e+00   0.0000e+00   0.0000e+00   2.7281e+02
20251207_00:00:00   3.5721e-01   8.5104e+01   6.7251e+00   0.0000e+00   0.0000e+00   2.7465e+02
20251207_01:00:00   3.7309e-01   8.7822e+01   7.0684e+00   0.0000e+00   0.0000e+00   2.7425e+02
20251207_02:00:00   3.6459e-01   8.6201e+01   6.8807e+00   0.0000e+00   0.0000e+00   2.7661e+02
20251207_03:00:00   3.4727e-01   8.3106e+01   6.5002e+00   0.0000e+00   0.0000e+00   2.7564e+02
20251207_04:00:00   3.4977e-01   8.3552e+01   6.5149e+00   0.0000e+00   0.0000e+00   2.7505e+02
20251207_05:00:00   3.7298e-01   8.7750e+01   6.9363e+00   0.0000e+00   0.0000e+00   2.7526e+02
20251207_06:00:00   3.8720e-01   9.0247e+01   7.2113e+00   0.0000e+00   0.0000e+00   2.7637e+02
20251207_07:00:00   3.9590e-01   9.1739e+01   7.3669e+00   0.0000e+00   0.0000e+00   2.7702e+02
20251207_08:00:00   4.0937e-01   9.4028e+01   7.5966e+00   0.0000e+00   0.0000e+00   2.7836e+02
20251207_09:00:00   4.2253e-01   9.6285e+01   7.7914e+00   0.0000e+00   0.0000e+00   2.7819e+02
20251207_10:00:00   4.2478e-01   9.6668e+01   7.7992e+00   0.0000e+00   0.0000e+00   2.7860e+02
20251207_11:00:00   4.1372e-01   9.4756e+01   7.6113e+00   0.0000e+00   0.0000e+00   2.7927e+02
20251207_12:00:00   4.1789e-01   9.5558e+01   7.6057e+00   0.0000e+00   0.0000e+00   2.7883e+02
20251207_13:00:00   4.1786e-01   9.5634e+01   7.5628e+00   0.0000e+00   0.0000e+00   2.7877e+02
20251207_14:00:00   4.2554e-01   9.6989e+01   7.7278e+00   0.0000e+00   0.0000e+00   2.7670e+02
20251207_15:00:00   4.2550e-01   9.7016e+01   7.6900e+00   0.0000e+00   0.0000e+00   2.7531e+02
20251207_16:00:00   4.2453e-01   9.6859e+01   7.6656e+00   0.0000e+00   0.0000e+00   2.7563e+02
20251207_17:00:00   4.2778e-01   9.7526e+01   7.7690e+00   0.0000e+00   0.0000e+00   2.7489e+02
20251207_18:00:00   4.3742e-01   9.9275e+01   7.9287e+00   0.0000e+00   0.0000e+00   2.7687e+02
20251207_19:00:00   4.2248e-01   9.6875e+01   7.6932e+00   0.0000e+00   0.0000e+00   2.7842e+02
20251207_20:00:00   4.1330e-01   9.5344e+01   7.5706e+00   0.0000e+00   0.0000e+00   2.7739e+02
20251207_21:00:00   3.9989e-01   9.3050e+01   7.3549e+00   0.0000e+00   0.0000e+00   2.7540e+02
20251207_22:00:00   3.9088e-01   9.1478e+01   7.1844e+00   0.0000e+00   0.0000e+00   2.7364e+02
20251207_23:00:00   3.8270e-01   8.9969e+01   7.0034e+00   0.0000e+00   0.0000e+00   2.7337e+02
20251208_00:00:00   3.6262e-01   8.6262e+01   6.6273e+00   0.0000e+00   0.0000e+00   2.7331e+02
20251208_01:00:00   3.3892e-01   8.1793e+01   6.2210e+00   0.0000e+00   0.0000e+00   2.7516e+02
20251208_02:00:00   3.1695e-01   7.7484e+01   5.8883e+00   0.0000e+00   0.0000e+00   2.7692e+02
20251208_03:00:00   3.0137e-01   7.4333e+01   5.6611e+00   0.0000e+00   0.0000e+00   2.7730e+02
20251208_04:00:00   2.8826e-01   7.1623e+01   5.4808e+00   0.0000e+00   0.0000e+00   2.7704e+02
20251208_05:00:00   2.8495e-01   7.0916e+01   5.4496e+00   0.0000e+00   0.0000e+00   2.7754e+02
20251208_06:00:00   3.0152e-01   7.4230e+01   5.7463e+00   0.0000e+00   1.2178e-04   2.7866e+02
20251208_07:00:00   3.1009e-01   7.5949e+01   5.8853e+00   0.0000e+00   2.0775e-05   2.7914e+02
20251208_08:00:00   3.0873e-01   7.5660e+01   5.8758e+00   0.0000e+00   4.0819e-05   2.7882e+02
20251208_09:00:00   3.1360e-01   7.6583e+01   5.9671e+00   0.0000e+00   1.7301e-04   2.8057e+02
20251208_10:00:00   3.2018e-01   7.7803e+01   6.0871e+00   0.0000e+00   3.3857e-04   2.8271e+02
20251208_11:00:00   3.2542e-01   7.8725e+01   6.1911e+00   0.0000e+00   5.5804e-04   2.8343e+02
20251208_12:00:00   3.2538e-01   7.8633e+01   6.2038e+00   0.0000e+00   1.6812e-03   2.8615e+02
20251208_13:00:00   3.4550e-01   8.2348e+01   6.5462e+00   0.0000e+00   2.8817e-03   2.9029e+02
20251208_14:00:00   3.5359e-01   8.3783e+01   6.6655e+00   0.0000e+00   2.2098e-03   2.9396e+02
20251208_15:00:00   3.4993e-01   8.3036e+01   6.6162e+00   0.0000e+00   2.8315e-03   2.9479e+02
20251208_16:00:00   3.5684e-01   8.4231e+01   6.7448e+00   0.0000e+00   2.7146e-03   2.9660e+02
20251208_17:00:00   3.6509e-01   8.5770e+01   6.8689e+00   0.0000e+00   3.3234e-03   3.0100e+02
20251208_18:00:00   3.6821e-01   8.6482e+01   6.8356e+00   0.0000e+00   2.1763e-03   3.0471e+02
20251208_19:00:00   3.3065e-01   7.9712e+01   6.0954e+00   0.0000e+00   2.9760e-06   3.0619e+02
20251208_20:00:00   3.1564e-01   7.6656e+01   5.9246e+00   0.0000e+00   8.8300e-04   3.0522e+02
20251208_21:00:00   3.6894e-01   8.6351e+01   6.9435e+00   0.0000e+00   1.4275e-02   3.0583e+02
20251208_22:00:00   3.4810e-01   8.2445e+01   6.6049e+00   0.0000e+00   9.0698e-03   3.0714e+02
20251208_23:00:00   3.5969e-01   8.4776e+01   6.6678e+00   0.0000e+00   4.2460e-06   3.0885e+02
20251209_00:00:00   3.2161e-01   7.8038e+01   5.7773e+00   0.0000e+00   0.0000e+00   3.0681e+02
20251209_01:00:00   2.6779e-01   6.7687e+01   4.6899e+00   0.0000e+00   0.0000e+00   3.0670e+02
20251209_02:00:00   2.2840e-01   5.9602e+01   3.8882e+00   0.0000e+00   0.0000e+00   3.0255e+02
20251209_03:00:00   2.0079e-01   5.3578e+01   3.4000e+00   0.0000e+00   0.0000e+00   2.9954e+02
20251209_04:00:00   1.7778e-01   4.8380e+01   3.0148e+00   0.0000e+00   0.0000e+00   2.9589e+02
20251209_05:00:00   1.6341e-01   4.4976e+01   2.8171e+00   0.0000e+00   0.0000e+00   2.9483e+02
20251209_06:00:00   1.5528e-01   4.3003e+01   2.7337e+00   0.0000e+00   0.0000e+00   2.9624e+02
20251209_07:00:00   1.4406e-01   4.0375e+01   2.5672e+00   0.0000e+00   0.0000e+00   2.9562e+02
20251209_08:00:00   1.4995e-01   4.1630e+01   2.7559e+00   0.0000e+00   0.0000e+00   2.9265e+02
20251209_09:00:00   1.7470e-01   4.7138e+01   3.3166e+00   0.0000e+00   0.0000e+00   2.9171e+02
20251209_10:00:00   2.0093e-01   5.2876e+01   3.8740e+00   0.0000e+00   0.0000e+00   2.8943e+02
20251209_11:00:00   2.1732e-01   5.6332e+01   4.2808e+00   0.0000e+00   0.0000e+00   2.8935e+02
20251209_12:00:00   2.3267e-01   5.9518e+01   4.6866e+00   0.0000e+00   2.0800e-06   2.9209e+02
20251209_15:00:00   2.6771e-01   6.7130e+01   5.4445e+00   0.0000e+00   0.0000e+00   2.8829e+02
20251209_18:00:00   3.0721e-01   7.5689e+01   6.1274e+00   0.0000e+00   6.3456e-05   2.8050e+02
20251209_21:00:00   3.5765e-01   8.5422e+01   7.1458e+00   0.0000e+00   2.7698e-05   2.8093e+02
20251210_00:00:00   3.8598e-01   9.0757e+01   7.7831e+00   0.0000e+00   9.6940e-05   2.8268e+02
20251210_03:00:00   3.5575e-01   8.5331e+01   7.0814e+00   0.0000e+00   5.3077e-04   2.8760e+02
20251210_06:00:00   3.6818e-01   8.7701e+01   7.4086e+00   0.0000e+00   1.9398e-04   2.8608e+02
20251210_09:00:00   4.1060e-01   9.5393e+01   8.2609e+00   0.0000e+00   2.5996e-03   2.8672e+02
20251210_12:00:00   4.1008e-01   9.5168e+01   8.2935e+00   0.0000e+00   2.4722e-02   2.8586e+02
20251210_15:00:00   4.0340e-01   9.4305e+01   7.9849e+00   0.0000e+00   5.9580e-05   2.8483e+02
20251210_18:00:00   4.4077e-01   1.0103e+02   8.6415e+00   0.0000e+00   2.1981e-03   2.8223e+02
20251210_21:00:00   4.7239e-01   1.0656e+02   9.2243e+00   0.0000e+00   3.2001e-04   2.8010e+02
20251211_00:00:00   5.0549e-01   1.1207e+02   9.8553e+00   0.0000e+00   0.0000e+00   2.8093e+02
20251211_03:00:00   5.0452e-01   1.1200e+02   9.5579e+00   0.0000e+00   9.2400e-05   2.8421e+02
20251211_06:00:00   4.3604e-01   1.0068e+02   8.1620e+00   0.0000e+00   0.0000e+00   2.8053e+02
20251211_09:00:00   3.2866e-01   8.0817e+01   6.2182e+00   0.0000e+00   0.0000e+00   2.7947e+02
20251211_12:00:00   2.7051e-01   6.8885e+01   5.2138e+00   0.0000e+00   0.0000e+00   2.7731e+02
20251211_15:00:00   3.0247e-01   7.5402e+01   5.8505e+00   0.0000e+00   0.0000e+00   2.7522e+02
20251211_18:00:00   3.1298e-01   7.7647e+01   6.0129e+00   0.0000e+00   0.0000e+00   2.7375e+02
20251211_21:00:00   2.8111e-01   7.1557e+01   5.3627e+00   0.0000e+00   0.0000e+00   2.7756e+02
20251212_00:00:00   2.8396e-01   7.2038e+01   5.3943e+00   0.0000e+00   0.0000e+00   2.8067e+02
20251212_03:00:00   2.7754e-01   7.0853e+01   5.0937e+00   0.0000e+00   0.0000e+00   2.7970e+02
20251212_06:00:00   2.8221e-01   7.1729e+01   5.0859e+00   0.0000e+00   0.0000e+00   2.7731e+02
20251212_09:00:00   2.6990e-01   6.9124e+01   4.8829e+00   0.0000e+00   0.0000e+00   2.7798e+02
20251212_12:00:00   2.6227e-01   6.7444e+01   4.8103e+00   0.0000e+00   0.0000e+00   2.8215e+02
20251212_15:00:00   2.4374e-01   6.3513e+01   4.5161e+00   0.0000e+00   0.0000e+00   2.8193e+02
20251212_18:00:00   2.3070e-01   6.0817e+01   4.3226e+00   0.0000e+00   0.0000e+00   2.8076e+02
20251212_21:00:00   2.5939e-01   6.7067e+01   4.9168e+00   0.0000e+00   0.0000e+00   2.7957e+02
20251213_00:00:00   2.8526e-01   7.2475e+01   5.4068e+00   0.0000e+00   0.0000e+00   2.8039e+02
20251213_03:00:00   2.6508e-01   6.8203e+01   5.0044e+00   0.0000e+00   9.1220e-05   2.8148e+02
20251213_06:00:00   2.3482e-01   6.1759e+01   4.4442e+00   0.0000e+00   2.9940e-05   2.8239e+02
20251213_09:00:00   1.9669e-01   5.3188e+01   3.7597e+00   0.0000e+00   0.0000e+00   2.8111e+02
20251213_12:00:00   2.1190e-01   5.6414e+01   4.0891e+00   0.0000e+00   0.0000e+00   2.8027e+02
20251213_15:00:00   2.2035e-01   5.8167e+01   4.2084e+00   0.0000e+00   0.0000e+00   2.8254e+02
20251213_18:00:00   2.4356e-01   6.3248e+01   4.6858e+00   0.0000e+00   0.0000e+00   2.8497e+02
20251213_21:00:00   2.7390e-01   6.9626e+01   5.3111e+00   0.0000e+00   1.1016e-03   2.8162e+02
20251214_00:00:00   2.5261e-01   6.5297e+01   4.7834e+00   0.0000e+00   6.9638e-03   2.8237e+02
20251214_03:00:00   2.0957e-01   5.5568e+01   4.0031e+00   0.0000e+00   1.0518e-02   2.7814e+02
20251214_06:00:00   1.9596e-01   5.2227e+01   3.8494e+00   0.0000e+00   7.2359e-03   2.7826e+02
20251214_09:00:00   2.1924e-01   5.6863e+01   4.4509e+00   0.0000e+00   5.2603e-03   2.7590e+02
20251214_12:00:00   2.2734e-01   5.8484e+01   4.6166e+00   0.0000e+00   9.6413e-03   2.7642e+02
20251214_15:00:00   2.1558e-01   5.6173e+01   4.2891e+00   0.0000e+00   9.5998e-03   2.7531e+02
20251214_18:00:00   2.1407e-01   5.5951e+01   4.2597e+00   0.0000e+00   9.7556e-03   2.7636e+02
20251214_21:00:00   2.3730e-01   6.0988e+01   4.7584e+00   0.0000e+00   1.8684e-03   2.7226e+02
20251215_00:00:00   2.4649e-01   6.3283e+01   4.8353e+00   0.0000e+00   0.0000e+00   2.7047e+02
20251215_03:00:00   2.3105e-01   6.0209e+01   4.4619e+00   0.0000e+00   0.0000e+00   2.6595e+02
20251215_06:00:00   2.0701e-01   5.5145e+01   3.9387e+00   0.0000e+00   1.6100e-03   2.6273e+02
20251215_09:00:00   1.9293e-01   5.1839e+01   3.7363e+00   0.0000e+00   9.9410e-05   2.6279e+02
20251215_12:00:00   1.7938e-01   4.8481e+01   3.5752e+00   0.0000e+00   9.5097e-04   2.6375e+02
20251215_15:00:00   1.9923e-01   5.2374e+01   4.1219e+00   0.0000e+00   4.5947e-02   2.6150e+02
20251215_18:00:00   2.3581e-01   6.0240e+01   4.9295e+00   0.0000e+00   3.7288e-03   2.5954e+02
20251215_21:00:00   3.3106e-01   7.9055e+01   6.8799e+00   0.0000e+00   1.4033e-01   2.5892e+02
20251216_00:00:00   4.2478e-01   9.6105e+01   8.5800e+00   0.0000e+00   1.2507e-01   2.5890e+02
20251216_03:00:00   4.6937e-01   1.0383e+02   9.1193e+00   0.0000e+00   7.7527e-02   2.6010e+02
20251216_06:00:00   5.3333e-01   1.1415e+02   1.0064e+01   0.0000e+00   5.5351e-02   2.6013e+02
20251216_09:00:00   5.2562e-01   1.1279e+02   9.9316e+00   0.0000e+00   1.0966e-02   2.5997e+02
20251216_12:00:00   4.3879e-01   9.8792e+01   8.4733e+00   0.0000e+00   1.9633e-03   2.6067e+02
20251216_15:00:00   3.3667e-01   8.0978e+01   6.5480e+00   0.0000e+00   0.0000e+00   2.6295e+02
20251216_18:00:00   2.5750e-01   6.5552e+01   5.0616e+00   0.0000e+00   0.0000e+00   2.6305e+02
20251216_21:00:00   2.3344e-01   6.0421e+01   4.6898e+00   0.0000e+00   0.0000e+00   2.5879e+02
20251217_00:00:00   2.5824e-01   6.5549e+01   5.2161e+00   0.0000e+00   4.9243e-03   2.5854e+02
20251217_03:00:00   3.3681e-01   8.0398e+01   6.8610e+00   0.0000e+00   5.3022e-03   2.5866e+02
20251217_06:00:00   2.7802e-01   6.9605e+01   5.4107e+00   0.0000e+00   0.0000e+00   2.6245e+02
20251217_09:00:00   2.0803e-01   5.5081e+01   3.9488e+00   0.0000e+00   0.0000e+00   2.6598e+02
20251217_12:00:00   1.7792e-01   4.8400e+01   3.3303e+00   0.0000e+00   0.0000e+00   2.6456e+02
20251217_15:00:00   1.7630e-01   4.7930e+01   3.3806e+00   0.0000e+00   0.0000e+00   2.6542e+02
20251217_18:00:00   1.5149e-01   4.2398e+01   2.9359e+00   0.0000e+00   0.0000e+00   2.6566e+02
20251217_21:00:00   1.7016e-01   4.6777e+01   3.3882e+00   0.0000e+00   6.4130e-03   2.6511e+02
20251218_00:00:00   2.0932e-01   5.5286e+01   4.2520e+00   0.0000e+00   6.4515e-03   2.6773e+02
20251218_03:00:00   2.3878e-01   6.1492e+01   4.9510e+00   0.0000e+00   1.3692e-05   2.6377e+02
20251218_06:00:00   2.8077e-01   7.0160e+01   5.9416e+00   0.0000e+00   2.4472e-05   2.5831e+02
20251218_09:00:00   3.3355e-01   8.0742e+01   7.0022e+00   0.0000e+00   0.0000e+00   2.5739e+02
20251218_12:00:00   3.7037e-01   8.7867e+01   7.7713e+00   0.0000e+00   0.0000e+00   2.5893e+02
20251218_15:00:00   4.5222e-01   1.0324e+02   9.0775e+00   0.0000e+00   0.0000e+00   2.6187e+02
20251218_18:00:00   4.8621e-01   1.0934e+02   9.5310e+00   0.0000e+00   0.0000e+00   2.6758e+02
20251218_21:00:00   5.5784e-01   1.2107e+02   1.0869e+01   0.0000e+00   2.2519e-04   2.6247e+02
20251219_00:00:00   6.4453e-01   1.3335e+02   1.2517e+01   0.0000e+00   3.3980e-05   2.6605e+02
20251219_03:00:00   6.7125e-01   1.3707e+02   1.2619e+01   0.0000e+00   0.0000e+00   2.6581e+02
20251219_06:00:00   6.0684e-01   1.2798e+02   1.1454e+01   0.0000e+00   0.0000e+00   2.7060e+02
20251219_09:00:00   5.4226e-01   1.1805e+02   1.0262e+01   0.0000e+00   0.0000e+00   2.7327e+02
20251219_12:00:00   5.3417e-01   1.1636e+02   1.0139e+01   0.0000e+00   6.3260e-06   2.7516e+02
20251219_15:00:00   6.1527e-01   1.2858e+02   1.1312e+01   0.0000e+00   2.6182e-05   2.7568e+02
20251219_18:00:00   5.2803e-01   1.1631e+02   9.1804e+00   0.0000e+00   2.3240e-04   2.7990e+02
20251219_21:00:00   4.5751e-01   1.0522e+02   7.9914e+00   0.0000e+00   0.0000e+00   2.8576e+02
20251220_00:00:00   3.8502e-01   9.2119e+01   7.1114e+00   0.0000e+00   1.8326e-05   2.8543e+02
20251220_03:00:00   3.8077e-01   9.1195e+01   7.0431e+00   0.0000e+00   1.9590e-06   2.7964e+02
20251220_06:00:00   3.9715e-01   9.4402e+01   7.2457e+00   0.0000e+00   3.8694e-04   2.7042e+02
20251220_09:00:00   3.4975e-01   8.5391e+01   6.4938e+00   0.0000e+00   2.1178e-03   2.6789e+02
20251220_12:00:00   3.2966e-01   8.0996e+01   6.3728e+00   0.0000e+00   6.6260e-04   2.6591e+02
