#            date       tau255        Tb[K]      pwv[mm] lwp[kg*m^-2] iwp[kg*m^-2]       o3[DU]
20251211_06:00:00   3.2213e-01   7.9539e+01   6.3569e+00   0.0000e+00   0.0000e+00   2.7556e+02
20251211_07:00:00   3.1703e-01   7.8510e+01   6.2741e+00   0.0000e+00   0.0000e+00   2.7373e+02
20251211_08:00:00   3.2088e-01   7.9215e+01   6.3413e+00   0.0000e+00   0.0000e+00   2.7116e+02
20251211_09:00:00   3.1399e-01   7.7831e+01   6.1999e+00   0.0000e+00   0.0000e+00   2.7112e+02
20251211_10:00:00   2.9781e-01   7.4623e+01   5.8887e+00   0.0000e+00   0.0000e+00   2.7379e+02
20251211_11:00:00   2.8120e-01   7.1247e+01   5.5591e+00   0.0000e+00   0.0000e+00   2.7495e+02
20251211_12:00:00   2.7134e-01   6.9180e+01   5.3632e+00   0.0000e+00   0.0000e+00   2.7358e+02
20251211_13:00:00   2.6820e-01   6.8489e+01   5.3183e+00   0.0000e+00   0.0000e+00   2.7443e+02
20251211_14:00:00   2.6476e-01   6.7772e+01   5.2651e+00   0.0000e+00   0.0000e+00   2.7564e+02
20251211_15:00:00   2.6489e-01   6.7783e+01   5.2589e+00   0.0000e+00   0.0000e+00   2.7608e+02
20251211_16:00:00   2.6712e-01   6.8237e+01   5.2907e+00   0.0000e+00   0.0000e+00   2.7543e+02
20251211_17:00:00   2.6770e-01   6.8418e+01   5.2940e+00   0.0000e+00   0.0000e+00   2.7519e+02
20251211_18:00:00   2.5640e-01   6.6153e+01   5.1109e+00   0.0000e+00   0.0000e+00   2.7571e+02
20251211_19:00:00   2.4145e-01   6.3030e+01   4.8622e+00   0.0000e+00   0.0000e+00   2.7784e+02
20251211_20:00:00   2.3059e-01   6.0687e+01   4.6728e+00   0.0000e+00   0.0000e+00   2.7912e+02
20251211_21:00:00   2.2485e-01   5.9435e+01   4.5613e+00   0.0000e+00   0.0000e+00   2.7865e+02
20251211_22:00:00   2.2073e-01   5.8532e+01   4.4781e+00   0.0000e+00   0.0000e+00   2.7783e+02
20251211_23:00:00   2.2408e-01   5.9298e+01   4.5202e+00   0.0000e+00   0.0000e+00   2.7654e+02
20251212_00:00:00   2.3383e-01   6.1420e+01   4.6833e+00   0.0000e+00   0.0000e+00   2.7516e+02
20251212_01:00:00   2.4854e-01   6.4582e+01   4.9429e+00   0.0000e+00   0.0000e+00   2.7568e+02
20251212_02:00:00   2.5503e-01   6.6024e+01   5.0270e+00   0.0000e+00   0.0000e+00   2.7789e+02
20251212_03:00:00   2.5460e-01   6.5962e+01   4.9927e+00   0.0000e+00   0.0000e+00   2.7575e+02
20251212_04:00:00   2.5220e-01   6.5492e+01   4.9248e+00   0.0000e+00   0.0000e+00   2.7462e+02
20251212_05:00:00   2.5073e-01   6.5212e+01   4.8825e+00   0.0000e+00   0.0000e+00   2.7308e+02
20251212_06:00:00   2.5074e-01   6.5268e+01   4.8613e+00   0.0000e+00   0.0000e+00   2.7228e+02
20251212_07:00:00   2.4700e-01   6.4512e+01   4.7661e+00   0.0000e+00   0.0000e+00   2.7424e+02
20251212_08:00:00   2.2270e-01   5.9344e+01   4.2431e+00   0.0000e+00   0.0000e+00   2.7300e+02
20251212_09:00:00   1.9470e-01   5.3198e+01   3.6474e+00   0.0000e+00   0.0000e+00   2.7231e+02
20251212_10:00:00   1.9424e-01   5.2997e+01   3.6561e+00   0.0000e+00   0.0000e+00   2.7334e+02
20251212_11:00:00   2.1136e-01   5.6606e+01   4.0396e+00   0.0000e+00   0.0000e+00   2.7834e+02
20251212_12:00:00   2.1651e-01   5.7566e+01   4.1797e+00   0.0000e+00   0.0000e+00   2.8153e+02
20251212_13:00:00   2.1226e-01   5.6544e+01   4.1042e+00   0.0000e+00   0.0000e+00   2.8345e+02
20251212_14:00:00   2.1236e-01   5.6521e+01   4.1123e+00   0.0000e+00   0.0000e+00   2.8484e+02
20251212_15:00:00   2.1159e-01   5.6346e+01   4.1081e+00   0.0000e+00   0.0000e+00   2.8756e+02
20251212_16:00:00   2.0699e-01   5.5345e+01   4.0296e+00   0.0000e+00   0.0000e+00   2.8721e+02
20251212_17:00:00   2.0779e-01   5.5546e+01   4.0435e+00   0.0000e+00   0.0000e+00   2.8672e+02
20251212_18:00:00   1.9911e-01   5.3663e+01   3.9040e+00   0.0000e+00   0.0000e+00   2.8623e+02
20251212_19:00:00   1.8784e-01   5.1173e+01   3.7066e+00   0.0000e+00   0.0000e+00   2.8560e+02
20251212_20:00:00   1.8486e-01   5.0546e+01   3.6531e+00   0.0000e+00   0.0000e+00   2.8326e+02
20251212_21:00:00   1.9298e-01   5.2449e+01   3.7981e+00   0.0000e+00   0.0000e+00   2.8316e+02
20251212_22:00:00   1.8624e-01   5.0966e+01   3.6528e+00   0.0000e+00   0.0000e+00   2.8022e+02
20251212_23:00:00   1.7128e-01   4.7545e+01   3.3431e+00   0.0000e+00   0.0000e+00   2.7856e+02
20251213_00:00:00   1.6776e-01   4.6735e+01   3.2522e+00   0.0000e+00   0.0000e+00   2.8081e+02
20251213_01:00:00   1.6663e-01   4.6484e+01   3.2139e+00   0.0000e+00   0.0000e+00   2.8264e+02
20251213_02:00:00   1.6627e-01   4.6375e+01   3.2027e+00   0.0000e+00   0.0000e+00   2.8392e+02
20251213_03:00:00   1.6582e-01   4.6273e+01   3.1938e+00   0.0000e+00   0.0000e+00   2.8346e+02
20251213_04:00:00   1.6269e-01   4.5575e+01   3.1212e+00   0.0000e+00   0.0000e+00   2.8265e+02
20251213_05:00:00   1.5650e-01   4.4136e+01   2.9896e+00   0.0000e+00   0.0000e+00   2.8147e+02
20251213_06:00:00   1.4948e-01   4.2499e+01   2.8489e+00   0.0000e+00   0.0000e+00   2.7841e+02
20251213_07:00:00   1.4398e-01   4.1184e+01   2.7426e+00   0.0000e+00   0.0000e+00   2.7827e+02
20251213_08:00:00   1.3816e-01   3.9787e+01   2.6283e+00   0.0000e+00   0.0000e+00   2.7901e+02
20251213_09:00:00   1.3660e-01   3.9413e+01   2.5956e+00   0.0000e+00   0.0000e+00   2.7815e+02
20251213_10:00:00   1.4401e-01   4.1154e+01   2.7396e+00   0.0000e+00   0.0000e+00   2.7900e+02
20251213_11:00:00   1.4976e-01   4.2483e+01   2.8480e+00   0.0000e+00   0.0000e+00   2.8088e+02
20251213_12:00:00   1.5013e-01   4.2544e+01   2.8502e+00   0.0000e+00   7.7400e-06   2.8441e+02
20251213_13:00:00   1.5598e-01   4.3903e+01   2.9581e+00   0.0000e+00   3.1224e-04   2.8900e+02
20251213_14:00:00   1.6309e-01   4.5565e+01   3.0915e+00   0.0000e+00   1.2533e-03   2.8927e+02
20251213_15:00:00   1.6817e-01   4.6729e+01   3.1873e+00   0.0000e+00   9.7563e-04   2.8569e+02
20251213_16:00:00   1.6674e-01   4.6367e+01   3.1726e+00   0.0000e+00   8.6560e-05   2.8527e+02
20251213_17:00:00   1.6621e-01   4.6254e+01   3.1667e+00   0.0000e+00   3.8700e-06   2.8672e+02
20251213_18:00:00   1.6624e-01   4.6323e+01   3.1742e+00   0.0000e+00   0.0000e+00   2.8535e+02
20251213_19:00:00   1.6362e-01   4.5748e+01   3.1426e+00   0.0000e+00   0.0000e+00   2.8239e+02
20251213_20:00:00   1.7194e-01   4.7704e+01   3.3087e+00   0.0000e+00   0.0000e+00   2.7877e+02
20251213_21:00:00   1.7117e-01   4.7527e+01   3.3011e+00   0.0000e+00   0.0000e+00   2.7658e+02
20251213_22:00:00   1.5808e-01   4.4496e+01   3.0463e+00   0.0000e+00   0.0000e+00   2.7496e+02
20251213_23:00:00   1.5248e-01   4.3172e+01   2.9299e+00   0.0000e+00   0.0000e+00   2.7463e+02
20251214_00:00:00   1.5722e-01   4.4238e+01   3.0203e+00   0.0000e+00   0.0000e+00   2.7459e+02
20251214_01:00:00   1.6526e-01   4.6060e+01   3.1833e+00   0.0000e+00   0.0000e+00   2.7394e+02
20251214_02:00:00   1.6664e-01   4.6344e+01   3.2182e+00   0.0000e+00   0.0000e+00   2.7192e+02
20251214_03:00:00   1.6496e-01   4.5937e+01   3.1969e+00   0.0000e+00   0.0000e+00   2.6754e+02
20251214_04:00:00   1.6434e-01   4.5795e+01   3.1877e+00   0.0000e+00   0.0000e+00   2.6715e+02
20251214_05:00:00   1.6748e-01   4.6497e+01   3.2547e+00   0.0000e+00   0.0000e+00   2.6635e+02
20251214_06:00:00   1.7341e-01   4.7811e+01   3.3798e+00   0.0000e+00   0.0000e+00   2.6493e+02
20251214_07:00:00   1.7216e-01   4.7513e+01   3.3538e+00   0.0000e+00   7.7400e-06   2.6443e+02
20251214_08:00:00   1.7319e-01   4.7672e+01   3.3903e+00   0.0000e+00   3.1680e-06   2.6357e+02
20251214_09:00:00   1.7237e-01   4.7424e+01   3.3826e+00   0.0000e+00   8.5522e-05   2.6265e+02
20251214_10:00:00   1.7352e-01   4.7600e+01   3.4212e+00   0.0000e+00   2.4519e-04   2.6401e+02
20251214_11:00:00   1.7391e-01   4.7612e+01   3.4331e+00   0.0000e+00   1.3864e-03   2.6458e+02
20251214_12:00:00   1.7239e-01   4.7229e+01   3.4117e+00   0.0000e+00   2.0042e-03   2.6534e+02
20251214_13:00:00   1.7406e-01   4.7498e+01   3.4690e+00   0.0000e+00   3.8074e-03   2.6808e+02
20251214_14:00:00   1.7546e-01   4.7789e+01   3.5065e+00   0.0000e+00   6.7543e-03   2.7236e+02
20251214_15:00:00   1.8025e-01   4.8778e+01   3.6301e+00   0.0000e+00   9.6402e-03   2.7441e+02
20251214_16:00:00   1.8611e-01   5.0028e+01   3.7659e+00   0.0000e+00   9.9956e-03   2.7624e+02
20251214_17:00:00   1.9981e-01   5.2967e+01   4.0651e+00   0.0000e+00   9.4091e-03   2.7568e+02
20251214_18:00:00   2.0405e-01   5.3902e+01   4.1687e+00   0.0000e+00   9.6119e-03   2.7631e+02
20251214_19:00:00   1.9980e-01   5.3061e+01   4.0972e+00   0.0000e+00   7.5533e-03   2.7434e+02
20251214_20:00:00   1.9928e-01   5.2977e+01   4.1014e+00   0.0000e+00   3.2261e-03   2.6999e+02
20251214_21:00:00   2.0809e-01   5.4955e+01   4.2722e+00   0.0000e+00   3.6095e-03   2.6569e+02
20251214_22:00:00   2.1187e-01   5.5795e+01   4.3451e+00   0.0000e+00   4.5337e-03   2.6297e+02
20251214_23:00:00   2.0661e-01   5.4922e+01   4.1579e+00   0.0000e+00   1.4582e-04   2.6244e+02
20251215_00:00:00   2.1035e-01   5.5758e+01   4.2204e+00   0.0000e+00   2.5454e-03   2.6195e+02
20251215_01:00:00   2.1415e-01   5.6523e+01   4.3118e+00   0.0000e+00   2.3446e-03   2.6243e+02
20251215_02:00:00   2.0822e-01   5.5297e+01   4.1711e+00   0.0000e+00   5.4266e-03   2.6543e+02
20251215_03:00:00   2.1551e-01   5.6753e+01   4.3305e+00   0.0000e+00   9.1895e-03   2.6649e+02
20251215_04:00:00   2.1679e-01   5.7004e+01   4.3427e+00   0.0000e+00   1.6626e-02   2.6727e+02
20251215_05:00:00   2.1411e-01   5.6406e+01   4.2850e+00   0.0000e+00   1.6003e-02   2.7014e+02
20251215_06:00:00   2.0485e-01   5.4485e+01   4.0644e+00   0.0000e+00   1.9439e-02   2.7243e+02
20251215_07:00:00   2.1041e-01   5.5565e+01   4.2194e+00   0.0000e+00   1.4550e-02   2.7334e+02
20251215_08:00:00   2.1267e-01   5.5921e+01   4.3001e+00   0.0000e+00   2.2768e-02   2.7207e+02
20251215_09:00:00   2.0683e-01   5.4651e+01   4.1609e+00   0.0000e+00   3.0381e-02   2.7117e+02
20251215_10:00:00   1.9106e-01   5.1309e+01   3.7860e+00   0.0000e+00   1.4900e-02   2.7189e+02
20251215_11:00:00   1.8487e-01   4.9859e+01   3.6809e+00   0.0000e+00   8.4263e-03   2.7284e+02
20251215_12:00:00   1.8363e-01   4.9511e+01   3.6728e+00   0.0000e+00   1.4077e-02   2.7378e+02
20251215_13:00:00   1.8486e-01   4.9795e+01   3.6881e+00   0.0000e+00   3.1565e-03   2.7313e+02
20251215_14:00:00   2.0001e-01   5.3068e+01   4.0252e+00   0.0000e+00   1.3732e-03   2.7290e+02
20251215_15:00:00   1.9990e-01   5.3054e+01   4.0201e+00   0.0000e+00   2.1540e-03   2.7208e+02
20251215_16:00:00   1.9541e-01   5.2232e+01   3.8768e+00   0.0000e+00   7.8340e-04   2.7114e+02
20251215_17:00:00   1.9062e-01   5.1340e+01   3.7252e+00   0.0000e+00   0.0000e+00   2.7107e+02
20251215_18:00:00   1.8256e-01   4.9727e+01   3.5202e+00   0.0000e+00   0.0000e+00   2.7009e+02
20251215_19:00:00   1.8029e-01   4.9397e+01   3.4038e+00   0.0000e+00   0.0000e+00   2.6807e+02
20251215_20:00:00   1.6796e-01   4.6689e+01   3.1364e+00   0.0000e+00   0.0000e+00   2.6409e+02
20251215_21:00:00   1.7010e-01   4.7131e+01   3.2009e+00   0.0000e+00   0.0000e+00   2.6251e+02
20251215_22:00:00   1.7754e-01   4.8633e+01   3.3988e+00   0.0000e+00   0.0000e+00   2.6232e+02
20251215_23:00:00   1.8733e-01   5.0754e+01   3.5758e+00   0.0000e+00   0.0000e+00   2.6260e+02
20251216_00:00:00   1.8100e-01   4.9400e+01   3.3841e+00   0.0000e+00   0.0000e+00   2.6301e+02
20251216_01:00:00   1.7566e-01   4.8199e+01   3.2412e+00   0.0000e+00   0.0000e+00   2.6448e+02
20251216_02:00:00   1.7242e-01   4.7514e+01   3.1115e+00   0.0000e+00   0.0000e+00   2.6677e+02
20251216_03:00:00   1.7184e-01   4.7432e+01   3.0336e+00   0.0000e+00   0.0000e+00   2.6711e+02
20251216_04:00:00   1.7375e-01   4.7833e+01   3.0545e+00   0.0000e+00   0.0000e+00   2.6605e+02
20251216_05:00:00   1.7838e-01   4.8766e+01   3.1910e+00   0.0000e+00   0.0000e+00   2.6802e+02
20251216_06:00:00   1.8517e-01   5.0145e+01   3.3673e+00   0.0000e+00   0.0000e+00   2.6680e+02
20251216_09:00:00   1.7753e-01   4.8320e+01   3.2635e+00   0.0000e+00   0.0000e+00   2.6134e+02
20251216_12:00:00   1.5193e-01   4.2574e+01   2.7872e+00   0.0000e+00   0.0000e+00   2.5860e+02
20251216_15:00:00   1.6584e-01   4.5412e+01   3.2854e+00   0.0000e+00   0.0000e+00   2.6017e+02
20251216_18:00:00   2.0537e-01   5.4037e+01   4.2693e+00   0.0000e+00   0.0000e+00   2.5948e+02
20251216_21:00:00   2.5001e-01   6.4226e+01   5.0782e+00   0.0000e+00   3.4100e-04   2.5986e+02
20251217_00:00:00   2.7455e-01   6.9566e+01   5.5468e+00   0.0000e+00   0.0000e+00   2.6265e+02
20251217_03:00:00   2.7865e-01   7.0212e+01   5.8826e+00   0.0000e+00   0.0000e+00   2.6179e+02
20251217_06:00:00   3.0949e-01   7.6467e+01   6.5849e+00   0.0000e+00   0.0000e+00   2.5865e+02
20251217_09:00:00   3.3377e-01   8.1181e+01   7.0954e+00   0.0000e+00   0.0000e+00   2.5742e+02
20251217_12:00:00   3.0991e-01   7.6385e+01   6.6359e+00   0.0000e+00   2.5200e-05   2.5816e+02
20251217_15:00:00   2.7669e-01   6.9643e+01   5.9629e+00   0.0000e+00   0.0000e+00   2.5907e+02
20251217_18:00:00   2.4346e-01   6.3167e+01   5.2051e+00   0.0000e+00   1.0750e-03   2.6002e+02
20251217_21:00:00   2.5850e-01   6.6360e+01   5.5813e+00   0.0000e+00   2.3260e-04   2.5634e+02
20251218_00:00:00   2.3977e-01   6.2274e+01   5.1665e+00   0.0000e+00   1.0114e-03   2.5650e+02
20251218_03:00:00   1.9784e-01   5.3195e+01   4.1832e+00   0.0000e+00   1.9934e-05   2.5647e+02
20251218_06:00:00   2.0959e-01   5.5876e+01   4.3797e+00   0.0000e+00   0.0000e+00   2.5782e+02
20251218_09:00:00   2.5949e-01   6.6468e+01   5.4575e+00   0.0000e+00   0.0000e+00   2.5651e+02
20251218_12:00:00   2.6571e-01   6.7382e+01   5.6737e+00   0.0000e+00   0.0000e+00   2.5637e+02
20251218_15:00:00   2.8642e-01   7.1423e+01   6.1199e+00   0.0000e+00   6.7200e-05   2.5668e+02
20251218_18:00:00   2.9876e-01   7.3894e+01   6.4450e+00   0.0000e+00   0.0000e+00   2.5782e+02
20251218_21:00:00   3.3795e-01   8.2014e+01   7.1899e+00   0.0000e+00   0.0000e+00   2.5672e+02
20251219_00:00:00   4.0787e-01   9.5321e+01   8.4254e+00   0.0000e+00   0.0000e+00   2.5648e+02
20251219_03:00:00   3.4606e-01   8.3901e+01   7.0787e+00   0.0000e+00   0.0000e+00   2.5653e+02
20251219_06:00:00   3.2922e-01   8.0583e+01   6.7776e+00   0.0000e+00   0.0000e+00   2.5880e+02
20251219_09:00:00   3.2753e-01   8.0259e+01   6.6323e+00   0.0000e+00   0.0000e+00   2.5990e+02
20251219_12:00:00   3.9304e-01   9.1768e+01   8.1929e+00   0.0000e+00   6.1056e-04   2.6373e+02
20251219_15:00:00   4.1209e-01   9.4974e+01   8.5729e+00   0.0000e+00   1.0871e-03   2.6400e+02
20251219_18:00:00   4.0997e-01   9.4392e+01   8.4519e+00   0.0000e+00   9.1788e-03   2.6343e+02
20251219_21:00:00   4.0521e-01   9.3839e+01   8.2691e+00   0.0000e+00   2.6637e-02   2.6227e+02
20251220_00:00:00   4.8933e-01   1.0814e+02   9.6354e+00   0.0000e+00   2.3347e-03   2.6554e+02
20251220_03:00:00   4.2146e-01   9.6895e+01   8.0111e+00   0.0000e+00   0.0000e+00   2.6505e+02
20251220_06:00:00   3.9307e-01   9.2224e+01   7.2680e+00   0.0000e+00   0.0000e+00   2.6126e+02
20251220_09:00:00   3.4625e-01   8.3426e+01   6.5826e+00   0.0000e+00   4.4460e-05   2.6017e+02
20251220_12:00:00   3.4725e-01   8.3581e+01   6.6781e+00   0.0000e+00   6.5900e-05   2.6356e+02
20251220_15:00:00   3.5869e-01   8.5642e+01   7.0256e+00   0.0000e+00   6.3370e-06   2.6107e+02
20251220_18:00:00   3.6361e-01   8.6681e+01   7.2610e+00   0.0000e+00   1.2112e-04   2.6160e+02
20251220_21:00:00   3.9415e-01   9.2626e+01   7.9122e+00   0.0000e+00   0.0000e+00   2.6021e+02
20251221_00:00:00   4.0970e-01   9.5644e+01   8.0867e+00   0.0000e+00   0.0000e+00   2.5902e+02
20251221_03:00:00   4.2473e-01   9.8142e+01   8.2654e+00   0.0000e+00   0.0000e+00   2.5870e+02
20251221_06:00:00   4.5621e-01   1.0355e+02   8.8207e+00   0.0000e+00   0.0000e+00   2.6198e+02
20251221_09:00:00   5.5373e-01   1.1890e+02   1.0636e+01   0.0000e+00   3.7180e-05   2.6320e+02
20251221_12:00:00   5.1382e-01   1.1286e+02   9.5960e+00   0.0000e+00   1.1586e-03   2.6310e+02
20251221_15:00:00   4.3726e-01   1.0028e+02   8.2537e+00   0.0000e+00   6.1440e-06   2.6509e+02
20251221_18:00:00   4.0372e-01   9.4533e+01   7.6671e+00   0.0000e+00   2.1760e-06   2.6772e+02
20251221_21:00:00   4.7209e-01   1.0617e+02   9.3491e+00   0.0000e+00   1.9590e-05   2.6650e+02
20251222_00:00:00   5.0540e-01   1.1166e+02   9.8231e+00   0.0000e+00   0.0000e+00   2.6455e+02
20251222_03:00:00   5.2322e-01   1.1478e+02   9.9848e+00   0.0000e+00   0.0000e+00   2.6297e+02
20251222_06:00:00   3.8307e-01   9.0196e+01   7.5786e+00   0.0000e+00   4.9620e-04   2.6405e+02
20251222_09:00:00   4.6199e-01   1.0377e+02   9.1108e+00   0.0000e+00   2.7176e-04   2.6533e+02
20251222_12:00:00   4.6550e-01   1.0417e+02   9.2360e+00   0.0000e+00   3.3335e-03   2.7414e+02
20251222_15:00:00   4.1262e-01   9.5500e+01   8.0045e+00   0.0000e+00   0.0000e+00   2.7902e+02
20251222_18:00:00   3.5681e-01   8.5409e+01   7.0069e+00   0.0000e+00   8.3854e-04   2.8223e+02
20251222_21:00:00   4.0573e-01   9.3450e+01   8.2625e+00   0.0000e+00   1.2714e-01   2.8632e+02
20251223_00:00:00   4.0267e-01   9.2271e+01   8.2763e+00   0.0000e+00   6.2285e-02   2.8918e+02
20251223_03:00:00   4.2633e-01   9.6250e+01   8.6597e+00   0.0000e+00   6.0608e-02   2.9073e+02
20251223_06:00:00   5.8591e-01   1.2122e+02   1.1303e+01   0.0000e+00   2.2559e-01   2.9404e+02
20251223_09:00:00   6.6209e-01   1.3216e+02   1.1877e+01   4.5718e-03   3.7460e-02   3.0137e+02
20251223_12:00:00   7.0573e-01   1.3786e+02   1.1237e+01   3.4938e-02   9.9397e-02   3.0247e+02
20251223_15:00:00   1.4104e+00   2.0601e+02   1.0221e+01   3.4835e-01   4.1398e-02   3.0790e+02
20251223_18:00:00   8.7500e-01   1.5794e+02   1.0982e+01   1.0448e-01   7.5665e-01   3.0981e+02
20251223_21:00:00   1.1526e+00   1.8572e+02   1.1124e+01   2.1002e-01   1.0729e+00   3.0478e+02
20251224_00:00:00   5.8612e-01   1.1986e+02   9.7812e+00   1.2295e-02   6.2286e-01   3.0743e+02
20251224_03:00:00   4.1138e-01   9.2040e+01   6.9380e+00   0.0000e+00   2.5403e-01   3.1995e+02
20251224_06:00:00   2.2941e-01   5.7840e+01   3.6779e+00   0.0000e+00   1.4274e-02   3.2668e+02
20251224_09:00:00   2.3262e-01   5.8121e+01   3.6658e+00   0.0000e+00   4.7496e-02   3.3336e+02
20251224_12:00:00   1.9655e-01   5.0755e+01   2.9680e+00   5.4180e-05   5.5785e-02   3.3245e+02
20251224_15:00:00   1.3171e-01   3.6637e+01   1.9564e+00   0.0000e+00   5.1309e-04   3.3199e+02
20251224_18:00:00   1.0387e-01   3.0316e+01   1.5724e+00   0.0000e+00   0.0000e+00   3.3274e+02
20251224_21:00:00   1.2217e-01   3.4672e+01   1.9547e+00   0.0000e+00   0.0000e+00   3.2473e+02
20251225_00:00:00   1.3769e-01   3.8058e+01   2.3758e+00   0.0000e+00   2.1440e-02   3.2656e+02
20251225_03:00:00   1.3802e-01   3.7990e+01   2.4637e+00   0.0000e+00   4.7115e-02   3.2049e+02
20251225_06:00:00   1.1530e-01   3.2605e+01   2.0782e+00   0.0000e+00   4.1202e-02   3.1573e+02
20251225_09:00:00   1.1671e-01   3.3040e+01   2.0936e+00   5.2660e-05   2.2189e-02   3.2109e+02
20251225_12:00:00   1.2058e-01   3.3993e+01   2.1513e+00   0.0000e+00   5.5126e-02   3.1618e+02
20251225_15:00:00   1.2377e-01   3.4894e+01   2.1593e+00   0.0000e+00   2.3144e-02   3.1800e+02
20251225_18:00:00   1.5653e-01   4.2292e+01   2.8017e+00   0.0000e+00   2.8073e-02   3.2089e+02
20251225_21:00:00   1.9154e-01   5.0060e+01   3.4229e+00   0.0000e+00   7.7919e-02   3.1802e+02
20251226_00:00:00   1.7216e-01   4.5972e+01   3.0061e+00   0.0000e+00   1.5127e-03   3.2747e+02
20251226_03:00:00   2.0069e-01   5.2215e+01   3.2385e+00   0.0000e+00   0.0000e+00   3.3658e+02
20251226_06:00:00   1.9282e-01   5.0157e+01   3.0161e+00   0.0000e+00   1.9425e-04   3.5110e+02
20251226_09:00:00   1.7417e-01   4.6125e+01   2.6361e+00   0.0000e+00   7.2303e-06   3.4915e+02
20251226_12:00:00   1.0593e-01   3.0962e+01   1.5976e+00   0.0000e+00   0.0000e+00   3.2098e+02
20251226_15:00:00   9.3022e-02   2.7920e+01   1.5027e+00   0.0000e+00   0.0000e+00   3.1895e+02
20251226_18:00:00   1.1774e-01   3.3739e+01   2.2004e+00   0.0000e+00   0.0000e+00   3.1788e+02
20251226_21:00:00   1.5120e-01   4.1720e+01   2.9513e+00   0.0000e+00   0.0000e+00   3.1236e+02
20251227_00:00:00   1.7218e-01   4.6690e+01   3.3798e+00   0.0000e+00   0.0000e+00   3.1219e+02
20251227_03:00:00   1.9047e-01   5.0995e+01   3.7807e+00   0.0000e+00   0.0000e+00   3.0699e+02
20251227_06:00:00   1.9636e-01   5.2356e+01   3.9638e+00   0.0000e+00   5.2940e-05   3.0333e+02
