#            date       tau255        Tb[K]      pwv[mm] lwp[kg*m^-2] iwp[kg*m^-2]       o3[DU]
20251201_18:00:00   1.4688e-01   4.0644e+01   2.4246e+00   0.0000e+00   0.0000e+00   3.4037e+02
20251201_19:00:00   1.3677e-01   3.8344e+01   2.2835e+00   0.0000e+00   0.0000e+00   3.4253e+02
20251201_20:00:00   1.3314e-01   3.7523e+01   2.2486e+00   0.0000e+00   0.0000e+00   3.4514e+02
20251201_21:00:00   1.2927e-01   3.6683e+01   2.1915e+00   0.0000e+00   0.0000e+00   3.4174e+02
20251201_22:00:00   1.2690e-01   3.6151e+01   2.1642e+00   0.0000e+00   0.0000e+00   3.3673e+02
20251201_23:00:00   1.2958e-01   3.6740e+01   2.2357e+00   0.0000e+00   0.0000e+00   3.3079e+02
20251202_00:00:00   1.3721e-01   3.8453e+01   2.4094e+00   0.0000e+00   0.0000e+00   3.2600e+02
20251202_01:00:00   1.3956e-01   3.8973e+01   2.4773e+00   0.0000e+00   0.0000e+00   3.2342e+02
20251202_02:00:00   1.4222e-01   3.9550e+01   2.5716e+00   0.0000e+00   0.0000e+00   3.2096e+02
20251202_03:00:00   1.3073e-01   3.6920e+01   2.3705e+00   0.0000e+00   0.0000e+00   3.1970e+02
20251202_04:00:00   1.3017e-01   3.6853e+01   2.3548e+00   0.0000e+00   0.0000e+00   3.1911e+02
20251202_05:00:00   1.2822e-01   3.6452e+01   2.3259e+00   0.0000e+00   0.0000e+00   3.1959e+02
20251202_06:00:00   1.2096e-01   3.4800e+01   2.1839e+00   0.0000e+00   0.0000e+00   3.1967e+02
20251202_07:00:00   1.1941e-01   3.4449e+01   2.1655e+00   0.0000e+00   0.0000e+00   3.2110e+02
20251202_08:00:00   1.1971e-01   3.4533e+01   2.1897e+00   0.0000e+00   0.0000e+00   3.2280e+02
20251202_09:00:00   1.2118e-01   3.4871e+01   2.2298e+00   0.0000e+00   0.0000e+00   3.2295e+02
20251202_10:00:00   1.2398e-01   3.5520e+01   2.3061e+00   0.0000e+00   0.0000e+00   3.2112e+02
20251202_11:00:00   1.2625e-01   3.6023e+01   2.3607e+00   0.0000e+00   0.0000e+00   3.1959e+02
20251202_12:00:00   1.2946e-01   3.6769e+01   2.4403e+00   0.0000e+00   0.0000e+00   3.2083e+02
20251202_13:00:00   1.2965e-01   3.6846e+01   2.4479e+00   0.0000e+00   0.0000e+00   3.2123e+02
20251202_14:00:00   1.3064e-01   3.7110e+01   2.4786e+00   0.0000e+00   0.0000e+00   3.2127e+02
20251202_15:00:00   1.3733e-01   3.8674e+01   2.6376e+00   0.0000e+00   0.0000e+00   3.2189e+02
20251202_16:00:00   1.4095e-01   3.9563e+01   2.7181e+00   0.0000e+00   0.0000e+00   3.2239e+02
20251202_17:00:00   1.3927e-01   3.9195e+01   2.6970e+00   0.0000e+00   0.0000e+00   3.2231e+02
20251202_18:00:00   1.4894e-01   4.1419e+01   2.9117e+00   0.0000e+00   0.0000e+00   3.2402e+02
20251202_19:00:00   1.5463e-01   4.2662e+01   3.0567e+00   0.0000e+00   0.0000e+00   3.2572e+02
20251202_20:00:00   1.7125e-01   4.6321e+01   3.4318e+00   0.0000e+00   0.0000e+00   3.2767e+02
20251202_21:00:00   1.9047e-01   5.0474e+01   3.8426e+00   0.0000e+00   0.0000e+00   3.2548e+02
20251202_22:00:00   2.0929e-01   5.4603e+01   4.2099e+00   0.0000e+00   0.0000e+00   3.1807e+02
20251202_23:00:00   2.2328e-01   5.7560e+01   4.4743e+00   0.0000e+00   0.0000e+00   3.1608e+02
20251203_00:00:00   2.3989e-01   6.0968e+01   4.7917e+00   0.0000e+00   1.8690e-05   3.1603e+02
20251203_01:00:00   2.5268e-01   6.3538e+01   5.0397e+00   0.0000e+00   5.3620e-05   3.1917e+02
20251203_02:00:00   2.7409e-01   6.7828e+01   5.4657e+00   0.0000e+00   3.0720e-06   3.2168e+02
20251203_03:00:00   3.0148e-01   7.3227e+01   5.9859e+00   0.0000e+00   7.0816e-05   3.2552e+02
20251203_04:00:00   3.1671e-01   7.5791e+01   6.3487e+00   0.0000e+00   2.8031e-03   3.2985e+02
20251203_05:00:00   2.9190e-01   7.0740e+01   5.7819e+00   0.0000e+00   2.8044e-02   3.3001e+02
20251203_06:00:00   2.5500e-01   6.3789e+01   4.9128e+00   0.0000e+00   5.0015e-03   3.3527e+02
20251203_07:00:00   2.5705e-01   6.4487e+01   4.8102e+00   0.0000e+00   2.5101e-03   3.3831e+02
20251203_08:00:00   2.5091e-01   6.3132e+01   4.7586e+00   0.0000e+00   0.0000e+00   3.3727e+02
20251203_09:00:00   2.5650e-01   6.4135e+01   4.9257e+00   0.0000e+00   1.0016e-05   3.3493e+02
20251203_10:00:00   2.5844e-01   6.4432e+01   4.9732e+00   0.0000e+00   2.7840e-04   3.3935e+02
20251203_11:00:00   2.5280e-01   6.3170e+01   4.8364e+00   0.0000e+00   3.1680e-06   3.4157e+02
20251203_12:00:00   2.4435e-01   6.1356e+01   4.6606e+00   0.0000e+00   0.0000e+00   3.4202e+02
20251203_13:00:00   2.5726e-01   6.3770e+01   4.9245e+00   0.0000e+00   3.1740e-06   3.4363e+02
20251203_14:00:00   2.6109e-01   6.4418e+01   5.0314e+00   0.0000e+00   0.0000e+00   3.4490e+02
20251203_15:00:00   2.5114e-01   6.2417e+01   4.7941e+00   0.0000e+00   1.9840e-06   3.4320e+02
20251203_16:00:00   2.4846e-01   6.1826e+01   4.7508e+00   0.0000e+00   3.2386e-03   3.4190e+02
20251203_17:00:00   2.5684e-01   6.3489e+01   4.9275e+00   0.0000e+00   3.9974e-03   3.3839e+02
20251203_18:00:00   2.7711e-01   6.7493e+01   5.3098e+00   0.0000e+00   1.7391e-03   3.3770e+02
20251203_19:00:00   2.7994e-01   6.8049e+01   5.3396e+00   0.0000e+00   3.8288e-03   3.3688e+02
20251203_20:00:00   2.8413e-01   6.8977e+01   5.3330e+00   0.0000e+00   3.5188e-03   3.3674e+02
20251203_21:00:00   3.3010e-01   7.7758e+01   6.0000e+00   3.5660e-04   7.0224e-02   3.3847e+02
20251203_22:00:00   4.1626e-01   9.3468e+01   7.1974e+00   2.8143e-04   1.8952e-01   3.3903e+02
20251203_23:00:00   4.5086e-01   9.9409e+01   7.5926e+00   9.4930e-05   2.3847e-01   3.3950e+02
20251204_00:00:00   4.5524e-01   1.0016e+02   7.5460e+00   4.8320e-04   2.8324e-01   3.4005e+02
20251204_01:00:00   4.4815e-01   9.8930e+01   7.3796e+00   5.0014e-04   2.0666e-01   3.4016e+02
20251204_02:00:00   4.3049e-01   9.5896e+01   7.0272e+00   1.0872e-03   1.7990e-01   3.4110e+02
20251204_03:00:00   4.1110e-01   9.2529e+01   6.7205e+00   1.4978e-03   9.9357e-02   3.4298e+02
20251204_04:00:00   4.0418e-01   9.1238e+01   6.5844e+00   1.3004e-03   1.2180e-01   3.4402e+02
20251204_05:00:00   3.9305e-01   8.9259e+01   6.4110e+00   4.2680e-04   9.3628e-02   3.4883e+02
20251204_06:00:00   3.7638e-01   8.6357e+01   6.0967e+00   1.6291e-03   9.4990e-03   3.5107e+02
20251204_07:00:00   3.5742e-01   8.2920e+01   5.8608e+00   0.0000e+00   3.5366e-03   3.5124e+02
20251204_08:00:00   3.2153e-01   7.6389e+01   5.2683e+00   1.0420e-04   9.6248e-04   3.5223e+02
20251204_09:00:00   2.9699e-01   7.1735e+01   4.8577e+00   0.0000e+00   1.7045e-04   3.5251e+02
20251204_10:00:00   2.8552e-01   6.9516e+01   4.6578e+00   0.0000e+00   2.0381e-05   3.5334e+02
20251204_11:00:00   2.6440e-01   6.5417e+01   4.2815e+00   0.0000e+00   5.5260e-06   3.5462e+02
20251204_12:00:00   2.4381e-01   6.1308e+01   3.9049e+00   6.3270e-05   7.3420e-05   3.5459e+02
20251204_13:00:00   2.3181e-01   5.8878e+01   3.6024e+00   2.4200e-03   2.0534e-04   3.5290e+02
20251204_14:00:00   2.1129e-01   5.4651e+01   3.2071e+00   3.8610e-03   1.5107e-04   3.5260e+02
20251204_15:00:00   2.0600e-01   5.3591e+01   2.9269e+00   8.6220e-03   2.0424e-04   3.5583e+02
20251204_16:00:00   2.4449e-01   6.1746e+01   2.8246e+00   2.7450e-02   2.8520e-04   3.5670e+02
20251204_17:00:00   1.7040e-01   4.5917e+01   2.6641e+00   1.3625e-04   2.7100e-04   3.5436e+02
20251204_18:00:00   1.6194e-01   4.4114e+01   2.5730e+00   0.0000e+00   0.0000e+00   3.5130e+02
20251204_19:00:00   1.7028e-01   4.6021e+01   2.7430e+00   0.0000e+00   0.0000e+00   3.4746e+02
20251204_20:00:00   1.6026e-01   4.3828e+01   2.6170e+00   0.0000e+00   0.0000e+00   3.4371e+02
20251204_21:00:00   1.6082e-01   4.3942e+01   2.6716e+00   0.0000e+00   0.0000e+00   3.4292e+02
20251204_22:00:00   1.5563e-01   4.2756e+01   2.6171e+00   0.0000e+00   1.5857e-05   3.3978e+02
20251204_23:00:00   1.5984e-01   4.3624e+01   2.7171e+00   0.0000e+00   1.9742e-04   3.3678e+02
20251205_00:00:00   1.4781e-01   4.0867e+01   2.5130e+00   0.0000e+00   0.0000e+00   3.3389e+02
20251205_01:00:00   1.4541e-01   4.0254e+01   2.4876e+00   0.0000e+00   0.0000e+00   3.3263e+02
20251205_02:00:00   1.4652e-01   4.0486e+01   2.5361e+00   0.0000e+00   0.0000e+00   3.3412e+02
20251205_03:00:00   1.6387e-01   4.4341e+01   2.8800e+00   0.0000e+00   0.0000e+00   3.3490e+02
20251205_04:00:00   1.8525e-01   4.8982e+01   3.2854e+00   0.0000e+00   0.0000e+00   3.3310e+02
20251205_05:00:00   1.8450e-01   4.8758e+01   3.2827e+00   0.0000e+00   8.2500e-05   3.2464e+02
20251205_06:00:00   1.7992e-01   4.7636e+01   3.2235e+00   0.0000e+00   1.5230e-04   3.1999e+02
20251205_07:00:00   1.7933e-01   4.7480e+01   3.2302e+00   0.0000e+00   0.0000e+00   3.1799e+02
20251205_08:00:00   1.5920e-01   4.3049e+01   2.8741e+00   0.0000e+00   0.0000e+00   3.1663e+02
20251205_09:00:00   1.4679e-01   4.0218e+01   2.6612e+00   0.0000e+00   0.0000e+00   3.1509e+02
20251205_10:00:00   1.4465e-01   3.9739e+01   2.6274e+00   0.0000e+00   0.0000e+00   3.1205e+02
20251205_11:00:00   1.5099e-01   4.1095e+01   2.7795e+00   0.0000e+00   0.0000e+00   3.0705e+02
20251205_12:00:00   1.6178e-01   4.3408e+01   3.0370e+00   0.0000e+00   7.4537e-04   3.0559e+02
20251205_13:00:00   1.7604e-01   4.6471e+01   3.3648e+00   0.0000e+00   3.2887e-03   3.0353e+02
20251205_14:00:00   1.8975e-01   4.9441e+01   3.6655e+00   0.0000e+00   2.1867e-03   3.0240e+02
20251205_15:00:00   1.9898e-01   5.1482e+01   3.8594e+00   0.0000e+00   9.5560e-05   3.0179e+02
20251205_16:00:00   2.0964e-01   5.3762e+01   4.0752e+00   0.0000e+00   5.8380e-05   2.9975e+02
20251205_17:00:00   2.1085e-01   5.4088e+01   4.1170e+00   0.0000e+00   0.0000e+00   2.9880e+02
20251205_18:00:00   2.1063e-01   5.4144e+01   4.1183e+00   0.0000e+00   0.0000e+00   2.9833e+02
20251205_19:00:00   2.2224e-01   5.6697e+01   4.3187e+00   0.0000e+00   0.0000e+00   2.9840e+02
20251205_20:00:00   2.3702e-01   5.9866e+01   4.5964e+00   0.0000e+00   0.0000e+00   2.9752e+02
20251205_21:00:00   2.5141e-01   6.2901e+01   4.8573e+00   0.0000e+00   0.0000e+00   2.9702e+02
20251205_22:00:00   2.5558e-01   6.3923e+01   4.9087e+00   0.0000e+00   0.0000e+00   2.9421e+02
20251205_23:00:00   2.6380e-01   6.5656e+01   5.0434e+00   0.0000e+00   0.0000e+00   2.9075e+02
20251206_00:00:00   2.5948e-01   6.4887e+01   4.9734e+00   0.0000e+00   0.0000e+00   2.8866e+02
20251206_01:00:00   2.5392e-01   6.3873e+01   4.8724e+00   0.0000e+00   0.0000e+00   2.8852e+02
20251206_02:00:00   2.5577e-01   6.4295e+01   4.9050e+00   0.0000e+00   0.0000e+00   2.8860e+02
20251206_03:00:00   2.4799e-01   6.2814e+01   4.7515e+00   0.0000e+00   0.0000e+00   2.8742e+02
20251206_04:00:00   2.4395e-01   6.2005e+01   4.6784e+00   0.0000e+00   0.0000e+00   2.8447e+02
20251206_05:00:00   2.3500e-01   6.0212e+01   4.5099e+00   0.0000e+00   0.0000e+00   2.8400e+02
20251206_06:00:00   2.3908e-01   6.0984e+01   4.5987e+00   0.0000e+00   0.0000e+00   2.8346e+02
20251206_07:00:00   2.3251e-01   5.9605e+01   4.5005e+00   0.0000e+00   0.0000e+00   2.8142e+02
20251206_08:00:00   2.4479e-01   6.2067e+01   4.7958e+00   0.0000e+00   0.0000e+00   2.8002e+02
20251206_09:00:00   2.6169e-01   6.5470e+01   5.1948e+00   0.0000e+00   0.0000e+00   2.7931e+02
20251206_10:00:00   2.7361e-01   6.7847e+01   5.4986e+00   0.0000e+00   0.0000e+00   2.7827e+02
20251206_11:00:00   2.9532e-01   7.2150e+01   5.9426e+00   0.0000e+00   0.0000e+00   2.7796e+02
20251206_12:00:00   3.2025e-01   7.6946e+01   6.4451e+00   0.0000e+00   0.0000e+00   2.7698e+02
20251206_13:00:00   3.4524e-01   8.1724e+01   6.9236e+00   0.0000e+00   0.0000e+00   2.7616e+02
20251206_14:00:00   3.4420e-01   8.1574e+01   6.8789e+00   0.0000e+00   0.0000e+00   2.7613e+02
20251206_15:00:00   3.3764e-01   8.0350e+01   6.7652e+00   0.0000e+00   9.9200e-07   2.7531e+02
20251206_16:00:00   3.5506e-01   8.3704e+01   7.0545e+00   0.0000e+00   0.0000e+00   2.7630e+02
20251206_17:00:00   3.8224e-01   8.8801e+01   7.5358e+00   0.0000e+00   0.0000e+00   2.7732e+02
20251206_18:00:00   4.0019e-01   9.2080e+01   7.8598e+00   0.0000e+00   0.0000e+00   2.7689e+02
20251206_21:00:00   2.9822e-01   7.3569e+01   5.7266e+00   0.0000e+00   0.0000e+00   2.7108e+02
20251207_00:00:00   2.6933e-01   6.7830e+01   5.1485e+00   0.0000e+00   0.0000e+00   2.6798e+02
20251207_03:00:00   2.7212e-01   6.8130e+01   5.3169e+00   0.0000e+00   0.0000e+00   2.6785e+02
20251207_06:00:00   3.0088e-01   7.3708e+01   5.9298e+00   0.0000e+00   0.0000e+00   2.7158e+02
20251207_09:00:00   3.5842e-01   8.4676e+01   6.9903e+00   0.0000e+00   0.0000e+00   2.7762e+02
20251207_12:00:00   3.5299e-01   8.3795e+01   6.8850e+00   0.0000e+00   0.0000e+00   2.7579e+02
20251207_15:00:00   3.5575e-01   8.4397e+01   6.9186e+00   0.0000e+00   0.0000e+00   2.7651e+02
20251207_18:00:00   3.8219e-01   8.9503e+01   7.3402e+00   0.0000e+00   0.0000e+00   2.7416e+02
20251207_21:00:00   3.9211e-01   9.1597e+01   7.4997e+00   0.0000e+00   0.0000e+00   2.6993e+02
20251208_00:00:00   3.8106e-01   8.9690e+01   7.2439e+00   0.0000e+00   0.0000e+00   2.6828e+02
20251208_03:00:00   3.5600e-01   8.5065e+01   6.7971e+00   0.0000e+00   0.0000e+00   2.7167e+02
20251208_06:00:00   3.2022e-01   7.8237e+01   6.1386e+00   0.0000e+00   8.2822e-05   2.7040e+02
20251208_09:00:00   2.6888e-01   6.8150e+01   5.0995e+00   0.0000e+00   0.0000e+00   2.7286e+02
20251208_12:00:00   2.4226e-01   6.2555e+01   4.6128e+00   0.0000e+00   0.0000e+00   2.7587e+02
20251208_15:00:00   2.2235e-01   5.8224e+01   4.2563e+00   0.0000e+00   0.0000e+00   2.7952e+02
20251208_18:00:00   2.3405e-01   6.0768e+01   4.4719e+00   0.0000e+00   0.0000e+00   2.8072e+02
20251208_21:00:00   2.5011e-01   6.3922e+01   4.8675e+00   0.0000e+00   0.0000e+00   2.8418e+02
20251209_00:00:00   2.5036e-01   6.3681e+01   4.8555e+00   0.0000e+00   0.0000e+00   2.9574e+02
20251209_03:00:00   2.5152e-01   6.4172e+01   4.6241e+00   0.0000e+00   0.0000e+00   2.9685e+02
20251209_06:00:00   3.0772e-01   7.5314e+01   5.4454e+00   0.0000e+00   0.0000e+00   3.1387e+02
20251209_09:00:00   2.9037e-01   7.2033e+01   4.8961e+00   0.0000e+00   0.0000e+00   3.1060e+02
20251209_12:00:00   1.9946e-01   5.3242e+01   3.2729e+00   0.0000e+00   0.0000e+00   2.9621e+02
20251209_15:00:00   1.7089e-01   4.6618e+01   2.9809e+00   0.0000e+00   0.0000e+00   2.9026e+02
20251209_18:00:00   1.6873e-01   4.6012e+01   3.2643e+00   0.0000e+00   0.0000e+00   2.8293e+02
20251209_21:00:00   2.0835e-01   5.5060e+01   4.1269e+00   0.0000e+00   0.0000e+00   2.7924e+02
20251210_00:00:00   2.2918e-01   5.9743e+01   4.6010e+00   0.0000e+00   0.0000e+00   2.8020e+02
20251210_03:00:00   2.5100e-01   6.4502e+01   5.0537e+00   0.0000e+00   0.0000e+00   2.8082e+02
20251210_06:00:00   2.6743e-01   6.7923e+01   5.4207e+00   0.0000e+00   0.0000e+00   2.7888e+02
20251210_09:00:00   2.8998e-01   7.2571e+01   5.8944e+00   0.0000e+00   0.0000e+00   2.8421e+02
20251210_12:00:00   2.8703e-01   7.1785e+01   5.8815e+00   0.0000e+00   0.0000e+00   2.8114e+02
20251210_15:00:00   2.4474e-01   6.3462e+01   4.9313e+00   0.0000e+00   0.0000e+00   2.8080e+02
20251210_18:00:00   2.1665e-01   5.7702e+01   4.1706e+00   0.0000e+00   0.0000e+00   2.8100e+02
20251210_21:00:00   1.8926e-01   5.1628e+01   3.6606e+00   0.0000e+00   0.0000e+00   2.7428e+02
20251211_00:00:00   1.8989e-01   5.1758e+01   3.5960e+00   0.0000e+00   0.0000e+00   2.7692e+02
20251211_03:00:00   2.9267e-01   7.2435e+01   6.0108e+00   0.0000e+00   1.8949e-03   2.7719e+02
20251211_06:00:00   3.3904e-01   8.1851e+01   6.5403e+00   0.0000e+00   1.1730e-03   2.8201e+02
20251211_09:00:00   3.0763e-01   7.5756e+01   5.8532e+00   0.0000e+00   0.0000e+00   2.8267e+02
20251211_12:00:00   3.1491e-01   7.6945e+01   5.9627e+00   0.0000e+00   8.4742e-05   2.8114e+02
20251211_15:00:00   3.1425e-01   7.6521e+01   6.0289e+00   0.0000e+00   8.4920e-06   2.8309e+02
20251211_18:00:00   3.4122e-01   8.1918e+01   6.5324e+00   0.0000e+00   4.3867e-03   2.8256e+02
20251211_21:00:00   3.3835e-01   8.1379e+01   6.4255e+00   0.0000e+00   6.4452e-03   2.8241e+02
20251212_00:00:00   3.2603e-01   7.8970e+01   6.1479e+00   0.0000e+00   1.0608e-03   2.7939e+02
20251212_03:00:00   2.6590e-01   6.7002e+01   5.1272e+00   0.0000e+00   7.4960e-04   2.7923e+02
20251212_06:00:00   2.1359e-01   5.5865e+01   4.2400e+00   0.0000e+00   7.0441e-04   2.8284e+02
20251212_09:00:00   2.1502e-01   5.6107e+01   4.3170e+00   0.0000e+00   4.7391e-04   2.8549e+02
20251212_12:00:00   2.1800e-01   5.6730e+01   4.3931e+00   0.0000e+00   0.0000e+00   2.8354e+02
20251212_15:00:00   2.5177e-01   6.3821e+01   5.1063e+00   0.0000e+00   0.0000e+00   2.8188e+02
20251212_18:00:00   2.6612e-01   6.7199e+01   5.3564e+00   0.0000e+00   0.0000e+00   2.8214e+02
20251212_21:00:00   2.5346e-01   6.4862e+01   5.0237e+00   0.0000e+00   0.0000e+00   2.7621e+02
20251213_00:00:00   2.4011e-01   6.2191e+01   4.7543e+00   0.0000e+00   0.0000e+00   2.7465e+02
20251213_03:00:00   2.4009e-01   6.2135e+01   4.7653e+00   0.0000e+00   0.0000e+00   2.7534e+02
20251213_06:00:00   2.4105e-01   6.2290e+01   4.8385e+00   0.0000e+00   0.0000e+00   2.7774e+02
20251213_09:00:00   2.3235e-01   6.0427e+01   4.6860e+00   0.0000e+00   0.0000e+00   2.7678e+02
20251213_12:00:00   2.2552e-01   5.8991e+01   4.5419e+00   0.0000e+00   0.0000e+00   2.7436e+02
20251213_15:00:00   2.2389e-01   5.8642e+01   4.5138e+00   0.0000e+00   0.0000e+00   2.7320e+02
20251213_18:00:00   2.2081e-01   5.8154e+01   4.4563e+00   0.0000e+00   0.0000e+00   2.7010e+02
20251213_21:00:00   2.3534e-01   6.1565e+01   4.7245e+00   0.0000e+00   0.0000e+00   2.6865e+02
20251214_00:00:00   2.4234e-01   6.3095e+01   4.8133e+00   0.0000e+00   0.0000e+00   2.6595e+02
20251214_03:00:00   2.2646e-01   5.9649e+01   4.4466e+00   0.0000e+00   0.0000e+00   2.6668e+02
20251214_06:00:00   2.2136e-01   5.8506e+01   4.2949e+00   0.0000e+00   0.0000e+00   2.6926e+02
20251214_09:00:00   2.2609e-01   5.9357e+01   4.4263e+00   0.0000e+00   0.0000e+00   2.7512e+02
20251214_12:00:00   1.7341e-01   4.7292e+01   3.4716e+00   0.0000e+00   0.0000e+00   2.7901e+02
20251214_15:00:00   2.0868e-01   5.5075e+01   4.1531e+00   0.0000e+00   1.9168e-04   2.7811e+02
20251214_18:00:00   2.6909e-01   6.7764e+01   5.4292e+00   0.0000e+00   2.7826e-03   2.8147e+02
20251214_21:00:00   3.4399e-01   8.1902e+01   7.0076e+00   0.0000e+00   6.0211e-02   2.8540e+02
20251215_00:00:00   3.2430e-01   7.8664e+01   6.3554e+00   0.0000e+00   3.3980e-05   2.8812e+02
20251215_03:00:00   3.3137e-01   7.9911e+01   6.4623e+00   0.0000e+00   0.0000e+00   2.8740e+02
20251215_06:00:00   2.5189e-01   6.4557e+01   4.6748e+00   0.0000e+00   0.0000e+00   2.8923e+02
20251215_09:00:00   2.0211e-01   5.3691e+01   3.7899e+00   0.0000e+00   5.3284e-03   2.9802e+02
20251215_12:00:00   2.2286e-01   5.8058e+01   4.2185e+00   0.0000e+00   4.1600e-06   2.9742e+02
20251215_15:00:00   2.3461e-01   6.0289e+01   4.5505e+00   0.0000e+00   0.0000e+00   2.9419e+02
20251215_18:00:00   2.2699e-01   5.9029e+01   4.3661e+00   0.0000e+00   0.0000e+00   2.8844e+02
20251215_21:00:00   2.1043e-01   5.5377e+01   4.1824e+00   0.0000e+00   0.0000e+00   2.8084e+02
20251216_00:00:00   2.2799e-01   5.9516e+01   4.3096e+00   0.0000e+00   0.0000e+00   2.8201e+02
20251216_03:00:00   2.1731e-01   5.7209e+01   3.9605e+00   0.0000e+00   5.9500e-06   2.7947e+02
20251216_06:00:00   2.1079e-01   5.5679e+01   3.8040e+00   0.0000e+00   0.0000e+00   2.7851e+02
20251216_09:00:00   2.2955e-01   5.9226e+01   4.3109e+00   0.0000e+00   2.0494e-03   2.8347e+02
20251216_12:00:00   2.5929e-01   6.4872e+01   5.0700e+00   0.0000e+00   2.2630e-02   2.8319e+02
20251216_15:00:00   2.6085e-01   6.5020e+01   5.1004e+00   0.0000e+00   3.2761e-03   2.8859e+02
20251216_18:00:00   2.8826e-01   7.0914e+01   5.6126e+00   0.0000e+00   1.8378e-03   2.9213e+02
20251216_21:00:00   3.4771e-01   8.2458e+01   6.7800e+00   0.0000e+00   3.9723e-03   2.9278e+02
20251217_00:00:00   3.4316e-01   8.1852e+01   6.5570e+00   0.0000e+00   0.0000e+00   2.9014e+02
20251217_03:00:00   2.9095e-01   7.1852e+01   5.5164e+00   0.0000e+00   0.0000e+00   2.8566e+02
20251217_06:00:00   2.3442e-01   6.0307e+01   4.4748e+00   0.0000e+00   6.6444e-03   2.7862e+02
20251217_09:00:00   2.6360e-01   6.6209e+01   5.1119e+00   0.0000e+00   1.8908e-04   2.7238e+02
20251217_12:00:00   3.0186e-01   7.3743e+01   5.8891e+00   0.0000e+00   0.0000e+00   2.7053e+02
20251217_15:00:00   3.0813e-01   7.5009e+01   5.9986e+00   0.0000e+00   0.0000e+00   2.6544e+02
20251217_18:00:00   3.0775e-01   7.4898e+01   6.1637e+00   0.0000e+00   0.0000e+00   2.6546e+02
