#            date       tau255        Tb[K]      pwv[mm] lwp[kg*m^-2] iwp[kg*m^-2]       o3[DU]
20251204_00:00:00   4.0389e-01   9.0861e+01   6.7731e+00   0.0000e+00   5.8340e-02   3.5220e+02
20251204_01:00:00   4.0257e-01   9.0455e+01   6.7256e+00   0.0000e+00   1.4370e-01   3.4737e+02
20251204_02:00:00   3.9423e-01   8.9039e+01   6.5462e+00   0.0000e+00   1.4786e-01   3.4779e+02
20251204_03:00:00   3.7911e-01   8.6399e+01   6.2608e+00   1.3986e-03   2.6100e-02   3.4748e+02
20251204_04:00:00   3.7942e-01   8.6667e+01   5.6573e+00   1.7392e-02   4.3925e-03   3.4642e+02
20251204_05:00:00   3.3215e-01   7.7927e+01   5.2666e+00   6.8800e-03   1.8670e-02   3.4796e+02
20251204_06:00:00   3.9821e-01   9.0043e+01   4.8358e+00   4.7340e-02   2.4522e-03   3.4779e+02
20251204_07:00:00   4.5735e-01   1.0017e+02   4.4176e+00   8.3281e-02   4.4580e-03   3.4807e+02
20251204_08:00:00   5.0421e-01   1.0770e+02   4.2233e+00   1.0944e-01   5.9241e-03   3.5260e+02
20251204_09:00:00   4.4252e-01   9.7756e+01   3.8954e+00   9.0080e-02   4.8833e-03   3.5850e+02
20251204_10:00:00   3.7149e-01   8.5507e+01   3.6321e+00   6.4960e-02   3.3453e-03   3.5591e+02
20251204_11:00:00   3.3498e-01   7.8894e+01   3.5081e+00   5.1580e-02   3.0673e-03   3.4976e+02
20251204_12:00:00   3.0113e-01   7.2480e+01   3.5446e+00   3.5840e-02   2.0670e-03   3.4689e+02
20251204_13:00:00   2.1854e-01   5.5922e+01   3.5245e+00   0.0000e+00   4.2753e-04   3.4371e+02
20251204_14:00:00   2.0357e-01   5.2875e+01   3.2704e+00   0.0000e+00   5.7060e-05   3.4076e+02
20251204_15:00:00   1.8803e-01   4.9591e+01   2.9537e+00   1.1090e-03   3.4820e-04   3.4247e+02
20251204_16:00:00   1.6936e-01   4.5544e+01   2.6966e+00   0.0000e+00   7.0990e-05   3.4190e+02
20251204_17:00:00   1.5891e-01   4.3301e+01   2.5638e+00   0.0000e+00   0.0000e+00   3.3867e+02
20251204_18:00:00   1.5309e-01   4.2009e+01   2.5296e+00   0.0000e+00   0.0000e+00   3.3628e+02
20251204_19:00:00   1.5981e-01   4.3479e+01   2.7188e+00   0.0000e+00   0.0000e+00   3.3256e+02
20251204_20:00:00   1.5852e-01   4.3185e+01   2.7567e+00   0.0000e+00   0.0000e+00   3.3296e+02
20251204_21:00:00   1.5937e-01   4.3340e+01   2.8269e+00   0.0000e+00   0.0000e+00   3.3540e+02
20251204_22:00:00   1.6550e-01   4.4634e+01   2.9902e+00   0.0000e+00   0.0000e+00   3.3471e+02
20251204_23:00:00   1.7166e-01   4.5900e+01   3.1405e+00   0.0000e+00   0.0000e+00   3.3055e+02
20251205_00:00:00   1.7517e-01   4.6560e+01   3.2441e+00   0.0000e+00   0.0000e+00   3.2659e+02
20251205_01:00:00   1.8170e-01   4.7965e+01   3.4076e+00   0.0000e+00   0.0000e+00   3.2364e+02
20251205_02:00:00   1.9417e-01   5.0732e+01   3.6310e+00   0.0000e+00   0.0000e+00   3.1785e+02
20251205_03:00:00   1.8707e-01   4.9346e+01   3.4189e+00   0.0000e+00   0.0000e+00   3.1494e+02
20251205_04:00:00   1.7100e-01   4.6007e+01   3.0699e+00   0.0000e+00   0.0000e+00   3.1243e+02
20251205_05:00:00   1.4712e-01   4.0703e+01   2.6107e+00   0.0000e+00   0.0000e+00   3.1228e+02
20251205_06:00:00   1.2531e-01   3.5627e+01   2.1964e+00   0.0000e+00   0.0000e+00   3.1006e+02
20251205_07:00:00   1.2061e-01   3.4465e+01   2.1277e+00   0.0000e+00   0.0000e+00   3.0822e+02
20251205_08:00:00   1.2458e-01   3.5335e+01   2.2294e+00   0.0000e+00   0.0000e+00   3.0684e+02
20251205_09:00:00   1.2842e-01   3.6192e+01   2.3295e+00   0.0000e+00   0.0000e+00   3.0585e+02
20251205_10:00:00   1.3222e-01   3.7013e+01   2.4371e+00   0.0000e+00   0.0000e+00   3.0412e+02
20251205_11:00:00   1.3916e-01   3.8517e+01   2.6094e+00   0.0000e+00   0.0000e+00   3.0239e+02
20251205_12:00:00   1.4880e-01   4.0616e+01   2.8401e+00   0.0000e+00   1.2000e-05   3.0157e+02
20251205_13:00:00   1.6269e-01   4.3664e+01   3.1363e+00   0.0000e+00   1.6460e-03   2.9964e+02
20251205_14:00:00   1.8009e-01   4.7430e+01   3.5019e+00   0.0000e+00   5.9586e-03   2.9755e+02
20251205_15:00:00   1.9652e-01   5.0816e+01   3.8611e+00   0.0000e+00   1.7895e-02   2.9611e+02
20251205_16:00:00   2.2117e-01   5.5815e+01   4.3158e+00   0.0000e+00   1.5663e-01   2.9410e+02
20251205_17:00:00   2.8928e-01   6.9443e+01   5.6561e+00   0.0000e+00   1.0563e-01   2.9516e+02
20251205_18:00:00   3.2550e-01   7.6551e+01   6.3478e+00   0.0000e+00   1.9088e-03   2.9629e+02
20251205_19:00:00   3.4524e-01   8.0546e+01   6.6283e+00   0.0000e+00   8.4820e-04   2.9806e+02
20251205_20:00:00   3.1868e-01   7.5886e+01   6.0738e+00   0.0000e+00   6.7950e-06   2.9862e+02
20251205_21:00:00   3.1302e-01   7.4809e+01   5.9700e+00   0.0000e+00   0.0000e+00   2.9899e+02
20251205_22:00:00   3.1368e-01   7.5033e+01   5.9587e+00   0.0000e+00   3.3980e-06   2.9782e+02
20251205_23:00:00   3.0522e-01   7.3670e+01   5.6847e+00   0.0000e+00   0.0000e+00   2.9694e+02
20251206_00:00:00   2.8036e-01   6.9081e+01   5.1758e+00   0.0000e+00   0.0000e+00   2.9580e+02
20251206_01:00:00   2.7269e-01   6.7634e+01   4.9918e+00   0.0000e+00   0.0000e+00   2.9380e+02
20251206_02:00:00   2.5490e-01   6.4180e+01   4.6388e+00   0.0000e+00   0.0000e+00   2.9159e+02
20251206_03:00:00   2.4275e-01   6.1739e+01   4.4324e+00   0.0000e+00   0.0000e+00   2.8798e+02
20251206_04:00:00   2.4638e-01   6.2435e+01   4.5220e+00   0.0000e+00   0.0000e+00   2.8447e+02
20251206_05:00:00   2.4108e-01   6.1301e+01   4.4794e+00   0.0000e+00   0.0000e+00   2.8557e+02
20251206_06:00:00   2.5086e-01   6.3181e+01   4.7366e+00   0.0000e+00   0.0000e+00   2.8340e+02
20251206_07:00:00   2.4625e-01   6.2282e+01   4.6925e+00   0.0000e+00   0.0000e+00   2.8045e+02
20251206_08:00:00   2.4505e-01   6.2031e+01   4.7195e+00   0.0000e+00   0.0000e+00   2.8074e+02
20251206_09:00:00   2.5466e-01   6.4004e+01   4.9685e+00   0.0000e+00   0.0000e+00   2.7977e+02
20251206_10:00:00   2.6842e-01   6.6813e+01   5.3024e+00   0.0000e+00   0.0000e+00   2.7863e+02
20251206_11:00:00   2.8417e-01   7.0060e+01   5.6632e+00   0.0000e+00   0.0000e+00   2.7731e+02
20251206_12:00:00   3.0562e-01   7.4395e+01   6.0739e+00   0.0000e+00   0.0000e+00   2.7596e+02
20251206_13:00:00   3.2634e-01   7.8347e+01   6.4503e+00   0.0000e+00   0.0000e+00   2.7553e+02
20251206_14:00:00   3.3544e-01   8.0110e+01   6.6229e+00   0.0000e+00   0.0000e+00   2.7684e+02
20251206_15:00:00   3.3740e-01   8.0642e+01   6.6681e+00   0.0000e+00   0.0000e+00   2.7634e+02
20251206_16:00:00   3.4481e-01   8.2194e+01   6.7536e+00   0.0000e+00   0.0000e+00   2.7634e+02
20251206_17:00:00   3.4984e-01   8.3316e+01   6.7935e+00   0.0000e+00   0.0000e+00   2.7705e+02
20251206_18:00:00   3.5156e-01   8.3676e+01   6.8036e+00   0.0000e+00   0.0000e+00   2.7735e+02
20251206_19:00:00   3.5314e-01   8.4102e+01   6.7980e+00   0.0000e+00   0.0000e+00   2.7711e+02
20251206_20:00:00   3.6253e-01   8.5912e+01   6.9092e+00   0.0000e+00   0.0000e+00   2.7618e+02
20251206_21:00:00   3.7166e-01   8.7684e+01   7.0400e+00   0.0000e+00   0.0000e+00   2.7481e+02
20251206_22:00:00   3.8688e-01   9.0589e+01   7.1894e+00   0.0000e+00   0.0000e+00   2.7486e+02
20251206_23:00:00   3.9897e-01   9.2693e+01   7.3088e+00   0.0000e+00   0.0000e+00   2.7550e+02
20251207_00:00:00   4.0538e-01   9.3685e+01   7.3480e+00   0.0000e+00   0.0000e+00   2.7534e+02
20251207_01:00:00   4.0842e-01   9.4149e+01   7.2541e+00   0.0000e+00   0.0000e+00   2.7667e+02
20251207_02:00:00   3.8767e-01   9.0512e+01   6.8326e+00   0.0000e+00   0.0000e+00   2.7835e+02
20251207_03:00:00   3.6204e-01   8.5854e+01   6.3368e+00   0.0000e+00   0.0000e+00   2.7735e+02
20251207_04:00:00   3.4692e-01   8.2963e+01   6.0267e+00   0.0000e+00   0.0000e+00   2.7871e+02
20251207_05:00:00   3.5679e-01   8.4627e+01   6.2362e+00   0.0000e+00   0.0000e+00   2.7898e+02
20251207_06:00:00   3.5779e-01   8.4682e+01   6.3196e+00   0.0000e+00   3.0960e-06   2.8024e+02
20251207_07:00:00   3.4945e-01   8.2987e+01   6.2707e+00   0.0000e+00   0.0000e+00   2.8156e+02
20251207_08:00:00   3.3848e-01   8.0877e+01   6.1198e+00   0.0000e+00   0.0000e+00   2.8409e+02
20251207_09:00:00   3.2886e-01   7.9002e+01   5.9883e+00   0.0000e+00   0.0000e+00   2.8395e+02
20251207_10:00:00   3.1334e-01   7.5940e+01   5.8149e+00   0.0000e+00   0.0000e+00   2.8237e+02
20251207_11:00:00   3.2316e-01   7.7755e+01   6.0376e+00   0.0000e+00   0.0000e+00   2.8209e+02
20251207_12:00:00   3.4253e-01   8.1483e+01   6.3393e+00   0.0000e+00   0.0000e+00   2.8148e+02
20251207_13:00:00   3.3391e-01   7.9929e+01   6.1338e+00   0.0000e+00   0.0000e+00   2.8109e+02
20251207_14:00:00   3.4249e-01   8.1533e+01   6.3346e+00   0.0000e+00   0.0000e+00   2.8107e+02
20251207_15:00:00   3.4423e-01   8.1904e+01   6.3920e+00   0.0000e+00   0.0000e+00   2.7978e+02
20251207_16:00:00   3.2908e-01   7.9151e+01   6.1165e+00   0.0000e+00   0.0000e+00   2.7883e+02
20251207_17:00:00   3.1012e-01   7.5584e+01   5.8047e+00   0.0000e+00   0.0000e+00   2.7968e+02
20251207_18:00:00   3.0406e-01   7.4463e+01   5.7277e+00   0.0000e+00   0.0000e+00   2.7998e+02
20251207_19:00:00   3.0328e-01   7.4419e+01   5.7348e+00   0.0000e+00   0.0000e+00   2.7826e+02
20251207_20:00:00   2.9707e-01   7.3237e+01   5.6321e+00   0.0000e+00   0.0000e+00   2.7704e+02
20251207_21:00:00   2.9188e-01   7.2236e+01   5.5620e+00   0.0000e+00   0.0000e+00   2.7520e+02
20251207_22:00:00   2.8520e-01   7.0951e+01   5.4254e+00   0.0000e+00   0.0000e+00   2.7574e+02
20251207_23:00:00   2.7425e-01   6.8728e+01   5.2334e+00   0.0000e+00   0.0000e+00   2.7467e+02
20251208_00:00:00   2.5998e-01   6.5816e+01   4.9675e+00   0.0000e+00   0.0000e+00   2.7412e+02
20251208_01:00:00   2.5239e-01   6.4241e+01   4.8261e+00   0.0000e+00   0.0000e+00   2.7323e+02
20251208_02:00:00   2.4781e-01   6.3252e+01   4.7632e+00   0.0000e+00   0.0000e+00   2.7440e+02
20251208_03:00:00   2.4682e-01   6.2994e+01   4.7655e+00   0.0000e+00   0.0000e+00   2.7496e+02
20251208_04:00:00   2.4484e-01   6.2558e+01   4.7385e+00   0.0000e+00   0.0000e+00   2.7649e+02
20251208_05:00:00   2.4169e-01   6.1878e+01   4.6899e+00   0.0000e+00   0.0000e+00   2.7676e+02
20251208_06:00:00   2.4019e-01   6.1519e+01   4.6913e+00   0.0000e+00   0.0000e+00   2.7513e+02
20251208_07:00:00   2.4301e-01   6.2069e+01   4.7676e+00   0.0000e+00   0.0000e+00   2.7269e+02
20251208_08:00:00   2.5083e-01   6.3620e+01   4.9331e+00   0.0000e+00   8.5360e-04   2.7352e+02
20251208_09:00:00   2.5910e-01   6.5270e+01   5.1019e+00   0.0000e+00   1.0676e-04   2.7705e+02
20251208_10:00:00   2.6433e-01   6.6296e+01   5.2026e+00   0.0000e+00   1.4274e-03   2.7732e+02
20251208_11:00:00   2.7393e-01   6.8190e+01   5.3757e+00   0.0000e+00   1.3326e-03   2.7896e+02
20251208_12:00:00   2.8053e-01   6.9505e+01   5.4855e+00   0.0000e+00   2.1837e-03   2.8372e+02
20251208_13:00:00   2.8644e-01   7.0741e+01   5.5770e+00   0.0000e+00   5.9256e-04   2.8705e+02
20251208_14:00:00   2.9131e-01   7.1730e+01   5.6511e+00   0.0000e+00   0.0000e+00   2.8935e+02
20251208_15:00:00   2.8686e-01   7.0983e+01   5.4792e+00   0.0000e+00   0.0000e+00   2.9255e+02
20251208_16:00:00   2.7262e-01   6.8353e+01   5.1066e+00   0.0000e+00   0.0000e+00   2.9589e+02
20251208_17:00:00   2.6797e-01   6.7383e+01   5.0666e+00   0.0000e+00   0.0000e+00   2.9822e+02
20251208_18:00:00   2.7490e-01   6.8780e+01   5.2047e+00   0.0000e+00   0.0000e+00   2.9896e+02
20251208_19:00:00   2.8750e-01   7.1150e+01   5.4760e+00   0.0000e+00   8.6380e-05   2.9990e+02
20251208_20:00:00   2.8311e-01   7.0176e+01   5.4148e+00   0.0000e+00   8.2352e-03   3.0260e+02
20251208_21:00:00   2.7627e-01   6.8768e+01   5.2704e+00   0.0000e+00   8.1300e-03   3.0733e+02
20251208_22:00:00   2.7791e-01   6.8973e+01   5.3215e+00   0.0000e+00   1.3953e-03   3.0785e+02
20251208_23:00:00   2.9058e-01   7.1415e+01   5.5479e+00   0.0000e+00   2.7146e-03   3.0559e+02
20251209_00:00:00   3.2110e-01   7.7316e+01   6.0588e+00   0.0000e+00   5.2958e-04   3.0812e+02
20251209_03:00:00   2.2731e-01   5.9230e+01   3.8958e+00   0.0000e+00   0.0000e+00   3.0108e+02
20251209_06:00:00   1.7191e-01   4.6932e+01   2.9809e+00   0.0000e+00   0.0000e+00   2.9215e+02
20251209_09:00:00   1.9256e-01   5.1235e+01   3.5185e+00   0.0000e+00   0.0000e+00   2.9199e+02
20251209_12:00:00   1.8579e-01   4.9567e+01   3.5951e+00   0.0000e+00   0.0000e+00   2.8808e+02
20251209_15:00:00   2.4684e-01   6.2833e+01   5.0415e+00   0.0000e+00   1.0884e-06   2.8253e+02
20251209_18:00:00   3.0344e-01   7.4593e+01   6.2083e+00   0.0000e+00   5.4854e-04   2.8135e+02
20251209_21:00:00   3.5534e-01   8.4711e+01   7.2513e+00   0.0000e+00   1.4068e-05   2.8006e+02
20251210_00:00:00   3.7202e-01   8.7939e+01   7.6492e+00   0.0000e+00   3.7279e-03   2.7971e+02
20251210_03:00:00   3.7339e-01   8.8591e+01   7.5809e+00   0.0000e+00   1.7368e-03   2.7950e+02
20251210_06:00:00   3.4495e-01   8.3498e+01   6.9903e+00   0.0000e+00   2.2196e-03   2.7804e+02
20251210_09:00:00   3.3177e-01   8.1166e+01   6.6025e+00   0.0000e+00   7.4158e-04   2.8524e+02
20251210_12:00:00   3.6083e-01   8.6781e+01   7.1998e+00   0.0000e+00   2.0318e-03   2.8619e+02
20251210_15:00:00   3.7522e-01   8.9355e+01   7.5733e+00   0.0000e+00   2.3010e-03   2.8639e+02
20251210_18:00:00   4.2140e-01   9.7930e+01   8.5078e+00   0.0000e+00   0.0000e+00   2.8578e+02
20251210_21:00:00   4.3064e-01   9.9669e+01   8.6088e+00   0.0000e+00   0.0000e+00   2.7799e+02
20251211_00:00:00   4.3881e-01   1.0147e+02   8.4672e+00   0.0000e+00   0.0000e+00   2.7543e+02
20251211_03:00:00   3.8579e-01   9.1705e+01   7.3215e+00   0.0000e+00   0.0000e+00   2.7328e+02
20251211_06:00:00   3.8322e-01   9.0840e+01   7.3603e+00   0.0000e+00   0.0000e+00   2.7928e+02
20251211_09:00:00   4.2015e-01   9.7215e+01   8.0504e+00   0.0000e+00   0.0000e+00   2.7797e+02
20251211_12:00:00   4.3093e-01   9.8980e+01   8.2343e+00   0.0000e+00   0.0000e+00   2.7682e+02
20251211_15:00:00   4.1875e-01   9.6613e+01   8.1232e+00   0.0000e+00   0.0000e+00   2.7659e+02
20251211_18:00:00   4.4904e-01   1.0189e+02   8.7749e+00   0.0000e+00   0.0000e+00   2.7797e+02
20251211_21:00:00   4.4750e-01   1.0174e+02   8.7997e+00   0.0000e+00   6.6904e-04   2.8018e+02
20251212_00:00:00   4.6563e-01   1.0479e+02   9.0453e+00   0.0000e+00   8.4920e-06   2.8127e+02
20251212_03:00:00   4.6031e-01   1.0391e+02   8.8436e+00   0.0000e+00   2.1236e-05   2.8195e+02
20251212_06:00:00   4.3169e-01   9.8946e+01   8.3788e+00   0.0000e+00   3.3523e-04   2.8045e+02
20251212_09:00:00   3.9140e-01   9.1858e+01   7.6537e+00   0.0000e+00   2.0860e-05   2.8222e+02
20251212_12:00:00   3.5756e-01   8.5781e+01   6.9923e+00   0.0000e+00   9.9200e-07   2.8136e+02
20251212_15:00:00   3.4325e-01   8.3126e+01   6.7172e+00   0.0000e+00   0.0000e+00   2.8225e+02
20251212_18:00:00   3.2570e-01   7.9895e+01   6.4195e+00   0.0000e+00   0.0000e+00   2.8278e+02
20251212_21:00:00   3.3700e-01   8.2215e+01   6.6834e+00   0.0000e+00   0.0000e+00   2.8363e+02
20251213_00:00:00   3.1874e-01   7.8807e+01   6.2470e+00   0.0000e+00   0.0000e+00   2.8406e+02
20251213_03:00:00   2.6653e-01   6.8464e+01   5.1116e+00   0.0000e+00   0.0000e+00   2.8162e+02
20251213_06:00:00   2.3948e-01   6.2755e+01   4.5611e+00   0.0000e+00   0.0000e+00   2.8211e+02
20251213_09:00:00   1.6509e-01   4.6101e+01   3.1227e+00   0.0000e+00   0.0000e+00   2.8142e+02
20251213_12:00:00   1.2820e-01   3.7331e+01   2.3618e+00   0.0000e+00   0.0000e+00   2.8269e+02
20251213_15:00:00   1.3825e-01   3.9614e+01   2.5764e+00   0.0000e+00   7.7400e-06   2.8243e+02
20251213_18:00:00   1.3980e-01   3.9963e+01   2.6262e+00   0.0000e+00   4.5905e-03   2.8282e+02
20251213_21:00:00   2.0801e-01   5.5243e+01   4.0640e+00   0.0000e+00   8.9310e-03   2.8718e+02
20251214_00:00:00   2.5401e-01   6.4734e+01   5.0230e+00   0.0000e+00   4.7675e-03   2.8709e+02
20251214_03:00:00   2.3334e-01   6.0386e+01   4.5505e+00   0.0000e+00   7.5416e-03   2.8817e+02
20251214_06:00:00   2.1927e-01   5.7077e+01   4.3466e+00   0.0000e+00   3.8162e-03   2.8747e+02
20251214_09:00:00   2.2113e-01   5.7298e+01   4.3827e+00   0.0000e+00   3.0038e-03   2.8853e+02
20251214_12:00:00   2.1261e-01   5.5651e+01   4.1231e+00   0.0000e+00   3.1189e-03   2.8513e+02
20251214_15:00:00   1.8545e-01   5.0246e+01   3.4154e+00   0.0000e+00   1.2740e-05   2.8254e+02
20251214_18:00:00   2.1326e-01   5.6295e+01   4.0301e+00   0.0000e+00   0.0000e+00   2.7916e+02
20251214_21:00:00   2.5125e-01   6.4417e+01   4.8694e+00   0.0000e+00   9.9200e-07   2.7578e+02
20251215_00:00:00   2.5428e-01   6.4815e+01   4.9580e+00   0.0000e+00   4.7840e-04   2.7414e+02
20251215_03:00:00   1.6797e-01   4.6148e+01   3.1601e+00   0.0000e+00   1.9728e-05   2.6653e+02
20251215_06:00:00   1.4660e-01   4.1125e+01   2.7779e+00   0.0000e+00   2.8663e-03   2.6066e+02
20251215_09:00:00   1.5035e-01   4.1970e+01   2.8515e+00   0.0000e+00   2.9484e-03   2.6162e+02
20251215_12:00:00   1.5108e-01   4.2133e+01   2.8475e+00   0.0000e+00   2.3164e-03   2.6098e+02
20251215_15:00:00   1.5301e-01   4.2476e+01   2.9354e+00   0.0000e+00   1.1060e-03   2.6135e+02
20251215_18:00:00   1.8655e-01   4.9794e+01   3.7715e+00   0.0000e+00   3.8115e-03   2.6243e+02
20251215_21:00:00   2.3735e-01   6.0812e+01   4.8654e+00   0.0000e+00   1.5556e-03   2.6092e+02
20251216_00:00:00   2.3621e-01   6.0262e+01   4.8637e+00   0.0000e+00   2.7670e-02   2.5790e+02
20251216_03:00:00   2.2451e-01   5.7173e+01   4.6914e+00   0.0000e+00   8.6552e-02   2.5535e+02
20251216_06:00:00   3.0226e-01   7.2703e+01   6.3792e+00   0.0000e+00   4.0346e-02   2.5770e+02
20251216_09:00:00   4.5410e-01   1.0017e+02   9.2073e+00   7.4620e-04   1.4578e-01   2.5667e+02
20251216_12:00:00   5.7329e-01   1.1950e+02   1.1344e+01   1.5482e-05   3.5470e-02   2.5658e+02
20251216_15:00:00   9.6372e-01   1.6862e+02   1.4198e+01   8.3711e-02   6.9508e-02   2.5827e+02
20251216_18:00:00   1.1930e+00   1.8916e+02   1.4971e+01   1.5516e-01   1.6836e-01   2.5676e+02
20251216_21:00:00   1.1227e+00   1.8363e+02   1.4756e+01   1.3304e-01   6.8163e-02   2.5596e+02
20251217_00:00:00   7.4724e-01   1.4349e+02   1.3530e+01   8.5248e-03   1.4773e-01   2.5541e+02
20251217_03:00:00   6.8011e-01   1.3451e+02   1.2444e+01   9.0612e-03   1.3738e-01   2.5825e+02
20251217_06:00:00   6.0512e-01   1.2430e+02   1.0322e+01   2.1410e-02   2.7519e-01   2.6117e+02
20251217_09:00:00   3.7746e-01   8.7242e+01   6.9218e+00   5.5620e-04   1.6184e-01   2.6062e+02
20251217_12:00:00   6.5211e-01   1.3128e+02   7.0049e+00   9.9335e-02   1.7426e-02   2.6312e+02
20251217_15:00:00   3.8989e-01   9.0207e+01   5.3676e+00   2.5838e-02   3.3848e-03   2.7300e+02
20251217_18:00:00   2.9179e-01   7.1784e+01   4.7974e+00   3.8846e-04   2.4816e-04   2.7382e+02
20251217_21:00:00   2.1387e-01   5.5727e+01   3.6742e+00   0.0000e+00   0.0000e+00   2.7757e+02
20251218_00:00:00   1.5795e-01   4.3213e+01   2.7631e+00   0.0000e+00   0.0000e+00   2.7965e+02
20251218_03:00:00   1.2379e-01   3.5359e+01   2.1531e+00   0.0000e+00   0.0000e+00   2.7788e+02
20251218_06:00:00   1.2297e-01   3.5112e+01   2.1559e+00   0.0000e+00   1.1818e-03   2.7876e+02
20251218_09:00:00   1.7851e-01   4.7163e+01   3.3417e+00   0.0000e+00   1.7203e-02   2.7687e+02
20251218_12:00:00   2.0610e-01   5.2961e+01   3.9803e+00   7.4870e-06   7.4694e-03   2.7864e+02
20251218_15:00:00   2.7166e-01   6.6372e+01   5.3659e+00   0.0000e+00   2.5879e-03   2.7958e+02
20251218_18:00:00   2.4706e-01   6.1814e+01   4.8997e+00   0.0000e+00   0.0000e+00   2.8626e+02
20251218_21:00:00   2.3633e-01   6.0169e+01   4.6159e+00   0.0000e+00   0.0000e+00   2.9098e+02
20251219_00:00:00   2.6105e-01   6.5344e+01   5.1102e+00   0.0000e+00   0.0000e+00   2.9151e+02
20251219_03:00:00   2.6676e-01   6.6308e+01   5.3173e+00   0.0000e+00   1.7562e-03   2.8825e+02
20251219_06:00:00   2.8977e-01   7.1046e+01   5.7679e+00   0.0000e+00   3.8692e-03   2.8167e+02
20251219_09:00:00   2.8097e-01   6.9663e+01   5.5039e+00   0.0000e+00   0.0000e+00   2.8034e+02
20251219_12:00:00   2.7228e-01   6.8090e+01   5.2461e+00   0.0000e+00   0.0000e+00   2.7304e+02
20251219_15:00:00   2.8533e-01   7.0702e+01   5.4709e+00   0.0000e+00   0.0000e+00   2.6834e+02
20251219_18:00:00   2.9774e-01   7.3224e+01   5.7333e+00   0.0000e+00   0.0000e+00   2.6753e+02
20251219_21:00:00   2.9886e-01   7.3423e+01   5.8894e+00   0.0000e+00   0.0000e+00   2.6723e+02
20251220_00:00:00   3.1068e-01   7.5711e+01   6.0446e+00   0.0000e+00   1.5254e-02   2.6598e+02
