#            date       tau255        Tb[K]      pwv[mm] lwp[kg*m^-2] iwp[kg*m^-2]       o3[DU]
20251206_06:00:00   2.0743e-01   5.4213e+01   3.8989e+00   0.0000e+00   0.0000e+00   2.7835e+02
20251206_07:00:00   2.2134e-01   5.7212e+01   4.2043e+00   0.0000e+00   0.0000e+00   2.7544e+02
20251206_08:00:00   2.2803e-01   5.8629e+01   4.3936e+00   0.0000e+00   0.0000e+00   2.7419e+02
20251206_09:00:00   2.2866e-01   5.8802e+01   4.4507e+00   0.0000e+00   0.0000e+00   2.7332e+02
20251206_10:00:00   2.4541e-01   6.2303e+01   4.8186e+00   0.0000e+00   0.0000e+00   2.7298e+02
20251206_11:00:00   2.4950e-01   6.3137e+01   4.9408e+00   0.0000e+00   0.0000e+00   2.7296e+02
20251206_12:00:00   2.5961e-01   6.5243e+01   5.1516e+00   0.0000e+00   0.0000e+00   2.7016e+02
20251206_13:00:00   2.8411e-01   7.0229e+01   5.6375e+00   0.0000e+00   0.0000e+00   2.6949e+02
20251206_14:00:00   3.0912e-01   7.5149e+01   6.1296e+00   0.0000e+00   0.0000e+00   2.6911e+02
20251206_15:00:00   3.3656e-01   8.0556e+01   6.6342e+00   0.0000e+00   0.0000e+00   2.6876e+02
20251206_16:00:00   3.6430e-01   8.5974e+01   7.0956e+00   0.0000e+00   0.0000e+00   2.6798e+02
20251206_17:00:00   3.7885e-01   8.8863e+01   7.3325e+00   0.0000e+00   0.0000e+00   2.6886e+02
20251206_18:00:00   3.8489e-01   9.0066e+01   7.4195e+00   0.0000e+00   0.0000e+00   2.6799e+02
20251206_19:00:00   3.8556e-01   9.0216e+01   7.3963e+00   0.0000e+00   0.0000e+00   2.6772e+02
20251206_20:00:00   3.7422e-01   8.8158e+01   7.1549e+00   0.0000e+00   0.0000e+00   2.6874e+02
20251206_21:00:00   3.6112e-01   8.5858e+01   6.9209e+00   0.0000e+00   0.0000e+00   2.6977e+02
20251206_22:00:00   4.1804e-01   9.6127e+01   7.8743e+00   0.0000e+00   0.0000e+00   2.7082e+02
20251206_23:00:00   4.2817e-01   9.7752e+01   8.0170e+00   0.0000e+00   0.0000e+00   2.7160e+02
20251207_00:00:00   4.1452e-01   9.5240e+01   7.6818e+00   0.0000e+00   0.0000e+00   2.7192e+02
20251207_01:00:00   4.1465e-01   9.5218e+01   7.5772e+00   0.0000e+00   0.0000e+00   2.7315e+02
20251207_02:00:00   4.0643e-01   9.3720e+01   7.2839e+00   0.0000e+00   0.0000e+00   2.7447e+02
20251207_03:00:00   3.8950e-01   9.0662e+01   6.9355e+00   0.0000e+00   0.0000e+00   2.7465e+02
20251207_04:00:00   3.7007e-01   8.7144e+01   6.5399e+00   0.0000e+00   0.0000e+00   2.7356e+02
20251207_05:00:00   3.7481e-01   8.7920e+01   6.5540e+00   0.0000e+00   0.0000e+00   2.7263e+02
20251207_06:00:00   3.5585e-01   8.4335e+01   6.2837e+00   0.0000e+00   0.0000e+00   2.7401e+02
20251207_07:00:00   3.0132e-01   7.3928e+01   5.3648e+00   0.0000e+00   0.0000e+00   2.7478e+02
20251207_08:00:00   2.6962e-01   6.7572e+01   4.8140e+00   0.0000e+00   0.0000e+00   2.7613e+02
20251207_09:00:00   2.6580e-01   6.6764e+01   4.7017e+00   0.0000e+00   0.0000e+00   2.7572e+02
20251207_10:00:00   2.4453e-01   6.2284e+01   4.3523e+00   0.0000e+00   0.0000e+00   2.7559e+02
20251207_11:00:00   2.2852e-01   5.8898e+01   4.0617e+00   0.0000e+00   0.0000e+00   2.7653e+02
20251207_12:00:00   2.1139e-01   5.5249e+01   3.7453e+00   0.0000e+00   0.0000e+00   2.7877e+02
20251207_13:00:00   2.1059e-01   5.5094e+01   3.7276e+00   0.0000e+00   0.0000e+00   2.7919e+02
20251207_14:00:00   1.9648e-01   5.2016e+01   3.4953e+00   0.0000e+00   0.0000e+00   2.8071e+02
20251207_15:00:00   1.8638e-01   4.9697e+01   3.3849e+00   0.0000e+00   0.0000e+00   2.8264e+02
20251207_16:00:00   1.8790e-01   4.9964e+01   3.4899e+00   0.0000e+00   0.0000e+00   2.8167e+02
20251207_17:00:00   1.8255e-01   4.8851e+01   3.4392e+00   0.0000e+00   0.0000e+00   2.8167e+02
20251207_18:00:00   1.8753e-01   5.0038e+01   3.5608e+00   0.0000e+00   0.0000e+00   2.8050e+02
20251207_19:00:00   1.9394e-01   5.1492e+01   3.7245e+00   0.0000e+00   0.0000e+00   2.8059e+02
20251207_20:00:00   1.9603e-01   5.1970e+01   3.8058e+00   0.0000e+00   0.0000e+00   2.7908e+02
20251207_21:00:00   1.9253e-01   5.1236e+01   3.7663e+00   0.0000e+00   0.0000e+00   2.7856e+02
20251207_22:00:00   1.9192e-01   5.1035e+01   3.8027e+00   0.0000e+00   0.0000e+00   2.7629e+02
20251207_23:00:00   1.8192e-01   4.8762e+01   3.6361e+00   0.0000e+00   0.0000e+00   2.7494e+02
20251208_00:00:00   1.7574e-01   4.7373e+01   3.5050e+00   0.0000e+00   0.0000e+00   2.7589e+02
20251208_01:00:00   1.7798e-01   4.7906e+01   3.5299e+00   0.0000e+00   0.0000e+00   2.7468e+02
20251208_02:00:00   1.8041e-01   4.8497e+01   3.5693e+00   0.0000e+00   0.0000e+00   2.7523e+02
20251208_03:00:00   1.8662e-01   4.9851e+01   3.7169e+00   0.0000e+00   0.0000e+00   2.7607e+02
20251208_04:00:00   1.9507e-01   5.1580e+01   3.9278e+00   0.0000e+00   3.0700e-04   2.7742e+02
20251208_05:00:00   1.9686e-01   5.2103e+01   3.9313e+00   0.0000e+00   0.0000e+00   2.7794e+02
20251208_06:00:00   1.9672e-01   5.2142e+01   3.9098e+00   0.0000e+00   0.0000e+00   2.7752e+02
20251208_07:00:00   1.9833e-01   5.2512e+01   3.9311e+00   0.0000e+00   0.0000e+00   2.8006e+02
20251208_08:00:00   2.0370e-01   5.3650e+01   4.0312e+00   0.0000e+00   0.0000e+00   2.8173e+02
20251208_09:00:00   2.0900e-01   5.4775e+01   4.1240e+00   0.0000e+00   5.9000e-05   2.8422e+02
20251208_10:00:00   2.1715e-01   5.6480e+01   4.2803e+00   0.0000e+00   9.0304e-04   2.8519e+02
20251208_11:00:00   2.3049e-01   5.9266e+01   4.5434e+00   0.0000e+00   2.1479e-03   2.8595e+02
20251208_12:00:00   2.4584e-01   6.2427e+01   4.8434e+00   0.0000e+00   2.8969e-03   2.8744e+02
20251208_13:00:00   2.6050e-01   6.5391e+01   5.1408e+00   0.0000e+00   2.7376e-03   2.9042e+02
20251208_14:00:00   2.7448e-01   6.8146e+01   5.4230e+00   0.0000e+00   2.2189e-03   2.9249e+02
20251208_15:00:00   2.8890e-01   7.0984e+01   5.6891e+00   0.0000e+00   2.2274e-03   2.9423e+02
20251208_16:00:00   2.9217e-01   7.1746e+01   5.6898e+00   0.0000e+00   5.5200e-05   2.9532e+02
20251208_17:00:00   2.9562e-01   7.2544e+01   5.7149e+00   0.0000e+00   0.0000e+00   2.9717e+02
20251208_18:00:00   2.9968e-01   7.3489e+01   5.7440e+00   0.0000e+00   0.0000e+00   2.9796e+02
20251208_19:00:00   3.0083e-01   7.3814e+01   5.7309e+00   0.0000e+00   0.0000e+00   2.9794e+02
20251208_20:00:00   2.8654e-01   7.1137e+01   5.4239e+00   0.0000e+00   0.0000e+00   2.9801e+02
20251208_21:00:00   2.6217e-01   6.6417e+01   4.9092e+00   0.0000e+00   0.0000e+00   2.9836e+02
20251208_22:00:00   2.3432e-01   6.0786e+01   4.3322e+00   0.0000e+00   0.0000e+00   3.0018e+02
20251208_23:00:00   2.2042e-01   5.7931e+01   4.0090e+00   0.0000e+00   0.0000e+00   3.0063e+02
20251209_00:00:00   2.0190e-01   5.3899e+01   3.6696e+00   0.0000e+00   0.0000e+00   2.9747e+02
20251209_01:00:00   1.9879e-01   5.3204e+01   3.5866e+00   0.0000e+00   0.0000e+00   2.9761e+02
20251209_02:00:00   2.0075e-01   5.3557e+01   3.6531e+00   0.0000e+00   3.9680e-06   2.9975e+02
20251209_03:00:00   2.2179e-01   5.7807e+01   4.1443e+00   0.0000e+00   1.6364e-03   2.9898e+02
20251209_04:00:00   2.3924e-01   6.1310e+01   4.5322e+00   0.0000e+00   2.5480e-05   3.0039e+02
20251209_05:00:00   2.3380e-01   6.0345e+01   4.3763e+00   0.0000e+00   0.0000e+00   2.9644e+02
20251209_06:00:00   2.1907e-01   5.7439e+01   4.0217e+00   0.0000e+00   0.0000e+00   2.9323e+02
20251209_07:00:00   2.0935e-01   5.5351e+01   3.8388e+00   0.0000e+00   0.0000e+00   2.9260e+02
20251209_08:00:00   2.0024e-01   5.3381e+01   3.6892e+00   0.0000e+00   0.0000e+00   2.9130e+02
20251209_09:00:00   1.9722e-01   5.2725e+01   3.6598e+00   0.0000e+00   0.0000e+00   2.8890e+02
20251209_10:00:00   1.9151e-01   5.1475e+01   3.5677e+00   0.0000e+00   1.2980e-05   2.8558e+02
20251209_11:00:00   1.8314e-01   4.9594e+01   3.4407e+00   0.0000e+00   9.1080e-06   2.8727e+02
20251209_12:00:00   1.7953e-01   4.8793e+01   3.4096e+00   0.0000e+00   0.0000e+00   2.8950e+02
20251209_13:00:00   1.8313e-01   4.9628e+01   3.5264e+00   0.0000e+00   8.1160e-06   2.9268e+02
20251209_14:00:00   1.9526e-01   5.2286e+01   3.8218e+00   0.0000e+00   0.0000e+00   2.9579e+02
20251209_15:00:00   2.1022e-01   5.5530e+01   4.1555e+00   0.0000e+00   0.0000e+00   2.9388e+02
20251209_16:00:00   2.1944e-01   5.7603e+01   4.3659e+00   0.0000e+00   0.0000e+00   2.9216e+02
20251209_17:00:00   2.3174e-01   6.0252e+01   4.6671e+00   0.0000e+00   0.0000e+00   2.9215e+02
20251209_18:00:00   2.3638e-01   6.1226e+01   4.8349e+00   0.0000e+00   2.2660e-05   2.8988e+02
20251209_19:00:00   2.4529e-01   6.3088e+01   5.0645e+00   0.0000e+00   8.1160e-06   2.8763e+02
20251209_20:00:00   2.5867e-01   6.5904e+01   5.3375e+00   0.0000e+00   0.0000e+00   2.8604e+02
20251209_21:00:00   2.6364e-01   6.6994e+01   5.4526e+00   0.0000e+00   0.0000e+00   2.8600e+02
20251209_22:00:00   2.6263e-01   6.6874e+01   5.4507e+00   0.0000e+00   0.0000e+00   2.8598e+02
20251209_23:00:00   2.7593e-01   6.9724e+01   5.7071e+00   0.0000e+00   0.0000e+00   2.8450e+02
20251210_00:00:00   2.9483e-01   7.3498e+01   6.0396e+00   0.0000e+00   0.0000e+00   2.8131e+02
20251210_01:00:00   3.2028e-01   7.8424e+01   6.5251e+00   0.0000e+00   0.0000e+00   2.8200e+02
20251210_02:00:00   3.4561e-01   8.3276e+01   7.0045e+00   0.0000e+00   0.0000e+00   2.8135e+02
20251210_03:00:00   3.8329e-01   9.0479e+01   7.6711e+00   0.0000e+00   4.1600e-06   2.8253e+02
20251210_04:00:00   3.9449e-01   9.2689e+01   7.8422e+00   0.0000e+00   3.0720e-06   2.8549e+02
20251210_05:00:00   3.8647e-01   9.1303e+01   7.7354e+00   0.0000e+00   2.9805e-03   2.8735e+02
20251210_06:00:00   3.6401e-01   8.7067e+01   7.4294e+00   0.0000e+00   7.5633e-03   2.8996e+02
20251210_07:00:00   3.7653e-01   8.9322e+01   7.6450e+00   0.0000e+00   5.5519e-04   2.9488e+02
20251210_08:00:00   3.8773e-01   9.1415e+01   7.7715e+00   0.0000e+00   0.0000e+00   2.9824e+02
20251210_09:00:00   3.7887e-01   9.0053e+01   7.4450e+00   0.0000e+00   0.0000e+00   3.0273e+02
20251210_10:00:00   3.6889e-01   8.8302e+01   7.2360e+00   0.0000e+00   0.0000e+00   3.0300e+02
20251210_11:00:00   3.7492e-01   8.9375e+01   7.2997e+00   0.0000e+00   0.0000e+00   3.0013e+02
20251210_12:00:00   3.7300e-01   8.9084e+01   7.2523e+00   0.0000e+00   1.9840e-06   3.0316e+02
20251210_13:00:00   3.7959e-01   9.0306e+01   7.3420e+00   0.0000e+00   0.0000e+00   3.0389e+02
20251210_14:00:00   3.7488e-01   8.9489e+01   7.2907e+00   0.0000e+00   0.0000e+00   3.0294e+02
20251210_15:00:00   3.7543e-01   8.9645e+01   7.3057e+00   0.0000e+00   0.0000e+00   3.0166e+02
20251210_16:00:00   3.7798e-01   9.0127e+01   7.3919e+00   0.0000e+00   3.0960e-06   3.0034e+02
20251210_17:00:00   3.7986e-01   9.0586e+01   7.4675e+00   0.0000e+00   0.0000e+00   2.9669e+02
20251210_18:00:00   3.9920e-01   9.4185e+01   7.8262e+00   0.0000e+00   0.0000e+00   2.9270e+02
20251210_19:00:00   3.9385e-01   9.3319e+01   7.8141e+00   0.0000e+00   0.0000e+00   2.9010e+02
20251210_20:00:00   3.9706e-01   9.3953e+01   7.8567e+00   0.0000e+00   0.0000e+00   2.8958e+02
20251210_21:00:00   3.8691e-01   9.2188e+01   7.6673e+00   0.0000e+00   5.1120e-05   2.8755e+02
20251210_22:00:00   3.8441e-01   9.1818e+01   7.6208e+00   0.0000e+00   5.0280e-05   2.8401e+02
20251210_23:00:00   3.9185e-01   9.3138e+01   7.7699e+00   0.0000e+00   9.4426e-05   2.8465e+02
20251211_00:00:00   3.8172e-01   9.1200e+01   7.5943e+00   0.0000e+00   3.5980e-05   2.8342e+02
20251211_01:00:00   3.6523e-01   8.8149e+01   7.2306e+00   0.0000e+00   4.8020e-05   2.8157e+02
20251211_02:00:00   3.3956e-01   8.3256e+01   6.6785e+00   0.0000e+00   0.0000e+00   2.8085e+02
20251211_03:00:00   3.2528e-01   8.0462e+01   6.3411e+00   0.0000e+00   0.0000e+00   2.8024e+02
20251211_04:00:00   3.4192e-01   8.3683e+01   6.6098e+00   0.0000e+00   0.0000e+00   2.7987e+02
20251211_05:00:00   3.8280e-01   9.1432e+01   7.3383e+00   0.0000e+00   0.0000e+00   2.7703e+02
20251211_06:00:00   4.0137e-01   9.4798e+01   7.6897e+00   0.0000e+00   0.0000e+00   2.7562e+02
20251211_09:00:00   4.6233e-01   1.0515e+02   8.8306e+00   0.0000e+00   0.0000e+00   2.7500e+02
20251211_12:00:00   4.5717e-01   1.0413e+02   8.6815e+00   0.0000e+00   0.0000e+00   2.7612e+02
20251211_15:00:00   4.3265e-01   9.9810e+01   8.1497e+00   0.0000e+00   0.0000e+00   2.7732e+02
20251211_18:00:00   4.6490e-01   1.0533e+02   8.7850e+00   0.0000e+00   1.9840e-06   2.7873e+02
20251211_21:00:00   4.8212e-01   1.0816e+02   9.2666e+00   0.0000e+00   3.5240e-05   2.7696e+02
20251212_00:00:00   4.6021e-01   1.0442e+02   8.7860e+00   0.0000e+00   0.0000e+00   2.7392e+02
20251212_03:00:00   4.3595e-01   1.0015e+02   8.2992e+00   0.0000e+00   0.0000e+00   2.7558e+02
20251212_06:00:00   4.2186e-01   9.7716e+01   7.9325e+00   0.0000e+00   0.0000e+00   2.7518e+02
20251212_09:00:00   4.0466e-01   9.4768e+01   7.3337e+00   0.0000e+00   3.6660e-05   2.7401e+02
20251212_12:00:00   4.0607e-01   9.4850e+01   7.4160e+00   0.0000e+00   0.0000e+00   2.7993e+02
20251212_15:00:00   3.9343e-01   9.2503e+01   7.1952e+00   0.0000e+00   0.0000e+00   2.8545e+02
20251212_18:00:00   4.0004e-01   9.3850e+01   7.3830e+00   0.0000e+00   0.0000e+00   2.8365e+02
20251212_21:00:00   3.6085e-01   8.7141e+01   6.6920e+00   0.0000e+00   0.0000e+00   2.7960e+02
20251213_00:00:00   3.4570e-01   8.4263e+01   6.4073e+00   0.0000e+00   0.0000e+00   2.8663e+02
20251213_03:00:00   3.0790e-01   7.6868e+01   5.7545e+00   0.0000e+00   7.7340e-05   2.8282e+02
20251213_06:00:00   2.9882e-01   7.4930e+01   5.6358e+00   0.0000e+00   1.0292e-05   2.7774e+02
20251213_09:00:00   2.9182e-01   7.3562e+01   5.4524e+00   0.0000e+00   0.0000e+00   2.7940e+02
20251213_12:00:00   2.8374e-01   7.1946e+01   5.2999e+00   0.0000e+00   0.0000e+00   2.7599e+02
20251213_15:00:00   2.6223e-01   6.7517e+01   4.9377e+00   0.0000e+00   0.0000e+00   2.6983e+02
20251213_18:00:00   2.4331e-01   6.3637e+01   4.6601e+00   0.0000e+00   0.0000e+00   2.6641e+02
20251213_21:00:00   2.5997e-01   6.7203e+01   5.0804e+00   0.0000e+00   0.0000e+00   2.6108e+02
20251214_00:00:00   2.8203e-01   7.1778e+01   5.4945e+00   0.0000e+00   0.0000e+00   2.5950e+02
20251214_03:00:00   2.7371e-01   7.0149e+01   5.1911e+00   0.0000e+00   0.0000e+00   2.5697e+02
20251214_06:00:00   2.5177e-01   6.5576e+01   4.6940e+00   0.0000e+00   0.0000e+00   2.5335e+02
20251214_09:00:00   2.2585e-01   5.9964e+01   4.2119e+00   0.0000e+00   0.0000e+00   2.5602e+02
20251214_12:00:00   2.2265e-01   5.9239e+01   4.1295e+00   0.0000e+00   0.0000e+00   2.5350e+02
20251214_15:00:00   2.1159e-01   5.6735e+01   3.9068e+00   0.0000e+00   0.0000e+00   2.5454e+02
20251214_18:00:00   2.0466e-01   5.5123e+01   3.9518e+00   0.0000e+00   0.0000e+00   2.5824e+02
20251214_21:00:00   2.1062e-01   5.6372e+01   4.1862e+00   0.0000e+00   3.1797e-03   2.5555e+02
20251215_00:00:00   2.0398e-01   5.4483e+01   4.1364e+00   0.0000e+00   2.3121e-03   2.5477e+02
20251215_03:00:00   2.0769e-01   5.5130e+01   4.2331e+00   0.0000e+00   5.7676e-03   2.5488e+02
20251215_06:00:00   2.1205e-01   5.6093e+01   4.2920e+00   0.0000e+00   8.3225e-03   2.5242e+02
20251215_09:00:00   2.2717e-01   5.9144e+01   4.6456e+00   0.0000e+00   1.1498e-02   2.4849e+02
20251215_12:00:00   2.4290e-01   6.2276e+01   4.9675e+00   0.0000e+00   4.6181e-02   2.5201e+02
20251215_15:00:00   2.8070e-01   6.9573e+01   5.8126e+00   0.0000e+00   2.9914e-02   2.5623e+02
20251215_18:00:00   2.9748e-01   7.2964e+01   6.1406e+00   0.0000e+00   3.2686e-02   2.5631e+02
20251215_21:00:00   3.0673e-01   7.5188e+01   6.2970e+00   0.0000e+00   8.1891e-03   2.5661e+02
20251216_00:00:00   3.4016e-01   8.1993e+01   6.8541e+00   0.0000e+00   2.2877e-03   2.5988e+02
20251216_03:00:00   3.6118e-01   8.5672e+01   7.2103e+00   0.0000e+00   1.5986e-03   2.6305e+02
20251216_06:00:00   3.8198e-01   8.9239e+01   7.5514e+00   0.0000e+00   1.8441e-02   2.6612e+02
20251216_09:00:00   3.6251e-01   8.5905e+01   7.0666e+00   0.0000e+00   2.1420e-03   2.6664e+02
20251216_12:00:00   3.2697e-01   7.9273e+01   6.3158e+00   0.0000e+00   3.1280e-05   2.6751e+02
20251216_15:00:00   3.1951e-01   7.7760e+01   6.1692e+00   0.0000e+00   0.0000e+00   2.6743e+02
20251216_18:00:00   3.2454e-01   7.8889e+01   6.2769e+00   0.0000e+00   0.0000e+00   2.6800e+02
20251216_21:00:00   3.5656e-01   8.5127e+01   6.8669e+00   0.0000e+00   0.0000e+00   2.6560e+02
20251217_00:00:00   4.1710e-01   9.5770e+01   7.9101e+00   0.0000e+00   3.9442e-03   2.6423e+02
20251217_03:00:00   3.8706e-01   9.0565e+01   7.2286e+00   0.0000e+00   3.0960e-06   2.6633e+02
20251217_06:00:00   3.6971e-01   8.7337e+01   6.9365e+00   0.0000e+00   0.0000e+00   2.6656e+02
20251217_09:00:00   3.6934e-01   8.7242e+01   6.8859e+00   0.0000e+00   0.0000e+00   2.7138e+02
20251217_12:00:00   3.4352e-01   8.2412e+01   6.3955e+00   0.0000e+00   0.0000e+00   2.7998e+02
20251217_15:00:00   3.4003e-01   8.1477e+01   6.3694e+00   0.0000e+00   1.1366e-04   2.9100e+02
20251217_18:00:00   3.5027e-01   8.3210e+01   6.6133e+00   0.0000e+00   1.7442e-04   3.0051e+02
20251217_21:00:00   3.5218e-01   8.3652e+01   6.6692e+00   0.0000e+00   4.1220e-06   3.0304e+02
20251218_00:00:00   3.7719e-01   8.8174e+01   7.0853e+00   0.0000e+00   3.3980e-06   3.0192e+02
20251218_03:00:00   3.3393e-01   8.0323e+01   6.2175e+00   0.0000e+00   0.0000e+00   2.9658e+02
20251218_06:00:00   3.2339e-01   7.8417e+01   5.9399e+00   0.0000e+00   0.0000e+00   2.9231e+02
20251218_09:00:00   3.1167e-01   7.6028e+01   5.7045e+00   0.0000e+00   0.0000e+00   2.9090e+02
20251218_12:00:00   2.8967e-01   7.1647e+01   5.3403e+00   0.0000e+00   0.0000e+00   2.8718e+02
20251218_15:00:00   2.8220e-01   7.0150e+01   5.1919e+00   0.0000e+00   0.0000e+00   2.8836e+02
20251218_18:00:00   2.7067e-01   6.7770e+01   5.1331e+00   0.0000e+00   2.0763e-03   2.9242e+02
20251218_21:00:00   2.6537e-01   6.6734e+01   5.1214e+00   0.0000e+00   1.7998e-04   2.9397e+02
20251219_00:00:00   2.3701e-01   6.1068e+01   4.5512e+00   0.0000e+00   2.2919e-03   2.8629e+02
20251219_03:00:00   2.0473e-01   5.4245e+01   3.8946e+00   0.0000e+00   5.9515e-03   2.8291e+02
20251219_06:00:00   2.0444e-01   5.4059e+01   3.9679e+00   0.0000e+00   1.7094e-03   2.8212e+02
20251219_09:00:00   2.4046e-01   6.1459e+01   4.8339e+00   0.0000e+00   3.1760e-04   2.7724e+02
20251219_12:00:00   3.1201e-01   7.5474e+01   6.4176e+00   0.0000e+00   3.4796e-03   2.7252e+02
20251219_15:00:00   3.9457e-01   9.0377e+01   8.1879e+00   0.0000e+00   5.2445e-03   2.7204e+02
20251219_18:00:00   4.4001e-01   9.8203e+01   9.1283e+00   0.0000e+00   7.9024e-03   2.7198e+02
20251219_21:00:00   5.0875e-01   1.0961e+02   1.0275e+01   0.0000e+00   1.8252e-03   2.7172e+02
20251220_00:00:00   6.1782e-01   1.2696e+02   1.1854e+01   9.7220e-05   2.8396e-04   2.7406e+02
20251220_03:00:00   5.4332e-01   1.1609e+02   1.0477e+01   0.0000e+00   1.9024e-04   2.7805e+02
20251220_06:00:00   5.1562e-01   1.1182e+02   9.9659e+00   0.0000e+00   5.4781e-04   2.7993e+02
20251220_09:00:00   5.1872e-01   1.1214e+02   9.9804e+00   0.0000e+00   1.9318e-03   2.8222e+02
20251220_12:00:00   4.7774e-01   1.0567e+02   9.0085e+00   0.0000e+00   1.0050e-02   2.8651e+02
20251220_15:00:00   4.5983e-01   1.0249e+02   8.6002e+00   0.0000e+00   7.9077e-03   2.9072e+02
20251220_18:00:00   4.6844e-01   1.0395e+02   8.7144e+00   0.0000e+00   1.0611e-04   2.9225e+02
20251220_21:00:00   4.7953e-01   1.0622e+02   8.7680e+00   0.0000e+00   8.4920e-06   2.9635e+02
20251221_00:00:00   4.5623e-01   1.0265e+02   8.2428e+00   0.0000e+00   4.2320e-04   2.8776e+02
20251221_03:00:00   3.9288e-01   9.1774e+01   7.1628e+00   0.0000e+00   0.0000e+00   2.8089e+02
20251221_06:00:00   3.7102e-01   8.7671e+01   6.9319e+00   0.0000e+00   2.3400e-05   2.7770e+02
20251221_09:00:00   3.9009e-01   9.0807e+01   7.6363e+00   0.0000e+00   0.0000e+00   2.7572e+02
20251221_12:00:00   4.5735e-01   1.0246e+02   9.0971e+00   0.0000e+00   0.0000e+00   2.7923e+02
20251221_15:00:00   6.2285e-01   1.2842e+02   1.2024e+01   0.0000e+00   9.0913e-03   2.7963e+02
20251221_18:00:00   5.7754e-01   1.2249e+02   1.1255e+01   0.0000e+00   6.7725e-04   2.7680e+02
20251221_21:00:00   5.5377e-01   1.1932e+02   1.0841e+01   0.0000e+00   1.7958e-02   2.7276e+02
20251222_00:00:00   4.8056e-01   1.0785e+02   9.4385e+00   0.0000e+00   6.5500e-05   2.7166e+02
20251222_03:00:00   4.8606e-01   1.0859e+02   9.6272e+00   0.0000e+00   4.2820e-05   2.7178e+02
20251222_06:00:00   4.7390e-01   1.0676e+02   9.3091e+00   0.0000e+00   6.6080e-05   2.7183e+02
