#            date       tau255        Tb[K]      pwv[mm] lwp[kg*m^-2] iwp[kg*m^-2]       o3[DU]
20251207_00:00:00   8.1491e-01   1.5022e+02   1.1922e+01   0.0000e+00   2.8244e-01   3.2292e+02
20251207_01:00:00   8.6653e-01   1.5638e+02   1.2480e+01   0.0000e+00   5.5423e-01   3.2801e+02
20251207_02:00:00   8.8065e-01   1.5794e+02   1.2590e+01   0.0000e+00   7.3994e-01   3.3056e+02
20251207_03:00:00   8.7240e-01   1.5696e+02   1.2453e+01   2.8227e-04   7.3220e-01   3.2975e+02
20251207_04:00:00   8.5355e-01   1.5500e+02   1.2242e+01   5.6950e-04   3.8810e-01   3.2951e+02
20251207_05:00:00   9.2048e-01   1.6263e+02   1.2451e+01   2.0419e-02   4.3336e-01   3.3122e+02
20251207_06:00:00   1.1043e+00   1.8042e+02   1.1821e+01   1.1552e-01   4.6205e-01   3.3173e+02
20251207_07:00:00   1.1513e+00   1.8415e+02   1.1547e+01   1.4630e-01   4.0720e-01   3.3308e+02
20251207_08:00:00   8.3539e-01   1.5278e+02   1.1067e+01   2.7363e-02   1.9627e-01   3.3686e+02
20251207_09:00:00   7.6440e-01   1.4438e+02   1.0480e+01   1.4817e-02   4.0057e-02   3.3578e+02
20251207_10:00:00   6.6049e-01   1.3109e+02   9.3390e+00   0.0000e+00   3.6002e-03   3.4785e+02
20251207_11:00:00   5.5289e-01   1.1584e+02   7.6630e+00   0.0000e+00   3.8048e-03   3.4796e+02
20251207_12:00:00   4.7335e-01   1.0337e+02   6.4749e+00   0.0000e+00   1.3679e-04   3.4132e+02
20251207_13:00:00   4.4049e-01   9.7791e+01   6.0261e+00   0.0000e+00   3.7535e-05   3.3301e+02
20251207_14:00:00   4.3477e-01   9.6633e+01   5.9998e+00   0.0000e+00   1.8142e-05   3.3020e+02
20251207_15:00:00   4.1994e-01   9.3938e+01   5.8365e+00   0.0000e+00   5.5985e-05   3.3649e+02
20251207_16:00:00   3.9466e-01   8.9456e+01   5.5198e+00   0.0000e+00   2.9065e-05   3.4553e+02
20251207_17:00:00   3.7197e-01   8.5289e+01   5.2409e+00   0.0000e+00   1.1982e-05   3.4522e+02
20251207_18:00:00   3.3760e-01   7.9054e+01   4.8028e+00   0.0000e+00   2.6220e-06   3.4364e+02
20251207_19:00:00   2.9421e-01   7.0779e+01   4.2092e+00   0.0000e+00   4.6400e-06   3.2808e+02
20251207_20:00:00   2.4736e-01   6.1431e+01   3.4995e+00   0.0000e+00   2.7420e-05   3.3098e+02
20251207_21:00:00   2.1752e-01   5.5238e+01   3.0385e+00   0.0000e+00   6.5540e-06   3.3588e+02
20251207_22:00:00   2.0729e-01   5.2942e+01   2.8626e+00   0.0000e+00   0.0000e+00   3.4883e+02
20251207_23:00:00   2.0876e-01   5.3088e+01   2.9045e+00   0.0000e+00   0.0000e+00   3.5992e+02
20251208_00:00:00   2.1864e-01   5.5010e+01   3.0898e+00   0.0000e+00   1.7552e-04   3.5105e+02
20251208_01:00:00   2.4669e-01   6.0491e+01   3.6143e+00   0.0000e+00   6.1506e-04   3.4220e+02
20251208_02:00:00   2.7323e-01   6.5475e+01   4.1204e+00   0.0000e+00   3.5374e-03   3.3357e+02
20251208_03:00:00   2.9138e-01   6.8918e+01   4.4238e+00   0.0000e+00   2.6315e-03   3.3683e+02
20251208_04:00:00   3.1275e-01   7.2878e+01   4.7785e+00   0.0000e+00   2.8777e-03   3.4141e+02
20251208_05:00:00   3.3705e-01   7.7315e+01   5.1658e+00   0.0000e+00   9.3912e-03   3.3810e+02
20251208_06:00:00   3.6186e-01   8.1720e+01   5.5313e+00   0.0000e+00   2.8310e-02   3.3592e+02
20251208_07:00:00   3.8944e-01   8.6621e+01   5.8869e+00   0.0000e+00   1.8440e-01   3.3589e+02
20251208_08:00:00   4.2900e-01   9.3470e+01   6.4035e+00   0.0000e+00   2.8760e-01   3.3938e+02
20251208_09:00:00   4.6653e-01   9.9784e+01   6.9166e+00   0.0000e+00   2.6200e-01   3.3780e+02
20251208_10:00:00   5.0680e-01   1.0627e+02   7.4995e+00   0.0000e+00   7.1317e-02   3.3802e+02
20251208_11:00:00   5.3084e-01   1.1003e+02   7.8167e+00   0.0000e+00   4.1481e-02   3.4084e+02
20251208_12:00:00   5.4111e-01   1.1179e+02   7.9550e+00   0.0000e+00   1.1098e-02   3.4569e+02
20251208_13:00:00   5.3698e-01   1.1143e+02   7.8142e+00   0.0000e+00   9.4891e-03   3.4388e+02
20251208_14:00:00   5.3275e-01   1.1118e+02   7.6585e+00   0.0000e+00   3.4858e-03   3.5014e+02
20251208_15:00:00   5.3493e-01   1.1171e+02   7.5703e+00   0.0000e+00   3.1332e-02   3.5369e+02
20251208_16:00:00   5.3355e-01   1.1170e+02   7.5041e+00   0.0000e+00   1.3286e-02   3.5156e+02
20251208_17:00:00   5.1320e-01   1.0874e+02   7.3275e+00   0.0000e+00   8.3036e-03   3.4984e+02
20251208_18:00:00   4.9243e-01   1.0562e+02   7.0626e+00   0.0000e+00   7.9569e-03   3.5282e+02
20251208_19:00:00   4.6374e-01   1.0126e+02   6.6532e+00   0.0000e+00   4.1695e-03   3.5229e+02
20251208_20:00:00   4.8828e-01   1.0523e+02   7.1403e+00   0.0000e+00   2.1709e-02   3.5241e+02
20251208_21:00:00   5.1380e-01   1.0945e+02   7.6106e+00   0.0000e+00   2.9893e-03   3.5054e+02
20251208_22:00:00   5.1501e-01   1.0997e+02   7.5874e+00   0.0000e+00   3.2014e-04   3.5021e+02
20251208_23:00:00   5.5347e-01   1.1597e+02   8.3063e+00   0.0000e+00   3.4855e-05   3.4548e+02
20251209_00:00:00   6.0416e-01   1.2355e+02   9.1466e+00   0.0000e+00   2.5410e-04   3.4241e+02
20251209_01:00:00   6.5470e-01   1.3064e+02   9.9571e+00   0.0000e+00   7.6637e-03   3.4050e+02
20251209_02:00:00   6.8040e-01   1.3421e+02   1.0403e+01   0.0000e+00   1.7951e-02   3.4325e+02
20251209_03:00:00   7.1493e-01   1.3891e+02   1.0961e+01   0.0000e+00   1.9092e-02   3.4690e+02
20251209_04:00:00   7.4410e-01   1.4298e+02   1.1373e+01   0.0000e+00   1.3149e-02   3.6136e+02
20251209_05:00:00   7.4037e-01   1.4298e+02   1.1233e+01   0.0000e+00   2.1327e-02   3.8785e+02
20251209_06:00:00   6.9782e-01   1.3780e+02   1.0563e+01   0.0000e+00   1.4483e-02   3.9439e+02
20251209_07:00:00   6.8328e-01   1.3640e+02   1.0073e+01   0.0000e+00   9.3140e-04   4.0596e+02
20251209_08:00:00   6.7600e-01   1.3580e+02   9.8969e+00   0.0000e+00   0.0000e+00   4.0515e+02
20251209_09:00:00   5.8937e-01   1.2387e+02   8.6022e+00   0.0000e+00   0.0000e+00   4.0039e+02
20251209_10:00:00   4.8978e-01   1.0826e+02   7.0398e+00   0.0000e+00   0.0000e+00   3.8983e+02
20251209_11:00:00   4.1716e-01   9.5647e+01   6.0143e+00   0.0000e+00   4.6143e-04   3.8336e+02
20251209_12:00:00   3.7929e-01   8.8666e+01   5.5043e+00   0.0000e+00   2.9529e-03   3.7587e+02
20251209_13:00:00   3.6535e-01   8.5910e+01   5.4161e+00   0.0000e+00   1.7974e-02   3.6790e+02
20251209_14:00:00   3.6856e-01   8.6376e+01   5.5178e+00   0.0000e+00   4.8287e-02   3.6301e+02
20251209_15:00:00   3.9463e-01   9.0672e+01   6.1419e+00   0.0000e+00   1.0594e-01   3.5856e+02
20251209_16:00:00   4.4172e-01   9.8890e+01   6.9028e+00   0.0000e+00   6.8287e-02   3.5756e+02
20251209_17:00:00   5.4386e-01   1.1499e+02   8.9598e+00   0.0000e+00   5.1545e-02   3.5480e+02
20251209_18:00:00   6.9043e-01   1.3601e+02   1.1380e+01   0.0000e+00   1.4371e-02   3.5098e+02
20251209_19:00:00   8.4024e-01   1.5497e+02   1.2959e+01   1.8750e-02   1.1033e-01   3.4535e+02
20251209_20:00:00   1.0236e+00   1.7493e+02   1.4046e+01   6.3550e-02   8.7982e-02   3.3644e+02
20251209_21:00:00   1.1127e+00   1.8348e+02   1.5001e+01   7.2280e-02   2.8974e-01   3.3857e+02
20251209_22:00:00   9.5722e-01   1.6868e+02   1.5323e+01   2.5160e-03   3.5124e-01   3.3934e+02
20251209_23:00:00   9.6384e-01   1.6971e+02   1.5625e+01   1.1667e-04   1.5687e-01   3.3712e+02
20251210_00:00:00   1.1026e+00   1.8325e+02   1.7565e+01   4.1710e-05   1.7588e-01   3.3581e+02
20251210_01:00:00   1.2337e+00   1.9483e+02   1.8696e+01   2.0260e-02   7.2743e-02   3.3344e+02
20251210_02:00:00   1.1099e+00   1.8516e+02   1.7672e+01   0.0000e+00   1.7074e-01   3.3138e+02
20251210_03:00:00   1.0890e+00   1.8350e+02   1.7313e+01   0.0000e+00   2.4305e-01   3.3090e+02
20251210_04:00:00   1.3466e+00   2.0397e+02   1.7244e+01   1.1052e-01   1.3484e-01   3.2885e+02
20251210_05:00:00   1.1442e+00   1.8827e+02   1.7267e+01   1.7467e-02   9.1300e-02   3.3184e+02
20251210_06:00:00   9.6265e-01   1.7059e+02   1.5193e+01   0.0000e+00   2.2974e-01   3.3485e+02
20251210_07:00:00   9.1002e-01   1.6523e+02   1.3037e+01   2.1600e-02   2.1497e-02   3.2832e+02
20251210_08:00:00   1.0370e+00   1.7793e+02   1.1088e+01   1.1732e-01   4.8550e-03   3.1903e+02
20251210_09:00:00   7.9457e-01   1.5127e+02   9.3297e+00   6.4337e-02   7.5264e-03   3.2667e+02
20251210_10:00:00   1.0856e+00   1.8089e+02   7.7533e+00   2.3218e-01   2.7281e-03   3.3579e+02
20251210_11:00:00   8.9604e-01   1.6137e+02   7.3713e+00   1.6758e-01   4.7867e-03   3.4231e+02
20251210_12:00:00   5.2109e-01   1.1190e+02   6.3758e+00   3.0520e-02   1.1108e-03   3.3977e+02
20251210_13:00:00   4.7621e-01   1.0384e+02   6.8194e+00   1.8561e-04   2.0941e-03   3.3988e+02
20251210_14:00:00   5.1267e-01   1.0903e+02   7.3586e+00   3.4440e-05   7.9627e-04   3.4343e+02
20251210_15:00:00   5.1193e-01   1.0884e+02   7.1133e+00   4.9526e-03   5.5279e-03   3.3552e+02
20251210_16:00:00   4.9990e-01   1.0666e+02   7.2411e+00   0.0000e+00   1.0751e-03   3.2767e+02
20251210_17:00:00   5.1569e-01   1.0922e+02   7.4623e+00   0.0000e+00   1.3203e-03   3.1143e+02
20251210_18:00:00   5.2122e-01   1.1032e+02   7.4286e+00   1.6843e-03   2.8034e-03   3.0246e+02
20251210_19:00:00   5.6542e-01   1.1720e+02   7.6714e+00   1.4447e-02   2.5720e-03   3.0289e+02
20251210_20:00:00   5.6885e-01   1.1794e+02   7.6675e+00   1.7066e-02   2.3328e-03   3.0429e+02
20251210_21:00:00   6.7604e-01   1.3299e+02   7.7240e+00   6.0629e-02   6.1475e-03   3.0141e+02
20251210_22:00:00   7.6055e-01   1.4392e+02   7.3421e+00   1.0630e-01   6.1180e-03   3.0129e+02
20251210_23:00:00   6.3990e-01   1.2824e+02   7.1506e+00   6.0232e-02   1.5806e-03   3.0053e+02
20251211_00:00:00   5.9258e-01   1.2160e+02   6.7572e+00   5.1120e-02   1.4469e-03   3.1344e+02
20251211_01:00:00   6.3148e-01   1.2711e+02   6.4476e+00   7.6695e-02   2.3019e-03   3.0887e+02
20251211_02:00:00   6.5460e-01   1.3018e+02   6.3816e+00   8.9851e-02   4.1657e-03   3.0659e+02
20251211_03:00:00   4.6714e-01   1.0210e+02   6.4232e+00   1.0380e-02   8.1765e-04   3.0092e+02
20251211_04:00:00   4.7381e-01   1.0291e+02   6.7201e+00   9.4280e-03   1.0257e-02   2.9682e+02
20251211_05:00:00   4.8851e-01   1.0505e+02   7.1980e+00   5.9720e-03   2.9199e-02   2.9698e+02
20251211_06:00:00   5.0076e-01   1.0689e+02   7.1573e+00   1.1402e-02   4.5809e-02   2.9548e+02
20251211_07:00:00   4.8782e-01   1.0484e+02   7.1095e+00   6.6280e-03   1.3202e-01   2.9134e+02
20251211_08:00:00   5.2090e-01   1.0980e+02   7.9033e+00   0.0000e+00   3.3171e-01   2.8781e+02
20251211_09:00:00   5.7090e-01   1.1733e+02   8.7270e+00   0.0000e+00   2.3572e-01   2.9126e+02
20251211_10:00:00   6.6731e-01   1.3083e+02   1.0178e+01   0.0000e+00   3.2316e-01   2.9080e+02
20251211_11:00:00   7.1900e-01   1.3751e+02   1.0937e+01   0.0000e+00   3.5223e-01   2.9068e+02
20251211_12:00:00   7.8506e-01   1.4585e+02   1.1709e+01   0.0000e+00   4.6962e-01   2.8713e+02
20251211_13:00:00   8.0602e-01   1.4844e+02   1.1911e+01   0.0000e+00   5.5370e-01   2.8906e+02
20251211_14:00:00   7.8530e-01   1.4590e+02   1.1411e+01   2.8900e-03   6.1184e-01   2.9566e+02
20251211_15:00:00   7.3949e-01   1.4042e+02   1.0635e+01   0.0000e+00   5.5209e-01   3.0169e+02
20251211_16:00:00   7.2980e-01   1.3923e+02   1.0448e+01   0.0000e+00   5.4094e-01   3.0751e+02
20251211_17:00:00   6.9232e-01   1.3458e+02   9.7828e+00   9.9620e-05   3.9697e-01   3.1585e+02
20251211_18:00:00   7.0738e-01   1.3636e+02   1.0013e+01   3.3203e-03   2.9257e-01   3.2699e+02
20251211_19:00:00   7.1850e-01   1.3777e+02   9.8886e+00   1.2346e-02   2.8201e-01   3.3060e+02
20251211_20:00:00   6.8572e-01   1.3359e+02   9.4984e+00   1.0035e-02   1.2770e-01   3.3043e+02
20251211_21:00:00   6.3994e-01   1.2731e+02   9.0794e+00   6.7614e-04   1.3071e-01   3.2802e+02
20251211_22:00:00   5.9910e-01   1.2135e+02   8.4818e+00   1.0733e-04   6.3166e-02   3.2972e+02
20251211_23:00:00   5.4590e-01   1.1353e+02   7.7338e+00   0.0000e+00   8.3538e-04   3.2973e+02
20251212_00:00:00   5.2697e-01   1.1046e+02   7.4135e+00   0.0000e+00   7.3628e-03   3.2826e+02
20251212_03:00:00   4.5935e-01   9.9315e+01   6.3357e+00   0.0000e+00   6.2528e-04   3.4282e+02
20251212_06:00:00   3.6252e-01   8.2458e+01   4.8862e+00   0.0000e+00   2.1572e-03   3.4187e+02
20251212_09:00:00   2.9970e-01   7.0554e+01   3.9215e+00   0.0000e+00   1.3750e-03   3.4464e+02
20251212_12:00:00   2.5585e-01   6.1792e+01   3.2524e+00   0.0000e+00   7.2509e-04   3.5002e+02
20251212_15:00:00   2.3005e-01   5.6525e+01   2.8558e+00   0.0000e+00   1.0632e-03   3.5587e+02
20251212_18:00:00   2.1817e-01   5.3895e+01   2.6674e+00   1.9370e-05   1.0983e-03   3.4731e+02
20251212_21:00:00   1.9958e-01   4.9914e+01   2.3575e+00   0.0000e+00   1.1748e-03   3.6361e+02
20251213_00:00:00   1.8187e-01   4.5949e+01   2.0705e+00   0.0000e+00   1.2039e-03   3.7179e+02
20251213_03:00:00   1.9625e-01   4.8516e+01   2.2608e+00   0.0000e+00   1.4285e-03   3.7255e+02
20251213_06:00:00   2.2039e-01   5.3460e+01   2.6252e+00   0.0000e+00   1.7945e-03   3.8408e+02
20251213_09:00:00   2.5702e-01   6.1136e+01   3.2569e+00   0.0000e+00   9.1297e-05   3.7319e+02
20251213_12:00:00   2.6222e-01   6.2539e+01   3.3869e+00   0.0000e+00   2.7339e-05   3.6736e+02
20251213_15:00:00   2.8036e-01   6.6240e+01   3.6451e+00   0.0000e+00   3.6852e-05   3.6404e+02
20251213_18:00:00   2.6583e-01   6.3694e+01   3.4045e+00   0.0000e+00   7.8404e-04   3.5572e+02
20251213_21:00:00   2.6737e-01   6.4224e+01   3.5094e+00   0.0000e+00   4.9733e-04   3.4320e+02
20251214_00:00:00   2.6750e-01   6.4210e+01   3.6594e+00   0.0000e+00   5.0355e-03   3.3177e+02
20251214_03:00:00   2.9552e-01   6.9385e+01   4.3029e+00   0.0000e+00   5.6740e-02   3.1849e+02
20251214_06:00:00   3.6152e-01   8.1260e+01   5.5801e+00   0.0000e+00   8.3916e-02   3.2314e+02
20251214_09:00:00   4.8711e-01   1.0218e+02   7.5104e+00   0.0000e+00   4.5717e-01   3.1779e+02
20251214_12:00:00   6.1271e-01   1.2112e+02   9.1220e+00   0.0000e+00   6.1739e-01   3.1586e+02
20251214_15:00:00   6.0596e-01   1.2071e+02   8.9621e+00   0.0000e+00   2.5884e-01   3.2334e+02
20251214_18:00:00   5.3164e-01   1.1041e+02   7.5615e+00   0.0000e+00   1.0990e-01   3.1383e+02
20251214_21:00:00   4.8527e-01   1.0361e+02   7.2324e+00   0.0000e+00   1.9712e-02   3.2576e+02
20251215_00:00:00   6.1817e-01   1.2296e+02   9.3989e+00   0.0000e+00   2.1097e-01   3.2130e+02
20251215_03:00:00   4.2774e-01   9.3639e+01   5.9348e+00   0.0000e+00   7.7371e-03   3.2954e+02
20251215_06:00:00   3.0618e-01   7.1184e+01   4.0008e+00   0.0000e+00   1.3625e-03   3.3254e+02
20251215_09:00:00   2.9517e-01   6.8827e+01   3.8751e+00   0.0000e+00   1.9940e-03   3.4809e+02
20251215_12:00:00   2.9592e-01   6.9274e+01   3.8555e+00   0.0000e+00   1.8366e-03   3.3332e+02
20251215_15:00:00   2.5784e-01   6.2622e+01   3.2706e+00   0.0000e+00   4.2570e-04   3.1819e+02
20251215_18:00:00   2.6043e-01   6.3617e+01   3.4077e+00   0.0000e+00   5.2174e-04   3.0116e+02
20251215_21:00:00   2.7490e-01   6.6603e+01   3.7699e+00   0.0000e+00   2.7133e-05   3.0406e+02
20251216_00:00:00   2.9306e-01   7.0075e+01   4.3649e+00   0.0000e+00   1.2706e-05   2.9359e+02
20251216_03:00:00   3.5347e-01   8.1254e+01   5.6833e+00   0.0000e+00   2.9117e-05   2.8716e+02
20251216_06:00:00   4.1307e-01   9.2044e+01   6.8034e+00   0.0000e+00   2.7751e-03   2.8417e+02
20251216_09:00:00   4.0215e-01   9.0753e+01   6.7459e+00   0.0000e+00   1.7538e-04   2.7244e+02
20251216_12:00:00   4.4423e-01   9.8821e+01   7.4874e+00   0.0000e+00   1.1819e-06   2.7081e+02
20251216_15:00:00   4.6386e-01   1.0254e+02   7.8099e+00   0.0000e+00   4.7110e-07   2.6912e+02
20251216_18:00:00   4.7250e-01   1.0483e+02   7.7307e+00   0.0000e+00   0.0000e+00   2.6861e+02
20251216_21:00:00   4.6747e-01   1.0458e+02   7.4342e+00   0.0000e+00   0.0000e+00   2.7091e+02
20251217_00:00:00   4.7161e-01   1.0531e+02   7.7871e+00   0.0000e+00   6.0721e-04   2.7829e+02
20251217_03:00:00   4.6211e-01   1.0382e+02   7.6949e+00   0.0000e+00   0.0000e+00   2.8206e+02
20251217_06:00:00   4.7858e-01   1.0662e+02   7.9579e+00   0.0000e+00   3.1360e-05   2.8229e+02
20251217_09:00:00   5.2611e-01   1.1415e+02   8.8508e+00   0.0000e+00   7.8575e-04   2.7858e+02
20251217_12:00:00   5.5723e-01   1.1936e+02   9.3343e+00   0.0000e+00   8.1013e-04   2.7782e+02
20251217_15:00:00   5.7151e-01   1.2150e+02   9.4725e+00   0.0000e+00   8.7906e-03   2.8272e+02
20251217_18:00:00   5.8494e-01   1.2373e+02   9.5615e+00   0.0000e+00   1.3245e-03   2.8636e+02
20251217_21:00:00   6.1202e-01   1.2800e+02   9.8228e+00   0.0000e+00   5.0100e-05   2.8683e+02
20251218_00:00:00   6.5930e-01   1.3486e+02   1.0208e+01   0.0000e+00   1.4768e-04   2.9736e+02
20251218_03:00:00   7.0421e-01   1.4124e+02   1.0752e+01   0.0000e+00   6.2784e-03   2.9558e+02
20251218_06:00:00   7.0839e-01   1.4174e+02   1.1086e+01   0.0000e+00   3.0231e-02   2.9466e+02
20251218_09:00:00   8.0436e-01   1.5369e+02   1.2818e+01   3.1245e-03   2.0666e-01   3.0030e+02
20251218_12:00:00   8.5199e-01   1.5881e+02   1.2629e+01   3.2565e-02   2.6899e-01   2.9529e+02
20251218_15:00:00   9.6898e-01   1.7125e+02   1.5058e+01   2.5858e-02   3.6843e-01   2.9450e+02
20251218_18:00:00   1.3066e+00   2.0111e+02   1.5335e+01   1.5569e-01   2.7655e-02   3.0122e+02
20251218_21:00:00   1.1613e+00   1.8988e+02   1.5076e+01   9.9810e-02   9.7230e-03   3.0434e+02
20251219_00:00:00   1.3193e+00   2.0284e+02   1.5894e+01   1.3749e-01   4.0370e-02   3.0931e+02
20251219_03:00:00   1.5726e+00   2.1977e+02   1.7414e+01   1.8200e-01   9.8064e-02   3.1535e+02
20251219_06:00:00   1.4448e+00   2.1372e+02   1.8180e+01   9.8723e-02   2.6148e-02   3.1682e+02
20251219_09:00:00   9.3856e-01   1.7036e+02   1.3898e+01   1.5918e-02   1.2237e-02   3.1768e+02
20251219_12:00:00   6.1550e-01   1.2722e+02   9.6704e+00   2.7836e-03   3.3857e-03   3.2121e+02
20251219_15:00:00   6.8903e-01   1.3603e+02   1.1234e+01   1.2148e-03   1.0245e-01   3.1577e+02
20251219_18:00:00   8.3844e-01   1.5375e+02   1.3494e+01   1.3786e-05   2.5375e-01   3.2243e+02
20251219_21:00:00   7.8329e-01   1.4660e+02   1.2666e+01   0.0000e+00   1.7886e-01   3.1537e+02
20251220_00:00:00   7.3029e-01   1.3959e+02   1.1796e+01   0.0000e+00   1.9792e-01   3.1875e+02
20251220_03:00:00   4.9138e-01   1.0491e+02   7.8028e+00   0.0000e+00   1.6782e-01   3.1476e+02
20251220_06:00:00   3.5278e-01   8.1834e+01   5.1407e+00   0.0000e+00   7.6932e-04   3.2626e+02
20251220_09:00:00   3.2208e-01   7.6211e+01   4.5468e+00   0.0000e+00   6.8712e-06   3.3175e+02
20251220_12:00:00   3.2262e-01   7.6293e+01   4.5399e+00   0.0000e+00   6.7872e-06   3.3350e+02
20251220_15:00:00   3.5340e-01   8.2029e+01   5.0810e+00   0.0000e+00   5.3057e-06   3.2860e+02
20251220_18:00:00   4.1015e-01   9.2115e+01   5.9814e+00   0.0000e+00   2.4723e-05   3.3855e+02
20251220_21:00:00   4.6706e-01   1.0183e+02   6.8787e+00   0.0000e+00   2.1555e-05   3.3145e+02
20251221_00:00:00   4.6090e-01   1.0094e+02   6.8137e+00   0.0000e+00   3.1927e-06   3.3365e+02
20251221_03:00:00   5.1588e-01   1.0958e+02   7.9983e+00   0.0000e+00   1.0167e-03   3.3177e+02
20251221_06:00:00   5.8961e-01   1.2060e+02   9.4557e+00   0.0000e+00   7.8513e-03   3.2546e+02
20251221_09:00:00   8.3707e-01   1.5227e+02   1.3414e+01   0.0000e+00   1.9276e-01   3.2365e+02
20251221_12:00:00   9.5844e-01   1.6569e+02   1.4841e+01   6.6860e-03   5.4578e-01   3.1990e+02
20251221_15:00:00   8.7674e-01   1.5724e+02   1.4159e+01   0.0000e+00   4.9491e-01   3.0221e+02
20251221_18:00:00   1.9173e+00   2.2981e+02   1.6545e+01   3.6725e-01   8.1008e-01   2.8861e+02
20251221_21:00:00   3.5858e+00   2.6351e+02   1.9139e+01   9.7603e-01   6.6176e-01   3.0076e+02
20251222_00:00:00   3.1035e+00   2.5857e+02   1.7982e+01   8.0287e-01   3.6462e-02   3.0239e+02
20251222_03:00:00   1.3530e+00   2.0128e+02   1.3578e+01   1.8400e-01   1.0272e-02   3.0690e+02
20251222_06:00:00   5.3928e-01   1.1439e+02   7.9259e+00   0.0000e+00   3.4473e-04   3.1926e+02
20251222_09:00:00   4.0077e-01   9.1153e+01   5.8247e+00   0.0000e+00   6.5586e-03   3.1679e+02
20251222_12:00:00   3.9845e-01   9.0242e+01   5.9708e+00   0.0000e+00   2.0660e-02   3.1596e+02
20251222_15:00:00   5.0318e-01   1.0755e+02   7.9804e+00   0.0000e+00   1.8496e-02   3.1245e+02
20251222_18:00:00   5.9132e-01   1.2123e+02   9.4491e+00   0.0000e+00   2.0407e-04   3.0919e+02
20251222_21:00:00   6.9616e-01   1.3627e+02   1.0971e+01   1.3836e-05   4.0766e-04   2.9865e+02
20251223_00:00:00   7.5961e-01   1.4484e+02   1.1978e+01   0.0000e+00   1.1316e-02   2.9345e+02
