#            date       tau255        Tb[K]      pwv[mm] lwp[kg*m^-2] iwp[kg*m^-2]       o3[DU]
20251203_18:00:00   7.9054e-01   1.4707e+02   1.1579e+01   6.2952e-03   6.0300e-02   3.7863e+02
20251203_19:00:00   6.9008e-01   1.3405e+02   1.0409e+01   6.5540e-06   1.1712e-02   3.7434e+02
20251203_20:00:00   5.6729e-01   1.1694e+02   8.5451e+00   0.0000e+00   3.1887e-03   3.8011e+02
20251203_21:00:00   4.7856e-01   1.0313e+02   7.1888e+00   0.0000e+00   4.1057e-04   3.7747e+02
20251203_22:00:00   4.0427e-01   9.0511e+01   6.0125e+00   0.0000e+00   8.0064e-04   3.7572e+02
20251203_23:00:00   3.7779e-01   8.5772e+01   5.5545e+00   0.0000e+00   7.0811e-05   3.7716e+02
20251204_00:00:00   3.5470e-01   8.1487e+01   5.2307e+00   0.0000e+00   5.9027e-05   3.7387e+02
20251204_01:00:00   3.4178e-01   7.8944e+01   5.0416e+00   0.0000e+00   6.1764e-05   3.7234e+02
20251204_02:00:00   3.1821e-01   7.4404e+01   4.6877e+00   0.0000e+00   8.2939e-04   3.7211e+02
20251204_03:00:00   2.8405e-01   6.7779e+01   4.1642e+00   0.0000e+00   4.3209e-03   3.7068e+02
20251204_04:00:00   2.4350e-01   5.9681e+01   3.5225e+00   0.0000e+00   2.3570e-03   3.6982e+02
20251204_05:00:00   2.0368e-01   5.1407e+01   2.8588e+00   0.0000e+00   6.0179e-03   3.6923e+02
20251204_06:00:00   1.7843e-01   4.6068e+01   2.3952e+00   0.0000e+00   5.2290e-03   3.6638e+02
20251204_07:00:00   1.7316e-01   4.4916e+01   2.2729e+00   0.0000e+00   4.6271e-03   3.6619e+02
20251204_08:00:00   1.7675e-01   4.5663e+01   2.3556e+00   0.0000e+00   3.1270e-03   3.7095e+02
20251204_09:00:00   1.5856e-01   4.1818e+01   2.0340e+00   0.0000e+00   6.7336e-05   3.7947e+02
20251204_10:00:00   1.4337e-01   3.8575e+01   1.7663e+00   0.0000e+00   5.7621e-06   3.7628e+02
20251204_11:00:00   1.2999e-01   3.5671e+01   1.5313e+00   0.0000e+00   3.4629e-06   3.7122e+02
20251204_12:00:00   1.2310e-01   3.4145e+01   1.4603e+00   0.0000e+00   3.4639e-06   3.7248e+02
20251204_13:00:00   1.2795e-01   3.5196e+01   1.5727e+00   0.0000e+00   3.1349e-06   3.7129e+02
20251204_14:00:00   1.2899e-01   3.5436e+01   1.6199e+00   0.0000e+00   2.0113e-06   3.6669e+02
20251204_15:00:00   1.3099e-01   3.5903e+01   1.6659e+00   0.0000e+00   1.6774e-06   3.6948e+02
20251204_16:00:00   1.3127e-01   3.5989e+01   1.6592e+00   0.0000e+00   1.1102e-06   3.7462e+02
20251204_17:00:00   1.3205e-01   3.6215e+01   1.6633e+00   0.0000e+00   1.1836e-06   3.7441e+02
20251204_18:00:00   1.3108e-01   3.6053e+01   1.6364e+00   0.0000e+00   5.0801e-07   3.7730e+02
20251204_19:00:00   1.3348e-01   3.6663e+01   1.6334e+00   0.0000e+00   2.2800e-07   3.7829e+02
20251204_20:00:00   1.3778e-01   3.7681e+01   1.7013e+00   0.0000e+00   0.0000e+00   3.6576e+02
20251204_21:00:00   1.5463e-01   4.1408e+01   2.0129e+00   0.0000e+00   0.0000e+00   3.5803e+02
20251204_22:00:00   1.6766e-01   4.4264e+01   2.2658e+00   0.0000e+00   0.0000e+00   3.5530e+02
20251204_23:00:00   1.7939e-01   4.6793e+01   2.4709e+00   0.0000e+00   0.0000e+00   3.4906e+02
20251205_00:00:00   1.8744e-01   4.8578e+01   2.5971e+00   0.0000e+00   1.0232e-06   3.5138e+02
20251205_01:00:00   2.0154e-01   5.1640e+01   2.8123e+00   0.0000e+00   1.5755e-06   3.5307e+02
20251205_02:00:00   2.2810e-01   5.7178e+01   3.2830e+00   0.0000e+00   1.1339e-06   3.4742e+02
20251205_03:00:00   2.6538e-01   6.4687e+01   3.9436e+00   0.0000e+00   1.1463e-06   3.3338e+02
20251205_04:00:00   3.3091e-01   7.7341e+01   5.0043e+00   0.0000e+00   7.1644e-05   3.2731e+02
20251205_05:00:00   3.5673e-01   8.2193e+01   5.4096e+00   0.0000e+00   1.3964e-06   3.2615e+02
20251205_06:00:00   3.8793e-01   8.7760e+01   5.9219e+00   0.0000e+00   9.3051e-04   3.2805e+02
20251205_07:00:00   4.3954e-01   9.6735e+01   6.7007e+00   0.0000e+00   5.8522e-03   3.2901e+02
20251205_08:00:00   4.6416e-01   1.0102e+02   7.0613e+00   0.0000e+00   5.3083e-03   3.3122e+02
20251205_09:00:00   4.6966e-01   1.0200e+02   7.1345e+00   0.0000e+00   1.7872e-02   3.3064e+02
20251205_10:00:00   4.7168e-01   1.0243e+02   7.1568e+00   0.0000e+00   1.6988e-02   3.2853e+02
20251205_11:00:00   4.8037e-01   1.0398e+02   7.3106e+00   0.0000e+00   8.1253e-03   3.2908e+02
20251205_12:00:00   4.9124e-01   1.0581e+02   7.5034e+00   0.0000e+00   6.2325e-04   3.2792e+02
20251205_13:00:00   5.0956e-01   1.0880e+02   7.7827e+00   0.0000e+00   5.7684e-05   3.2898e+02
20251205_14:00:00   5.3513e-01   1.1296e+02   8.0974e+00   0.0000e+00   1.3401e-05   3.2776e+02
20251205_15:00:00   5.3384e-01   1.1316e+02   7.9947e+00   0.0000e+00   7.9500e-06   3.2429e+02
20251205_16:00:00   5.5478e-01   1.1640e+02   8.3092e+00   0.0000e+00   1.4512e-03   3.2190e+02
20251205_17:00:00   5.7744e-01   1.1975e+02   8.7070e+00   0.0000e+00   6.7794e-03   3.1874e+02
20251205_18:00:00   6.2495e-01   1.2648e+02   9.5204e+00   0.0000e+00   1.3551e-03   3.1520e+02
20251205_19:00:00   6.5210e-01   1.3026e+02   9.9353e+00   0.0000e+00   3.0954e-04   3.1353e+02
20251205_20:00:00   6.4205e-01   1.2892e+02   9.8432e+00   0.0000e+00   1.7923e-03   3.0887e+02
20251205_21:00:00   6.7039e-01   1.3270e+02   1.0322e+01   0.0000e+00   1.1022e-02   3.0407e+02
20251205_22:00:00   6.6580e-01   1.3233e+02   1.0118e+01   0.0000e+00   2.1448e-02   3.0143e+02
20251205_23:00:00   6.7183e-01   1.3324e+02   1.0160e+01   0.0000e+00   1.4532e-02   3.0125e+02
20251206_00:00:00   6.6801e-01   1.3282e+02   1.0042e+01   0.0000e+00   1.4276e-02   3.0445e+02
20251206_01:00:00   6.7249e-01   1.3342e+02   1.0021e+01   3.1900e-04   2.7215e-03   3.0808e+02
20251206_02:00:00   6.4317e-01   1.2950e+02   9.4910e+00   2.3594e-04   9.9464e-04   3.1045e+02
20251206_03:00:00   6.2142e-01   1.2647e+02   9.0877e+00   0.0000e+00   2.0836e-04   3.1202e+02
20251206_04:00:00   6.3089e-01   1.2773e+02   9.1241e+00   0.0000e+00   1.1456e-04   3.1354e+02
20251206_05:00:00   5.9265e-01   1.2227e+02   8.3890e+00   3.9700e-04   6.9196e-05   3.1446e+02
20251206_06:00:00   5.7729e-01   1.1985e+02   8.1558e+00   2.6113e-04   9.5275e-05   3.1016e+02
20251206_07:00:00   5.7098e-01   1.1873e+02   8.0339e+00   2.4658e-03   4.8327e-04   3.0661e+02
20251206_08:00:00   5.4924e-01   1.1533e+02   7.6890e+00   4.4237e-03   4.0814e-04   3.0749e+02
20251206_09:00:00   5.2431e-01   1.1134e+02   7.3821e+00   4.6760e-03   3.8048e-04   3.0874e+02
20251206_10:00:00   4.6079e-01   1.0112e+02   6.6594e+00   3.6700e-05   4.1574e-05   3.0699e+02
20251206_11:00:00   4.1143e-01   9.2641e+01   5.9893e+00   0.0000e+00   7.9127e-06   3.0817e+02
20251206_12:00:00   3.9724e-01   9.0124e+01   5.8045e+00   0.0000e+00   7.1240e-06   3.1149e+02
20251206_13:00:00   3.8946e-01   8.8779e+01   5.6824e+00   0.0000e+00   6.6890e-06   3.1610e+02
20251206_14:00:00   3.9037e-01   8.8846e+01   5.7146e+00   0.0000e+00   5.7997e-06   3.1754e+02
20251206_15:00:00   3.9907e-01   9.0231e+01   5.8847e+00   0.0000e+00   1.4612e-03   3.2120e+02
20251206_16:00:00   4.0704e-01   9.1570e+01   6.0417e+00   0.0000e+00   5.7446e-03   3.2252e+02
20251206_17:00:00   4.2293e-01   9.4200e+01   6.2775e+00   0.0000e+00   6.8921e-03   3.2395e+02
20251206_18:00:00   4.3218e-01   9.5802e+01   6.4342e+00   0.0000e+00   8.8516e-03   3.2155e+02
20251206_19:00:00   4.5737e-01   9.9906e+01   6.8992e+00   0.0000e+00   1.1599e-03   3.2043e+02
20251206_20:00:00   4.7259e-01   1.0244e+02   7.1618e+00   0.0000e+00   2.6381e-04   3.1713e+02
20251206_21:00:00   5.0499e-01   1.0740e+02   7.7302e+00   0.0000e+00   6.6692e-03   3.1360e+02
20251206_22:00:00   5.2598e-01   1.1058e+02   8.1149e+00   0.0000e+00   1.5641e-02   3.1107e+02
20251206_23:00:00   5.4631e-01   1.1356e+02   8.4346e+00   0.0000e+00   7.5332e-02   3.1263e+02
20251207_00:00:00   5.8007e-01   1.1825e+02   8.8385e+00   0.0000e+00   2.2563e-01   3.1183e+02
20251207_01:00:00   6.0527e-01   1.2198e+02   9.2244e+00   0.0000e+00   2.4413e-01   3.1278e+02
20251207_02:00:00   6.3769e-01   1.2637e+02   9.6051e+00   0.0000e+00   3.1528e-01   3.1813e+02
20251207_03:00:00   6.6742e-01   1.3028e+02   9.9172e+00   0.0000e+00   4.2936e-01   3.2608e+02
20251207_04:00:00   6.9462e-01   1.3391e+02   1.0219e+01   0.0000e+00   4.3432e-01   3.3236e+02
20251207_05:00:00   7.0733e-01   1.3541e+02   1.0372e+01   0.0000e+00   4.2443e-01   3.3759e+02
20251207_06:00:00   6.9615e-01   1.3389e+02   1.0262e+01   0.0000e+00   2.2378e-01   3.3479e+02
20251207_07:00:00   6.7752e-01   1.3143e+02   1.0030e+01   0.0000e+00   5.5118e-02   3.3305e+02
20251207_08:00:00   6.5322e-01   1.2831e+02   9.6593e+00   0.0000e+00   2.6998e-02   3.3233e+02
20251207_09:00:00   5.9543e-01   1.2064e+02   8.7055e+00   0.0000e+00   1.2418e-03   3.2949e+02
20251207_10:00:00   5.4968e-01   1.1407e+02   7.9530e+00   0.0000e+00   1.3076e-03   3.3030e+02
20251207_11:00:00   5.1848e-01   1.0937e+02   7.4518e+00   0.0000e+00   1.2803e-04   3.3131e+02
20251207_12:00:00   4.9914e-01   1.0638e+02   7.1773e+00   0.0000e+00   2.5209e-05   3.3772e+02
20251207_13:00:00   4.7381e-01   1.0223e+02   6.8129e+00   0.0000e+00   2.0721e-05   3.4103e+02
20251207_14:00:00   4.4529e-01   9.7489e+01   6.4368e+00   0.0000e+00   2.0790e-05   3.3839e+02
20251207_15:00:00   4.2718e-01   9.4404e+01   6.2114e+00   0.0000e+00   1.3318e-05   3.3522e+02
20251207_16:00:00   4.1893e-01   9.2921e+01   6.1122e+00   0.0000e+00   1.3296e-05   3.4044e+02
20251207_17:00:00   4.0798e-01   9.1141e+01   5.9318e+00   0.0000e+00   1.3294e-05   3.4674e+02
20251207_18:00:00   4.1540e-01   9.2419e+01   5.9777e+00   0.0000e+00   2.8360e-05   3.5341e+02
20251207_19:00:00   4.2333e-01   9.3805e+01   6.0695e+00   0.0000e+00   3.9451e-05   3.5812e+02
20251207_20:00:00   4.2291e-01   9.3689e+01   6.0966e+00   0.0000e+00   7.9978e-05   3.5659e+02
20251207_21:00:00   4.1291e-01   9.1890e+01   6.0232e+00   0.0000e+00   5.7216e-04   3.5826e+02
20251207_22:00:00   4.0527e-01   9.0394e+01   5.9952e+00   0.0000e+00   2.4804e-04   3.6024e+02
20251207_23:00:00   3.9605e-01   8.8694e+01   5.8715e+00   0.0000e+00   8.1742e-04   3.5950e+02
20251208_00:00:00   3.9296e-01   8.8017e+01   5.8763e+00   0.0000e+00   1.1070e-03   3.5847e+02
20251208_01:00:00   3.9505e-01   8.8181e+01   5.9717e+00   0.0000e+00   4.9097e-03   3.5228e+02
20251208_02:00:00   3.9926e-01   8.8790e+01   6.0798e+00   0.0000e+00   2.5027e-03   3.4592e+02
20251208_03:00:00   4.0733e-01   9.0073e+01   6.2320e+00   0.0000e+00   2.4776e-03   3.3776e+02
20251208_04:00:00   4.1422e-01   9.1257e+01   6.3078e+00   0.0000e+00   3.9172e-03   3.3486e+02
20251208_05:00:00   4.2484e-01   9.3084e+01   6.4362e+00   0.0000e+00   8.0628e-03   3.3240e+02
20251208_06:00:00   4.3701e-01   9.5100e+01   6.6377e+00   0.0000e+00   2.4990e-03   3.2864e+02
20251208_07:00:00   4.4844e-01   9.7032e+01   6.8318e+00   0.0000e+00   9.8258e-03   3.2690e+02
20251208_08:00:00   4.5736e-01   9.8544e+01   6.9638e+00   0.0000e+00   1.4612e-02   3.2844e+02
20251208_09:00:00   4.6417e-01   9.9687e+01   7.0168e+00   0.0000e+00   2.0165e-02   3.2976e+02
20251208_10:00:00   4.7249e-01   1.0118e+02   7.1022e+00   0.0000e+00   1.8739e-02   3.3605e+02
20251208_11:00:00   4.7163e-01   1.0118e+02   7.0313e+00   0.0000e+00   1.2294e-02   3.4323e+02
20251208_12:00:00   4.7407e-01   1.0168e+02   7.0471e+00   0.0000e+00   8.5850e-03   3.4217e+02
20251208_13:00:00   4.7389e-01   1.0196e+02   7.0201e+00   0.0000e+00   2.7911e-05   3.3913e+02
20251208_14:00:00   4.8709e-01   1.0411e+02   7.1391e+00   0.0000e+00   1.8570e-03   3.3483e+02
20251208_15:00:00   5.0110e-01   1.0647e+02   7.3134e+00   0.0000e+00   1.9376e-03   3.3224e+02
20251208_16:00:00   4.9243e-01   1.0532e+02   7.1405e+00   0.0000e+00   8.1225e-04   3.3578e+02
20251208_17:00:00   4.9408e-01   1.0587e+02   7.1396e+00   0.0000e+00   3.1582e-05   3.3623e+02
20251208_18:00:00   5.1280e-01   1.0892e+02   7.4890e+00   0.0000e+00   5.8311e-04   3.3904e+02
20251208_21:00:00   7.1560e-01   1.3752e+02   1.0853e+01   4.2320e-03   1.6195e-01   3.4253e+02
20251209_00:00:00   8.3366e-01   1.5248e+02   1.2370e+01   6.3740e-03   2.0957e-01   3.3458e+02
20251209_03:00:00   7.9239e-01   1.4863e+02   1.1550e+01   3.8996e-04   1.0681e-03   3.3296e+02
20251209_06:00:00   7.7991e-01   1.4785e+02   1.1162e+01   3.2094e-03   3.9668e-03   3.3815e+02
20251209_09:00:00   7.4606e-01   1.4413e+02   7.7466e+00   7.8522e-02   3.3754e-03   3.4373e+02
20251209_12:00:00   6.0281e-01   1.2448e+02   8.4482e+00   5.6880e-03   7.8923e-03   3.4367e+02
20251209_15:00:00   5.0566e-01   1.0936e+02   7.4755e+00   0.0000e+00   2.5197e-03   3.5207e+02
20251209_18:00:00   4.5386e-01   1.0048e+02   6.9459e+00   0.0000e+00   8.0580e-04   3.4870e+02
20251209_21:00:00   5.6399e-01   1.1783e+02   9.0208e+00   0.0000e+00   1.3551e-03   3.3558e+02
20251210_00:00:00   6.8029e-01   1.3424e+02   1.1183e+01   0.0000e+00   7.2445e-02   3.3893e+02
20251210_03:00:00   8.2095e-01   1.5213e+02   1.3190e+01   0.0000e+00   5.3062e-01   3.2990e+02
20251210_06:00:00   1.0765e+00   1.8005e+02   1.6496e+01   9.3360e-05   4.5551e-01   3.3656e+02
20251210_09:00:00   2.2662e+00   2.4554e+02   1.8208e+01   4.2516e-01   7.4702e-01   3.3097e+02
20251210_12:00:00   1.8010e+00   2.2841e+02   1.2671e+01   3.7971e-01   1.4538e-03   3.5540e+02
20251210_15:00:00   9.3306e-01   1.6472e+02   9.6846e+00   1.1325e-01   1.0948e-02   3.3652e+02
20251210_18:00:00   5.6100e-01   1.1751e+02   7.9608e+00   3.7286e-03   2.0869e-03   3.3508e+02
20251210_21:00:00   6.0128e-01   1.2214e+02   8.8587e+00   8.3770e-06   3.7625e-03   3.1299e+02
20251211_00:00:00   5.4555e-01   1.1480e+02   7.7251e+00   4.3582e-03   5.7676e-03   3.1851e+02
20251211_03:00:00   4.7790e-01   1.0423e+02   6.9895e+00   0.0000e+00   1.3177e-05   3.1285e+02
20251211_06:00:00   4.7924e-01   1.0417e+02   7.3161e+00   0.0000e+00   1.5305e-02   3.0231e+02
20251211_09:00:00   5.3608e-01   1.1263e+02   8.5393e+00   0.0000e+00   1.1656e-01   2.9685e+02
20251211_12:00:00   6.3709e-01   1.2747e+02   1.0369e+01   0.0000e+00   2.1531e-01   2.8334e+02
20251211_15:00:00   8.4319e-01   1.5419e+02   1.3464e+01   0.0000e+00   1.2167e-01   2.8327e+02
20251211_18:00:00   1.2329e+00   1.9203e+02   1.6079e+01   9.2719e-02   1.2207e-01   2.8494e+02
20251211_21:00:00   9.3485e-01   1.6609e+02   1.4883e+01   7.7745e-03   1.5086e-02   2.8713e+02
20251212_00:00:00   1.0357e+00   1.7726e+02   1.6640e+01   0.0000e+00   5.4303e-04   2.8333e+02
20251212_03:00:00   1.0771e+00   1.8202e+02   1.7377e+01   0.0000e+00   1.0207e-02   2.7813e+02
20251212_06:00:00   1.2094e+00   1.9478e+02   1.9336e+01   0.0000e+00   5.6420e-03   2.7323e+02
20251212_09:00:00   1.2148e+00   1.9605e+02   1.9970e+01   0.0000e+00   7.8839e-03   2.7905e+02
20251212_12:00:00   9.9777e-01   1.7723e+02   1.6746e+01   0.0000e+00   2.0926e-02   2.7452e+02
20251212_15:00:00   1.0489e+00   1.8258e+02   1.7399e+01   0.0000e+00   1.5782e-03   2.7737e+02
20251212_18:00:00   1.1973e+00   1.9618e+02   1.9330e+01   0.0000e+00   4.2640e-05   2.7716e+02
20251212_21:00:00   1.2609e+00   2.0141e+02   1.9833e+01   0.0000e+00   0.0000e+00   2.7618e+02
20251213_00:00:00   1.2115e+00   1.9681e+02   1.8581e+01   1.6032e-06   0.0000e+00   2.7852e+02
20251213_03:00:00   1.4970e+00   2.1526e+02   1.7641e+01   1.3929e-01   6.9820e-07   2.7730e+02
20251213_06:00:00   1.3174e+00   2.0263e+02   1.8560e+01   5.5880e-02   3.4817e-05   2.8212e+02
20251213_09:00:00   1.3115e+00   2.0198e+02   1.8807e+01   4.8206e-02   1.7359e-03   2.8000e+02
20251213_12:00:00   2.6352e+00   2.5557e+02   2.2370e+01   4.6803e-01   6.4659e-04   2.7664e+02
20251213_15:00:00   2.5882e+00   2.5578e+02   2.1843e+01   4.4633e-01   3.3236e-05   2.7940e+02
20251213_18:00:00   2.3939e+00   2.5163e+02   2.1179e+01   3.7385e-01   5.7984e-04   2.8354e+02
20251213_21:00:00   5.1408e+00   2.7531e+02   2.1400e+01   1.4591e+00   1.4929e-02   2.8599e+02
20251214_00:00:00   3.4967e+00   2.6871e+02   1.9885e+01   8.3615e-01   7.9567e-03   2.8420e+02
20251214_03:00:00   2.0401e+00   2.4111e+02   1.8034e+01   3.1497e-01   2.4080e-02   2.8632e+02
20251214_06:00:00   1.5764e+00   2.1978e+02   1.6654e+01   1.7868e-01   1.1173e-01   2.8243e+02
20251214_09:00:00   1.7050e+00   2.2630e+02   1.5881e+01   2.5767e-01   1.2424e-02   2.8152e+02
20251214_12:00:00   2.0119e+00   2.3919e+02   1.5559e+01   3.9552e-01   3.7727e-02   2.7898e+02
20251214_15:00:00   1.6440e+00   2.2264e+02   1.6301e+01   2.3779e-01   2.2880e-02   2.7239e+02
20251214_18:00:00   1.4795e+00   2.1290e+02   1.7258e+01   1.5351e-01   1.0900e-02   2.6762e+02
20251214_21:00:00   1.2073e+00   1.9368e+02   1.7657e+01   3.8845e-02   4.5706e-02   2.6555e+02
20251215_00:00:00   1.2558e+00   1.9788e+02   1.8189e+01   4.6518e-02   4.0027e-02   2.7024e+02
20251215_03:00:00   1.3947e+00   2.0821e+02   2.1780e+01   4.1325e-03   2.1721e-01   2.7452e+02
20251215_06:00:00   1.9652e+00   2.3975e+02   2.4013e+01   1.4047e-01   5.8778e-02   2.8152e+02
20251215_09:00:00   3.6638e+00   2.7337e+02   2.6682e+01   7.0800e-01   2.4977e-02   2.8365e+02
20251215_12:00:00   2.3509e+00   2.5581e+02   2.3127e+01   2.8769e-01   3.7187e-03   2.9431e+02
20251215_15:00:00   1.9337e+00   2.4352e+02   2.0284e+01   1.8650e-01   0.0000e+00   3.0480e+02
20251215_18:00:00   3.0113e-01   7.5156e+01   5.0697e+00   0.0000e+00   9.7290e-05   3.0100e+02
20251215_21:00:00   3.8266e-01   8.9576e+01   6.2778e+00   0.0000e+00   0.0000e+00   3.0296e+02
20251216_00:00:00   3.6686e-01   8.5194e+01   6.1071e+00   0.0000e+00   4.6733e-03   3.0891e+02
20251216_03:00:00   3.0757e-01   7.3616e+01   4.8829e+00   0.0000e+00   7.0200e-04   3.1546e+02
20251216_06:00:00   2.8590e-01   6.9198e+01   4.3699e+00   0.0000e+00   6.7482e-04   3.2184e+02
20251216_09:00:00   2.8587e-01   6.9037e+01   4.1971e+00   0.0000e+00   3.0590e-06   3.3917e+02
20251216_12:00:00   2.9227e-01   6.9857e+01   4.1710e+00   0.0000e+00   4.9944e-04   3.6237e+02
20251216_15:00:00   2.8383e-01   6.8327e+01   3.7831e+00   0.0000e+00   3.4058e-05   3.9556e+02
20251216_18:00:00   2.8533e-01   6.8609e+01   3.8302e+00   0.0000e+00   1.0577e-04   3.7656e+02
20251216_21:00:00   2.9104e-01   6.9747e+01   3.9190e+00   0.0000e+00   7.6774e-04   3.5269e+02
20251217_00:00:00   2.9651e-01   7.0653e+01   4.1033e+00   0.0000e+00   7.1380e-06   3.4504e+02
20251217_03:00:00   2.9110e-01   6.9665e+01   4.1568e+00   0.0000e+00   5.9634e-03   3.3245e+02
20251217_06:00:00   3.0288e-01   7.1685e+01   4.5001e+00   0.0000e+00   8.1904e-03   3.2716e+02
20251217_09:00:00   3.2094e-01   7.5003e+01   5.0684e+00   0.0000e+00   2.3339e-02   3.2489e+02
20251217_12:00:00   3.9231e-01   8.7599e+01   6.3899e+00   0.0000e+00   1.3472e-02   3.2260e+02
20251217_15:00:00   4.3639e-01   9.5242e+01   7.0179e+00   0.0000e+00   2.1813e-01   3.2987e+02
20251217_18:00:00   4.0359e-01   9.0161e+01   6.5823e+00   0.0000e+00   3.1685e-03   3.3804e+02
20251217_21:00:00   3.9385e-01   8.8692e+01   6.3772e+00   0.0000e+00   2.1183e-02   3.2450e+02
20251218_00:00:00   4.1229e-01   9.2017e+01   6.6303e+00   0.0000e+00   7.4774e-02   3.2872e+02
20251218_03:00:00   5.3692e-01   1.1185e+02   8.5089e+00   0.0000e+00   2.1988e-01   3.2781e+02
20251218_06:00:00   7.0563e-01   1.3570e+02   1.0639e+01   0.0000e+00   3.0768e-01   3.2627e+02
20251218_09:00:00   7.5603e-01   1.4233e+02   1.1051e+01   0.0000e+00   1.9654e-01   3.3176e+02
20251218_12:00:00   6.8668e-01   1.3342e+02   9.9108e+00   0.0000e+00   7.8923e-02   3.2709e+02
20251218_15:00:00   4.9308e-01   1.0559e+02   6.8596e+00   1.7010e-03   3.8051e-03   3.3624e+02
20251218_18:00:00   3.7450e-01   8.5589e+01   5.2834e+00   7.8650e-05   1.0293e-04   3.2183e+02
20251218_21:00:00   3.7344e-01   8.5320e+01   5.3204e+00   0.0000e+00   2.2140e-06   3.1664e+02
20251219_00:00:00   3.3625e-01   7.8925e+01   4.6599e+00   0.0000e+00   0.0000e+00   3.2316e+02
20251219_03:00:00   3.5473e-01   8.2155e+01   5.1438e+00   0.0000e+00   0.0000e+00   3.2290e+02
20251219_06:00:00   4.0379e-01   9.0988e+01   6.0704e+00   0.0000e+00   4.5708e-06   3.2464e+02
20251219_09:00:00   4.8997e-01   1.0540e+02   7.6658e+00   0.0000e+00   3.9061e-04   3.1525e+02
20251219_12:00:00   6.1323e-01   1.2440e+02   9.7772e+00   0.0000e+00   5.3959e-02   3.1243e+02
20251219_15:00:00   7.0431e-01   1.3741e+02   1.1090e+01   0.0000e+00   2.4233e-01   3.1420e+02
20251219_18:00:00   7.7945e-01   1.4762e+02   1.2253e+01   0.0000e+00   1.3904e-01   3.1648e+02
