#            date       tau255        Tb[K]      pwv[mm] lwp[kg*m^-2] iwp[kg*m^-2]       o3[DU]
20251211_06:00:00   4.0893e-01   9.0981e+01   5.7953e+00   0.0000e+00   2.8696e-04   3.0217e+02
20251211_07:00:00   3.9708e-01   8.9034e+01   5.6299e+00   0.0000e+00   2.6089e-04   2.9944e+02
20251211_08:00:00   3.7508e-01   8.5255e+01   5.3136e+00   0.0000e+00   4.6670e-05   2.9253e+02
20251211_09:00:00   3.7324e-01   8.4818e+01   5.3837e+00   0.0000e+00   1.8688e-03   2.9410e+02
20251211_10:00:00   3.7967e-01   8.5842e+01   5.6075e+00   0.0000e+00   2.6718e-03   2.9623e+02
20251211_11:00:00   4.0065e-01   8.9325e+01   6.1210e+00   0.0000e+00   5.1081e-03   2.9978e+02
20251211_12:00:00   4.1790e-01   9.2226e+01   6.5074e+00   0.0000e+00   5.4339e-03   2.9403e+02
20251211_13:00:00   4.2471e-01   9.3414e+01   6.6671e+00   0.0000e+00   3.6982e-03   2.9877e+02
20251211_14:00:00   4.4684e-01   9.6941e+01   7.1345e+00   0.0000e+00   2.1058e-02   3.0489e+02
20251211_15:00:00   4.6873e-01   1.0057e+02   7.5115e+00   0.0000e+00   3.1956e-02   3.0774e+02
20251211_16:00:00   4.9361e-01   1.0464e+02   7.9592e+00   0.0000e+00   1.0302e-01   3.0494e+02
20251211_17:00:00   5.3309e-01   1.1086e+02   8.6503e+00   0.0000e+00   1.1097e-01   3.0475e+02
20251211_18:00:00   5.9769e-01   1.2047e+02   9.5660e+00   0.0000e+00   3.7899e-01   3.0526e+02
20251211_19:00:00   7.0150e-01   1.3496e+02   1.1108e+01   0.0000e+00   4.7428e-01   3.1012e+02
20251211_20:00:00   8.0490e-01   1.4784e+02   1.2452e+01   0.0000e+00   5.9348e-01   3.1228e+02
20251211_21:00:00   8.6735e-01   1.5515e+02   1.3230e+01   0.0000e+00   7.2372e-01   3.1020e+02
20251211_22:00:00   8.9307e-01   1.5813e+02   1.3621e+01   0.0000e+00   6.7188e-01   3.0374e+02
20251211_23:00:00   8.8446e-01   1.5718e+02   1.3458e+01   0.0000e+00   6.7331e-01   2.9866e+02
20251212_00:00:00   8.7265e-01   1.5593e+02   1.3325e+01   0.0000e+00   4.9153e-01   2.9790e+02
20251212_01:00:00   8.6814e-01   1.5531e+02   1.3285e+01   0.0000e+00   3.9624e-01   3.0439e+02
20251212_02:00:00   8.5233e-01   1.5346e+02   1.3025e+01   0.0000e+00   3.6058e-01   3.0853e+02
20251212_03:00:00   8.3541e-01   1.5161e+02   1.2653e+01   0.0000e+00   4.2914e-01   3.1063e+02
20251212_04:00:00   8.0075e-01   1.4766e+02   1.1946e+01   0.0000e+00   4.7630e-01   3.1658e+02
20251212_05:00:00   7.8957e-01   1.4653e+02   1.1777e+01   0.0000e+00   1.8950e-01   3.2176e+02
20251212_06:00:00   7.2702e-01   1.3914e+02   1.0740e+01   0.0000e+00   1.6780e-02   3.2891e+02
20251212_07:00:00   6.6279e-01   1.3103e+02   9.7773e+00   0.0000e+00   1.5800e-03   3.3076e+02
20251212_08:00:00   5.6990e-01   1.1821e+02   8.2206e+00   0.0000e+00   5.8300e-04   3.3015e+02
20251212_09:00:00   5.4377e-01   1.1426e+02   7.7236e+00   0.0000e+00   4.2442e-05   3.3094e+02
20251212_10:00:00   5.1527e-01   1.0990e+02   7.2927e+00   0.0000e+00   2.1931e-05   3.2986e+02
20251212_11:00:00   5.0042e-01   1.0754e+02   7.0150e+00   0.0000e+00   2.0259e-05   3.3013e+02
20251212_12:00:00   5.1686e-01   1.0980e+02   7.3316e+00   0.0000e+00   1.7736e-04   3.3318e+02
20251212_13:00:00   5.0844e-01   1.0853e+02   7.2603e+00   0.0000e+00   7.5482e-04   3.3928e+02
20251212_14:00:00   5.3156e-01   1.1199e+02   7.6099e+00   0.0000e+00   5.6599e-04   3.4106e+02
20251212_15:00:00   5.5121e-01   1.1488e+02   7.9261e+00   0.0000e+00   4.6538e-03   3.4460e+02
20251212_16:00:00   5.2948e-01   1.1155e+02   7.5729e+00   0.0000e+00   8.4204e-03   3.4900e+02
20251212_17:00:00   5.2431e-01   1.1060e+02   7.5379e+00   0.0000e+00   2.2723e-02   3.5481e+02
20251212_18:00:00   5.6325e-01   1.1616e+02   8.2688e+00   1.0174e-03   9.6846e-02   3.5836e+02
20251212_19:00:00   5.5142e-01   1.1431e+02   8.1743e+00   1.1732e-03   4.0190e-02   3.4836e+02
20251212_20:00:00   5.4562e-01   1.1328e+02   8.0413e+00   3.9654e-03   1.1367e-02   3.4288e+02
20251212_21:00:00   5.3055e-01   1.1074e+02   8.1071e+00   2.0420e-05   1.6178e-02   3.4364e+02
20251212_22:00:00   5.3489e-01   1.1111e+02   8.3559e+00   0.0000e+00   4.9711e-02   3.4015e+02
20251212_23:00:00   6.0263e-01   1.2100e+02   9.4585e+00   0.0000e+00   3.1019e-02   3.3268e+02
20251213_00:00:00   6.4790e-01   1.2719e+02   1.0132e+01   0.0000e+00   9.5757e-03   3.2926e+02
20251213_01:00:00   6.0213e-01   1.2058e+02   9.5732e+00   0.0000e+00   1.3226e-02   3.3014e+02
20251213_02:00:00   5.5572e-01   1.1359e+02   8.9413e+00   0.0000e+00   1.7552e-02   3.3144e+02
20251213_03:00:00   5.2989e-01   1.0955e+02   8.5938e+00   0.0000e+00   1.4469e-02   3.3052e+02
20251213_04:00:00   5.4769e-01   1.1213e+02   8.8459e+00   0.0000e+00   6.3356e-02   3.2873e+02
20251213_05:00:00   5.3346e-01   1.1000e+02   8.6653e+00   0.0000e+00   4.5122e-02   3.2861e+02
20251213_06:00:00   4.9730e-01   1.0428e+02   8.1692e+00   0.0000e+00   5.5198e-02   3.3103e+02
20251213_07:00:00   4.7467e-01   1.0050e+02   7.8355e+00   0.0000e+00   1.1065e-01   3.3313e+02
20251213_08:00:00   4.5527e-01   9.7317e+01   7.5603e+00   0.0000e+00   4.8090e-02   3.3193e+02
20251213_09:00:00   4.5266e-01   9.6886e+01   7.5258e+00   0.0000e+00   5.1459e-02   3.2035e+02
20251213_10:00:00   4.6893e-01   9.9400e+01   7.7000e+00   0.0000e+00   2.4519e-01   3.1463e+02
20251213_11:00:00   4.8883e-01   1.0259e+02   8.0034e+00   0.0000e+00   1.8315e-01   3.1325e+02
20251213_12:00:00   5.1520e-01   1.0658e+02   8.3073e+00   0.0000e+00   2.9986e-01   3.1614e+02
20251213_13:00:00   5.2007e-01   1.0737e+02   8.3908e+00   0.0000e+00   1.7632e-01   3.2129e+02
20251213_14:00:00   5.1454e-01   1.0643e+02   8.2620e+00   0.0000e+00   2.0419e-01   3.2161e+02
20251213_15:00:00   5.2175e-01   1.0741e+02   8.3025e+00   0.0000e+00   1.9125e-01   3.2551e+02
20251213_16:00:00   5.2996e-01   1.0847e+02   8.3128e+00   0.0000e+00   3.5852e-01   3.2901e+02
20251213_17:00:00   5.2463e-01   1.0751e+02   8.1215e+00   0.0000e+00   4.1457e-01   3.2604e+02
20251213_18:00:00   5.2839e-01   1.0784e+02   7.9917e+00   0.0000e+00   5.5831e-01   3.3421e+02
20251213_19:00:00   4.9190e-01   1.0240e+02   7.3594e+00   0.0000e+00   2.4737e-01   3.3147e+02
20251213_20:00:00   4.1768e-01   9.0584e+01   6.1945e+00   0.0000e+00   4.9765e-02   3.2956e+02
20251213_21:00:00   3.4460e-01   7.8098e+01   4.9661e+00   0.0000e+00   6.2611e-03   3.2796e+02
20251213_22:00:00   2.8069e-01   6.6268e+01   3.9268e+00   0.0000e+00   6.3183e-03   3.2499e+02
20251213_23:00:00   2.2504e-01   5.5344e+01   3.0263e+00   0.0000e+00   1.3507e-05   3.3757e+02
20251214_00:00:00   1.5992e-01   4.1888e+01   1.9187e+00   0.0000e+00   3.7159e-06   3.4346e+02
20251214_01:00:00   1.4335e-01   3.8298e+01   1.6202e+00   0.0000e+00   3.5699e-06   3.5027e+02
20251214_02:00:00   1.4000e-01   3.7528e+01   1.5574e+00   0.0000e+00   3.5699e-06   3.5025e+02
20251214_03:00:00   1.3828e-01   3.7136e+01   1.5205e+00   0.0000e+00   3.5699e-06   3.5181e+02
20251214_04:00:00   1.3767e-01   3.6984e+01   1.5029e+00   0.0000e+00   3.7229e-06   3.5726e+02
20251214_05:00:00   1.3576e-01   3.6566e+01   1.4701e+00   0.0000e+00   3.7229e-06   3.6111e+02
20251214_06:00:00   1.3447e-01   3.6281e+01   1.4524e+00   0.0000e+00   4.2609e-06   3.5720e+02
20251214_07:00:00   1.3643e-01   3.6670e+01   1.5092e+00   0.0000e+00   5.2257e-06   3.5351e+02
20251214_08:00:00   1.3755e-01   3.6920e+01   1.5516e+00   0.0000e+00   5.8647e-06   3.4997e+02
20251214_09:00:00   1.3935e-01   3.7317e+01   1.6006e+00   0.0000e+00   5.3193e-06   3.4522e+02
20251214_10:00:00   1.4142e-01   3.7760e+01   1.6644e+00   0.0000e+00   5.6257e-06   3.3799e+02
20251214_11:00:00   1.4071e-01   3.7618e+01   1.6711e+00   0.0000e+00   6.8604e-06   3.3220e+02
20251214_12:00:00   1.3848e-01   3.7165e+01   1.6506e+00   0.0000e+00   6.8604e-06   3.2341e+02
20251214_13:00:00   1.4003e-01   3.7550e+01   1.6978e+00   0.0000e+00   6.1787e-06   3.1533e+02
20251214_14:00:00   1.5221e-01   4.0258e+01   1.9137e+00   0.0000e+00   5.0980e-06   3.1446e+02
20251214_15:00:00   1.6559e-01   4.3164e+01   2.1616e+00   0.0000e+00   5.0980e-06   3.1383e+02
20251214_16:00:00   1.7597e-01   4.5341e+01   2.3887e+00   0.0000e+00   6.4944e-06   3.0778e+02
20251214_17:00:00   1.8238e-01   4.6721e+01   2.5607e+00   0.0000e+00   3.7189e-04   3.0181e+02
20251214_18:00:00   1.8821e-01   4.8031e+01   2.6999e+00   0.0000e+00   9.0672e-06   2.9033e+02
20251214_19:00:00   2.0329e-01   5.1135e+01   3.0540e+00   0.0000e+00   1.2948e-03   2.8636e+02
20251214_20:00:00   2.2257e-01   5.5036e+01   3.4949e+00   0.0000e+00   1.4140e-02   2.8287e+02
20251214_21:00:00   2.3199e-01   5.6989e+01   3.7160e+00   0.0000e+00   3.7093e-03   2.8175e+02
20251214_22:00:00   2.3869e-01   5.8535e+01   3.8660e+00   0.0000e+00   1.3622e-05   2.8713e+02
20251214_23:00:00   2.4795e-01   6.0623e+01   4.0072e+00   0.0000e+00   1.0916e-05   2.8614e+02
20251215_00:00:00   2.6270e-01   6.3678e+01   4.3195e+00   0.0000e+00   1.0722e-05   2.8924e+02
20251215_01:00:00   2.8204e-01   6.7551e+01   4.7450e+00   0.0000e+00   2.4657e-06   2.8663e+02
20251215_02:00:00   2.7224e-01   6.5761e+01   4.6247e+00   0.0000e+00   9.6738e-06   2.8668e+02
20251215_03:00:00   2.9491e-01   7.0240e+01   5.0855e+00   0.0000e+00   1.7832e-05   2.8263e+02
20251215_04:00:00   3.6295e-01   8.3128e+01   6.3560e+00   0.0000e+00   1.1081e-03   2.8226e+02
20251215_05:00:00   4.4810e-01   9.8395e+01   7.7448e+00   0.0000e+00   1.6741e-03   2.8054e+02
20251215_06:00:00   4.3609e-01   9.6397e+01   7.6130e+00   0.0000e+00   6.8330e-03   2.7465e+02
20251215_07:00:00   4.7248e-01   1.0267e+02   8.1489e+00   0.0000e+00   7.4011e-04   2.7298e+02
20251215_08:00:00   4.7936e-01   1.0415e+02   8.2499e+00   0.0000e+00   1.6312e-03   2.6897e+02
20251215_09:00:00   4.7275e-01   1.0330e+02   8.1771e+00   0.0000e+00   7.0477e-03   2.7273e+02
20251215_10:00:00   5.2350e-01   1.1120e+02   9.2137e+00   0.0000e+00   3.9946e-02   2.7453e+02
20251215_11:00:00   5.4985e-01   1.1543e+02   9.7125e+00   0.0000e+00   1.8203e-02   2.7583e+02
20251215_12:00:00   5.7548e-01   1.1953e+02   1.0089e+01   0.0000e+00   2.9303e-03   2.7793e+02
20251215_13:00:00   5.9036e-01   1.2208e+02   1.0294e+01   0.0000e+00   3.8049e-04   2.7901e+02
20251215_14:00:00   6.2371e-01   1.2721e+02   1.0790e+01   0.0000e+00   1.9895e-03   2.8282e+02
20251215_15:00:00   6.3892e-01   1.2957e+02   1.1071e+01   0.0000e+00   4.2379e-03   2.8647e+02
20251215_16:00:00   6.5002e-01   1.3118e+02   1.1148e+01   0.0000e+00   1.7243e-04   2.8424e+02
20251215_17:00:00   6.7530e-01   1.3509e+02   1.1616e+01   0.0000e+00   3.0821e-05   2.8496e+02
20251215_18:00:00   6.9675e-01   1.3808e+02   1.1952e+01   0.0000e+00   6.4500e-05   2.8953e+02
20251215_19:00:00   6.9824e-01   1.3850e+02   1.1894e+01   0.0000e+00   3.0387e-03   2.8965e+02
20251215_20:00:00   7.4055e-01   1.4405e+02   1.2645e+01   0.0000e+00   2.0441e-03   2.8886e+02
20251215_21:00:00   7.6095e-01   1.4682e+02   1.2921e+01   0.0000e+00   0.0000e+00   2.8787e+02
20251215_22:00:00   7.7513e-01   1.4873e+02   1.3118e+01   0.0000e+00   0.0000e+00   2.8606e+02
20251215_23:00:00   7.8167e-01   1.4967e+02   1.3168e+01   0.0000e+00   3.5960e-05   2.8559e+02
20251216_00:00:00   7.8813e-01   1.5080e+02   1.3367e+01   0.0000e+00   4.3020e-05   2.8715e+02
20251216_01:00:00   7.9375e-01   1.5153e+02   1.3400e+01   0.0000e+00   3.1761e-04   2.8761e+02
20251216_02:00:00   8.0706e-01   1.5322e+02   1.3668e+01   0.0000e+00   3.4334e-03   2.8416e+02
20251216_03:00:00   8.1472e-01   1.5428e+02   1.3760e+01   0.0000e+00   1.2260e-03   2.8272e+02
20251216_04:00:00   8.2645e-01   1.5555e+02   1.3894e+01   0.0000e+00   1.9262e-03   2.8100e+02
20251216_05:00:00   8.1817e-01   1.5482e+02   1.3758e+01   0.0000e+00   4.4597e-04   2.7778e+02
20251216_06:00:00   7.9013e-01   1.5169e+02   1.3292e+01   0.0000e+00   1.6612e-04   2.7618e+02
20251216_09:00:00   7.4342e-01   1.4642e+02   1.2365e+01   0.0000e+00   0.0000e+00   2.7777e+02
20251216_12:00:00   6.1103e-01   1.2881e+02   9.8412e+00   0.0000e+00   2.3009e-03   2.7602e+02
20251216_15:00:00   5.9012e-01   1.2605e+02   9.2500e+00   0.0000e+00   1.4230e-03   2.7731e+02
20251216_18:00:00   5.9474e-01   1.2692e+02   8.9538e+00   0.0000e+00   3.9759e-05   2.7526e+02
20251216_21:00:00   7.1071e-01   1.4331e+02   9.6072e+00   2.5565e-02   5.5615e-04   2.7899e+02
20251217_00:00:00   9.3379e-01   1.6892e+02   1.2643e+01   6.5519e-02   1.1252e-01   2.8332e+02
20251217_03:00:00   8.7704e-01   1.6304e+02   1.4551e+01   8.5025e-04   3.9046e-03   2.9830e+02
20251217_06:00:00   8.7038e-01   1.6294e+02   1.4467e+01   1.4520e-07   1.2653e-02   3.0525e+02
20251217_09:00:00   8.2646e-01   1.5759e+02   1.3821e+01   0.0000e+00   1.2118e-02   3.0834e+02
20251217_12:00:00   8.7739e-01   1.6374e+02   1.4645e+01   0.0000e+00   9.8130e-04   3.0609e+02
20251217_15:00:00   1.2179e+00   1.9601e+02   1.4252e+01   1.3604e-01   5.7899e-03   3.0575e+02
20251217_18:00:00   1.7349e+00   2.2930e+02   1.6281e+01   2.8818e-01   1.4929e-02   3.0261e+02
20251217_21:00:00   1.4445e+00   2.1337e+02   1.8735e+01   1.1195e-01   4.7481e-02   3.0078e+02
20251218_00:00:00   1.2880e+00   2.0228e+02   2.1043e+01   2.0642e-03   5.9237e-02   3.0149e+02
20251218_03:00:00   1.2143e+00   1.9718e+02   1.9715e+01   1.6536e-06   9.2971e-02   3.0389e+02
20251218_06:00:00   1.5437e+00   2.2141e+02   2.0231e+01   8.5022e-02   2.4747e-03   3.1052e+02
20251218_09:00:00   1.2255e+00   1.9869e+02   1.8335e+01   0.0000e+00   0.0000e+00   3.0949e+02
20251218_12:00:00   6.1271e-01   1.2822e+02   9.9342e+00   0.0000e+00   0.0000e+00   3.1250e+02
20251218_15:00:00   4.3750e-01   9.9615e+01   7.2318e+00   0.0000e+00   0.0000e+00   3.1089e+02
20251218_18:00:00   5.4013e-01   1.1543e+02   9.2591e+00   0.0000e+00   1.0434e-01   3.0527e+02
20251218_21:00:00   5.3276e-01   1.1484e+02   8.9125e+00   0.0000e+00   6.6903e-04   3.0510e+02
20251219_00:00:00   4.6501e-01   1.0396e+02   7.7040e+00   0.0000e+00   7.2960e-06   3.0440e+02
20251219_03:00:00   4.7953e-01   1.0604e+02   7.8906e+00   0.0000e+00   1.8876e-05   3.0487e+02
20251219_06:00:00   4.8445e-01   1.0652e+02   7.8939e+00   0.0000e+00   5.9664e-05   3.0608e+02
20251219_09:00:00   4.8590e-01   1.0590e+02   8.3643e+00   0.0000e+00   2.1265e-03   3.0072e+02
20251219_12:00:00   4.8409e-01   1.0536e+02   8.5344e+00   0.0000e+00   1.4405e-02   2.9696e+02
20251219_15:00:00   5.9237e-01   1.2209e+02   9.8978e+00   1.3874e-02   1.7827e-01   2.9513e+02
20251219_18:00:00   1.4231e+00   2.0698e+02   1.2821e+01   2.8300e-01   1.5457e-01   2.9377e+02
20251219_21:00:00   4.3859e+00   2.7121e+02   2.1769e+01   1.2667e+00   1.7412e-01   2.9429e+02
20251220_00:00:00   3.9375e+00   2.6997e+02   2.3607e+01   9.6643e-01   1.8576e-01   2.9485e+02
20251220_03:00:00   4.5254e+00   2.7173e+02   2.2445e+01   1.2386e+00   2.5729e-01   2.9057e+02
20251220_06:00:00   1.3483e+00   2.0293e+02   2.0937e+01   5.6478e-04   4.3736e-01   2.9340e+02
20251220_09:00:00   6.5801e-01   1.3309e+02   1.0635e+01   0.0000e+00   1.1254e-01   2.9876e+02
20251220_12:00:00   3.4246e-01   8.2314e+01   4.8800e+00   0.0000e+00   1.6262e-05   3.0289e+02
20251220_15:00:00   2.3881e-01   6.1391e+01   3.2081e+00   0.0000e+00   1.1598e-06   3.0526e+02
20251220_18:00:00   2.5481e-01   6.4353e+01   3.5842e+00   0.0000e+00   2.2646e-06   3.1506e+02
20251220_21:00:00   2.3775e-01   6.0656e+01   3.3591e+00   0.0000e+00   2.8300e-08   3.1299e+02
20251221_00:00:00   2.6293e-01   6.5448e+01   3.9683e+00   0.0000e+00   3.0472e-03   3.0934e+02
20251221_03:00:00   3.4636e-01   8.1208e+01   5.5430e+00   0.0000e+00   7.8549e-06   3.1085e+02
20251221_06:00:00   4.4324e-01   9.8244e+01   7.2675e+00   0.0000e+00   4.6552e-03   3.0973e+02
20251221_09:00:00   5.4875e-01   1.1504e+02   9.1362e+00   0.0000e+00   5.3644e-02   3.0393e+02
20251221_12:00:00   5.9105e-01   1.2096e+02   9.9829e+00   0.0000e+00   1.5796e-01   3.0506e+02
20251221_15:00:00   6.6104e-01   1.3111e+02   1.0882e+01   0.0000e+00   3.6642e-01   3.1032e+02
20251221_18:00:00   7.0802e-01   1.3811e+02   1.1666e+01   0.0000e+00   1.9678e-01   3.0782e+02
20251221_21:00:00   1.0197e+00   1.7462e+02   1.3179e+01   8.9296e-02   1.7376e-02   3.1198e+02
20251222_00:00:00   2.2789e+00   2.4677e+02   1.6242e+01   4.8430e-01   8.5980e-04   3.1717e+02
20251222_03:00:00   1.5930e+00   2.2028e+02   1.3387e+01   2.7064e-01   0.0000e+00   3.1336e+02
20251222_06:00:00   7.7419e-01   1.5025e+02   1.1548e+01   0.0000e+00   1.9827e-03   3.0786e+02
20251222_09:00:00   6.4077e-01   1.3209e+02   9.9771e+00   0.0000e+00   1.0438e-02   3.0848e+02
20251222_12:00:00   7.3026e-01   1.4308e+02   1.1863e+01   0.0000e+00   6.7490e-03   3.0100e+02
20251222_15:00:00   8.7501e-01   1.6011e+02   1.4254e+01   0.0000e+00   1.9786e-02   3.0275e+02
20251222_18:00:00   9.0141e-01   1.6284e+02   1.4985e+01   0.0000e+00   2.7735e-02   3.0112e+02
20251222_21:00:00   9.5525e-01   1.6891e+02   1.5756e+01   0.0000e+00   2.5505e-01   2.9942e+02
20251223_00:00:00   1.4953e+00   2.1346e+02   2.2104e+01   3.5536e-02   5.7916e-01   2.9659e+02
20251223_03:00:00   2.9155e+00   2.6274e+02   2.5242e+01   4.9759e-01   7.4867e-02   2.9863e+02
20251223_06:00:00   3.7979e+00   2.7467e+02   2.4114e+01   8.2626e-01   5.0363e-03   2.9879e+02
20251223_09:00:00   3.4346e+00   2.7554e+02   2.4882e+01   6.7294e-01   1.0531e-02   2.9405e+02
20251223_12:00:00   1.9301e+00   2.4454e+02   2.4611e+01   1.0888e-01   3.8327e-03   2.8805e+02
20251223_15:00:00   1.7618e+00   2.3749e+02   2.4964e+01   4.5960e-02   1.2799e-02   2.8577e+02
20251223_18:00:00   1.7197e+00   2.3501e+02   2.6357e+01   6.0260e-04   1.8020e-01   2.8739e+02
20251223_21:00:00   1.5981e+00   2.2710e+02   2.5361e+01   0.0000e+00   1.1695e-02   2.9566e+02
20251224_00:00:00   1.2602e+00   2.0007e+02   2.0361e+01   1.1338e-03   1.6809e-02   3.0383e+02
20251224_03:00:00   1.1011e+00   1.8365e+02   1.8146e+01   0.0000e+00   4.2836e-02   2.9959e+02
20251224_06:00:00   9.9734e-01   1.7210e+02   1.6690e+01   0.0000e+00   5.4331e-01   2.9849e+02
20251224_09:00:00   1.8856e+00   2.2987e+02   1.7194e+01   3.5316e-01   6.3412e-01   2.9527e+02
20251224_12:00:00   1.9325e+00   2.3055e+02   1.9038e+01   3.1038e-01   5.9797e-01   2.9525e+02
20251224_15:00:00   1.8168e+00   2.2549e+02   1.8639e+01   2.7433e-01   6.3616e-01   2.9264e+02
20251224_18:00:00   1.2880e+00   1.9436e+02   1.7587e+01   8.0448e-02   6.2398e-01   2.9784e+02
20251224_21:00:00   1.0043e+00   1.6992e+02   1.5964e+01   9.4912e-04   6.4780e-01   2.9804e+02
20251225_00:00:00   7.3066e-01   1.3962e+02   1.1773e+01   1.3108e-05   7.1780e-02   2.9922e+02
20251225_03:00:00   4.0540e-01   9.1422e+01   6.2302e+00   0.0000e+00   4.8902e-04   3.0738e+02
20251225_06:00:00   3.0406e-01   7.3056e+01   4.5883e+00   0.0000e+00   1.7247e-03   3.1598e+02
20251225_09:00:00   2.5827e-01   6.3888e+01   4.0255e+00   0.0000e+00   3.9367e-04   3.0939e+02
20251225_12:00:00   2.5227e-01   6.2519e+01   4.1263e+00   0.0000e+00   5.7633e-03   3.0351e+02
20251225_15:00:00   2.7679e-01   6.7277e+01   4.6664e+00   0.0000e+00   7.2599e-03   2.9931e+02
20251225_18:00:00   3.2030e-01   7.5682e+01   5.4993e+00   0.0000e+00   1.6319e-02   2.9858e+02
20251225_21:00:00   3.5140e-01   8.1667e+01   6.0490e+00   0.0000e+00   6.2699e-02   2.9585e+02
20251226_00:00:00   4.2133e-01   9.4286e+01   7.3810e+00   0.0000e+00   6.8113e-02   2.9444e+02
20251226_03:00:00   7.2148e-01   1.3942e+02   1.2374e+01   0.0000e+00   3.8049e-01   2.9196e+02
20251226_06:00:00   1.0791e+00   1.7888e+02   1.7702e+01   0.0000e+00   6.7274e-01   2.8936e+02
20251226_09:00:00   1.4999e+00   2.1116e+02   2.2337e+01   2.9798e-02   3.7707e-01   2.9078e+02
20251226_12:00:00   2.0467e+00   2.3706e+02   2.2526e+01   2.5103e-01   2.0160e-01   3.0125e+02
20251226_15:00:00   2.8453e+00   2.5648e+02   2.2530e+01   5.8162e-01   1.5464e-01   3.0214e+02
20251226_18:00:00   2.8682e+00   2.5764e+02   2.3001e+01   5.6983e-01   6.6234e-01   3.0128e+02
20251226_21:00:00   2.4487e+00   2.4873e+02   2.1767e+01   4.2479e-01   9.3758e-01   3.0739e+02
20251227_00:00:00   2.8767e+00   2.5691e+02   2.0123e+01   6.4543e-01   5.1977e-01   3.1685e+02
20251227_03:00:00   1.6805e+00   2.2243e+02   1.5657e+01   2.5250e-01   4.9522e-03   3.5618e+02
20251227_06:00:00   1.4028e+00   2.0683e+02   1.2908e+01   2.0174e-01   7.8612e-05   3.4532e+02
