#            date       tau255        Tb[K]      pwv[mm] lwp[kg*m^-2] iwp[kg*m^-2]       o3[DU]
20251207_06:00:00   1.1120e+00   1.8108e+02   1.1819e+01   1.1906e-01   4.6197e-01   3.3267e+02
20251207_07:00:00   1.1269e+00   1.8206e+02   1.1515e+01   1.3682e-01   3.9911e-01   3.3384e+02
20251207_08:00:00   8.1785e-01   1.5077e+02   1.1020e+01   2.0942e-02   1.9231e-01   3.3752e+02
20251207_09:00:00   7.4747e-01   1.4230e+02   1.0411e+01   8.6023e-03   5.6023e-02   3.3781e+02
20251207_10:00:00   6.6587e-01   1.3176e+02   9.4049e+00   0.0000e+00   7.4221e-03   3.4889e+02
20251207_11:00:00   5.7097e-01   1.1844e+02   7.9372e+00   0.0000e+00   8.0080e-03   3.4326e+02
20251207_12:00:00   4.9151e-01   1.0619e+02   6.7491e+00   0.0000e+00   1.5982e-04   3.3590e+02
20251207_13:00:00   4.5277e-01   9.9757e+01   6.2134e+00   0.0000e+00   6.8335e-05   3.3032e+02
20251207_14:00:00   4.3859e-01   9.7148e+01   6.0566e+00   0.0000e+00   2.4766e-05   3.2981e+02
20251207_15:00:00   4.1826e-01   9.3500e+01   5.8221e+00   0.0000e+00   1.7579e-05   3.3809e+02
20251207_16:00:00   3.8276e-01   8.7231e+01   5.3796e+00   0.0000e+00   1.6116e-05   3.4424e+02
20251207_17:00:00   3.4704e-01   8.0656e+01   4.9193e+00   0.0000e+00   6.4821e-06   3.4344e+02
20251207_18:00:00   2.9328e-01   7.0513e+01   4.1874e+00   0.0000e+00   0.0000e+00   3.4021e+02
20251207_19:00:00   2.2321e-01   5.6346e+01   3.1665e+00   0.0000e+00   1.2266e-05   3.2236e+02
20251207_20:00:00   1.7074e-01   4.5102e+01   2.2961e+00   0.0000e+00   8.7620e-07   3.2849e+02
20251207_21:00:00   1.6107e-01   4.2999e+01   2.1086e+00   0.0000e+00   0.0000e+00   3.3517e+02
20251207_22:00:00   1.7174e-01   4.5247e+01   2.2685e+00   0.0000e+00   0.0000e+00   3.4776e+02
20251207_23:00:00   1.8015e-01   4.6959e+01   2.4141e+00   0.0000e+00   0.0000e+00   3.4232e+02
20251208_00:00:00   1.8946e-01   4.8883e+01   2.5738e+00   0.0000e+00   7.4905e-05   3.3857e+02
20251208_01:00:00   2.0814e-01   5.2651e+01   2.9326e+00   0.0000e+00   1.1267e-03   3.4098e+02
20251208_02:00:00   2.3511e-01   5.7861e+01   3.4606e+00   0.0000e+00   8.4444e-03   3.4053e+02
20251208_03:00:00   2.4113e-01   5.9096e+01   3.5636e+00   0.0000e+00   3.6548e-03   3.4256e+02
20251208_04:00:00   2.4943e-01   6.0685e+01   3.7221e+00   0.0000e+00   2.7901e-03   3.4182e+02
20251208_05:00:00   2.6937e-01   6.4422e+01   4.0802e+00   0.0000e+00   1.0155e-02   3.4063e+02
20251208_06:00:00   2.9346e-01   6.8986e+01   4.4507e+00   0.0000e+00   5.8291e-02   3.3744e+02
20251208_07:00:00   3.2582e-01   7.5070e+01   4.9395e+00   0.0000e+00   1.0366e-01   3.3756e+02
20251208_08:00:00   3.7760e-01   8.4499e+01   5.6461e+00   0.0000e+00   2.7621e-01   3.4270e+02
20251208_09:00:00   4.3448e-01   9.4373e+01   6.4590e+00   0.0000e+00   2.2437e-01   3.4319e+02
20251208_10:00:00   4.8462e-01   1.0273e+02   7.1939e+00   0.0000e+00   5.7048e-02   3.4476e+02
20251208_11:00:00   5.1027e-01   1.0690e+02   7.5091e+00   0.0000e+00   1.6094e-02   3.4465e+02
20251208_12:00:00   5.1635e-01   1.0813e+02   7.5744e+00   0.0000e+00   1.7721e-03   3.4510e+02
20251208_13:00:00   5.0765e-01   1.0709e+02   7.3163e+00   0.0000e+00   1.8776e-02   3.4348e+02
20251208_14:00:00   4.9746e-01   1.0576e+02   7.0693e+00   0.0000e+00   2.3110e-02   3.4836e+02
20251208_15:00:00   4.9798e-01   1.0600e+02   7.0198e+00   0.0000e+00   2.5789e-02   3.5419e+02
20251208_16:00:00   4.8383e-01   1.0392e+02   6.8513e+00   0.0000e+00   6.4246e-03   3.5328e+02
20251208_17:00:00   4.7126e-01   1.0206e+02   6.7219e+00   0.0000e+00   4.6287e-03   3.5433e+02
20251208_18:00:00   4.4902e-01   9.8539e+01   6.5042e+00   0.0000e+00   2.7600e-03   3.5742e+02
20251208_19:00:00   4.9074e-01   1.0552e+02   7.2205e+00   0.0000e+00   1.1643e-02   3.5674e+02
20251208_20:00:00   5.3781e-01   1.1287e+02   8.0514e+00   0.0000e+00   1.5618e-02   3.5509e+02
20251208_21:00:00   5.3419e-01   1.1262e+02   7.9893e+00   0.0000e+00   4.0030e-03   3.5040e+02
20251208_22:00:00   5.3812e-01   1.1348e+02   8.0560e+00   0.0000e+00   5.6925e-04   3.4668e+02
20251208_23:00:00   6.1405e-01   1.2455e+02   9.4140e+00   0.0000e+00   4.2564e-03   3.3915e+02
20251209_00:00:00   6.3618e-01   1.2775e+02   9.7931e+00   0.0000e+00   1.5783e-03   3.3918e+02
20251209_01:00:00   6.9658e-01   1.3596e+02   1.0663e+01   0.0000e+00   9.6670e-03   3.4673e+02
20251209_02:00:00   7.0718e-01   1.3751e+02   1.0833e+01   0.0000e+00   2.0227e-02   3.4851e+02
20251209_03:00:00   7.5420e-01   1.4374e+02   1.1508e+01   0.0000e+00   4.3581e-02   3.5306e+02
20251209_04:00:00   7.7483e-01   1.4660e+02   1.1824e+01   0.0000e+00   2.1434e-02   3.5546e+02
20251209_05:00:00   7.7033e-01   1.4663e+02   1.1608e+01   0.0000e+00   2.1523e-02   3.6234e+02
20251209_06:00:00   7.3774e-01   1.4318e+02   1.0989e+01   0.0000e+00   3.6622e-03   3.9092e+02
20251209_07:00:00   6.9137e-01   1.3767e+02   1.0132e+01   0.0000e+00   0.0000e+00   4.0657e+02
20251209_08:00:00   6.4477e-01   1.3164e+02   9.3976e+00   0.0000e+00   1.6414e-05   4.0812e+02
20251209_09:00:00   5.0487e-01   1.1079e+02   7.2664e+00   0.0000e+00   3.3313e-03   4.0497e+02
20251209_10:00:00   4.4520e-01   1.0059e+02   6.3985e+00   0.0000e+00   5.1109e-03   3.9973e+02
20251209_11:00:00   3.9053e-01   9.0783e+01   5.6766e+00   0.0000e+00   1.4741e-02   3.8342e+02
20251209_12:00:00   3.7478e-01   8.7806e+01   5.5045e+00   0.0000e+00   1.4427e-02   3.7397e+02
20251209_13:00:00   3.7910e-01   8.8378e+01   5.6874e+00   0.0000e+00   3.6282e-02   3.6978e+02
20251209_14:00:00   3.8196e-01   8.8572e+01   5.9103e+00   0.0000e+00   6.1001e-02   3.6606e+02
20251209_15:00:00   4.2964e-01   9.6583e+01   6.8016e+00   0.0000e+00   7.9335e-02   3.5465e+02
20251209_16:00:00   4.5893e-01   1.0125e+02   7.3978e+00   0.0000e+00   5.9370e-02   3.4902e+02
20251209_17:00:00   5.0902e-01   1.0913e+02   8.3749e+00   0.0000e+00   3.0730e-02   3.5149e+02
20251209_18:00:00   6.1766e-01   1.2543e+02   1.0092e+01   2.9450e-03   2.0291e-02   3.4384e+02
20251209_19:00:00   8.0261e-01   1.5022e+02   1.1700e+01   3.6680e-02   5.5220e-02   3.4488e+02
20251209_20:00:00   9.4086e-01   1.6616e+02   1.3018e+01   5.9110e-02   6.2487e-02   3.4932e+02
20251209_21:00:00   9.3384e-01   1.6553e+02   1.3802e+01   3.4820e-02   1.6563e-01   3.4116e+02
20251209_22:00:00   9.7561e-01   1.7008e+02   1.5282e+01   7.1380e-03   4.2367e-01   3.3501e+02
20251209_23:00:00   9.8938e-01   1.7192e+02   1.5819e+01   5.7000e-04   4.3699e-01   3.3283e+02
20251210_00:00:00   1.0325e+00   1.7651e+02   1.6572e+01   0.0000e+00   1.4309e-01   3.3104e+02
20251210_01:00:00   1.2477e+00   1.9542e+02   1.8546e+01   2.3460e-02   4.5996e-01   3.3137e+02
20251210_02:00:00   1.2159e+00   1.9364e+02   1.8550e+01   1.6887e-02   8.4361e-02   3.2688e+02
20251210_03:00:00   1.1578e+00   1.8950e+02   1.8089e+01   5.3693e-03   2.0886e-01   3.2712e+02
20251210_04:00:00   1.3036e+00   2.0060e+02   1.8779e+01   3.8315e-02   3.6843e-01   3.2661e+02
20251210_05:00:00   1.1888e+00   1.9252e+02   1.7639e+01   1.7836e-02   1.6616e-01   3.3632e+02
20251210_06:00:00   1.9304e+00   2.3425e+02   1.5974e+01   3.7502e-01   6.6579e-02   3.3381e+02
20251210_07:00:00   9.6100e-01   1.7058e+02   1.3535e+01   2.2797e-02   3.0686e-02   3.2844e+02
20251210_08:00:00   1.3244e+00   2.0200e+02   1.1990e+01   1.9905e-01   7.2726e-04   3.2696e+02
20251210_09:00:00   1.4661e+00   2.1070e+02   1.0838e+01   2.9408e-01   1.0134e-03   3.2802e+02
20251210_10:00:00   7.5134e-01   1.4545e+02   8.4257e+00   6.0198e-02   1.6682e-03   3.3974e+02
20251210_11:00:00   5.6559e-01   1.1952e+02   7.1782e+00   1.6261e-02   8.7260e-03   3.4102e+02
20251210_12:00:00   7.1130e-01   1.3867e+02   8.8650e+00   3.2669e-02   1.5488e-01   3.4502e+02
20251210_13:00:00   5.5022e-01   1.1512e+02   7.8064e+00   2.3960e-04   1.2647e-02   3.4100e+02
20251210_14:00:00   4.8826e-01   1.0511e+02   6.9531e+00   0.0000e+00   1.2350e-03   3.3909e+02
20251210_15:00:00   4.9622e-01   1.0619e+02   7.1407e+00   0.0000e+00   2.0856e-03   3.3678e+02
20251210_16:00:00   5.2669e-01   1.1092e+02   7.5553e+00   5.0340e-04   4.5984e-03   3.2113e+02
20251210_17:00:00   5.4726e-01   1.1418e+02   7.7877e+00   2.1375e-03   3.8903e-03   3.1382e+02
20251210_18:00:00   5.3901e-01   1.1333e+02   7.6008e+00   4.5147e-03   1.8012e-03   3.0806e+02
20251210_19:00:00   5.9786e-01   1.2217e+02   7.6394e+00   2.9072e-02   3.6618e-03   2.9901e+02
20251210_20:00:00   6.0781e-01   1.2362e+02   7.7970e+00   3.0650e-02   1.7943e-03   2.9971e+02
20251210_21:00:00   6.1936e-01   1.2521e+02   7.8241e+00   3.5029e-02   2.2825e-03   3.0286e+02
20251210_22:00:00   5.7406e-01   1.1853e+02   7.8701e+00   1.5527e-02   1.9032e-03   3.0825e+02
20251210_23:00:00   5.3318e-01   1.1237e+02   7.5313e+00   6.9055e-03   1.8365e-03   3.1035e+02
20251211_00:00:00   4.8942e-01   1.0555e+02   7.1063e+00   2.4640e-06   7.1340e-04   3.0872e+02
20251211_01:00:00   4.6931e-01   1.0224e+02   6.8113e+00   0.0000e+00   3.0221e-04   3.0391e+02
20251211_02:00:00   4.4235e-01   9.7814e+01   6.4160e+00   0.0000e+00   3.4867e-05   3.0275e+02
20251211_03:00:00   4.4079e-01   9.7313e+01   6.4790e+00   0.0000e+00   2.3178e-05   3.0348e+02
20251211_04:00:00   4.4301e-01   9.7473e+01   6.6454e+00   0.0000e+00   1.7736e-03   3.0339e+02
20251211_05:00:00   4.2543e-01   9.4421e+01   6.4736e+00   0.0000e+00   5.1113e-03   3.0024e+02
20251211_06:00:00   4.4059e-01   9.6748e+01   6.7708e+00   0.0000e+00   3.4279e-02   2.9249e+02
20251211_07:00:00   4.3777e-01   9.6297e+01   6.8290e+00   0.0000e+00   2.9586e-02   2.8872e+02
20251211_08:00:00   4.5800e-01   9.9450e+01   7.1205e+00   0.0000e+00   1.9990e-01   2.8927e+02
20251211_09:00:00   4.9275e-01   1.0501e+02   7.7082e+00   0.0000e+00   1.0397e-01   2.8990e+02
20251211_10:00:00   5.2554e-01   1.1013e+02   8.2388e+00   0.0000e+00   1.0462e-01   2.9116e+02
20251211_11:00:00   5.6033e-01   1.1549e+02   8.7245e+00   0.0000e+00   1.1572e-01   2.9288e+02
20251211_12:00:00   6.0778e-01   1.2212e+02   9.4402e+00   0.0000e+00   2.0246e-01   3.0045e+02
20251211_13:00:00   6.2661e-01   1.2486e+02   9.5918e+00   1.9662e-05   3.0705e-01   3.0063e+02
20251211_14:00:00   6.5153e-01   1.2840e+02   9.9652e+00   0.0000e+00   1.1142e-01   3.0799e+02
20251211_15:00:00   6.8263e-01   1.3243e+02   1.0189e+01   0.0000e+00   4.4202e-01   3.0914e+02
20251211_16:00:00   6.9347e-01   1.3412e+02   1.0158e+01   7.7480e-06   3.1077e-01   3.1232e+02
20251211_17:00:00   6.8511e-01   1.3301e+02   9.8842e+00   2.5008e-04   3.7477e-01   3.1245e+02
20251211_18:00:00   6.8010e-01   1.3230e+02   9.7738e+00   3.4082e-04   3.2457e-01   3.1709e+02
20251211_19:00:00   6.5987e-01   1.2960e+02   9.4390e+00   8.5560e-05   2.4834e-01   3.2334e+02
20251211_20:00:00   6.4495e-01   1.2750e+02   9.2578e+00   2.5160e-04   1.3203e-01   3.2667e+02
20251211_21:00:00   6.3942e-01   1.2669e+02   9.1502e+00   1.0854e-03   8.7557e-02   3.2213e+02
20251211_22:00:00   6.1818e-01   1.2377e+02   8.8099e+00   1.4696e-05   8.4046e-02   3.2010e+02
20251211_23:00:00   5.9580e-01   1.2058e+02   8.4792e+00   0.0000e+00   2.9551e-02   3.2210e+02
20251212_00:00:00   5.6501e-01   1.1589e+02   8.1231e+00   0.0000e+00   4.2239e-03   3.2431e+02
20251212_01:00:00   5.0882e-01   1.0726e+02   7.3692e+00   0.0000e+00   1.0075e-03   3.2842e+02
20251212_02:00:00   4.7750e-01   1.0220e+02   6.8804e+00   0.0000e+00   8.2298e-04   3.3124e+02
20251212_03:00:00   4.4343e-01   9.6512e+01   6.3655e+00   0.0000e+00   1.1544e-03   3.3660e+02
20251212_04:00:00   4.0530e-01   9.0041e+01   5.8153e+00   0.0000e+00   2.4647e-05   3.4165e+02
20251212_05:00:00   3.7501e-01   8.4737e+01   5.3455e+00   0.0000e+00   1.1086e-05   3.4590e+02
20251212_06:00:00   3.6808e-01   8.3377e+01   5.2338e+00   0.0000e+00   1.4596e-05   3.4669e+02
20251212_09:00:00   3.5942e-01   8.1237e+01   4.9807e+00   0.0000e+00   1.0239e-03   3.6078e+02
20251212_12:00:00   2.0438e-01   5.1220e+01   2.4694e+00   0.0000e+00   1.1952e-02   3.6642e+02
20251212_15:00:00   1.7234e-01   4.3989e+01   1.9353e+00   0.0000e+00   3.1581e-03   3.8173e+02
20251212_18:00:00   1.7732e-01   4.4637e+01   1.9746e+00   0.0000e+00   3.1276e-03   3.9791e+02
20251212_21:00:00   1.9964e-01   4.9234e+01   2.3420e+00   0.0000e+00   2.6907e-03   3.8390e+02
20251213_00:00:00   2.2712e-01   5.4955e+01   2.7995e+00   0.0000e+00   1.1289e-03   3.8015e+02
20251213_03:00:00   2.3985e-01   5.7791e+01   3.0089e+00   0.0000e+00   9.3565e-04   3.8275e+02
20251213_06:00:00   2.5855e-01   6.1708e+01   3.3012e+00   0.0000e+00   7.8336e-04   3.8049e+02
20251213_09:00:00   2.6711e-01   6.3562e+01   3.4749e+00   0.0000e+00   4.1818e-04   3.6944e+02
20251213_12:00:00   2.6769e-01   6.3879e+01   3.4957e+00   0.0000e+00   2.0621e-04   3.7042e+02
20251213_15:00:00   2.4762e-01   6.0186e+01   3.2206e+00   0.0000e+00   3.5732e-04   3.5257e+02
20251213_18:00:00   2.2960e-01   5.6718e+01   3.0129e+00   0.0000e+00   1.6360e-03   3.4428e+02
20251213_21:00:00   2.3829e-01   5.8400e+01   3.3404e+00   0.0000e+00   1.8186e-03   3.2689e+02
20251214_00:00:00   2.8977e-01   6.8403e+01   4.4126e+00   0.0000e+00   1.7783e-02   3.1581e+02
20251214_03:00:00   3.6727e-01   8.2853e+01   5.7460e+00   0.0000e+00   5.2755e-02   3.1643e+02
20251214_06:00:00   5.2495e-01   1.0905e+02   8.4797e+00   0.0000e+00   1.8277e-01   3.0877e+02
20251214_09:00:00   7.4293e-01   1.4005e+02   1.1790e+01   0.0000e+00   1.9876e-01   2.9683e+02
20251214_12:00:00   7.7316e-01   1.4469e+02   1.2386e+01   0.0000e+00   1.1182e-01   2.9540e+02
20251214_15:00:00   7.7680e-01   1.4591e+02   1.2695e+01   0.0000e+00   2.7950e-02   2.7877e+02
20251214_18:00:00   8.2662e-01   1.5243e+02   1.3369e+01   0.0000e+00   3.9386e-03   2.7610e+02
20251214_21:00:00   8.4937e-01   1.5520e+02   1.3659e+01   0.0000e+00   1.0758e-02   2.6838e+02
20251215_00:00:00   8.8404e-01   1.5858e+02   1.3900e+01   0.0000e+00   3.6025e-02   2.6989e+02
20251215_03:00:00   7.4799e-01   1.4188e+02   1.1255e+01   8.6240e-06   4.0718e-02   2.6901e+02
20251215_06:00:00   3.6580e-01   8.3460e+01   5.5894e+00   0.0000e+00   1.5771e-04   2.7713e+02
20251215_09:00:00   1.8228e-01   4.7099e+01   2.3601e+00   0.0000e+00   7.7192e-04   2.8981e+02
20251215_12:00:00   2.0105e-01   5.0949e+01   2.5475e+00   0.0000e+00   9.2800e-06   2.9931e+02
20251215_15:00:00   2.0919e-01   5.2837e+01   2.5733e+00   0.0000e+00   1.2234e-05   3.0323e+02
20251215_18:00:00   2.0815e-01   5.2824e+01   2.5763e+00   0.0000e+00   7.1370e-06   3.0404e+02
20251215_21:00:00   2.0192e-01   5.1603e+01   2.5448e+00   0.0000e+00   4.6419e-06   3.1353e+02
20251216_00:00:00   1.9289e-01   4.9749e+01   2.4494e+00   0.0000e+00   5.0980e-06   3.1678e+02
20251216_03:00:00   2.1557e-01   5.4125e+01   3.0593e+00   0.0000e+00   1.5938e-03   3.0945e+02
20251216_06:00:00   2.6545e-01   6.4123e+01   4.1693e+00   0.0000e+00   3.5770e-03   3.1367e+02
20251216_09:00:00   3.4226e-01   7.8737e+01   5.7839e+00   0.0000e+00   1.9748e-02   3.1112e+02
20251216_12:00:00   3.8812e-01   8.7295e+01   6.7511e+00   0.0000e+00   4.7075e-02   3.0562e+02
20251216_15:00:00   5.7250e-01   1.1768e+02   1.0018e+01   0.0000e+00   9.6728e-02   2.9877e+02
20251216_18:00:00   7.6070e-01   1.4409e+02   1.3087e+01   0.0000e+00   2.4259e-01   2.9488e+02
20251216_21:00:00   8.2788e-01   1.5310e+02   1.4400e+01   0.0000e+00   5.4262e-02   2.9503e+02
20251217_00:00:00   8.3555e-01   1.5568e+02   1.4123e+01   0.0000e+00   9.4780e-04   2.9671e+02
20251217_03:00:00   7.7926e-01   1.5026e+02   1.3175e+01   0.0000e+00   1.0198e-05   2.9147e+02
20251217_06:00:00   7.7970e-01   1.5098e+02   1.3078e+01   0.0000e+00   0.0000e+00   2.9020e+02
20251217_09:00:00   8.0078e-01   1.5387e+02   1.3250e+01   0.0000e+00   2.6282e-06   2.8993e+02
20251217_12:00:00   7.4820e-01   1.4779e+02   1.2206e+01   0.0000e+00   2.1365e-03   2.9164e+02
20251217_15:00:00   7.0443e-01   1.4205e+02   1.1586e+01   0.0000e+00   2.5334e-03   3.0024e+02
20251217_18:00:00   6.7697e-01   1.3804e+02   1.1674e+01   0.0000e+00   1.2824e-04   3.0459e+02
20251217_21:00:00   6.7821e-01   1.3831e+02   1.1749e+01   0.0000e+00   1.6013e-02   3.0702e+02
20251218_00:00:00   8.7628e-01   1.6236e+02   1.5048e+01   0.0000e+00   8.1549e-02   3.0258e+02
20251218_03:00:00   9.6560e-01   1.7069e+02   1.6231e+01   0.0000e+00   7.5123e-02   3.0575e+02
20251218_06:00:00   1.0397e+00   1.7697e+02   1.7147e+01   8.8920e-05   1.3743e-01   3.0088e+02
20251218_09:00:00   6.9916e-01   1.3914e+02   1.1128e+01   0.0000e+00   1.9582e-02   2.9864e+02
20251218_12:00:00   6.2137e-01   1.2830e+02   9.8401e+00   0.0000e+00   1.7402e-02   2.9623e+02
20251218_15:00:00   6.8619e-01   1.3763e+02   1.0797e+01   0.0000e+00   1.0246e-02   2.9806e+02
20251218_18:00:00   7.3446e-01   1.4429e+02   1.1498e+01   1.0472e-05   3.1483e-04   3.0299e+02
20251218_21:00:00   7.8157e-01   1.5065e+02   1.2557e+01   0.0000e+00   3.7320e-05   3.0976e+02
20251219_00:00:00   8.1604e-01   1.5465e+02   1.3449e+01   0.0000e+00   5.6221e-04   3.1392e+02
20251219_03:00:00   1.3640e+00   2.0717e+02   1.5272e+01   1.5754e-01   4.1615e-03   3.1143e+02
20251219_06:00:00   1.2280e+00   1.9816e+02   1.7831e+01   3.3335e-02   9.7647e-04   3.1269e+02
20251219_09:00:00   1.1539e+00   1.9140e+02   1.7888e+01   7.2840e-04   6.4878e-02   3.2421e+02
20251219_12:00:00   9.4392e-01   1.6932e+02   1.5074e+01   1.4494e-04   1.2782e-02   3.3209e+02
20251219_15:00:00   4.4969e-01   1.0187e+02   6.9947e+00   0.0000e+00   5.7902e-05   3.4647e+02
20251219_18:00:00   4.3544e-01   9.9180e+01   6.8548e+00   0.0000e+00   3.6095e-03   3.3474e+02
20251219_21:00:00   4.8697e-01   1.0739e+02   7.7766e+00   0.0000e+00   6.7309e-04   3.2380e+02
20251220_00:00:00   4.8595e-01   1.0579e+02   8.0521e+00   0.0000e+00   4.2746e-03   3.1788e+02
20251220_03:00:00   6.0059e-01   1.2226e+02   1.0242e+01   0.0000e+00   1.6162e-01   3.2353e+02
20251220_06:00:00   6.2903e-01   1.2598e+02   1.0666e+01   0.0000e+00   3.4755e-01   3.2207e+02
20251220_09:00:00   7.6153e-01   1.4334e+02   1.2378e+01   0.0000e+00   5.9186e-01   3.2604e+02
20251220_12:00:00   8.6205e-01   1.5531e+02   1.3503e+01   0.0000e+00   5.7475e-01   3.2667e+02
20251220_15:00:00   8.9440e-01   1.5903e+02   1.3745e+01   0.0000e+00   4.8563e-01   3.4876e+02
20251220_18:00:00   8.5245e-01   1.5479e+02   1.2916e+01   0.0000e+00   2.7330e-02   3.7260e+02
20251220_21:00:00   7.6482e-01   1.4461e+02   1.1769e+01   3.3840e-04   2.1819e-04   3.6491e+02
20251221_00:00:00   7.6505e-01   1.4428e+02   1.2091e+01   0.0000e+00   2.4236e-02   3.7763e+02
20251221_03:00:00   8.5547e-01   1.5432e+02   1.3254e+01   0.0000e+00   4.0393e-01   3.5298e+02
20251221_06:00:00   9.6845e-01   1.6648e+02   1.4794e+01   1.6241e-03   4.8326e-01   3.3117e+02
20251221_09:00:00   1.3349e+00   1.9721e+02   1.5141e+01   1.5444e-01   4.7490e-01   3.3038e+02
20251221_12:00:00   1.5283e+00   2.0933e+02   1.3683e+01   2.7919e-01   3.8800e-01   3.2290e+02
20251221_15:00:00   9.2439e-01   1.6213e+02   1.2401e+01   4.3841e-02   2.9304e-01   3.0909e+02
20251221_18:00:00   7.4336e-01   1.4179e+02   1.0948e+01   2.9614e-03   7.0198e-03   3.0459e+02
20251221_21:00:00   7.0099e-01   1.3630e+02   9.7765e+00   1.8668e-02   5.4968e-03   2.9788e+02
20251222_00:00:00   5.9942e-01   1.2248e+02   8.9820e+00   0.0000e+00   1.0561e-02   2.9874e+02
20251222_03:00:00   5.8272e-01   1.2010e+02   8.8907e+00   0.0000e+00   2.5843e-02   2.9395e+02
20251222_06:00:00   6.5020e-01   1.2954e+02   1.0276e+01   0.0000e+00   3.7191e-02   2.9751e+02
20251222_09:00:00   8.7343e-01   1.5722e+02   1.3929e+01   0.0000e+00   1.6450e-01   2.9527e+02
20251222_12:00:00   1.0337e+00   1.7378e+02   1.6229e+01   0.0000e+00   1.7557e-01   2.9381e+02
20251222_15:00:00   2.2187e+00   2.4061e+02   1.8098e+01   4.3534e-01   8.6685e-01   2.9369e+02
20251222_18:00:00   3.2249e+00   2.5861e+02   1.7721e+01   8.7593e-01   1.0820e+00   2.9245e+02
20251222_21:00:00   1.0527e+00   1.7564e+02   1.6132e+01   1.1389e-04   3.9276e-01   2.9901e+02
20251223_00:00:00   8.4691e-01   1.5436e+02   1.2714e+01   3.7400e-03   1.0272e-01   3.0860e+02
20251223_03:00:00   6.4365e-01   1.2946e+02   9.3727e+00   0.0000e+00   3.2622e-03   3.1613e+02
20251223_06:00:00   5.9032e-01   1.2157e+02   8.6406e+00   0.0000e+00   1.3465e-03   3.1984e+02
