#            date       tau255        Tb[K]      pwv[mm] lwp[kg*m^-2] iwp[kg*m^-2]       o3[DU]
20251201_18:00:00   6.4656e-01   1.2641e+02   9.4954e+00   1.5795e-04   5.4239e-01   3.8885e+02
20251201_19:00:00   6.4506e-01   1.2625e+02   9.4632e+00   0.0000e+00   5.3808e-01   3.9153e+02
20251201_20:00:00   6.4866e-01   1.2688e+02   9.5032e+00   1.1816e-05   4.9501e-01   3.8165e+02
20251201_21:00:00   6.4170e-01   1.2595e+02   9.4013e+00   3.5036e-05   4.2654e-01   3.8483e+02
20251201_22:00:00   6.3126e-01   1.2450e+02   9.2617e+00   4.9280e-07   3.2809e-01   3.9071e+02
20251201_23:00:00   6.2434e-01   1.2359e+02   9.2028e+00   0.0000e+00   1.6413e-01   4.0155e+02
20251202_00:00:00   6.0861e-01   1.2143e+02   8.9426e+00   0.0000e+00   1.0215e-01   4.0529e+02
20251202_01:00:00   5.7506e-01   1.1686e+02   8.3172e+00   0.0000e+00   2.7430e-02   3.9608e+02
20251202_02:00:00   5.4887e-01   1.1313e+02   7.8149e+00   0.0000e+00   2.6002e-02   3.9203e+02
20251202_03:00:00   5.1124e-01   1.0758e+02   7.1427e+00   0.0000e+00   7.7892e-03   3.8754e+02
20251202_04:00:00   4.9382e-01   1.0488e+02   6.9026e+00   0.0000e+00   3.1033e-03   3.8418e+02
20251202_05:00:00   4.6381e-01   1.0016e+02   6.4428e+00   0.0000e+00   2.3693e-04   3.8551e+02
20251202_06:00:00   4.4754e-01   9.7572e+01   6.2151e+00   0.0000e+00   1.4776e-04   3.8868e+02
20251202_07:00:00   4.1589e-01   9.2391e+01   5.7195e+00   0.0000e+00   3.3575e-04   3.9378e+02
20251202_08:00:00   4.0139e-01   8.9987e+01   5.4995e+00   0.0000e+00   4.1575e-04   3.9572e+02
20251202_09:00:00   3.8982e-01   8.8037e+01   5.3758e+00   0.0000e+00   3.9807e-04   3.9451e+02
20251202_10:00:00   3.6814e-01   8.4234e+01   5.1043e+00   0.0000e+00   4.0807e-04   3.9326e+02
20251202_11:00:00   3.6431e-01   8.3589e+01   5.1093e+00   0.0000e+00   4.0126e-04   3.8853e+02
20251202_12:00:00   3.6313e-01   8.3363e+01   5.1481e+00   0.0000e+00   3.4490e-04   3.8538e+02
20251202_13:00:00   3.4877e-01   8.0850e+01   4.9844e+00   0.0000e+00   2.1280e-04   3.8580e+02
20251202_14:00:00   3.5042e-01   8.1260e+01   5.0549e+00   0.0000e+00   1.0896e-04   3.8331e+02
20251202_15:00:00   3.5920e-01   8.2923e+01   5.2184e+00   0.0000e+00   1.9840e-04   3.7627e+02
20251202_16:00:00   3.5986e-01   8.3089e+01   5.2224e+00   0.0000e+00   3.9560e-04   3.7518e+02
20251202_17:00:00   3.6391e-01   8.3886e+01   5.3053e+00   0.0000e+00   1.9522e-04   3.7532e+02
20251202_18:00:00   3.8084e-01   8.6993e+01   5.6739e+00   3.2680e-05   4.2777e-04   3.7284e+02
20251202_19:00:00   3.9570e-01   8.9702e+01   6.0207e+00   6.5540e-06   5.1273e-04   3.7072e+02
20251202_20:00:00   3.9862e-01   9.0227e+01   6.1775e+00   0.0000e+00   3.7463e-04   3.6761e+02
20251202_21:00:00   4.2204e-01   9.4286e+01   6.6689e+00   0.0000e+00   7.6902e-04   3.6240e+02
20251202_22:00:00   4.7405e-01   1.0301e+02   7.6098e+00   0.0000e+00   1.1192e-02   3.6247e+02
20251202_23:00:00   5.2809e-01   1.1172e+02   8.5085e+00   0.0000e+00   6.9707e-03   3.6085e+02
20251203_00:00:00   5.7312e-01   1.1848e+02   9.3410e+00   0.0000e+00   6.3685e-03   3.5970e+02
20251203_01:00:00   6.1623e-01   1.2484e+02   1.0035e+01   0.0000e+00   5.4127e-03   3.5857e+02
20251203_02:00:00   6.1122e-01   1.2428e+02   9.9609e+00   0.0000e+00   3.6002e-03   3.5644e+02
20251203_03:00:00   5.8855e-01   1.2109e+02   9.6255e+00   0.0000e+00   4.4232e-03   3.5542e+02
20251203_04:00:00   5.9070e-01   1.2143e+02   9.6458e+00   0.0000e+00   8.3434e-03   3.5526e+02
20251203_05:00:00   6.0683e-01   1.2377e+02   9.9252e+00   0.0000e+00   2.8236e-02   3.5472e+02
20251203_06:00:00   6.1573e-01   1.2509e+02   1.0058e+01   0.0000e+00   5.8624e-02   3.5338e+02
20251203_07:00:00   6.4867e-01   1.2961e+02   1.0580e+01   0.0000e+00   6.7495e-02   3.5117e+02
20251203_08:00:00   6.8082e-01   1.3402e+02   1.1089e+01   0.0000e+00   9.1905e-02   3.4969e+02
20251203_09:00:00   7.2932e-01   1.4037e+02   1.1785e+01   0.0000e+00   1.1203e-01   3.5064e+02
20251203_10:00:00   8.0837e-01   1.5006e+02   1.2869e+01   0.0000e+00   1.5569e-01   3.5398e+02
20251203_11:00:00   8.7580e-01   1.5773e+02   1.3680e+01   0.0000e+00   2.4319e-01   3.5622e+02
20251203_12:00:00   9.3543e-01   1.6409e+02   1.4305e+01   0.0000e+00   4.0818e-01   3.5717e+02
20251203_13:00:00   9.1219e-01   1.6156e+02   1.3894e+01   0.0000e+00   3.4502e-01   3.5848e+02
20251203_14:00:00   9.3464e-01   1.6379e+02   1.4081e+01   0.0000e+00   3.0712e-01   3.6378e+02
20251203_15:00:00   9.1656e-01   1.6171e+02   1.3712e+01   7.6240e-05   1.9571e-01   3.7293e+02
20251203_16:00:00   8.6454e-01   1.5588e+02   1.2959e+01   4.7620e-04   9.1031e-02   3.7898e+02
20251203_17:00:00   7.5208e-01   1.4238e+02   1.1377e+01   4.0780e-04   1.5439e-03   3.8274e+02
20251203_18:00:00   6.5889e-01   1.3019e+02   9.9689e+00   1.6384e-05   3.8330e-03   3.8641e+02
20251203_19:00:00   6.0181e-01   1.2192e+02   9.1722e+00   0.0000e+00   1.7269e-03   3.9293e+02
20251203_20:00:00   5.6731e-01   1.1671e+02   8.6371e+00   0.0000e+00   1.4624e-03   3.9599e+02
20251203_21:00:00   5.3532e-01   1.1172e+02   8.1639e+00   0.0000e+00   4.4185e-03   3.9704e+02
20251203_22:00:00   4.7856e-01   1.0275e+02   7.2621e+00   0.0000e+00   5.9877e-04   3.9370e+02
20251203_23:00:00   4.2012e-01   9.2754e+01   6.3920e+00   0.0000e+00   1.0035e-03   3.9108e+02
20251204_00:00:00   3.4074e-01   7.8620e+01   5.1666e+00   0.0000e+00   1.4486e-03   3.8568e+02
20251204_01:00:00   2.8619e-01   6.8202e+01   4.2992e+00   0.0000e+00   1.9012e-03   3.8808e+02
20251204_02:00:00   2.3935e-01   5.8797e+01   3.5641e+00   0.0000e+00   3.5140e-03   3.9029e+02
20251204_03:00:00   2.1864e-01   5.4528e+01   3.2004e+00   0.0000e+00   2.2724e-03   3.9197e+02
20251204_04:00:00   2.0581e-01   5.1887e+01   2.9297e+00   0.0000e+00   8.8727e-04   3.8889e+02
20251204_05:00:00   1.9912e-01   5.0467e+01   2.7765e+00   0.0000e+00   7.0217e-05   3.9020e+02
20251204_06:00:00   1.8500e-01   4.7522e+01   2.4946e+00   0.0000e+00   2.9425e-05   3.8723e+02
20251204_07:00:00   1.7794e-01   4.6006e+01   2.3565e+00   0.0000e+00   4.1860e-06   3.8885e+02
20251204_08:00:00   1.6905e-01   4.4117e+01   2.2005e+00   0.0000e+00   5.0120e-06   3.8484e+02
20251204_09:00:00   1.6199e-01   4.2583e+01   2.0778e+00   0.0000e+00   5.0110e-06   3.8200e+02
20251204_10:00:00   1.4822e-01   3.9628e+01   1.8495e+00   0.0000e+00   4.6475e-06   3.8016e+02
20251204_11:00:00   1.4175e-01   3.8242e+01   1.7388e+00   0.0000e+00   3.9919e-06   3.7589e+02
20251204_12:00:00   1.3505e-01   3.6795e+01   1.6378e+00   0.0000e+00   3.6885e-06   3.7320e+02
20251204_13:00:00   1.3012e-01   3.5727e+01   1.5588e+00   0.0000e+00   4.9230e-06   3.7648e+02
20251204_14:00:00   1.2665e-01   3.4994e+01   1.4973e+00   0.0000e+00   3.5327e-06   3.7888e+02
20251204_15:00:00   1.2552e-01   3.4791e+01   1.4735e+00   0.0000e+00   3.4987e-06   3.8579e+02
20251204_16:00:00   1.2364e-01   3.4388e+01   1.4505e+00   0.0000e+00   2.9319e-06   3.8958e+02
20251204_17:00:00   1.2845e-01   3.5458e+01   1.5204e+00   0.0000e+00   2.9319e-06   3.8761e+02
20251204_18:00:00   1.3068e-01   3.5985e+01   1.5668e+00   0.0000e+00   1.4863e-06   3.7937e+02
20251204_19:00:00   1.3725e-01   3.7449e+01   1.6861e+00   0.0000e+00   1.0434e-06   3.7885e+02
20251204_20:00:00   1.4629e-01   3.9486e+01   1.8653e+00   0.0000e+00   1.0659e-06   3.6772e+02
20251204_21:00:00   1.4874e-01   4.0051e+01   1.9284e+00   0.0000e+00   1.0563e-06   3.5794e+02
20251204_22:00:00   1.5098e-01   4.0541e+01   2.0042e+00   0.0000e+00   1.1006e-06   3.5712e+02
20251204_23:00:00   1.6039e-01   4.2613e+01   2.1822e+00   0.0000e+00   1.1045e-06   3.5720e+02
20251205_00:00:00   1.8876e-01   4.8876e+01   2.6830e+00   0.0000e+00   1.1234e-06   3.5604e+02
20251205_01:00:00   2.3175e-01   5.8014e+01   3.3898e+00   0.0000e+00   1.1352e-06   3.5368e+02
20251205_02:00:00   2.5543e-01   6.2844e+01   3.7513e+00   0.0000e+00   1.1343e-06   3.5047e+02
20251205_03:00:00   2.8661e-01   6.9091e+01   4.2664e+00   0.0000e+00   1.8512e-06   3.4079e+02
20251205_04:00:00   3.0947e-01   7.3572e+01   4.6419e+00   0.0000e+00   1.2997e-04   3.3632e+02
20251205_05:00:00   3.2729e-01   7.7023e+01   4.9403e+00   0.0000e+00   2.1202e-04   3.3464e+02
20251205_06:00:00   3.5669e-01   8.2548e+01   5.4407e+00   0.0000e+00   1.8733e-05   3.3070e+02
20251205_07:00:00   3.8807e-01   8.8239e+01   5.9604e+00   0.0000e+00   0.0000e+00   3.3096e+02
20251205_08:00:00   4.1665e-01   9.3414e+01   6.3993e+00   0.0000e+00   1.9658e-05   3.3291e+02
20251205_09:00:00   4.4868e-01   9.8800e+01   6.9664e+00   0.0000e+00   1.1831e-04   3.3270e+02
20251205_10:00:00   4.6360e-01   1.0135e+02   7.2011e+00   0.0000e+00   4.4397e-03   3.3438e+02
20251205_11:00:00   4.8439e-01   1.0482e+02   7.5479e+00   0.0000e+00   9.2734e-03   3.3406e+02
20251205_12:00:00   5.3176e-01   1.1206e+02   8.3138e+00   0.0000e+00   3.8092e-02   3.3145e+02
20251205_13:00:00   5.7490e-01   1.1856e+02   9.0097e+00   0.0000e+00   6.8946e-02   3.3101e+02
20251205_14:00:00   6.0606e-01   1.2308e+02   9.4583e+00   0.0000e+00   6.6580e-02   3.2827e+02
20251205_15:00:00   6.1968e-01   1.2506e+02   9.5870e+00   0.0000e+00   9.2465e-02   3.2834e+02
20251205_16:00:00   6.5363e-01   1.2981e+02   1.0070e+01   0.0000e+00   1.0506e-01   3.2503e+02
20251205_17:00:00   6.7655e-01   1.3291e+02   1.0355e+01   0.0000e+00   1.1004e-01   3.2390e+02
20251205_18:00:00   6.2776e-01   1.2645e+02   9.5445e+00   0.0000e+00   1.6712e-02   3.2278e+02
20251205_19:00:00   6.1354e-01   1.2464e+02   9.2354e+00   4.7400e-05   2.6171e-03   3.2067e+02
20251205_20:00:00   6.3288e-01   1.2761e+02   9.3455e+00   8.4340e-04   3.7133e-04   3.1934e+02
20251205_21:00:00   6.4634e-01   1.2947e+02   9.4695e+00   1.6830e-03   3.5684e-04   3.1851e+02
20251205_22:00:00   6.7199e-01   1.3283e+02   9.7639e+00   4.3781e-03   5.2379e-04   3.1839e+02
20251205_23:00:00   7.1205e-01   1.3795e+02   1.0200e+01   1.0014e-02   1.3209e-03   3.1717e+02
20251206_00:00:00   8.2775e-01   1.5192e+02   1.0457e+01   5.2950e-02   5.6863e-03   3.1834e+02
20251206_01:00:00   8.5678e-01   1.5500e+02   1.0725e+01   5.8420e-02   9.7836e-03   3.1918e+02
20251206_02:00:00   7.5496e-01   1.4275e+02   1.0615e+01   1.7722e-02   2.8385e-02   3.1538e+02
20251206_03:00:00   6.7504e-01   1.3230e+02   1.0057e+01   0.0000e+00   2.5576e-02   3.1258e+02
20251206_04:00:00   6.2979e-01   1.2604e+02   9.4233e+00   0.0000e+00   1.0041e-02   3.1485e+02
20251206_05:00:00   6.0629e-01   1.2269e+02   9.0827e+00   0.0000e+00   1.0848e-02   3.1580e+02
20251206_06:00:00   6.3095e-01   1.2613e+02   9.3986e+00   0.0000e+00   9.6257e-05   3.1317e+02
20251206_07:00:00   6.4314e-01   1.2778e+02   9.5255e+00   0.0000e+00   7.3677e-05   3.0926e+02
20251206_08:00:00   6.1843e-01   1.2447e+02   9.1018e+00   0.0000e+00   5.8479e-05   3.0622e+02
20251206_09:00:00   6.1769e-01   1.2437e+02   9.0879e+00   0.0000e+00   1.7899e-04   3.0449e+02
20251206_10:00:00   6.0229e-01   1.2224e+02   8.7950e+00   0.0000e+00   3.7962e-04   3.0227e+02
20251206_11:00:00   5.7311e-01   1.1817e+02   8.2522e+00   0.0000e+00   4.4958e-04   3.0047e+02
20251206_12:00:00   5.6130e-01   1.1652e+02   8.0945e+00   0.0000e+00   4.5561e-04   3.0072e+02
20251206_13:00:00   5.3110e-01   1.1208e+02   7.6471e+00   0.0000e+00   3.8537e-04   3.0279e+02
20251206_14:00:00   5.1743e-01   1.0990e+02   7.4512e+00   0.0000e+00   5.1284e-05   3.0519e+02
20251206_15:00:00   4.9646e-01   1.0672e+02   7.1301e+00   0.0000e+00   2.1962e-05   3.0887e+02
20251206_16:00:00   4.9150e-01   1.0589e+02   7.0903e+00   0.0000e+00   5.7178e-05   3.1081e+02
20251206_17:00:00   4.8680e-01   1.0509e+02   7.0288e+00   0.0000e+00   1.4689e-03   3.1326e+02
20251206_18:00:00   4.9719e-01   1.0669e+02   7.2815e+00   0.0000e+00   6.0220e-03   3.1329e+02
20251206_21:00:00   5.3809e-01   1.1285e+02   8.1053e+00   0.0000e+00   8.8784e-02   3.1689e+02
20251207_00:00:00   6.4447e-01   1.2775e+02   9.7960e+00   0.0000e+00   2.8091e-01   3.2181e+02
20251207_03:00:00   7.2536e-01   1.3816e+02   1.0705e+01   0.0000e+00   4.1685e-01   3.2908e+02
20251207_06:00:00   7.2941e-01   1.3856e+02   1.0546e+01   0.0000e+00   5.2521e-01   3.3417e+02
20251207_09:00:00   6.7648e-01   1.3156e+02   9.9252e+00   0.0000e+00   9.2482e-02   3.3964e+02
20251207_12:00:00   5.0497e-01   1.0727e+02   7.4106e+00   0.0000e+00   2.8232e-03   3.4002e+02
20251207_15:00:00   3.8142e-01   8.6805e+01   5.5191e+00   0.0000e+00   1.4339e-05   3.3090e+02
20251207_18:00:00   3.8439e-01   8.7324e+01   5.5156e+00   0.0000e+00   1.5362e-05   3.3438e+02
20251207_21:00:00   3.9629e-01   8.9479e+01   5.7827e+00   0.0000e+00   1.0217e-05   3.4593e+02
20251208_00:00:00   3.7433e-01   8.5639e+01   5.4014e+00   0.0000e+00   6.1957e-05   3.5164e+02
20251208_03:00:00   4.1090e-01   9.1832e+01   6.0146e+00   0.0000e+00   4.0143e-03   3.4889e+02
20251208_06:00:00   5.0596e-01   1.0705e+02   7.5971e+00   0.0000e+00   2.7759e-02   3.3641e+02
20251208_09:00:00   5.1786e-01   1.0944e+02   7.6441e+00   0.0000e+00   2.1493e-05   3.3686e+02
20251208_12:00:00   5.2309e-01   1.1097e+02   7.6449e+00   0.0000e+00   2.8583e-03   3.3873e+02
20251208_15:00:00   5.8400e-01   1.2043e+02   8.6703e+00   0.0000e+00   7.6369e-03   3.3593e+02
20251208_18:00:00   7.1788e-01   1.3894e+02   1.0946e+01   0.0000e+00   2.7534e-02   3.3007e+02
20251208_21:00:00   8.6665e-01   1.5699e+02   1.3162e+01   1.0780e-05   2.6644e-01   3.2036e+02
20251209_00:00:00   1.0894e+00   1.8077e+02   1.4567e+01   4.1410e-02   1.8759e-02   3.1807e+02
20251209_03:00:00   7.8124e-01   1.4915e+02   1.1051e+01   8.3885e-03   1.4484e-04   3.3237e+02
20251209_06:00:00   7.4439e-01   1.4472e+02   8.9055e+00   5.7215e-02   2.0021e-04   3.3644e+02
20251209_09:00:00   5.4767e-01   1.1638e+02   8.3312e+00   0.0000e+00   3.1549e-03   3.3636e+02
20251209_12:00:00   5.3419e-01   1.1356e+02   8.4311e+00   0.0000e+00   5.3332e-02   3.4940e+02
20251209_15:00:00   6.5218e-01   1.3014e+02   1.0531e+01   0.0000e+00   1.2731e-01   3.5048e+02
20251209_18:00:00   5.8773e-01   1.2149e+02   9.4338e+00   0.0000e+00   2.7578e-02   3.4732e+02
20251209_21:00:00   6.9357e-01   1.3581e+02   1.1218e+01   0.0000e+00   1.0423e-01   3.3562e+02
20251210_00:00:00   8.9941e-01   1.6067e+02   1.3915e+01   0.0000e+00   5.7307e-01   3.2734e+02
20251210_03:00:00   1.0774e+00   1.7905e+02   1.6260e+01   9.8310e-05   4.1602e-01   3.2856e+02
20251210_06:00:00   1.0350e+00   1.7592e+02   1.6057e+01   3.7120e-05   2.2904e-01   3.1903e+02
20251210_09:00:00   8.3639e-01   1.5568e+02   1.3104e+01   7.2762e-05   3.0999e-03   3.0427e+02
20251210_12:00:00   8.6309e-01   1.5852e+02   1.3385e+01   1.3496e-03   3.9216e-03   2.8951e+02
20251210_15:00:00   8.4934e-01   1.5672e+02   1.2453e+01   1.7103e-02   6.2444e-02   2.9641e+02
20251210_18:00:00   7.0897e-01   1.3947e+02   1.0708e+01   3.1593e-03   1.4919e-02   2.9513e+02
20251210_21:00:00   8.1496e-01   1.5242e+02   1.0379e+01   5.4523e-02   7.3677e-02   2.9643e+02
20251211_00:00:00   8.3487e-01   1.5412e+02   9.1541e+00   9.6664e-02   3.8959e-02   2.9579e+02
20251211_03:00:00   9.5548e-01   1.6653e+02   9.0881e+00   1.5182e-01   1.0215e-02   2.9595e+02
20251211_06:00:00   7.9315e-01   1.4806e+02   9.5064e+00   7.0449e-02   7.6017e-03   2.9675e+02
20251211_09:00:00   7.4336e-01   1.4179e+02   8.7809e+00   6.3740e-02   4.4276e-03   2.9993e+02
20251211_12:00:00   5.9856e-01   1.2204e+02   8.0952e+00   1.6892e-02   1.1188e-02   3.1132e+02
20251211_15:00:00   6.1223e-01   1.2359e+02   8.6837e+00   1.1614e-03   3.9829e-03   3.1016e+02
20251211_18:00:00   7.0771e-01   1.3655e+02   7.8031e+00   6.4234e-02   1.9462e-02   3.1304e+02
20251211_21:00:00   5.3165e-01   1.1155e+02   7.2861e+00   4.8128e-05   1.7996e-02   3.1212e+02
20251212_00:00:00   5.4401e-01   1.1277e+02   7.5176e+00   0.0000e+00   8.3845e-03   3.1542e+02
20251212_03:00:00   4.5741e-01   9.8794e+01   6.3769e+00   0.0000e+00   2.0944e-04   3.1994e+02
20251212_06:00:00   2.5813e-01   6.3491e+01   3.2143e+00   0.0000e+00   9.4240e-06   3.4002e+02
20251212_09:00:00   2.4782e-01   6.1298e+01   3.0662e+00   0.0000e+00   9.3490e-06   3.5984e+02
20251212_12:00:00   2.2953e-01   5.7405e+01   2.8635e+00   0.0000e+00   7.7450e-06   3.6512e+02
20251212_15:00:00   2.4378e-01   6.0252e+01   3.1119e+00   0.0000e+00   8.1650e-06   3.7233e+02
20251212_18:00:00   2.6186e-01   6.4002e+01   3.3926e+00   0.0000e+00   7.9809e-06   3.7570e+02
20251212_21:00:00   2.6066e-01   6.3978e+01   3.3823e+00   0.0000e+00   7.0984e-06   3.6529e+02
20251213_00:00:00   2.4258e-01   6.0349e+01   3.1705e+00   0.0000e+00   1.3667e-03   3.5708e+02
20251213_03:00:00   2.4188e-01   5.9987e+01   3.3294e+00   0.0000e+00   8.3339e-03   3.5389e+02
20251213_06:00:00   2.7790e-01   6.6666e+01   4.1732e+00   0.0000e+00   1.2475e-02   3.3823e+02
20251213_09:00:00   3.5968e-01   8.1756e+01   5.7884e+00   0.0000e+00   5.0931e-02   3.2352e+02
20251213_12:00:00   6.1927e-01   1.2397e+02   9.9824e+00   0.0000e+00   1.3259e-01   3.0695e+02
20251213_15:00:00   7.6388e-01   1.4422e+02   1.2289e+01   2.6020e-07   2.8223e-02   3.0675e+02
20251213_18:00:00   7.8653e-01   1.4830e+02   1.2648e+01   0.0000e+00   3.3497e-03   3.0045e+02
20251213_21:00:00   8.4747e-01   1.5656e+02   1.3733e+01   0.0000e+00   8.5664e-03   2.9351e+02
20251214_00:00:00   8.8968e-01   1.6199e+02   1.4545e+01   0.0000e+00   1.8069e-04   2.8812e+02
20251214_03:00:00   9.2224e-01   1.6655e+02   1.5087e+01   0.0000e+00   4.3268e-03   2.9537e+02
20251214_06:00:00   7.8034e-01   1.5099e+02   1.3065e+01   0.0000e+00   2.4284e-04   2.9147e+02
20251214_09:00:00   6.3005e-01   1.3129e+02   1.0627e+01   0.0000e+00   8.7620e-07   2.9029e+02
20251214_12:00:00   6.9083e-01   1.3949e+02   1.2157e+01   0.0000e+00   1.3393e-04   2.8640e+02
20251214_15:00:00   7.3579e-01   1.4522e+02   1.2938e+01   0.0000e+00   8.2449e-02   2.8810e+02
20251214_18:00:00   6.8394e-01   1.3886e+02   1.1599e+01   0.0000e+00   1.0408e-02   2.8678e+02
20251214_21:00:00   7.8116e-01   1.5153e+02   1.2633e+01   0.0000e+00   6.0004e-03   2.8685e+02
20251215_00:00:00   2.0125e+00   2.3681e+02   1.4904e+01   4.3697e-01   1.1910e-02   2.9027e+02
20251215_03:00:00   6.9865e-01   1.3604e+02   1.1688e+01   0.0000e+00   1.5822e-01   2.9388e+02
20251215_06:00:00   5.2774e-01   1.1038e+02   8.9501e+00   0.0000e+00   1.0702e-01   2.9683e+02
20251215_09:00:00   4.7064e-01   1.0099e+02   7.8421e+00   0.0000e+00   5.7580e-02   3.0377e+02
20251215_12:00:00   4.7357e-01   1.0127e+02   7.6659e+00   0.0000e+00   5.0273e-02   3.1932e+02
20251215_15:00:00   4.5594e-01   9.8229e+01   7.2404e+00   0.0000e+00   9.8985e-02   3.3628e+02
20251215_18:00:00   5.0123e-01   1.0505e+02   8.0374e+00   0.0000e+00   4.6314e-01   3.3690e+02
20251215_21:00:00   5.3993e-01   1.1043e+02   8.4527e+00   0.0000e+00   4.8240e-01   3.2889e+02
20251216_00:00:00   5.0062e-01   1.0397e+02   7.7185e+00   0.0000e+00   5.8853e-01   3.1749e+02
20251216_03:00:00   3.9990e-01   8.7491e+01   6.2473e+00   0.0000e+00   1.7735e-01   3.2742e+02
20251216_06:00:00   3.7795e-01   8.3289e+01   5.6468e+00   0.0000e+00   4.6942e-01   3.3750e+02
20251216_09:00:00   3.2139e-01   7.2959e+01   4.6195e+00   0.0000e+00   2.9008e-01   3.5166e+02
20251216_12:00:00   1.8267e-01   4.6143e+01   2.3636e+00   0.0000e+00   4.9426e-03   3.6113e+02
20251216_15:00:00   1.2877e-01   3.4911e+01   1.3289e+00   0.0000e+00   0.0000e+00   3.6037e+02
20251216_18:00:00   1.3283e-01   3.5884e+01   1.4494e+00   0.0000e+00   0.0000e+00   3.4730e+02
20251216_21:00:00   1.4529e-01   3.8710e+01   1.6551e+00   0.0000e+00   0.0000e+00   3.3808e+02
20251217_00:00:00   1.5709e-01   4.1393e+01   1.8168e+00   0.0000e+00   0.0000e+00   3.3519e+02
20251217_03:00:00   1.5224e-01   4.0473e+01   1.7463e+00   0.0000e+00   0.0000e+00   3.3874e+02
20251217_06:00:00   1.6800e-01   4.4035e+01   1.9283e+00   0.0000e+00   0.0000e+00   3.4901e+02
20251217_09:00:00   1.5703e-01   4.1729e+01   1.7752e+00   0.0000e+00   0.0000e+00   3.5441e+02
20251217_12:00:00   1.4408e-01   3.8811e+01   1.6858e+00   0.0000e+00   0.0000e+00   3.4515e+02
20251217_15:00:00   1.4960e-01   3.9995e+01   1.9101e+00   0.0000e+00   0.0000e+00   3.4989e+02
20251217_18:00:00   1.6023e-01   4.2295e+01   2.1833e+00   0.0000e+00   8.5061e-06   3.4494e+02
