#            date       tau255        Tb[K]      pwv[mm] lwp[kg*m^-2] iwp[kg*m^-2]       o3[DU]
20251208_12:00:00   4.4704e-01   9.6619e+01   6.6031e+00   0.0000e+00   1.7507e-02   3.4347e+02
20251208_13:00:00   4.6134e-01   9.9113e+01   6.7467e+00   0.0000e+00   2.2455e-02   3.5503e+02
20251208_14:00:00   4.5130e-01   9.7859e+01   6.4462e+00   0.0000e+00   1.1687e-02   3.5252e+02
20251208_15:00:00   4.4361e-01   9.6815e+01   6.2790e+00   0.0000e+00   7.8886e-03   3.4965e+02
20251208_16:00:00   4.2906e-01   9.4654e+01   6.0244e+00   0.0000e+00   1.8680e-03   3.4443e+02
20251208_17:00:00   4.2508e-01   9.4162e+01   5.9154e+00   0.0000e+00   3.3556e-03   3.4370e+02
20251208_18:00:00   4.3833e-01   9.6507e+01   6.0955e+00   0.0000e+00   5.4479e-03   3.5130e+02
20251208_19:00:00   4.5944e-01   1.0015e+02   6.4766e+00   0.0000e+00   1.9582e-03   3.5989e+02
20251208_20:00:00   4.4227e-01   9.7478e+01   6.3174e+00   0.0000e+00   4.3327e-03   3.6526e+02
20251208_21:00:00   4.7205e-01   1.0246e+02   6.9119e+00   0.0000e+00   4.0333e-03   3.6288e+02
20251208_22:00:00   4.9700e-01   1.0679e+02   7.2892e+00   0.0000e+00   5.5203e-03   3.5533e+02
20251208_23:00:00   4.9543e-01   1.0670e+02   7.2858e+00   0.0000e+00   4.9464e-03   3.5354e+02
20251209_00:00:00   5.2218e-01   1.1094e+02   7.8058e+00   0.0000e+00   1.0946e-02   3.4723e+02
20251209_01:00:00   6.5382e-01   1.2967e+02   9.9393e+00   0.0000e+00   4.1759e-02   3.5517e+02
20251209_02:00:00   7.0335e-01   1.3639e+02   1.0475e+01   0.0000e+00   1.7031e-01   3.6293e+02
20251209_03:00:00   6.9163e-01   1.3520e+02   1.0330e+01   0.0000e+00   6.0217e-02   3.6537e+02
20251209_04:00:00   7.1916e-01   1.3911e+02   1.0681e+01   0.0000e+00   2.5808e-02   3.6677e+02
20251209_05:00:00   7.1195e-01   1.3865e+02   1.0564e+01   0.0000e+00   2.8703e-02   3.8012e+02
20251209_06:00:00   7.4796e-01   1.4352e+02   1.1087e+01   0.0000e+00   4.0456e-02   3.8659e+02
20251209_07:00:00   7.3231e-01   1.4199e+02   1.0821e+01   0.0000e+00   2.5312e-02   3.9621e+02
20251209_08:00:00   7.3506e-01   1.4273e+02   1.0855e+01   0.0000e+00   1.9464e-02   3.9824e+02
20251209_09:00:00   6.3000e-01   1.2899e+02   9.3039e+00   0.0000e+00   8.3810e-03   4.0101e+02
20251209_10:00:00   5.5687e-01   1.1842e+02   8.1750e+00   0.0000e+00   1.6764e-04   3.9101e+02
20251209_11:00:00   4.7691e-01   1.0585e+02   6.9726e+00   0.0000e+00   2.5839e-03   3.7849e+02
20251209_12:00:00   4.5584e-01   1.0217e+02   6.6797e+00   0.0000e+00   6.9479e-03   3.7288e+02
20251209_13:00:00   4.4164e-01   9.9558e+01   6.5477e+00   0.0000e+00   1.9072e-02   3.6577e+02
20251209_14:00:00   4.5135e-01   1.0083e+02   6.8816e+00   0.0000e+00   7.6749e-02   3.5769e+02
20251209_15:00:00   5.1510e-01   1.1075e+02   8.1404e+00   0.0000e+00   6.2060e-02   3.5281e+02
20251209_16:00:00   6.1154e-01   1.2529e+02   9.8557e+00   0.0000e+00   9.3954e-02   3.5192e+02
20251209_17:00:00   7.4551e-01   1.4350e+02   1.1985e+01   0.0000e+00   8.8236e-02   3.4800e+02
20251209_18:00:00   9.6926e-01   1.6949e+02   1.3615e+01   4.4880e-02   1.4677e-01   3.4371e+02
20251209_19:00:00   1.2401e+00   1.9426e+02   1.4616e+01   1.2591e-01   3.6813e-01   3.4330e+02
20251209_20:00:00   9.6296e-01   1.6888e+02   1.5006e+01   3.6376e-03   4.7479e-01   3.4346e+02
20251209_21:00:00   1.0232e+00   1.7496e+02   1.5857e+01   3.7179e-03   5.2563e-01   3.4554e+02
20251209_22:00:00   1.0455e+00   1.7740e+02   1.6354e+01   2.0250e-03   4.0358e-01   3.3866e+02
20251209_23:00:00   1.0336e+00   1.7626e+02   1.6160e+01   5.4460e-03   1.6134e-01   3.3459e+02
20251210_00:00:00   1.0999e+00   1.8248e+02   1.6871e+01   6.1704e-03   3.1645e-01   3.3299e+02
20251210_01:00:00   3.4804e+00   2.6554e+02   1.8495e+01   9.3434e-01   2.2775e-01   3.3605e+02
20251210_02:00:00   3.2852e+00   2.6476e+02   1.8531e+01   8.4520e-01   2.1484e-01   3.3568e+02
20251210_03:00:00   2.7321e+00   2.5728e+02   1.8293e+01   6.1957e-01   3.7430e-02   3.3973e+02
20251210_04:00:00   3.9458e+00   2.6954e+02   1.8177e+01   1.1380e+00   5.3041e-01   3.4723e+02
20251210_05:00:00   2.8829e+00   2.5941e+02   1.7611e+01   6.8929e-01   3.6087e-01   3.5196e+02
20251210_06:00:00   3.0664e+00   2.6198e+02   1.6719e+01   7.8729e-01   1.5900e-01   3.5901e+02
20251210_07:00:00   2.7728e+00   2.5819e+02   1.4587e+01   7.1712e-01   2.3895e-03   3.5199e+02
20251210_08:00:00   2.5195e+00   2.5070e+02   1.2502e+01   6.9167e-01   2.1837e-02   3.5387e+02
20251210_09:00:00   1.6102e+00   2.1748e+02   1.0605e+01   3.6814e-01   1.1325e-02   3.4188e+02
20251210_10:00:00   8.9272e-01   1.6050e+02   9.9532e+00   8.7766e-02   1.2351e-02   3.4367e+02
20251210_11:00:00   6.7749e-01   1.3357e+02   9.3842e+00   1.2719e-02   6.3463e-03   3.3904e+02
20251210_12:00:00   6.7280e-01   1.3255e+02   9.2611e+00   1.3029e-02   5.8237e-03   3.3967e+02
20251210_13:00:00   7.0537e-01   1.3622e+02   1.0271e+01   1.4975e-03   5.8136e-02   3.4908e+02
20251210_14:00:00   6.8817e-01   1.3399e+02   1.0061e+01   8.3880e-06   2.9982e-02   3.3823e+02
20251210_15:00:00   6.7083e-01   1.3171e+02   9.5604e+00   7.1958e-03   2.6771e-03   3.2448e+02
20251210_16:00:00   6.1719e-01   1.2442e+02   9.0902e+00   0.0000e+00   5.0850e-04   3.2718e+02
20251210_17:00:00   5.7767e-01   1.1878e+02   8.4825e+00   0.0000e+00   3.3913e-04   3.2101e+02
20251210_18:00:00   5.5597e-01   1.1570e+02   8.0962e+00   1.1708e-04   3.7348e-04   3.1905e+02
20251210_19:00:00   5.8580e-01   1.1992e+02   8.4276e+00   3.3930e-03   6.6602e-04   3.1799e+02
20251210_20:00:00   6.4060e-01   1.2756e+02   8.4824e+00   2.4044e-02   2.0646e-03   3.0644e+02
20251210_21:00:00   6.0992e-01   1.2330e+02   8.1302e+00   1.8693e-02   4.1019e-03   3.0254e+02
20251210_22:00:00   5.9485e-01   1.2103e+02   7.7930e+00   2.0634e-02   6.2853e-03   3.0492e+02
20251210_23:00:00   5.5081e-01   1.1447e+02   7.3901e+00   1.2113e-02   3.6547e-03   3.1476e+02
20251211_00:00:00   5.1428e-01   1.0878e+02   7.1076e+00   3.1250e-03   6.1449e-03   3.1319e+02
20251211_01:00:00   4.7269e-01   1.0214e+02   6.5836e+00   4.0510e-04   2.6139e-03   3.1298e+02
20251211_02:00:00   4.3394e-01   9.5663e+01   6.0639e+00   0.0000e+00   9.6695e-04   3.0909e+02
20251211_03:00:00   4.0540e-01   9.0740e+01   5.6999e+00   0.0000e+00   1.3336e-04   3.0609e+02
20251211_04:00:00   3.8870e-01   8.7740e+01   5.4907e+00   0.0000e+00   1.2468e-03   3.0356e+02
20251211_05:00:00   3.8214e-01   8.6411e+01   5.4899e+00   0.0000e+00   8.4575e-03   3.0174e+02
20251211_06:00:00   3.7023e-01   8.4136e+01   5.3807e+00   0.0000e+00   2.8171e-02   3.0439e+02
20251211_07:00:00   3.7032e-01   8.3971e+01   5.5027e+00   0.0000e+00   1.2925e-02   3.0398e+02
20251211_08:00:00   3.5871e-01   8.1894e+01   5.3940e+00   0.0000e+00   2.0815e-02   3.0466e+02
20251211_09:00:00   3.6413e-01   8.2787e+01   5.5458e+00   0.0000e+00   4.2139e-02   3.0489e+02
20251211_10:00:00   3.7437e-01   8.4583e+01   5.7789e+00   0.0000e+00   1.7386e-02   3.0561e+02
20251211_11:00:00   4.0342e-01   8.9678e+01   6.3156e+00   0.0000e+00   2.6925e-02   3.0906e+02
20251211_12:00:00   4.5994e-01   9.9045e+01   7.3745e+00   0.0000e+00   2.9195e-02   3.1063e+02
20251211_13:00:00   5.0410e-01   1.0606e+02   8.0995e+00   0.0000e+00   3.7383e-02   3.1437e+02
20251211_14:00:00   5.2076e-01   1.0886e+02   8.3560e+00   0.0000e+00   1.4255e-02   3.1505e+02
20251211_15:00:00   5.4731e-01   1.1309e+02   8.7728e+00   0.0000e+00   2.8934e-02   3.1252e+02
20251211_16:00:00   5.8850e-01   1.1921e+02   9.4260e+00   0.0000e+00   5.0117e-02   3.1230e+02
20251211_17:00:00   6.4413e-01   1.2717e+02   1.0290e+01   0.0000e+00   2.1253e-02   3.0879e+02
20251211_18:00:00   7.1533e-01   1.3646e+02   1.1213e+01   0.0000e+00   1.8343e-01   3.0859e+02
20251211_19:00:00   7.5608e-01   1.4170e+02   1.1787e+01   0.0000e+00   8.2421e-02   3.1283e+02
20251211_20:00:00   7.6252e-01   1.4241e+02   1.1806e+01   3.0860e-04   2.1404e-01   3.1460e+02
20251211_21:00:00   7.7701e-01   1.4442e+02   1.2021e+01   0.0000e+00   2.0123e-01   3.1695e+02
20251211_22:00:00   7.8482e-01   1.4531e+02   1.2125e+01   0.0000e+00   2.1126e-01   3.1943e+02
20251211_23:00:00   7.4058e-01   1.3993e+02   1.1339e+01   0.0000e+00   2.0613e-01   3.1662e+02
20251212_00:00:00   6.4105e-01   1.2705e+02   9.6852e+00   0.0000e+00   3.1503e-02   3.1538e+02
20251212_01:00:00   5.7222e-01   1.1723e+02   8.6008e+00   0.0000e+00   2.8773e-02   3.1731e+02
20251212_02:00:00   4.9897e-01   1.0618e+02   7.4475e+00   0.0000e+00   2.8128e-02   3.1580e+02
20251212_03:00:00   4.5359e-01   9.8804e+01   6.7986e+00   0.0000e+00   3.1855e-02   3.1642e+02
20251212_04:00:00   3.9702e-01   8.9321e+01   5.9399e+00   0.0000e+00   1.0358e-03   3.1749e+02
20251212_05:00:00   3.6030e-01   8.2907e+01   5.3480e+00   0.0000e+00   7.7309e-04   3.1734e+02
20251212_06:00:00   3.6381e-01   8.3409e+01   5.4290e+00   0.0000e+00   1.3304e-02   3.2098e+02
20251212_07:00:00   3.7308e-01   8.4958e+01   5.5935e+00   0.0000e+00   5.9069e-02   3.2154e+02
20251212_08:00:00   3.7247e-01   8.4812e+01   5.6109e+00   0.0000e+00   3.8084e-02   3.1760e+02
20251212_09:00:00   3.8950e-01   8.7752e+01   5.9425e+00   0.0000e+00   4.1683e-02   3.1914e+02
20251212_10:00:00   3.9849e-01   8.9243e+01   6.1046e+00   0.0000e+00   5.6473e-02   3.2662e+02
20251212_11:00:00   4.3690e-01   9.5624e+01   6.6738e+00   0.0000e+00   3.3801e-01   3.3534e+02
20251212_12:00:00   4.8124e-01   1.0275e+02   7.3830e+00   0.0000e+00   2.8745e-01   3.4938e+02
20251212_13:00:00   5.0669e-01   1.0691e+02   7.6977e+00   0.0000e+00   1.7303e-01   3.4770e+02
20251212_14:00:00   5.0535e-01   1.0687e+02   7.6292e+00   0.0000e+00   5.9259e-02   3.4799e+02
20251212_15:00:00   5.2953e-01   1.1063e+02   7.9037e+00   0.0000e+00   8.8739e-02   3.5144e+02
20251212_16:00:00   5.8516e-01   1.1889e+02   8.5725e+00   0.0000e+00   1.3154e-01   3.5363e+02
20251212_17:00:00   6.2061e-01   1.2373e+02   8.9648e+00   3.5600e-05   9.9028e-02   3.4949e+02
20251212_18:00:00   6.0795e-01   1.2196e+02   8.6694e+00   3.0919e-03   4.2678e-02   3.4721e+02
20251212_19:00:00   5.9652e-01   1.2034e+02   8.0613e+00   1.6753e-02   1.7740e-02   3.4284e+02
20251212_20:00:00   5.6142e-01   1.1527e+02   7.3293e+00   2.4128e-02   1.1633e-02   3.4666e+02
20251212_21:00:00   4.6192e-01   9.9710e+01   6.5376e+00   3.8640e-03   6.0649e-03   3.4421e+02
20251212_22:00:00   3.8897e-01   8.7226e+01   5.6444e+00   0.0000e+00   2.5660e-03   3.4068e+02
20251212_23:00:00   3.5598e-01   8.1054e+01   5.3384e+00   0.0000e+00   1.4612e-03   3.3704e+02
20251213_00:00:00   3.3893e-01   7.7849e+01   5.1814e+00   0.0000e+00   1.1074e-03   3.3201e+02
20251213_01:00:00   3.4340e-01   7.8521e+01   5.3721e+00   0.0000e+00   8.2448e-03   3.2535e+02
20251213_02:00:00   3.4878e-01   7.9449e+01   5.5522e+00   0.0000e+00   7.0025e-03   3.2478e+02
20251213_03:00:00   3.7351e-01   8.3817e+01   6.0888e+00   0.0000e+00   4.0420e-03   3.2021e+02
20251213_04:00:00   4.1482e-01   9.0904e+01   6.8512e+00   0.0000e+00   1.8253e-02   3.1847e+02
20251213_05:00:00   4.5216e-01   9.7295e+01   7.4598e+00   0.0000e+00   5.4452e-03   3.1698e+02
20251213_06:00:00   5.0108e-01   1.0504e+02   8.2910e+00   0.0000e+00   8.2975e-02   3.1403e+02
20251213_07:00:00   5.4429e-01   1.1174e+02   8.9307e+00   0.0000e+00   1.8966e-01   3.1173e+02
20251213_08:00:00   5.7678e-01   1.1658e+02   9.3472e+00   0.0000e+00   4.5076e-01   3.1259e+02
20251213_09:00:00   6.2773e-01   1.2383e+02   1.0077e+01   0.0000e+00   4.8373e-01   3.0950e+02
20251213_10:00:00   6.7944e-01   1.3078e+02   1.0760e+01   0.0000e+00   5.5466e-01   3.0515e+02
20251213_11:00:00   7.2970e-01   1.3724e+02   1.1426e+01   0.0000e+00   6.5776e-01   3.0651e+02
20251213_12:00:00   7.3966e-01   1.3842e+02   1.1539e+01   0.0000e+00   6.8955e-01   3.1106e+02
20251213_15:00:00   7.1398e-01   1.3507e+02   1.1130e+01   0.0000e+00   5.5356e-01   3.1780e+02
20251213_18:00:00   6.8741e-01   1.3159e+02   1.0553e+01   0.0000e+00   6.2751e-01   3.2508e+02
20251213_21:00:00   5.2495e-01   1.0891e+02   7.8093e+00   4.3754e-05   4.2095e-02   3.2576e+02
20251214_00:00:00   3.4732e-01   7.9484e+01   4.7568e+00   0.0000e+00   2.5628e-05   3.2939e+02
20251214_03:00:00   2.5305e-01   6.1388e+01   3.3630e+00   0.0000e+00   9.8930e-06   3.3552e+02
20251214_06:00:00   1.7033e-01   4.4235e+01   2.0970e+00   0.0000e+00   7.5139e-06   3.4130e+02
20251214_09:00:00   1.5397e-01   4.0637e+01   1.8559e+00   0.0000e+00   6.1600e-08   3.3089e+02
20251214_12:00:00   1.5999e-01   4.1920e+01   2.0197e+00   0.0000e+00   3.5699e-06   3.1641e+02
20251214_15:00:00   1.7229e-01   4.4516e+01   2.4309e+00   0.0000e+00   2.5499e-06   3.1685e+02
20251214_18:00:00   1.8528e-01   4.7635e+01   2.6441e+00   0.0000e+00   2.5499e-06   2.9123e+02
20251214_21:00:00   2.4526e-01   6.0046e+01   3.9217e+00   0.0000e+00   3.3739e-05   2.8418e+02
20251215_00:00:00   2.7783e-01   6.6800e+01   4.5948e+00   0.0000e+00   5.7860e-07   2.8163e+02
20251215_03:00:00   3.6813e-01   8.3907e+01   6.2450e+00   0.0000e+00   9.6933e-03   2.8390e+02
20251215_06:00:00   4.4133e-01   9.6934e+01   7.4305e+00   0.0000e+00   3.6399e-03   2.7763e+02
20251215_09:00:00   4.5425e-01   9.9369e+01   7.5938e+00   0.0000e+00   9.6442e-03   2.7091e+02
20251215_12:00:00   4.5651e-01   1.0001e+02   7.6096e+00   0.0000e+00   1.7535e-02   2.7217e+02
20251215_15:00:00   5.1683e-01   1.0954e+02   8.6366e+00   0.0000e+00   3.7895e-02   2.7358e+02
20251215_18:00:00   6.4256e-01   1.2807e+02   1.0671e+01   0.0000e+00   1.4364e-02   2.8220e+02
20251215_21:00:00   4.5917e-01   1.0165e+02   6.7498e+00   0.0000e+00   0.0000e+00   2.9384e+02
20251216_00:00:00   3.7064e-01   8.6366e+01   5.3706e+00   0.0000e+00   0.0000e+00   2.9223e+02
20251216_03:00:00   3.5191e-01   8.2867e+01   4.9806e+00   0.0000e+00   4.4277e-05   2.9730e+02
20251216_06:00:00   3.1895e-01   7.6163e+01   4.3927e+00   0.0000e+00   6.2541e-04   3.0555e+02
20251216_09:00:00   2.8681e-01   6.9630e+01   3.9543e+00   0.0000e+00   2.1347e-05   3.0527e+02
20251216_12:00:00   2.6491e-01   6.5358e+01   3.6262e+00   0.0000e+00   9.1350e-06   3.0843e+02
20251216_15:00:00   2.5269e-01   6.2965e+01   3.5842e+00   0.0000e+00   6.8984e-06   3.0566e+02
20251216_18:00:00   2.5255e-01   6.2931e+01   3.6561e+00   0.0000e+00   6.1231e-05   3.0196e+02
20251216_21:00:00   2.5131e-01   6.2999e+01   3.7029e+00   0.0000e+00   4.8310e-06   2.9324e+02
20251217_00:00:00   2.5042e-01   6.2739e+01   3.8722e+00   0.0000e+00   3.8532e-06   2.8539e+02
20251217_03:00:00   2.3859e-01   6.0345e+01   3.6723e+00   0.0000e+00   7.0978e-04   2.8472e+02
20251217_06:00:00   2.2942e-01   5.8673e+01   3.4905e+00   0.0000e+00   2.9131e-04   2.8466e+02
20251217_09:00:00   1.8816e-01   5.0242e+01   2.7037e+00   0.0000e+00   1.0493e-06   2.8469e+02
20251217_12:00:00   2.1096e-01   5.5572e+01   3.1891e+00   0.0000e+00   1.8142e-03   2.8997e+02
20251217_15:00:00   4.1805e-01   9.6540e+01   6.9983e+00   0.0000e+00   2.8535e-02   2.9356e+02
20251217_18:00:00   5.4936e-01   1.1856e+02   9.3935e+00   0.0000e+00   0.0000e+00   2.9418e+02
20251217_21:00:00   5.8815e-01   1.2489e+02   9.5802e+00   0.0000e+00   9.1860e-05   2.9803e+02
20251218_00:00:00   6.1412e-01   1.2873e+02   9.9278e+00   0.0000e+00   2.0993e-03   2.9456e+02
20251218_03:00:00   6.7929e-01   1.3817e+02   1.0890e+01   0.0000e+00   3.5773e-02   3.0147e+02
20251218_06:00:00   7.7292e-01   1.4964e+02   1.2653e+01   0.0000e+00   6.4475e-02   3.0653e+02
20251218_09:00:00   7.2119e-01   1.4387e+02   1.1472e+01   0.0000e+00   0.0000e+00   3.1535e+02
20251218_12:00:00   7.1816e-01   1.4331e+02   1.1398e+01   0.0000e+00   9.8944e-03   3.1783e+02
20251218_15:00:00   7.0911e-01   1.4167e+02   1.1592e+01   0.0000e+00   6.1386e-03   3.1168e+02
20251218_18:00:00   7.0738e-01   1.4174e+02   1.1049e+01   9.0450e-03   9.6608e-03   3.1070e+02
20251218_21:00:00   8.2744e-01   1.5695e+02   1.2633e+01   2.3008e-02   1.4314e-02   3.0702e+02
20251219_00:00:00   7.7057e-01   1.4989e+02   1.2655e+01   2.0861e-04   5.5448e-02   3.0891e+02
20251219_03:00:00   7.9119e-01   1.5191e+02   1.2964e+01   0.0000e+00   2.0778e-03   3.1284e+02
20251219_06:00:00   7.4774e-01   1.4618e+02   1.2425e+01   0.0000e+00   1.6849e-03   3.0955e+02
20251219_09:00:00   7.4113e-01   1.4517e+02   1.2146e+01   0.0000e+00   2.9613e-03   3.0727e+02
20251219_12:00:00   8.5690e-01   1.5818e+02   1.3813e+01   0.0000e+00   1.7314e-03   3.1308e+02
20251219_15:00:00   7.9018e-01   1.4882e+02   1.2682e+01   0.0000e+00   6.4227e-02   3.1141e+02
20251219_18:00:00   6.8016e-01   1.3327e+02   1.1331e+01   0.0000e+00   1.8170e-01   3.1429e+02
20251219_21:00:00   6.6661e-01   1.3137e+02   1.1228e+01   0.0000e+00   1.3279e-02   3.1363e+02
20251220_00:00:00   7.1386e-01   1.3753e+02   1.1856e+01   0.0000e+00   2.7345e-02   3.1806e+02
20251220_03:00:00   7.1549e-01   1.3798e+02   1.1933e+01   0.0000e+00   2.6210e-03   3.0385e+02
20251220_06:00:00   7.6377e-01   1.4413e+02   1.2977e+01   0.0000e+00   7.8570e-03   3.1469e+02
20251220_09:00:00   7.5106e-01   1.4276e+02   1.2796e+01   0.0000e+00   4.3377e-03   3.1826e+02
20251220_12:00:00   7.9383e-01   1.4816e+02   1.3353e+01   0.0000e+00   2.0422e-02   3.0956e+02
20251220_15:00:00   9.2270e-01   1.6281e+02   1.4897e+01   7.3580e-03   5.4867e-02   2.9937e+02
20251220_18:00:00   1.4857e+00   2.0878e+02   1.4897e+01   2.4022e-01   2.8918e-02   2.8709e+02
20251220_21:00:00   1.8856e+00   2.2914e+02   1.5552e+01   3.8784e-01   1.8856e-02   2.8362e+02
20251221_00:00:00   1.7246e+00   2.2155e+02   1.4651e+01   3.3986e-01   9.7108e-03   2.7419e+02
20251221_03:00:00   1.3313e+00   1.9859e+02   1.3758e+01   1.9225e-01   1.4583e-02   2.7670e+02
20251221_06:00:00   8.3831e-01   1.5383e+02   1.3185e+01   1.8264e-04   3.3008e-03   2.7771e+02
20251221_09:00:00   7.6412e-01   1.4504e+02   1.2241e+01   0.0000e+00   4.9277e-03   2.7881e+02
20251221_12:00:00   7.4493e-01   1.4264e+02   1.1965e+01   0.0000e+00   6.0086e-03   2.7882e+02
20251221_15:00:00   8.3731e-01   1.5348e+02   1.3436e+01   0.0000e+00   1.7328e-02   2.8768e+02
20251221_18:00:00   1.0884e+00   1.7866e+02   1.6481e+01   9.8220e-03   4.6129e-01   2.9806e+02
20251221_21:00:00   9.8768e-01   1.6971e+02   1.5469e+01   2.3361e-03   8.0486e-02   3.0621e+02
20251222_00:00:00   1.0225e+00   1.7343e+02   1.5668e+01   6.9260e-03   8.0468e-02   3.0854e+02
20251222_03:00:00   1.0737e+00   1.7821e+02   1.6225e+01   3.8423e-03   1.8212e-01   3.1537e+02
20251222_06:00:00   1.0473e+00   1.7597e+02   1.4574e+01   4.4000e-02   2.9933e-03   3.1872e+02
20251222_09:00:00   1.4282e+00   2.0596e+02   1.3992e+01   2.2006e-01   1.0206e-01   3.1995e+02
20251222_12:00:00   1.3847e+00   2.0315e+02   1.5689e+01   1.5192e-01   2.2967e-01   3.3028e+02
20251222_15:00:00   1.1233e+00   1.8367e+02   1.5679e+01   3.5794e-02   2.1970e-01   3.3473e+02
20251222_18:00:00   1.0132e+00   1.7434e+02   1.5135e+01   5.9170e-03   1.7759e-02   3.3763e+02
20251222_21:00:00   1.0461e+00   1.7714e+02   1.4353e+01   3.2559e-02   3.6724e-02   3.4686e+02
20251223_00:00:00   7.4498e-01   1.4181e+02   1.1060e+01   0.0000e+00   8.3847e-02   3.9222e+02
20251223_03:00:00   2.6408e-01   6.3687e+01   3.5836e+00   0.0000e+00   1.1125e-03   3.9758e+02
20251223_06:00:00   2.2267e-01   5.4575e+01   2.8295e+00   0.0000e+00   1.7387e-03   4.2459e+02
20251223_09:00:00   2.4770e-01   5.9286e+01   3.2108e+00   0.0000e+00   2.3751e-03   4.3329e+02
20251223_12:00:00   2.6698e-01   6.3004e+01   3.4822e+00   0.0000e+00   3.4372e-03   4.0827e+02
20251223_15:00:00   2.4133e-01   5.8171e+01   3.0695e+00   0.0000e+00   7.4808e-04   3.4732e+02
20251223_18:00:00   1.9752e-01   4.9409e+01   2.4184e+00   0.0000e+00   2.2640e-04   3.3261e+02
20251223_21:00:00   1.2678e-01   3.4317e+01   1.4000e+00   0.0000e+00   7.6670e-07   3.2865e+02
20251224_00:00:00   1.2093e-01   3.2962e+01   1.3113e+00   0.0000e+00   8.5570e-07   3.3047e+02
20251224_03:00:00   1.2619e-01   3.4056e+01   1.3832e+00   0.0000e+00   0.0000e+00   3.5104e+02
20251224_06:00:00   1.2975e-01   3.4739e+01   1.4317e+00   0.0000e+00   0.0000e+00   3.7905e+02
20251224_09:00:00   1.4280e-01   3.7508e+01   1.6402e+00   0.0000e+00   0.0000e+00   3.6919e+02
20251224_12:00:00   1.5838e-01   4.0867e+01   1.8269e+00   0.0000e+00   0.0000e+00   3.8639e+02
