#            date       tau255        Tb[K]      pwv[mm] lwp[kg*m^-2] iwp[kg*m^-2]       o3[DU]
20251212_00:00:00   8.4075e-01   1.5221e+02   1.2675e+01   0.0000e+00   5.3935e-01   2.9439e+02
20251212_01:00:00   8.2332e-01   1.5015e+02   1.2353e+01   0.0000e+00   5.4432e-01   2.9834e+02
20251212_02:00:00   7.9558e-01   1.4710e+02   1.1907e+01   0.0000e+00   3.1021e-01   3.0354e+02
20251212_03:00:00   7.4829e-01   1.4148e+02   1.1274e+01   5.2020e-07   4.0754e-02   3.0826e+02
20251212_04:00:00   7.5545e-01   1.4209e+02   1.1089e+01   7.0161e-03   9.4303e-02   3.1377e+02
20251212_05:00:00   6.7164e-01   1.3176e+02   9.8295e+00   0.0000e+00   9.7897e-03   3.1948e+02
20251212_06:00:00   5.8508e-01   1.2015e+02   8.2861e+00   0.0000e+00   9.4134e-04   3.2168e+02
20251212_07:00:00   5.2956e-01   1.1211e+02   7.3783e+00   0.0000e+00   2.3297e-05   3.2412e+02
20251212_08:00:00   5.1204e-01   1.0942e+02   7.1305e+00   0.0000e+00   6.1339e-05   3.1947e+02
20251212_09:00:00   5.0066e-01   1.0750e+02   6.9731e+00   0.0000e+00   3.2274e-05   3.1800e+02
20251212_10:00:00   4.6736e-01   1.0228e+02   6.4933e+00   0.0000e+00   2.2032e-05   3.2128e+02
20251212_11:00:00   4.5420e-01   1.0008e+02   6.3129e+00   0.0000e+00   1.9786e-04   3.2878e+02
20251212_12:00:00   4.5624e-01   1.0023e+02   6.3455e+00   0.0000e+00   1.8858e-05   3.2936e+02
20251212_13:00:00   4.6972e-01   1.0212e+02   6.6073e+00   0.0000e+00   3.8615e-03   3.2860e+02
20251212_14:00:00   4.6975e-01   1.0212e+02   6.5543e+00   0.0000e+00   4.3280e-03   3.3436e+02
20251212_15:00:00   4.7883e-01   1.0373e+02   6.7242e+00   0.0000e+00   1.6809e-03   3.4466e+02
20251212_16:00:00   5.4872e-01   1.1439e+02   7.9336e+00   0.0000e+00   1.1891e-02   3.5079e+02
20251212_17:00:00   5.6984e-01   1.1763e+02   8.2478e+00   0.0000e+00   1.8477e-02   3.5243e+02
20251212_18:00:00   5.5799e-01   1.1589e+02   8.1418e+00   1.3006e-07   3.0922e-02   3.4756e+02
20251212_19:00:00   5.7035e-01   1.1752e+02   8.4213e+00   4.3400e-04   3.8549e-02   3.4023e+02
20251212_20:00:00   5.5192e-01   1.1467e+02   8.1725e+00   2.7504e-04   7.5485e-02   3.4385e+02
20251212_21:00:00   5.9020e-01   1.1996e+02   8.6554e+00   4.4718e-03   1.2014e-01   3.4182e+02
20251212_22:00:00   5.9779e-01   1.2086e+02   9.0842e+00   8.8320e-06   7.8718e-02   3.4848e+02
20251212_23:00:00   6.2753e-01   1.2484e+02   9.6441e+00   2.2540e-04   7.1376e-02   3.4128e+02
20251213_00:00:00   5.5569e-01   1.1417e+02   8.7428e+00   0.0000e+00   1.5842e-02   3.3114e+02
20251213_01:00:00   5.1154e-01   1.0731e+02   8.1618e+00   0.0000e+00   4.2693e-03   3.2836e+02
20251213_02:00:00   5.1113e-01   1.0712e+02   8.2677e+00   0.0000e+00   8.0726e-03   3.2642e+02
20251213_03:00:00   5.1739e-01   1.0795e+02   8.4119e+00   0.0000e+00   2.0234e-02   3.2768e+02
20251213_04:00:00   5.2817e-01   1.0958e+02   8.5750e+00   0.0000e+00   2.1325e-02   3.2674e+02
20251213_05:00:00   5.1780e-01   1.0795e+02   8.4504e+00   0.0000e+00   3.3828e-02   3.2660e+02
20251213_06:00:00   5.0870e-01   1.0638e+02   8.3797e+00   0.0000e+00   4.6415e-02   3.2359e+02
20251213_07:00:00   5.2431e-01   1.0867e+02   8.6575e+00   0.0000e+00   4.7808e-02   3.2234e+02
20251213_08:00:00   5.4580e-01   1.1187e+02   8.8955e+00   0.0000e+00   1.8324e-01   3.1863e+02
20251213_09:00:00   5.9700e-01   1.1938e+02   9.6097e+00   0.0000e+00   2.1222e-01   3.1503e+02
20251213_10:00:00   6.1231e-01   1.2147e+02   9.8359e+00   0.0000e+00   2.1057e-01   3.0973e+02
20251213_11:00:00   6.3218e-01   1.2410e+02   1.0033e+01   0.0000e+00   4.1280e-01   3.0776e+02
20251213_12:00:00   6.5608e-01   1.2716e+02   1.0274e+01   0.0000e+00   5.3137e-01   3.1537e+02
20251213_13:00:00   6.5923e-01   1.2744e+02   1.0249e+01   0.0000e+00   5.7967e-01   3.1180e+02
20251213_14:00:00   6.4872e-01   1.2598e+02   1.0114e+01   0.0000e+00   4.1918e-01   3.1170e+02
20251213_15:00:00   6.2472e-01   1.2249e+02   9.7414e+00   0.0000e+00   3.7747e-01   3.1548e+02
20251213_16:00:00   6.0773e-01   1.1996e+02   9.3982e+00   0.0000e+00   4.7126e-01   3.2803e+02
20251213_17:00:00   5.9045e-01   1.1741e+02   9.0437e+00   0.0000e+00   5.5926e-01   3.3417e+02
20251213_18:00:00   5.5899e-01   1.1283e+02   8.4606e+00   0.0000e+00   4.5454e-01   3.3636e+02
20251213_19:00:00   5.2716e-01   1.0815e+02   7.8661e+00   0.0000e+00   3.1674e-01   3.4315e+02
20251213_20:00:00   4.9051e-01   1.0248e+02   7.2039e+00   0.0000e+00   2.4046e-01   3.4415e+02
20251213_21:00:00   4.1725e-01   9.0786e+01   5.9849e+00   0.0000e+00   3.2343e-02   3.4621e+02
20251213_22:00:00   3.2992e-01   7.5599e+01   4.6357e+00   0.0000e+00   2.7417e-03   3.4796e+02
20251213_23:00:00   2.5317e-01   6.1101e+01   3.4341e+00   0.0000e+00   6.9610e-06   3.5210e+02
20251214_00:00:00   1.6682e-01   4.3501e+01   1.9978e+00   0.0000e+00   7.0120e-06   3.5687e+02
20251214_01:00:00   1.4712e-01   3.9245e+01   1.6685e+00   0.0000e+00   6.0869e-06   3.5712e+02
20251214_02:00:00   1.4693e-01   3.9158e+01   1.6659e+00   0.0000e+00   5.7625e-06   3.5561e+02
20251214_03:00:00   1.4814e-01   3.9372e+01   1.6778e+00   0.0000e+00   5.3215e-06   3.5263e+02
20251214_04:00:00   1.4932e-01   3.9586e+01   1.6826e+00   0.0000e+00   4.0699e-06   3.5768e+02
20251214_05:00:00   1.4797e-01   3.9280e+01   1.6503e+00   0.0000e+00   3.6577e-06   3.6263e+02
20251214_06:00:00   1.4713e-01   3.9082e+01   1.6306e+00   0.0000e+00   5.4203e-06   3.5658e+02
20251214_07:00:00   1.4566e-01   3.8758e+01   1.6110e+00   0.0000e+00   6.3437e-06   3.5116e+02
20251214_08:00:00   1.4936e-01   3.9542e+01   1.6886e+00   0.0000e+00   8.7882e-06   3.4645e+02
20251214_09:00:00   1.6223e-01   4.2303e+01   1.9270e+00   0.0000e+00   8.8232e-06   3.3420e+02
20251214_10:00:00   1.7924e-01   4.5911e+01   2.2414e+00   0.0000e+00   8.6450e-06   3.2501e+02
20251214_11:00:00   1.8042e-01   4.6166e+01   2.3109e+00   0.0000e+00   7.1370e-06   3.1737e+02
20251214_12:00:00   1.6421e-01   4.2877e+01   2.0475e+00   0.0000e+00   6.1179e-06   3.1717e+02
20251214_13:00:00   1.5399e-01   4.0718e+01   1.8931e+00   0.0000e+00   5.0980e-06   3.1543e+02
20251214_14:00:00   1.4621e-01   3.9038e+01   1.7980e+00   0.0000e+00   5.0980e-06   3.0957e+02
20251214_15:00:00   1.4780e-01   3.9416e+01   1.9109e+00   0.0000e+00   3.8737e-06   3.0603e+02
20251214_16:00:00   1.5093e-01   4.0197e+01   2.0254e+00   0.0000e+00   3.7979e-06   3.0464e+02
20251214_17:00:00   1.6144e-01   4.2494e+01   2.2436e+00   0.0000e+00   3.1719e-06   3.0209e+02
20251214_18:00:00   1.7226e-01   4.4873e+01   2.4880e+00   0.0000e+00   2.5499e-06   2.9700e+02
20251214_19:00:00   1.8857e-01   4.8343e+01   2.8673e+00   0.0000e+00   2.5499e-06   2.8961e+02
20251214_20:00:00   1.9856e-01   5.0492e+01   3.1028e+00   0.0000e+00   3.2314e-05   2.8631e+02
20251214_21:00:00   2.2240e-01   5.5412e+01   3.6217e+00   0.0000e+00   2.5499e-06   2.8685e+02
20251214_22:00:00   2.5624e-01   6.2165e+01   4.3753e+00   0.0000e+00   2.5499e-06   2.9060e+02
20251214_23:00:00   2.7082e-01   6.5207e+01   4.6875e+00   0.0000e+00   7.7205e-05   2.8520e+02
20251215_00:00:00   2.7079e-01   6.5334e+01   4.6974e+00   0.0000e+00   4.6481e-03   2.8613e+02
20251215_01:00:00   3.1083e-01   7.2925e+01   5.5507e+00   0.0000e+00   1.1527e-03   2.8696e+02
20251215_02:00:00   3.6312e-01   8.2904e+01   6.4184e+00   0.0000e+00   1.1513e-06   2.9067e+02
20251215_03:00:00   3.8413e-01   8.7339e+01   6.6212e+00   0.0000e+00   2.3873e-04   2.9159e+02
20251215_04:00:00   3.6927e-01   8.5065e+01   6.2770e+00   0.0000e+00   1.0126e-05   2.8706e+02
20251215_05:00:00   3.8134e-01   8.7545e+01   6.4938e+00   0.0000e+00   1.0734e-06   2.8690e+02
20251215_06:00:00   4.0507e-01   9.1734e+01   6.9758e+00   0.0000e+00   7.4760e-07   2.8486e+02
20251215_07:00:00   4.1347e-01   9.3357e+01   7.1708e+00   0.0000e+00   0.0000e+00   2.8199e+02
20251215_08:00:00   4.3196e-01   9.6844e+01   7.5322e+00   0.0000e+00   1.1321e-04   2.7955e+02
20251215_09:00:00   4.3267e-01   9.7216e+01   7.5150e+00   0.0000e+00   1.4312e-04   2.7693e+02
20251215_10:00:00   4.1736e-01   9.4806e+01   7.1837e+00   0.0000e+00   1.7298e-03   2.7450e+02
20251215_11:00:00   3.8493e-01   8.9327e+01   6.4939e+00   0.0000e+00   2.2684e-04   2.7729e+02
20251215_12:00:00   3.9422e-01   9.1111e+01   6.6754e+00   0.0000e+00   1.5903e-04   2.7715e+02
20251215_13:00:00   4.2573e-01   9.6518e+01   7.3054e+00   0.0000e+00   1.1322e-03   2.7697e+02
20251215_14:00:00   4.4364e-01   9.9740e+01   7.6289e+00   0.0000e+00   2.2355e-04   2.8163e+02
20251215_15:00:00   4.5124e-01   1.0112e+02   7.6798e+00   0.0000e+00   1.9497e-04   2.8629e+02
20251215_16:00:00   4.7231e-01   1.0483e+02   8.0607e+00   0.0000e+00   1.0965e-03   2.9038e+02
20251215_17:00:00   5.5382e-01   1.1803e+02   9.5534e+00   0.0000e+00   3.3065e-03   2.9458e+02
20251215_18:00:00   6.4144e-01   1.3097e+02   1.1109e+01   0.0000e+00   1.4393e-04   2.9758e+02
20251215_19:00:00   7.0259e-01   1.3966e+02   1.2130e+01   0.0000e+00   1.3355e-03   2.9946e+02
20251215_20:00:00   7.2891e-01   1.4338e+02   1.2460e+01   0.0000e+00   6.8740e-04   2.9443e+02
20251215_21:00:00   7.3805e-01   1.4466e+02   1.2487e+01   0.0000e+00   1.6538e-05   2.8930e+02
20251215_22:00:00   7.3399e-01   1.4433e+02   1.2376e+01   0.0000e+00   0.0000e+00   2.8536e+02
20251215_23:00:00   7.5091e-01   1.4651e+02   1.2653e+01   0.0000e+00   0.0000e+00   2.8241e+02
20251216_00:00:00   7.1701e-01   1.4238e+02   1.1968e+01   0.0000e+00   0.0000e+00   2.8398e+02
20251216_01:00:00   7.1249e-01   1.4188e+02   1.1815e+01   0.0000e+00   6.1600e-07   2.8638e+02
20251216_02:00:00   7.6336e-01   1.4819e+02   1.2778e+01   0.0000e+00   5.7280e-05   2.8749e+02
20251216_03:00:00   7.7914e-01   1.4998e+02   1.3131e+01   0.0000e+00   6.1406e-03   2.8652e+02
20251216_04:00:00   7.7457e-01   1.4935e+02   1.3009e+01   0.0000e+00   9.8521e-03   2.8693e+02
20251216_05:00:00   7.8741e-01   1.5106e+02   1.3280e+01   0.0000e+00   4.3293e-03   2.8782e+02
20251216_06:00:00   7.9959e-01   1.5263e+02   1.3432e+01   0.0000e+00   9.4678e-06   2.8582e+02
20251216_07:00:00   8.0921e-01   1.5396e+02   1.3595e+01   0.0000e+00   1.7324e-03   2.8465e+02
20251216_08:00:00   8.1428e-01   1.5451e+02   1.3687e+01   0.0000e+00   1.1335e-03   2.8465e+02
20251216_09:00:00   8.1285e-01   1.5432e+02   1.3645e+01   0.0000e+00   6.3848e-04   2.8684e+02
20251216_10:00:00   8.0941e-01   1.5388e+02   1.3507e+01   0.0000e+00   2.6073e-03   2.8338e+02
20251216_11:00:00   8.1084e-01   1.5444e+02   1.3522e+01   0.0000e+00   1.7582e-03   2.8111e+02
20251216_12:00:00   8.1651e-01   1.5512e+02   1.3635e+01   0.0000e+00   2.1188e-03   2.7869e+02
20251216_13:00:00   8.1013e-01   1.5441e+02   1.3635e+01   0.0000e+00   2.5094e-03   2.7700e+02
20251216_14:00:00   8.2782e-01   1.5652e+02   1.3949e+01   0.0000e+00   9.1721e-03   2.7696e+02
20251216_15:00:00   8.6173e-01   1.6048e+02   1.4510e+01   0.0000e+00   1.9317e-02   2.7505e+02
20251216_16:00:00   8.9292e-01   1.6405e+02   1.5162e+01   0.0000e+00   4.2648e-02   2.7512e+02
20251216_17:00:00   8.3566e-01   1.5783e+02   1.4094e+01   0.0000e+00   4.0747e-02   2.7750e+02
20251216_18:00:00   8.0884e-01   1.5482e+02   1.3716e+01   0.0000e+00   4.3245e-02   2.7942e+02
20251216_19:00:00   7.6861e-01   1.4998e+02   1.2945e+01   0.0000e+00   4.1481e-02   2.7922e+02
20251216_20:00:00   7.4244e-01   1.4673e+02   1.2599e+01   1.8536e-04   5.2763e-02   2.7700e+02
20251216_21:00:00   8.3318e-01   1.5783e+02   1.2898e+01   3.0390e-02   7.6821e-02   2.7872e+02
20251216_22:00:00   1.3162e+00   2.0242e+02   1.5352e+01   1.6253e-01   9.5925e-02   2.8148e+02
20251216_23:00:00   1.3561e+00   2.0540e+02   1.5972e+01   1.5619e-01   4.4159e-02   2.8342e+02
20251217_00:00:00   1.2988e+00   2.0199e+02   1.4926e+01   1.5722e-01   3.9783e-03   2.8573e+02
20251217_03:00:00   1.3867e+00   2.0869e+02   1.5291e+01   1.8330e-01   5.7776e-03   2.9469e+02
20251217_06:00:00   1.1193e+00   1.8781e+02   1.2764e+01   1.3824e-01   2.1599e-03   2.9838e+02
20251217_09:00:00   1.0841e+00   1.8481e+02   1.3016e+01   1.2558e-01   4.3028e-03   2.9782e+02
20251217_12:00:00   7.7908e-01   1.5132e+02   1.1121e+01   5.3910e-02   3.4121e-02   2.9924e+02
20251217_15:00:00   8.3165e-01   1.5780e+02   1.4094e+01   5.6583e-03   1.3324e-01   2.9609e+02
20251217_18:00:00   1.8810e+00   2.3561e+02   1.9808e+01   2.7837e-01   4.3158e-01   2.9454e+02
20251217_21:00:00   1.1975e+00   1.9543e+02   1.9342e+01   1.8300e-02   2.7029e-01   2.9012e+02
20251218_00:00:00   1.0919e+00   1.8656e+02   1.8576e+01   0.0000e+00   4.6488e-02   2.8942e+02
20251218_03:00:00   1.0904e+00   1.8695e+02   1.8326e+01   0.0000e+00   1.2369e-02   2.9491e+02
20251218_06:00:00   1.0346e+00   1.8111e+02   1.7117e+01   0.0000e+00   7.7483e-03   2.9934e+02
20251218_09:00:00   8.5184e-01   1.6129e+02   1.3752e+01   0.0000e+00   2.2159e-04   3.0294e+02
20251218_12:00:00   5.7440e-01   1.2372e+02   9.0377e+00   0.0000e+00   0.0000e+00   3.0372e+02
20251218_15:00:00   4.9493e-01   1.1013e+02   8.0063e+00   0.0000e+00   8.9720e-05   3.0317e+02
20251218_18:00:00   4.6398e-01   1.0520e+02   7.3756e+00   0.0000e+00   0.0000e+00   3.0918e+02
20251218_21:00:00   4.1081e-01   9.6070e+01   6.5158e+00   0.0000e+00   0.0000e+00   3.0510e+02
20251219_00:00:00   5.1361e-01   1.1226e+02   8.7378e+00   0.0000e+00   4.2048e-02   3.0347e+02
20251219_03:00:00   6.0626e-01   1.2653e+02   1.0276e+01   0.0000e+00   2.7856e-02   3.0608e+02
20251219_06:00:00   7.0648e-01   1.4131e+02   1.1642e+01   0.0000e+00   8.4130e-03   3.1326e+02
20251219_09:00:00   1.7084e+00   2.2830e+02   1.7683e+01   2.0189e-01   3.3505e-03   3.1040e+02
20251219_12:00:00   4.3236e+00   2.7333e+02   1.8185e+01   1.2353e+00   1.0263e-02   3.0682e+02
20251219_15:00:00   1.4562e+00   2.1286e+02   1.3801e+01   2.0084e-01   6.9604e-02   3.0686e+02
20251219_18:00:00   7.3552e-01   1.4456e+02   1.1215e+01   3.0800e-06   3.3438e-02   3.0327e+02
20251219_21:00:00   7.6833e-01   1.4780e+02   1.2341e+01   0.0000e+00   3.0876e-02   2.9852e+02
20251220_00:00:00   6.9574e-01   1.3840e+02   1.1208e+01   0.0000e+00   2.8878e-02   2.9937e+02
20251220_03:00:00   7.6669e-01   1.4690e+02   1.2361e+01   6.9600e-04   2.1530e-01   2.9799e+02
20251220_06:00:00   8.4476e-01   1.5607e+02   1.3547e+01   6.1940e-06   3.9759e-01   2.9871e+02
20251220_09:00:00   8.9502e-01   1.6207e+02   1.4537e+01   0.0000e+00   1.9739e-01   2.9899e+02
20251220_12:00:00   9.1229e-01   1.6414e+02   1.4622e+01   0.0000e+00   1.3702e-02   3.0773e+02
20251220_15:00:00   9.0266e-01   1.6383e+02   1.4200e+01   0.0000e+00   1.1884e-05   3.1085e+02
20251220_18:00:00   7.7614e-01   1.4997e+02   1.1414e+01   7.3033e-04   6.4102e-06   3.1219e+02
20251220_21:00:00   7.4455e-01   1.4617e+02   1.0538e+01   1.1053e-02   1.5451e-02   3.0858e+02
20251221_00:00:00   5.8327e-01   1.2342e+02   8.6515e+00   0.0000e+00   8.0632e-02   3.0541e+02
20251221_03:00:00   5.1627e-01   1.1211e+02   7.8437e+00   1.5606e-05   1.1214e-01   3.1090e+02
20251221_06:00:00   5.4911e-01   1.1658e+02   8.6579e+00   0.0000e+00   1.3999e-01   3.1561e+02
20251221_09:00:00   5.3971e-01   1.1477e+02   8.7220e+00   0.0000e+00   2.9219e-02   3.1747e+02
20251221_12:00:00   5.2166e-01   1.1121e+02   8.5686e+00   0.0000e+00   7.0434e-02   3.1667e+02
20251221_15:00:00   5.1051e-01   1.0932e+02   8.3773e+00   0.0000e+00   3.2961e-02   3.1213e+02
20251221_18:00:00   5.1264e-01   1.0976e+02   8.3468e+00   0.0000e+00   8.1832e-03   3.2163e+02
20251221_21:00:00   5.8941e-01   1.2190e+02   9.6257e+00   0.0000e+00   4.1463e-03   3.3635e+02
20251222_00:00:00   6.4999e-01   1.3092e+02   1.0536e+01   0.0000e+00   1.7766e-03   3.2971e+02
20251222_03:00:00   6.5116e-01   1.3145e+02   1.0457e+01   0.0000e+00   3.6405e-02   3.2296e+02
20251222_06:00:00   8.6850e-01   1.5884e+02   1.3639e+01   0.0000e+00   1.9211e-01   3.2535e+02
20251222_09:00:00   1.0380e+00   1.7677e+02   1.6237e+01   0.0000e+00   4.2861e-02   3.2624e+02
20251222_12:00:00   1.1482e+00   1.8693e+02   1.7949e+01   0.0000e+00   2.4015e-01   3.1722e+02
20251222_15:00:00   1.1392e+00   1.8670e+02   1.7990e+01   0.0000e+00   1.2222e-02   3.0867e+02
20251222_18:00:00   1.1679e+00   1.8917e+02   1.8527e+01   0.0000e+00   1.1885e-01   3.1407e+02
20251222_21:00:00   1.1967e+00   1.9145e+02   1.9084e+01   0.0000e+00   3.4437e-01   3.0612e+02
20251223_00:00:00   1.4984e+00   2.1303e+02   2.2854e+01   1.0417e-02   5.7721e-01   3.0196e+02
20251223_03:00:00   2.6908e+00   2.5729e+02   2.4346e+01   4.4027e-01   1.1632e-01   3.0632e+02
20251223_06:00:00   5.3946e+00   2.7432e+02   2.3542e+01   1.5563e+00   9.9422e-03   3.0134e+02
20251223_09:00:00   3.1227e+00   2.6344e+02   2.1497e+01   6.9474e-01   1.7870e-02   2.9681e+02
20251223_12:00:00   2.8230e+00   2.5905e+02   2.0609e+01   6.0372e-01   5.1606e-03   2.8718e+02
20251223_15:00:00   2.6139e+00   2.5535e+02   2.0624e+01   5.2458e-01   6.9984e-03   2.8379e+02
20251223_18:00:00   2.8411e+00   2.5939e+02   2.1841e+01   5.7932e-01   4.8220e-03   2.8183e+02
20251223_21:00:00   2.7559e+00   2.5659e+02   2.0471e+01   5.9019e-01   3.4079e-03   2.7921e+02
20251224_00:00:00   2.0627e+00   2.3844e+02   1.9628e+01   3.3698e-01   3.7118e-03   2.7676e+02
20251224_03:00:00   1.8569e+00   2.2925e+02   1.9330e+01   2.6644e-01   7.0684e-02   2.6834e+02
20251224_06:00:00   1.3977e+00   2.0360e+02   1.8262e+01   1.0860e-01   2.3637e-02   2.6996e+02
20251224_09:00:00   1.0947e+00   1.7967e+02   1.7376e+01   5.7880e-03   3.0751e-02   2.7284e+02
20251224_12:00:00   1.0087e+00   1.7130e+02   1.6204e+01   0.0000e+00   4.3927e-02   2.7575e+02
20251224_15:00:00   7.2868e-01   1.3970e+02   1.2199e+01   0.0000e+00   3.2472e-02   2.7342e+02
20251224_18:00:00   4.2160e-01   9.4154e+01   7.2324e+00   0.0000e+00   1.0974e-02   2.7595e+02
20251224_21:00:00   3.8919e-01   8.8393e+01   6.7384e+00   0.0000e+00   2.4414e-02   2.7472e+02
20251225_00:00:00   4.3695e-01   9.6535e+01   7.6892e+00   0.0000e+00   7.9759e-02   2.7506e+02
20251225_03:00:00   5.4473e-01   1.1394e+02   9.5857e+00   0.0000e+00   9.7881e-02   2.7660e+02
20251225_06:00:00   7.1885e-01   1.3892e+02   1.2414e+01   0.0000e+00   7.1542e-02   2.7048e+02
20251225_09:00:00   1.0079e+00   1.7215e+02   1.6546e+01   0.0000e+00   2.9763e-01   2.6381e+02
20251225_12:00:00   1.1867e+00   1.8880e+02   1.8970e+01   4.3160e-04   3.6786e-01   2.6584e+02
20251225_15:00:00   2.2570e+00   2.4456e+02   2.2607e+01   3.1898e-01   5.9348e-01   2.6956e+02
20251225_18:00:00   2.7798e+00   2.5768e+02   2.5112e+01   4.5966e-01   5.5310e-01   2.6712e+02
20251225_21:00:00   3.5147e+00   2.6756e+02   2.6294e+01   7.2140e-01   5.5466e-01   2.6544e+02
20251226_00:00:00   2.4942e+00   2.5408e+02   2.7885e+01   2.6089e-01   1.9942e-01   2.6809e+02
20251226_03:00:00   2.5041e+00   2.5499e+02   2.7980e+01   2.5192e-01   4.4866e-01   2.6638e+02
20251226_06:00:00   2.1883e+00   2.4597e+02   2.3566e+01   2.6618e-01   2.6016e-01   2.6848e+02
20251226_09:00:00   1.3343e+00   2.0443e+02   1.7747e+01   6.1903e-02   2.4491e-02   2.7204e+02
20251226_12:00:00   1.6926e+00   2.2443e+02   1.3618e+01   3.2531e-01   5.3772e-02   2.7087e+02
20251226_15:00:00   5.9690e-01   1.2395e+02   8.8570e+00   2.9615e-03   1.5131e-03   2.7540e+02
20251226_18:00:00   3.6948e-01   8.5533e+01   5.7560e+00   0.0000e+00   8.6341e-06   2.7986e+02
20251226_21:00:00   1.9709e-01   5.1182e+01   2.7109e+00   0.0000e+00   4.5920e-05   2.8783e+02
20251227_00:00:00   1.5563e-01   4.2017e+01   1.9168e+00   0.0000e+00   1.4262e-03   2.9120e+02
20251227_03:00:00   1.3750e-01   3.8006e+01   1.6454e+00   0.0000e+00   0.0000e+00   3.0329e+02
20251227_06:00:00   1.4652e-01   4.0098e+01   1.8891e+00   0.0000e+00   0.0000e+00   3.1206e+02
20251227_09:00:00   1.4938e-01   4.0870e+01   2.0061e+00   0.0000e+00   8.7620e-07   3.1145e+02
20251227_12:00:00   1.4057e-01   3.8953e+01   1.8793e+00   0.0000e+00   4.2754e-04   3.0908e+02
20251227_15:00:00   1.4227e-01   3.9146e+01   2.0056e+00   0.0000e+00   3.0280e-06   3.0826e+02
20251227_18:00:00   1.6262e-01   4.3593e+01   2.4986e+00   0.0000e+00   4.4580e-05   3.1134e+02
20251227_21:00:00   1.9955e-01   5.1689e+01   3.3427e+00   0.0000e+00   2.2680e-04   3.0877e+02
20251228_00:00:00   2.1780e-01   5.5545e+01   3.7674e+00   0.0000e+00   2.8640e-05   3.1342e+02
