#            date       tau255        Tb[K]      pwv[mm] lwp[kg*m^-2] iwp[kg*m^-2]       o3[DU]
20251201_12:00:00   6.0065e-01   1.2024e+02   8.9647e+00   0.0000e+00   1.2706e-01   4.2195e+02
20251201_13:00:00   5.3974e-01   1.1144e+02   8.0347e+00   0.0000e+00   1.3288e-01   4.1303e+02
20251201_14:00:00   5.2293e-01   1.0897e+02   7.8162e+00   0.0000e+00   4.5808e-02   4.0507e+02
20251201_15:00:00   5.5386e-01   1.1357e+02   8.3203e+00   0.0000e+00   2.7426e-02   3.9502e+02
20251201_16:00:00   6.0800e-01   1.2117e+02   9.0259e+00   0.0000e+00   4.1072e-01   3.8616e+02
20251201_17:00:00   6.5997e-01   1.2825e+02   9.5808e+00   4.4000e-03   5.0298e-01   3.8918e+02
20251201_18:00:00   6.4526e-01   1.2620e+02   9.4702e+00   1.4324e-04   5.7261e-01   3.8972e+02
20251201_19:00:00   6.4435e-01   1.2612e+02   9.4505e+00   2.2940e-05   5.6661e-01   3.9237e+02
20251201_20:00:00   6.4557e-01   1.2641e+02   9.4613e+00   7.0340e-05   5.0891e-01   3.8152e+02
20251201_21:00:00   6.3838e-01   1.2544e+02   9.3611e+00   6.8512e-05   4.2564e-01   3.8478e+02
20251201_22:00:00   6.2638e-01   1.2373e+02   9.1733e+00   4.5920e-06   3.8063e-01   3.8998e+02
20251201_23:00:00   6.1840e-01   1.2266e+02   9.0991e+00   0.0000e+00   2.0546e-01   4.0362e+02
20251202_00:00:00   6.0123e-01   1.2031e+02   8.8242e+00   0.0000e+00   1.1794e-01   4.0884e+02
20251202_01:00:00   5.7210e-01   1.1635e+02   8.2668e+00   0.0000e+00   3.8634e-02   4.0607e+02
20251202_02:00:00   5.5451e-01   1.1380e+02   7.9210e+00   0.0000e+00   5.0854e-02   4.0383e+02
20251202_03:00:00   5.2175e-01   1.0905e+02   7.3380e+00   0.0000e+00   1.7525e-02   4.0466e+02
20251202_04:00:00   4.9518e-01   1.0504e+02   6.8983e+00   0.0000e+00   4.7660e-03   3.9916e+02
20251202_05:00:00   4.7271e-01   1.0153e+02   6.5754e+00   0.0000e+00   1.7594e-04   3.9788e+02
20251202_06:00:00   4.4219e-01   9.6700e+01   6.1025e+00   0.0000e+00   1.3211e-04   3.9844e+02
20251202_07:00:00   4.2373e-01   9.3673e+01   5.8491e+00   0.0000e+00   3.6475e-04   4.0038e+02
20251202_08:00:00   3.9006e-01   8.8009e+01   5.2986e+00   0.0000e+00   4.0472e-04   4.0099e+02
20251202_09:00:00   3.8380e-01   8.6944e+01   5.2673e+00   0.0000e+00   4.0878e-04   3.9386e+02
20251202_10:00:00   3.6379e-01   8.3394e+01   5.0461e+00   0.0000e+00   4.0718e-04   3.9417e+02
20251202_11:00:00   3.4921e-01   8.0860e+01   4.8719e+00   0.0000e+00   4.2180e-04   3.9472e+02
20251202_12:00:00   3.5212e-01   8.1393e+01   4.9406e+00   0.0000e+00   4.0270e-04   3.8922e+02
20251202_13:00:00   3.4579e-01   8.0274e+01   4.8860e+00   0.0000e+00   3.4190e-04   3.8271e+02
20251202_14:00:00   3.3315e-01   7.8083e+01   4.7342e+00   0.0000e+00   2.0312e-04   3.7973e+02
20251202_15:00:00   3.3321e-01   7.8154e+01   4.7662e+00   0.0000e+00   1.7679e-04   3.7781e+02
20251202_16:00:00   3.4205e-01   7.9818e+01   4.9364e+00   0.0000e+00   4.1802e-04   3.7622e+02
20251202_17:00:00   3.5350e-01   8.1994e+01   5.1358e+00   0.0000e+00   2.3887e-04   3.7403e+02
20251202_18:00:00   3.5707e-01   8.2770e+01   5.1857e+00   7.6000e-04   4.4488e-04   3.7122e+02
20251202_19:00:00   3.6691e-01   8.4655e+01   5.4765e+00   6.9580e-05   1.2758e-03   3.6858e+02
20251202_20:00:00   3.9239e-01   8.9182e+01   6.0348e+00   2.7680e-06   5.0470e-03   3.6424e+02
20251202_21:00:00   4.0054e-01   9.0704e+01   6.2486e+00   0.0000e+00   3.9630e-04   3.6223e+02
20251202_22:00:00   4.3535e-01   9.6570e+01   6.9541e+00   0.0000e+00   2.0173e-03   3.6240e+02
20251202_23:00:00   4.9192e-01   1.0584e+02   7.9842e+00   0.0000e+00   1.1323e-03   3.6126e+02
20251203_00:00:00   5.5797e-01   1.1605e+02   9.1880e+00   0.0000e+00   3.6253e-03   3.6192e+02
20251203_01:00:00   5.7169e-01   1.1834e+02   9.3775e+00   0.0000e+00   4.2063e-03   3.6038e+02
20251203_02:00:00   5.9576e-01   1.2199e+02   9.7678e+00   0.0000e+00   6.7438e-03   3.5873e+02
20251203_03:00:00   5.8540e-01   1.2058e+02   9.5998e+00   0.0000e+00   1.2960e-02   3.6044e+02
20251203_04:00:00   5.8598e-01   1.2069e+02   9.5958e+00   0.0000e+00   1.8200e-02   3.6032e+02
20251203_05:00:00   5.8967e-01   1.2133e+02   9.6235e+00   0.0000e+00   2.5502e-02   3.5901e+02
20251203_06:00:00   6.0149e-01   1.2302e+02   9.8580e+00   0.0000e+00   5.1842e-02   3.5847e+02
20251203_07:00:00   6.6449e-01   1.3186e+02   1.0828e+01   0.0000e+00   8.4096e-02   3.6168e+02
20251203_08:00:00   7.4423e-01   1.4228e+02   1.2070e+01   0.0000e+00   9.6439e-02   3.6032e+02
20251203_09:00:00   7.9757e-01   1.4895e+02   1.2791e+01   0.0000e+00   1.0399e-01   3.6158e+02
20251203_10:00:00   8.4749e-01   1.5473e+02   1.3366e+01   0.0000e+00   2.2824e-01   3.6279e+02
20251203_11:00:00   8.2714e-01   1.5234e+02   1.3010e+01   0.0000e+00   2.1886e-01   3.6237e+02
20251203_12:00:00   8.9364e-01   1.5977e+02   1.3763e+01   0.0000e+00   2.7108e-01   3.6719e+02
20251203_13:00:00   9.6192e-01   1.6680e+02   1.4583e+01   1.9262e-05   2.0782e-01   3.7069e+02
20251203_14:00:00   9.2742e-01   1.6296e+02   1.3996e+01   3.3101e-04   2.5258e-01   3.7508e+02
20251203_15:00:00   9.0728e-01   1.6054e+02   1.3475e+01   2.8540e-03   4.1182e-01   3.8170e+02
20251203_16:00:00   8.7762e-01   1.5725e+02   1.2696e+01   1.3920e-02   1.4619e-01   3.9119e+02
20251203_17:00:00   8.3164e-01   1.5187e+02   1.1404e+01   3.3720e-02   3.3045e-02   3.9622e+02
20251203_18:00:00   6.6151e-01   1.3038e+02   9.9568e+00   2.3742e-03   3.5186e-03   3.9810e+02
20251203_19:00:00   5.7749e-01   1.1841e+02   8.7453e+00   0.0000e+00   3.4496e-03   3.9319e+02
20251203_20:00:00   5.3546e-01   1.1202e+02   8.0873e+00   0.0000e+00   1.7766e-03   3.9378e+02
20251203_21:00:00   4.9201e-01   1.0500e+02   7.4305e+00   0.0000e+00   2.7907e-03   3.9041e+02
20251203_22:00:00   4.1317e-01   9.1841e+01   6.1769e+00   0.0000e+00   1.3319e-03   3.9095e+02
20251203_23:00:00   3.3752e-01   7.8197e+01   5.0470e+00   0.0000e+00   5.4378e-03   3.8607e+02
20251204_00:00:00   2.7936e-01   6.6979e+01   4.1589e+00   0.0000e+00   7.3155e-03   3.8387e+02
20251204_01:00:00   2.3452e-01   5.7967e+01   3.4309e+00   0.0000e+00   4.1257e-03   3.8492e+02
20251204_02:00:00   2.1238e-01   5.3278e+01   3.0796e+00   0.0000e+00   3.9029e-03   3.8272e+02
20251204_03:00:00   2.0257e-01   5.1169e+01   2.9172e+00   0.0000e+00   4.4714e-03   3.8195e+02
20251204_04:00:00   1.9607e-01   4.9759e+01   2.7904e+00   0.0000e+00   4.6639e-03   3.7799e+02
20251204_05:00:00   1.9882e-01   5.0277e+01   2.8078e+00   0.0000e+00   2.8623e-04   3.7839e+02
20251204_06:00:00   1.9036e-01   4.8513e+01   2.6254e+00   0.0000e+00   1.2187e-05   3.7366e+02
20251204_07:00:00   1.8623e-01   4.7636e+01   2.5332e+00   0.0000e+00   5.8729e-06   3.7195e+02
20251204_08:00:00   1.8126e-01   4.6579e+01   2.4506e+00   0.0000e+00   5.0110e-06   3.6719e+02
20251204_09:00:00   1.7022e-01   4.4242e+01   2.2553e+00   0.0000e+00   6.9620e-06   3.7220e+02
20251204_10:00:00   1.5746e-01   4.1532e+01   2.0171e+00   0.0000e+00   6.9370e-06   3.7060e+02
20251204_11:00:00   1.4797e-01   3.9516e+01   1.8474e+00   0.0000e+00   6.5985e-06   3.6597e+02
20251204_12:00:00   1.3877e-01   3.7539e+01   1.7094e+00   0.0000e+00   3.9919e-06   3.7355e+02
20251204_13:00:00   1.3307e-01   3.6317e+01   1.6066e+00   0.0000e+00   5.6655e-06   3.7820e+02
20251204_14:00:00   1.2946e-01   3.5551e+01   1.5390e+00   0.0000e+00   5.0098e-06   3.7711e+02
20251204_15:00:00   1.2635e-01   3.4909e+01   1.4828e+00   0.0000e+00   4.9220e-06   3.8015e+02
20251204_16:00:00   1.2384e-01   3.4377e+01   1.4494e+00   0.0000e+00   3.0709e-06   3.8455e+02
20251204_17:00:00   1.2741e-01   3.5195e+01   1.4958e+00   0.0000e+00   2.9309e-06   3.8495e+02
20251204_18:00:00   1.3108e-01   3.6046e+01   1.5580e+00   0.0000e+00   1.4864e-06   3.7953e+02
20251204_19:00:00   1.3366e-01   3.6661e+01   1.6075e+00   0.0000e+00   1.1130e-06   3.7552e+02
20251204_20:00:00   1.4030e-01   3.8163e+01   1.7326e+00   0.0000e+00   1.1307e-06   3.6460e+02
20251204_21:00:00   1.4953e-01   4.0199e+01   1.9263e+00   0.0000e+00   1.0853e-06   3.5766e+02
20251204_22:00:00   1.5374e-01   4.1108e+01   2.0265e+00   0.0000e+00   1.0951e-06   3.5724e+02
20251204_23:00:00   1.5804e-01   4.2058e+01   2.1276e+00   0.0000e+00   1.1101e-06   3.5694e+02
20251205_00:00:00   1.7395e-01   4.5600e+01   2.4213e+00   0.0000e+00   1.1315e-06   3.5596e+02
20251205_01:00:00   1.9756e-01   5.0777e+01   2.8260e+00   0.0000e+00   1.1456e-06   3.5757e+02
20251205_02:00:00   2.3232e-01   5.8030e+01   3.4088e+00   0.0000e+00   1.1468e-06   3.5291e+02
20251205_03:00:00   2.5744e-01   6.3171e+01   3.8212e+00   0.0000e+00   8.8208e-06   3.4283e+02
20251205_04:00:00   2.8630e-01   6.8963e+01   4.2804e+00   0.0000e+00   4.4930e-05   3.3690e+02
20251205_05:00:00   3.0513e-01   7.2669e+01   4.5996e+00   0.0000e+00   2.1549e-04   3.3407e+02
20251205_06:00:00   3.3603e-01   7.8620e+01   5.0833e+00   0.0000e+00   5.3961e-05   3.3154e+02
20251205_07:00:00   3.8202e-01   8.7032e+01   5.8426e+00   0.0000e+00   5.1608e-03   3.3429e+02
20251205_08:00:00   4.3325e-01   9.5923e+01   6.6846e+00   0.0000e+00   2.1768e-02   3.3448e+02
20251205_09:00:00   4.8403e-01   1.0439e+02   7.4758e+00   0.0000e+00   2.1448e-03   3.4016e+02
20251205_10:00:00   5.1476e-01   1.0946e+02   7.9131e+00   0.0000e+00   2.8762e-05   3.3999e+02
20251205_11:00:00   5.3293e-01   1.1246e+02   8.1782e+00   0.0000e+00   0.0000e+00   3.3372e+02
20251205_12:00:00   5.4181e-01   1.1409e+02   8.2042e+00   0.0000e+00   0.0000e+00   3.3106e+02
20251205_13:00:00   5.2115e-01   1.1115e+02   7.8089e+00   0.0000e+00   2.0437e-04   3.2912e+02
20251205_14:00:00   5.3284e-01   1.1292e+02   7.9837e+00   0.0000e+00   3.4870e-03   3.2577e+02
20251205_15:00:00   5.7126e-01   1.1868e+02   8.5816e+00   0.0000e+00   4.9378e-03   3.2419e+02
20251205_16:00:00   5.9673e-01   1.2240e+02   8.9950e+00   0.0000e+00   1.0214e-02   3.2362e+02
20251205_17:00:00   6.5877e-01   1.3085e+02   1.0010e+01   0.0000e+00   3.7546e-02   3.2092e+02
20251205_18:00:00   7.0918e-01   1.3739e+02   1.0744e+01   0.0000e+00   9.3286e-02   3.1846e+02
20251205_19:00:00   7.3641e-01   1.4090e+02   1.1096e+01   4.9420e-06   8.5965e-02   3.1498e+02
20251205_20:00:00   7.7685e-01   1.4594e+02   1.1598e+01   1.9704e-04   1.2357e-01   3.1387e+02
20251205_21:00:00   7.7229e-01   1.4539e+02   1.1526e+01   4.2604e-05   3.8121e-02   3.1155e+02
20251205_22:00:00   7.9096e-01   1.4760e+02   1.1744e+01   0.0000e+00   5.1641e-02   3.1219e+02
20251205_23:00:00   8.0754e-01   1.4945e+02   1.1862e+01   0.0000e+00   8.5769e-02   3.1551e+02
20251206_00:00:00   7.8526e-01   1.4671e+02   1.1484e+01   0.0000e+00   1.0437e-01   3.1656e+02
20251206_01:00:00   7.5294e-01   1.4267e+02   1.1071e+01   0.0000e+00   2.0198e-02   3.1905e+02
20251206_02:00:00   7.1431e-01   1.3765e+02   1.0543e+01   0.0000e+00   1.3357e-02   3.1829e+02
20251206_03:00:00   7.0424e-01   1.3625e+02   1.0350e+01   0.0000e+00   5.4721e-02   3.1904e+02
20251206_04:00:00   7.0615e-01   1.3645e+02   1.0347e+01   0.0000e+00   2.4287e-02   3.1908e+02
20251206_05:00:00   6.8934e-01   1.3427e+02   1.0096e+01   0.0000e+00   5.3382e-04   3.1379e+02
20251206_06:00:00   6.2704e-01   1.2593e+02   9.1937e+00   0.0000e+00   4.9539e-05   3.0822e+02
20251206_07:00:00   5.8736e-01   1.2028e+02   8.5932e+00   0.0000e+00   4.0014e-05   3.0546e+02
20251206_08:00:00   5.8190e-01   1.1947e+02   8.5212e+00   0.0000e+00   1.4020e-04   3.0364e+02
20251206_09:00:00   5.7795e-01   1.1897e+02   8.4480e+00   0.0000e+00   3.1156e-04   3.0831e+02
20251206_10:00:00   5.6993e-01   1.1786e+02   8.2826e+00   0.0000e+00   3.2601e-04   3.0906e+02
20251206_11:00:00   5.5863e-01   1.1633e+02   8.0900e+00   0.0000e+00   1.4641e-04   3.0976e+02
20251206_12:00:00   5.3771e-01   1.1329e+02   7.7276e+00   0.0000e+00   4.5497e-05   3.1293e+02
20251206_15:00:00   5.1853e-01   1.1017e+02   7.5830e+00   0.0000e+00   1.2344e-03   3.1556e+02
20251206_18:00:00   6.2527e-01   1.2532e+02   9.5155e+00   0.0000e+00   8.3309e-02   3.1944e+02
20251206_21:00:00   6.8932e-01   1.3383e+02   1.0413e+01   0.0000e+00   3.4955e-01   3.2814e+02
20251207_00:00:00   7.4379e-01   1.4058e+02   1.0976e+01   0.0000e+00   4.6403e-01   3.2969e+02
20251207_03:00:00   7.0526e-01   1.3544e+02   1.0289e+01   0.0000e+00   3.1573e-01   3.3437e+02
20251207_06:00:00   4.4960e-01   9.8564e+01   6.3873e+00   0.0000e+00   1.7979e-05   3.4169e+02
20251207_09:00:00   3.6047e-01   8.3187e+01   4.9905e+00   0.0000e+00   1.6890e-05   3.4443e+02
20251207_12:00:00   3.1469e-01   7.4364e+01   4.4834e+00   0.0000e+00   4.2373e-06   3.4626e+02
20251207_15:00:00   2.8224e-01   6.8183e+01   4.0399e+00   0.0000e+00   0.0000e+00   3.4645e+02
20251207_18:00:00   2.9707e-01   7.1052e+01   4.3015e+00   0.0000e+00   0.0000e+00   3.6965e+02
20251207_21:00:00   3.5832e-01   8.2561e+01   5.2354e+00   0.0000e+00   1.8078e-06   3.5912e+02
20251208_00:00:00   5.4510e-01   1.1264e+02   8.2658e+00   0.0000e+00   1.4598e-01   3.4748e+02
20251208_03:00:00   6.6348e-01   1.2973e+02   9.6662e+00   0.0000e+00   3.5095e-01   3.3528e+02
20251208_06:00:00   6.8374e-01   1.3299e+02   9.8497e+00   0.0000e+00   5.6005e-02   3.3628e+02
20251208_09:00:00   5.9727e-01   1.2220e+02   8.5869e+00   0.0000e+00   8.4286e-04   3.3167e+02
20251208_12:00:00   5.8315e-01   1.2062e+02   8.5842e+00   0.0000e+00   3.5060e-03   3.3286e+02
20251208_15:00:00   6.5637e-01   1.3085e+02   1.0146e+01   0.0000e+00   2.9107e-02   3.2696e+02
20251208_18:00:00   7.0388e-01   1.3746e+02   1.0925e+01   9.7060e-06   6.1318e-02   3.1872e+02
20251208_21:00:00   7.5067e-01   1.4425e+02   1.1328e+01   1.2238e-03   7.3819e-02   3.3123e+02
20251209_00:00:00   8.7205e-01   1.5952e+02   1.0891e+01   5.6703e-02   2.2162e-04   3.3379e+02
20251209_03:00:00   6.7227e-01   1.3519e+02   9.7473e+00   1.5698e-03   7.2598e-05   3.2051e+02
20251209_06:00:00   5.6354e-01   1.1906e+02   8.2540e+00   2.9350e-03   5.3700e-05   3.3479e+02
20251209_09:00:00   5.7994e-01   1.2061e+02   9.1116e+00   0.0000e+00   1.4644e-02   3.3629e+02
20251209_12:00:00   5.8696e-01   1.2064e+02   9.5920e+00   0.0000e+00   8.0824e-02   3.3776e+02
20251209_15:00:00   5.9660e-01   1.2206e+02   9.8734e+00   0.0000e+00   9.6396e-03   3.3458e+02
20251209_18:00:00   6.6489e-01   1.3217e+02   1.1079e+01   0.0000e+00   9.2190e-03   3.2790e+02
20251209_21:00:00   7.8228e-01   1.4837e+02   1.2945e+01   0.0000e+00   4.1668e-03   3.1457e+02
20251210_00:00:00   1.1627e+00   1.8829e+02   1.5016e+01   9.7415e-02   1.3035e-01   3.1179e+02
20251210_03:00:00   1.3934e+00   2.0634e+02   1.6782e+01   1.3547e-01   3.1288e-01   3.0935e+02
20251210_06:00:00   1.1273e+00   1.8670e+02   1.6765e+01   2.4306e-02   6.8570e-02   3.0130e+02
20251210_09:00:00   1.0201e+00   1.7538e+02   1.5858e+01   0.0000e+00   2.7788e-01   3.0387e+02
20251210_12:00:00   6.8520e-01   1.3662e+02   1.0694e+01   0.0000e+00   3.6636e-02   3.0256e+02
20251210_15:00:00   4.7604e-01   1.0559e+02   7.0218e+00   8.9720e-05   2.5610e-03   3.0851e+02
20251210_18:00:00   4.7894e-01   1.0628e+02   6.7405e+00   0.0000e+00   3.5040e-07   3.1537e+02
20251210_21:00:00   5.2604e-01   1.1314e+02   7.6288e+00   0.0000e+00   2.0868e-05   3.1108e+02
20251211_00:00:00   5.5051e-01   1.1632e+02   8.0414e+00   4.6200e-07   6.8952e-03   3.1043e+02
20251211_03:00:00   5.4579e-01   1.1536e+02   7.7645e+00   3.4032e-03   1.7117e-02   3.0971e+02
20251211_06:00:00   5.4758e-01   1.1521e+02   7.8755e+00   1.8924e-03   1.5799e-02   3.1109e+02
20251211_09:00:00   4.9015e-01   1.0650e+02   6.8881e+00   1.3656e-03   5.6921e-03   3.1468e+02
20251211_12:00:00   4.7895e-01   1.0472e+02   6.6263e+00   0.0000e+00   7.1927e-05   3.1960e+02
20251211_15:00:00   5.0843e-01   1.0944e+02   7.1049e+00   0.0000e+00   2.4646e-05   3.2014e+02
20251211_18:00:00   5.0283e-01   1.0871e+02   7.1338e+00   0.0000e+00   3.1348e-03   3.1606e+02
20251211_21:00:00   5.1333e-01   1.1031e+02   7.4867e+00   0.0000e+00   6.2544e-03   3.2095e+02
20251212_00:00:00   5.1687e-01   1.1067e+02   7.5794e+00   0.0000e+00   4.1360e-02   3.2904e+02
20251212_03:00:00   4.9975e-01   1.0781e+02   7.3153e+00   0.0000e+00   2.4993e-02   3.3219e+02
20251212_06:00:00   6.9272e-01   1.3550e+02   9.5342e+00   1.9052e-05   1.8519e-01   3.3762e+02
20251212_09:00:00   3.5338e-01   8.2825e+01   4.7374e+00   0.0000e+00   8.2800e-06   3.5067e+02
20251212_12:00:00   3.1360e-01   7.4830e+01   4.3023e+00   0.0000e+00   1.7361e-05   3.5143e+02
20251212_15:00:00   3.7114e-01   8.5036e+01   5.3361e+00   0.0000e+00   1.4379e-02   3.4813e+02
20251212_18:00:00   4.6411e-01   1.0146e+02   6.8251e+00   0.0000e+00   2.6906e-03   3.3489e+02
20251212_21:00:00   5.5681e-01   1.1692e+02   8.1966e+00   0.0000e+00   6.4274e-03   3.2753e+02
20251213_00:00:00   5.3405e-01   1.1360e+02   8.2052e+00   0.0000e+00   4.0390e-03   3.3072e+02
20251213_03:00:00   6.2208e-01   1.2606e+02   1.0001e+01   0.0000e+00   7.2924e-03   3.3594e+02
20251213_06:00:00   7.5654e-01   1.4378e+02   1.2266e+01   0.0000e+00   6.2508e-02   3.3217e+02
20251213_09:00:00   8.6052e-01   1.5643e+02   1.3773e+01   0.0000e+00   5.7938e-02   3.2320e+02
20251213_12:00:00   1.0150e+00   1.7263e+02   1.6041e+01   0.0000e+00   1.8740e-01   3.1357e+02
20251213_15:00:00   1.0214e+00   1.7313e+02   1.6258e+01   0.0000e+00   6.4356e-02   3.1244e+02
20251213_18:00:00   1.0051e+00   1.7192e+02   1.6067e+01   2.7860e-04   1.4848e-01   3.0539e+02
20251213_21:00:00   9.6230e-01   1.6787e+02   1.5549e+01   1.9662e-05   2.8284e-02   2.9948e+02
20251214_00:00:00   9.3495e-01   1.6535e+02   1.5334e+01   0.0000e+00   3.2908e-02   2.8956e+02
20251214_03:00:00   9.8145e-01   1.7007e+02   1.6131e+01   0.0000e+00   1.0291e-02   2.8367e+02
20251214_06:00:00   9.7971e-01   1.7038e+02   1.6179e+01   0.0000e+00   2.9653e-03   2.7417e+02
20251214_09:00:00   9.6921e-01   1.6972e+02   1.6082e+01   0.0000e+00   1.1395e-03   2.6808e+02
20251214_12:00:00   1.0124e+00   1.7416e+02   1.6632e+01   0.0000e+00   1.5160e-03   2.6860e+02
20251214_15:00:00   9.4384e-01   1.6795e+02   1.5438e+01   0.0000e+00   2.0053e-05   2.6956e+02
20251214_18:00:00   9.4371e-01   1.6924e+02   1.5353e+01   0.0000e+00   0.0000e+00   2.6768e+02
20251214_21:00:00   8.9261e-01   1.6492e+02   1.4442e+01   0.0000e+00   5.0559e-03   2.6356e+02
20251215_00:00:00   9.0335e-01   1.6694e+02   1.4701e+01   0.0000e+00   7.9218e-04   2.5746e+02
20251215_03:00:00   1.0022e+00   1.7777e+02   1.5979e+01   0.0000e+00   8.7023e-03   2.6082e+02
20251215_06:00:00   8.2477e-01   1.5678e+02   1.3217e+01   0.0000e+00   8.0132e-03   2.5598e+02
20251215_09:00:00   4.9489e-01   1.0821e+02   8.1680e+00   0.0000e+00   5.5634e-02   2.5946e+02
20251215_12:00:00   3.8238e-01   8.7882e+01   6.2699e+00   0.0000e+00   1.9554e-02   2.6676e+02
20251215_15:00:00   3.7374e-01   8.5881e+01   6.2167e+00   0.0000e+00   1.5964e-02   2.7184e+02
20251215_18:00:00   3.8871e-01   8.8583e+01   6.4652e+00   0.0000e+00   4.1191e-04   2.7352e+02
20251215_21:00:00   4.0990e-01   9.2169e+01   6.9293e+00   0.0000e+00   1.1065e-02   2.7759e+02
20251216_00:00:00   4.2552e-01   9.4778e+01   7.2862e+00   0.0000e+00   3.1132e-03   2.8131e+02
20251216_03:00:00   5.2504e-01   1.1086e+02   8.9117e+00   0.0000e+00   2.9265e-03   2.8785e+02
20251216_06:00:00   6.7520e-01   1.3282e+02   1.1175e+01   0.0000e+00   4.2801e-02   2.8554e+02
20251216_09:00:00   7.6195e-01   1.4415e+02   1.2385e+01   0.0000e+00   1.2430e-01   2.8524e+02
20251216_12:00:00   7.3945e-01   1.4143e+02   1.2118e+01   0.0000e+00   3.7288e-02   2.9250e+02
20251216_15:00:00   7.6555e-01   1.4447e+02   1.2551e+01   0.0000e+00   1.2755e-01   2.8924e+02
20251216_18:00:00   7.8251e-01   1.4677e+02   1.2806e+01   0.0000e+00   2.0544e-01   2.8568e+02
20251216_21:00:00   7.3839e-01   1.4125e+02   1.2093e+01   1.6384e-05   1.7651e-01   2.9136e+02
20251217_00:00:00   8.4027e-01   1.5350e+02   1.2896e+01   1.8889e-02   4.0728e-01   2.9782e+02
20251217_03:00:00   1.1418e+00   1.8331e+02   1.2927e+01   1.5034e-01   2.0372e-01   3.0048e+02
20251217_06:00:00   1.7595e+00   2.2325e+02   1.4244e+01   3.7033e-01   1.7259e-02   3.0071e+02
20251217_09:00:00   1.8796e+00   2.2917e+02   1.6456e+01   3.4808e-01   1.7112e-02   3.0368e+02
20251217_12:00:00   2.3731e+00   2.4593e+02   1.8479e+01   4.8953e-01   1.7408e-02   3.0128e+02
