#            date       tau255        Tb[K]      pwv[mm] lwp[kg*m^-2] iwp[kg*m^-2]       o3[DU]
20251207_12:00:00   4.9722e-01   1.0708e+02   6.8440e+00   0.0000e+00   1.7727e-04   3.3689e+02
20251207_13:00:00   4.5894e-01   1.0074e+02   6.3147e+00   0.0000e+00   9.0215e-05   3.3258e+02
20251207_14:00:00   4.4693e-01   9.8493e+01   6.1862e+00   0.0000e+00   2.8874e-05   3.3214e+02
20251207_15:00:00   4.2824e-01   9.5122e+01   5.9770e+00   0.0000e+00   2.1626e-05   3.3752e+02
20251207_16:00:00   3.9251e-01   8.8870e+01   5.5328e+00   0.0000e+00   1.6607e-05   3.4440e+02
20251207_17:00:00   3.5721e-01   8.2432e+01   5.0786e+00   0.0000e+00   9.4156e-05   3.4021e+02
20251207_18:00:00   3.0616e-01   7.2936e+01   4.3897e+00   0.0000e+00   3.4053e-04   3.3986e+02
20251207_19:00:00   2.3543e-01   5.8866e+01   3.3566e+00   0.0000e+00   1.4570e-04   3.2782e+02
20251207_20:00:00   1.7355e-01   4.5754e+01   2.3348e+00   0.0000e+00   2.9840e-06   3.2465e+02
20251207_21:00:00   1.6007e-01   4.2792e+01   2.0867e+00   0.0000e+00   0.0000e+00   3.3123e+02
20251207_22:00:00   1.6872e-01   4.4590e+01   2.2060e+00   0.0000e+00   0.0000e+00   3.5238e+02
20251207_23:00:00   1.7501e-01   4.5869e+01   2.3104e+00   0.0000e+00   0.0000e+00   3.4008e+02
20251208_00:00:00   1.8556e-01   4.8051e+01   2.4992e+00   0.0000e+00   5.4271e-05   3.3358e+02
20251208_01:00:00   2.0669e-01   5.2284e+01   2.9200e+00   0.0000e+00   1.2648e-03   3.3622e+02
20251208_02:00:00   2.3265e-01   5.7320e+01   3.4301e+00   0.0000e+00   5.7463e-03   3.3729e+02
20251208_03:00:00   2.4028e-01   5.8847e+01   3.5706e+00   0.0000e+00   4.1493e-03   3.3998e+02
20251208_04:00:00   2.4476e-01   5.9704e+01   3.6546e+00   0.0000e+00   3.6558e-03   3.3782e+02
20251208_05:00:00   2.5567e-01   6.1734e+01   3.8536e+00   0.0000e+00   1.1810e-02   3.3652e+02
20251208_06:00:00   2.7632e-01   6.5703e+01   4.1804e+00   0.0000e+00   4.9905e-02   3.3386e+02
20251208_07:00:00   3.0288e-01   7.0774e+01   4.5926e+00   0.0000e+00   9.6806e-02   3.3417e+02
20251208_08:00:00   3.5559e-01   8.0519e+01   5.3274e+00   0.0000e+00   2.5758e-01   3.4067e+02
20251208_09:00:00   4.0746e-01   8.9731e+01   6.0604e+00   0.0000e+00   2.3849e-01   3.4713e+02
20251208_10:00:00   4.6594e-01   9.9568e+01   6.9141e+00   0.0000e+00   7.1689e-02   3.4816e+02
20251208_11:00:00   5.1160e-01   1.0699e+02   7.5329e+00   0.0000e+00   2.4203e-02   3.4718e+02
20251208_12:00:00   5.3689e-01   1.1108e+02   7.8597e+00   0.0000e+00   1.5096e-02   3.4894e+02
20251208_13:00:00   5.1714e-01   1.0837e+02   7.4482e+00   0.0000e+00   3.4776e-02   3.5732e+02
20251208_14:00:00   5.0334e-01   1.0639e+02   7.2074e+00   0.0000e+00   1.9289e-02   3.5250e+02
20251208_15:00:00   4.9017e-01   1.0466e+02   6.9143e+00   0.0000e+00   7.6319e-03   3.5168e+02
20251208_16:00:00   4.9102e-01   1.0505e+02   6.8905e+00   0.0000e+00   4.9880e-03   3.5188e+02
20251208_17:00:00   4.9264e-01   1.0546e+02   6.9676e+00   0.0000e+00   4.1609e-03   3.4808e+02
20251208_18:00:00   4.7945e-01   1.0342e+02   6.9151e+00   0.0000e+00   2.8592e-03   3.5056e+02
20251208_19:00:00   4.8547e-01   1.0455e+02   7.0884e+00   0.0000e+00   5.5550e-03   3.5466e+02
20251208_20:00:00   5.1024e-01   1.0863e+02   7.5204e+00   0.0000e+00   2.2892e-02   3.5352e+02
20251208_21:00:00   5.4182e-01   1.1360e+02   8.0667e+00   0.0000e+00   6.8509e-03   3.5022e+02
20251208_22:00:00   5.2689e-01   1.1165e+02   7.8196e+00   0.0000e+00   2.2030e-03   3.4600e+02
20251208_23:00:00   5.3598e-01   1.1313e+02   8.0729e+00   0.0000e+00   1.1484e-03   3.4619e+02
20251209_00:00:00   6.1517e-01   1.2480e+02   9.4406e+00   0.0000e+00   1.9194e-04   3.4538e+02
20251209_01:00:00   6.6503e-01   1.3160e+02   1.0233e+01   0.0000e+00   4.4261e-03   3.4176e+02
20251209_02:00:00   6.8892e-01   1.3489e+02   1.0580e+01   0.0000e+00   1.4682e-02   3.4739e+02
20251209_03:00:00   7.0522e-01   1.3746e+02   1.0797e+01   0.0000e+00   2.4200e-02   3.5739e+02
20251209_04:00:00   7.4224e-01   1.4244e+02   1.1356e+01   0.0000e+00   5.1557e-02   3.6654e+02
20251209_05:00:00   7.5939e-01   1.4509e+02   1.1484e+01   0.0000e+00   7.7294e-02   3.7747e+02
20251209_06:00:00   7.5269e-01   1.4466e+02   1.1313e+01   0.0000e+00   2.1016e-03   3.8305e+02
20251209_07:00:00   7.2668e-01   1.4187e+02   1.0823e+01   0.0000e+00   3.8416e-04   3.9379e+02
20251209_08:00:00   6.7150e-01   1.3524e+02   9.8991e+00   0.0000e+00   0.0000e+00   3.9833e+02
20251209_09:00:00   5.9503e-01   1.2452e+02   8.6792e+00   0.0000e+00   8.8840e-06   4.0683e+02
20251209_10:00:00   4.5127e-01   1.0175e+02   6.4329e+00   0.0000e+00   4.5328e-05   3.9616e+02
20251209_11:00:00   3.9114e-01   9.0990e+01   5.6430e+00   0.0000e+00   0.0000e+00   3.8481e+02
20251209_12:00:00   3.8191e-01   8.9190e+01   5.5945e+00   0.0000e+00   6.6036e-04   3.7614e+02
20251209_13:00:00   3.8785e-01   9.0151e+01   5.7259e+00   0.0000e+00   2.2906e-03   3.6938e+02
20251209_14:00:00   3.9653e-01   9.1466e+01   5.9790e+00   0.0000e+00   7.8415e-03   3.6398e+02
20251209_15:00:00   3.9452e-01   9.0917e+01   6.1128e+00   0.0000e+00   5.6206e-02   3.5618e+02
20251209_16:00:00   4.3966e-01   9.8403e+01   6.9706e+00   0.0000e+00   7.4308e-02   3.5062e+02
20251209_17:00:00   4.9380e-01   1.0691e+02   8.0300e+00   0.0000e+00   1.0086e-01   3.4909e+02
20251209_18:00:00   5.5263e-01   1.1599e+02   9.0688e+00   0.0000e+00   1.9209e-02   3.4998e+02
20251209_19:00:00   6.7818e-01   1.3416e+02   1.0416e+01   1.8322e-02   1.0979e-02   3.5342e+02
20251209_20:00:00   9.0984e-01   1.6276e+02   1.1596e+01   8.1290e-02   1.1669e-01   3.5821e+02
20251209_21:00:00   9.0753e-01   1.6243e+02   1.3259e+01   3.5780e-02   1.5004e-01   3.4584e+02
20251209_22:00:00   8.8803e-01   1.6041e+02   1.4196e+01   1.0490e-03   4.0037e-01   3.4227e+02
20251209_23:00:00   9.9871e-01   1.7245e+02   1.5785e+01   0.0000e+00   5.6399e-01   3.4311e+02
20251210_00:00:00   9.8472e-01   1.7145e+02   1.5780e+01   0.0000e+00   1.7311e-01   3.3659e+02
20251210_01:00:00   1.0993e+00   1.8240e+02   1.7214e+01   3.4966e-04   3.3410e-01   3.3201e+02
20251210_02:00:00   2.1571e+00   2.4218e+02   1.9590e+01   3.5772e-01   6.7683e-01   3.2899e+02
20251210_03:00:00   2.0022e+00   2.3782e+02   1.8942e+01   3.2239e-01   3.3578e-01   3.3103e+02
20251210_04:00:00   1.1853e+00   1.9121e+02   1.7236e+01   3.7811e-02   1.3914e-01   3.3407e+02
20251210_05:00:00   1.2729e+00   1.9878e+02   1.8433e+01   2.4756e-02   3.5407e-01   3.3842e+02
20251210_06:00:00   2.2911e+00   2.4747e+02   1.8307e+01   4.4346e-01   4.9673e-01   3.4245e+02
20251210_07:00:00   1.0646e+00   1.8088e+02   1.4649e+01   2.7557e-02   2.0064e-03   3.4603e+02
20251210_08:00:00   2.0922e+00   2.4048e+02   1.2768e+01   4.9489e-01   1.4893e-03   3.4367e+02
20251210_09:00:00   1.9054e+00   2.3184e+02   1.0904e+01   4.7958e-01   4.2987e-03   3.4946e+02
20251210_10:00:00   1.7655e+00   2.2396e+02   9.6750e+00   4.6923e-01   1.7255e-02   3.5257e+02
20251210_11:00:00   5.8561e-01   1.2212e+02   7.4657e+00   1.7267e-02   2.3323e-02   3.5403e+02
20251210_12:00:00   6.0594e-01   1.2366e+02   8.4109e+00   2.9996e-03   7.6780e-02   3.4581e+02
20251210_13:00:00   5.4917e-01   1.1463e+02   7.8580e+00   4.1500e-05   1.4833e-02   3.3144e+02
20251210_14:00:00   5.9290e-01   1.2076e+02   8.5733e+00   0.0000e+00   2.5634e-02   3.2994e+02
20251210_15:00:00   6.1101e-01   1.2325e+02   8.9157e+00   0.0000e+00   1.1006e-02   3.2719e+02
20251210_16:00:00   6.2625e-01   1.2556e+02   9.1712e+00   1.5811e-05   1.0414e-03   3.1437e+02
20251210_17:00:00   6.0686e-01   1.2311e+02   8.8749e+00   1.0558e-04   1.3020e-03   3.0904e+02
20251210_18:00:00   5.7918e-01   1.1943e+02   8.4655e+00   2.6599e-04   7.3103e-04   3.0317e+02
20251210_19:00:00   5.3575e-01   1.1332e+02   7.8268e+00   4.4280e-05   2.9952e-04   3.0087e+02
20251210_20:00:00   5.4409e-01   1.1445e+02   7.8714e+00   3.7080e-04   4.2636e-04   2.9969e+02
20251210_21:00:00   5.4818e-01   1.1488e+02   7.9467e+00   6.4100e-05   4.3311e-04   2.9958e+02
20251210_22:00:00   5.1216e-01   1.0933e+02   7.3792e+00   8.7940e-05   4.8443e-04   3.0099e+02
20251210_23:00:00   4.8971e-01   1.0560e+02   7.0739e+00   0.0000e+00   4.2817e-04   3.0338e+02
20251211_00:00:00   4.5096e-01   9.9130e+01   6.5355e+00   0.0000e+00   9.4221e-04   3.0329e+02
20251211_01:00:00   4.3567e-01   9.6227e+01   6.4566e+00   0.0000e+00   1.2174e-03   2.9882e+02
20251211_02:00:00   4.1901e-01   9.3300e+01   6.2787e+00   0.0000e+00   1.0106e-03   2.9900e+02
20251211_03:00:00   4.1784e-01   9.2853e+01   6.4121e+00   0.0000e+00   4.3411e-03   3.0072e+02
20251211_04:00:00   4.1853e-01   9.2760e+01   6.5000e+00   0.0000e+00   1.9687e-02   3.0410e+02
20251211_05:00:00   4.3718e-01   9.5713e+01   6.8861e+00   0.0000e+00   1.9829e-02   3.0223e+02
20251211_06:00:00   4.5148e-01   9.8067e+01   7.1577e+00   0.0000e+00   8.3474e-02   2.9780e+02
20251211_07:00:00   5.2855e-01   1.1044e+02   8.3926e+00   0.0000e+00   1.5777e-01   2.9366e+02
20251211_08:00:00   6.4406e-01   1.2727e+02   1.0001e+01   0.0000e+00   3.2391e-01   2.9345e+02
20251211_09:00:00   6.0098e-01   1.2130e+02   9.3636e+00   0.0000e+00   1.6061e-01   3.0069e+02
20251211_10:00:00   6.0799e-01   1.2228e+02   9.4733e+00   0.0000e+00   2.3093e-01   3.0525e+02
20251211_11:00:00   6.4468e-01   1.2730e+02   9.9525e+00   0.0000e+00   1.5265e-01   3.0854e+02
20251211_12:00:00   6.5042e-01   1.2836e+02   9.9225e+00   0.0000e+00   7.2576e-02   3.0735e+02
20251211_13:00:00   6.8220e-01   1.3242e+02   1.0221e+01   0.0000e+00   3.3256e-01   3.0592e+02
20251211_14:00:00   6.7382e-01   1.3184e+02   1.0077e+01   5.9820e-06   8.8958e-02   3.0407e+02
20251211_15:00:00   7.0760e-01   1.3565e+02   1.0452e+01   3.2760e-05   4.5285e-01   3.0258e+02
20251211_16:00:00   7.1655e-01   1.3695e+02   1.0615e+01   5.0320e-05   3.0975e-01   3.0712e+02
20251211_17:00:00   7.1752e-01   1.3697e+02   1.0563e+01   2.5200e-05   3.7361e-01   3.0970e+02
20251211_18:00:00   6.9460e-01   1.3390e+02   1.0130e+01   9.6700e-06   4.7610e-01   3.1191e+02
20251211_19:00:00   6.5898e-01   1.2943e+02   9.5223e+00   0.0000e+00   2.1659e-01   3.1475e+02
20251211_20:00:00   6.3290e-01   1.2593e+02   9.0075e+00   0.0000e+00   2.4095e-01   3.1595e+02
20251211_21:00:00   6.0425e-01   1.2194e+02   8.5606e+00   0.0000e+00   9.7285e-02   3.2015e+02
20251211_22:00:00   5.6162e-01   1.1582e+02   7.9130e+00   0.0000e+00   3.0110e-03   3.2054e+02
20251211_23:00:00   5.1844e-01   1.0926e+02   7.2428e+00   0.0000e+00   3.7342e-03   3.2290e+02
20251212_00:00:00   4.5599e-01   9.9302e+01   6.2737e+00   0.0000e+00   5.8525e-03   3.2601e+02
20251212_01:00:00   4.2052e-01   9.3186e+01   5.8034e+00   0.0000e+00   2.3087e-03   3.2642e+02
20251212_02:00:00   3.9258e-01   8.8201e+01   5.5534e+00   0.0000e+00   3.6006e-03   3.2493e+02
20251212_03:00:00   3.7773e-01   8.5388e+01   5.4466e+00   0.0000e+00   7.4737e-03   3.2459e+02
20251212_04:00:00   3.8321e-01   8.6094e+01   5.6352e+00   0.0000e+00   4.2352e-02   3.3258e+02
20251212_05:00:00   3.7655e-01   8.4824e+01   5.5539e+00   0.0000e+00   1.7894e-02   3.3476e+02
20251212_06:00:00   3.5914e-01   8.1607e+01   5.3047e+00   0.0000e+00   1.3119e-02   3.3771e+02
20251212_07:00:00   3.4900e-01   7.9598e+01   5.1740e+00   0.0000e+00   5.4184e-03   3.4387e+02
20251212_08:00:00   3.5537e-01   8.0417e+01   5.3352e+00   0.0000e+00   8.5895e-03   3.4545e+02
20251212_09:00:00   3.7580e-01   8.3689e+01   5.7087e+00   0.0000e+00   5.2624e-03   3.4249e+02
20251212_10:00:00   3.7010e-01   8.2654e+01   5.5975e+00   0.0000e+00   3.6123e-03   3.4456e+02
20251212_11:00:00   3.7007e-01   8.2440e+01   5.5632e+00   0.0000e+00   9.7226e-02   3.4717e+02
20251212_12:00:00   3.4527e-01   7.7769e+01   5.1583e+00   0.0000e+00   1.8478e-01   3.4744e+02
20251212_15:00:00   1.9309e-01   4.8389e+01   2.4617e+00   0.0000e+00   3.7084e-04   3.5722e+02
20251212_18:00:00   1.9137e-01   4.8170e+01   2.2638e+00   0.0000e+00   6.8443e-04   3.6610e+02
20251212_21:00:00   2.0342e-01   5.0869e+01   2.4195e+00   0.0000e+00   6.4249e-04   3.5981e+02
20251213_00:00:00   2.3996e-01   5.8402e+01   3.0283e+00   0.0000e+00   5.3773e-04   3.6693e+02
20251213_03:00:00   2.7276e-01   6.4902e+01   3.5481e+00   0.0000e+00   7.5379e-04   3.6113e+02
20251213_06:00:00   2.6347e-01   6.3303e+01   3.3887e+00   0.0000e+00   2.3603e-04   3.6774e+02
20251213_09:00:00   2.3271e-01   5.7382e+01   2.9775e+00   0.0000e+00   9.0991e-04   3.6445e+02
20251213_12:00:00   2.3667e-01   5.7993e+01   3.2005e+00   0.0000e+00   4.7484e-03   3.4814e+02
20251213_15:00:00   2.5658e-01   6.1855e+01   3.7217e+00   0.0000e+00   3.9846e-02   3.2636e+02
20251213_18:00:00   3.6200e-01   8.1322e+01   5.5815e+00   0.0000e+00   1.6705e-01   3.2236e+02
20251213_21:00:00   4.9023e-01   1.0280e+02   7.6503e+00   0.0000e+00   4.1833e-01   3.1272e+02
20251214_00:00:00   6.2479e-01   1.2283e+02   9.3903e+00   0.0000e+00   6.4976e-01   3.1371e+02
20251214_03:00:00   5.6412e-01   1.1430e+02   8.2713e+00   1.4046e-05   4.2278e-01   3.3355e+02
20251214_06:00:00   4.2104e-01   9.2381e+01   5.5542e+00   0.0000e+00   2.4938e-01   3.4924e+02
20251214_09:00:00   4.2833e-01   9.3337e+01   5.7102e+00   0.0000e+00   1.8499e-01   3.5436e+02
20251214_12:00:00   3.7706e-01   8.4189e+01   5.0231e+00   0.0000e+00   7.0538e-03   3.5384e+02
20251214_15:00:00   2.9004e-01   6.8571e+01   3.8000e+00   0.0000e+00   2.4358e-05   3.2998e+02
20251214_18:00:00   2.8210e-01   6.7474e+01   3.6958e+00   0.0000e+00   6.7356e-04   3.0610e+02
20251214_21:00:00   2.9762e-01   7.0548e+01   4.1157e+00   0.0000e+00   4.8266e-04   3.0072e+02
20251215_00:00:00   2.8869e-01   6.8867e+01   4.2291e+00   0.0000e+00   2.2464e-05   2.8109e+02
20251215_03:00:00   3.4687e-01   7.9419e+01   5.4258e+00   0.0000e+00   3.0224e-03   2.8460e+02
20251215_06:00:00   3.7869e-01   8.5331e+01   5.9339e+00   0.0000e+00   4.6687e-02   2.7306e+02
20251215_09:00:00   4.5167e-01   9.7966e+01   6.9612e+00   0.0000e+00   7.7526e-02   2.6473e+02
20251215_12:00:00   3.5893e-01   8.2289e+01   5.4000e+00   6.2340e-04   1.3038e-02   2.6319e+02
20251215_15:00:00   3.3538e-01   7.8497e+01   4.7695e+00   0.0000e+00   9.0549e-06   2.6523e+02
20251215_18:00:00   3.4460e-01   8.0469e+01   4.7612e+00   0.0000e+00   7.4261e-06   2.6764e+02
20251215_21:00:00   3.5429e-01   8.2277e+01   4.9630e+00   0.0000e+00   4.9899e-04   2.7350e+02
20251216_00:00:00   2.9838e-01   7.1279e+01   4.3001e+00   0.0000e+00   1.7637e-04   2.7787e+02
20251216_03:00:00   2.6643e-01   6.4848e+01   3.9060e+00   0.0000e+00   3.1875e-03   2.8187e+02
20251216_06:00:00   2.6999e-01   6.5392e+01   4.1152e+00   0.0000e+00   5.6943e-05   2.8644e+02
20251216_09:00:00   2.9708e-01   7.0929e+01   4.6498e+00   0.0000e+00   1.4334e-03   2.8963e+02
20251216_12:00:00   4.0293e-01   9.0968e+01   6.4759e+00   0.0000e+00   8.5525e-04   2.9344e+02
20251216_15:00:00   4.8847e-01   1.0628e+02   7.9861e+00   0.0000e+00   2.9590e-03   2.9516e+02
20251216_18:00:00   4.6047e-01   1.0184e+02   7.6822e+00   0.0000e+00   4.5229e-04   2.9613e+02
20251216_21:00:00   6.3738e-01   1.2937e+02   1.0786e+01   0.0000e+00   4.4532e-03   2.9764e+02
20251217_00:00:00   8.1434e-01   1.5242e+02   1.3782e+01   0.0000e+00   1.1135e-01   2.9785e+02
20251217_03:00:00   9.5915e-01   1.6927e+02   1.5862e+01   0.0000e+00   4.1017e-01   2.9949e+02
20251217_06:00:00   8.6705e-01   1.6028e+02   1.4161e+01   0.0000e+00   8.3660e-06   3.0535e+02
20251217_09:00:00   6.8712e-01   1.3894e+02   1.1172e+01   0.0000e+00   3.5839e-04   3.0768e+02
20251217_12:00:00   7.2775e-01   1.4419e+02   1.1758e+01   0.0000e+00   6.6580e-04   3.0428e+02
20251217_15:00:00   6.5148e-01   1.3451e+02   1.0540e+01   0.0000e+00   1.0822e-03   2.9671e+02
20251217_18:00:00   6.3927e-01   1.3288e+02   1.0114e+01   0.0000e+00   3.0266e-03   3.0251e+02
20251217_21:00:00   7.9785e-01   1.5324e+02   1.3458e+01   0.0000e+00   1.0240e-01   3.0605e+02
20251218_00:00:00   1.0382e+00   1.7882e+02   1.7236e+01   0.0000e+00   4.3627e-01   3.0887e+02
20251218_03:00:00   1.1628e+00   1.8964e+02   1.7331e+01   1.5886e-02   1.9504e-02   3.1620e+02
20251218_06:00:00   1.3908e+00   2.0467e+02   1.0247e+01   2.9325e-01   8.1480e-03   3.2631e+02
20251218_09:00:00   4.9906e-01   1.0749e+02   7.8119e+00   0.0000e+00   3.9499e-03   3.3264e+02
20251218_12:00:00   5.5176e-01   1.1430e+02   8.6015e+00   0.0000e+00   1.8461e-02   3.3705e+02
20251218_15:00:00   4.9630e-01   1.0482e+02   7.5904e+00   0.0000e+00   2.7973e-02   3.5197e+02
20251218_18:00:00   3.2204e-01   7.4447e+01   4.8461e+00   0.0000e+00   4.9606e-03   3.4578e+02
20251218_21:00:00   2.3992e-01   5.8319e+01   3.4953e+00   0.0000e+00   2.3157e-04   3.5087e+02
20251219_00:00:00   2.1451e-01   5.3082e+01   2.9952e+00   0.0000e+00   6.6901e-06   3.7091e+02
20251219_03:00:00   2.1467e-01   5.3121e+01   2.9626e+00   0.0000e+00   1.7269e-04   3.6637e+02
20251219_06:00:00   1.6819e-01   4.3635e+01   2.1320e+00   0.0000e+00   7.0130e-06   3.7173e+02
20251219_09:00:00   1.4152e-01   3.7949e+01   1.6860e+00   0.0000e+00   6.6593e-06   3.6359e+02
20251219_12:00:00   1.7343e-01   4.4751e+01   2.4141e+00   0.0000e+00   3.1219e-06   3.7274e+02
20251219_15:00:00   2.7141e-01   6.4733e+01   4.1935e+00   0.0000e+00   1.6861e-05   3.5469e+02
20251219_18:00:00   3.9146e-01   8.7116e+01   6.1417e+00   0.0000e+00   2.9575e-02   3.2837e+02
20251219_21:00:00   4.7783e-01   1.0205e+02   7.4054e+00   0.0000e+00   1.2967e-02   3.4048e+02
20251220_00:00:00   4.4516e-01   9.6833e+01   7.2267e+00   0.0000e+00   4.5991e-02   3.4899e+02
20251220_03:00:00   5.0691e-01   1.0691e+02   8.3273e+00   0.0000e+00   1.5080e-01   3.5977e+02
20251220_06:00:00   7.3424e-01   1.3936e+02   1.1576e+01   0.0000e+00   4.1848e-01   3.6461e+02
20251220_09:00:00   1.2237e+00   1.8885e+02   1.1486e+01   2.2555e-01   8.1759e-02   3.6728e+02
20251220_12:00:00   2.0261e+00   2.3269e+02   1.3457e+01   5.1064e-01   4.7657e-02   3.6747e+02
20251220_15:00:00   1.8594e+00   2.2681e+02   1.4243e+01   4.1525e-01   8.5752e-02   3.6883e+02
20251220_18:00:00   1.8261e+00   2.2483e+02   1.5301e+01   3.6529e-01   3.7445e-01   3.6747e+02
20251220_21:00:00   9.6285e-01   1.6571e+02   1.4343e+01   1.4882e-02   5.5958e-01   3.7673e+02
20251221_00:00:00   6.3309e-01   1.2592e+02   9.1781e+00   4.3680e-04   2.9900e-01   3.8273e+02
20251221_03:00:00   4.7909e-01   1.0199e+02   6.8632e+00   0.0000e+00   2.6859e-03   3.8231e+02
20251221_06:00:00   3.9955e-01   8.8434e+01   5.7401e+00   0.0000e+00   6.2305e-04   3.8669e+02
20251221_09:00:00   3.0518e-01   7.1792e+01   4.1024e+00   0.0000e+00   5.8464e-04   3.7837e+02
20251221_12:00:00   2.4348e-01   5.9717e+01   3.1636e+00   0.0000e+00   1.3536e-05   3.7330e+02
20251221_15:00:00   2.1802e-01   5.4466e+01   2.8580e+00   0.0000e+00   9.3330e-06   3.6463e+02
20251221_18:00:00   2.3884e-01   5.8507e+01   3.2975e+00   0.0000e+00   1.0515e-05   3.5781e+02
20251221_21:00:00   2.3613e-01   5.7952e+01   3.3540e+00   0.0000e+00   1.0555e-06   3.4351e+02
20251222_00:00:00   2.1726e-01   5.4229e+01   3.1168e+00   0.0000e+00   3.8180e-05   3.5618e+02
20251222_03:00:00   2.5248e-01   6.1334e+01   3.7007e+00   0.0000e+00   4.6565e-04   3.3597e+02
20251222_06:00:00   2.2237e-01   5.5717e+01   3.2434e+00   0.0000e+00   1.1331e-04   3.1405e+02
20251222_09:00:00   2.6529e-01   6.4108e+01   4.2248e+00   0.0000e+00   5.3413e-02   3.1198e+02
20251222_12:00:00   3.8681e-01   8.6524e+01   6.3505e+00   0.0000e+00   2.8817e-01   3.1468e+02
20251222_15:00:00   6.4892e-01   1.2793e+02   1.0308e+01   0.0000e+00   5.1953e-01   3.0287e+02
20251222_18:00:00   7.0944e-01   1.3679e+02   1.1275e+01   0.0000e+00   2.2371e-01   3.0193e+02
20251222_21:00:00   7.2226e-01   1.4006e+02   1.1418e+01   0.0000e+00   0.0000e+00   3.0521e+02
20251223_00:00:00   7.4173e-01   1.4382e+02   1.1867e+01   0.0000e+00   1.7670e-03   3.1280e+02
20251223_03:00:00   8.2950e-01   1.5590e+02   1.3455e+01   0.0000e+00   3.0303e-03   3.0807e+02
20251223_06:00:00   9.1132e-01   1.6585e+02   1.4922e+01   0.0000e+00   1.8400e-02   2.8814e+02
20251223_09:00:00   1.0070e+00   1.7622e+02   1.6564e+01   0.0000e+00   3.8134e-02   2.8304e+02
20251223_12:00:00   1.1257e+00   1.8609e+02   1.8033e+01   0.0000e+00   3.6794e-02   2.7934e+02
