#            date       tau255        Tb[K]      pwv[mm] lwp[kg*m^-2] iwp[kg*m^-2]       o3[DU]
20251208_06:00:00   2.3925e-01   5.8375e+01   3.5920e+00   0.0000e+00   1.9472e-02   3.3776e+02
20251208_07:00:00   2.5836e-01   6.2123e+01   3.8932e+00   0.0000e+00   5.5781e-02   3.3537e+02
20251208_08:00:00   2.9427e-01   6.9071e+01   4.3968e+00   0.0000e+00   2.0594e-01   3.3542e+02
20251208_09:00:00   3.3998e-01   7.7673e+01   5.1037e+00   0.0000e+00   1.2390e-01   3.3640e+02
20251208_10:00:00   3.8141e-01   8.5220e+01   5.7123e+00   0.0000e+00   3.2613e-02   3.3769e+02
20251208_11:00:00   4.2282e-01   9.2472e+01   6.2968e+00   0.0000e+00   1.4652e-02   3.3889e+02
20251208_12:00:00   4.5149e-01   9.7316e+01   6.6898e+00   0.0000e+00   2.0196e-02   3.4411e+02
20251208_13:00:00   4.6892e-01   1.0036e+02   6.8564e+00   0.0000e+00   2.1719e-02   3.5533e+02
20251208_14:00:00   4.6002e-01   9.9310e+01   6.5841e+00   0.0000e+00   1.5848e-02   3.5305e+02
20251208_15:00:00   4.5117e-01   9.8073e+01   6.4102e+00   0.0000e+00   9.6999e-03   3.4962e+02
20251208_16:00:00   4.4289e-01   9.6980e+01   6.2458e+00   0.0000e+00   1.6546e-03   3.4448e+02
20251208_17:00:00   4.4398e-01   9.7333e+01   6.2327e+00   0.0000e+00   3.8311e-03   3.4298e+02
20251208_18:00:00   4.4265e-01   9.7282e+01   6.2004e+00   0.0000e+00   4.4778e-03   3.4723e+02
20251208_19:00:00   4.2572e-01   9.4562e+01   6.0608e+00   0.0000e+00   2.8719e-03   3.5513e+02
20251208_20:00:00   4.1484e-01   9.2851e+01   5.9814e+00   0.0000e+00   9.2363e-03   3.6648e+02
20251208_21:00:00   4.6274e-01   1.0082e+02   6.8662e+00   0.0000e+00   3.7168e-03   3.6318e+02
20251208_22:00:00   4.8197e-01   1.0425e+02   7.1560e+00   0.0000e+00   5.1972e-03   3.5493e+02
20251208_23:00:00   4.8495e-01   1.0495e+02   7.2009e+00   0.0000e+00   3.1455e-03   3.5133e+02
20251209_00:00:00   5.1665e-01   1.0996e+02   7.7842e+00   0.0000e+00   2.6931e-03   3.4491e+02
20251209_01:00:00   6.2205e-01   1.2527e+02   9.4977e+00   0.0000e+00   2.0423e-02   3.5353e+02
20251209_02:00:00   6.7745e-01   1.3298e+02   1.0193e+01   0.0000e+00   1.0201e-01   3.6061e+02
20251209_03:00:00   6.6308e-01   1.3146e+02   9.9704e+00   0.0000e+00   4.8624e-02   3.6351e+02
20251209_04:00:00   6.9635e-01   1.3624e+02   1.0428e+01   0.0000e+00   1.7321e-02   3.6438e+02
20251209_05:00:00   6.9849e-01   1.3688e+02   1.0456e+01   0.0000e+00   3.6218e-02   3.7735e+02
20251209_06:00:00   7.4412e-01   1.4306e+02   1.1047e+01   6.5800e-05   5.3265e-02   3.9071e+02
20251209_07:00:00   7.1470e-01   1.3971e+02   1.0644e+01   0.0000e+00   3.2396e-02   3.9943e+02
20251209_08:00:00   6.8612e-01   1.3634e+02   1.0203e+01   0.0000e+00   7.9456e-03   4.0131e+02
20251209_09:00:00   5.9541e-01   1.2419e+02   8.6877e+00   0.0000e+00   2.9002e-04   3.9466e+02
20251209_10:00:00   5.0613e-01   1.1065e+02   7.2904e+00   0.0000e+00   5.9140e-06   3.8845e+02
20251209_11:00:00   4.6644e-01   1.0409e+02   6.7059e+00   0.0000e+00   1.1232e-04   3.7716e+02
20251209_12:00:00   4.3756e-01   9.8955e+01   6.4007e+00   0.0000e+00   3.8092e-03   3.7338e+02
20251209_13:00:00   4.4816e-01   1.0056e+02   6.6398e+00   0.0000e+00   9.5897e-03   3.6854e+02
20251209_14:00:00   4.4268e-01   9.9431e+01   6.6877e+00   0.0000e+00   2.8581e-02   3.6126e+02
20251209_15:00:00   4.3236e-01   9.7540e+01   6.6516e+00   0.0000e+00   2.2529e-02   3.5688e+02
20251209_16:00:00   4.7775e-01   1.0468e+02   7.5587e+00   0.0000e+00   5.4657e-02   3.5459e+02
20251209_17:00:00   5.3843e-01   1.1400e+02   8.7126e+00   0.0000e+00   1.5722e-02   3.5391e+02
20251209_18:00:00   6.2474e-01   1.2683e+02   1.0076e+01   1.8242e-03   2.3164e-02   3.4849e+02
20251209_19:00:00   8.1995e-01   1.5261e+02   1.1721e+01   3.8140e-02   1.3454e-01   3.4656e+02
20251209_20:00:00   1.0417e+00   1.7661e+02   1.3510e+01   7.9770e-02   1.9813e-01   3.5145e+02
20251209_21:00:00   1.0101e+00   1.7349e+02   1.4764e+01   2.9350e-02   4.5553e-01   3.4916e+02
20251209_22:00:00   1.0090e+00   1.7337e+02   1.5582e+01   4.2700e-03   5.0276e-01   3.3718e+02
20251209_23:00:00   1.0367e+00   1.7631e+02   1.6280e+01   3.1480e-04   2.3922e-01   3.3459e+02
20251210_00:00:00   1.0567e+00   1.7845e+02   1.6195e+01   1.1567e-02   1.8275e-01   3.3801e+02
20251210_01:00:00   1.3677e+00   2.0361e+02   1.8541e+01   5.8514e-02   7.5877e-01   3.3541e+02
20251210_02:00:00   3.1641e+00   2.6301e+02   1.9028e+01   7.8910e-01   3.3542e-01   3.3119e+02
20251210_03:00:00   2.7452e+00   2.5743e+02   1.8589e+01   6.2487e-01   2.1518e-02   3.3750e+02
20251210_04:00:00   2.9964e+00   2.6190e+02   1.8817e+01   7.1494e-01   3.8827e-01   3.4446e+02
20251210_05:00:00   2.2201e+00   2.4513e+02   1.8630e+01   3.9061e-01   9.8582e-01   3.5052e+02
20251210_06:00:00   1.7434e+00   2.2683e+02   1.6440e+01   2.5551e-01   1.4379e-01   3.5926e+02
20251210_07:00:00   3.2284e+00   2.6396e+02   1.6522e+01   8.6141e-01   1.7473e-01   3.5879e+02
20251210_08:00:00   3.6296e+00   2.6751e+02   1.5074e+01   1.0666e+00   1.0440e-01   3.5458e+02
20251210_09:00:00   2.0249e+00   2.3742e+02   1.2401e+01   4.8285e-01   1.1798e-02   3.4167e+02
20251210_10:00:00   9.1868e-01   1.6374e+02   1.0902e+01   7.1995e-02   1.0799e-02   3.4208e+02
20251210_11:00:00   6.7211e-01   1.3309e+02   9.6515e+00   2.5966e-03   3.6856e-02   3.3480e+02
20251210_12:00:00   6.8458e-01   1.3421e+02   9.8636e+00   1.7672e-04   1.3959e-01   3.3635e+02
20251210_13:00:00   6.7023e-01   1.3174e+02   9.6900e+00   0.0000e+00   9.8445e-02   3.3870e+02
20251210_14:00:00   6.9396e-01   1.3440e+02   1.0098e+01   0.0000e+00   2.2511e-01   3.3337e+02
20251210_15:00:00   6.8922e-01   1.3379e+02   1.0064e+01   6.5620e-05   6.8982e-02   3.2866e+02
20251210_16:00:00   6.6532e-01   1.3074e+02   9.5326e+00   5.6338e-03   5.3149e-03   3.3246e+02
20251210_17:00:00   6.1439e-01   1.2393e+02   9.0019e+00   8.1920e-06   5.8666e-04   3.2974e+02
20251210_18:00:00   5.8237e-01   1.1949e+02   8.3955e+00   2.5199e-03   6.2198e-04   3.2784e+02
20251210_19:00:00   5.5666e-01   1.1571e+02   8.0523e+00   6.9280e-04   4.7625e-04   3.2161e+02
20251210_20:00:00   5.5973e-01   1.1600e+02   8.1250e+00   1.2494e-04   5.3907e-04   3.1889e+02
20251210_21:00:00   5.6272e-01   1.1633e+02   8.1844e+00   1.2738e-05   6.5422e-04   3.1640e+02
20251210_22:00:00   5.5484e-01   1.1525e+02   8.0415e+00   3.3880e-06   5.6791e-04   3.1622e+02
20251210_23:00:00   5.1722e-01   1.0956e+02   7.4000e+00   0.0000e+00   4.7739e-04   3.1302e+02
20251211_00:00:00   4.5770e-01   1.0011e+02   6.4633e+00   0.0000e+00   3.5579e-04   3.1286e+02
20251211_01:00:00   4.3238e-01   9.5677e+01   6.1330e+00   0.0000e+00   8.7947e-04   3.1100e+02
20251211_02:00:00   4.2880e-01   9.4785e+01   6.1796e+00   0.0000e+00   2.2714e-03   3.0647e+02
20251211_03:00:00   4.2539e-01   9.4037e+01   6.2162e+00   0.0000e+00   1.0981e-03   3.0926e+02
20251211_04:00:00   4.0839e-01   9.1119e+01   5.9793e+00   1.0820e-03   1.5384e-03   3.0949e+02
20251211_05:00:00   4.0712e-01   9.0710e+01   6.0027e+00   1.6321e-03   5.4211e-03   3.0674e+02
20251211_06:00:00   3.9787e-01   8.8977e+01   6.0498e+00   5.5200e-05   6.3901e-03   3.0939e+02
20251211_07:00:00   3.9926e-01   8.9106e+01   6.1541e+00   0.0000e+00   1.3303e-02   3.0701e+02
20251211_08:00:00   3.9350e-01   8.8158e+01   6.1493e+00   0.0000e+00   1.3813e-02   3.0998e+02
20251211_09:00:00   4.2379e-01   9.3276e+01   6.5928e+00   0.0000e+00   8.1846e-02   3.0703e+02
20251211_10:00:00   4.5954e-01   9.9235e+01   7.2223e+00   0.0000e+00   5.8014e-02   3.1187e+02
20251211_11:00:00   4.9980e-01   1.0563e+02   7.8133e+00   0.0000e+00   1.6915e-01   3.1725e+02
20251211_12:00:00   5.2807e-01   1.1010e+02   8.2153e+00   0.0000e+00   5.6668e-02   3.2271e+02
20251211_13:00:00   5.4225e-01   1.1222e+02   8.3996e+00   0.0000e+00   1.4011e-01   3.2599e+02
20251211_14:00:00   5.3601e-01   1.1141e+02   8.2463e+00   0.0000e+00   4.0704e-02   3.2414e+02
20251211_15:00:00   5.3159e-01   1.1067e+02   8.1479e+00   0.0000e+00   4.3064e-02   3.1876e+02
20251211_16:00:00   5.2734e-01   1.1015e+02   8.0585e+00   0.0000e+00   2.2795e-02   3.2048e+02
20251211_17:00:00   5.2849e-01   1.1014e+02   8.0763e+00   0.0000e+00   8.8981e-02   3.2330e+02
20251211_18:00:00   5.2329e-01   1.0937e+02   8.0507e+00   0.0000e+00   7.6107e-02   3.2595e+02
20251211_19:00:00   5.3873e-01   1.1151e+02   8.4333e+00   0.0000e+00   8.5223e-02   3.2821e+02
20251211_20:00:00   5.2674e-01   1.0986e+02   8.1791e+00   0.0000e+00   4.9377e-02   3.2829e+02
20251211_21:00:00   5.2617e-01   1.0984e+02   8.1521e+00   0.0000e+00   4.4674e-02   3.2841e+02
20251211_22:00:00   5.0529e-01   1.0671e+02   7.7861e+00   0.0000e+00   2.1606e-02   3.2679e+02
20251211_23:00:00   4.9231e-01   1.0474e+02   7.5595e+00   0.0000e+00   1.0448e-02   3.2619e+02
20251212_00:00:00   4.7260e-01   1.0159e+02   7.2410e+00   0.0000e+00   6.1894e-03   3.2184e+02
20251212_01:00:00   4.4681e-01   9.7418e+01   6.8499e+00   0.0000e+00   5.1901e-03   3.2303e+02
20251212_02:00:00   4.4633e-01   9.7251e+01   6.9123e+00   0.0000e+00   1.2280e-02   3.2027e+02
20251212_03:00:00   4.3804e-01   9.5935e+01   6.7800e+00   0.0000e+00   7.0929e-03   3.1533e+02
20251212_04:00:00   4.3537e-01   9.5542e+01   6.7308e+00   0.0000e+00   3.8096e-02   3.1666e+02
20251212_05:00:00   4.1881e-01   9.2846e+01   6.4396e+00   0.0000e+00   2.3902e-03   3.1775e+02
20251212_06:00:00   4.0757e-01   9.0911e+01   6.2634e+00   0.0000e+00   2.1582e-02   3.1901e+02
20251212_07:00:00   3.8900e-01   8.7785e+01   5.9323e+00   0.0000e+00   7.7202e-03   3.2163e+02
20251212_08:00:00   3.9095e-01   8.8027e+01   5.9908e+00   0.0000e+00   1.9741e-02   3.2411e+02
20251212_09:00:00   4.0265e-01   9.0070e+01   6.1679e+00   0.0000e+00   4.5686e-02   3.2530e+02
20251212_10:00:00   4.4258e-01   9.6693e+01   6.8078e+00   0.0000e+00   2.2903e-01   3.2761e+02
20251212_11:00:00   4.7787e-01   1.0244e+02   7.5050e+00   0.0000e+00   8.9956e-02   3.3307e+02
20251212_12:00:00   5.1130e-01   1.0760e+02   8.0108e+00   0.0000e+00   1.4819e-01   3.3716e+02
20251212_13:00:00   5.6128e-01   1.1498e+02   8.6625e+00   0.0000e+00   3.1267e-01   3.3892e+02
20251212_14:00:00   5.8017e-01   1.1786e+02   8.9215e+00   0.0000e+00   1.7632e-01   3.4689e+02
20251212_15:00:00   5.8799e-01   1.1906e+02   8.8695e+00   0.0000e+00   8.3144e-02   3.5401e+02
20251212_16:00:00   6.1667e-01   1.2315e+02   9.1775e+00   0.0000e+00   1.6735e-01   3.5315e+02
20251212_17:00:00   6.3806e-01   1.2636e+02   9.2972e+00   7.8040e-07   8.0932e-02   3.6037e+02
20251212_18:00:00   6.2990e-01   1.2509e+02   9.0508e+00   1.8234e-05   1.3247e-01   3.5866e+02
20251212_19:00:00   5.9059e-01   1.1978e+02   8.2599e+00   5.2900e-03   2.3482e-02   3.5484e+02
20251212_20:00:00   5.5842e-01   1.1507e+02   7.7253e+00   7.6105e-03   2.5924e-02   3.5258e+02
20251212_21:00:00   5.0879e-01   1.0739e+02   7.2875e+00   9.1800e-05   7.5537e-03   3.4537e+02
20251212_22:00:00   4.4659e-01   9.7185e+01   6.4282e+00   0.0000e+00   1.1865e-03   3.4351e+02
20251212_23:00:00   3.9297e-01   8.7836e+01   5.7543e+00   0.0000e+00   1.2712e-03   3.3537e+02
20251213_00:00:00   3.3387e-01   7.7064e+01   4.9195e+00   0.0000e+00   2.9052e-03   3.3275e+02
20251213_01:00:00   2.8293e-01   6.7223e+01   4.2583e+00   0.0000e+00   4.1776e-03   3.2980e+02
20251213_02:00:00   2.6457e-01   6.3378e+01   4.0875e+00   0.0000e+00   4.8099e-03   3.2502e+02
20251213_03:00:00   2.7069e-01   6.4476e+01   4.2496e+00   0.0000e+00   2.9430e-03   3.2907e+02
20251213_04:00:00   2.7578e-01   6.5412e+01   4.3840e+00   0.0000e+00   1.5360e-03   3.2756e+02
20251213_05:00:00   2.8895e-01   6.7857e+01   4.6656e+00   0.0000e+00   3.3926e-03   3.2392e+02
20251213_06:00:00   3.0861e-01   7.1583e+01   5.0594e+00   0.0000e+00   5.8651e-03   3.1870e+02
20251213_09:00:00   3.9683e-01   8.7504e+01   6.6926e+00   0.0000e+00   2.9108e-02   3.1882e+02
20251213_12:00:00   5.0143e-01   1.0493e+02   8.2379e+00   0.0000e+00   1.1893e-01   3.1097e+02
20251213_15:00:00   5.6344e-01   1.1438e+02   9.2502e+00   0.0000e+00   6.3097e-02   3.1339e+02
20251213_18:00:00   5.9854e-01   1.1954e+02   9.8323e+00   0.0000e+00   1.8007e-01   3.1926e+02
20251213_21:00:00   6.6471e-01   1.2885e+02   1.0782e+01   0.0000e+00   2.3953e-01   3.1728e+02
20251214_00:00:00   6.9345e-01   1.3260e+02   1.0965e+01   0.0000e+00   1.5693e-01   3.0412e+02
20251214_03:00:00   6.6365e-01   1.2884e+02   1.0346e+01   0.0000e+00   5.5573e-02   3.0003e+02
20251214_06:00:00   5.8371e-01   1.1805e+02   8.8241e+00   0.0000e+00   8.6813e-03   3.0205e+02
20251214_09:00:00   4.7560e-01   1.0191e+02   7.1200e+00   0.0000e+00   1.1754e-03   3.0236e+02
20251214_12:00:00   4.3118e-01   9.4690e+01   6.6160e+00   0.0000e+00   1.6207e-04   3.0318e+02
20251214_15:00:00   4.5571e-01   9.8907e+01   7.3194e+00   0.0000e+00   1.2601e-05   2.9316e+02
20251214_18:00:00   5.1327e-01   1.0854e+02   8.2741e+00   0.0000e+00   1.0786e-05   2.8127e+02
20251214_21:00:00   5.8478e-01   1.2000e+02   9.3166e+00   0.0000e+00   1.2520e-05   2.7776e+02
20251215_00:00:00   6.0905e-01   1.2405e+02   9.7469e+00   0.0000e+00   3.9578e-04   2.7538e+02
20251215_03:00:00   6.0779e-01   1.2424e+02   9.8613e+00   0.0000e+00   1.8491e-03   2.7448e+02
20251215_06:00:00   5.7148e-01   1.1915e+02   9.1984e+00   0.0000e+00   1.3218e-03   2.6971e+02
20251215_09:00:00   6.1383e-01   1.2553e+02   9.8634e+00   0.0000e+00   3.1709e-06   2.6873e+02
20251215_12:00:00   6.6292e-01   1.3282e+02   1.0417e+01   0.0000e+00   8.3060e-06   2.6676e+02
20251215_15:00:00   2.7269e+00   2.5405e+02   1.4680e+01   7.2882e-01   4.8521e-03   2.7567e+02
20251215_18:00:00   2.0727e+00   2.3774e+02   1.4004e+01   4.7045e-01   5.3778e-03   2.8676e+02
20251215_21:00:00   6.6136e-01   1.3292e+02   9.8964e+00   1.0062e-06   2.6295e-04   2.9044e+02
20251216_00:00:00   4.6232e-01   1.0276e+02   6.0244e+00   1.2803e-02   4.9444e-04   3.0078e+02
20251216_03:00:00   3.5248e-01   8.2700e+01   4.5520e+00   6.8200e-03   2.6920e-03   3.0520e+02
20251216_06:00:00   3.2811e-01   7.7606e+01   4.5075e+00   0.0000e+00   5.0118e-04   3.1548e+02
20251216_09:00:00   2.7861e-01   6.8143e+01   3.7764e+00   0.0000e+00   1.2110e-05   3.0262e+02
20251216_12:00:00   2.9647e-01   7.1334e+01   4.4175e+00   0.0000e+00   9.1450e-06   2.9478e+02
20251216_15:00:00   2.8365e-01   6.9219e+01   4.2140e+00   0.0000e+00   4.0516e-04   2.9245e+02
20251216_18:00:00   3.2012e-01   7.6062e+01   4.8938e+00   0.0000e+00   6.9680e-04   2.9367e+02
20251216_21:00:00   3.1486e-01   7.5194e+01   4.8093e+00   0.0000e+00   1.7242e-03   2.9393e+02
20251217_00:00:00   3.3473e-01   7.8950e+01   5.3114e+00   0.0000e+00   2.0881e-03   2.9066e+02
20251217_03:00:00   3.2918e-01   7.8376e+01   5.3514e+00   0.0000e+00   3.3977e-06   2.8901e+02
20251217_06:00:00   3.9273e-01   9.0563e+01   6.5640e+00   0.0000e+00   7.9910e-07   2.8752e+02
20251217_09:00:00   4.0600e-01   9.3480e+01   6.8837e+00   0.0000e+00   0.0000e+00   2.8826e+02
20251217_12:00:00   4.0823e-01   9.4320e+01   6.8959e+00   0.0000e+00   2.7440e-05   2.8824e+02
20251217_15:00:00   4.1476e-01   9.5952e+01   7.0183e+00   0.0000e+00   0.0000e+00   2.8778e+02
20251217_18:00:00   4.3117e-01   9.9237e+01   7.3019e+00   0.0000e+00   9.3220e-06   2.9342e+02
20251217_21:00:00   4.7603e-01   1.0784e+02   7.7826e+00   0.0000e+00   0.0000e+00   2.9573e+02
20251218_00:00:00   4.6477e-01   1.0568e+02   7.3636e+00   0.0000e+00   0.0000e+00   3.0270e+02
20251218_03:00:00   5.1968e-01   1.1478e+02   8.0526e+00   0.0000e+00   3.7293e-03   3.1391e+02
20251218_06:00:00   4.1156e-01   9.5825e+01   6.1113e+00   0.0000e+00   1.8643e-04   3.1757e+02
20251218_09:00:00   3.7269e-01   8.7773e+01   5.9809e+00   0.0000e+00   2.1918e-03   3.2114e+02
20251218_12:00:00   4.1948e-01   9.5465e+01   7.0744e+00   0.0000e+00   3.7661e-03   3.1368e+02
20251218_15:00:00   4.7111e-01   1.0380e+02   8.0680e+00   0.0000e+00   3.6374e-03   3.1455e+02
20251218_18:00:00   5.1504e-01   1.1080e+02   8.9134e+00   0.0000e+00   6.7577e-03   3.1003e+02
20251218_21:00:00   5.8263e-01   1.2126e+02   1.0356e+01   0.0000e+00   6.9185e-02   3.0281e+02
20251219_00:00:00   6.5782e-01   1.3273e+02   1.1801e+01   0.0000e+00   8.2530e-03   2.9531e+02
20251219_03:00:00   7.6693e-01   1.4789e+02   1.3679e+01   0.0000e+00   1.3819e-02   2.9142e+02
20251219_06:00:00   8.7167e-01   1.6233e+02   1.5077e+01   0.0000e+00   2.0400e-05   2.8796e+02
20251219_09:00:00   8.5630e-01   1.6185e+02   1.4817e+01   0.0000e+00   0.0000e+00   2.9325e+02
20251219_12:00:00   7.7088e-01   1.5227e+02   1.3545e+01   0.0000e+00   0.0000e+00   2.9726e+02
20251219_15:00:00   8.8979e-01   1.6738e+02   1.5455e+01   0.0000e+00   1.8314e-04   2.9272e+02
20251219_18:00:00   7.6974e-01   1.5292e+02   1.3680e+01   8.9650e-06   1.7128e-05   2.9120e+02
20251219_21:00:00   7.0404e-01   1.4451e+02   1.2481e+01   1.8238e-05   3.2780e-05   2.8987e+02
20251220_00:00:00   7.2789e-01   1.4774e+02   1.2951e+01   0.0000e+00   5.5340e-06   2.8203e+02
20251220_03:00:00   8.2554e-01   1.5977e+02   1.4812e+01   0.0000e+00   7.4431e-05   2.8257e+02
20251220_06:00:00   7.7934e-01   1.5443e+02   1.3688e+01   0.0000e+00   0.0000e+00   2.8495e+02
20251220_09:00:00   6.1655e-01   1.3247e+02   1.0122e+01   0.0000e+00   0.0000e+00   2.8696e+02
20251220_12:00:00   6.9937e-01   1.4494e+02   1.1031e+01   0.0000e+00   0.0000e+00   2.8951e+02
20251220_15:00:00   7.1818e-01   1.4759e+02   1.0914e+01   0.0000e+00   0.0000e+00   2.9053e+02
20251220_18:00:00   7.2108e-01   1.4870e+02   1.0343e+01   0.0000e+00   0.0000e+00   2.9067e+02
20251220_21:00:00   9.9080e-01   1.8024e+02   1.3922e+01   3.0600e-04   0.0000e+00   2.9640e+02
20251221_00:00:00   1.4738e+00   2.1525e+02   1.2828e+01   2.3331e-01   0.0000e+00   2.9329e+02
20251221_03:00:00   1.4027e+00   2.0753e+02   1.3171e+01   2.0287e-01   1.6581e-04   3.0355e+02
20251221_06:00:00   1.3264e+00   2.0158e+02   1.3629e+01   1.8128e-01   7.7944e-05   3.0103e+02
20251221_09:00:00   1.4752e+00   2.0958e+02   1.5814e+01   1.9977e-01   9.8468e-02   3.0034e+02
20251221_12:00:00   3.4768e+00   2.6218e+02   1.8905e+01   9.4398e-01   5.7179e-01   3.0147e+02
20251221_15:00:00   3.1336e+00   2.5822e+02   1.7162e+01   8.5151e-01   1.7960e-01   3.0214e+02
20251221_18:00:00   2.9272e+00   2.5445e+02   1.6248e+01   7.9570e-01   6.8490e-01   3.0174e+02
20251221_21:00:00   1.8795e+00   2.2671e+02   1.4883e+01   4.0459e-01   4.9755e-01   3.0265e+02
20251222_00:00:00   7.9183e-01   1.4570e+02   1.2440e+01   0.0000e+00   4.3426e-01   3.1135e+02
20251222_03:00:00   5.0934e-01   1.0740e+02   7.3061e+00   0.0000e+00   4.6329e-02   3.2298e+02
20251222_06:00:00   3.5664e-01   8.1847e+01   4.7291e+00   0.0000e+00   1.2277e-03   3.3223e+02
20251222_09:00:00   2.8919e-01   6.9065e+01   3.7954e+00   0.0000e+00   2.1831e-05   3.2587e+02
20251222_12:00:00   3.2899e-01   7.5793e+01   4.8594e+00   0.0000e+00   1.1303e-01   3.2959e+02
20251222_15:00:00   4.4831e-01   9.5856e+01   6.6879e+00   0.0000e+00   5.7761e-01   3.2943e+02
20251222_18:00:00   5.4745e-01   1.1142e+02   8.2590e+00   0.0000e+00   4.4014e-01   3.3298e+02
20251222_21:00:00   5.7957e-01   1.1622e+02   8.6655e+00   0.0000e+00   5.0176e-01   3.3504e+02
20251223_00:00:00   5.6117e-01   1.1360e+02   8.4227e+00   0.0000e+00   3.3537e-01   3.3846e+02
20251223_03:00:00   5.5173e-01   1.1196e+02   8.2801e+00   0.0000e+00   3.9123e-01   3.3615e+02
20251223_06:00:00   5.2996e-01   1.0859e+02   8.0198e+00   0.0000e+00   2.7239e-01   3.3216e+02
20251223_09:00:00   5.1844e-01   1.0649e+02   7.7872e+00   0.0000e+00   4.5643e-01   3.4093e+02
20251223_12:00:00   4.5119e-01   9.5599e+01   6.6533e+00   0.0000e+00   3.1153e-01   3.4636e+02
20251223_15:00:00   3.3508e-01   7.5823e+01   4.8325e+00   0.0000e+00   2.2114e-02   3.5031e+02
20251223_18:00:00   2.3877e-01   5.7567e+01   3.1985e+00   0.0000e+00   5.5194e-03   3.6204e+02
20251223_21:00:00   1.4761e-01   3.8741e+01   1.7850e+00   0.0000e+00   5.8084e-06   3.6874e+02
20251224_00:00:00   1.2353e-01   3.3580e+01   1.3323e+00   0.0000e+00   6.7130e-07   3.6541e+02
20251224_03:00:00   1.1345e-01   3.1367e+01   1.1379e+00   0.0000e+00   9.8310e-07   3.5307e+02
20251224_06:00:00   1.2176e-01   3.3240e+01   1.2481e+00   0.0000e+00   0.0000e+00   3.5879e+02
