#            date       tau255        Tb[K]      pwv[mm] lwp[kg*m^-2] iwp[kg*m^-2]       o3[DU]
20251210_12:00:00   5.8792e-01   1.1997e+02   8.5157e+00   0.0000e+00   8.9156e-03   3.3103e+02
20251210_13:00:00   5.9871e-01   1.2159e+02   8.5278e+00   0.0000e+00   4.8037e-02   3.2890e+02
20251210_14:00:00   5.9874e-01   1.2126e+02   8.6810e+00   2.4195e-04   1.8208e-03   3.2023e+02
20251210_15:00:00   6.0764e-01   1.2257e+02   8.7877e+00   1.5646e-03   4.1862e-03   3.1258e+02
20251210_16:00:00   5.9232e-01   1.2048e+02   8.2667e+00   8.7499e-03   4.8728e-03   3.0820e+02
20251210_17:00:00   5.1777e-01   1.0939e+02   7.3265e+00   5.4700e-03   1.0111e-03   3.1184e+02
20251210_18:00:00   5.1971e-01   1.0975e+02   7.4077e+00   3.2945e-03   1.1736e-03   3.1865e+02
20251210_19:00:00   5.5605e-01   1.1522e+02   7.7180e+00   9.3122e-03   1.6556e-03   3.1456e+02
20251210_20:00:00   5.6192e-01   1.1602e+02   7.8904e+00   5.1572e-03   4.0064e-03   3.1385e+02
20251210_21:00:00   5.5707e-01   1.1516e+02   7.9384e+00   0.0000e+00   1.5705e-02   3.1891e+02
20251210_22:00:00   5.6389e-01   1.1613e+02   7.9056e+00   0.0000e+00   4.0417e-02   3.1172e+02
20251210_23:00:00   5.1678e-01   1.0908e+02   7.1227e+00   0.0000e+00   2.5622e-02   3.0668e+02
20251211_00:00:00   4.6026e-01   1.0015e+02   6.2291e+00   0.0000e+00   5.7555e-03   2.9857e+02
20251211_01:00:00   4.1628e-01   9.2817e+01   5.5796e+00   0.0000e+00   1.6020e-03   3.0296e+02
20251211_02:00:00   3.9390e-01   8.8834e+01   5.3278e+00   0.0000e+00   4.6364e-04   3.0837e+02
20251211_03:00:00   3.8649e-01   8.7381e+01   5.2832e+00   0.0000e+00   4.4631e-04   3.0348e+02
20251211_04:00:00   3.9091e-01   8.7965e+01   5.4214e+00   0.0000e+00   4.2093e-04   3.0465e+02
20251211_05:00:00   3.8531e-01   8.6894e+01   5.3998e+00   0.0000e+00   2.4069e-04   3.0732e+02
20251211_06:00:00   3.7533e-01   8.5082e+01   5.2910e+00   0.0000e+00   2.3147e-04   3.0988e+02
20251211_07:00:00   3.6290e-01   8.2810e+01   5.1783e+00   0.0000e+00   2.4341e-03   3.0938e+02
20251211_08:00:00   3.4788e-01   8.0096e+01   5.0108e+00   0.0000e+00   4.8184e-03   3.0819e+02
20251211_09:00:00   3.4779e-01   8.0004e+01   5.1282e+00   0.0000e+00   9.3746e-03   3.0924e+02
20251211_10:00:00   3.5202e-01   8.0718e+01   5.2904e+00   0.0000e+00   3.7678e-03   3.1044e+02
20251211_11:00:00   3.7394e-01   8.4436e+01   5.7855e+00   0.0000e+00   4.9554e-03   3.0669e+02
20251211_12:00:00   3.8951e-01   8.7177e+01   6.1585e+00   0.0000e+00   8.9546e-03   3.0356e+02
20251211_13:00:00   4.1311e-01   9.1207e+01   6.5999e+00   0.0000e+00   6.2237e-03   3.0650e+02
20251211_14:00:00   4.2835e-01   9.3814e+01   6.9093e+00   0.0000e+00   2.2729e-02   3.0690e+02
20251211_15:00:00   4.3517e-01   9.4994e+01   7.0359e+00   0.0000e+00   4.7933e-02   3.0666e+02
20251211_16:00:00   4.5719e-01   9.8708e+01   7.4361e+00   0.0000e+00   5.5241e-02   3.0597e+02
20251211_17:00:00   5.3601e-01   1.1132e+02   8.6989e+00   0.0000e+00   1.3060e-01   3.0764e+02
20251211_18:00:00   6.4417e-01   1.2729e+02   1.0368e+01   0.0000e+00   9.8404e-02   3.1135e+02
20251211_19:00:00   7.8122e-01   1.4516e+02   1.2268e+01   0.0000e+00   4.0604e-01   3.1128e+02
20251211_20:00:00   8.6514e-01   1.5495e+02   1.3210e+01   0.0000e+00   7.1541e-01   3.1537e+02
20251211_21:00:00   8.9746e-01   1.5846e+02   1.3739e+01   0.0000e+00   7.8302e-01   3.1351e+02
20251211_22:00:00   9.0155e-01   1.5901e+02   1.3793e+01   0.0000e+00   7.4831e-01   3.1290e+02
20251211_23:00:00   9.0211e-01   1.5915e+02   1.3812e+01   0.0000e+00   6.7144e-01   3.0589e+02
20251212_00:00:00   8.9386e-01   1.5836e+02   1.3753e+01   0.0000e+00   3.7586e-01   3.0590e+02
20251212_01:00:00   8.8407e-01   1.5728e+02   1.3593e+01   0.0000e+00   3.1713e-01   3.0521e+02
20251212_02:00:00   8.7227e-01   1.5573e+02   1.3251e+01   0.0000e+00   7.3122e-01   3.0497e+02
20251212_03:00:00   8.1852e-01   1.4966e+02   1.2539e+01   4.1360e-05   2.3325e-01   3.0907e+02
20251212_04:00:00   7.1689e-01   1.3767e+02   1.0941e+01   0.0000e+00   2.8206e-02   3.1517e+02
20251212_05:00:00   5.7115e-01   1.1790e+02   8.3129e+00   0.0000e+00   3.9150e-03   3.1701e+02
20251212_06:00:00   5.1004e-01   1.0878e+02   7.2427e+00   0.0000e+00   2.0335e-03   3.2075e+02
20251212_07:00:00   4.7131e-01   1.0281e+02   6.6297e+00   0.0000e+00   4.3762e-05   3.2466e+02
20251212_08:00:00   4.6434e-01   1.0156e+02   6.5558e+00   0.0000e+00   9.3495e-05   3.2571e+02
20251212_09:00:00   4.4885e-01   9.8930e+01   6.3544e+00   0.0000e+00   2.8683e-03   3.2445e+02
20251212_10:00:00   4.2386e-01   9.4859e+01   5.9555e+00   0.0000e+00   3.4414e-04   3.2480e+02
20251212_11:00:00   4.3112e-01   9.5843e+01   6.0895e+00   0.0000e+00   3.1648e-05   3.2611e+02
20251212_12:00:00   4.2192e-01   9.4221e+01   5.9789e+00   0.0000e+00   7.0317e-04   3.3228e+02
20251212_13:00:00   4.3962e-01   9.6897e+01   6.2938e+00   0.0000e+00   6.6501e-04   3.4511e+02
20251212_14:00:00   4.4840e-01   9.8254e+01   6.4863e+00   0.0000e+00   3.1297e-03   3.5364e+02
20251212_15:00:00   4.7152e-01   1.0190e+02   6.8889e+00   0.0000e+00   7.6947e-03   3.5343e+02
20251212_16:00:00   4.7949e-01   1.0321e+02   7.0231e+00   0.0000e+00   7.0726e-03   3.5069e+02
20251212_17:00:00   5.0604e-01   1.0740e+02   7.3792e+00   0.0000e+00   8.5011e-03   3.5091e+02
20251212_18:00:00   4.7575e-01   1.0278e+02   6.7792e+00   3.0200e-05   1.1430e-02   3.5586e+02
20251212_19:00:00   4.5889e-01   1.0002e+02   6.5106e+00   3.0800e-07   1.6366e-02   3.5037e+02
20251212_20:00:00   4.4068e-01   9.6823e+01   6.3191e+00   1.9366e-04   1.6235e-03   3.4496e+02
20251212_21:00:00   4.2441e-01   9.3775e+01   6.2893e+00   0.0000e+00   4.3189e-03   3.4301e+02
20251212_22:00:00   4.5538e-01   9.8534e+01   6.9665e+00   3.5400e-06   6.8658e-03   3.3891e+02
20251212_23:00:00   4.8652e-01   1.0337e+02   7.5594e+00   0.0000e+00   3.1693e-03   3.2995e+02
20251213_00:00:00   4.8013e-01   1.0231e+02   7.5178e+00   0.0000e+00   2.1230e-03   3.2755e+02
20251213_01:00:00   4.6612e-01   9.9888e+01   7.4052e+00   0.0000e+00   6.6320e-04   3.2918e+02
20251213_02:00:00   4.8711e-01   1.0298e+02   7.7738e+00   0.0000e+00   2.0443e-02   3.4442e+02
20251213_03:00:00   5.1252e-01   1.0685e+02   8.2448e+00   0.0000e+00   2.4500e-02   3.4429e+02
20251213_04:00:00   5.1939e-01   1.0785e+02   8.3426e+00   0.0000e+00   8.0034e-02   3.3784e+02
20251213_05:00:00   5.2014e-01   1.0794e+02   8.3675e+00   0.0000e+00   5.5543e-02   3.3183e+02
20251213_06:00:00   5.2053e-01   1.0793e+02   8.3957e+00   0.0000e+00   5.3199e-02   3.3066e+02
20251213_07:00:00   5.2014e-01   1.0785e+02   8.3936e+00   0.0000e+00   7.8486e-02   3.2989e+02
20251213_08:00:00   5.1848e-01   1.0753e+02   8.4037e+00   0.0000e+00   6.7663e-02   3.2538e+02
20251213_09:00:00   5.1055e-01   1.0634e+02   8.2674e+00   0.0000e+00   7.1553e-02   3.2369e+02
20251213_10:00:00   5.0267e-01   1.0505e+02   8.1728e+00   0.0000e+00   4.4464e-02   3.2406e+02
20251213_11:00:00   5.0540e-01   1.0536e+02   8.2292e+00   0.0000e+00   8.6636e-02   3.2631e+02
20251213_12:00:00   5.2417e-01   1.0819e+02   8.4553e+00   0.0000e+00   1.9213e-01   3.3036e+02
20251213_13:00:00   5.4677e-01   1.1159e+02   8.7628e+00   0.0000e+00   2.4225e-01   3.2809e+02
20251213_14:00:00   5.5487e-01   1.1261e+02   8.8319e+00   0.0000e+00   2.6652e-01   3.2412e+02
20251213_15:00:00   5.5534e-01   1.1269e+02   8.8337e+00   0.0000e+00   2.3656e-01   3.1774e+02
20251213_16:00:00   5.5442e-01   1.1245e+02   8.7782e+00   0.0000e+00   2.1859e-01   3.1605e+02
20251213_17:00:00   5.5930e-01   1.1312e+02   8.7244e+00   0.0000e+00   3.5240e-01   3.1935e+02
20251213_18:00:00   5.6660e-01   1.1387e+02   8.6618e+00   0.0000e+00   5.7858e-01   3.2146e+02
20251213_19:00:00   5.5190e-01   1.1161e+02   8.3692e+00   0.0000e+00   5.1426e-01   3.2416e+02
20251213_20:00:00   5.2391e-01   1.0752e+02   7.8221e+00   0.0000e+00   3.8605e-01   3.3249e+02
20251213_21:00:00   4.8632e-01   1.0177e+02   7.1278e+00   0.0000e+00   2.6089e-01   3.3630e+02
20251213_22:00:00   4.2690e-01   9.2283e+01   6.1653e+00   0.0000e+00   6.3661e-02   3.4453e+02
20251213_23:00:00   3.4840e-01   7.8790e+01   4.9531e+00   0.0000e+00   2.9568e-02   3.4264e+02
20251214_00:00:00   2.7248e-01   6.4625e+01   3.8068e+00   0.0000e+00   3.8054e-03   3.4103e+02
20251214_01:00:00   2.1811e-01   5.3883e+01   2.9071e+00   0.0000e+00   2.3453e-05   3.4012e+02
20251214_02:00:00   1.8698e-01   4.7462e+01   2.3753e+00   0.0000e+00   6.4820e-06   3.4663e+02
20251214_03:00:00   1.5778e-01   4.1329e+01   1.8561e+00   0.0000e+00   7.1370e-06   3.4904e+02
20251214_04:00:00   1.4851e-01   3.9324e+01   1.6842e+00   0.0000e+00   7.1370e-06   3.5363e+02
20251214_05:00:00   1.4226e-01   3.7958e+01   1.5738e+00   0.0000e+00   7.2248e-06   3.5540e+02
20251214_06:00:00   1.4178e-01   3.7843e+01   1.5591e+00   0.0000e+00   7.2248e-06   3.5381e+02
20251214_07:00:00   1.4088e-01   3.7645e+01   1.5392e+00   0.0000e+00   7.8795e-06   3.5542e+02
20251214_08:00:00   1.3960e-01   3.7376e+01   1.5137e+00   0.0000e+00   7.2248e-06   3.5529e+02
20251214_09:00:00   1.4110e-01   3.7727e+01   1.5370e+00   0.0000e+00   7.2248e-06   3.5268e+02
20251214_10:00:00   1.4680e-01   3.8957e+01   1.6690e+00   0.0000e+00   7.1988e-06   3.3638e+02
20251214_11:00:00   1.5497e-01   4.0753e+01   1.8281e+00   0.0000e+00   7.1370e-06   3.3247e+02
20251214_12:00:00   1.6369e-01   4.2671e+01   1.9931e+00   0.0000e+00   7.1370e-06   3.2038e+02
20251214_13:00:00   1.6872e-01   4.3787e+01   2.1149e+00   0.0000e+00   6.8604e-06   3.1117e+02
20251214_14:00:00   1.6971e-01   4.4051e+01   2.1793e+00   0.0000e+00   6.1179e-06   3.1052e+02
20251214_15:00:00   1.6931e-01   4.4061e+01   2.2100e+00   0.0000e+00   5.0980e-06   3.1177e+02
20251214_16:00:00   1.7661e-01   4.5617e+01   2.3578e+00   0.0000e+00   5.1240e-06   3.0457e+02
20251214_17:00:00   1.8217e-01   4.6830e+01   2.5000e+00   0.0000e+00   8.1260e-06   3.0180e+02
20251214_18:00:00   1.9142e-01   4.8789e+01   2.7225e+00   0.0000e+00   2.1728e-05   2.9841e+02
20251214_19:00:00   2.0959e-01   5.2533e+01   3.1719e+00   0.0000e+00   1.2600e-03   2.9729e+02
20251214_20:00:00   2.2196e-01   5.5069e+01   3.4610e+00   0.0000e+00   2.4666e-05   2.9690e+02
20251214_21:00:00   2.2929e-01   5.6601e+01   3.6383e+00   0.0000e+00   6.8279e-06   2.9446e+02
20251214_22:00:00   2.3791e-01   5.8457e+01   3.8606e+00   0.0000e+00   2.3154e-04   2.9522e+02
20251214_23:00:00   2.4754e-01   6.0506e+01   4.0815e+00   0.0000e+00   4.3491e-05   2.9355e+02
20251215_00:00:00   2.6416e-01   6.4018e+01   4.3720e+00   0.0000e+00   8.3859e-06   2.9272e+02
20251215_01:00:00   2.5491e-01   6.2341e+01   4.1950e+00   0.0000e+00   3.1309e-06   2.9158e+02
20251215_02:00:00   2.5077e-01   6.1700e+01   4.1302e+00   0.0000e+00   2.8566e-06   2.8918e+02
20251215_03:00:00   2.7081e-01   6.5799e+01   4.5169e+00   0.0000e+00   1.2287e-06   2.8058e+02
20251215_04:00:00   3.9960e-01   8.9946e+01   6.8025e+00   0.0000e+00   1.6311e-06   2.7754e+02
20251215_05:00:00   4.2947e-01   9.5462e+01   7.3107e+00   0.0000e+00   1.1167e-06   2.7612e+02
20251215_06:00:00   4.2783e-01   9.5261e+01   7.3204e+00   0.0000e+00   1.1009e-06   2.7790e+02
20251215_07:00:00   4.4985e-01   9.9177e+01   7.6755e+00   0.0000e+00   3.5416e-06   2.7893e+02
20251215_08:00:00   4.4077e-01   9.8021e+01   7.4727e+00   0.0000e+00   9.4360e-05   2.7940e+02
20251215_09:00:00   4.4156e-01   9.8357e+01   7.4297e+00   0.0000e+00   1.4893e-03   2.7855e+02
20251215_10:00:00   4.6501e-01   1.0239e+02   7.8841e+00   0.0000e+00   1.9538e-03   2.7752e+02
20251215_11:00:00   4.8079e-01   1.0509e+02   8.1919e+00   0.0000e+00   5.8398e-03   2.7879e+02
20251215_12:00:00   5.1832e-01   1.1111e+02   8.8893e+00   0.0000e+00   1.2248e-03   2.8125e+02
20251215_15:00:00   6.2778e-01   1.2791e+02   1.0708e+01   0.0000e+00   8.7620e-07   2.7750e+02
20251215_18:00:00   6.6654e-01   1.3386e+02   1.1227e+01   0.0000e+00   4.6600e-05   2.8228e+02
20251215_21:00:00   7.3043e-01   1.4246e+02   1.2296e+01   0.0000e+00   1.5732e-05   2.8384e+02
20251216_00:00:00   6.9313e-01   1.3783e+02   1.1513e+01   0.0000e+00   5.2867e-05   2.8768e+02
20251216_03:00:00   7.1008e-01   1.3988e+02   1.1877e+01   0.0000e+00   1.5571e-02   2.8517e+02
20251216_06:00:00   7.3482e-01   1.4299e+02   1.2239e+01   0.0000e+00   4.0695e-03   2.8416e+02
20251216_09:00:00   7.3688e-01   1.4345e+02   1.2187e+01   0.0000e+00   6.0237e-03   2.8783e+02
20251216_12:00:00   7.2997e-01   1.4263e+02   1.2150e+01   0.0000e+00   6.7608e-03   2.8619e+02
20251216_15:00:00   7.1301e-01   1.4132e+02   1.1287e+01   0.0000e+00   0.0000e+00   2.8068e+02
20251216_18:00:00   7.9286e-01   1.5182e+02   1.2238e+01   0.0000e+00   0.0000e+00   2.7921e+02
20251216_21:00:00   8.0816e-01   1.5422e+02   1.2217e+01   0.0000e+00   0.0000e+00   2.7705e+02
20251217_00:00:00   1.0669e+00   1.8191e+02   1.2356e+01   9.0719e-02   0.0000e+00   2.7342e+02
20251217_03:00:00   1.9499e+00   2.3674e+02   1.4665e+01   3.9220e-01   2.9007e-03   2.7858e+02
20251217_06:00:00   1.7242e+00   2.2628e+02   1.5967e+01   2.6339e-01   1.2561e-02   2.8286e+02
20251217_09:00:00   1.6044e+00   2.2027e+02   1.4667e+01   2.4660e-01   1.4672e-04   2.9298e+02
20251217_12:00:00   8.9264e-01   1.6406e+02   1.2023e+01   2.6730e-02   3.9040e-06   3.0803e+02
20251217_15:00:00   8.3880e-01   1.5827e+02   1.2645e+01   1.2712e-05   3.1582e-04   3.0910e+02
20251217_18:00:00   1.1107e+00   1.8585e+02   1.0474e+01   1.6164e-01   1.4051e-03   3.1579e+02
20251217_21:00:00   1.3322e+00   2.0378e+02   9.0625e+00   2.8192e-01   7.5686e-03   3.2250e+02
20251218_00:00:00   1.3938e+00   2.0839e+02   9.5646e+00   2.9229e-01   3.9763e-03   3.2289e+02
20251218_03:00:00   1.4956e+00   2.1502e+02   1.1744e+01   2.8249e-01   1.5522e-02   3.2314e+02
20251218_06:00:00   1.9915e+00   2.3877e+02   1.4280e+01   4.1459e-01   1.0152e-01   3.2240e+02
20251218_09:00:00   1.9800e+00   2.3838e+02   1.6071e+01   3.6861e-01   1.5447e-01   3.1874e+02
20251218_12:00:00   2.4516e+00   2.5333e+02   1.7999e+01   4.9764e-01   1.5013e-01   3.2630e+02
20251218_15:00:00   4.1839e+00   2.7243e+02   1.9207e+01   1.1711e+00   1.9130e-01   3.3977e+02
20251218_18:00:00   5.3913e-01   1.1567e+02   7.6056e+00   0.0000e+00   0.0000e+00   3.5446e+02
20251218_21:00:00   3.7411e-01   8.7329e+01   4.9989e+00   0.0000e+00   2.8279e-05   3.5530e+02
20251219_00:00:00   2.8598e-01   7.0333e+01   3.8087e+00   0.0000e+00   0.0000e+00   3.5326e+02
20251219_03:00:00   3.1403e-01   7.5799e+01   4.2797e+00   0.0000e+00   0.0000e+00   3.4904e+02
20251219_06:00:00   3.7713e-01   8.7866e+01   5.1580e+00   0.0000e+00   0.0000e+00   3.4216e+02
20251219_09:00:00   3.8274e-01   8.8612e+01   5.3903e+00   0.0000e+00   0.0000e+00   3.4219e+02
20251219_12:00:00   3.5536e-01   8.2809e+01   5.2983e+00   0.0000e+00   0.0000e+00   3.5045e+02
20251219_15:00:00   3.2289e-01   7.6574e+01   5.0286e+00   0.0000e+00   5.5340e-06   3.4788e+02
20251219_18:00:00   4.4112e-01   9.7688e+01   7.1375e+00   0.0000e+00   1.9322e-03   3.3943e+02
20251219_21:00:00   5.6781e-01   1.1828e+02   9.3201e+00   0.0000e+00   1.0402e-02   3.3385e+02
20251220_00:00:00   6.9143e-01   1.3578e+02   1.1653e+01   0.0000e+00   1.0416e-02   3.1936e+02
20251220_03:00:00   7.1648e-01   1.3971e+02   1.2100e+01   1.9474e-04   1.6614e-03   3.1177e+02
20251220_06:00:00   6.7836e-01   1.3592e+02   1.1409e+01   0.0000e+00   2.1801e-03   2.9785e+02
20251220_09:00:00   6.4446e-01   1.3251e+02   1.1139e+01   0.0000e+00   1.2474e-02   2.9152e+02
20251220_12:00:00   7.3334e-01   1.4534e+02   1.2787e+01   0.0000e+00   1.5079e-02   2.8252e+02
20251220_15:00:00   7.0090e-01   1.4153e+02   1.2062e+01   0.0000e+00   8.4276e-03   2.8171e+02
20251220_18:00:00   7.7250e-01   1.5172e+02   1.3145e+01   0.0000e+00   2.0222e-03   2.7941e+02
20251220_21:00:00   8.6471e-01   1.6425e+02   1.4547e+01   0.0000e+00   6.5040e-04   2.8164e+02
20251221_00:00:00   8.9154e-01   1.6786e+02   1.4860e+01   0.0000e+00   5.7941e-06   2.8116e+02
20251221_03:00:00   9.4784e-01   1.7393e+02   1.5676e+01   0.0000e+00   1.6510e-03   2.8303e+02
20251221_06:00:00   9.6751e-01   1.7506e+02   1.5879e+01   0.0000e+00   0.0000e+00   2.8445e+02
20251221_09:00:00   8.3686e-01   1.5860e+02   1.4633e+01   0.0000e+00   1.1674e-03   2.8071e+02
20251221_12:00:00   9.0263e-01   1.6508e+02   1.5463e+01   0.0000e+00   4.5636e-03   2.7733e+02
20251221_15:00:00   8.3471e-01   1.5648e+02   1.4571e+01   0.0000e+00   1.5977e-03   2.8028e+02
20251221_18:00:00   7.6914e-01   1.4806e+02   1.3426e+01   0.0000e+00   2.2895e-03   2.7839e+02
20251221_21:00:00   6.7166e-01   1.3537e+02   1.1573e+01   0.0000e+00   6.0906e-04   2.8075e+02
20251222_00:00:00   6.3026e-01   1.2922e+02   1.0774e+01   0.0000e+00   0.0000e+00   2.8420e+02
20251222_03:00:00   6.4766e-01   1.3188e+02   1.0703e+01   1.8920e-03   1.2304e-05   2.8176e+02
20251222_06:00:00   7.7415e-01   1.4842e+02   1.2623e+01   3.5572e-03   1.4811e-02   2.7756e+02
20251222_09:00:00   9.7639e-01   1.7140e+02   1.5145e+01   1.2621e-02   2.2341e-02   2.7445e+02
20251222_12:00:00   1.3098e+00   2.0093e+02   1.5127e+01   1.4198e-01   6.5775e-03   2.8024e+02
20251222_15:00:00   1.8182e+00   2.3096e+02   1.7018e+01   2.7936e-01   8.0085e-03   2.8485e+02
20251222_18:00:00   2.6957e+00   2.5824e+02   1.7709e+01   5.9159e-01   3.6836e-03   2.8162e+02
20251222_21:00:00   4.4933e+00   2.7440e+02   2.2319e+01   1.1696e+00   3.3671e-03   2.8092e+02
20251223_00:00:00   4.1273e+00   2.7440e+02   2.3332e+01   9.8659e-01   8.7727e-03   2.8361e+02
20251223_03:00:00   3.5408e+00   2.7259e+02   2.3577e+01   7.4620e-01   5.0845e-02   2.8790e+02
20251223_06:00:00   3.9530e+00   2.7679e+02   2.8911e+01   7.5404e-01   4.3413e-02   2.9345e+02
20251223_09:00:00   3.7178e+00   2.7694e+02   2.8517e+01   6.6368e-01   4.1322e-04   2.9978e+02
20251223_12:00:00   2.1185e+00   2.5072e+02   2.8651e+01   6.8973e-02   1.9676e-02   2.9495e+02
20251223_15:00:00   2.7517e+00   2.6692e+02   2.8921e+01   2.8435e-01   2.3601e-02   3.0516e+02
20251223_18:00:00   1.8712e+00   2.4069e+02   2.7668e+01   3.6110e-06   2.5886e-01   3.1554e+02
20251223_21:00:00   1.6339e+00   2.2934e+02   2.4887e+01   0.0000e+00   4.9758e-03   3.1942e+02
20251224_00:00:00   1.5273e+00   2.2170e+02   2.0947e+01   3.7207e-02   0.0000e+00   3.2652e+02
20251224_03:00:00   1.3324e+00   2.0332e+02   1.4221e+01   1.4726e-01   1.6587e-02   3.4163e+02
20251224_06:00:00   1.1109e+00   1.8022e+02   1.2267e+01   1.2822e-01   1.8450e-01   3.6174e+02
20251224_09:00:00   6.5179e-01   1.2821e+02   9.8193e+00   0.0000e+00   4.2736e-02   3.6934e+02
20251224_12:00:00   5.0338e-01   1.0600e+02   7.6092e+00   0.0000e+00   2.8342e-03   3.6752e+02
20251224_15:00:00   3.7641e-01   8.5404e+01   5.2502e+00   0.0000e+00   2.2077e-03   3.4923e+02
20251224_18:00:00   2.8225e-01   6.8263e+01   3.7289e+00   0.0000e+00   2.1427e-04   3.4488e+02
20251224_21:00:00   2.5322e-01   6.2544e+01   3.4354e+00   0.0000e+00   1.2466e-04   3.3929e+02
20251225_00:00:00   2.6459e-01   6.4509e+01   3.8931e+00   0.0000e+00   1.6850e-04   3.3701e+02
20251225_03:00:00   2.7403e-01   6.6417e+01   4.3779e+00   0.0000e+00   3.1379e-06   3.2743e+02
20251225_06:00:00   3.9941e-01   8.9262e+01   6.8679e+00   0.0000e+00   2.4851e-04   3.2091e+02
20251225_09:00:00   4.3851e-01   9.6126e+01   7.6722e+00   0.0000e+00   1.0833e-02   3.1261e+02
20251225_12:00:00   4.4372e-01   9.7230e+01   7.9664e+00   0.0000e+00   2.3873e-02   3.0364e+02
20251225_15:00:00   4.7501e-01   1.0254e+02   8.6774e+00   0.0000e+00   2.3119e-02   3.0262e+02
20251225_18:00:00   5.2932e-01   1.1174e+02   9.6418e+00   0.0000e+00   4.1799e-03   2.9616e+02
20251225_21:00:00   6.1167e-01   1.2499e+02   1.1090e+01   0.0000e+00   2.9308e-02   2.8919e+02
20251226_00:00:00   6.3942e-01   1.2999e+02   1.1376e+01   0.0000e+00   3.1008e-03   2.8543e+02
20251226_03:00:00   6.6718e-01   1.3456e+02   1.1617e+01   0.0000e+00   2.1546e-04   2.7862e+02
20251226_06:00:00   7.3812e-01   1.4431e+02   1.2610e+01   0.0000e+00   5.1998e-03   2.7694e+02
20251226_09:00:00   8.8153e-01   1.6171e+02   1.4983e+01   0.0000e+00   2.3079e-02   2.8132e+02
20251226_12:00:00   1.1118e+00   1.8474e+02   1.8287e+01   0.0000e+00   2.6335e-01   2.8479e+02
