#            date       tau255        Tb[K]      pwv[mm] lwp[kg*m^-2] iwp[kg*m^-2]       o3[DU]
20251202_06:00:00   4.4756e-01   9.7503e+01   6.2374e+00   0.0000e+00   1.1450e-04   3.9031e+02
20251202_07:00:00   4.1726e-01   9.2541e+01   5.7866e+00   0.0000e+00   3.2005e-04   3.9544e+02
20251202_08:00:00   4.0211e-01   9.0036e+01   5.5700e+00   0.0000e+00   4.3435e-04   3.9432e+02
20251202_09:00:00   3.8810e-01   8.7663e+01   5.4113e+00   0.0000e+00   2.8497e-04   3.9143e+02
20251202_10:00:00   3.6986e-01   8.4489e+01   5.1892e+00   0.0000e+00   3.1207e-04   3.9020e+02
20251202_11:00:00   3.6659e-01   8.3946e+01   5.1852e+00   0.0000e+00   3.3490e-04   3.8425e+02
20251202_12:00:00   3.6413e-01   8.3531e+01   5.1459e+00   0.0000e+00   3.4189e-04   3.8241e+02
20251202_13:00:00   3.5272e-01   8.1548e+01   5.0730e+00   0.0000e+00   1.9883e-04   3.7671e+02
20251202_14:00:00   3.4926e-01   8.0966e+01   5.1030e+00   0.0000e+00   2.0867e-04   3.7573e+02
20251202_15:00:00   3.5272e-01   8.1601e+01   5.2006e+00   0.0000e+00   3.1713e-04   3.7153e+02
20251202_16:00:00   3.5040e-01   8.1284e+01   5.2058e+00   0.0000e+00   4.1422e-04   3.7007e+02
20251202_17:00:00   3.4708e-01   8.0764e+01   5.1567e+00   1.5092e-05   2.3434e-04   3.6958e+02
20251202_18:00:00   3.4841e-01   8.1155e+01   5.2104e+00   6.4680e-06   3.9651e-04   3.7024e+02
20251202_19:00:00   3.5704e-01   8.2885e+01   5.3657e+00   0.0000e+00   3.8266e-04   3.6812e+02
20251202_20:00:00   3.7340e-01   8.5907e+01   5.7129e+00   0.0000e+00   3.4651e-04   3.6499e+02
20251202_21:00:00   4.1999e-01   9.3932e+01   6.6798e+00   0.0000e+00   4.6198e-04   3.6079e+02
20251202_22:00:00   5.0968e-01   1.0862e+02   8.2815e+00   0.0000e+00   5.6630e-03   3.5987e+02
20251202_23:00:00   5.6220e-01   1.1671e+02   9.2088e+00   0.0000e+00   9.4353e-03   3.5927e+02
20251203_00:00:00   5.8313e-01   1.1981e+02   9.5845e+00   0.0000e+00   6.8190e-03   3.6031e+02
20251203_01:00:00   6.0076e-01   1.2265e+02   9.8266e+00   0.0000e+00   5.5306e-03   3.6094e+02
20251203_02:00:00   6.0427e-01   1.2322e+02   9.8515e+00   0.0000e+00   9.4165e-03   3.5924e+02
20251203_03:00:00   6.1124e-01   1.2421e+02   1.0020e+01   0.0000e+00   1.3918e-02   3.6037e+02
20251203_04:00:00   6.0294e-01   1.2317e+02   9.8201e+00   0.0000e+00   6.4140e-03   3.6004e+02
20251203_05:00:00   6.4276e-01   1.2886e+02   1.0361e+01   0.0000e+00   8.7725e-03   3.5950e+02
20251203_06:00:00   6.9436e-01   1.3589e+02   1.1142e+01   0.0000e+00   2.3507e-02   3.5869e+02
20251203_07:00:00   7.2325e-01   1.3981e+02   1.1499e+01   0.0000e+00   2.5059e-02   3.6145e+02
20251203_08:00:00   7.3599e-01   1.4159e+02   1.1562e+01   0.0000e+00   4.1704e-02   3.6158e+02
20251203_09:00:00   7.4949e-01   1.4329e+02   1.1689e+01   0.0000e+00   3.3135e-02   3.6148e+02
20251203_10:00:00   7.3685e-01   1.4166e+02   1.1434e+01   9.7540e-06   1.9135e-02   3.6076e+02
20251203_11:00:00   8.5069e-01   1.5543e+02   1.2793e+01   6.5020e-07   1.2292e-02   3.6170e+02
20251203_12:00:00   8.0573e-01   1.5019e+02   1.2179e+01   3.7300e-06   2.5167e-02   3.6007e+02
20251203_13:00:00   7.6102e-01   1.4460e+02   1.1541e+01   9.9660e-05   4.8918e-02   3.6173e+02
20251203_14:00:00   7.4145e-01   1.4186e+02   1.1192e+01   2.1789e-03   5.5939e-02   3.6768e+02
20251203_15:00:00   7.0443e-01   1.3694e+02   1.0385e+01   8.3260e-03   3.0331e-02   3.7867e+02
20251203_16:00:00   6.1029e-01   1.2392e+02   9.2050e+00   1.3420e-04   2.0044e-02   3.8338e+02
20251203_17:00:00   5.7533e-01   1.1859e+02   8.7175e+00   0.0000e+00   4.2087e-03   3.8657e+02
20251203_18:00:00   5.5054e-01   1.1469e+02   8.3687e+00   0.0000e+00   1.7697e-03   3.8827e+02
20251203_19:00:00   5.3635e-01   1.1240e+02   8.1295e+00   0.0000e+00   4.0941e-04   3.8950e+02
20251203_20:00:00   5.2936e-01   1.1109e+02   8.0156e+00   0.0000e+00   5.5960e-04   3.9189e+02
20251203_21:00:00   5.0718e-01   1.0741e+02   7.7302e+00   0.0000e+00   1.5470e-03   3.9232e+02
20251203_22:00:00   4.6870e-01   1.0104e+02   7.1900e+00   0.0000e+00   3.5733e-03   3.8293e+02
20251203_23:00:00   4.1350e-01   9.1692e+01   6.3817e+00   0.0000e+00   4.9735e-03   3.8481e+02
20251204_00:00:00   3.5366e-01   8.1054e+01   5.4835e+00   0.0000e+00   2.5356e-03   3.8395e+02
20251204_01:00:00   3.0794e-01   7.2437e+01   4.8004e+00   0.0000e+00   9.6131e-03   3.8298e+02
20251204_02:00:00   2.7388e-01   6.5704e+01   4.2395e+00   0.0000e+00   2.5912e-02   3.8339e+02
20251204_03:00:00   2.4341e-01   5.9466e+01   3.7146e+00   0.0000e+00   4.5033e-02   3.8258e+02
20251204_04:00:00   2.2200e-01   5.5055e+01   3.3191e+00   0.0000e+00   2.2657e-02   3.8127e+02
20251204_05:00:00   2.0706e-01   5.1962e+01   2.9999e+00   0.0000e+00   2.2773e-02   3.8078e+02
20251204_06:00:00   1.9560e-01   4.9549e+01   2.7951e+00   0.0000e+00   3.0023e-02   3.8071e+02
20251204_07:00:00   1.8892e-01   4.8169e+01   2.6582e+00   0.0000e+00   1.4959e-02   3.8311e+02
20251204_08:00:00   1.8279e-01   4.6880e+01   2.5510e+00   0.0000e+00   8.6766e-03   3.8300e+02
20251204_09:00:00   1.7682e-01   4.5643e+01   2.4235e+00   0.0000e+00   1.3180e-02   3.7596e+02
20251204_10:00:00   1.6853e-01   4.3888e+01   2.2763e+00   0.0000e+00   4.4951e-03   3.7378e+02
20251204_11:00:00   1.5871e-01   4.1802e+01   2.1120e+00   0.0000e+00   1.2863e-03   3.7616e+02
20251204_12:00:00   1.5119e-01   4.0172e+01   1.9906e+00   0.0000e+00   3.6013e-04   3.7368e+02
20251204_13:00:00   1.4733e-01   3.9363e+01   1.9188e+00   0.0000e+00   1.1521e-05   3.7229e+02
20251204_14:00:00   1.4438e-01   3.8764e+01   1.8681e+00   0.0000e+00   5.5281e-06   3.7659e+02
20251204_15:00:00   1.4593e-01   3.9186e+01   1.8862e+00   0.0000e+00   4.9230e-06   3.8146e+02
20251204_16:00:00   1.5302e-01   4.0786e+01   1.9879e+00   0.0000e+00   4.7909e-06   3.8477e+02
20251204_17:00:00   1.5872e-01   4.2082e+01   2.0772e+00   0.0000e+00   4.4580e-06   3.8906e+02
20251204_18:00:00   1.5729e-01   4.1828e+01   2.0341e+00   0.0000e+00   1.1056e-06   3.8807e+02
20251204_19:00:00   1.5610e-01   4.1628e+01   2.0100e+00   0.0000e+00   1.1478e-06   3.7882e+02
20251204_20:00:00   1.6010e-01   4.2550e+01   2.1128e+00   0.0000e+00   1.1500e-06   3.7401e+02
20251204_21:00:00   1.6568e-01   4.3839e+01   2.2214e+00   0.0000e+00   1.1097e-06   3.6431e+02
20251204_22:00:00   1.7234e-01   4.5346e+01   2.3425e+00   0.0000e+00   1.1245e-06   3.5116e+02
20251204_23:00:00   1.7982e-01   4.7018e+01   2.4883e+00   0.0000e+00   1.1381e-06   3.4785e+02
20251205_00:00:00   1.9403e-01   5.0132e+01   2.7198e+00   0.0000e+00   1.1496e-06   3.4962e+02
20251205_01:00:00   2.1990e-01   5.5682e+01   3.1523e+00   0.0000e+00   1.1637e-06   3.5184e+02
20251205_02:00:00   2.6720e-01   6.5413e+01   3.9243e+00   0.0000e+00   1.1760e-06   3.5398e+02
20251205_03:00:00   3.0514e-01   7.2867e+01   4.5246e+00   0.0000e+00   8.6440e-07   3.4272e+02
20251205_04:00:00   3.4005e-01   7.9552e+01   5.0667e+00   0.0000e+00   5.6544e-07   3.3008e+02
20251205_05:00:00   3.7268e-01   8.5580e+01   5.5654e+00   0.0000e+00   2.9140e-06   3.2848e+02
20251205_06:00:00   3.9525e-01   8.9771e+01   5.9573e+00   0.0000e+00   3.5816e-05   3.2627e+02
20251205_07:00:00   4.3958e-01   9.7134e+01   6.6783e+00   0.0000e+00   1.2084e-03   3.2227e+02
20251205_08:00:00   4.8537e-01   1.0472e+02   7.4878e+00   0.0000e+00   2.6332e-03   3.2134e+02
20251205_09:00:00   5.3162e-01   1.1212e+02   8.1969e+00   0.0000e+00   5.0798e-04   3.2195e+02
20251205_10:00:00   5.5077e-01   1.1525e+02   8.4352e+00   0.0000e+00   1.9412e-05   3.2537e+02
20251205_11:00:00   5.4746e-01   1.1484e+02   8.3336e+00   0.0000e+00   4.8338e-05   3.2891e+02
20251205_12:00:00   5.5307e-01   1.1573e+02   8.3943e+00   0.0000e+00   2.6371e-03   3.3270e+02
20251205_13:00:00   5.6446e-01   1.1752e+02   8.5268e+00   0.0000e+00   2.4434e-03   3.3216e+02
20251205_14:00:00   5.9533e-01   1.2225e+02   8.8523e+00   0.0000e+00   1.2437e-03   3.3246e+02
20251205_15:00:00   6.0019e-01   1.2316e+02   8.7347e+00   0.0000e+00   1.4459e-03   3.3095e+02
20251205_16:00:00   5.5323e-01   1.1635e+02   7.9108e+00   0.0000e+00   2.1781e-03   3.2776e+02
20251205_17:00:00   5.3463e-01   1.1352e+02   7.6155e+00   0.0000e+00   5.8996e-03   3.2603e+02
20251205_18:00:00   5.3032e-01   1.1273e+02   7.5751e+00   6.6880e-04   6.0747e-03   3.2399e+02
20251205_19:00:00   5.1705e-01   1.1065e+02   7.4065e+00   7.4840e-04   1.0534e-03   3.2124e+02
20251205_20:00:00   5.1233e-01   1.0987e+02   7.3222e+00   5.9280e-04   2.9426e-04   3.1589e+02
20251205_21:00:00   4.9999e-01   1.0796e+02   7.0649e+00   1.6720e-03   3.4729e-04   3.1300e+02
20251205_22:00:00   4.9624e-01   1.0732e+02   6.7849e+00   8.4600e-03   4.4612e-04   3.1037e+02
20251205_23:00:00   4.9544e-01   1.0722e+02   6.4652e+00   1.7580e-02   2.9584e-03   3.1576e+02
20251206_00:00:00   5.6095e-01   1.1692e+02   7.7482e+00   1.6278e-02   2.3129e-02   3.1791e+02
20251206_01:00:00   6.4457e-01   1.2856e+02   9.4943e+00   6.1340e-03   6.4534e-02   3.1333e+02
20251206_02:00:00   7.0002e-01   1.3608e+02   1.0342e+01   4.6060e-04   3.9458e-02   3.1137e+02
20251206_03:00:00   6.7145e-01   1.3254e+02   9.8301e+00   0.0000e+00   8.5350e-04   3.1471e+02
20251206_04:00:00   6.6295e-01   1.3139e+02   9.6018e+00   0.0000e+00   2.3629e-04   3.1380e+02
20251206_05:00:00   6.4177e-01   1.2855e+02   9.2172e+00   0.0000e+00   3.6319e-04   3.1315e+02
20251206_06:00:00   5.9811e-01   1.2263e+02   8.4597e+00   0.0000e+00   1.8968e-04   3.1505e+02
20251206_07:00:00   5.5908e-01   1.1709e+02   7.8369e+00   0.0000e+00   9.1332e-05   3.1554e+02
20251206_08:00:00   5.3922e-01   1.1410e+02   7.5709e+00   0.0000e+00   2.8880e-04   3.1100e+02
20251206_09:00:00   5.2804e-01   1.1235e+02   7.4060e+00   0.0000e+00   3.8542e-04   3.0560e+02
20251206_10:00:00   5.2571e-01   1.1186e+02   7.3327e+00   0.0000e+00   1.5130e-03   3.0129e+02
20251206_11:00:00   5.3992e-01   1.1398e+02   7.1820e+00   1.0213e-02   3.5103e-03   3.0306e+02
20251206_12:00:00   6.0566e-01   1.2368e+02   6.9865e+00   4.5358e-02   2.8700e-03   3.0736e+02
20251206_13:00:00   5.5934e-01   1.1684e+02   7.0026e+00   2.6493e-02   1.6600e-03   3.0706e+02
20251206_14:00:00   5.9737e-01   1.2239e+02   6.9065e+00   4.6437e-02   2.0882e-03   3.0880e+02
20251206_15:00:00   7.5317e-01   1.4311e+02   6.7580e+00   1.1931e-01   4.6816e-03   3.0752e+02
20251206_16:00:00   7.2707e-01   1.3981e+02   6.6461e+00   1.1238e-01   3.4244e-03   3.0648e+02
20251206_17:00:00   5.1604e-01   1.1006e+02   6.4548e+00   2.6433e-02   1.4301e-03   3.0692e+02
20251206_18:00:00   4.5579e-01   1.0026e+02   6.4223e+00   1.8585e-03   6.7732e-04   3.0763e+02
20251206_19:00:00   4.4728e-01   9.8796e+01   6.3406e+00   3.7340e-03   3.9191e-04   3.0846e+02
20251206_20:00:00   4.5085e-01   9.9304e+01   6.3509e+00   6.8101e-03   3.2555e-03   3.1180e+02
20251206_21:00:00   4.6332e-01   1.0109e+02   6.7169e+00   4.4921e-03   3.3511e-03   3.1391e+02
20251206_22:00:00   4.6711e-01   1.0149e+02   6.9051e+00   2.9534e-03   1.7893e-02   3.1736e+02
20251206_23:00:00   4.8117e-01   1.0348e+02   7.3024e+00   6.5180e-04   4.0395e-02   3.1814e+02
20251207_00:00:00   4.9960e-01   1.0615e+02   7.7148e+00   0.0000e+00   9.6104e-02   3.2249e+02
20251207_01:00:00   5.0150e-01   1.0636e+02   7.7364e+00   0.0000e+00   1.2711e-01   3.2203e+02
20251207_02:00:00   4.9498e-01   1.0541e+02   7.7033e+00   0.0000e+00   6.4668e-02   3.2148e+02
20251207_03:00:00   5.0841e-01   1.0741e+02   7.8553e+00   0.0000e+00   1.3483e-01   3.2131e+02
20251207_04:00:00   5.3060e-01   1.1069e+02   8.1395e+00   0.0000e+00   1.6494e-01   3.2313e+02
20251207_05:00:00   5.5478e-01   1.1434e+02   8.5106e+00   0.0000e+00   1.3297e-01   3.2712e+02
20251207_06:00:00   5.7853e-01   1.1802e+02   8.8577e+00   0.0000e+00   1.1257e-01   3.2973e+02
20251207_09:00:00   6.7284e-01   1.3131e+02   1.0056e+01   0.0000e+00   3.3770e-01   3.3778e+02
20251207_12:00:00   7.2926e-01   1.3877e+02   1.0758e+01   0.0000e+00   2.1924e-01   3.3711e+02
20251207_15:00:00   7.3985e-01   1.4010e+02   1.0734e+01   0.0000e+00   3.1480e-01   3.3074e+02
20251207_18:00:00   7.3864e-01   1.4017e+02   1.0660e+01   5.1980e-05   2.1495e-01   3.3254e+02
20251207_21:00:00   7.3719e-01   1.4030e+02   1.0542e+01   3.0080e-03   1.6193e-02   3.4730e+02
20251208_00:00:00   7.2791e-01   1.3900e+02   1.0484e+01   0.0000e+00   2.3824e-02   3.4517e+02
20251208_03:00:00   6.9250e-01   1.3428e+02   1.0008e+01   0.0000e+00   4.9498e-03   3.4936e+02
20251208_06:00:00   6.6566e-01   1.3059e+02   9.6656e+00   0.0000e+00   1.8242e-03   3.4760e+02
20251208_09:00:00   6.3857e-01   1.2684e+02   9.1834e+00   0.0000e+00   1.1827e-02   3.3369e+02
20251208_12:00:00   5.9523e-01   1.2094e+02   8.5033e+00   0.0000e+00   1.4612e-03   3.4613e+02
20251208_15:00:00   5.6239e-01   1.1648e+02   7.9828e+00   0.0000e+00   2.0326e-05   3.4512e+02
20251208_18:00:00   5.6579e-01   1.1701e+02   7.9765e+00   0.0000e+00   1.4610e-03   3.4141e+02
20251208_21:00:00   5.3928e-01   1.1335e+02   7.5837e+00   0.0000e+00   1.2137e-03   3.4619e+02
20251209_00:00:00   5.1830e-01   1.1003e+02   7.3552e+00   0.0000e+00   3.0909e-05   3.4041e+02
20251209_03:00:00   5.3020e-01   1.1168e+02   7.6661e+00   0.0000e+00   1.5871e-04   3.3520e+02
20251209_06:00:00   6.2850e-01   1.2583e+02   8.4613e+00   2.0563e-02   1.0135e-02   3.5983e+02
20251209_09:00:00   9.5943e-01   1.6590e+02   9.5026e+00   1.3335e-01   7.0585e-03   3.9309e+02
20251209_12:00:00   9.5084e-01   1.6532e+02   1.0661e+01   9.5623e-02   4.6806e-03   3.6244e+02
20251209_15:00:00   9.6460e-01   1.6742e+02   1.1147e+01   8.7868e-02   3.5734e-02   3.4592e+02
20251209_18:00:00   8.6049e-01   1.5698e+02   1.0240e+01   7.3273e-02   1.1240e-01   3.3233e+02
20251209_21:00:00   1.1445e+00   1.8579e+02   1.0953e+01   1.7872e-01   1.8830e-01   3.2682e+02
20251210_00:00:00   1.2658e+00   1.9569e+02   1.4632e+01   1.4118e-01   2.7180e-01   3.2504e+02
20251210_03:00:00   1.0801e+00   1.8030e+02   1.5760e+01   3.3376e-02   3.6974e-01   3.1486e+02
20251210_06:00:00   9.9538e-01   1.7264e+02   1.5936e+01   3.0229e-04   3.4780e-01   3.2032e+02
20251210_09:00:00   1.1032e+00   1.8331e+02   1.7292e+01   0.0000e+00   1.6372e-02   3.1396e+02
20251210_12:00:00   1.1317e+00   1.8551e+02   1.6394e+01   2.3604e-02   2.9280e-01   3.1802e+02
20251210_15:00:00   1.5923e+00   2.1765e+02   1.4339e+01   2.5072e-01   4.3381e-03   3.2756e+02
20251210_18:00:00   2.2890e+00   2.4582e+02   1.2454e+01   5.8276e-01   1.7047e-03   3.2896e+02
20251210_21:00:00   1.4423e+00   2.0846e+02   1.0865e+01   2.8153e-01   1.1113e-03   3.2899e+02
20251211_00:00:00   1.0143e+00   1.7348e+02   1.0896e+01   1.0371e-01   1.2685e-03   3.1953e+02
20251211_03:00:00   1.7842e+00   2.2478e+02   9.1837e+00   4.8460e-01   1.3907e-03   3.1157e+02
20251211_06:00:00   1.4035e+00   2.0360e+02   7.7649e+00   3.6920e-01   1.1345e-02   3.0030e+02
20251211_09:00:00   8.8378e-01   1.5946e+02   8.0307e+00   1.3952e-01   1.3201e-02   3.0203e+02
20251211_12:00:00   5.8700e-01   1.2149e+02   8.1395e+00   1.6779e-03   1.3410e-02   3.0448e+02
20251211_15:00:00   5.2951e-01   1.1233e+02   7.4895e+00   1.0132e-04   1.3738e-04   3.1056e+02
20251211_18:00:00   4.3543e-01   9.6821e+01   6.1302e+00   0.0000e+00   1.8852e-04   3.1653e+02
20251211_21:00:00   4.4484e-01   9.8089e+01   6.2359e+00   0.0000e+00   6.5837e-04   3.1811e+02
20251212_00:00:00   4.2511e-01   9.4487e+01   5.8944e+00   0.0000e+00   6.5097e-04   3.2083e+02
20251212_03:00:00   3.6555e-01   8.4328e+01   4.9705e+00   0.0000e+00   2.9476e-04   3.1161e+02
20251212_06:00:00   3.7413e-01   8.5560e+01   5.2680e+00   0.0000e+00   1.3124e-04   3.1751e+02
20251212_09:00:00   3.1167e-01   7.4028e+01   4.3706e+00   0.0000e+00   3.0394e-03   3.2744e+02
20251212_12:00:00   3.0084e-01   7.1609e+01   4.3951e+00   0.0000e+00   1.1626e-02   3.2787e+02
20251212_15:00:00   2.7985e-01   6.7415e+01   4.1696e+00   0.0000e+00   3.1690e-03   3.2673e+02
20251212_18:00:00   2.8579e-01   6.8621e+01   4.3433e+00   0.0000e+00   2.5989e-04   3.2216e+02
20251212_21:00:00   3.2987e-01   7.7112e+01   5.1133e+00   0.0000e+00   1.4056e-03   3.2787e+02
20251213_00:00:00   4.1173e-01   9.1736e+01   6.5342e+00   0.0000e+00   3.8235e-03   3.3056e+02
20251213_03:00:00   4.8342e-01   1.0362e+02   7.6671e+00   0.0000e+00   8.6793e-03   3.3567e+02
20251213_06:00:00   5.5325e-01   1.1458e+02   8.6917e+00   0.0000e+00   3.0992e-02   3.2730e+02
20251213_09:00:00   7.2557e-01   1.3883e+02   1.0944e+01   0.0000e+00   5.5549e-02   3.3298e+02
20251213_12:00:00   8.1298e-01   1.5008e+02   1.1549e+01   2.1043e-02   3.4394e-02   3.3667e+02
20251213_15:00:00   9.0950e-01   1.6119e+02   1.1880e+01   5.8389e-02   4.1986e-02   3.3461e+02
20251213_18:00:00   9.6312e-01   1.6637e+02   1.4360e+01   3.1570e-06   7.2045e-01   3.3891e+02
20251213_21:00:00   9.0016e-01   1.5907e+02   1.3665e+01   1.9434e-04   6.0613e-01   3.2731e+02
20251214_00:00:00   8.2031e-01   1.4930e+02   1.2698e+01   0.0000e+00   5.4901e-01   3.3803e+02
20251214_03:00:00   7.1280e-01   1.3545e+02   1.1233e+01   0.0000e+00   5.6670e-01   3.3051e+02
20251214_06:00:00   6.6391e-01   1.2846e+02   1.0515e+01   0.0000e+00   4.8702e-01   3.2459e+02
20251214_09:00:00   6.4252e-01   1.2519e+02   1.0165e+01   0.0000e+00   4.9232e-01   3.1442e+02
20251214_12:00:00   5.6777e-01   1.1432e+02   9.0819e+00   0.0000e+00   4.1210e-01   2.9476e+02
20251214_15:00:00   4.3435e-01   9.3446e+01   7.1557e+00   0.0000e+00   1.9801e-01   2.9120e+02
20251214_18:00:00   3.7602e-01   8.3597e+01   6.2159e+00   0.0000e+00   2.8533e-01   2.8845e+02
20251214_21:00:00   3.8914e-01   8.5736e+01   6.3814e+00   0.0000e+00   3.6602e-01   2.9846e+02
20251215_00:00:00   3.7521e-01   8.3196e+01   6.1498e+00   0.0000e+00   2.4582e-01   3.0407e+02
20251215_03:00:00   3.6326e-01   8.1015e+01   5.8369e+00   0.0000e+00   3.1067e-01   3.1218e+02
20251215_06:00:00   2.9083e-01   6.7752e+01   4.6959e+00   0.0000e+00   1.1496e-01   3.1421e+02
20251215_09:00:00   2.3998e-01   5.7814e+01   3.6776e+00   0.0000e+00   2.4561e-01   3.2355e+02
20251215_12:00:00   1.8092e-01   4.6098e+01   2.4492e+00   0.0000e+00   1.5493e-02   3.4728e+02
20251215_15:00:00   2.2648e-01   5.5341e+01   3.0298e+00   0.0000e+00   2.4874e-04   3.7631e+02
20251215_18:00:00   3.0687e-01   7.0990e+01   4.0490e+00   0.0000e+00   6.7081e-04   3.6356e+02
20251215_21:00:00   3.2617e-01   7.4736e+01   4.2617e+00   2.6020e-07   2.2834e-02   3.4101e+02
20251216_00:00:00   3.0845e-01   7.1427e+01   4.0123e+00   0.0000e+00   1.9169e-03   3.3982e+02
20251216_03:00:00   2.6412e-01   6.3123e+01   3.3625e+00   0.0000e+00   2.2056e-04   3.3867e+02
20251216_06:00:00   2.2675e-01   5.6098e+01   2.8669e+00   0.0000e+00   1.1367e-05   3.0941e+02
20251216_09:00:00   3.4636e-01   7.8684e+01   5.0339e+00   0.0000e+00   6.4676e-04   2.9432e+02
20251216_12:00:00   3.8240e-01   8.5292e+01   5.8831e+00   0.0000e+00   1.4028e-03   2.9562e+02
20251216_15:00:00   4.3962e-01   9.5100e+01   6.8513e+00   0.0000e+00   4.0714e-02   2.8781e+02
20251216_18:00:00   4.0138e-01   8.9075e+01   6.1072e+00   0.0000e+00   4.2927e-02   2.9698e+02
20251216_21:00:00   4.0823e-01   8.9862e+01   6.4073e+00   0.0000e+00   5.7038e-02   2.9347e+02
20251217_00:00:00   3.3535e-01   7.6737e+01   5.3665e+00   0.0000e+00   1.2661e-05   2.8590e+02
20251217_03:00:00   3.2776e-01   7.5284e+01   5.3872e+00   0.0000e+00   8.2492e-05   2.8450e+02
20251217_06:00:00   3.6059e-01   8.1083e+01   6.1000e+00   0.0000e+00   6.3241e-03   2.8065e+02
20251217_09:00:00   4.0726e-01   8.9122e+01   6.8345e+00   0.0000e+00   5.8682e-03   2.7172e+02
20251217_12:00:00   4.3347e-01   9.3784e+01   7.1610e+00   0.0000e+00   1.8689e-02   2.7743e+02
20251217_15:00:00   4.9199e-01   1.0328e+02   8.0100e+00   0.0000e+00   2.0776e-01   2.7846e+02
20251217_18:00:00   5.3252e-01   1.0954e+02   8.5003e+00   0.0000e+00   2.1165e-01   2.8073e+02
20251217_21:00:00   4.6957e-01   9.9853e+01   7.5798e+00   0.0000e+00   5.1484e-02   2.8009e+02
20251218_00:00:00   4.7523e-01   1.0069e+02   7.6645e+00   0.0000e+00   5.3980e-02   2.8236e+02
20251218_03:00:00   4.8101e-01   1.0165e+02   7.7282e+00   0.0000e+00   3.6252e-02   2.9764e+02
20251218_06:00:00   5.2724e-01   1.0890e+02   8.5848e+00   0.0000e+00   6.1615e-02   2.8813e+02
