#            date       tau255        Tb[K]      pwv[mm] lwp[kg*m^-2] iwp[kg*m^-2]       o3[DU]
20251204_00:00:00   3.4484e-01   7.9696e+01   5.0766e+00   0.0000e+00   5.9028e-05   3.7388e+02
20251204_01:00:00   3.2459e-01   7.5779e+01   4.7701e+00   0.0000e+00   4.0644e-05   3.7366e+02
20251204_02:00:00   2.8837e-01   6.8750e+01   4.2139e+00   0.0000e+00   7.5285e-04   3.7410e+02
20251204_03:00:00   2.4046e-01   5.9198e+01   3.4557e+00   0.0000e+00   2.9339e-03   3.7268e+02
20251204_04:00:00   1.9209e-01   4.9116e+01   2.6628e+00   0.0000e+00   1.3471e-03   3.7046e+02
20251204_05:00:00   1.6933e-01   4.4173e+01   2.2594e+00   0.0000e+00   5.8178e-03   3.6803e+02
20251204_06:00:00   1.6157e-01   4.2472e+01   2.1292e+00   0.0000e+00   6.1915e-03   3.6831e+02
20251204_07:00:00   1.6566e-01   4.3336e+01   2.1816e+00   0.0000e+00   6.2977e-03   3.6766e+02
20251204_08:00:00   1.7332e-01   4.5002e+01   2.2991e+00   0.0000e+00   3.1063e-03   3.6925e+02
20251204_09:00:00   1.6293e-01   4.2815e+01   2.1085e+00   0.0000e+00   1.4949e-04   3.7624e+02
20251204_10:00:00   1.5025e-01   4.0129e+01   1.8887e+00   0.0000e+00   5.7241e-06   3.7432e+02
20251204_11:00:00   1.3538e-01   3.6884e+01   1.6464e+00   0.0000e+00   3.4029e-06   3.6893e+02
20251204_12:00:00   1.2287e-01   3.4104e+01   1.4606e+00   0.0000e+00   2.4454e-06   3.7238e+02
20251204_13:00:00   1.1934e-01   3.3285e+01   1.4242e+00   0.0000e+00   1.5743e-06   3.7162e+02
20251204_14:00:00   1.1984e-01   3.3412e+01   1.4588e+00   0.0000e+00   1.4730e-06   3.7021e+02
20251204_15:00:00   1.2122e-01   3.3763e+01   1.4810e+00   0.0000e+00   1.5531e-06   3.7414e+02
20251204_16:00:00   1.2365e-01   3.4340e+01   1.5235e+00   0.0000e+00   1.0547e-06   3.7828e+02
20251204_17:00:00   1.3157e-01   3.6135e+01   1.6509e+00   0.0000e+00   4.9310e-07   3.7927e+02
20251204_18:00:00   1.3911e-01   3.7812e+01   1.7832e+00   0.0000e+00   4.7270e-07   3.8083e+02
20251204_19:00:00   1.4618e-01   3.9431e+01   1.8853e+00   0.0000e+00   0.0000e+00   3.8194e+02
20251204_20:00:00   1.5937e-01   4.2379e+01   2.1163e+00   0.0000e+00   0.0000e+00   3.7028e+02
20251204_21:00:00   1.6999e-01   4.4717e+01   2.2953e+00   0.0000e+00   2.9050e-07   3.6597e+02
20251204_22:00:00   1.7661e-01   4.6185e+01   2.3908e+00   0.0000e+00   2.9530e-07   3.5911e+02
20251204_23:00:00   1.8225e-01   4.7402e+01   2.4842e+00   0.0000e+00   1.0369e-06   3.5054e+02
20251205_00:00:00   1.9485e-01   5.0152e+01   2.7088e+00   0.0000e+00   1.0527e-06   3.5030e+02
20251205_01:00:00   2.2207e-01   5.5869e+01   3.1999e+00   0.0000e+00   2.0041e-06   3.5424e+02
20251205_02:00:00   2.5669e-01   6.2849e+01   3.8184e+00   0.0000e+00   1.6429e-05   3.5236e+02
20251205_03:00:00   3.1905e-01   7.4973e+01   4.8428e+00   0.0000e+00   8.1580e-06   3.3391e+02
20251205_04:00:00   3.6137e-01   8.2905e+01   5.4982e+00   0.0000e+00   5.2440e-06   3.3017e+02
20251205_05:00:00   3.6248e-01   8.3175e+01   5.5224e+00   0.0000e+00   3.1399e-05   3.2910e+02
20251205_06:00:00   3.7751e-01   8.5863e+01   5.7652e+00   0.0000e+00   2.2755e-03   3.3086e+02
20251205_07:00:00   4.2224e-01   9.3744e+01   6.4790e+00   0.0000e+00   7.7856e-03   3.3089e+02
20251205_08:00:00   4.4917e-01   9.8535e+01   6.8592e+00   0.0000e+00   3.2972e-03   3.3290e+02
20251205_09:00:00   4.5790e-01   1.0001e+02   6.9762e+00   0.0000e+00   2.3119e-02   3.3128e+02
20251205_10:00:00   4.5463e-01   9.9590e+01   6.9197e+00   0.0000e+00   1.4984e-02   3.3325e+02
20251205_11:00:00   4.6413e-01   1.0125e+02   7.1020e+00   0.0000e+00   1.3494e-02   3.3467e+02
20251205_12:00:00   4.7109e-01   1.0262e+02   7.2218e+00   0.0000e+00   2.1697e-04   3.3688e+02
20251205_13:00:00   4.9868e-01   1.0711e+02   7.6538e+00   0.0000e+00   1.0579e-05   3.3653e+02
20251205_14:00:00   5.1337e-01   1.0969e+02   7.7907e+00   0.0000e+00   8.6504e-06   3.3112e+02
20251205_15:00:00   5.1093e-01   1.0956e+02   7.7046e+00   0.0000e+00   3.5971e-04   3.2833e+02
20251205_16:00:00   5.3193e-01   1.1282e+02   8.0685e+00   0.0000e+00   1.6029e-02   3.2543e+02
20251205_17:00:00   5.5339e-01   1.1627e+02   8.3533e+00   0.0000e+00   1.3707e-02   3.2452e+02
20251205_18:00:00   6.0279e-01   1.2342e+02   9.2364e+00   0.0000e+00   4.7985e-03   3.1937e+02
20251205_19:00:00   6.3789e-01   1.2829e+02   9.7901e+00   0.0000e+00   6.1798e-03   3.1579e+02
20251205_20:00:00   6.2655e-01   1.2679e+02   9.5912e+00   0.0000e+00   8.9559e-03   3.1322e+02
20251205_21:00:00   5.7486e-01   1.1967e+02   8.6699e+00   0.0000e+00   6.4943e-03   3.0966e+02
20251205_22:00:00   5.7385e-01   1.1955e+02   8.5992e+00   0.0000e+00   5.3007e-03   3.0948e+02
20251205_23:00:00   5.7186e-01   1.1934e+02   8.5039e+00   0.0000e+00   2.4794e-03   3.0542e+02
20251206_00:00:00   5.8210e-01   1.2082e+02   8.6481e+00   0.0000e+00   5.7572e-03   3.0636e+02
20251206_01:00:00   6.0052e-01   1.2351e+02   8.8316e+00   1.3860e-05   6.2923e-03   3.0808e+02
20251206_02:00:00   6.2158e-01   1.2646e+02   9.0346e+00   0.0000e+00   1.9736e-03   3.0785e+02
20251206_03:00:00   6.6403e-01   1.3227e+02   9.0389e+00   1.4507e-02   1.4753e-03   3.0895e+02
20251206_04:00:00   1.0524e+00   1.7607e+02   8.8961e+00   1.8488e-01   1.3515e-03   3.1147e+02
20251206_05:00:00   7.1342e-01   1.3874e+02   8.6228e+00   4.8860e-02   8.3349e-04   3.1240e+02
20251206_06:00:00   7.0923e-01   1.3814e+02   8.5628e+00   4.8558e-02   1.7752e-03   3.1061e+02
20251206_07:00:00   6.2855e-01   1.2718e+02   8.4385e+00   1.8165e-02   1.9948e-03   3.0910e+02
20251206_08:00:00   5.6621e-01   1.1801e+02   8.1778e+00   0.0000e+00   4.0084e-04   3.1065e+02
20251206_09:00:00   4.9246e-01   1.0637e+02   7.0891e+00   0.0000e+00   1.8146e-04   3.1115e+02
20251206_10:00:00   3.9983e-01   9.0746e+01   5.7120e+00   2.0464e-05   7.2853e-05   3.1233e+02
20251206_11:00:00   3.5989e-01   8.3600e+01   5.0866e+00   9.8560e-06   1.0667e-04   3.1235e+02
20251206_12:00:00   3.3976e-01   7.9862e+01   4.7956e+00   0.0000e+00   2.1034e-05   3.1616e+02
20251206_13:00:00   3.3906e-01   7.9575e+01   4.8023e+00   0.0000e+00   8.9530e-06   3.1957e+02
20251206_14:00:00   3.3813e-01   7.9293e+01   4.8416e+00   0.0000e+00   9.7800e-06   3.2396e+02
20251206_15:00:00   3.4972e-01   8.1217e+01   5.0628e+00   0.0000e+00   2.0116e-05   3.3191e+02
20251206_16:00:00   3.7094e-01   8.4918e+01   5.4563e+00   0.0000e+00   2.8266e-03   3.3498e+02
20251206_17:00:00   4.0005e-01   9.0130e+01   5.9421e+00   0.0000e+00   2.1323e-03   3.3297e+02
20251206_18:00:00   4.2320e-01   9.4254e+01   6.2833e+00   0.0000e+00   6.5481e-06   3.3073e+02
20251206_19:00:00   4.3423e-01   9.6193e+01   6.4831e+00   0.0000e+00   2.2039e-03   3.2520e+02
20251206_20:00:00   4.5559e-01   9.9607e+01   6.8572e+00   0.0000e+00   9.7366e-03   3.1985e+02
20251206_21:00:00   4.7034e-01   1.0193e+02   7.1983e+00   0.0000e+00   4.9667e-02   3.2334e+02
20251206_22:00:00   4.8056e-01   1.0340e+02   7.4121e+00   0.0000e+00   8.4977e-02   3.2155e+02
20251206_23:00:00   5.0483e-01   1.0704e+02   7.7887e+00   0.0000e+00   1.7656e-01   3.2372e+02
20251207_00:00:00   5.3955e-01   1.1222e+02   8.3289e+00   0.0000e+00   1.4783e-01   3.2682e+02
20251207_01:00:00   5.6122e-01   1.1544e+02   8.6619e+00   0.0000e+00   1.2679e-01   3.3284e+02
20251207_02:00:00   5.8719e-01   1.1922e+02   8.9999e+00   0.0000e+00   2.1654e-01   3.3798e+02
20251207_03:00:00   6.2683e-01   1.2478e+02   9.4907e+00   0.0000e+00   3.4552e-01   3.3944e+02
20251207_04:00:00   6.5521e-01   1.2858e+02   9.8056e+00   0.0000e+00   3.9465e-01   3.3861e+02
20251207_05:00:00   6.8340e-01   1.3228e+02   1.0076e+01   0.0000e+00   4.1826e-01   3.4034e+02
20251207_06:00:00   6.9130e-01   1.3316e+02   1.0126e+01   0.0000e+00   4.0011e-01   3.4021e+02
20251207_07:00:00   6.8641e-01   1.3250e+02   1.0061e+01   0.0000e+00   3.5391e-01   3.3949e+02
20251207_08:00:00   6.7802e-01   1.3133e+02   9.9613e+00   0.0000e+00   2.6186e-01   3.4053e+02
20251207_09:00:00   6.4797e-01   1.2732e+02   9.4789e+00   0.0000e+00   1.4195e-01   3.4487e+02
20251207_10:00:00   6.0196e-01   1.2118e+02   8.6865e+00   0.0000e+00   2.0060e-02   3.4424e+02
20251207_11:00:00   5.5095e-01   1.1391e+02   7.8293e+00   0.0000e+00   2.6714e-03   3.5065e+02
20251207_12:00:00   5.2295e-01   1.0972e+02   7.4171e+00   0.0000e+00   4.1107e-05   3.5132e+02
20251207_13:00:00   4.7969e-01   1.0303e+02   6.7371e+00   0.0000e+00   2.6901e-05   3.5889e+02
20251207_14:00:00   4.5358e-01   9.8729e+01   6.3723e+00   0.0000e+00   2.2318e-05   3.6015e+02
20251207_15:00:00   4.2146e-01   9.3339e+01   5.8883e+00   0.0000e+00   2.1583e-05   3.5860e+02
20251207_16:00:00   4.0905e-01   9.1085e+01   5.7384e+00   0.0000e+00   2.9322e-05   3.5739e+02
20251207_17:00:00   4.0022e-01   8.9479e+01   5.6506e+00   0.0000e+00   6.6609e-05   3.5362e+02
20251207_18:00:00   3.7278e-01   8.4636e+01   5.2631e+00   0.0000e+00   3.7992e-04   3.4616e+02
20251207_19:00:00   3.2940e-01   7.6892e+01   4.5768e+00   0.0000e+00   1.1572e-04   3.5378e+02
20251207_20:00:00   2.8565e-01   6.8720e+01   3.8324e+00   0.0000e+00   5.1877e-04   3.6011e+02
20251207_21:00:00   2.5504e-01   6.2716e+01   3.3451e+00   0.0000e+00   1.0623e-03   3.5420e+02
20251207_22:00:00   2.2830e-01   5.7244e+01   2.9492e+00   0.0000e+00   3.2763e-03   3.5221e+02
20251207_23:00:00   1.8778e-01   4.8691e+01   2.3511e+00   0.0000e+00   4.1815e-03   3.5301e+02
20251208_00:00:00   1.5805e-01   4.2018e+01   1.9567e+00   0.0000e+00   1.1135e-02   3.5275e+02
20251208_01:00:00   1.6250e-01   4.2718e+01   2.1125e+00   0.0000e+00   1.5585e-02   3.5063e+02
20251208_02:00:00   1.5749e-01   4.1586e+01   2.0545e+00   0.0000e+00   2.5625e-03   3.4572e+02
20251208_03:00:00   1.5118e-01   4.0271e+01   1.9125e+00   0.0000e+00   1.7790e-05   3.4211e+02
20251208_04:00:00   1.5558e-01   4.1214e+01   1.9771e+00   0.0000e+00   1.3919e-05   3.4268e+02
20251208_05:00:00   1.5875e-01   4.1859e+01   2.0524e+00   0.0000e+00   2.2776e-05   3.4025e+02
20251208_06:00:00   1.6559e-01   4.3312e+01   2.1943e+00   0.0000e+00   1.2062e-04   3.4278e+02
20251208_07:00:00   1.9061e-01   4.8563e+01   2.6508e+00   0.0000e+00   1.0472e-04   3.4160e+02
20251208_08:00:00   2.1081e-01   5.2817e+01   3.0001e+00   0.0000e+00   1.2581e-04   3.3889e+02
20251208_09:00:00   2.4603e-01   6.0060e+01   3.6126e+00   0.0000e+00   9.5426e-05   3.3857e+02
20251208_10:00:00   2.7745e-01   6.6436e+01   4.1312e+00   0.0000e+00   1.1088e-04   3.4252e+02
20251208_11:00:00   3.0929e-01   7.2672e+01   4.6103e+00   0.0000e+00   2.7118e-04   3.4158e+02
20251208_12:00:00   3.4721e-01   7.9836e+01   5.1710e+00   0.0000e+00   1.5429e-03   3.3999e+02
20251208_13:00:00   3.8073e-01   8.5991e+01   5.7201e+00   0.0000e+00   9.7430e-05   3.3822e+02
20251208_14:00:00   4.0760e-01   9.0638e+01   6.1347e+00   0.0000e+00   8.4448e-04   3.3683e+02
20251208_15:00:00   4.3034e-01   9.4538e+01   6.5001e+00   0.0000e+00   2.7366e-03   3.3525e+02
20251208_16:00:00   4.5290e-01   9.8409e+01   6.8905e+00   0.0000e+00   6.4408e-04   3.3304e+02
20251208_17:00:00   4.8195e-01   1.0323e+02   7.3803e+00   0.0000e+00   2.0802e-03   3.3463e+02
20251208_18:00:00   5.1206e-01   1.0807e+02   7.8801e+00   0.0000e+00   7.5992e-03   3.3866e+02
20251208_19:00:00   5.4033e-01   1.1252e+02   8.3260e+00   0.0000e+00   5.1208e-02   3.3931e+02
20251208_20:00:00   5.3922e-01   1.1254e+02   8.3312e+00   0.0000e+00   5.1442e-02   3.3709e+02
20251208_21:00:00   5.9974e-01   1.2144e+02   9.3303e+00   0.0000e+00   1.1528e-01   3.3971e+02
20251208_22:00:00   6.7460e-01   1.3189e+02   1.0417e+01   0.0000e+00   1.5793e-01   3.4071e+02
20251208_23:00:00   7.6863e-01   1.4416e+02   1.1633e+01   0.0000e+00   2.6859e-01   3.3962e+02
20251209_00:00:00   8.4867e-01   1.5364e+02   1.2535e+01   0.0000e+00   4.7719e-01   3.3976e+02
20251209_03:00:00   8.8142e-01   1.5752e+02   1.2891e+01   0.0000e+00   6.1250e-01   3.3954e+02
20251209_06:00:00   7.8837e-01   1.4783e+02   1.1625e+01   1.1932e-05   1.7370e-03   3.4289e+02
20251209_09:00:00   6.3864e-01   1.2953e+02   9.5338e+00   0.0000e+00   7.5880e-06   3.4595e+02
20251209_12:00:00   6.9155e-01   1.3660e+02   1.0644e+01   0.0000e+00   2.1233e-02   3.4801e+02
20251209_15:00:00   7.1477e-01   1.3954e+02   1.1103e+01   0.0000e+00   4.3737e-02   3.5074e+02
20251209_18:00:00   7.4032e-01   1.4329e+02   1.1450e+01   3.3780e-04   5.2288e-03   3.5268e+02
20251209_21:00:00   7.6335e-01   1.4632e+02   1.1919e+01   6.5569e-03   2.1034e-02   3.4978e+02
20251210_00:00:00   9.2621e-01   1.6498e+02   1.4177e+01   1.1986e-02   3.8034e-01   3.3645e+02
20251210_03:00:00   1.0670e+00   1.7981e+02   1.5724e+01   1.6976e-02   1.3168e-01   3.4568e+02
20251210_06:00:00   1.0879e+00   1.8188e+02   1.6643e+01   3.5329e-04   1.4806e-01   3.4088e+02
20251210_09:00:00   1.4797e+00   2.1147e+02   1.7113e+01   1.3148e-01   4.2381e-01   3.3575e+02
20251210_12:00:00   1.1306e+00   1.8657e+02   1.0408e+01   1.6023e-01   9.3606e-05   3.4599e+02
20251210_15:00:00   8.7610e-01   1.5892e+02   1.1190e+01   4.3843e-02   6.0340e-03   3.4330e+02
20251210_18:00:00   6.4349e-01   1.2910e+02   9.2733e+00   4.4650e-03   6.4693e-04   3.3023e+02
20251210_21:00:00   6.5800e-01   1.3129e+02   8.4947e+00   3.3264e-02   1.6529e-03   3.1847e+02
20251211_00:00:00   5.6876e-01   1.1798e+02   7.4567e+00   2.9767e-02   1.2771e-01   3.0254e+02
20251211_03:00:00   4.5426e-01   9.9443e+01   6.7920e+00   0.0000e+00   2.2317e-02   2.9754e+02
20251211_06:00:00   3.7769e-01   8.6409e+01   5.4319e+00   0.0000e+00   3.8853e-03   3.0469e+02
20251211_09:00:00   3.5435e-01   8.2041e+01   5.1070e+00   0.0000e+00   6.0681e-04   3.0719e+02
20251211_12:00:00   3.5667e-01   8.1969e+01   5.2552e+00   0.0000e+00   1.3295e-02   3.0817e+02
20251211_15:00:00   3.9148e-01   8.7744e+01   5.8611e+00   0.0000e+00   7.1485e-03   3.0836e+02
20251211_18:00:00   3.7479e-01   8.5082e+01   5.4694e+00   0.0000e+00   1.1992e-04   3.1218e+02
20251211_21:00:00   3.5485e-01   8.1760e+01   5.0963e+00   0.0000e+00   8.7306e-06   3.2077e+02
20251212_00:00:00   3.6915e-01   8.4018e+01   5.3754e+00   0.0000e+00   1.0508e-03   3.2020e+02
20251212_03:00:00   4.1580e-01   9.1761e+01   6.0934e+00   0.0000e+00   3.6988e-03   3.2064e+02
20251212_06:00:00   3.5671e-01   8.1942e+01   4.9875e+00   0.0000e+00   1.7094e-05   3.2769e+02
20251212_09:00:00   3.4158e-01   7.9340e+01   4.7218e+00   0.0000e+00   9.3864e-06   3.3758e+02
20251212_12:00:00   3.8738e-01   8.7111e+01   5.4994e+00   0.0000e+00   2.1492e-05   3.4557e+02
20251212_15:00:00   4.5114e-01   9.7705e+01   6.3890e+00   0.0000e+00   1.2044e-03   3.4327e+02
20251212_18:00:00   4.5277e-01   9.8394e+01   6.2355e+00   0.0000e+00   2.4376e-04   3.4412e+02
20251212_21:00:00   4.3723e-01   9.5875e+01   6.1452e+00   0.0000e+00   1.3535e-02   3.5642e+02
20251213_00:00:00   4.7384e-01   1.0135e+02   7.0625e+00   0.0000e+00   1.7064e-02   3.4605e+02
20251213_03:00:00   4.9186e-01   1.0405e+02   7.7517e+00   0.0000e+00   6.6525e-03   3.3626e+02
20251213_06:00:00   5.2245e-01   1.0895e+02   8.3390e+00   0.0000e+00   7.6704e-02   3.1974e+02
20251213_09:00:00   5.9166e-01   1.1958e+02   9.5513e+00   0.0000e+00   7.1285e-02   3.1363e+02
20251213_12:00:00   6.9376e-01   1.3371e+02   1.1331e+01   0.0000e+00   5.5917e-02   3.0365e+02
20251213_15:00:00   8.0130e-01   1.4740e+02   1.2930e+01   0.0000e+00   1.4300e-01   2.9126e+02
20251213_18:00:00   8.5674e-01   1.5448e+02   1.3444e+01   0.0000e+00   1.4608e-01   2.8920e+02
20251213_21:00:00   1.2028e+00   1.8822e+02   1.1752e+01   1.9142e-01   1.8715e-02   2.8793e+02
20251214_00:00:00   1.0135e+00   1.7269e+02   1.1299e+01   1.1810e-01   5.4690e-03   2.7712e+02
20251214_03:00:00   8.5088e-01   1.5647e+02   1.0800e+01   6.6296e-02   1.2533e-03   2.6951e+02
20251214_06:00:00   9.0070e-01   1.6235e+02   1.1271e+01   7.8420e-02   3.7620e-04   2.7084e+02
20251214_09:00:00   9.3799e-01   1.6643e+02   1.2787e+01   6.2800e-02   6.3695e-03   2.6838e+02
20251214_12:00:00   1.2712e+00   1.9684e+02   1.3325e+01   1.8006e-01   6.4162e-03   2.6779e+02
20251214_15:00:00   1.4548e+00   2.1018e+02   1.3954e+01   2.3099e-01   9.7015e-03   2.6584e+02
20251214_18:00:00   2.6736e+00   2.5619e+02   1.6212e+01   6.5790e-01   1.4000e-02   2.6314e+02
20251214_21:00:00   4.0167e+00   2.7151e+02   1.9571e+01   1.0901e+00   2.6165e-02   2.6168e+02
20251215_00:00:00   3.1705e+00   2.6564e+02   1.8604e+01   7.4897e-01   0.0000e+00   2.6396e+02
20251215_03:00:00   3.4015e+00   2.6866e+02   1.8755e+01   8.2804e-01   5.9380e-04   2.5654e+02
20251215_06:00:00   2.7547e+00   2.6147e+02   1.9310e+01   5.4343e-01   5.2780e-05   2.6213e+02
20251215_09:00:00   1.4967e+00   2.1816e+02   1.7956e+01   8.5996e-02   4.2861e-05   2.6793e+02
20251215_12:00:00   1.8434e+00   2.3702e+02   1.8904e+01   1.9336e-01   2.8955e-03   2.7658e+02
20251215_15:00:00   2.5781e+00   2.6017e+02   1.9702e+01   4.5885e-01   1.3391e-03   2.7867e+02
20251215_18:00:00   2.5621e+00   2.6053e+02   2.0682e+01   4.2278e-01   5.6760e-03   2.7675e+02
20251215_21:00:00   1.8403e+00   2.3825e+02   2.0863e+01   1.3451e-01   1.8580e-03   2.8496e+02
20251216_00:00:00   1.4398e+00   2.1326e+02   1.6645e+01   1.1749e-01   1.2592e-02   2.8319e+02
20251216_03:00:00   9.7378e-01   1.7344e+02   1.3241e+01   3.5421e-02   7.6630e-05   2.8941e+02
20251216_06:00:00   8.4056e-01   1.5814e+02   1.1492e+01   3.6082e-02   3.8600e-05   2.9192e+02
20251216_09:00:00   6.9386e-01   1.3953e+02   1.0868e+01   0.0000e+00   6.8453e-05   2.8865e+02
20251216_12:00:00   7.7560e-01   1.5004e+02   1.2053e+01   0.0000e+00   6.6646e-04   2.9076e+02
20251216_15:00:00   2.0287e+00   2.3789e+02   1.6582e+01   3.9443e-01   3.0726e-02   2.9217e+02
20251216_18:00:00   2.0014e+00   2.3797e+02   1.6941e+01   3.6140e-01   1.5776e-02   2.9074e+02
20251216_21:00:00   2.4203e+00   2.5121e+02   1.7683e+01   5.0276e-01   1.4408e-02   2.8745e+02
20251217_00:00:00   4.3334e+00   2.7191e+02   2.0497e+01   1.2024e+00   1.6928e-01   2.8640e+02
20251217_03:00:00   2.3837e+00   2.5019e+02   1.9421e+01   4.4291e-01   2.1631e-01   2.8877e+02
20251217_06:00:00   2.1568e+00   2.4354e+02   1.8876e+01   3.7505e-01   3.7246e-01   2.9251e+02
20251217_09:00:00   2.8343e+00   2.5896e+02   1.9191e+01   6.4710e-01   1.9450e-01   2.9701e+02
20251217_12:00:00   1.9652e+00   2.3624e+02   2.0038e+01   2.8414e-01   5.1918e-01   2.9570e+02
20251217_15:00:00   1.8078e+00   2.2995e+02   2.4276e+01   9.4174e-02   4.8487e-01   2.9012e+02
20251217_18:00:00   3.4092e+00   2.6660e+02   2.5364e+01   7.0722e-01   5.2891e-01   2.8983e+02
20251217_21:00:00   1.9756e+00   2.3821e+02   2.5444e+01   1.1358e-01   3.9797e-01   2.9318e+02
20251218_00:00:00   3.8086e+00   2.6948e+02   2.0567e+01   9.8149e-01   1.4650e-01   2.8996e+02
20251218_03:00:00   2.5895e+00   2.5375e+02   1.6869e+01   5.8228e-01   7.8050e-02   2.9394e+02
20251218_06:00:00   1.1431e+00   1.8626e+02   1.3584e+01   9.6280e-02   2.5731e-03   2.9785e+02
20251218_09:00:00   7.0214e-01   1.3761e+02   1.0682e+01   0.0000e+00   1.6142e-03   3.0761e+02
20251218_12:00:00   6.0258e-01   1.2280e+02   9.2547e+00   2.1700e-04   4.3031e-03   3.1014e+02
20251218_15:00:00   5.3304e-01   1.1206e+02   8.1070e+00   0.0000e+00   1.6979e-03   3.2371e+02
20251218_18:00:00   5.0198e-01   1.0749e+02   7.4599e+00   0.0000e+00   7.7634e-04   3.2428e+02
20251218_21:00:00   4.3928e-01   9.7197e+01   6.4249e+00   5.7570e-05   1.1653e-03   3.3016e+02
20251219_00:00:00   4.4985e-01   9.8513e+01   6.5441e+00   8.4361e-06   4.6888e-04   3.3247e+02
20251219_03:00:00   4.2356e-01   9.4036e+01   6.0118e+00   2.1720e-05   4.9122e-04   3.4357e+02
20251219_06:00:00   3.4205e-01   7.9804e+01   4.7597e+00   0.0000e+00   9.5604e-06   3.4468e+02
20251219_09:00:00   3.0473e-01   7.2675e+01   4.4868e+00   0.0000e+00   2.1993e-03   3.3389e+02
20251219_12:00:00   3.1940e-01   7.5559e+01   5.0039e+00   0.0000e+00   2.1046e-04   3.2927e+02
20251219_15:00:00   4.0519e-01   9.0929e+01   6.6937e+00   0.0000e+00   5.2961e-03   3.1874e+02
20251219_18:00:00   3.4773e-01   8.1551e+01   5.6938e+00   0.0000e+00   0.0000e+00   3.0455e+02
20251219_21:00:00   3.7728e-01   8.7731e+01   6.2447e+00   0.0000e+00   1.0198e-05   2.9609e+02
20251220_00:00:00   4.0585e-01   9.3186e+01   6.8941e+00   0.0000e+00   7.1021e-03   2.9048e+02
