#            date       tau255        Tb[K]      pwv[mm] lwp[kg*m^-2] iwp[kg*m^-2]       o3[DU]
20251201_06:00:00   3.4169e-01   7.9160e+01   4.6732e+00   0.0000e+00   2.7027e-02   3.8530e+02
20251201_07:00:00   3.4834e-01   8.0294e+01   4.8364e+00   0.0000e+00   7.1249e-02   3.9353e+02
20251201_08:00:00   3.7524e-01   8.4972e+01   5.3334e+00   0.0000e+00   8.7600e-02   4.0396e+02
20251201_09:00:00   3.9366e-01   8.8145e+01   5.6451e+00   0.0000e+00   8.2943e-02   4.1065e+02
20251201_10:00:00   4.3129e-01   9.4430e+01   6.2960e+00   0.0000e+00   9.4048e-02   4.1584e+02
20251201_11:00:00   5.4015e-01   1.1150e+02   8.1244e+00   0.0000e+00   1.0695e-01   4.2096e+02
20251201_12:00:00   6.0055e-01   1.2023e+02   8.9709e+00   0.0000e+00   1.3498e-01   4.2083e+02
20251201_13:00:00   5.3282e-01   1.1042e+02   7.9243e+00   0.0000e+00   1.4187e-01   4.1182e+02
20251201_14:00:00   5.1396e-01   1.0762e+02   7.6807e+00   0.0000e+00   4.3857e-02   4.0343e+02
20251201_15:00:00   5.3566e-01   1.1089e+02   8.0316e+00   0.0000e+00   2.7992e-02   3.9347e+02
20251201_16:00:00   5.9995e-01   1.2005e+02   8.9220e+00   0.0000e+00   4.0132e-01   3.8623e+02
20251201_17:00:00   6.6858e-01   1.2946e+02   9.5930e+00   8.6380e-03   4.4537e-01   3.9045e+02
20251201_18:00:00   6.4937e-01   1.2678e+02   9.5137e+00   0.0000e+00   6.6415e-01   3.9034e+02
20251201_19:00:00   6.5128e-01   1.2708e+02   9.5391e+00   3.2760e-06   6.3576e-01   3.9443e+02
20251201_20:00:00   6.4294e-01   1.2601e+02   9.4025e+00   1.1884e-05   5.9488e-01   3.8323e+02
20251201_21:00:00   6.3771e-01   1.2531e+02   9.3558e+00   4.1994e-05   4.5555e-01   3.8541e+02
20251201_22:00:00   6.3225e-01   1.2455e+02   9.2637e+00   1.3006e-07   4.6768e-01   3.8768e+02
20251201_23:00:00   6.2305e-01   1.2330e+02   9.1686e+00   0.0000e+00   2.9486e-01   4.0063e+02
20251202_00:00:00   6.0299e-01   1.2059e+02   8.8664e+00   0.0000e+00   1.0738e-01   4.0444e+02
20251202_01:00:00   5.7402e-01   1.1660e+02   8.2892e+00   0.0000e+00   5.0495e-02   3.9910e+02
20251202_02:00:00   5.5531e-01   1.1391e+02   7.9455e+00   0.0000e+00   4.8098e-02   4.0132e+02
20251202_03:00:00   5.0899e-01   1.0710e+02   7.1216e+00   0.0000e+00   1.3649e-02   4.0227e+02
20251202_04:00:00   4.9182e-01   1.0447e+02   6.8528e+00   0.0000e+00   2.8560e-03   4.0040e+02
20251202_05:00:00   4.6590e-01   1.0041e+02   6.4616e+00   0.0000e+00   1.0723e-04   3.9630e+02
20251202_06:00:00   4.3880e-01   9.6103e+01   6.0407e+00   0.0000e+00   2.0602e-04   3.9936e+02
20251202_07:00:00   4.2267e-01   9.3466e+01   5.8109e+00   0.0000e+00   3.7832e-04   4.0052e+02
20251202_08:00:00   3.8751e-01   8.7568e+01   5.2660e+00   0.0000e+00   3.9345e-04   3.9792e+02
20251202_09:00:00   3.7834e-01   8.6004e+01   5.1669e+00   0.0000e+00   4.0408e-04   3.8986e+02
20251202_10:00:00   3.5140e-01   8.1235e+01   4.8194e+00   0.0000e+00   4.2427e-04   3.8806e+02
20251202_11:00:00   3.5057e-01   8.1089e+01   4.8766e+00   0.0000e+00   4.4170e-04   3.8635e+02
20251202_12:00:00   3.5069e-01   8.1125e+01   4.9023e+00   0.0000e+00   4.5280e-04   3.8150e+02
20251202_13:00:00   3.5195e-01   8.1382e+01   4.9836e+00   0.0000e+00   4.4809e-04   3.8243e+02
20251202_14:00:00   3.3977e-01   7.9256e+01   4.8366e+00   0.0000e+00   4.6608e-04   3.8251e+02
20251202_15:00:00   3.4302e-01   7.9863e+01   4.9109e+00   0.0000e+00   4.5134e-04   3.8174e+02
20251202_16:00:00   3.5331e-01   8.1764e+01   5.1132e+00   0.0000e+00   4.4676e-04   3.8040e+02
20251202_17:00:00   3.5707e-01   8.2596e+01   5.1907e+00   0.0000e+00   3.6165e-04   3.7761e+02
20251202_18:00:00   3.5868e-01   8.3052e+01   5.2475e+00   7.5120e-05   4.2918e-04   3.7517e+02
20251202_19:00:00   3.7362e-01   8.5837e+01   5.5568e+00   3.3300e-05   4.3203e-04   3.7140e+02
20251202_20:00:00   3.7844e-01   8.6784e+01   5.7107e+00   3.1460e-05   4.6179e-04   3.6579e+02
20251202_21:00:00   3.8898e-01   8.8644e+01   6.0210e+00   1.1068e-05   1.5271e-03   3.5954e+02
20251202_22:00:00   4.0807e-01   9.1965e+01   6.4281e+00   0.0000e+00   4.0501e-03   3.5885e+02
20251202_23:00:00   4.7551e-01   1.0316e+02   7.6637e+00   0.0000e+00   2.1886e-02   3.5733e+02
20251203_00:00:00   5.4345e-01   1.1384e+02   8.8715e+00   0.0000e+00   3.2903e-02   3.5668e+02
20251203_01:00:00   6.0618e-01   1.2307e+02   9.9770e+00   0.0000e+00   2.0695e-02   3.5777e+02
20251203_02:00:00   6.1326e-01   1.2440e+02   1.0056e+01   0.0000e+00   1.6140e-02   3.5623e+02
20251203_03:00:00   6.4885e-01   1.2925e+02   1.0619e+01   0.0000e+00   3.2644e-02   3.5521e+02
20251203_04:00:00   6.6600e-01   1.3175e+02   1.0802e+01   0.0000e+00   2.5679e-02   3.5413e+02
20251203_05:00:00   6.2714e-01   1.2662e+02   1.0098e+01   0.0000e+00   2.3352e-02   3.5575e+02
20251203_06:00:00   6.4843e-01   1.2960e+02   1.0517e+01   0.0000e+00   4.9121e-02   3.5834e+02
20251203_07:00:00   6.9119e-01   1.3549e+02   1.1205e+01   0.0000e+00   4.9162e-02   3.6082e+02
20251203_08:00:00   7.0225e-01   1.3704e+02   1.1386e+01   0.0000e+00   7.1224e-02   3.6075e+02
20251203_09:00:00   6.8534e-01   1.3477e+02   1.1111e+01   0.0000e+00   1.2541e-01   3.6104e+02
20251203_10:00:00   7.1740e-01   1.3903e+02   1.1601e+01   0.0000e+00   9.3885e-02   3.6292e+02
20251203_11:00:00   8.0024e-01   1.4922e+02   1.2697e+01   0.0000e+00   2.5661e-01   3.6453e+02
20251203_12:00:00   8.4896e-01   1.5489e+02   1.3258e+01   0.0000e+00   3.3455e-01   3.6726e+02
20251203_13:00:00   8.9915e-01   1.6029e+02   1.3854e+01   2.6020e-07   3.4944e-01   3.7196e+02
20251203_14:00:00   9.4733e-01   1.6522e+02   1.4172e+01   2.5441e-03   4.6316e-01   3.7296e+02
20251203_15:00:00   9.8996e-01   1.6935e+02   1.4040e+01   1.9778e-02   4.8534e-01   3.8063e+02
20251203_16:00:00   9.1850e-01   1.6172e+02   1.3471e+01   4.4100e-03   4.9403e-01   3.8755e+02
20251203_17:00:00   8.8211e-01   1.5750e+02   1.3056e+01   2.0074e-03   4.3320e-01   3.9251e+02
20251203_18:00:00   8.0155e-01   1.4829e+02   1.2081e+01   8.8720e-05   2.7751e-02   3.9668e+02
20251203_19:00:00   7.3856e-01   1.4028e+02   1.1083e+01   6.9490e-04   2.7645e-02   3.9287e+02
20251203_20:00:00   6.5259e-01   1.2886e+02   9.8641e+00   2.4900e-05   1.2200e-02   3.8939e+02
20251203_21:00:00   5.8508e-01   1.1913e+02   8.8372e+00   2.9500e-05   2.5141e-02   3.9083e+02
20251203_22:00:00   5.2243e-01   1.0960e+02   7.8851e+00   0.0000e+00   1.9826e-02   3.9007e+02
20251203_23:00:00   4.5273e-01   9.8320e+01   6.8512e+00   0.0000e+00   1.5451e-02   3.8893e+02
20251204_00:00:00   3.4751e-01   7.9912e+01   5.2121e+00   0.0000e+00   7.7525e-03   3.8788e+02
20251204_01:00:00   2.8233e-01   6.7491e+01   4.1636e+00   0.0000e+00   5.3499e-03   3.8834e+02
20251204_02:00:00   2.2968e-01   5.6956e+01   3.3473e+00   0.0000e+00   2.9762e-03   3.8291e+02
20251204_03:00:00   2.0188e-01   5.1111e+01   2.8835e+00   0.0000e+00   3.8049e-03   3.8185e+02
20251204_04:00:00   1.9175e-01   4.8903e+01   2.6960e+00   0.0000e+00   1.4800e-03   3.8023e+02
20251204_05:00:00   1.8602e-01   4.7677e+01   2.5798e+00   0.0000e+00   7.9572e-04   3.7873e+02
20251204_06:00:00   1.8398e-01   4.7218e+01   2.5281e+00   0.0000e+00   5.3817e-04   3.7844e+02
20251204_07:00:00   1.8175e-01   4.6736e+01   2.4573e+00   0.0000e+00   4.2738e-06   3.7035e+02
20251204_08:00:00   1.7940e-01   4.6215e+01   2.4070e+00   0.0000e+00   5.0120e-06   3.7165e+02
20251204_09:00:00   1.7287e-01   4.4829e+01   2.3023e+00   0.0000e+00   5.0110e-06   3.7112e+02
20251204_10:00:00   1.7168e-01   4.4558e+01   2.2863e+00   0.0000e+00   6.6593e-06   3.7227e+02
20251204_11:00:00   1.6000e-01   4.2099e+01   2.0796e+00   0.0000e+00   5.9419e-06   3.6326e+02
20251204_12:00:00   1.4293e-01   3.8464e+01   1.7912e+00   0.0000e+00   4.3795e-06   3.7339e+02
20251204_13:00:00   1.3700e-01   3.7184e+01   1.6932e+00   0.0000e+00   3.4629e-06   3.7845e+02
20251204_14:00:00   1.3276e-01   3.6295e+01   1.6007e+00   0.0000e+00   3.4709e-06   3.7723e+02
20251204_15:00:00   1.2834e-01   3.5402e+01   1.5130e+00   0.0000e+00   3.0439e-06   3.8049e+02
20251204_16:00:00   1.2688e-01   3.5118e+01   1.4911e+00   0.0000e+00   2.9789e-06   3.8062e+02
20251204_17:00:00   1.3051e-01   3.5928e+01   1.5486e+00   0.0000e+00   2.4860e-06   3.7776e+02
20251204_18:00:00   1.3207e-01   3.6298e+01   1.5733e+00   0.0000e+00   2.4603e-06   3.7992e+02
20251204_19:00:00   1.3423e-01   3.6813e+01   1.6092e+00   0.0000e+00   1.2545e-06   3.7811e+02
20251204_20:00:00   1.3676e-01   3.7415e+01   1.6530e+00   0.0000e+00   1.0141e-06   3.6881e+02
20251204_21:00:00   1.3992e-01   3.8116e+01   1.7245e+00   0.0000e+00   7.3920e-07   3.6630e+02
20251204_22:00:00   1.4277e-01   3.8732e+01   1.8076e+00   0.0000e+00   6.8250e-07   3.5892e+02
20251204_23:00:00   1.4309e-01   3.8776e+01   1.8483e+00   0.0000e+00   6.8700e-07   3.5910e+02
20251205_00:00:00   1.4936e-01   4.0175e+01   1.9662e+00   0.0000e+00   1.0558e-06   3.6117e+02
20251205_01:00:00   1.6132e-01   4.2848e+01   2.1904e+00   0.0000e+00   1.1007e-06   3.5749e+02
20251205_02:00:00   1.8052e-01   4.7098e+01   2.5240e+00   0.0000e+00   1.1153e-06   3.5812e+02
20251205_03:00:00   2.1359e-01   5.4152e+01   3.0672e+00   0.0000e+00   1.1213e-06   3.5714e+02
20251205_04:00:00   2.4726e-01   6.1117e+01   3.6274e+00   0.0000e+00   1.1377e-06   3.4553e+02
20251205_05:00:00   2.8969e-01   6.9539e+01   4.3639e+00   0.0000e+00   2.2543e-04   3.3397e+02
20251205_06:00:00   3.3328e-01   7.7841e+01   5.1135e+00   0.0000e+00   1.7397e-03   3.3046e+02
20251205_07:00:00   3.5236e-01   8.1512e+01   5.4260e+00   0.0000e+00   1.4475e-03   3.3186e+02
20251205_08:00:00   4.0538e-01   9.0972e+01   6.2898e+00   0.0000e+00   1.4078e-03   3.3550e+02
20251205_09:00:00   4.3362e-01   9.6145e+01   6.6244e+00   0.0000e+00   1.7554e-04   3.3951e+02
20251205_10:00:00   4.8647e-01   1.0487e+02   7.5376e+00   0.0000e+00   0.0000e+00   3.4272e+02
20251205_11:00:00   4.6911e-01   1.0258e+02   7.0763e+00   0.0000e+00   0.0000e+00   3.4408e+02
20251205_12:00:00   4.6915e-01   1.0280e+02   7.0317e+00   0.0000e+00   0.0000e+00   3.4204e+02
20251205_13:00:00   4.5920e-01   1.0139e+02   6.7970e+00   0.0000e+00   0.0000e+00   3.3901e+02
20251205_14:00:00   4.5207e-01   1.0048e+02   6.6211e+00   0.0000e+00   0.0000e+00   3.3339e+02
20251205_15:00:00   4.5839e-01   1.0167e+02   6.7084e+00   0.0000e+00   0.0000e+00   3.2761e+02
20251205_16:00:00   4.7019e-01   1.0359e+02   6.9415e+00   0.0000e+00   7.5680e-05   3.2518e+02
20251205_17:00:00   4.9128e-01   1.0708e+02   7.3452e+00   0.0000e+00   0.0000e+00   3.2626e+02
20251205_18:00:00   5.7864e-01   1.2030e+02   8.9468e+00   0.0000e+00   5.4520e-06   3.2011e+02
20251205_19:00:00   6.0357e-01   1.2397e+02   9.3356e+00   0.0000e+00   1.6775e-05   3.1428e+02
20251205_20:00:00   6.2001e-01   1.2635e+02   9.6580e+00   0.0000e+00   1.3447e-03   3.0935e+02
20251205_21:00:00   6.1315e-01   1.2563e+02   9.5950e+00   0.0000e+00   1.4196e-03   3.0726e+02
20251205_22:00:00   6.0900e-01   1.2507e+02   9.5649e+00   0.0000e+00   5.9016e-03   3.0514e+02
20251205_23:00:00   5.9911e-01   1.2355e+02   9.4627e+00   0.0000e+00   2.5591e-02   3.0383e+02
20251206_00:00:00   5.7584e-01   1.1997e+02   9.1115e+00   0.0000e+00   9.4319e-02   3.0328e+02
20251206_01:00:00   6.0618e-01   1.2441e+02   9.5995e+00   0.0000e+00   1.1737e-01   3.0199e+02
20251206_02:00:00   6.6437e-01   1.3245e+02   1.0549e+01   0.0000e+00   1.7218e-01   2.9806e+02
20251206_03:00:00   6.6780e-01   1.3298e+02   1.0635e+01   0.0000e+00   9.4713e-02   2.9586e+02
20251206_04:00:00   7.4604e-01   1.4315e+02   1.1796e+01   0.0000e+00   2.8686e-01   2.9419e+02
20251206_05:00:00   7.6982e-01   1.4664e+02   1.2052e+01   0.0000e+00   1.1606e-01   2.9555e+02
20251206_06:00:00   6.8137e-01   1.3559e+02   1.0687e+01   0.0000e+00   1.8964e-02   2.9443e+02
20251206_09:00:00   8.1039e-01   1.5201e+02   1.2493e+01   0.0000e+00   1.1377e-01   2.9706e+02
20251206_12:00:00   8.3225e-01   1.5410e+02   1.2793e+01   1.8159e-03   2.6585e-02   3.0489e+02
20251206_15:00:00   8.7691e-01   1.5884e+02   1.3185e+01   3.9966e-03   7.1800e-02   3.0738e+02
20251206_18:00:00   1.0889e+00   1.7960e+02   1.3370e+01   8.5570e-02   1.1280e-01   3.0922e+02
20251206_21:00:00   8.2912e-01   1.5226e+02   1.2132e+01   8.2796e-03   9.6384e-02   3.1411e+02
20251207_00:00:00   6.6712e-01   1.3165e+02   9.9303e+00   7.6640e-04   3.0873e-03   3.2497e+02
20251207_03:00:00   5.2312e-01   1.1096e+02   7.5143e+00   1.1681e-03   8.3266e-04   3.3326e+02
20251207_06:00:00   4.1280e-01   9.2719e+01   5.8498e+00   0.0000e+00   2.6697e-05   3.4290e+02
20251207_09:00:00   3.3682e-01   7.8713e+01   4.8228e+00   0.0000e+00   1.2790e-02   3.4708e+02
20251207_12:00:00   2.6612e-01   6.5030e+01   3.7297e+00   0.0000e+00   1.7759e-03   3.3981e+02
20251207_15:00:00   2.6169e-01   6.4139e+01   3.6281e+00   0.0000e+00   8.2635e-04   3.3952e+02
20251207_18:00:00   2.7842e-01   6.7547e+01   3.8278e+00   0.0000e+00   2.7539e-06   3.4887e+02
20251207_21:00:00   3.0205e-01   7.2096e+01   4.2341e+00   0.0000e+00   2.5066e-06   3.4369e+02
20251208_00:00:00   3.3822e-01   7.8593e+01   4.9730e+00   0.0000e+00   4.6400e-06   3.4969e+02
20251208_03:00:00   3.4161e-01   7.9346e+01   5.0383e+00   0.0000e+00   2.3401e-04   3.4535e+02
20251208_06:00:00   3.0414e-01   7.2526e+01   4.4250e+00   0.0000e+00   2.8831e-04   3.4133e+02
20251208_09:00:00   2.6443e-01   6.5052e+01   3.7473e+00   0.0000e+00   1.0748e-04   3.3803e+02
20251208_12:00:00   3.1143e-01   7.4338e+01   4.5328e+00   0.0000e+00   1.6149e-04   3.3729e+02
20251208_15:00:00   4.3789e-01   9.7020e+01   6.4969e+00   0.0000e+00   8.1568e-03   3.3879e+02
20251208_18:00:00   5.5658e-01   1.1619e+02   8.4330e+00   0.0000e+00   8.1414e-03   3.3530e+02
20251208_21:00:00   6.5111e-01   1.3056e+02   9.6674e+00   0.0000e+00   2.7463e-04   3.2697e+02
20251209_00:00:00   6.5088e-01   1.3133e+02   9.4485e+00   0.0000e+00   1.6672e-05   3.2195e+02
20251209_03:00:00   5.6619e-01   1.1957e+02   8.2248e+00   0.0000e+00   0.0000e+00   3.1984e+02
20251209_06:00:00   4.7729e-01   1.0572e+02   7.2067e+00   0.0000e+00   0.0000e+00   3.2392e+02
20251209_09:00:00   4.9189e-01   1.0787e+02   7.7765e+00   0.0000e+00   1.4817e-03   3.2843e+02
20251209_12:00:00   4.8887e-01   1.0726e+02   7.8341e+00   0.0000e+00   1.8768e-02   3.3062e+02
20251209_15:00:00   6.3417e-01   1.2964e+02   1.0264e+01   0.0000e+00   1.0326e-01   3.2725e+02
20251209_18:00:00   7.3117e-01   1.4282e+02   1.2335e+01   0.0000e+00   1.5322e-01   3.2667e+02
20251209_21:00:00   8.6376e-01   1.5911e+02   1.4530e+01   0.0000e+00   4.7374e-02   3.2371e+02
20251210_00:00:00   9.4095e-01   1.6815e+02   1.5670e+01   0.0000e+00   1.0146e-01   3.1642e+02
20251210_03:00:00   9.6643e-01   1.7162e+02   1.5848e+01   0.0000e+00   2.0471e-01   3.0474e+02
20251210_06:00:00   1.0496e+00   1.7948e+02   1.6657e+01   0.0000e+00   2.1546e-01   3.0171e+02
20251210_09:00:00   1.0152e+00   1.7489e+02   1.5685e+01   4.1620e-06   2.5517e-01   2.9957e+02
20251210_12:00:00   5.9433e-01   1.2415e+02   8.6575e+00   3.1880e-05   2.3649e-02   3.0777e+02
20251210_15:00:00   5.3463e-01   1.1482e+02   7.5004e+00   0.0000e+00   4.4292e-06   3.1645e+02
20251210_18:00:00   6.6181e-01   1.3298e+02   8.2371e+00   3.3940e-02   1.2592e-03   3.0891e+02
20251210_21:00:00   5.6871e-01   1.1920e+02   8.1293e+00   8.7920e-04   8.3506e-04   3.0469e+02
20251211_00:00:00   5.6006e-01   1.1785e+02   7.9321e+00   2.6962e-03   9.6167e-04   3.0037e+02
20251211_03:00:00   5.2732e-01   1.1264e+02   7.9731e+00   2.0972e-04   2.3046e-05   2.8830e+02
20251211_06:00:00   6.1423e-01   1.2510e+02   9.7177e+00   0.0000e+00   1.0083e-04   2.8395e+02
20251211_09:00:00   6.8603e-01   1.3565e+02   1.0900e+01   0.0000e+00   1.0928e-03   2.8216e+02
20251211_12:00:00   8.3841e-01   1.5516e+02   1.2624e+01   1.7044e-02   2.5197e-02   2.7833e+02
20251211_15:00:00   8.1988e-01   1.5309e+02   1.3453e+01   3.4080e-04   2.6393e-02   2.7956e+02
20251211_18:00:00   1.0311e+00   1.7644e+02   1.6250e+01   0.0000e+00   3.1219e-01   2.8539e+02
20251211_21:00:00   1.0633e+00   1.7986e+02   1.5685e+01   1.7521e-02   1.7163e-01   2.8975e+02
20251212_00:00:00   9.7757e-01   1.7192e+02   1.4730e+01   7.8640e-05   1.4405e-01   2.9803e+02
20251212_03:00:00   6.4886e-01   1.3292e+02   9.6397e+00   0.0000e+00   4.9280e-07   3.0177e+02
20251212_06:00:00   3.1647e-01   7.6600e+01   4.7088e+00   0.0000e+00   0.0000e+00   3.0881e+02
20251212_09:00:00   2.0133e-01   5.2878e+01   2.8926e+00   0.0000e+00   0.0000e+00   3.0632e+02
20251212_12:00:00   2.1444e-01   5.5539e+01   3.0984e+00   0.0000e+00   0.0000e+00   3.1212e+02
20251212_15:00:00   2.6014e-01   6.4928e+01   3.6829e+00   0.0000e+00   0.0000e+00   3.1636e+02
20251212_18:00:00   3.3339e-01   7.9175e+01   4.6864e+00   0.0000e+00   9.8622e-06   3.2366e+02
20251212_21:00:00   3.3519e-01   7.9717e+01   4.6164e+00   0.0000e+00   2.4640e-07   3.2848e+02
20251213_00:00:00   2.8557e-01   7.0066e+01   3.8415e+00   0.0000e+00   0.0000e+00   3.3469e+02
20251213_03:00:00   2.9521e-01   7.1794e+01   4.0377e+00   0.0000e+00   2.3160e-05   3.4833e+02
20251213_06:00:00   2.7666e-01   6.7810e+01   3.9294e+00   0.0000e+00   4.3106e-03   3.4425e+02
20251213_09:00:00   2.6864e-01   6.5988e+01   4.0662e+00   0.0000e+00   8.2919e-04   3.3580e+02
20251213_12:00:00   3.2179e-01   7.5989e+01   5.1569e+00   0.0000e+00   9.0022e-03   3.2955e+02
20251213_15:00:00   3.4184e-01   7.9501e+01   5.6833e+00   0.0000e+00   6.1546e-05   3.3417e+02
20251213_18:00:00   3.9783e-01   8.9536e+01   6.8123e+00   0.0000e+00   4.6128e-03   3.3579e+02
20251213_21:00:00   6.0859e-01   1.2296e+02   1.0327e+01   0.0000e+00   1.1958e-01   3.3298e+02
20251214_00:00:00   7.1553e-01   1.3782e+02   1.1999e+01   0.0000e+00   1.6024e-01   3.2711e+02
20251214_03:00:00   7.1235e-01   1.3758e+02   1.1778e+01   6.5601e-03   1.1530e-01   3.2642e+02
20251214_06:00:00   9.4189e-01   1.6448e+02   1.1713e+01   1.0786e-01   6.1890e-02   3.2452e+02
20251214_09:00:00   1.6011e+00   2.1565e+02   1.2926e+01   3.4621e-01   7.6376e-02   3.1417e+02
20251214_12:00:00   1.5574e+00   2.1380e+02   1.2790e+01   3.2831e-01   2.2214e-02   2.9638e+02
20251214_15:00:00   1.5567e+00   2.1450e+02   1.4280e+01   2.8283e-01   3.6639e-03   2.8745e+02
20251214_18:00:00   1.3971e+00   2.0511e+02   1.4501e+01   2.1647e-01   1.1192e-03   2.8232e+02
20251214_21:00:00   9.3683e-01   1.6686e+02   1.4831e+01   1.4728e-02   9.0631e-04   2.7318e+02
20251215_00:00:00   1.0381e+00   1.7783e+02   1.4618e+01   6.2180e-02   1.8665e-03   2.7442e+02
20251215_03:00:00   1.1348e+00   1.8686e+02   1.5858e+01   6.9140e-02   2.4170e-02   2.7733e+02
20251215_06:00:00   1.6899e+00   2.2501e+02   1.7399e+01   2.4280e-01   6.9268e-03   2.7919e+02
20251215_09:00:00   2.1129e+00   2.4262e+02   1.9133e+01   3.6169e-01   8.1501e-03   2.7497e+02
20251215_12:00:00   1.9925e+00   2.3953e+02   2.0536e+01   2.6428e-01   5.2633e-02   2.7261e+02
20251215_15:00:00   3.3889e+00   2.6932e+02   2.3070e+01   7.3598e-01   4.8927e-02   2.6678e+02
20251215_18:00:00   2.8968e+00   2.6438e+02   2.4605e+01   4.8612e-01   1.2526e-01   2.6559e+02
20251215_21:00:00   4.4048e+00   2.7726e+02   2.6725e+01   1.0074e+00   2.9859e-02   2.6327e+02
20251216_00:00:00   3.7631e+00   2.7504e+02   2.6369e+01   7.4908e-01   4.6090e-02   2.6700e+02
20251216_03:00:00   2.8969e+00   2.6675e+02   2.7208e+01   3.8251e-01   1.0548e-02   2.6977e+02
20251216_06:00:00   2.4333e+00   2.5814e+02   2.3148e+01   3.1613e-01   2.5972e-02   2.7387e+02
20251216_09:00:00   1.9864e+00   2.4491e+02   1.9884e+01   2.2448e-01   4.3337e-02   2.7654e+02
20251216_12:00:00   2.6193e+00   2.6343e+02   2.2294e+01   4.0304e-01   1.2499e-01   2.8096e+02
20251216_15:00:00   2.3002e+00   2.5576e+02   2.5055e+01   2.1589e-01   3.3134e-02   2.8119e+02
20251216_18:00:00   2.2151e+00   2.5308e+02   2.5707e+01   1.7837e-01   9.1519e-02   2.8324e+02
20251216_21:00:00   1.9628e+00   2.4436e+02   2.5589e+01   9.7401e-02   2.6094e-02   2.8514e+02
20251217_00:00:00   1.7962e+00   2.3655e+02   2.5126e+01   4.7410e-02   1.6482e-01   2.8791e+02
20251217_03:00:00   1.5529e+00   2.2275e+02   2.3446e+01   1.3455e-03   1.2239e-01   2.9315e+02
20251217_06:00:00   1.6308e+00   2.2638e+02   2.2781e+01   4.4423e-02   3.6011e-01   2.9779e+02
