#            date       tau255        Tb[K]      pwv[mm] lwp[kg*m^-2] iwp[kg*m^-2]       o3[DU]
20251203_12:00:00   1.1167e+00   1.8265e+02   1.3349e+01   9.1028e-02   5.7125e-02   3.5801e+02
20251203_13:00:00   1.1064e+00   1.8156e+02   1.3468e+01   8.4493e-02   6.3356e-02   3.5989e+02
20251203_14:00:00   1.0032e+00   1.7154e+02   1.3557e+01   3.8359e-02   3.0809e-02   3.6753e+02
20251203_15:00:00   1.0325e+00   1.7419e+02   1.3170e+01   5.9966e-02   3.4680e-02   3.7970e+02
20251203_16:00:00   9.2816e-01   1.6347e+02   1.2617e+01   3.1289e-02   5.8978e-02   3.8398e+02
20251203_17:00:00   8.9298e-01   1.5920e+02   1.2325e+01   2.7907e-02   4.5801e-02   3.7994e+02
20251203_18:00:00   7.7850e-01   1.4555e+02   1.1480e+01   4.4529e-03   4.6228e-02   3.7690e+02
20251203_19:00:00   6.8324e-01   1.3306e+02   1.0345e+01   6.5540e-06   1.1969e-02   3.7513e+02
20251203_20:00:00   5.7261e-01   1.1759e+02   8.6843e+00   0.0000e+00   4.3160e-03   3.8016e+02
20251203_21:00:00   4.9432e-01   1.0554e+02   7.4720e+00   0.0000e+00   1.6852e-04   3.8117e+02
20251203_22:00:00   4.3045e-01   9.4876e+01   6.4696e+00   0.0000e+00   3.1257e-04   3.7704e+02
20251203_23:00:00   3.8890e-01   8.7673e+01   5.7546e+00   0.0000e+00   9.6819e-05   3.7776e+02
20251204_00:00:00   3.5802e-01   8.2023e+01   5.3078e+00   0.0000e+00   3.2755e-04   3.7486e+02
20251204_01:00:00   3.4230e-01   7.8956e+01   5.0994e+00   0.0000e+00   6.8124e-04   3.7645e+02
20251204_02:00:00   3.2025e-01   7.4713e+01   4.7791e+00   0.0000e+00   6.9281e-04   3.7653e+02
20251204_03:00:00   2.9359e-01   6.9501e+01   4.3856e+00   0.0000e+00   7.3445e-03   3.7514e+02
20251204_04:00:00   2.6328e-01   6.3533e+01   3.9046e+00   0.0000e+00   6.3602e-03   3.7324e+02
20251204_05:00:00   2.1913e-01   5.4537e+01   3.1745e+00   0.0000e+00   1.3019e-02   3.6733e+02
20251204_06:00:00   1.7754e-01   4.5801e+01   2.4267e+00   0.0000e+00   8.3416e-03   3.6516e+02
20251204_07:00:00   1.6601e-01   4.3352e+01   2.1864e+00   0.0000e+00   5.1516e-03   3.6807e+02
20251204_08:00:00   1.6568e-01   4.3294e+01   2.1725e+00   0.0000e+00   1.1109e-03   3.7265e+02
20251204_09:00:00   1.5199e-01   4.0385e+01   1.9298e+00   0.0000e+00   2.5680e-04   3.8269e+02
20251204_10:00:00   1.3844e-01   3.7493e+01   1.6811e+00   0.0000e+00   3.9659e-06   3.7956e+02
20251204_11:00:00   1.2603e-01   3.4822e+01   1.4580e+00   0.0000e+00   1.9509e-06   3.7813e+02
20251204_12:00:00   1.2717e-01   3.5072e+01   1.5112e+00   0.0000e+00   3.4009e-06   3.7867e+02
20251204_13:00:00   1.3307e-01   3.6358e+01   1.6496e+00   0.0000e+00   2.9339e-06   3.7123e+02
20251204_14:00:00   1.3846e-01   3.7495e+01   1.7886e+00   0.0000e+00   2.9749e-06   3.6408e+02
20251204_15:00:00   1.3402e-01   3.6582e+01   1.7012e+00   0.0000e+00   2.9759e-06   3.6333e+02
20251204_16:00:00   1.3359e-01   3.6535e+01   1.6906e+00   0.0000e+00   2.9359e-06   3.6552e+02
20251204_17:00:00   1.3595e-01   3.7106e+01   1.7125e+00   0.0000e+00   2.4603e-06   3.6988e+02
20251204_18:00:00   1.3462e-01   3.6855e+01   1.6870e+00   0.0000e+00   1.2548e-06   3.7130e+02
20251204_19:00:00   1.3538e-01   3.7077e+01   1.6782e+00   0.0000e+00   0.0000e+00   3.7489e+02
20251204_20:00:00   1.3532e-01   3.7131e+01   1.6627e+00   0.0000e+00   0.0000e+00   3.6456e+02
20251204_21:00:00   1.4235e-01   3.8742e+01   1.7838e+00   0.0000e+00   0.0000e+00   3.5868e+02
20251204_22:00:00   1.6103e-01   4.2841e+01   2.1466e+00   0.0000e+00   0.0000e+00   3.5090e+02
20251204_23:00:00   1.7604e-01   4.6108e+01   2.4372e+00   0.0000e+00   0.0000e+00   3.4541e+02
20251205_00:00:00   1.9080e-01   4.9325e+01   2.6940e+00   0.0000e+00   3.0570e-07   3.4598e+02
20251205_01:00:00   2.1512e-01   5.4504e+01   3.0799e+00   0.0000e+00   1.0643e-06   3.4850e+02
20251205_02:00:00   2.3961e-01   5.9612e+01   3.4969e+00   0.0000e+00   8.0380e-07   3.4342e+02
20251205_03:00:00   2.8663e-01   6.8951e+01   4.3104e+00   0.0000e+00   1.6463e-06   3.3187e+02
20251205_04:00:00   3.4699e-01   8.0437e+01   5.2835e+00   0.0000e+00   8.1580e-06   3.2838e+02
20251205_05:00:00   3.6867e-01   8.4432e+01   5.6457e+00   0.0000e+00   5.8633e-05   3.2436e+02
20251205_06:00:00   4.0650e-01   9.1163e+01   6.2462e+00   0.0000e+00   4.2689e-03   3.2713e+02
20251205_07:00:00   4.6106e-01   1.0051e+02   7.0313e+00   0.0000e+00   1.8973e-02   3.3019e+02
20251205_08:00:00   4.7603e-01   1.0313e+02   7.2849e+00   0.0000e+00   1.2501e-02   3.3028e+02
20251205_09:00:00   4.8497e-01   1.0463e+02   7.4723e+00   0.0000e+00   1.1005e-02   3.2880e+02
20251205_10:00:00   4.9547e-01   1.0649e+02   7.6132e+00   0.0000e+00   2.4474e-05   3.3038e+02
20251205_11:00:00   5.0812e-01   1.0865e+02   7.7363e+00   0.0000e+00   2.1350e-05   3.2972e+02
20251205_12:00:00   5.2181e-01   1.1107e+02   7.8773e+00   0.0000e+00   1.2700e-05   3.2826e+02
20251205_13:00:00   5.4263e-01   1.1430e+02   8.1460e+00   0.0000e+00   0.0000e+00   3.2696e+02
20251205_14:00:00   5.4545e-01   1.1505e+02   8.1251e+00   0.0000e+00   7.3780e-06   3.2449e+02
20251205_15:00:00   5.5656e-01   1.1681e+02   8.3311e+00   0.0000e+00   7.8040e-04   3.2222e+02
20251205_16:00:00   5.7539e-01   1.1944e+02   8.6893e+00   0.0000e+00   1.3208e-02   3.2127e+02
20251205_17:00:00   6.0098e-01   1.2316e+02   9.1008e+00   0.0000e+00   3.7813e-03   3.1719e+02
20251205_18:00:00   6.1964e-01   1.2574e+02   9.4456e+00   0.0000e+00   8.9061e-03   3.1373e+02
20251205_19:00:00   6.2707e-01   1.2672e+02   9.6376e+00   0.0000e+00   2.0484e-04   3.1245e+02
20251205_20:00:00   6.3423e-01   1.2777e+02   9.7575e+00   0.0000e+00   2.0509e-03   3.0833e+02
20251205_21:00:00   6.7029e-01   1.3291e+02   1.0255e+01   0.0000e+00   3.2501e-03   3.0416e+02
20251205_22:00:00   7.0426e-01   1.3741e+02   1.0714e+01   0.0000e+00   3.0323e-03   3.0364e+02
20251205_23:00:00   7.0841e-01   1.3812e+02   1.0733e+01   0.0000e+00   3.6465e-03   3.0216e+02
20251206_00:00:00   7.0902e-01   1.3818e+02   1.0713e+01   0.0000e+00   7.5089e-03   3.0427e+02
20251206_01:00:00   7.0522e-01   1.3775e+02   1.0586e+01   0.0000e+00   3.2020e-03   3.0574e+02
20251206_02:00:00   6.6949e-01   1.3306e+02   1.0024e+01   0.0000e+00   4.3468e-03   3.0613e+02
20251206_03:00:00   6.4742e-01   1.3006e+02   9.6896e+00   0.0000e+00   4.6704e-03   3.0655e+02
20251206_04:00:00   6.4599e-01   1.2990e+02   9.6198e+00   0.0000e+00   4.8999e-03   3.0867e+02
20251206_05:00:00   6.4500e-01   1.2969e+02   9.5620e+00   0.0000e+00   3.1666e-03   3.0983e+02
20251206_06:00:00   6.1695e-01   1.2585e+02   8.9254e+00   1.9463e-04   5.4785e-03   3.0924e+02
20251206_07:00:00   6.9277e-01   1.3625e+02   8.3912e+00   4.4180e-02   3.1528e-03   3.0915e+02
20251206_08:00:00   9.6705e-01   1.6783e+02   8.1172e+00   1.6952e-01   1.2489e-03   3.0785e+02
20251206_09:00:00   8.7740e-01   1.5824e+02   7.8296e+00   1.4053e-01   1.3777e-03   3.0792e+02
20251206_10:00:00   7.6127e-01   1.4465e+02   7.6455e+00   9.6790e-02   2.1617e-03   3.0688e+02
20251206_11:00:00   5.5115e-01   1.1589e+02   7.3122e+00   1.6830e-02   1.6787e-03   3.0832e+02
20251206_12:00:00   4.8847e-01   1.0599e+02   6.9616e+00   3.3230e-04   4.3152e-04   3.0945e+02
20251206_13:00:00   4.5237e-01   9.9767e+01   6.4863e+00   0.0000e+00   4.5088e-05   3.1059e+02
20251206_14:00:00   4.0933e-01   9.2232e+01   5.8518e+00   1.3836e-06   3.3738e-05   3.1532e+02
20251206_15:00:00   3.7274e-01   8.5625e+01   5.3408e+00   0.0000e+00   1.0011e-05   3.1898e+02
20251206_16:00:00   3.6584e-01   8.4145e+01   5.3407e+00   0.0000e+00   1.0031e-03   3.2013e+02
20251206_17:00:00   3.7364e-01   8.5394e+01   5.5649e+00   0.0000e+00   7.0286e-04   3.2090e+02
20251206_18:00:00   3.8236e-01   8.6815e+01   5.7597e+00   0.0000e+00   2.3236e-03   3.1569e+02
20251206_19:00:00   3.9082e-01   8.8147e+01   5.9554e+00   0.0000e+00   6.7097e-03   3.1720e+02
20251206_20:00:00   3.9849e-01   8.9359e+01   6.1077e+00   0.0000e+00   2.7605e-03   3.1737e+02
20251206_21:00:00   4.0311e-01   9.0095e+01   6.2103e+00   0.0000e+00   1.3446e-03   3.1974e+02
20251206_22:00:00   4.1304e-01   9.1597e+01   6.3989e+00   0.0000e+00   7.9236e-03   3.1979e+02
20251206_23:00:00   4.0884e-01   9.0791e+01   6.3721e+00   0.0000e+00   1.1499e-02   3.1993e+02
20251207_00:00:00   3.9753e-01   8.9051e+01   6.1205e+00   0.0000e+00   1.2506e-02   3.2176e+02
20251207_01:00:00   3.9219e-01   8.8339e+01   5.9479e+00   0.0000e+00   4.5086e-03   3.2093e+02
20251207_02:00:00   3.7788e-01   8.5963e+01   5.6588e+00   0.0000e+00   8.8897e-04   3.2052e+02
20251207_03:00:00   3.7137e-01   8.4857e+01   5.5228e+00   0.0000e+00   2.9500e-05   3.1761e+02
20251207_04:00:00   3.5875e-01   8.2642e+01   5.2767e+00   0.0000e+00   2.4889e-05   3.2228e+02
20251207_05:00:00   3.6137e-01   8.3078e+01   5.2947e+00   0.0000e+00   2.2093e-04   3.2741e+02
20251207_06:00:00   3.6735e-01   8.4158e+01   5.3869e+00   0.0000e+00   1.2685e-05   3.2902e+02
20251207_07:00:00   3.5844e-01   8.2629e+01   5.2468e+00   0.0000e+00   1.3499e-05   3.3052e+02
20251207_08:00:00   3.5407e-01   8.1877e+01   5.1303e+00   0.0000e+00   9.4945e-06   3.2762e+02
20251207_09:00:00   3.5907e-01   8.2749e+01   5.2005e+00   0.0000e+00   5.2113e-05   3.2659e+02
20251207_10:00:00   3.5782e-01   8.2449e+01   5.1741e+00   0.0000e+00   5.5712e-04   3.2499e+02
20251207_11:00:00   3.4837e-01   8.0599e+01   5.0213e+00   0.0000e+00   1.8038e-04   3.2330e+02
20251207_12:00:00   3.5448e-01   8.1687e+01   5.0826e+00   0.0000e+00   1.4540e-04   3.3032e+02
20251207_13:00:00   3.6491e-01   8.3554e+01   5.2270e+00   0.0000e+00   1.4670e-04   3.3516e+02
20251207_14:00:00   3.7720e-01   8.5646e+01   5.4846e+00   0.0000e+00   4.4329e-04   3.4029e+02
20251207_15:00:00   3.9136e-01   8.8032e+01   5.7827e+00   0.0000e+00   6.7100e-05   3.4408e+02
20251207_16:00:00   3.9234e-01   8.8107e+01   5.8064e+00   0.0000e+00   1.7346e-04   3.3681e+02
20251207_17:00:00   3.9276e-01   8.8024e+01   5.8648e+00   0.0000e+00   2.1727e-03   3.3793e+02
20251207_18:00:00   4.0908e-01   9.0627e+01   6.2060e+00   0.0000e+00   1.7751e-02   3.5427e+02
20251207_19:00:00   4.0296e-01   8.9592e+01   6.0942e+00   0.0000e+00   6.0723e-04   3.5158e+02
20251207_20:00:00   3.9835e-01   8.8789e+01   6.0191e+00   0.0000e+00   4.7272e-04   3.5318e+02
20251207_21:00:00   3.9488e-01   8.8191e+01   5.9652e+00   0.0000e+00   2.2772e-04   3.4887e+02
20251207_22:00:00   4.0252e-01   8.9433e+01   6.1143e+00   0.0000e+00   3.8831e-04   3.4810e+02
20251207_23:00:00   4.1192e-01   9.0924e+01   6.2817e+00   0.0000e+00   5.3670e-03   3.5606e+02
20251208_00:00:00   4.3153e-01   9.4166e+01   6.5734e+00   0.0000e+00   9.8901e-03   3.5908e+02
20251208_01:00:00   4.4826e-01   9.6921e+01   6.8090e+00   0.0000e+00   1.5467e-02   3.5909e+02
20251208_02:00:00   4.6079e-01   9.8900e+01   6.9871e+00   0.0000e+00   2.4698e-02   3.6138e+02
20251208_03:00:00   4.6842e-01   1.0012e+02   7.0738e+00   0.0000e+00   1.9856e-02   3.5786e+02
20251208_04:00:00   4.7250e-01   1.0080e+02   7.1219e+00   0.0000e+00   1.7734e-02   3.4619e+02
20251208_05:00:00   4.7529e-01   1.0126e+02   7.1644e+00   0.0000e+00   3.0970e-02   3.3383e+02
20251208_06:00:00   4.8102e-01   1.0218e+02   7.2518e+00   0.0000e+00   3.9049e-02   3.3185e+02
20251208_07:00:00   4.9117e-01   1.0378e+02   7.3747e+00   0.0000e+00   7.6723e-02   3.3470e+02
20251208_08:00:00   5.0819e-01   1.0645e+02   7.5547e+00   0.0000e+00   1.5927e-01   3.3426e+02
20251208_09:00:00   5.1985e-01   1.0836e+02   7.7209e+00   0.0000e+00   1.0082e-01   3.4025e+02
20251208_10:00:00   5.2733e-01   1.0961e+02   7.8026e+00   0.0000e+00   7.5555e-02   3.5188e+02
20251208_11:00:00   5.3206e-01   1.1051e+02   7.8386e+00   0.0000e+00   1.7473e-02   3.4719e+02
20251208_12:00:00   5.3333e-01   1.1091e+02   7.7613e+00   0.0000e+00   1.4934e-02   3.4586e+02
20251208_15:00:00   5.2995e-01   1.1103e+02   7.4910e+00   0.0000e+00   5.9090e-03   3.4101e+02
20251208_18:00:00   5.3925e-01   1.1263e+02   7.6127e+00   5.3520e-03   1.9061e-02   3.4596e+02
20251208_21:00:00   6.3672e-01   1.2731e+02   9.4992e+00   0.0000e+00   2.3721e-02   3.4845e+02
20251209_00:00:00   8.1687e-01   1.5059e+02   1.2231e+01   0.0000e+00   1.8272e-01   3.4008e+02
20251209_03:00:00   7.7284e-01   1.4586e+02   1.1646e+01   0.0000e+00   1.4906e-02   3.3968e+02
20251209_06:00:00   8.6844e-01   1.5844e+02   1.2227e+01   9.9200e-03   1.0123e-02   3.3767e+02
20251209_09:00:00   7.5883e-01   1.4642e+02   1.1090e+01   0.0000e+00   1.2802e-04   3.4796e+02
20251209_12:00:00   6.8571e-01   1.3698e+02   1.0188e+01   0.0000e+00   2.0608e-04   3.4396e+02
20251209_15:00:00   5.7177e-01   1.2043e+02   8.6104e+00   0.0000e+00   1.5574e-02   3.4252e+02
20251209_18:00:00   5.9596e-01   1.2371e+02   9.3089e+00   0.0000e+00   2.4198e-02   3.4306e+02
20251209_21:00:00   7.2963e-01   1.4199e+02   1.1613e+01   4.0050e-03   1.1937e-02   3.3465e+02
20251210_00:00:00   8.9354e-01   1.6152e+02   1.3896e+01   1.0828e-02   4.1100e-01   3.4276e+02
20251210_03:00:00   1.1206e+00   1.8455e+02   1.7205e+01   0.0000e+00   6.4323e-01   3.3930e+02
20251210_06:00:00   1.1152e+00   1.8524e+02   1.6464e+01   9.3236e-03   5.5717e-03   3.3608e+02
20251210_09:00:00   1.4478e+00   2.1027e+02   1.7701e+01   9.8559e-02   3.6283e-01   3.4154e+02
20251210_12:00:00   3.0488e+00   2.6084e+02   1.4253e+01   8.5006e-01   2.8923e-02   3.5073e+02
20251210_15:00:00   1.7779e+00   2.2576e+02   1.0752e+01   4.3435e-01   6.9721e-03   3.4220e+02
20251210_18:00:00   7.4668e-01   1.4315e+02   8.0518e+00   7.8940e-02   9.9956e-03   3.3494e+02
20251210_21:00:00   6.1268e-01   1.2484e+02   8.3561e+00   1.1280e-02   1.5788e-03   3.3095e+02
20251211_00:00:00   1.1976e+00   1.8782e+02   8.4600e+00   2.6469e-01   1.5644e-02   3.2055e+02
20251211_03:00:00   7.3120e-01   1.4119e+02   8.7106e+00   5.4464e-02   2.3307e-03   3.1747e+02
20251211_06:00:00   6.5103e-01   1.3033e+02   8.8651e+00   1.9436e-02   1.3832e-03   3.0950e+02
20251211_09:00:00   6.1568e-01   1.2547e+02   8.2229e+00   2.4356e-02   1.3183e-03   3.0879e+02
20251211_12:00:00   5.2944e-01   1.1267e+02   7.9054e+00   1.1733e-03   1.4369e-03   2.9262e+02
20251211_15:00:00   5.2392e-01   1.1178e+02   8.0912e+00   0.0000e+00   2.4559e-03   2.7990e+02
20251211_18:00:00   6.0230e-01   1.2352e+02   9.7387e+00   3.6960e-06   1.3069e-03   2.7846e+02
20251211_21:00:00   8.3102e-01   1.5318e+02   1.3764e+01   0.0000e+00   4.3399e-02   2.7982e+02
20251212_00:00:00   1.3161e+00   1.9888e+02   1.7812e+01   8.9037e-02   7.8958e-02   2.8044e+02
20251212_03:00:00   1.1247e+00   1.8466e+02   1.8203e+01   4.4170e-03   8.1728e-03   2.7531e+02
20251212_06:00:00   1.1507e+00   1.8846e+02   1.8519e+01   0.0000e+00   3.7002e-04   2.7354e+02
20251212_09:00:00   1.0219e+00   1.7885e+02   1.6111e+01   0.0000e+00   0.0000e+00   2.6747e+02
20251212_12:00:00   9.3064e-01   1.7054e+02   1.4617e+01   0.0000e+00   0.0000e+00   2.7196e+02
20251212_15:00:00   9.6493e-01   1.7503e+02   1.4716e+01   0.0000e+00   1.3108e-05   2.7221e+02
20251212_18:00:00   1.1000e+00   1.8874e+02   1.7171e+01   0.0000e+00   5.5340e-06   2.7067e+02
20251212_21:00:00   1.2645e+00   2.0344e+02   2.0039e+01   0.0000e+00   2.8153e-03   2.7333e+02
20251213_00:00:00   1.5263e+00   2.2190e+02   2.3148e+01   1.4528e-05   9.1692e-03   2.7571e+02
20251213_03:00:00   2.6018e+00   2.6306e+02   2.7707e+01   2.6363e-01   1.8937e-02   2.7628e+02
20251213_06:00:00   3.1214e+00   2.7146e+02   3.1674e+01   3.5970e-01   3.1099e-02   2.7684e+02
20251213_09:00:00   2.9839e+00   2.6977e+02   2.9192e+01   3.7597e-01   2.7219e-03   2.8101e+02
20251213_12:00:00   2.8407e+00   2.6797e+02   3.0104e+01   2.8987e-01   1.1372e-02   2.8142e+02
20251213_15:00:00   2.3714e+00   2.5878e+02   2.7779e+01   1.6781e-01   9.7180e-04   2.8166e+02
20251213_18:00:00   2.5112e+00   2.6245e+02   2.5649e+01   2.7028e-01   2.5280e-03   2.7752e+02
20251213_21:00:00   1.5681e+00   2.2767e+02   2.2319e+01   3.1660e-04   2.1654e-02   2.7993e+02
20251214_00:00:00   1.3863e+00   2.1563e+02   2.0416e+01   0.0000e+00   2.9952e-01   2.8487e+02
20251214_03:00:00   1.2998e+00   2.0865e+02   1.8924e+01   0.0000e+00   5.1753e-02   2.8872e+02
20251214_06:00:00   9.5203e-01   1.7518e+02   1.4777e+01   0.0000e+00   9.0202e-03   2.9822e+02
20251214_09:00:00   9.6434e-01   1.7531e+02   1.4469e+01   7.6281e-03   0.0000e+00   3.0415e+02
20251214_12:00:00   8.8155e-01   1.6648e+02   1.3485e+01   0.0000e+00   0.0000e+00   3.0892e+02
20251214_15:00:00   1.5935e+00   2.2617e+02   1.7277e+01   1.4480e-01   0.0000e+00   3.1321e+02
20251214_18:00:00   1.0274e+00   1.8261e+02   1.5259e+01   0.0000e+00   0.0000e+00   3.1739e+02
20251214_21:00:00   6.7940e-01   1.3810e+02   1.0841e+01   0.0000e+00   2.6740e-05   3.5601e+02
20251215_00:00:00   1.1079e+00   1.8129e+02   1.1602e+01   1.4225e-01   1.5462e-03   3.5616e+02
20251215_03:00:00   6.7342e-01   1.3244e+02   1.0114e+01   8.7390e-05   3.1520e-03   3.6026e+02
20251215_06:00:00   6.0527e-01   1.2278e+02   9.0281e+00   9.2400e-07   1.2065e-03   3.6534e+02
20251215_09:00:00   5.7186e-01   1.1806e+02   8.5004e+00   0.0000e+00   5.8085e-04   3.7949e+02
20251215_12:00:00   4.4617e-01   9.8880e+01   6.4919e+00   0.0000e+00   3.1621e-04   3.8105e+02
20251215_15:00:00   3.8820e-01   8.9132e+01   5.7143e+00   0.0000e+00   1.1404e-03   3.6223e+02
20251215_18:00:00   4.0000e-01   9.0965e+01   6.1321e+00   0.0000e+00   3.1407e-02   3.4698e+02
20251215_21:00:00   5.9424e-01   1.2139e+02   9.4407e+00   0.0000e+00   4.3577e-01   3.4742e+02
20251216_00:00:00   6.3485e-01   1.2733e+02   1.0099e+01   0.0000e+00   3.3840e-01   3.4674e+02
20251216_03:00:00   6.3873e-01   1.2801e+02   9.9649e+00   0.0000e+00   4.2085e-01   3.5720e+02
20251216_06:00:00   6.6741e-01   1.3177e+02   1.0203e+01   0.0000e+00   4.3832e-01   3.5776e+02
20251216_09:00:00   9.6086e-01   1.6644e+02   1.4013e+01   4.9566e-03   8.4384e-01   3.6125e+02
20251216_12:00:00   1.0984e+00   1.7945e+02   1.3860e+01   6.7223e-02   9.4587e-01   3.6821e+02
20251216_15:00:00   7.9713e-01   1.4830e+02   1.1504e+01   0.0000e+00   5.0021e-01   3.7035e+02
20251216_18:00:00   6.9282e-01   1.3580e+02   9.7158e+00   1.6501e-03   9.6589e-02   3.4527e+02
20251216_21:00:00   6.3104e-01   1.2692e+02   8.8122e+00   3.6030e-03   5.6370e-02   3.3746e+02
20251217_00:00:00   5.1475e-01   1.0861e+02   7.3277e+00   0.0000e+00   2.6221e-02   3.1563e+02
20251217_03:00:00   4.8931e-01   1.0396e+02   6.8882e+00   0.0000e+00   1.2092e-01   3.1599e+02
20251217_06:00:00   4.4661e-01   9.6420e+01   6.2798e+00   0.0000e+00   8.8037e-03   3.1967e+02
20251217_09:00:00   4.1977e-01   9.1493e+01   5.8346e+00   0.0000e+00   5.1915e-03   3.2600e+02
20251217_12:00:00   3.9485e-01   8.6876e+01   5.3878e+00   0.0000e+00   3.7746e-02   3.4508e+02
20251217_15:00:00   3.5844e-01   8.0565e+01   4.8612e+00   0.0000e+00   5.4720e-04   3.4461e+02
20251217_18:00:00   3.0839e-01   7.1827e+01   4.1237e+00   0.0000e+00   3.1962e-04   3.4903e+02
20251217_21:00:00   2.3158e-01   5.7032e+01   3.0946e+00   0.0000e+00   1.9096e-06   3.4084e+02
20251218_00:00:00   2.0187e-01   5.0798e+01   2.7392e+00   0.0000e+00   1.1599e-06   3.3997e+02
20251218_03:00:00   2.2329e-01   5.5113e+01   3.1404e+00   0.0000e+00   2.4781e-05   3.3798e+02
20251218_06:00:00   2.2762e-01   5.6192e+01   3.2377e+00   0.0000e+00   8.1580e-06   3.4091e+02
20251218_09:00:00   3.3583e-01   7.7411e+01   5.0597e+00   0.0000e+00   1.6953e-02   3.3402e+02
20251218_12:00:00   4.5645e-01   9.8219e+01   6.9506e+00   0.0000e+00   3.2711e-01   3.2971e+02
20251218_15:00:00   5.7580e-01   1.1735e+02   8.5912e+00   0.0000e+00   4.0328e-01   3.4174e+02
20251218_18:00:00   5.2231e-01   1.0961e+02   7.9346e+00   0.0000e+00   1.2358e-01   3.4947e+02
20251218_21:00:00   4.8278e-01   1.0467e+02   6.9815e+00   0.0000e+00   4.0780e-06   3.4283e+02
20251219_00:00:00   3.9877e-01   9.1189e+01   5.8450e+00   0.0000e+00   0.0000e+00   3.2403e+02
20251219_03:00:00   4.0554e-01   9.2199e+01   6.3635e+00   0.0000e+00   4.9646e-03   3.2555e+02
20251219_06:00:00   5.2774e-01   1.1190e+02   8.7848e+00   0.0000e+00   4.5683e-03   3.1452e+02
20251219_09:00:00   6.1831e-01   1.2526e+02   1.0303e+01   0.0000e+00   4.1793e-02   3.1303e+02
20251219_12:00:00   8.8167e-01   1.5935e+02   1.4358e+01   7.9120e-05   2.1761e-02   3.1558e+02
