#            date       tau255        Tb[K]      pwv[mm] lwp[kg*m^-2] iwp[kg*m^-2]       o3[DU]
20251206_18:00:00   5.1388e-01   1.0925e+02   7.6855e+00   0.0000e+00   3.7314e-02   3.1869e+02
20251206_19:00:00   5.3751e-01   1.1288e+02   8.0708e+00   0.0000e+00   2.0923e-02   3.2019e+02
20251206_20:00:00   5.5169e-01   1.1502e+02   8.2941e+00   0.0000e+00   3.5020e-02   3.2102e+02
20251206_21:00:00   5.8768e-01   1.2035e+02   8.9142e+00   0.0000e+00   2.0076e-02   3.1801e+02
20251206_22:00:00   6.6885e-01   1.3168e+02   1.0059e+01   0.0000e+00   1.8787e-01   3.1599e+02
20251206_23:00:00   7.6059e-01   1.4342e+02   1.1194e+01   0.0000e+00   3.9394e-01   3.1998e+02
20251207_00:00:00   7.9172e-01   1.4734e+02   1.1627e+01   0.0000e+00   2.8683e-01   3.2438e+02
20251207_01:00:00   8.4006e-01   1.5323e+02   1.2165e+01   0.0000e+00   4.6455e-01   3.2969e+02
20251207_02:00:00   8.6389e-01   1.5597e+02   1.2367e+01   0.0000e+00   6.6890e-01   3.3236e+02
20251207_03:00:00   8.5536e-01   1.5503e+02   1.2222e+01   0.0000e+00   6.3180e-01   3.3053e+02
20251207_04:00:00   8.4789e-01   1.5442e+02   1.2127e+01   8.1380e-05   4.0601e-01   3.3182e+02
20251207_05:00:00   9.7234e-01   1.6797e+02   1.2003e+01   5.4877e-02   4.0904e-01   3.3208e+02
20251207_06:00:00   1.6634e+00   2.1831e+02   1.1560e+01   3.6226e-01   3.7255e-01   3.3271e+02
20251207_07:00:00   2.0555e+00   2.3389e+02   1.1019e+01   5.5649e-01   3.3546e-01   3.3587e+02
20251207_08:00:00   1.0202e+00   1.7211e+02   1.0504e+01   1.2284e-01   1.8025e-01   3.3771e+02
20251207_09:00:00   6.8892e-01   1.3482e+02   9.8100e+00   1.5074e-04   2.7268e-02   3.3587e+02
20251207_10:00:00   6.0929e-01   1.2399e+02   8.5425e+00   0.0000e+00   1.0001e-03   3.4255e+02
20251207_11:00:00   5.1475e-01   1.0993e+02   7.1440e+00   0.0000e+00   1.3308e-04   3.4164e+02
20251207_12:00:00   4.5165e-01   9.9690e+01   6.1930e+00   0.0000e+00   9.5585e-05   3.3646e+02
20251207_13:00:00   4.2540e-01   9.5098e+01   5.8403e+00   0.0000e+00   3.4587e-05   3.3701e+02
20251207_14:00:00   4.1371e-01   9.2948e+01   5.7210e+00   0.0000e+00   1.9480e-05   3.3905e+02
20251207_15:00:00   4.0507e-01   9.1289e+01   5.6407e+00   0.0000e+00   1.0035e-04   3.4384e+02
20251207_16:00:00   3.8063e-01   8.6955e+01   5.3237e+00   0.0000e+00   7.6079e-05   3.3936e+02
20251207_17:00:00   3.5647e-01   8.2486e+01   5.0264e+00   0.0000e+00   1.3279e-05   3.3686e+02
20251207_18:00:00   3.2308e-01   7.6260e+01   4.6028e+00   0.0000e+00   3.1740e-05   3.3447e+02
20251207_19:00:00   2.7003e-01   6.5955e+01   3.8426e+00   0.0000e+00   0.0000e+00   3.3433e+02
20251207_20:00:00   2.2187e-01   5.6131e+01   3.0921e+00   0.0000e+00   1.6260e-04   3.3829e+02
20251207_21:00:00   2.0077e-01   5.1663e+01   2.7502e+00   0.0000e+00   6.5540e-06   3.4747e+02
20251207_22:00:00   2.0074e-01   5.1525e+01   2.7336e+00   0.0000e+00   0.0000e+00   3.5614e+02
20251207_23:00:00   2.0352e-01   5.1992e+01   2.7898e+00   0.0000e+00   0.0000e+00   3.5406e+02
20251208_00:00:00   2.1445e-01   5.4201e+01   3.0105e+00   0.0000e+00   1.6222e-06   3.4157e+02
20251208_01:00:00   2.3144e-01   5.7558e+01   3.3114e+00   0.0000e+00   1.6161e-04   3.4534e+02
20251208_02:00:00   2.6367e-01   6.3691e+01   3.9239e+00   0.0000e+00   6.6610e-04   3.3529e+02
20251208_03:00:00   2.8567e-01   6.7766e+01   4.3289e+00   0.0000e+00   3.2452e-03   3.3242e+02
20251208_04:00:00   3.0520e-01   7.1409e+01   4.6565e+00   0.0000e+00   3.2229e-03   3.3893e+02
20251208_05:00:00   3.2562e-01   7.5164e+01   4.9826e+00   0.0000e+00   8.8307e-03   3.4192e+02
20251208_06:00:00   3.4075e-01   7.7908e+01   5.2105e+00   0.0000e+00   1.0911e-02   3.4047e+02
20251208_07:00:00   3.6341e-01   8.2050e+01   5.5542e+00   0.0000e+00   5.1922e-02   3.3861e+02
20251208_08:00:00   3.9411e-01   8.7509e+01   5.9507e+00   0.0000e+00   1.2363e-01   3.4105e+02
20251208_09:00:00   4.3721e-01   9.4906e+01   6.5360e+00   0.0000e+00   1.4734e-01   3.3913e+02
20251208_10:00:00   4.8489e-01   1.0278e+02   7.1968e+00   0.0000e+00   1.1944e-01   3.3677e+02
20251208_11:00:00   5.1556e-01   1.0777e+02   7.6571e+00   0.0000e+00   5.8083e-03   3.3489e+02
20251208_12:00:00   5.3803e-01   1.1136e+02   7.9256e+00   0.0000e+00   1.2552e-02   3.3376e+02
20251208_13:00:00   5.3437e-01   1.1109e+02   7.8120e+00   0.0000e+00   5.0980e-03   3.4411e+02
20251208_14:00:00   5.2785e-01   1.1039e+02   7.6347e+00   0.0000e+00   6.3957e-03   3.5020e+02
20251208_15:00:00   5.2518e-01   1.1024e+02   7.5350e+00   0.0000e+00   4.2805e-03   3.5217e+02
20251208_16:00:00   5.1790e-01   1.0929e+02   7.3894e+00   0.0000e+00   1.3175e-02   3.6047e+02
20251208_17:00:00   5.1150e-01   1.0847e+02   7.3024e+00   0.0000e+00   3.0963e-03   3.5551e+02
20251208_18:00:00   5.1828e-01   1.0959e+02   7.4892e+00   0.0000e+00   1.0497e-02   3.5378e+02
20251208_19:00:00   5.4718e-01   1.1408e+02   8.0415e+00   0.0000e+00   9.9167e-03   3.5675e+02
20251208_20:00:00   5.4381e-01   1.1371e+02   8.0487e+00   0.0000e+00   1.3290e-02   3.5629e+02
20251208_21:00:00   5.1941e-01   1.1040e+02   7.6762e+00   0.0000e+00   5.1141e-03   3.5066e+02
20251208_22:00:00   5.3998e-01   1.1374e+02   8.0697e+00   0.0000e+00   3.1382e-04   3.4967e+02
20251208_23:00:00   5.5019e-01   1.1538e+02   8.3051e+00   0.0000e+00   1.0369e-04   3.4088e+02
20251209_00:00:00   5.8818e-01   1.2111e+02   8.9790e+00   0.0000e+00   1.2020e-03   3.3878e+02
20251209_01:00:00   6.5080e-01   1.3008e+02   9.9523e+00   0.0000e+00   3.1427e-03   3.3724e+02
20251209_02:00:00   6.5378e-01   1.3057e+02   1.0034e+01   0.0000e+00   3.9264e-03   3.4069e+02
20251209_03:00:00   6.5902e-01   1.3140e+02   1.0189e+01   0.0000e+00   4.4052e-03   3.5540e+02
20251209_04:00:00   6.7508e-01   1.3378e+02   1.0449e+01   0.0000e+00   8.6943e-03   3.7496e+02
20251209_05:00:00   7.0703e-01   1.3831e+02   1.0888e+01   0.0000e+00   3.8791e-02   3.8599e+02
20251209_06:00:00   7.3716e-01   1.4240e+02   1.1363e+01   0.0000e+00   5.4781e-02   3.8529e+02
20251209_07:00:00   7.2656e-01   1.4135e+02   1.1171e+01   0.0000e+00   7.4448e-02   3.8437e+02
20251209_08:00:00   7.3618e-01   1.4283e+02   1.1222e+01   0.0000e+00   3.0945e-02   3.8751e+02
20251209_09:00:00   7.1398e-01   1.4033e+02   1.0762e+01   0.0000e+00   7.8147e-03   3.9064e+02
20251209_10:00:00   6.8587e-01   1.3700e+02   1.0245e+01   0.0000e+00   0.0000e+00   3.9233e+02
20251209_11:00:00   6.2569e-01   1.2903e+02   9.2491e+00   0.0000e+00   0.0000e+00   3.8401e+02
20251209_12:00:00   5.5032e-01   1.1798e+02   8.0035e+00   0.0000e+00   8.7620e-07   3.7535e+02
20251209_13:00:00   4.9393e-01   1.0895e+02   7.1769e+00   0.0000e+00   1.4124e-03   3.7456e+02
20251209_14:00:00   4.6762e-01   1.0443e+02   6.8564e+00   0.0000e+00   4.1368e-03   3.7086e+02
20251209_15:00:00   4.7957e-01   1.0624e+02   7.1572e+00   0.0000e+00   2.0309e-02   3.6177e+02
20251209_16:00:00   5.1357e-01   1.1165e+02   7.8236e+00   0.0000e+00   3.0593e-02   3.5845e+02
20251209_17:00:00   5.3791e-01   1.1565e+02   8.3270e+00   0.0000e+00   6.7492e-02   3.5765e+02
20251209_18:00:00   6.0168e-01   1.2508e+02   9.5096e+00   0.0000e+00   3.9491e-02   3.5237e+02
20251209_19:00:00   7.5630e-01   1.4588e+02   1.1728e+01   1.1326e-02   6.5752e-02   3.4027e+02
20251209_20:00:00   9.3219e-01   1.6623e+02   1.3683e+01   3.5310e-02   1.2348e-01   3.4128e+02
20251209_21:00:00   9.3224e-01   1.6617e+02   1.4406e+01   1.7950e-02   2.3498e-01   3.4559e+02
20251209_22:00:00   9.2894e-01   1.6586e+02   1.5010e+01   1.9380e-03   2.5252e-01   3.3976e+02
20251209_23:00:00   9.7577e-01   1.7106e+02   1.5748e+01   1.9427e-05   2.1112e-01   3.3697e+02
20251210_00:00:00   1.0103e+00   1.7463e+02   1.6270e+01   7.3010e-05   2.2433e-01   3.3308e+02
20251210_01:00:00   1.1597e+00   1.8875e+02   1.8275e+01   1.5834e-03   3.3528e-01   3.3389e+02
20251210_02:00:00   1.2275e+00   1.9518e+02   1.9164e+01   2.6071e-03   9.1134e-02   3.3464e+02
20251210_03:00:00   1.1364e+00   1.8727e+02   1.7498e+01   8.6986e-03   2.0016e-01   3.3249e+02
20251210_04:00:00   1.4911e+00   2.1246e+02   1.6372e+01   2.0032e-01   1.8205e-01   3.3264e+02
20251210_05:00:00   8.2473e-01   1.5591e+02   1.3028e+01   3.7360e-04   9.0530e-03   3.3692e+02
20251210_06:00:00   8.1332e-01   1.5446e+02   1.1980e+01   8.3420e-03   5.2891e-03   3.3938e+02
20251210_07:00:00   1.4309e+00   2.0954e+02   1.0725e+01   2.8460e-01   3.6737e-02   3.3742e+02
20251210_08:00:00   9.4063e-01   1.6816e+02   9.4138e+00   1.1684e-01   4.1895e-02   3.3443e+02
20251210_09:00:00   5.8064e-01   1.2258e+02   8.2105e+00   3.7713e-04   6.9040e-03   3.3750e+02
20251210_10:00:00   8.1796e-01   1.5358e+02   6.9145e+00   1.3290e-01   3.2964e-03   3.3717e+02
20251210_11:00:00   9.3861e-01   1.6606e+02   7.4065e+00   1.7690e-01   8.1933e-03   3.3330e+02
20251210_12:00:00   5.7323e-01   1.1981e+02   8.0865e+00   7.3985e-03   1.7553e-03   3.2762e+02
20251210_13:00:00   5.7874e-01   1.2006e+02   8.1080e+00   8.2674e-03   1.8478e-02   3.3214e+02
20251210_14:00:00   5.3093e-01   1.1235e+02   7.7031e+00   9.7764e-05   2.0660e-04   3.2613e+02
20251210_15:00:00   5.3048e-01   1.1203e+02   7.5905e+00   5.7020e-04   4.2220e-03   3.3019e+02
20251210_16:00:00   5.3360e-01   1.1228e+02   7.6212e+00   2.6220e-05   1.0581e-02   3.2806e+02
20251210_17:00:00   5.4121e-01   1.1331e+02   7.6235e+00   2.9193e-03   1.3946e-02   3.2278e+02
20251210_18:00:00   5.8274e-01   1.1962e+02   7.8954e+00   1.3512e-02   8.9981e-03   3.1536e+02
20251210_19:00:00   6.8443e-01   1.3368e+02   8.5951e+00   4.0106e-02   1.1130e-02   3.0658e+02
20251210_20:00:00   6.3411e-01   1.2701e+02   8.6961e+00   1.5495e-02   6.9859e-03   3.0136e+02
20251210_21:00:00   5.9163e-01   1.2117e+02   8.5255e+00   2.5175e-03   2.9080e-03   3.0242e+02
20251210_22:00:00   6.2056e-01   1.2544e+02   8.1676e+00   2.3904e-02   8.1768e-03   3.0106e+02
20251210_23:00:00   6.6398e-01   1.3146e+02   7.4763e+00   6.0177e-02   1.4902e-02   2.9919e+02
20251211_00:00:00   5.0386e-01   1.0819e+02   7.0740e+00   1.3365e-03   6.1066e-03   3.0019e+02
20251211_01:00:00   4.7311e-01   1.0334e+02   6.7027e+00   0.0000e+00   2.0219e-03   2.9720e+02
20251211_02:00:00   4.6803e-01   1.0229e+02   6.6528e+00   1.9665e-04   1.5174e-03   2.9525e+02
20251211_03:00:00   4.4960e-01   9.9151e+01   6.4976e+00   4.2900e-05   2.4876e-03   2.9145e+02
20251211_04:00:00   4.6818e-01   1.0185e+02   6.8986e+00   1.5496e-05   6.8927e-03   2.8740e+02
20251211_05:00:00   4.7718e-01   1.0319e+02   7.1573e+00   0.0000e+00   6.4141e-02   2.8191e+02
20251211_06:00:00   5.2040e-01   1.0980e+02   7.9211e+00   0.0000e+00   1.4228e-01   2.8068e+02
20251211_07:00:00   5.5902e-01   1.1556e+02   8.5146e+00   0.0000e+00   3.0894e-01   2.8102e+02
20251211_08:00:00   6.0448e-01   1.2218e+02   9.2607e+00   0.0000e+00   4.5450e-01   2.8066e+02
20251211_09:00:00   6.8002e-01   1.3248e+02   1.0420e+01   0.0000e+00   3.3319e-01   2.8383e+02
20251211_10:00:00   7.5344e-01   1.4167e+02   1.1362e+01   0.0000e+00   4.6550e-01   2.8526e+02
20251211_11:00:00   7.7283e-01   1.4393e+02   1.1485e+01   0.0000e+00   6.7360e-01   2.8524e+02
20251211_12:00:00   7.6944e-01   1.4361e+02   1.1393e+01   0.0000e+00   6.6367e-01   2.8752e+02
20251211_13:00:00   7.6632e-01   1.4338e+02   1.1218e+01   0.0000e+00   6.2723e-01   2.9111e+02
20251211_14:00:00   7.3386e-01   1.3959e+02   1.0631e+01   0.0000e+00   3.8882e-01   2.9313e+02
20251211_15:00:00   7.3798e-01   1.3999e+02   1.0669e+01   1.3376e-05   5.0135e-01   2.9446e+02
20251211_16:00:00   7.2156e-01   1.3787e+02   1.0430e+01   1.4610e-04   4.0568e-01   3.0063e+02
20251211_17:00:00   7.0837e-01   1.3608e+02   1.0114e+01   1.7888e-03   4.2948e-01   3.0262e+02
20251211_18:00:00   6.9124e-01   1.3389e+02   9.9385e+00   1.0740e-03   2.6335e-01   3.0683e+02
20251211_21:00:00   6.6826e-01   1.3114e+02   9.4675e+00   3.9580e-03   2.2021e-02   3.1882e+02
20251212_00:00:00   5.5758e-01   1.1538e+02   7.9354e+00   1.0675e-03   1.0013e-03   3.2199e+02
20251212_03:00:00   4.0159e-01   8.9869e+01   5.6747e+00   0.0000e+00   6.1022e-03   3.2696e+02
20251212_06:00:00   3.5574e-01   8.1528e+01   5.0155e+00   0.0000e+00   1.5383e-03   3.4228e+02
20251212_09:00:00   4.6109e-01   9.9250e+01   6.3879e+00   0.0000e+00   7.6113e-04   3.5005e+02
20251212_12:00:00   2.9029e-01   6.8614e+01   3.8465e+00   0.0000e+00   1.1669e-03   3.4801e+02
20251212_15:00:00   1.6950e-01   4.3845e+01   1.9704e+00   0.0000e+00   5.3025e-04   3.5250e+02
20251212_18:00:00   1.8715e-01   4.7330e+01   2.1842e+00   1.8676e-05   1.9042e-03   3.5574e+02
20251212_21:00:00   2.0256e-01   5.0143e+01   2.3907e+00   0.0000e+00   5.9809e-03   3.7573e+02
20251213_00:00:00   2.0279e-01   4.9829e+01   2.3687e+00   0.0000e+00   7.2721e-03   3.7261e+02
20251213_03:00:00   2.0822e-01   5.0767e+01   2.4168e+00   0.0000e+00   7.7353e-03   3.7077e+02
20251213_06:00:00   2.4958e-01   5.9075e+01   3.0436e+00   0.0000e+00   7.4523e-02   3.7077e+02
20251213_09:00:00   3.0795e-01   7.0707e+01   3.9507e+00   0.0000e+00   1.5153e-02   3.7109e+02
20251213_12:00:00   2.9409e-01   6.8694e+01   3.8263e+00   0.0000e+00   3.8594e-04   3.5955e+02
20251213_15:00:00   2.5341e-01   6.1227e+01   3.1910e+00   0.0000e+00   1.9056e-05   3.7209e+02
20251213_18:00:00   2.7625e-01   6.5796e+01   3.5810e+00   0.0000e+00   2.0961e-04   3.7149e+02
20251213_21:00:00   2.6984e-01   6.4582e+01   3.5402e+00   0.0000e+00   5.3892e-04   3.6126e+02
20251214_00:00:00   2.8033e-01   6.6263e+01   3.8653e+00   0.0000e+00   1.8728e-02   3.3905e+02
20251214_03:00:00   3.2046e-01   7.3503e+01   4.5360e+00   0.0000e+00   1.0911e-01   3.4554e+02
20251214_06:00:00   3.6908e-01   8.2140e+01   5.1760e+00   0.0000e+00   1.4783e-01   3.4449e+02
20251214_09:00:00   4.0008e-01   8.7644e+01   5.4217e+00   0.0000e+00   8.6139e-02   3.4760e+02
20251214_12:00:00   3.6283e-01   8.1438e+01   4.8065e+00   0.0000e+00   6.6529e-03   3.3548e+02
20251214_15:00:00   3.2898e-01   7.5517e+01   4.3111e+00   0.0000e+00   5.8267e-04   3.3460e+02
20251214_18:00:00   2.9860e-01   7.0027e+01   3.8687e+00   8.3400e-05   8.9450e-04   3.3122e+02
20251214_21:00:00   2.4764e-01   6.0190e+01   3.1010e+00   0.0000e+00   1.1733e-03   3.2395e+02
20251215_00:00:00   1.9753e-01   4.9801e+01   2.4914e+00   0.0000e+00   1.1088e-03   3.2735e+02
20251215_03:00:00   1.8638e-01   4.7324e+01   2.4933e+00   0.0000e+00   6.6782e-04   3.1285e+02
20251215_06:00:00   1.8407e-01   4.6886e+01   2.5990e+00   0.0000e+00   7.1370e-06   3.0015e+02
20251215_09:00:00   1.9563e-01   4.9457e+01   2.9145e+00   0.0000e+00   6.1179e-06   2.8646e+02
20251215_12:00:00   2.2337e-01   5.5365e+01   3.5112e+00   0.0000e+00   4.0915e-05   2.7316e+02
20251215_15:00:00   2.7556e-01   6.6008e+01   4.6000e+00   0.0000e+00   9.6244e-06   2.7443e+02
20251215_18:00:00   3.6533e-01   8.3095e+01   6.3270e+00   0.0000e+00   1.6444e-05   2.6991e+02
20251215_21:00:00   3.8835e-01   8.7688e+01   6.7479e+00   0.0000e+00   1.5588e-03   2.6656e+02
20251216_00:00:00   4.5197e-01   9.9554e+01   7.6258e+00   0.0000e+00   1.2320e-06   2.6498e+02
20251216_03:00:00   4.4047e-01   9.8370e+01   7.1879e+00   0.0000e+00   0.0000e+00   2.6440e+02
20251216_06:00:00   4.1678e-01   9.4645e+01   6.7861e+00   0.0000e+00   0.0000e+00   2.6620e+02
20251216_09:00:00   4.4955e-01   1.0082e+02   7.4519e+00   0.0000e+00   1.1158e-04   2.6642e+02
20251216_12:00:00   5.0427e-01   1.1003e+02   8.4354e+00   0.0000e+00   6.0224e-03   2.6736e+02
20251216_15:00:00   5.1565e-01   1.1223e+02   8.4509e+00   0.0000e+00   1.0132e-02   2.7115e+02
20251216_18:00:00   5.4934e-01   1.1768e+02   8.9213e+00   0.0000e+00   7.3017e-03   2.7879e+02
20251216_21:00:00   6.1232e-01   1.2722e+02   9.8411e+00   0.0000e+00   1.8024e-03   2.8023e+02
20251217_00:00:00   6.6277e-01   1.3415e+02   1.0733e+01   0.0000e+00   3.6861e-04   2.8411e+02
20251217_03:00:00   7.0356e-01   1.3987e+02   1.1266e+01   0.0000e+00   2.3259e-04   2.8639e+02
20251217_06:00:00   7.0283e-01   1.4004e+02   1.1039e+01   0.0000e+00   1.2649e-02   2.8604e+02
20251217_09:00:00   7.2493e-01   1.4252e+02   1.1321e+01   0.0000e+00   2.9980e-02   2.9055e+02
20251217_12:00:00   7.5549e-01   1.4619e+02   1.1786e+01   5.4300e-04   1.6734e-02   2.9072e+02
20251217_15:00:00   7.5577e-01   1.4564e+02   1.1895e+01   1.1797e-04   2.8269e-02   2.9455e+02
20251217_18:00:00   8.6788e-01   1.5868e+02   1.3218e+01   7.9554e-03   1.5582e-01   3.0041e+02
20251217_21:00:00   1.0402e+00   1.7738e+02   1.2815e+01   8.0777e-02   2.3779e-02   3.0424e+02
20251218_00:00:00   1.3058e+00   2.0028e+02   1.1334e+01   2.1379e-01   3.1358e-03   3.1094e+02
20251218_03:00:00   2.0427e+00   2.3881e+02   1.3104e+01   4.5789e-01   1.0162e-03   3.1407e+02
20251218_06:00:00   2.6812e+00   2.5585e+02   1.5124e+01   6.6924e-01   1.2270e-02   3.1328e+02
20251218_09:00:00   2.4812e+00   2.5277e+02   1.5341e+01   5.7634e-01   2.9677e-01   3.2098e+02
20251218_12:00:00   2.0891e+00   2.4193e+02   1.7503e+01   3.6562e-01   2.1479e-01   3.2827e+02
20251218_15:00:00   1.8749e+00   2.3363e+02   1.7122e+01   2.8896e-01   2.6902e-01   3.3807e+02
20251218_18:00:00   1.3136e+00   2.0049e+02   1.6660e+01   7.6489e-02   3.3797e-01   3.5492e+02
20251218_21:00:00   1.5405e+00   2.1337e+02   1.5323e+01   2.0681e-01   6.6603e-01   3.5516e+02
20251219_00:00:00   8.1295e-01   1.4970e+02   1.1995e+01   6.6580e-04   4.6175e-01   3.8094e+02
20251219_03:00:00   5.9746e-01   1.2005e+02   8.7417e+00   0.0000e+00   3.6948e-01   3.6710e+02
20251219_06:00:00   4.9081e-01   1.0295e+02   7.1131e+00   0.0000e+00   3.6729e-01   3.7335e+02
20251219_09:00:00   4.9804e-01   1.0380e+02   7.2288e+00   0.0000e+00   5.5182e-01   3.8612e+02
20251219_12:00:00   4.4493e-01   9.4852e+01   6.4845e+00   0.0000e+00   2.5645e-01   3.9249e+02
20251219_15:00:00   3.6889e-01   8.1757e+01   5.3439e+00   0.0000e+00   1.1499e-02   4.0284e+02
20251219_18:00:00   2.6366e-01   6.2401e+01   3.5000e+00   0.0000e+00   2.0921e-03   4.1253e+02
20251219_21:00:00   1.7530e-01   4.4630e+01   1.9999e+00   0.0000e+00   1.0038e-03   4.1729e+02
20251220_00:00:00   1.1744e-01   3.2061e+01   1.1834e+00   0.0000e+00   6.3190e-06   4.2684e+02
20251220_03:00:00   1.0337e-01   2.8910e+01   9.7038e-01   0.0000e+00   5.2009e-06   4.3179e+02
20251220_06:00:00   1.0284e-01   2.8822e+01   9.5935e-01   0.0000e+00   5.0748e-06   4.3165e+02
20251220_09:00:00   1.0699e-01   2.9824e+01   1.0456e+00   0.0000e+00   6.0797e-06   4.2746e+02
20251220_12:00:00   1.1781e-01   3.2325e+01   1.2329e+00   0.0000e+00   7.1370e-06   4.1555e+02
20251220_15:00:00   1.3191e-01   3.5476e+01   1.5498e+00   0.0000e+00   6.1179e-06   3.8973e+02
20251220_18:00:00   1.5914e-01   4.1342e+01   2.1632e+00   0.0000e+00   1.3256e-05   3.8526e+02
20251220_21:00:00   2.1153e-01   5.2477e+01   3.2047e+00   0.0000e+00   1.8912e-05   3.8331e+02
20251221_00:00:00   3.1278e-01   7.3149e+01   4.9604e+00   0.0000e+00   2.3901e-05   3.5438e+02
20251221_03:00:00   4.1824e-01   9.2922e+01   6.5653e+00   0.0000e+00   3.6426e-03   3.3614e+02
20251221_06:00:00   3.9959e-01   8.9722e+01   6.7018e+00   0.0000e+00   3.0783e-02   3.1763e+02
20251221_09:00:00   5.5830e-01   1.1529e+02   9.5873e+00   0.0000e+00   2.6435e-01   3.0897e+02
20251221_12:00:00   5.1473e-01   1.0961e+02   8.8394e+00   0.0000e+00   3.4616e-02   3.0793e+02
20251221_15:00:00   6.0530e-01   1.2320e+02   1.0302e+01   0.0000e+00   2.8590e-01   3.0109e+02
20251221_18:00:00   6.4245e-01   1.2861e+02   1.0773e+01   0.0000e+00   3.5684e-01   3.0078e+02
20251221_21:00:00   6.9869e-01   1.3652e+02   1.1559e+01   0.0000e+00   2.4106e-01   2.9854e+02
20251222_00:00:00   7.1318e-01   1.3925e+02   1.1451e+01   0.0000e+00   2.8566e-02   3.0244e+02
20251222_03:00:00   7.6836e-01   1.4644e+02   1.2171e+01   0.0000e+00   2.2489e-02   3.0766e+02
20251222_06:00:00   6.5084e-01   1.3155e+02   1.0061e+01   0.0000e+00   5.9975e-03   3.2917e+02
20251222_09:00:00   6.1914e-01   1.2723e+02   9.5178e+00   0.0000e+00   1.0487e-05   3.4261e+02
20251222_12:00:00   5.8214e-01   1.2220e+02   8.8037e+00   0.0000e+00   0.0000e+00   3.3809e+02
20251222_15:00:00   6.1887e-01   1.2754e+02   9.2851e+00   0.0000e+00   3.8170e-06   3.3849e+02
20251222_18:00:00   7.7898e-01   1.4908e+02   1.0201e+01   3.6821e-02   1.5160e-03   3.2627e+02
