#            date       tau255        Tb[K]      pwv[mm] lwp[kg*m^-2] iwp[kg*m^-2]       o3[DU]
20251204_06:00:00   1.5587e-01   4.1265e+01   2.0282e+00   0.0000e+00   5.8778e-03   3.6564e+02
20251204_07:00:00   1.5887e-01   4.1919e+01   2.0605e+00   0.0000e+00   6.0166e-03   3.6390e+02
20251204_08:00:00   1.6960e-01   4.4242e+01   2.2510e+00   0.0000e+00   2.5775e-03   3.6696e+02
20251204_09:00:00   1.6362e-01   4.2998e+01   2.1514e+00   0.0000e+00   8.7582e-05   3.7261e+02
20251204_10:00:00   1.4837e-01   3.9746e+01   1.8827e+00   0.0000e+00   4.7919e-06   3.7041e+02
20251204_11:00:00   1.3779e-01   3.7426e+01   1.7357e+00   0.0000e+00   3.3101e-06   3.6795e+02
20251204_12:00:00   1.2951e-01   3.5596e+01   1.6167e+00   0.0000e+00   1.4665e-06   3.7429e+02
20251204_13:00:00   1.2723e-01   3.5069e+01   1.5974e+00   0.0000e+00   1.4770e-06   3.7209e+02
20251204_14:00:00   1.2862e-01   3.5386e+01   1.6469e+00   0.0000e+00   1.4727e-06   3.6836e+02
20251204_15:00:00   1.3196e-01   3.6131e+01   1.7134e+00   0.0000e+00   1.5500e-06   3.7157e+02
20251204_16:00:00   1.3283e-01   3.6356e+01   1.7183e+00   0.0000e+00   1.0572e-06   3.7673e+02
20251204_17:00:00   1.3688e-01   3.7285e+01   1.7741e+00   0.0000e+00   4.9210e-07   3.7894e+02
20251204_18:00:00   1.4382e-01   3.8860e+01   1.8950e+00   0.0000e+00   4.6770e-07   3.8084e+02
20251204_19:00:00   1.5319e-01   4.0964e+01   2.0460e+00   0.0000e+00   0.0000e+00   3.8069e+02
20251204_20:00:00   1.6168e-01   4.2861e+01   2.1686e+00   0.0000e+00   0.0000e+00   3.6897e+02
20251204_21:00:00   1.7032e-01   4.4771e+01   2.3064e+00   0.0000e+00   0.0000e+00   3.6179e+02
20251204_22:00:00   1.8117e-01   4.7142e+01   2.4846e+00   0.0000e+00   0.0000e+00   3.5643e+02
20251204_23:00:00   1.9704e-01   5.0521e+01   2.7682e+00   0.0000e+00   3.0060e-07   3.5092e+02
20251205_00:00:00   2.2730e-01   5.6796e+01   3.3089e+00   0.0000e+00   3.2464e-06   3.4974e+02
20251205_01:00:00   2.5303e-01   6.2028e+01   3.7745e+00   0.0000e+00   1.2617e-04   3.5326e+02
20251205_02:00:00   2.9138e-01   6.9647e+01   4.4103e+00   0.0000e+00   1.7628e-05   3.4898e+02
20251205_03:00:00   3.4598e-01   8.0000e+01   5.2554e+00   0.0000e+00   2.0800e-07   3.3296e+02
20251205_04:00:00   3.6188e-01   8.3011e+01   5.5064e+00   0.0000e+00   3.7020e-05   3.2689e+02
20251205_05:00:00   3.7625e-01   8.5584e+01   5.7634e+00   0.0000e+00   9.3859e-04   3.2840e+02
20251205_06:00:00   4.0910e-01   9.1372e+01   6.2935e+00   0.0000e+00   6.4294e-03   3.3072e+02
20251205_07:00:00   4.5659e-01   9.9533e+01   7.0040e+00   0.0000e+00   7.5753e-03   3.3124e+02
20251205_08:00:00   4.6289e-01   1.0079e+02   7.0639e+00   0.0000e+00   9.0755e-03   3.3046e+02
20251205_09:00:00   4.6052e-01   1.0053e+02   7.0108e+00   0.0000e+00   9.5872e-03   3.2890e+02
20251205_10:00:00   4.6657e-01   1.0163e+02   7.0990e+00   0.0000e+00   3.5198e-03   3.3021e+02
20251205_11:00:00   4.8914e-01   1.0542e+02   7.4908e+00   0.0000e+00   2.3259e-03   3.2955e+02
20251205_12:00:00   4.9908e-01   1.0713e+02   7.6647e+00   0.0000e+00   3.7494e-05   3.3254e+02
20251205_13:00:00   5.1910e-01   1.1042e+02   7.9261e+00   0.0000e+00   1.6808e-05   3.3205e+02
20251205_14:00:00   5.2364e-01   1.1151e+02   7.8753e+00   0.0000e+00   1.3400e-05   3.2684e+02
20251205_15:00:00   5.3562e-01   1.1356e+02   8.0203e+00   0.0000e+00   7.4560e-06   3.2593e+02
20251205_16:00:00   5.4789e-01   1.1542e+02   8.2467e+00   0.0000e+00   4.0383e-03   3.2253e+02
20251205_17:00:00   5.6416e-01   1.1791e+02   8.4802e+00   0.0000e+00   1.2254e-02   3.1726e+02
20251205_18:00:00   5.9902e-01   1.2283e+02   9.1105e+00   0.0000e+00   1.1555e-03   3.1493e+02
20251205_19:00:00   6.1785e-01   1.2553e+02   9.3880e+00   0.0000e+00   1.9868e-04   3.1261e+02
20251205_20:00:00   6.1560e-01   1.2535e+02   9.3895e+00   0.0000e+00   2.7936e-05   3.0924e+02
20251205_21:00:00   6.2443e-01   1.2680e+02   9.4653e+00   0.0000e+00   5.3657e-03   3.0609e+02
20251205_22:00:00   6.5457e-01   1.3099e+02   9.9198e+00   0.0000e+00   1.1766e-02   3.0252e+02
20251205_23:00:00   6.5666e-01   1.3139e+02   9.9218e+00   0.0000e+00   2.2151e-02   3.0120e+02
20251206_00:00:00   6.7204e-01   1.3349e+02   1.0107e+01   0.0000e+00   1.9054e-02   3.0169e+02
20251206_01:00:00   6.5027e-01   1.3069e+02   9.7161e+00   0.0000e+00   5.6032e-03   3.0565e+02
20251206_02:00:00   6.2936e-01   1.2771e+02   9.3900e+00   0.0000e+00   4.8925e-03   3.0602e+02
20251206_03:00:00   6.2152e-01   1.2653e+02   9.1889e+00   0.0000e+00   3.2310e-03   3.0416e+02
20251206_04:00:00   5.9985e-01   1.2342e+02   8.7228e+00   0.0000e+00   2.9826e-03   3.0700e+02
20251206_05:00:00   6.1167e-01   1.2489e+02   8.8468e+00   1.1704e-06   1.3940e-03   3.1044e+02
20251206_06:00:00   6.0332e-01   1.2352e+02   8.5740e+00   2.7256e-03   4.8306e-04   3.1037e+02
20251206_07:00:00   7.2439e-01   1.3996e+02   8.2859e+00   6.2350e-02   8.7743e-04   3.1115e+02
20251206_08:00:00   8.9977e-01   1.6050e+02   8.1576e+00   1.4196e-01   1.5619e-03   3.0859e+02
20251206_09:00:00   8.3512e-01   1.5310e+02   7.8941e+00   1.2397e-01   1.6728e-03   3.0947e+02
20251206_10:00:00   5.6208e-01   1.1708e+02   7.3070e+00   2.4301e-02   8.0399e-04   3.1186e+02
20251206_11:00:00   4.4080e-01   9.7682e+01   6.3895e+00   1.6016e-05   5.4125e-05   3.1196e+02
20251206_12:00:00   4.1197e-01   9.2703e+01   5.9521e+00   0.0000e+00   4.6072e-05   3.1362e+02
20251206_13:00:00   3.9501e-01   8.9677e+01   5.7127e+00   0.0000e+00   1.1315e-05   3.1835e+02
20251206_14:00:00   3.7738e-01   8.6427e+01   5.4494e+00   0.0000e+00   9.5220e-06   3.2534e+02
20251206_15:00:00   3.6503e-01   8.4078e+01   5.2906e+00   0.0000e+00   1.7765e-05   3.2772e+02
20251206_16:00:00   3.5382e-01   8.2101e+01   5.1449e+00   0.0000e+00   5.6539e-06   3.2953e+02
20251206_17:00:00   3.6641e-01   8.4386e+01   5.3619e+00   0.0000e+00   1.4875e-04   3.2450e+02
20251206_18:00:00   3.8896e-01   8.8369e+01   5.7079e+00   0.0000e+00   1.3493e-05   3.2073e+02
20251206_19:00:00   3.9333e-01   8.9291e+01   5.7858e+00   0.0000e+00   2.4371e-04   3.1493e+02
20251206_20:00:00   4.0239e-01   9.0880e+01   5.9709e+00   0.0000e+00   6.5751e-03   3.1772e+02
20251206_21:00:00   4.3423e-01   9.6092e+01   6.5415e+00   0.0000e+00   2.8808e-02   3.1837e+02
20251206_22:00:00   4.4503e-01   9.7895e+01   6.8037e+00   0.0000e+00   5.4072e-02   3.1783e+02
20251206_23:00:00   4.6757e-01   1.0147e+02   7.2433e+00   0.0000e+00   2.8207e-02   3.2036e+02
20251207_00:00:00   5.2655e-01   1.1046e+02   8.1396e+00   0.0000e+00   1.8730e-01   3.2492e+02
20251207_01:00:00   5.5419e-01   1.1468e+02   8.5684e+00   0.0000e+00   1.1641e-01   3.2859e+02
20251207_02:00:00   6.0692e-01   1.2237e+02   9.3433e+00   0.0000e+00   1.4415e-01   3.3044e+02
20251207_03:00:00   6.7860e-01   1.3211e+02   1.0225e+01   0.0000e+00   3.4365e-01   3.3204e+02
20251207_04:00:00   7.4891e-01   1.4117e+02   1.1084e+01   0.0000e+00   4.4763e-01   3.3312e+02
20251207_05:00:00   7.7930e-01   1.4491e+02   1.1365e+01   0.0000e+00   6.7900e-01   3.3140e+02
20251207_06:00:00   7.7630e-01   1.4455e+02   1.1281e+01   0.0000e+00   7.3778e-01   3.3083e+02
20251207_07:00:00   7.7379e-01   1.4443e+02   1.1252e+01   0.0000e+00   5.6245e-01   3.3261e+02
20251207_08:00:00   7.7150e-01   1.4419e+02   1.1205e+01   0.0000e+00   5.3439e-01   3.4139e+02
20251207_09:00:00   7.6101e-01   1.4290e+02   1.1074e+01   0.0000e+00   3.9549e-01   3.4021e+02
20251207_10:00:00   7.4663e-01   1.4109e+02   1.0829e+01   0.0000e+00   3.9035e-01   3.4202e+02
20251207_11:00:00   7.1290e-01   1.3675e+02   1.0289e+01   0.0000e+00   3.4259e-01   3.4147e+02
20251207_12:00:00   6.8596e-01   1.3304e+02   9.8688e+00   0.0000e+00   3.2987e-01   3.4274e+02
20251207_13:00:00   6.5341e-01   1.2823e+02   9.3488e+00   0.0000e+00   4.5923e-01   3.5332e+02
20251207_14:00:00   6.2169e-01   1.2371e+02   8.8473e+00   0.0000e+00   4.3820e-01   3.6296e+02
20251207_15:00:00   5.8400e-01   1.1827e+02   8.3893e+00   0.0000e+00   9.3035e-02   3.7036e+02
20251207_16:00:00   5.2060e-01   1.0895e+02   7.4095e+00   0.0000e+00   6.7705e-04   3.6337e+02
20251207_17:00:00   4.3907e-01   9.6152e+01   6.1400e+00   0.0000e+00   5.9192e-04   3.5989e+02
20251207_18:00:00   3.8192e-01   8.6583e+01   5.1978e+00   0.0000e+00   5.5031e-04   3.5054e+02
20251207_19:00:00   3.3803e-01   7.8768e+01   4.4966e+00   0.0000e+00   5.6700e-04   3.5014e+02
20251207_20:00:00   3.0254e-01   7.2098e+01   3.9586e+00   0.0000e+00   8.1919e-04   3.5319e+02
20251207_21:00:00   2.7306e-01   6.6237e+01   3.5374e+00   0.0000e+00   9.9934e-04   3.5969e+02
20251207_22:00:00   2.3212e-01   5.7913e+01   2.9671e+00   0.0000e+00   5.7090e-04   3.5989e+02
20251207_23:00:00   2.0017e-01   5.1142e+01   2.5330e+00   0.0000e+00   6.9514e-04   3.5299e+02
20251208_00:00:00   1.7409e-01   4.5447e+01   2.1934e+00   0.0000e+00   1.6719e-04   3.5013e+02
20251208_01:00:00   1.6117e-01   4.2541e+01   2.0414e+00   0.0000e+00   1.8930e-05   3.4799e+02
20251208_02:00:00   1.6486e-01   4.3244e+01   2.1181e+00   0.0000e+00   3.6255e-04   3.4615e+02
20251208_03:00:00   1.6988e-01   4.4238e+01   2.2215e+00   0.0000e+00   3.4048e-03   3.4339e+02
20251208_04:00:00   1.6843e-01   4.3872e+01   2.2055e+00   0.0000e+00   1.2560e-02   3.4071e+02
20251208_05:00:00   1.6161e-01   4.2413e+01   2.0815e+00   0.0000e+00   1.5922e-02   3.4025e+02
20251208_06:00:00   1.5882e-01   4.1778e+01   2.0337e+00   0.0000e+00   1.4571e-02   3.3749e+02
20251208_07:00:00   1.5741e-01   4.1424e+01   2.0351e+00   0.0000e+00   3.4297e-03   3.3818e+02
20251208_08:00:00   1.5783e-01   4.1458e+01   2.0596e+00   0.0000e+00   2.3771e-03   3.3959e+02
20251208_09:00:00   1.5999e-01   4.1950e+01   2.1084e+00   0.0000e+00   2.1846e-05   3.3754e+02
20251208_10:00:00   1.6937e-01   4.3971e+01   2.3043e+00   0.0000e+00   5.1918e-05   3.3891e+02
20251208_11:00:00   1.8570e-01   4.7470e+01   2.6167e+00   0.0000e+00   4.3804e-05   3.4475e+02
20251208_12:00:00   2.0565e-01   5.1750e+01   2.9533e+00   0.0000e+00   4.0262e-05   3.4613e+02
20251208_13:00:00   2.5188e-01   6.1108e+01   3.7586e+00   0.0000e+00   2.2244e-04   3.4531e+02
20251208_14:00:00   2.9728e-01   6.9915e+01   4.5237e+00   0.0000e+00   5.3185e-03   3.4378e+02
20251208_15:00:00   3.4694e-01   7.9194e+01   5.3238e+00   0.0000e+00   1.7941e-02   3.4459e+02
20251208_16:00:00   3.9316e-01   8.7331e+01   6.0984e+00   0.0000e+00   4.7392e-02   3.4535e+02
20251208_17:00:00   4.3742e-01   9.5010e+01   6.7493e+00   0.0000e+00   9.8014e-02   3.4419e+02
20251208_18:00:00   4.8292e-01   1.0258e+02   7.3782e+00   0.0000e+00   1.5434e-01   3.4098e+02
20251208_19:00:00   5.0336e-01   1.0601e+02   7.7079e+00   0.0000e+00   7.1039e-02   3.4324e+02
20251208_20:00:00   5.0911e-01   1.0717e+02   7.7836e+00   0.0000e+00   4.1275e-03   3.4493e+02
20251208_21:00:00   4.8108e-01   1.0319e+02   7.2300e+00   0.0000e+00   3.1427e-03   3.4712e+02
20251208_22:00:00   4.8759e-01   1.0458e+02   7.2629e+00   0.0000e+00   9.2126e-04   3.5168e+02
20251208_23:00:00   4.8731e-01   1.0476e+02   7.2688e+00   0.0000e+00   1.7708e-05   3.4874e+02
20251209_00:00:00   5.2792e-01   1.1116e+02   7.8904e+00   0.0000e+00   1.6023e-03   3.5067e+02
20251209_01:00:00   5.5134e-01   1.1483e+02   8.2824e+00   0.0000e+00   5.5925e-03   3.5785e+02
20251209_02:00:00   5.6599e-01   1.1710e+02   8.5311e+00   0.0000e+00   1.5538e-02   3.6003e+02
20251209_03:00:00   5.7868e-01   1.1925e+02   8.7216e+00   0.0000e+00   3.3078e-03   3.6438e+02
20251209_04:00:00   5.7081e-01   1.1816e+02   8.6610e+00   0.0000e+00   6.9730e-04   3.5914e+02
20251209_05:00:00   5.6296e-01   1.1711e+02   8.5797e+00   0.0000e+00   4.8223e-05   3.5907e+02
20251209_06:00:00   5.4632e-01   1.1486e+02   8.3705e+00   0.0000e+00   8.3912e-05   3.5971e+02
20251209_09:00:00   6.6495e-01   1.3241e+02   1.0203e+01   0.0000e+00   2.0329e-03   3.7592e+02
20251209_12:00:00   7.0856e-01   1.3822e+02   1.0945e+01   0.0000e+00   8.6515e-02   3.6448e+02
20251209_15:00:00   7.7722e-01   1.4691e+02   1.2005e+01   0.0000e+00   1.3453e-01   3.5008e+02
20251209_18:00:00   8.5957e-01   1.5682e+02   1.3154e+01   4.9280e-07   1.9219e-01   3.6205e+02
20251209_21:00:00   8.9146e-01   1.6042e+02   1.3520e+01   2.7300e-03   3.4733e-01   3.5350e+02
20251210_00:00:00   9.6389e-01   1.6803e+02   1.4477e+01   1.4109e-04   4.0772e-01   3.5563e+02
20251210_03:00:00   1.1783e+00   1.8832e+02   1.5248e+01   5.7744e-02   6.2051e-01   3.6044e+02
20251210_06:00:00   2.6934e+00   2.5419e+02   1.4280e+01   7.1354e-01   6.1220e-02   3.6544e+02
20251210_09:00:00   2.9847e+00   2.5885e+02   1.3059e+01   8.6437e-01   2.4214e-01   3.5479e+02
20251210_12:00:00   7.9871e-01   1.4906e+02   1.1623e+01   1.0989e-03   4.6684e-02   3.4518e+02
20251210_15:00:00   6.0304e-01   1.2287e+02   8.6704e+00   8.2355e-03   6.4970e-04   3.4553e+02
20251210_18:00:00   3.7704e-01   8.6503e+01   5.4796e+00   0.0000e+00   7.3629e-05   3.4334e+02
20251210_21:00:00   4.2610e-01   9.4826e+01   6.2719e+00   0.0000e+00   1.8402e-05   3.3973e+02
20251211_00:00:00   4.3974e-01   9.6896e+01   6.4905e+00   0.0000e+00   1.5742e-05   3.1505e+02
20251211_03:00:00   4.0324e-01   9.0534e+01   5.9343e+00   0.0000e+00   1.8329e-05   3.1400e+02
20251211_06:00:00   3.8101e-01   8.6692e+01   5.5602e+00   0.0000e+00   8.9580e-06   3.1742e+02
20251211_09:00:00   3.9529e-01   8.9194e+01   5.8134e+00   0.0000e+00   1.5171e-05   3.0616e+02
20251211_12:00:00   4.0945e-01   9.1853e+01   6.0671e+00   0.0000e+00   2.0099e-03   3.0691e+02
20251211_15:00:00   4.6165e-01   1.0050e+02   6.9266e+00   0.0000e+00   5.7567e-03   3.0322e+02
20251211_18:00:00   5.2637e-01   1.1094e+02   7.9153e+00   0.0000e+00   4.2501e-03   3.0487e+02
20251211_21:00:00   5.7502e-01   1.1846e+02   8.5728e+00   0.0000e+00   4.7991e-03   3.0213e+02
20251212_00:00:00   5.8467e-01   1.2018e+02   8.7426e+00   0.0000e+00   2.7748e-04   2.9805e+02
20251212_03:00:00   6.1772e-01   1.2519e+02   9.1494e+00   0.0000e+00   1.0923e-03   3.0123e+02
20251212_06:00:00   6.8263e-01   1.3435e+02   1.0134e+01   1.9513e-07   3.1815e-03   2.9982e+02
20251212_09:00:00   7.3432e-01   1.4119e+02   1.1071e+01   1.9229e-03   5.2846e-03   2.9117e+02
20251212_12:00:00   1.0219e+00   1.7316e+02   1.3037e+01   7.7753e-02   8.7172e-03   2.8569e+02
20251212_15:00:00   1.0510e+00   1.7657e+02   1.6449e+01   4.4669e-03   7.2714e-04   2.7882e+02
20251212_18:00:00   1.1549e+00   1.8716e+02   1.7808e+01   5.9278e-03   3.1422e-04   2.8011e+02
20251212_21:00:00   1.3295e+00   2.0202e+02   1.7794e+01   7.5330e-02   1.8824e-04   2.7760e+02
20251213_00:00:00   1.0467e+00   1.8011e+02   1.6239e+01   7.9026e-03   7.7993e-06   2.8143e+02
20251213_03:00:00   9.3191e-01   1.6969e+02   1.4353e+01   0.0000e+00   0.0000e+00   2.8548e+02
20251213_06:00:00   1.0106e+00   1.7913e+02   1.5036e+01   3.3680e-03   0.0000e+00   2.8301e+02
20251213_09:00:00   1.7648e+00   2.3331e+02   1.7248e+01   2.2600e-01   0.0000e+00   2.8220e+02
20251213_12:00:00   1.5873e+00   2.2407e+02   1.7359e+01   1.4734e-01   0.0000e+00   2.8333e+02
20251213_15:00:00   1.8059e+00   2.3489e+02   1.8276e+01   2.0693e-01   9.6839e-04   2.8143e+02
20251213_18:00:00   2.1430e+00   2.4724e+02   1.8913e+01   3.3904e-01   4.9080e-03   2.7901e+02
20251213_21:00:00   1.9096e+00   2.3856e+02   1.9387e+01   2.3965e-01   3.1337e-03   2.7856e+02
20251214_00:00:00   2.9412e+00   2.6467e+02   2.0226e+01   6.1146e-01   0.0000e+00   2.8027e+02
20251214_03:00:00   2.6848e+00   2.6028e+02   2.0553e+01   5.0502e-01   2.6020e-07   2.7698e+02
20251214_06:00:00   2.2048e+00   2.4797e+02   2.0016e+01   3.3270e-01   5.0909e-03   2.7929e+02
20251214_09:00:00   1.7507e+00   2.2978e+02   1.8514e+01   1.9650e-01   2.6936e-02   2.7816e+02
20251214_12:00:00   1.9914e+00   2.3939e+02   1.5556e+01   3.7191e-01   6.0459e-04   2.7338e+02
20251214_15:00:00   1.7215e+00   2.2658e+02   1.4691e+01   3.0223e-01   3.2304e-03   2.7955e+02
20251214_18:00:00   1.0953e+00   1.8359e+02   1.4889e+01   5.5036e-02   6.9821e-03   2.8084e+02
20251214_21:00:00   1.0816e+00   1.8183e+02   1.2998e+01   9.4150e-02   4.3545e-05   2.7882e+02
20251215_00:00:00   1.0150e+00   1.7455e+02   1.2663e+01   7.7434e-02   5.1310e-03   2.8216e+02
20251215_03:00:00   1.2595e+00   1.9460e+02   1.2225e+01   1.9134e-01   7.6623e-03   2.7966e+02
20251215_06:00:00   9.4586e-01   1.6589e+02   1.1250e+01   7.8403e-02   6.3044e-02   2.9738e+02
20251215_09:00:00   8.7223e-01   1.5771e+02   8.4252e+00   1.1320e-01   1.5866e-03   3.0721e+02
20251215_12:00:00   5.0927e-01   1.0924e+02   6.9635e+00   4.8081e-04   2.2420e-04   3.3428e+02
20251215_15:00:00   5.1010e-01   1.0879e+02   6.6587e+00   1.3586e-02   1.7639e-03   3.2675e+02
20251215_18:00:00   4.7089e-01   1.0217e+02   6.5168e+00   1.9136e-03   1.2135e-03   3.2268e+02
20251215_21:00:00   3.8597e-01   8.7420e+01   5.4655e+00   0.0000e+00   1.0969e-05   3.3300e+02
20251216_00:00:00   3.2202e-01   7.5634e+01   4.4213e+00   0.0000e+00   1.1861e-03   3.3009e+02
20251216_03:00:00   2.6415e-01   6.4088e+01   3.6855e+00   0.0000e+00   3.4649e-03   3.2943e+02
20251216_06:00:00   2.6146e-01   6.3296e+01   3.7506e+00   0.0000e+00   3.3924e-03   3.1880e+02
20251216_09:00:00   3.0640e-01   7.1872e+01   4.6573e+00   0.0000e+00   8.6419e-05   3.1925e+02
20251216_12:00:00   3.2467e-01   7.5285e+01   5.1011e+00   0.0000e+00   2.1443e-05   3.1819e+02
20251216_15:00:00   3.1499e-01   7.3636e+01   5.0017e+00   0.0000e+00   2.2676e-04   3.1843e+02
20251216_18:00:00   3.5853e-01   8.1538e+01   5.9388e+00   0.0000e+00   2.9531e-05   3.0943e+02
20251216_21:00:00   4.2770e-01   9.3495e+01   7.2871e+00   0.0000e+00   5.2966e-03   3.0226e+02
20251217_00:00:00   4.7561e-01   1.0156e+02   8.1189e+00   0.0000e+00   1.4828e-02   3.0231e+02
20251217_03:00:00   5.2370e-01   1.0929e+02   8.8965e+00   0.0000e+00   9.5988e-03   2.9607e+02
20251217_06:00:00   6.1298e-01   1.2270e+02   1.0248e+01   0.0000e+00   1.2447e-02   2.9178e+02
20251217_09:00:00   7.2524e-01   1.3800e+02   1.1837e+01   0.0000e+00   9.1247e-02   2.9343e+02
20251217_12:00:00   6.8825e-01   1.3330e+02   1.1284e+01   0.0000e+00   4.6039e-01   2.9506e+02
20251217_15:00:00   7.1738e-01   1.3721e+02   1.1393e+01   6.0037e-03   2.8477e-01   3.0000e+02
20251217_18:00:00   7.4749e-01   1.4145e+02   1.1789e+01   0.0000e+00   4.6447e-01   3.1379e+02
20251217_21:00:00   6.0916e-01   1.2348e+02   7.0091e+00   5.3432e-02   4.4858e-02   3.6080e+02
20251218_00:00:00   5.5797e-01   1.1543e+02   8.1075e+00   0.0000e+00   7.2787e-02   3.7441e+02
20251218_03:00:00   5.9837e-01   1.2061e+02   8.5783e+00   2.6780e-04   6.4460e-02   3.7355e+02
20251218_06:00:00   4.5112e-01   9.8234e+01   6.3612e+00   0.0000e+00   2.6790e-03   3.5706e+02
20251218_09:00:00   4.3620e-01   9.5878e+01   6.2508e+00   0.0000e+00   2.1727e-03   3.2122e+02
20251218_12:00:00   4.6359e-01   1.0012e+02   6.7931e+00   0.0000e+00   1.6682e-03   3.5608e+02
20251218_15:00:00   4.8055e-01   1.0254e+02   7.0932e+00   2.7275e-04   6.2442e-03   3.5813e+02
20251218_18:00:00   5.0679e-01   1.0650e+02   7.7645e+00   3.3566e-03   1.1491e-02   3.5992e+02
20251218_21:00:00   5.1855e-01   1.0820e+02   8.1524e+00   4.6117e-03   5.4247e-03   3.7068e+02
20251219_00:00:00   5.0709e-01   1.0645e+02   8.1896e+00   0.0000e+00   5.9854e-03   3.5583e+02
20251219_03:00:00   5.5167e-01   1.1313e+02   8.8662e+00   0.0000e+00   2.8853e-02   3.3841e+02
20251219_06:00:00   6.2350e-01   1.2362e+02   1.0034e+01   0.0000e+00   1.5844e-02   3.3010e+02
20251219_09:00:00   6.9260e-01   1.3315e+02   1.1277e+01   0.0000e+00   2.0020e-02   3.2059e+02
20251219_12:00:00   7.7785e-01   1.4369e+02   1.2516e+01   0.0000e+00   2.8981e-01   3.2353e+02
20251219_15:00:00   8.0351e-01   1.4665e+02   1.2610e+01   0.0000e+00   6.0786e-01   3.1800e+02
20251219_18:00:00   7.8906e-01   1.4488e+02   1.2293e+01   0.0000e+00   6.7221e-01   3.2178e+02
20251219_21:00:00   6.6695e-01   1.2967e+02   1.0108e+01   0.0000e+00   2.2787e-01   3.1825e+02
20251220_00:00:00   5.2231e-01   1.0895e+02   7.4609e+00   0.0000e+00   5.4023e-02   3.1470e+02
20251220_03:00:00   4.4745e-01   9.6949e+01   6.3176e+00   0.0000e+00   3.5079e-05   3.2421e+02
20251220_06:00:00   3.4548e-01   7.9358e+01   4.7461e+00   0.0000e+00   2.5615e-05   3.3585e+02
