#            date       tau255        Tb[K]      pwv[mm] lwp[kg*m^-2] iwp[kg*m^-2]       o3[DU]
20251202_06:00:00   1.9696e-01   5.1991e+01   3.4343e+00   0.0000e+00   0.0000e+00   3.3377e+02
20251202_07:00:00   1.9804e-01   5.2122e+01   3.5246e+00   0.0000e+00   0.0000e+00   3.3618e+02
20251202_08:00:00   1.9684e-01   5.1881e+01   3.5174e+00   0.0000e+00   0.0000e+00   3.3618e+02
20251202_09:00:00   1.8916e-01   5.0256e+01   3.3424e+00   0.0000e+00   0.0000e+00   3.3573e+02
20251202_10:00:00   1.9051e-01   5.0551e+01   3.3741e+00   0.0000e+00   0.0000e+00   3.3498e+02
20251202_11:00:00   1.9639e-01   5.1814e+01   3.5241e+00   0.0000e+00   0.0000e+00   3.3555e+02
20251202_12:00:00   1.9667e-01   5.1882e+01   3.5578e+00   0.0000e+00   6.4900e-05   3.3737e+02
20251202_13:00:00   1.9892e-01   5.2391e+01   3.6045e+00   0.0000e+00   3.6020e-08   3.3671e+02
20251202_14:00:00   2.0381e-01   5.3515e+01   3.7113e+00   0.0000e+00   0.0000e+00   3.3799e+02
20251202_15:00:00   2.1719e-01   5.6402e+01   4.0291e+00   0.0000e+00   0.0000e+00   3.3888e+02
20251202_16:00:00   2.3663e-01   6.0473e+01   4.5222e+00   0.0000e+00   0.0000e+00   3.3741e+02
20251202_17:00:00   2.6716e-01   6.6677e+01   5.2166e+00   0.0000e+00   0.0000e+00   3.3586e+02
20251202_18:00:00   2.8142e-01   6.9533e+01   5.5317e+00   0.0000e+00   0.0000e+00   3.3477e+02
20251202_19:00:00   2.8340e-01   6.9975e+01   5.5705e+00   0.0000e+00   0.0000e+00   3.3349e+02
20251202_20:00:00   2.8345e-01   6.9993e+01   5.5667e+00   0.0000e+00   0.0000e+00   3.3291e+02
20251202_21:00:00   2.9367e-01   7.2037e+01   5.7663e+00   0.0000e+00   1.6148e-04   3.3232e+02
20251202_22:00:00   2.8424e-01   7.0126e+01   5.5671e+00   0.0000e+00   1.0497e-05   3.3294e+02
20251202_23:00:00   2.7862e-01   6.8898e+01   5.4761e+00   0.0000e+00   2.0320e-06   3.3459e+02
20251203_00:00:00   2.7458e-01   6.7936e+01   5.4052e+00   0.0000e+00   0.0000e+00   3.3501e+02
20251203_01:00:00   2.7921e-01   6.8782e+01   5.4687e+00   0.0000e+00   0.0000e+00   3.3764e+02
20251203_02:00:00   2.9629e-01   7.2022e+01   5.7833e+00   0.0000e+00   0.0000e+00   3.3866e+02
20251203_03:00:00   3.1625e-01   7.5755e+01   6.1532e+00   0.0000e+00   1.8022e-05   3.3925e+02
20251203_04:00:00   3.7964e-01   8.7273e+01   7.3662e+00   0.0000e+00   3.3149e-04   3.3851e+02
20251203_05:00:00   3.2496e-01   7.6976e+01   6.3637e+00   0.0000e+00   4.3041e-03   3.3994e+02
20251203_06:00:00   3.2174e-01   7.6771e+01   6.0947e+00   0.0000e+00   4.9847e-03   3.4267e+02
20251203_07:00:00   3.1041e-01   7.4880e+01   5.7355e+00   0.0000e+00   4.8099e-03   3.4313e+02
20251203_08:00:00   3.3414e-01   7.9301e+01   6.1703e+00   0.0000e+00   5.6916e-03   3.4496e+02
20251203_09:00:00   3.5674e-01   8.3309e+01   6.6128e+00   0.0000e+00   7.3975e-03   3.4743e+02
20251203_10:00:00   3.5482e-01   8.2894e+01   6.6108e+00   0.0000e+00   3.8915e-03   3.5408e+02
20251203_11:00:00   3.6590e-01   8.4725e+01   6.8507e+00   0.0000e+00   8.8085e-03   3.6043e+02
20251203_12:00:00   3.7443e-01   8.6055e+01   7.0236e+00   0.0000e+00   2.3065e-02   3.5270e+02
20251203_13:00:00   3.8289e-01   8.7376e+01   7.1775e+00   0.0000e+00   1.6171e-02   3.5210e+02
20251203_14:00:00   4.0353e-01   9.0622e+01   7.4257e+00   0.0000e+00   2.8099e-01   3.4917e+02
20251203_15:00:00   3.9227e-01   8.8760e+01   7.2620e+00   0.0000e+00   3.5859e-02   3.4650e+02
20251203_16:00:00   3.3982e-01   7.9275e+01   6.2938e+00   0.0000e+00   2.2360e-02   3.4514e+02
20251203_17:00:00   3.0525e-01   7.2832e+01   5.6610e+00   0.0000e+00   4.9660e-02   3.4814e+02
20251203_18:00:00   3.0979e-01   7.3808e+01   5.7461e+00   0.0000e+00   4.2019e-02   3.5138e+02
20251203_19:00:00   3.2553e-01   7.6721e+01   5.9782e+00   0.0000e+00   9.6962e-02   3.5803e+02
20251203_20:00:00   3.3598e-01   7.8810e+01   6.1020e+00   0.0000e+00   3.4033e-02   3.5761e+02
20251203_21:00:00   3.5003e-01   8.1458e+01   6.2779e+00   8.9240e-05   2.0578e-02   3.5841e+02
20251203_22:00:00   3.4635e-01   8.0977e+01   6.1596e+00   2.1100e-05   9.3680e-03   3.6001e+02
20251203_23:00:00   3.6799e-01   8.4883e+01   6.5109e+00   0.0000e+00   5.7003e-02   3.6426e+02
20251204_00:00:00   4.1978e-01   9.3931e+01   7.2545e+00   0.0000e+00   1.8191e-01   3.6398e+02
20251204_01:00:00   4.7439e-01   1.0319e+02   7.9851e+00   0.0000e+00   2.3343e-01   3.6404e+02
20251204_02:00:00   5.3231e-01   1.1222e+02   8.6265e+00   9.2830e-05   2.7726e-01   3.6260e+02
20251204_03:00:00   5.3756e-01   1.1307e+02   8.6503e+00   1.0212e-03   2.3433e-01   3.6027e+02
20251204_04:00:00   5.3535e-01   1.1264e+02   8.4479e+00   5.1815e-03   2.3168e-01   3.6044e+02
20251204_05:00:00   5.1313e-01   1.0912e+02   8.1640e+00   3.7695e-03   1.5344e-01   3.6382e+02
20251204_06:00:00   4.8983e-01   1.0533e+02   7.9109e+00   1.3750e-04   1.6439e-01   3.7257e+02
20251204_07:00:00   4.6652e-01   1.0171e+02   7.3222e+00   6.4134e-03   5.3395e-02   3.7985e+02
20251204_08:00:00   4.6477e-01   1.0138e+02   7.0441e+00   1.3496e-02   3.2127e-02   3.8586e+02
20251204_09:00:00   4.3104e-01   9.5708e+01   6.8286e+00   3.7652e-03   2.3363e-02   3.8683e+02
20251204_10:00:00   4.1374e-01   9.2706e+01   6.5852e+00   2.4296e-03   9.3216e-03   3.8671e+02
20251204_11:00:00   3.9532e-01   8.9547e+01   6.2705e+00   2.0120e-03   6.7852e-03   3.8861e+02
20251204_12:00:00   3.8071e-01   8.7008e+01   6.0657e+00   4.7760e-04   5.8232e-03   3.9041e+02
20251204_13:00:00   3.7840e-01   8.6621e+01   6.0606e+00   0.0000e+00   5.8606e-03   3.8395e+02
20251204_14:00:00   3.4903e-01   8.1439e+01   5.5887e+00   0.0000e+00   7.7670e-04   3.7381e+02
20251204_15:00:00   3.2326e-01   7.6817e+01   5.1339e+00   0.0000e+00   3.1156e-04   3.6258e+02
20251204_16:00:00   3.0810e-01   7.4141e+01   4.8672e+00   6.0400e-06   5.0630e-05   3.5659e+02
20251204_17:00:00   3.1701e-01   7.5955e+01   5.0035e+00   4.4300e-05   2.3090e-04   3.5437e+02
20251204_18:00:00   3.4401e-01   8.1191e+01   5.2405e+00   4.4972e-03   8.7180e-04   3.5276e+02
20251204_19:00:00   3.5052e-01   8.2591e+01   5.3089e+00   4.8363e-03   1.5456e-03   3.4744e+02
20251204_20:00:00   3.6549e-01   8.5432e+01   5.3989e+00   9.8019e-03   2.2291e-03   3.4306e+02
20251204_21:00:00   3.8171e-01   8.8449e+01   5.4668e+00   1.6618e-02   3.1953e-03   3.3618e+02
20251204_22:00:00   3.3361e-01   7.9706e+01   5.3540e+00   4.5960e-04   1.7771e-03   3.3298e+02
20251204_23:00:00   3.0414e-01   7.4154e+01   4.9311e+00   0.0000e+00   6.3920e-05   3.3698e+02
20251205_00:00:00   2.7132e-01   6.7665e+01   4.4249e+00   0.0000e+00   3.2940e-06   3.3731e+02
20251205_01:00:00   2.5676e-01   6.4553e+01   4.2310e+00   0.0000e+00   0.0000e+00   3.3245e+02
20251205_02:00:00   2.3900e-01   6.0743e+01   3.9672e+00   0.0000e+00   0.0000e+00   3.2580e+02
20251205_03:00:00   2.2911e-01   5.8501e+01   3.8708e+00   0.0000e+00   1.3805e-04   3.2202e+02
20251205_04:00:00   2.2930e-01   5.8251e+01   3.9948e+00   0.0000e+00   1.3498e-03   3.2248e+02
20251205_05:00:00   2.2824e-01   5.7895e+01   4.0479e+00   0.0000e+00   3.2360e-04   3.2286e+02
20251205_06:00:00   2.4474e-01   6.1209e+01   4.3864e+00   0.0000e+00   0.0000e+00   3.2239e+02
20251205_07:00:00   2.4770e-01   6.1867e+01   4.4463e+00   0.0000e+00   0.0000e+00   3.2014e+02
20251205_08:00:00   2.5026e-01   6.2415e+01   4.4742e+00   0.0000e+00   0.0000e+00   3.1617e+02
20251205_09:00:00   2.5231e-01   6.2795e+01   4.5257e+00   0.0000e+00   0.0000e+00   3.1085e+02
20251205_10:00:00   2.5412e-01   6.3173e+01   4.5870e+00   0.0000e+00   0.0000e+00   3.0785e+02
20251205_11:00:00   2.6190e-01   6.4707e+01   4.7463e+00   0.0000e+00   1.9078e-05   3.0514e+02
20251205_12:00:00   2.7469e-01   6.7193e+01   5.0052e+00   0.0000e+00   1.2774e-03   3.0457e+02
20251205_13:00:00   2.9606e-01   7.1208e+01   5.4438e+00   0.0000e+00   4.2671e-03   3.0424e+02
20251205_14:00:00   3.1378e-01   7.4540e+01   5.8047e+00   0.0000e+00   1.9166e-02   3.0443e+02
20251205_15:00:00   3.2918e-01   7.7455e+01   6.1382e+00   0.0000e+00   1.0406e-02   3.0509e+02
20251205_16:00:00   3.4156e-01   7.9905e+01   6.3803e+00   0.0000e+00   4.6565e-03   3.0532e+02
20251205_17:00:00   3.5016e-01   8.1690e+01   6.5122e+00   0.0000e+00   2.3531e-03   3.0571e+02
20251205_18:00:00   3.7601e-01   8.6537e+01   6.9518e+00   0.0000e+00   1.2235e-03   3.0566e+02
20251205_19:00:00   3.7789e-01   8.7094e+01   6.9373e+00   0.0000e+00   6.8520e-04   3.0464e+02
20251205_20:00:00   3.7546e-01   8.6854e+01   6.8617e+00   0.0000e+00   7.4380e-04   3.0188e+02
20251205_21:00:00   3.6858e-01   8.5856e+01   6.6997e+00   0.0000e+00   0.0000e+00   2.9949e+02
20251205_22:00:00   3.7481e-01   8.7034e+01   6.8165e+00   0.0000e+00   0.0000e+00   2.9835e+02
20251205_23:00:00   3.5833e-01   8.4238e+01   6.4670e+00   0.0000e+00   0.0000e+00   2.9763e+02
20251206_00:00:00   3.5744e-01   8.4069e+01   6.4855e+00   0.0000e+00   0.0000e+00   2.9516e+02
20251206_01:00:00   3.5858e-01   8.4246e+01   6.5069e+00   0.0000e+00   0.0000e+00   2.9398e+02
20251206_02:00:00   3.3582e-01   8.0076e+01   6.0371e+00   0.0000e+00   0.0000e+00   2.9365e+02
20251206_03:00:00   2.8895e-01   7.1141e+01   5.0702e+00   0.0000e+00   0.0000e+00   2.9256e+02
20251206_04:00:00   2.7140e-01   6.7622e+01   4.7407e+00   0.0000e+00   0.0000e+00   2.9225e+02
20251206_05:00:00   2.4646e-01   6.2589e+01   4.3016e+00   0.0000e+00   0.0000e+00   2.8745e+02
20251206_06:00:00   2.7684e-01   6.8568e+01   4.9967e+00   0.0000e+00   0.0000e+00   2.8508e+02
20251206_07:00:00   3.0415e-01   7.3879e+01   5.5693e+00   0.0000e+00   0.0000e+00   2.8476e+02
20251206_08:00:00   3.2835e-01   7.8366e+01   6.0345e+00   0.0000e+00   3.4196e-04   2.8244e+02
20251206_09:00:00   3.5322e-01   8.2890e+01   6.5194e+00   0.0000e+00   8.8765e-04   2.8138e+02
20251206_10:00:00   3.8756e-01   8.9007e+01   7.1787e+00   0.0000e+00   4.4440e-05   2.8238e+02
20251206_11:00:00   4.3085e-01   9.6448e+01   7.9963e+00   0.0000e+00   3.1583e-04   2.7880e+02
20251206_12:00:00   4.6125e-01   1.0177e+02   8.4786e+00   0.0000e+00   1.2152e-06   2.8078e+02
20251206_13:00:00   4.3162e-01   9.6987e+01   7.9604e+00   0.0000e+00   0.0000e+00   2.8060e+02
20251206_14:00:00   3.9863e-01   9.1402e+01   7.3407e+00   0.0000e+00   2.3621e-04   2.7884e+02
20251206_15:00:00   3.7598e-01   8.7590e+01   6.8256e+00   0.0000e+00   0.0000e+00   2.7794e+02
20251206_16:00:00   3.6440e-01   8.5796e+01   6.6028e+00   0.0000e+00   0.0000e+00   2.7819e+02
20251206_17:00:00   3.6203e-01   8.5690e+01   6.5610e+00   0.0000e+00   0.0000e+00   2.7921e+02
20251206_18:00:00   3.8077e-01   8.9244e+01   6.9483e+00   0.0000e+00   0.0000e+00   2.7863e+02
20251206_19:00:00   3.6516e-01   8.6347e+01   6.6961e+00   0.0000e+00   1.5685e-03   2.7903e+02
20251206_20:00:00   3.5640e-01   8.4833e+01   6.6824e+00   0.0000e+00   4.2811e-03   2.7880e+02
20251206_21:00:00   3.5048e-01   8.3785e+01   6.5854e+00   0.0000e+00   1.2320e-03   2.7960e+02
20251206_22:00:00   3.7182e-01   8.7737e+01   6.9525e+00   0.0000e+00   0.0000e+00   2.7868e+02
20251206_23:00:00   3.8117e-01   8.9393e+01   7.1405e+00   0.0000e+00   6.9459e-04   2.7927e+02
20251207_00:00:00   4.2397e-01   9.6657e+01   7.8449e+00   0.0000e+00   1.1111e-05   2.7544e+02
20251207_01:00:00   4.2644e-01   9.6959e+01   7.8670e+00   0.0000e+00   0.0000e+00   2.7414e+02
20251207_02:00:00   4.2775e-01   9.7073e+01   7.8945e+00   0.0000e+00   0.0000e+00   2.7583e+02
20251207_03:00:00   4.3853e-01   9.8836e+01   8.1053e+00   0.0000e+00   0.0000e+00   2.7758e+02
20251207_04:00:00   4.4256e-01   9.9559e+01   8.2078e+00   0.0000e+00   0.0000e+00   2.7926e+02
20251207_05:00:00   4.5259e-01   1.0119e+02   8.4394e+00   0.0000e+00   8.0540e-07   2.8008e+02
20251207_06:00:00   4.6914e-01   1.0393e+02   8.7774e+00   0.0000e+00   0.0000e+00   2.8228e+02
20251207_09:00:00   5.1502e-01   1.1152e+02   9.4282e+00   0.0000e+00   0.0000e+00   2.8855e+02
20251207_12:00:00   4.5079e-01   1.0148e+02   7.8503e+00   0.0000e+00   0.0000e+00   2.8707e+02
20251207_15:00:00   4.0148e-01   9.2957e+01   7.0045e+00   0.0000e+00   0.0000e+00   2.9018e+02
20251207_18:00:00   4.4550e-01   1.0104e+02   7.8224e+00   0.0000e+00   0.0000e+00   2.9217e+02
20251207_21:00:00   3.5055e-01   8.4705e+01   6.1355e+00   0.0000e+00   0.0000e+00   2.9330e+02
20251208_00:00:00   3.2034e-01   7.9004e+01   5.5725e+00   0.0000e+00   0.0000e+00   2.9341e+02
20251208_03:00:00   3.5106e-01   8.4530e+01   6.0223e+00   0.0000e+00   0.0000e+00   2.9436e+02
20251208_06:00:00   3.4252e-01   8.2608e+01   5.9381e+00   0.0000e+00   0.0000e+00   2.9918e+02
20251208_09:00:00   3.1738e-01   7.7063e+01   5.7337e+00   0.0000e+00   0.0000e+00   2.9903e+02
20251208_12:00:00   3.1370e-01   7.5993e+01   5.9036e+00   0.0000e+00   0.0000e+00   3.0098e+02
20251208_15:00:00   3.6014e-01   8.4831e+01   6.7707e+00   0.0000e+00   0.0000e+00   2.9746e+02
20251208_18:00:00   4.1342e-01   9.4837e+01   7.6470e+00   0.0000e+00   0.0000e+00   3.0110e+02
20251208_21:00:00   4.4615e-01   1.0093e+02   8.0745e+00   0.0000e+00   0.0000e+00   2.8918e+02
20251209_00:00:00   4.4615e-01   1.0087e+02   8.0612e+00   0.0000e+00   2.5406e-04   2.9054e+02
20251209_03:00:00   4.5342e-01   1.0162e+02   8.1079e+00   0.0000e+00   7.5881e-02   2.9336e+02
20251209_06:00:00   4.1257e-01   9.4064e+01   7.2448e+00   0.0000e+00   1.9907e-03   3.0115e+02
20251209_09:00:00   3.3000e-01   7.9481e+01   5.6255e+00   0.0000e+00   0.0000e+00   3.0612e+02
20251209_12:00:00   2.7568e-01   6.9076e+01   4.5529e+00   0.0000e+00   0.0000e+00   3.0242e+02
20251209_15:00:00   2.4278e-01   6.2206e+01   4.1068e+00   0.0000e+00   0.0000e+00   2.9160e+02
20251209_18:00:00   2.6991e-01   6.7698e+01   4.9446e+00   0.0000e+00   2.3363e-06   2.8646e+02
20251209_21:00:00   3.6864e-01   8.7033e+01   7.1363e+00   0.0000e+00   2.2660e-06   2.6952e+02
20251210_00:00:00   4.0122e-01   9.3469e+01   7.9340e+00   0.0000e+00   0.0000e+00   2.7852e+02
20251210_03:00:00   3.7231e-01   8.8453e+01   7.3230e+00   0.0000e+00   2.6480e-04   2.8007e+02
20251210_06:00:00   3.3787e-01   8.2373e+01   6.4315e+00   0.0000e+00   6.6942e-03   2.8349e+02
20251210_09:00:00   3.4781e-01   8.4418e+01   6.5211e+00   0.0000e+00   2.6917e-03   2.8744e+02
20251210_12:00:00   3.6759e-01   8.8229e+01   6.9573e+00   0.0000e+00   2.3043e-03   2.8305e+02
20251210_15:00:00   3.7134e-01   8.9044e+01   7.1009e+00   0.0000e+00   5.3167e-04   2.7570e+02
20251210_18:00:00   3.9693e-01   9.4125e+01   7.6740e+00   0.0000e+00   9.3145e-04   2.7426e+02
20251210_21:00:00   4.2548e-01   9.9692e+01   8.1466e+00   0.0000e+00   7.7294e-04   2.7319e+02
20251211_00:00:00   4.4404e-01   1.0300e+02   8.4263e+00   0.0000e+00   4.4104e-05   2.7735e+02
20251211_03:00:00   4.3713e-01   1.0184e+02   8.2028e+00   0.0000e+00   7.3700e-06   2.7675e+02
20251211_06:00:00   4.5925e-01   1.0554e+02   8.5980e+00   0.0000e+00   1.2438e-04   2.7073e+02
20251211_09:00:00   4.8286e-01   1.0924e+02   9.1529e+00   0.0000e+00   2.1580e-05   2.7089e+02
20251211_12:00:00   4.8490e-01   1.0961e+02   9.2891e+00   0.0000e+00   0.0000e+00   2.6885e+02
20251211_15:00:00   4.8052e-01   1.0893e+02   9.2719e+00   0.0000e+00   0.0000e+00   2.7195e+02
20251211_18:00:00   4.9378e-01   1.1148e+02   9.5887e+00   0.0000e+00   0.0000e+00   2.7427e+02
20251211_21:00:00   5.1582e-01   1.1534e+02   9.8189e+00   0.0000e+00   0.0000e+00   2.7577e+02
20251212_00:00:00   5.4292e-01   1.1956e+02   1.0231e+01   0.0000e+00   0.0000e+00   2.7426e+02
20251212_03:00:00   5.4530e-01   1.1973e+02   1.0250e+01   0.0000e+00   0.0000e+00   2.7513e+02
20251212_06:00:00   5.2587e-01   1.1632e+02   9.7563e+00   0.0000e+00   0.0000e+00   2.7507e+02
20251212_09:00:00   4.8557e-01   1.0967e+02   8.9907e+00   0.0000e+00   0.0000e+00   2.7671e+02
20251212_12:00:00   4.7716e-01   1.0820e+02   8.8810e+00   0.0000e+00   0.0000e+00   2.7848e+02
20251212_15:00:00   4.7134e-01   1.0714e+02   8.7466e+00   0.0000e+00   0.0000e+00   2.7674e+02
20251212_18:00:00   4.8085e-01   1.0899e+02   9.0021e+00   0.0000e+00   0.0000e+00   2.7784e+02
20251212_21:00:00   5.1338e-01   1.1491e+02   9.5457e+00   0.0000e+00   0.0000e+00   2.7902e+02
20251213_00:00:00   5.0129e-01   1.1295e+02   9.3183e+00   0.0000e+00   3.0260e-05   2.8055e+02
20251213_03:00:00   4.7343e-01   1.0803e+02   8.8501e+00   0.0000e+00   0.0000e+00   2.8131e+02
20251213_06:00:00   4.6791e-01   1.0679e+02   8.6619e+00   0.0000e+00   0.0000e+00   2.7880e+02
20251213_09:00:00   4.5871e-01   1.0503e+02   8.3917e+00   0.0000e+00   0.0000e+00   2.7777e+02
20251213_12:00:00   4.1544e-01   9.7259e+01   7.6442e+00   0.0000e+00   0.0000e+00   2.7481e+02
20251213_15:00:00   3.8808e-01   9.2226e+01   7.1091e+00   0.0000e+00   0.0000e+00   2.7327e+02
20251213_18:00:00   4.0498e-01   9.5368e+01   7.4617e+00   0.0000e+00   0.0000e+00   2.7087e+02
20251213_21:00:00   4.6012e-01   1.0527e+02   8.6179e+00   0.0000e+00   8.0980e-06   2.7454e+02
20251214_00:00:00   3.8841e-01   9.2536e+01   7.3380e+00   0.0000e+00   1.3144e-03   2.8547e+02
20251214_03:00:00   3.5927e-01   8.6524e+01   6.8255e+00   0.0000e+00   2.9136e-02   3.0003e+02
20251214_06:00:00   3.6999e-01   8.8319e+01   6.9700e+00   0.0000e+00   8.5095e-03   2.9991e+02
20251214_09:00:00   4.0198e-01   9.3867e+01   7.4784e+00   0.0000e+00   1.2094e-02   2.9987e+02
20251214_12:00:00   4.0400e-01   9.4085e+01   7.4431e+00   0.0000e+00   0.0000e+00   3.0096e+02
20251214_15:00:00   4.5016e-01   1.0170e+02   8.2369e+00   0.0000e+00   0.0000e+00   3.0734e+02
20251214_18:00:00   4.4105e-01   1.0079e+02   7.8451e+00   0.0000e+00   5.4714e-05   3.0628e+02
20251214_21:00:00   4.6819e-01   1.0536e+02   8.6075e+00   0.0000e+00   1.7289e-03   3.1646e+02
20251215_00:00:00   4.3037e-01   9.8325e+01   8.0115e+00   2.9630e-05   4.0298e-03   3.1484e+02
20251215_03:00:00   3.5338e-01   8.4231e+01   5.9979e+00   0.0000e+00   0.0000e+00   3.2119e+02
20251215_06:00:00   1.2223e-01   3.5356e+01   1.9680e+00   0.0000e+00   0.0000e+00   3.1658e+02
20251215_09:00:00   1.3790e-01   3.8780e+01   2.2621e+00   0.0000e+00   0.0000e+00   3.0455e+02
20251215_12:00:00   1.4230e-01   3.9664e+01   2.3654e+00   0.0000e+00   0.0000e+00   3.1048e+02
20251215_15:00:00   1.2707e-01   3.6240e+01   2.0294e+00   0.0000e+00   0.0000e+00   3.0671e+02
20251215_18:00:00   1.1931e-01   3.4584e+01   1.9405e+00   0.0000e+00   0.0000e+00   2.9924e+02
20251215_21:00:00   1.1974e-01   3.4882e+01   1.9862e+00   0.0000e+00   0.0000e+00   2.9811e+02
20251216_00:00:00   1.0101e-01   3.0547e+01   1.6341e+00   0.0000e+00   0.0000e+00   2.8426e+02
20251216_03:00:00   9.2382e-02   2.8378e+01   1.4651e+00   0.0000e+00   0.0000e+00   2.7476e+02
20251216_06:00:00   8.0848e-02   2.5468e+01   1.2563e+00   0.0000e+00   7.2968e-05   2.7864e+02
20251216_09:00:00   7.9267e-02   2.5075e+01   1.2143e+00   0.0000e+00   0.0000e+00   2.8151e+02
20251216_12:00:00   8.8590e-02   2.7391e+01   1.4015e+00   0.0000e+00   0.0000e+00   2.7315e+02
20251216_15:00:00   1.4212e-01   4.0125e+01   2.5249e+00   0.0000e+00   0.0000e+00   2.7065e+02
20251216_18:00:00   1.5529e-01   4.3373e+01   2.8060e+00   0.0000e+00   0.0000e+00   2.6895e+02
20251216_21:00:00   1.8954e-01   5.1204e+01   3.5655e+00   0.0000e+00   3.2260e-07   2.7127e+02
20251217_00:00:00   2.0800e-01   5.5109e+01   3.9450e+00   0.0000e+00   0.0000e+00   2.7522e+02
20251217_03:00:00   2.3588e-01   6.1050e+01   4.4765e+00   0.0000e+00   6.1480e-06   2.7788e+02
20251217_06:00:00   2.5259e-01   6.4465e+01   4.8039e+00   0.0000e+00   4.4867e-05   2.7274e+02
20251217_09:00:00   2.7783e-01   6.9616e+01   5.2174e+00   0.0000e+00   0.0000e+00   2.7883e+02
20251217_12:00:00   2.6301e-01   6.6465e+01   4.9343e+00   0.0000e+00   0.0000e+00   2.7549e+02
20251217_15:00:00   2.7103e-01   6.7813e+01   5.1506e+00   0.0000e+00   0.0000e+00   2.7646e+02
20251217_18:00:00   2.9580e-01   7.2876e+01   5.8742e+00   0.0000e+00   0.0000e+00   2.7323e+02
20251217_21:00:00   3.0251e-01   7.4252e+01   6.0923e+00   0.0000e+00   2.0140e-06   2.7433e+02
20251218_00:00:00   3.3421e-01   8.0215e+01   6.7486e+00   0.0000e+00   5.7152e-05   2.7046e+02
20251218_03:00:00   3.7208e-01   8.7232e+01   7.4877e+00   0.0000e+00   6.6717e-04   2.7058e+02
20251218_06:00:00   4.3253e-01   9.7478e+01   8.6552e+00   0.0000e+00   2.2504e-04   2.6778e+02
