#            date       tau255        Tb[K]      pwv[mm] lwp[kg*m^-2] iwp[kg*m^-2]       o3[DU]
20251203_18:00:00   3.8008e-01   8.6790e+01   6.8609e+00   0.0000e+00   6.5253e-02   3.5622e+02
20251203_19:00:00   3.9693e-01   8.9969e+01   7.0417e+00   0.0000e+00   6.1948e-02   3.6017e+02
20251203_20:00:00   4.3892e-01   9.7271e+01   7.5529e+00   9.3721e-04   1.0635e-01   3.6014e+02
20251203_21:00:00   4.9350e-01   1.0635e+02   8.2034e+00   7.8904e-04   3.3399e-01   3.5813e+02
20251203_22:00:00   5.4115e-01   1.1373e+02   8.7013e+00   4.5276e-03   4.4850e-01   3.5663e+02
20251203_23:00:00   6.5421e-01   1.3037e+02   8.6075e+00   5.6380e-02   1.5840e-01   3.5815e+02
20251204_00:00:00   6.2155e-01   1.2551e+02   8.8028e+00   3.5194e-02   3.0852e-01   3.6163e+02
20251204_01:00:00   5.6469e-01   1.1714e+02   8.8916e+00   5.7663e-03   4.1200e-01   3.6739e+02
20251204_02:00:00   5.5742e-01   1.1604e+02   8.8455e+00   2.4687e-03   4.8577e-01   3.7039e+02
20251204_03:00:00   5.3156e-01   1.1220e+02   8.5607e+00   1.2844e-05   2.4357e-01   3.6573e+02
20251204_04:00:00   5.3206e-01   1.1236e+02   8.1147e+00   1.2267e-02   1.3594e-01   3.6442e+02
20251204_05:00:00   5.5768e-01   1.1632e+02   7.7458e+00   3.4195e-02   4.6799e-02   3.6766e+02
20251204_06:00:00   7.1861e-01   1.3854e+02   7.6629e+00   1.0737e-01   5.2987e-02   3.7819e+02
20251204_07:00:00   7.8786e-01   1.4684e+02   7.7114e+00   1.3751e-01   8.5003e-02   3.8500e+02
20251204_08:00:00   5.7115e-01   1.1771e+02   7.6465e+00   4.3089e-02   1.7147e-01   3.7862e+02
20251204_09:00:00   4.5029e-01   9.8880e+01   7.2277e+00   1.0018e-05   1.3224e-01   3.7519e+02
20251204_10:00:00   4.2440e-01   9.4475e+01   6.8321e+00   2.1281e-05   5.8048e-02   3.7118e+02
20251204_11:00:00   4.1350e-01   9.2574e+01   6.6713e+00   3.8379e-06   4.0727e-02   3.6566e+02
20251204_12:00:00   4.0116e-01   9.0505e+01   6.4540e+00   2.7078e-06   1.8771e-02   3.5922e+02
20251204_13:00:00   3.7555e-01   8.6160e+01   5.9879e+00   7.1880e-06   1.3341e-02   3.5491e+02
20251204_14:00:00   3.4623e-01   8.0993e+01   5.4383e+00   5.8844e-04   1.0137e-02   3.5434e+02
20251204_15:00:00   3.2931e-01   7.7952e+01   5.1514e+00   6.4966e-05   6.5283e-03   3.5304e+02
20251204_16:00:00   3.2085e-01   7.6492e+01   4.9336e+00   1.8714e-03   2.8235e-03   3.4464e+02
20251204_17:00:00   3.3978e-01   8.0221e+01   4.6883e+00   1.6366e-02   3.6603e-03   3.3985e+02
20251204_18:00:00   3.1294e-01   7.5326e+01   4.5998e+00   6.7240e-03   3.5417e-03   3.4050e+02
20251204_19:00:00   3.5017e-01   8.2379e+01   5.1423e+00   1.0090e-02   4.7134e-03   3.3794e+02
20251204_20:00:00   3.3885e-01   8.0366e+01   5.3770e+00   1.0627e-03   3.7884e-03   3.3604e+02
20251204_21:00:00   3.4095e-01   8.0838e+01   5.5564e+00   4.7000e-04   8.1475e-04   3.3251e+02
20251204_22:00:00   3.4416e-01   8.1431e+01   5.6441e+00   9.9120e-04   6.1360e-03   3.2948e+02
20251204_23:00:00   3.3504e-01   7.9627e+01   5.5302e+00   0.0000e+00   2.8801e-03   3.2801e+02
20251205_00:00:00   3.1226e-01   7.5224e+01   5.1735e+00   0.0000e+00   0.0000e+00   3.2503e+02
20251205_01:00:00   2.8650e-01   7.0203e+01   4.7762e+00   0.0000e+00   0.0000e+00   3.2317e+02
20251205_02:00:00   2.7006e-01   6.6910e+01   4.5220e+00   0.0000e+00   0.0000e+00   3.1859e+02
20251205_03:00:00   2.5531e-01   6.3956e+01   4.2666e+00   0.0000e+00   0.0000e+00   3.1380e+02
20251205_04:00:00   2.4035e-01   6.0900e+01   4.0023e+00   0.0000e+00   0.0000e+00   3.1366e+02
20251205_05:00:00   2.2990e-01   5.8670e+01   3.8466e+00   0.0000e+00   0.0000e+00   3.1394e+02
20251205_06:00:00   2.2192e-01   5.6951e+01   3.7310e+00   0.0000e+00   0.0000e+00   3.1306e+02
20251205_07:00:00   2.1499e-01   5.5447e+01   3.6523e+00   0.0000e+00   0.0000e+00   3.0897e+02
20251205_08:00:00   2.1328e-01   5.4998e+01   3.6895e+00   0.0000e+00   0.0000e+00   3.0563e+02
20251205_09:00:00   2.2043e-01   5.6419e+01   3.8915e+00   0.0000e+00   0.0000e+00   3.0265e+02
20251205_10:00:00   2.2842e-01   5.8007e+01   4.1241e+00   0.0000e+00   0.0000e+00   3.0021e+02
20251205_11:00:00   2.4378e-01   6.1087e+01   4.5016e+00   0.0000e+00   1.4094e-05   2.9784e+02
20251205_12:00:00   2.7301e-01   6.6879e+01   5.1095e+00   0.0000e+00   1.6132e-03   2.9642e+02
20251205_13:00:00   3.0838e-01   7.3689e+01   5.7992e+00   0.0000e+00   1.2169e-02   2.9811e+02
20251205_14:00:00   3.4006e-01   7.9521e+01   6.4246e+00   0.0000e+00   2.6489e-02   2.9890e+02
20251205_15:00:00   3.7841e-01   8.6419e+01   7.1453e+00   0.0000e+00   6.0533e-02   2.9794e+02
20251205_16:00:00   4.2319e-01   9.4314e+01   7.9102e+00   0.0000e+00   5.8663e-02   2.9935e+02
20251205_17:00:00   4.1268e-01   9.2774e+01   7.6233e+00   0.0000e+00   2.4915e-02   3.0423e+02
20251205_18:00:00   4.3309e-01   9.6380e+01   7.9114e+00   0.0000e+00   3.2817e-02   3.0662e+02
20251205_19:00:00   4.4762e-01   9.8925e+01   8.1543e+00   0.0000e+00   2.8740e-02   3.0471e+02
20251205_20:00:00   4.3286e-01   9.6751e+01   7.8108e+00   0.0000e+00   2.6680e-03   3.0406e+02
20251205_21:00:00   4.2134e-01   9.5063e+01   7.5263e+00   0.0000e+00   0.0000e+00   3.0103e+02
20251205_22:00:00   4.1104e-01   9.3460e+01   7.3086e+00   0.0000e+00   0.0000e+00   3.0111e+02
20251205_23:00:00   4.1517e-01   9.4171e+01   7.3883e+00   0.0000e+00   0.0000e+00   3.0170e+02
20251206_00:00:00   3.8035e-01   8.8134e+01   6.6562e+00   0.0000e+00   0.0000e+00   2.9833e+02
20251206_01:00:00   3.6139e-01   8.4669e+01   6.3472e+00   0.0000e+00   0.0000e+00   2.9580e+02
20251206_02:00:00   3.6065e-01   8.4512e+01   6.3382e+00   0.0000e+00   0.0000e+00   2.9375e+02
20251206_03:00:00   3.3859e-01   8.0479e+01   5.9464e+00   0.0000e+00   0.0000e+00   2.9201e+02
20251206_04:00:00   3.3879e-01   8.0423e+01   6.0048e+00   0.0000e+00   1.3087e-05   2.9119e+02
20251206_05:00:00   3.5232e-01   8.2764e+01   6.3408e+00   0.0000e+00   5.6351e-05   2.9107e+02
20251206_06:00:00   3.7897e-01   8.7452e+01   6.8797e+00   0.0000e+00   8.4027e-05   2.9005e+02
20251206_07:00:00   3.8692e-01   8.8954e+01   6.9935e+00   0.0000e+00   0.0000e+00   2.8680e+02
20251206_08:00:00   3.9032e-01   8.9575e+01   7.0330e+00   0.0000e+00   0.0000e+00   2.8582e+02
20251206_09:00:00   3.9834e-01   9.0966e+01   7.2209e+00   0.0000e+00   0.0000e+00   2.8534e+02
20251206_10:00:00   4.1131e-01   9.3322e+01   7.4884e+00   0.0000e+00   0.0000e+00   2.8475e+02
20251206_11:00:00   4.1964e-01   9.4908e+01   7.6946e+00   0.0000e+00   0.0000e+00   2.8333e+02
20251206_12:00:00   4.1916e-01   9.4915e+01   7.7289e+00   0.0000e+00   0.0000e+00   2.8410e+02
20251206_13:00:00   4.1235e-01   9.3831e+01   7.6178e+00   0.0000e+00   5.4040e-08   2.8413e+02
20251206_14:00:00   4.0936e-01   9.3348e+01   7.5787e+00   0.0000e+00   0.0000e+00   2.8637e+02
20251206_15:00:00   4.2570e-01   9.6233e+01   7.8330e+00   0.0000e+00   0.0000e+00   2.8690e+02
20251206_16:00:00   4.3085e-01   9.7231e+01   7.9183e+00   0.0000e+00   3.9631e-07   2.8726e+02
20251206_17:00:00   4.3396e-01   9.8106e+01   7.9128e+00   0.0000e+00   0.0000e+00   2.8555e+02
20251206_18:00:00   4.4456e-01   1.0014e+02   8.1438e+00   0.0000e+00   0.0000e+00   2.8240e+02
20251206_19:00:00   4.5780e-01   1.0260e+02   8.4719e+00   0.0000e+00   0.0000e+00   2.8180e+02
20251206_20:00:00   4.6083e-01   1.0285e+02   8.6424e+00   0.0000e+00   7.2260e-06   2.8471e+02
20251206_21:00:00   4.4014e-01   9.9581e+01   8.2137e+00   0.0000e+00   0.0000e+00   2.8523e+02
20251206_22:00:00   4.3320e-01   9.8700e+01   8.0020e+00   0.0000e+00   0.0000e+00   2.8629e+02
20251206_23:00:00   4.6311e-01   1.0355e+02   8.4555e+00   0.0000e+00   4.3240e-08   2.8654e+02
20251207_00:00:00   4.6139e-01   1.0293e+02   8.3756e+00   0.0000e+00   0.0000e+00   2.8621e+02
20251207_01:00:00   4.6370e-01   1.0315e+02   8.3298e+00   0.0000e+00   0.0000e+00   2.8759e+02
20251207_02:00:00   4.4712e-01   1.0042e+02   7.9471e+00   0.0000e+00   0.0000e+00   2.8914e+02
20251207_03:00:00   4.2925e-01   9.7365e+01   7.5613e+00   0.0000e+00   0.0000e+00   2.8975e+02
20251207_04:00:00   4.1117e-01   9.4160e+01   7.2745e+00   0.0000e+00   0.0000e+00   2.8817e+02
20251207_05:00:00   4.1647e-01   9.4962e+01   7.3557e+00   0.0000e+00   0.0000e+00   2.9051e+02
20251207_06:00:00   4.4809e-01   1.0015e+02   7.9045e+00   0.0000e+00   5.6200e-07   2.9475e+02
20251207_07:00:00   4.6425e-01   1.0280e+02   8.1244e+00   6.9180e-06   4.8727e-05   2.9847e+02
20251207_08:00:00   4.7065e-01   1.0388e+02   8.1793e+00   1.4219e-05   6.3425e-04   3.0243e+02
20251207_09:00:00   4.6411e-01   1.0282e+02   8.0007e+00   4.8919e-04   1.6569e-03   3.0251e+02
20251207_10:00:00   4.4300e-01   9.9334e+01   7.5902e+00   3.9536e-05   3.7633e-03   3.0079e+02
20251207_11:00:00   3.9588e-01   9.1230e+01   6.7434e+00   9.0600e-06   9.3780e-05   2.9938e+02
20251207_12:00:00   3.7651e-01   8.7774e+01   6.3533e+00   3.0200e-06   1.3342e-04   2.9907e+02
20251207_13:00:00   3.5728e-01   8.4300e+01   6.0048e+00   4.0260e-06   1.4539e-05   2.9978e+02
20251207_14:00:00   3.3435e-01   8.0082e+01   5.5691e+00   0.0000e+00   4.0980e-07   2.9826e+02
20251207_15:00:00   3.1318e-01   7.6061e+01   5.2131e+00   0.0000e+00   4.0980e-07   2.9454e+02
20251207_16:00:00   3.0233e-01   7.3951e+01   5.1165e+00   0.0000e+00   4.0980e-07   2.9390e+02
20251207_17:00:00   3.1251e-01   7.5954e+01   5.3094e+00   0.0000e+00   7.2060e-09   2.9450e+02
20251207_18:00:00   3.3287e-01   7.9844e+01   5.7300e+00   0.0000e+00   0.0000e+00   2.9356e+02
20251207_19:00:00   3.2661e-01   7.8773e+01   5.6768e+00   0.0000e+00   0.0000e+00   2.9321e+02
20251207_20:00:00   3.2120e-01   7.7795e+01   5.6938e+00   0.0000e+00   0.0000e+00   2.9182e+02
20251207_21:00:00   3.2636e-01   7.8873e+01   5.8278e+00   0.0000e+00   0.0000e+00   2.8951e+02
20251207_22:00:00   3.4326e-01   8.2053e+01   6.1744e+00   0.0000e+00   0.0000e+00   2.8358e+02
20251207_23:00:00   3.4243e-01   8.1902e+01   6.1796e+00   0.0000e+00   0.0000e+00   2.8307e+02
20251208_00:00:00   3.3351e-01   8.0147e+01   6.0557e+00   0.0000e+00   0.0000e+00   2.8615e+02
20251208_01:00:00   3.1580e-01   7.6739e+01   5.7617e+00   0.0000e+00   0.0000e+00   2.8643e+02
20251208_02:00:00   3.0066e-01   7.3699e+01   5.5414e+00   0.0000e+00   0.0000e+00   2.8862e+02
20251208_03:00:00   2.8817e-01   7.1191e+01   5.3345e+00   0.0000e+00   0.0000e+00   2.8997e+02
20251208_04:00:00   2.8614e-01   7.0713e+01   5.3120e+00   0.0000e+00   0.0000e+00   2.9053e+02
20251208_05:00:00   2.8938e-01   7.1265e+01   5.3927e+00   0.0000e+00   0.0000e+00   2.9042e+02
20251208_06:00:00   2.8231e-01   6.9836e+01   5.2718e+00   0.0000e+00   0.0000e+00   2.9155e+02
20251208_07:00:00   2.7221e-01   6.7774e+01   5.0968e+00   0.0000e+00   0.0000e+00   2.9266e+02
20251208_08:00:00   2.6182e-01   6.5593e+01   4.9366e+00   0.0000e+00   1.8950e-05   2.9447e+02
20251208_09:00:00   2.5294e-01   6.3724e+01   4.7999e+00   0.0000e+00   1.2137e-04   2.9599e+02
20251208_10:00:00   2.5380e-01   6.3848e+01   4.8450e+00   0.0000e+00   3.3413e-05   2.9434e+02
20251208_11:00:00   2.6647e-01   6.6323e+01   5.1189e+00   0.0000e+00   3.1076e-05   2.9575e+02
20251208_12:00:00   2.7260e-01   6.7574e+01   5.2324e+00   0.0000e+00   6.4400e-05   2.9722e+02
20251208_13:00:00   2.7292e-01   6.7709e+01   5.2093e+00   0.0000e+00   0.0000e+00   2.9840e+02
20251208_14:00:00   2.7096e-01   6.7469e+01   5.1040e+00   0.0000e+00   0.0000e+00   2.9565e+02
20251208_15:00:00   2.6801e-01   6.7035e+01   4.9763e+00   0.0000e+00   0.0000e+00   2.9658e+02
20251208_16:00:00   2.6532e-01   6.6669e+01   4.8647e+00   0.0000e+00   0.0000e+00   2.9908e+02
20251208_17:00:00   2.7954e-01   6.9619e+01   5.1176e+00   0.0000e+00   0.0000e+00   3.0030e+02
20251208_18:00:00   2.9635e-01   7.3091e+01   5.3979e+00   0.0000e+00   0.0000e+00   3.0057e+02
20251208_21:00:00   3.6895e-01   8.7331e+01   6.6936e+00   0.0000e+00   0.0000e+00   3.0246e+02
20251209_00:00:00   2.6270e-01   6.7302e+01   4.4575e+00   0.0000e+00   0.0000e+00   3.0481e+02
20251209_03:00:00   2.6099e-01   6.6552e+01   4.4197e+00   0.0000e+00   0.0000e+00   2.9677e+02
20251209_06:00:00   2.7872e-01   6.9670e+01   4.9415e+00   0.0000e+00   1.7186e-05   2.9475e+02
20251209_09:00:00   2.9387e-01   7.2453e+01   5.5571e+00   0.0000e+00   8.3780e-06   2.9065e+02
20251209_12:00:00   2.9057e-01   7.2065e+01   5.5419e+00   0.0000e+00   1.0036e-05   2.8904e+02
20251209_15:00:00   3.1972e-01   7.7831e+01   6.1770e+00   0.0000e+00   4.5971e-03   2.8697e+02
20251209_18:00:00   3.1379e-01   7.6946e+01   6.0183e+00   0.0000e+00   4.6040e-04   2.8517e+02
20251209_21:00:00   3.1875e-01   7.8438e+01   6.3065e+00   0.0000e+00   2.0619e-04   2.7655e+02
20251210_00:00:00   3.0537e-01   7.5843e+01   6.0443e+00   0.0000e+00   1.3520e-03   2.7745e+02
20251210_03:00:00   3.5522e-01   8.5258e+01   7.1350e+00   0.0000e+00   3.3388e-03   2.8492e+02
20251210_06:00:00   4.2402e-01   9.8019e+01   8.4487e+00   0.0000e+00   1.0696e-02   2.8795e+02
20251210_09:00:00   4.0705e-01   9.5238e+01   8.0270e+00   0.0000e+00   3.7218e-03   2.8428e+02
20251210_12:00:00   4.1415e-01   9.6659e+01   7.9683e+00   0.0000e+00   3.1254e-04   2.8613e+02
20251210_15:00:00   4.4869e-01   1.0260e+02   8.4600e+00   0.0000e+00   2.9443e-05   2.8643e+02
20251210_18:00:00   4.8511e-01   1.0918e+02   9.0768e+00   0.0000e+00   1.6276e-04   2.8387e+02
20251210_21:00:00   5.1003e-01   1.1402e+02   9.5940e+00   0.0000e+00   0.0000e+00   2.7939e+02
20251211_00:00:00   4.9219e-01   1.1094e+02   9.3746e+00   0.0000e+00   3.6691e-04   2.8189e+02
20251211_03:00:00   4.9688e-01   1.1151e+02   9.3465e+00   0.0000e+00   0.0000e+00   2.7670e+02
20251211_06:00:00   4.9975e-01   1.1203e+02   9.3429e+00   0.0000e+00   0.0000e+00   2.7608e+02
20251211_09:00:00   5.1275e-01   1.1404e+02   9.4674e+00   0.0000e+00   0.0000e+00   2.7783e+02
20251211_12:00:00   5.2755e-01   1.1620e+02   9.7949e+00   0.0000e+00   0.0000e+00   2.8203e+02
20251211_15:00:00   5.3215e-01   1.1675e+02   9.9261e+00   0.0000e+00   0.0000e+00   2.7778e+02
20251211_18:00:00   5.6423e-01   1.2193e+02   1.0554e+01   0.0000e+00   0.0000e+00   2.7519e+02
20251211_21:00:00   6.0150e-01   1.2781e+02   1.1242e+01   0.0000e+00   0.0000e+00   2.7376e+02
20251212_00:00:00   5.7604e-01   1.2407e+02   1.0702e+01   0.0000e+00   0.0000e+00   2.7448e+02
20251212_03:00:00   5.4999e-01   1.2002e+02   1.0223e+01   0.0000e+00   0.0000e+00   2.7835e+02
20251212_06:00:00   5.4073e-01   1.1830e+02   1.0003e+01   0.0000e+00   0.0000e+00   2.8262e+02
20251212_09:00:00   4.4695e-01   1.0249e+02   8.2870e+00   0.0000e+00   0.0000e+00   2.8233e+02
20251212_12:00:00   3.7800e-01   8.9432e+01   7.2644e+00   0.0000e+00   0.0000e+00   2.8077e+02
20251212_15:00:00   3.6088e-01   8.5979e+01   6.9578e+00   0.0000e+00   0.0000e+00   2.8290e+02
20251212_18:00:00   3.8428e-01   9.0372e+01   7.3997e+00   0.0000e+00   0.0000e+00   2.8382e+02
20251212_21:00:00   4.0170e-01   9.3647e+01   7.7107e+00   0.0000e+00   2.2300e-06   2.8518e+02
20251213_00:00:00   3.7425e-01   8.8806e+01   7.0651e+00   0.0000e+00   0.0000e+00   2.8822e+02
20251213_03:00:00   3.8784e-01   9.1162e+01   7.1784e+00   0.0000e+00   0.0000e+00   2.9031e+02
20251213_06:00:00   3.3512e-01   8.1426e+01   6.2059e+00   0.0000e+00   5.6359e-03   2.8694e+02
20251213_09:00:00   3.4811e-01   8.3484e+01   6.5049e+00   0.0000e+00   1.2509e-03   2.9064e+02
20251213_12:00:00   3.5954e-01   8.5288e+01   6.7499e+00   0.0000e+00   1.3556e-02   2.8860e+02
20251213_15:00:00   3.6932e-01   8.6858e+01   6.9150e+00   0.0000e+00   4.8566e-02   2.8076e+02
20251213_18:00:00   3.9492e-01   9.1251e+01   7.4443e+00   0.0000e+00   1.6808e-01   2.8047e+02
20251213_21:00:00   4.3571e-01   9.8054e+01   8.3268e+00   0.0000e+00   7.0071e-02   2.8308e+02
20251214_00:00:00   5.1668e-01   1.1084e+02   9.7297e+00   0.0000e+00   4.5110e-01   2.8158e+02
20251214_03:00:00   5.0961e-01   1.1015e+02   9.6885e+00   0.0000e+00   1.6663e-01   2.8135e+02
20251214_06:00:00   5.4298e-01   1.1550e+02   1.0175e+01   0.0000e+00   1.2166e-01   2.8261e+02
20251214_09:00:00   5.6744e-01   1.1988e+02   1.0110e+01   6.1280e-06   1.7512e-02   2.8051e+02
20251214_12:00:00   5.5421e-01   1.1808e+02   9.6600e+00   0.0000e+00   2.7065e-04   2.8291e+02
20251214_15:00:00   5.0592e-01   1.1060e+02   8.6970e+00   0.0000e+00   0.0000e+00   2.8437e+02
20251214_18:00:00   5.0896e-01   1.1132e+02   8.6221e+00   2.2457e-03   1.8310e-04   2.9182e+02
20251214_21:00:00   4.6370e-01   1.0399e+02   8.1817e+00   2.1755e-04   2.3886e-02   2.9530e+02
20251215_00:00:00   4.3722e-01   9.9014e+01   7.8352e+00   1.4236e-04   4.1542e-03   3.0028e+02
20251215_03:00:00   4.8582e-01   1.0639e+02   8.0658e+00   3.9869e-03   5.8168e-02   3.0487e+02
20251215_06:00:00   3.6216e-01   8.4278e+01   6.0763e+00   1.2308e-03   7.8842e-03   3.0130e+02
20251215_09:00:00   1.9516e-01   5.0576e+01   3.5267e+00   0.0000e+00   3.7705e-04   3.0994e+02
20251215_12:00:00   2.2064e-01   5.5586e+01   4.0784e+00   0.0000e+00   4.3400e-03   3.0547e+02
20251215_15:00:00   2.7064e-01   6.5505e+01   5.0688e+00   0.0000e+00   9.5784e-03   3.1075e+02
20251215_18:00:00   3.1200e-01   7.3714e+01   5.8415e+00   0.0000e+00   1.4520e-02   3.0811e+02
20251215_21:00:00   2.5331e-01   6.2291e+01   4.7723e+00   0.0000e+00   2.2239e-03   3.1539e+02
20251216_00:00:00   1.9676e-01   5.0986e+01   3.5105e+00   0.0000e+00   0.0000e+00   3.1992e+02
20251216_03:00:00   1.5421e-01   4.1833e+01   2.5882e+00   0.0000e+00   0.0000e+00   3.2362e+02
20251216_06:00:00   1.4197e-01   3.9198e+01   2.2979e+00   0.0000e+00   0.0000e+00   3.2446e+02
20251216_09:00:00   1.1884e-01   3.3763e+01   1.9694e+00   0.0000e+00   0.0000e+00   3.1786e+02
20251216_12:00:00   1.2632e-01   3.5397e+01   2.2205e+00   0.0000e+00   5.7580e-05   3.1162e+02
20251216_15:00:00   1.3558e-01   3.7453e+01   2.5314e+00   0.0000e+00   0.0000e+00   3.1020e+02
20251216_18:00:00   1.3410e-01   3.7410e+01   2.4634e+00   0.0000e+00   0.0000e+00   3.1019e+02
20251216_21:00:00   1.3666e-01   3.7969e+01   2.5097e+00   0.0000e+00   1.2680e-02   3.0534e+02
20251217_00:00:00   1.3782e-01   3.8093e+01   2.5786e+00   0.0000e+00   7.4106e-05   3.0898e+02
20251217_03:00:00   1.6527e-01   4.3971e+01   3.1199e+00   0.0000e+00   6.1436e-04   3.1054e+02
20251217_06:00:00   2.7070e-01   6.5494e+01   5.1712e+00   0.0000e+00   4.0582e-03   2.9640e+02
20251217_09:00:00   3.2948e-01   7.6966e+01   6.2418e+00   0.0000e+00   5.6022e-03   2.9049e+02
20251217_12:00:00   2.8925e-01   6.9484e+01   5.4999e+00   0.0000e+00   4.5395e-03   2.9095e+02
20251217_15:00:00   2.6909e-01   6.5260e+01   5.1430e+00   0.0000e+00   1.0015e-02   2.9630e+02
20251217_18:00:00   2.5728e-01   6.3043e+01   4.8887e+00   0.0000e+00   1.8446e-04   2.9936e+02
20251217_21:00:00   2.4993e-01   6.2071e+01   4.6972e+00   0.0000e+00   1.7345e-03   3.0678e+02
20251218_00:00:00   2.0925e-01   5.4287e+01   3.7130e+00   0.0000e+00   0.0000e+00   3.1107e+02
20251218_03:00:00   2.7432e-01   6.7258e+01   4.9281e+00   0.0000e+00   0.0000e+00   3.1319e+02
20251218_06:00:00   2.8910e-01   7.0358e+01   5.0124e+00   0.0000e+00   0.0000e+00   3.1538e+02
20251218_09:00:00   2.3585e-01   5.9962e+01   3.8275e+00   0.0000e+00   0.0000e+00   3.1013e+02
20251218_12:00:00   2.1466e-01   5.5505e+01   3.3829e+00   0.0000e+00   0.0000e+00   3.1086e+02
20251218_15:00:00   2.2903e-01   5.8308e+01   3.6792e+00   0.0000e+00   1.4412e-08   3.1283e+02
20251218_18:00:00   2.2328e-01   5.7311e+01   3.7243e+00   0.0000e+00   0.0000e+00   3.0676e+02
20251218_21:00:00   1.9515e-01   5.1623e+01   3.3639e+00   0.0000e+00   0.0000e+00   2.9949e+02
20251219_00:00:00   1.9398e-01   5.1554e+01   3.3767e+00   0.0000e+00   0.0000e+00   2.9756e+02
20251219_03:00:00   1.7399e-01   4.7285e+01   3.0021e+00   0.0000e+00   0.0000e+00   2.9392e+02
20251219_06:00:00   1.6588e-01   4.5591e+01   2.8316e+00   0.0000e+00   0.0000e+00   2.8895e+02
20251219_09:00:00   1.5596e-01   4.3331e+01   2.6160e+00   0.0000e+00   0.0000e+00   2.8315e+02
20251219_12:00:00   1.2531e-01   3.6310e+01   2.1012e+00   0.0000e+00   0.0000e+00   2.7826e+02
20251219_15:00:00   1.3001e-01   3.7340e+01   2.1594e+00   0.0000e+00   0.0000e+00   2.7940e+02
20251219_18:00:00   1.2492e-01   3.6161e+01   2.2051e+00   0.0000e+00   1.2072e-04   2.8012e+02
