#            date       tau255        Tb[K]      pwv[mm] lwp[kg*m^-2] iwp[kg*m^-2]       o3[DU]
20251207_00:00:00   5.1492e-01   1.1232e+02   9.2742e+00   0.0000e+00   1.1800e-06   2.9345e+02
20251207_01:00:00   4.6333e-01   1.0408e+02   8.0919e+00   0.0000e+00   4.9337e-06   2.9036e+02
20251207_02:00:00   4.1693e-01   9.5933e+01   7.1629e+00   0.0000e+00   0.0000e+00   2.9031e+02
20251207_03:00:00   3.2898e-01   7.9897e+01   5.6249e+00   0.0000e+00   0.0000e+00   2.8977e+02
20251207_04:00:00   3.1371e-01   7.6672e+01   5.3520e+00   1.1074e-05   1.2080e-05   2.9246e+02
20251207_05:00:00   2.9680e-01   7.3208e+01   5.0954e+00   7.0460e-06   2.0136e-06   2.9179e+02
20251207_06:00:00   2.8787e-01   7.1326e+01   4.9347e+00   0.0000e+00   8.9903e-07   2.9088e+02
20251207_07:00:00   3.0784e-01   7.5118e+01   5.2289e+00   7.2780e-06   1.2666e-06   2.9087e+02
20251207_08:00:00   2.9683e-01   7.2857e+01   5.0381e+00   0.0000e+00   5.6771e-07   2.9388e+02
20251207_09:00:00   2.9427e-01   7.2366e+01   4.8932e+00   3.6020e-08   5.7640e-08   2.9782e+02
20251207_10:00:00   2.9906e-01   7.3261e+01   4.8999e+00   0.0000e+00   0.0000e+00   2.9755e+02
20251207_11:00:00   2.8898e-01   7.1255e+01   4.7136e+00   0.0000e+00   0.0000e+00   2.9483e+02
20251207_12:00:00   2.6622e-01   6.6660e+01   4.3679e+00   0.0000e+00   0.0000e+00   2.9608e+02
20251207_13:00:00   2.5354e-01   6.4025e+01   4.1864e+00   0.0000e+00   0.0000e+00   2.9489e+02
20251207_14:00:00   2.5230e-01   6.3701e+01   4.2032e+00   0.0000e+00   0.0000e+00   2.9508e+02
20251207_15:00:00   2.5386e-01   6.3980e+01   4.2745e+00   0.0000e+00   1.0350e-08   2.9571e+02
20251207_16:00:00   2.4670e-01   6.2520e+01   4.2252e+00   0.0000e+00   0.0000e+00   2.9486e+02
20251207_17:00:00   2.4529e-01   6.2292e+01   4.2712e+00   0.0000e+00   0.0000e+00   2.9203e+02
20251207_18:00:00   2.6886e-01   6.7131e+01   4.7592e+00   0.0000e+00   0.0000e+00   2.8827e+02
20251207_19:00:00   2.9490e-01   7.2331e+01   5.2957e+00   0.0000e+00   0.0000e+00   2.8913e+02
20251207_20:00:00   3.1737e-01   7.6795e+01   5.7443e+00   0.0000e+00   0.0000e+00   2.9375e+02
20251207_21:00:00   3.2123e-01   7.7641e+01   5.8434e+00   0.0000e+00   0.0000e+00   2.8968e+02
20251207_22:00:00   3.2618e-01   7.8591e+01   5.9874e+00   0.0000e+00   0.0000e+00   2.8605e+02
20251207_23:00:00   3.1937e-01   7.7276e+01   5.8933e+00   0.0000e+00   0.0000e+00   2.8620e+02
20251208_00:00:00   3.0968e-01   7.5301e+01   5.7868e+00   0.0000e+00   0.0000e+00   2.8621e+02
20251208_01:00:00   2.9217e-01   7.1863e+01   5.5027e+00   0.0000e+00   0.0000e+00   2.8796e+02
20251208_02:00:00   2.7383e-01   6.8268e+01   5.1491e+00   0.0000e+00   0.0000e+00   2.8878e+02
20251208_03:00:00   2.6832e-01   6.7084e+01   5.0571e+00   0.0000e+00   0.0000e+00   2.8858e+02
20251208_04:00:00   2.6664e-01   6.6662e+01   5.0385e+00   0.0000e+00   0.0000e+00   2.9311e+02
20251208_05:00:00   2.6727e-01   6.6682e+01   5.0815e+00   0.0000e+00   0.0000e+00   2.9527e+02
20251208_06:00:00   2.7112e-01   6.7384e+01   5.1764e+00   0.0000e+00   0.0000e+00   2.9603e+02
20251208_07:00:00   2.7622e-01   6.8363e+01   5.2841e+00   0.0000e+00   0.0000e+00   2.9538e+02
20251208_08:00:00   2.7986e-01   6.9053e+01   5.3638e+00   0.0000e+00   0.0000e+00   2.9474e+02
20251208_09:00:00   2.8044e-01   6.9172e+01   5.3551e+00   0.0000e+00   1.2409e-06   2.9614e+02
20251208_10:00:00   2.8152e-01   6.9393e+01   5.3648e+00   0.0000e+00   9.1800e-05   2.9620e+02
20251208_11:00:00   2.8259e-01   6.9586e+01   5.3857e+00   0.0000e+00   1.0398e-04   2.9722e+02
20251208_12:00:00   2.8718e-01   7.0484e+01   5.4567e+00   0.0000e+00   2.2702e-04   3.0078e+02
20251208_13:00:00   2.9514e-01   7.2037e+01   5.5799e+00   0.0000e+00   2.4959e-04   3.0237e+02
20251208_14:00:00   2.9373e-01   7.1770e+01   5.5338e+00   0.0000e+00   1.6825e-03   2.9857e+02
20251208_15:00:00   2.8874e-01   7.0864e+01   5.4044e+00   0.0000e+00   3.5654e-03   2.9864e+02
20251208_16:00:00   2.9344e-01   7.1861e+01   5.4512e+00   0.0000e+00   4.1286e-03   3.0302e+02
20251208_17:00:00   3.4043e-01   8.0750e+01   6.3740e+00   0.0000e+00   3.0223e-03   3.0580e+02
20251208_18:00:00   4.0297e-01   9.2251e+01   7.5218e+00   0.0000e+00   1.4806e-04   3.0925e+02
20251208_19:00:00   4.0470e-01   9.2915e+01   7.4699e+00   0.0000e+00   0.0000e+00   3.1219e+02
20251208_20:00:00   3.8939e-01   9.0464e+01   7.1134e+00   0.0000e+00   0.0000e+00   3.1356e+02
20251208_21:00:00   3.5631e-01   8.4801e+01   6.4085e+00   0.0000e+00   0.0000e+00   3.1149e+02
20251208_22:00:00   3.1866e-01   7.7979e+01   5.6321e+00   0.0000e+00   0.0000e+00   3.0624e+02
20251208_23:00:00   2.8151e-01   7.0854e+01   4.8777e+00   0.0000e+00   0.0000e+00   2.9936e+02
20251209_00:00:00   2.5361e-01   6.5241e+01   4.3062e+00   0.0000e+00   0.0000e+00   2.9542e+02
20251209_01:00:00   2.4366e-01   6.3070e+01   4.1295e+00   0.0000e+00   0.0000e+00   2.9567e+02
20251209_02:00:00   2.3841e-01   6.1926e+01   4.0369e+00   0.0000e+00   0.0000e+00   2.9809e+02
20251209_03:00:00   2.4176e-01   6.2468e+01   4.1610e+00   0.0000e+00   0.0000e+00   2.9365e+02
20251209_04:00:00   2.5880e-01   6.5833e+01   4.5299e+00   0.0000e+00   0.0000e+00   2.9388e+02
20251209_05:00:00   2.6162e-01   6.6317e+01   4.6456e+00   0.0000e+00   0.0000e+00   2.9652e+02
20251209_06:00:00   2.6717e-01   6.7403e+01   4.8449e+00   0.0000e+00   0.0000e+00   3.0441e+02
20251209_07:00:00   2.7870e-01   6.9728e+01   5.0963e+00   0.0000e+00   0.0000e+00   3.0466e+02
20251209_08:00:00   2.7135e-01   6.8276e+01   4.9813e+00   0.0000e+00   0.0000e+00   2.9890e+02
20251209_09:00:00   2.7142e-01   6.8310e+01   5.0168e+00   0.0000e+00   0.0000e+00   2.9568e+02
20251209_10:00:00   2.7636e-01   6.9285e+01   5.1331e+00   0.0000e+00   0.0000e+00   2.9610e+02
20251209_11:00:00   2.8173e-01   7.0381e+01   5.2393e+00   0.0000e+00   0.0000e+00   2.9524e+02
20251209_12:00:00   2.8269e-01   7.0614e+01   5.2751e+00   0.0000e+00   1.6126e-07   2.9346e+02
20251209_13:00:00   2.8659e-01   7.1430e+01   5.3669e+00   0.0000e+00   0.0000e+00   2.8998e+02
20251209_14:00:00   2.9290e-01   7.2748e+01   5.5234e+00   0.0000e+00   1.8014e-08   2.8565e+02
20251209_15:00:00   3.0526e-01   7.5169e+01   5.7838e+00   0.0000e+00   1.0066e-06   2.8535e+02
20251209_16:00:00   3.1555e-01   7.7273e+01   6.0249e+00   0.0000e+00   2.0140e-06   2.8551e+02
20251209_17:00:00   3.2576e-01   7.9285e+01   6.2979e+00   0.0000e+00   9.8703e-05   2.8719e+02
20251209_18:00:00   3.5044e-01   8.4068e+01   6.7842e+00   0.0000e+00   1.3681e-03   2.9260e+02
20251209_19:00:00   3.7338e-01   8.8478e+01   7.2705e+00   0.0000e+00   9.9063e-04   2.9780e+02
20251209_20:00:00   3.9446e-01   9.2473e+01   7.7468e+00   0.0000e+00   3.1404e-03   2.9985e+02
20251209_21:00:00   3.9607e-01   9.2912e+01   7.7965e+00   0.0000e+00   3.9875e-03   3.0007e+02
20251209_22:00:00   3.8849e-01   9.1607e+01   7.6547e+00   0.0000e+00   4.6859e-03   2.9960e+02
20251209_23:00:00   3.8618e-01   9.1197e+01   7.6341e+00   0.0000e+00   3.7478e-03   2.9959e+02
20251210_00:00:00   3.9216e-01   9.2301e+01   7.7711e+00   0.0000e+00   3.8414e-03   3.0059e+02
20251210_01:00:00   3.9963e-01   9.3710e+01   7.8846e+00   0.0000e+00   1.1792e-03   3.0037e+02
20251210_02:00:00   4.0759e-01   9.5161e+01   8.0207e+00   0.0000e+00   1.0066e-06   3.0033e+02
20251210_03:00:00   4.1456e-01   9.6510e+01   8.1263e+00   0.0000e+00   0.0000e+00   3.0106e+02
20251210_04:00:00   4.1528e-01   9.6600e+01   8.1346e+00   0.0000e+00   7.1720e-06   3.0054e+02
20251210_05:00:00   4.2134e-01   9.7706e+01   8.2390e+00   0.0000e+00   6.4930e-04   3.0140e+02
20251210_06:00:00   4.2905e-01   9.9146e+01   8.2922e+00   0.0000e+00   2.4886e-03   3.0128e+02
20251210_07:00:00   4.3715e-01   1.0068e+02   8.3823e+00   0.0000e+00   1.5485e-03   3.0407e+02
20251210_08:00:00   4.3246e-01   1.0002e+02   8.3043e+00   0.0000e+00   1.6968e-04   3.0466e+02
20251210_09:00:00   4.5018e-01   1.0288e+02   8.6828e+00   0.0000e+00   2.1075e-03   3.0628e+02
20251210_10:00:00   4.7657e-01   1.0707e+02   9.2283e+00   0.0000e+00   3.0773e-03   3.0848e+02
20251210_11:00:00   4.9634e-01   1.1014e+02   9.6227e+00   0.0000e+00   5.5600e-04   3.0512e+02
20251210_12:00:00   5.0584e-01   1.1165e+02   9.8279e+00   0.0000e+00   7.9740e-04   3.0347e+02
20251210_13:00:00   4.7230e-01   1.0624e+02   9.1123e+00   0.0000e+00   1.9080e-04   3.0223e+02
20251210_14:00:00   4.6042e-01   1.0428e+02   8.8358e+00   0.0000e+00   3.7698e-05   2.9756e+02
20251210_15:00:00   4.5736e-01   1.0379e+02   8.7183e+00   0.0000e+00   6.0462e-05   2.9428e+02
20251210_16:00:00   4.6218e-01   1.0470e+02   8.8112e+00   0.0000e+00   2.1240e-04   2.9180e+02
20251210_17:00:00   4.6824e-01   1.0580e+02   8.9258e+00   0.0000e+00   4.0260e-06   2.8984e+02
20251210_18:00:00   4.6585e-01   1.0556e+02   8.8287e+00   0.0000e+00   2.2298e-03   2.8857e+02
20251210_19:00:00   4.7779e-01   1.0769e+02   9.0317e+00   0.0000e+00   0.0000e+00   2.8615e+02
20251210_20:00:00   4.7143e-01   1.0684e+02   8.9987e+00   0.0000e+00   2.0331e-03   2.8112e+02
20251210_21:00:00   4.8940e-01   1.0984e+02   9.3963e+00   0.0000e+00   8.1439e-03   2.7827e+02
20251210_22:00:00   4.9787e-01   1.1131e+02   9.5502e+00   0.0000e+00   9.9960e-04   2.7665e+02
20251210_23:00:00   5.1092e-01   1.1343e+02   9.7934e+00   0.0000e+00   1.5198e-04   2.7919e+02
20251211_00:00:00   4.9735e-01   1.1130e+02   9.4926e+00   0.0000e+00   8.3220e-03   2.8294e+02
20251211_01:00:00   5.0879e-01   1.1295e+02   9.7535e+00   0.0000e+00   1.3168e-02   2.8479e+02
20251211_02:00:00   5.0226e-01   1.1192e+02   9.7397e+00   0.0000e+00   2.3663e-03   2.8538e+02
20251211_03:00:00   4.9372e-01   1.1061e+02   9.5520e+00   0.0000e+00   1.0066e-06   2.8507e+02
20251211_04:00:00   4.8753e-01   1.0955e+02   9.4336e+00   0.0000e+00   2.4020e-03   2.8512e+02
20251211_05:00:00   4.9866e-01   1.1131e+02   9.6170e+00   0.0000e+00   1.6697e-03   2.8381e+02
20251211_06:00:00   5.0560e-01   1.1240e+02   9.7375e+00   0.0000e+00   1.2980e-05   2.8401e+02
20251211_07:00:00   5.4857e-01   1.1921e+02   1.0516e+01   0.0000e+00   0.0000e+00   2.8221e+02
20251211_08:00:00   5.3176e-01   1.1670e+02   1.0094e+01   0.0000e+00   0.0000e+00   2.8103e+02
20251211_09:00:00   5.3268e-01   1.1674e+02   1.0097e+01   0.0000e+00   4.1861e-05   2.8033e+02
20251211_10:00:00   5.2981e-01   1.1630e+02   1.0024e+01   0.0000e+00   1.4660e-05   2.7914e+02
20251211_11:00:00   5.2908e-01   1.1623e+02   1.0015e+01   0.0000e+00   6.7910e-05   2.7858e+02
20251211_12:00:00   5.1773e-01   1.1447e+02   9.7805e+00   0.0000e+00   7.2890e-05   2.7693e+02
20251211_13:00:00   5.0089e-01   1.1171e+02   9.4502e+00   0.0000e+00   0.0000e+00   2.7501e+02
20251211_14:00:00   4.8028e-01   1.0835e+02   9.0619e+00   0.0000e+00   0.0000e+00   2.7367e+02
20251211_15:00:00   4.5017e-01   1.0332e+02   8.4533e+00   0.0000e+00   0.0000e+00   2.7225e+02
20251211_16:00:00   4.3465e-01   1.0054e+02   8.0815e+00   0.0000e+00   1.8022e-05   2.7541e+02
20251211_17:00:00   4.4345e-01   1.0206e+02   8.2719e+00   0.0000e+00   9.0922e-05   2.7959e+02
20251211_18:00:00   4.5317e-01   1.0392e+02   8.4302e+00   0.0000e+00   2.3700e-04   2.8217e+02
20251211_19:00:00   4.8859e-01   1.0995e+02   9.1267e+00   0.0000e+00   1.1026e-04   2.8088e+02
20251211_20:00:00   5.1888e-01   1.1485e+02   9.6930e+00   0.0000e+00   7.2680e-04   2.7873e+02
20251211_21:00:00   5.1845e-01   1.1493e+02   9.7320e+00   0.0000e+00   2.7547e-04   2.7925e+02
20251211_22:00:00   4.9891e-01   1.1198e+02   9.3472e+00   0.0000e+00   3.4500e-06   2.8244e+02
20251211_23:00:00   5.0519e-01   1.1296e+02   9.4408e+00   0.0000e+00   2.1940e-06   2.8180e+02
20251212_00:00:00   4.8847e-01   1.1019e+02   9.0942e+00   0.0000e+00   0.0000e+00   2.8313e+02
20251212_03:00:00   4.4711e-01   1.0294e+02   8.2633e+00   0.0000e+00   0.0000e+00   2.8357e+02
20251212_06:00:00   3.7158e-01   8.9580e+01   6.5667e+00   0.0000e+00   0.0000e+00   2.8164e+02
20251212_09:00:00   3.4920e-01   8.5100e+01   6.2103e+00   0.0000e+00   0.0000e+00   2.7879e+02
20251212_12:00:00   3.5359e-01   8.5672e+01   6.3983e+00   0.0000e+00   2.4880e-04   2.7546e+02
20251212_15:00:00   3.8140e-01   9.0569e+01   7.0302e+00   0.0000e+00   1.8344e-05   2.7884e+02
20251212_18:00:00   3.6663e-01   8.8100e+01   6.8018e+00   0.0000e+00   0.0000e+00   2.8476e+02
20251212_21:00:00   4.0189e-01   9.5011e+01   7.4541e+00   0.0000e+00   0.0000e+00   2.7973e+02
20251213_00:00:00   3.7309e-01   8.9757e+01   6.7663e+00   0.0000e+00   0.0000e+00   2.8386e+02
20251213_03:00:00   3.8772e-01   9.2088e+01   6.9964e+00   0.0000e+00   0.0000e+00   2.8609e+02
20251213_06:00:00   3.7698e-01   8.9735e+01   6.6301e+00   0.0000e+00   0.0000e+00   2.8105e+02
20251213_09:00:00   3.5199e-01   8.4911e+01   6.1208e+00   0.0000e+00   0.0000e+00   2.7810e+02
20251213_12:00:00   3.4276e-01   8.2894e+01   6.0130e+00   0.0000e+00   0.0000e+00   2.7487e+02
20251213_15:00:00   3.5568e-01   8.5212e+01   6.3650e+00   0.0000e+00   0.0000e+00   2.7001e+02
20251213_18:00:00   3.4504e-01   8.3491e+01   6.2949e+00   0.0000e+00   0.0000e+00   2.7302e+02
20251213_21:00:00   3.9401e-01   9.3155e+01   7.2883e+00   0.0000e+00   0.0000e+00   2.7159e+02
20251214_00:00:00   3.8330e-01   9.1244e+01   7.2141e+00   0.0000e+00   0.0000e+00   2.6951e+02
20251214_03:00:00   2.8822e-01   7.2817e+01   5.3985e+00   0.0000e+00   0.0000e+00   2.6413e+02
20251214_06:00:00   2.6190e-01   6.7266e+01   4.8500e+00   0.0000e+00   0.0000e+00   2.6081e+02
20251214_09:00:00   2.4808e-01   6.4155e+01   4.6064e+00   0.0000e+00   0.0000e+00   2.6165e+02
20251214_12:00:00   2.4328e-01   6.3008e+01   4.4977e+00   0.0000e+00   0.0000e+00   2.6115e+02
20251214_15:00:00   2.3522e-01   6.1457e+01   4.2969e+00   0.0000e+00   0.0000e+00   2.5561e+02
20251214_18:00:00   1.8218e-01   5.0378e+01   3.1901e+00   0.0000e+00   0.0000e+00   2.5686e+02
20251214_21:00:00   2.0373e-01   5.5553e+01   3.6034e+00   0.0000e+00   0.0000e+00   2.5344e+02
20251215_00:00:00   2.3480e-01   6.2282e+01   4.2317e+00   0.0000e+00   0.0000e+00   2.5569e+02
20251215_03:00:00   2.1873e-01   5.8651e+01   3.8834e+00   0.0000e+00   0.0000e+00   2.5574e+02
20251215_06:00:00   2.0408e-01   5.5218e+01   3.6129e+00   0.0000e+00   0.0000e+00   2.5457e+02
20251215_09:00:00   2.0709e-01   5.5513e+01   3.7119e+00   0.0000e+00   3.0700e-04   2.5268e+02
20251215_12:00:00   2.0267e-01   5.4374e+01   3.6603e+00   0.0000e+00   3.0720e-04   2.5337e+02
20251215_15:00:00   2.3348e-01   6.0805e+01   4.2973e+00   0.0000e+00   5.4362e-04   2.5139e+02
20251215_18:00:00   2.7548e-01   6.9491e+01   5.0951e+00   0.0000e+00   4.4018e-04   2.5359e+02
20251215_21:00:00   2.7953e-01   7.0236e+01   5.3217e+00   0.0000e+00   1.1648e-02   2.5591e+02
20251216_00:00:00   2.8932e-01   7.2080e+01   5.5507e+00   0.0000e+00   5.6438e-03   2.6047e+02
20251216_03:00:00   3.0601e-01   7.5004e+01   5.9477e+00   0.0000e+00   3.3859e-02   2.6524e+02
20251216_06:00:00   3.1315e-01   7.6358e+01   6.1376e+00   0.0000e+00   2.0297e-02   2.6842e+02
20251216_09:00:00   3.1023e-01   7.5803e+01   6.0727e+00   0.0000e+00   2.9013e-02   2.7131e+02
20251216_12:00:00   3.1506e-01   7.6489e+01   6.2055e+00   0.0000e+00   1.0520e-02   2.7211e+02
20251216_15:00:00   3.2975e-01   7.9250e+01   6.5388e+00   0.0000e+00   1.8983e-03   2.7217e+02
20251216_18:00:00   3.0754e-01   7.5213e+01   6.0994e+00   0.0000e+00   7.3967e-04   2.7810e+02
20251216_21:00:00   3.6926e-01   8.7388e+01   7.2922e+00   0.0000e+00   6.6286e-05   2.7964e+02
20251217_00:00:00   3.8726e-01   9.0724e+01   7.6506e+00   0.0000e+00   1.3447e-03   2.7741e+02
20251217_03:00:00   3.5149e-01   8.4098e+01   6.9410e+00   0.0000e+00   2.1290e-03   2.7742e+02
20251217_06:00:00   3.2957e-01   7.9730e+01   6.5127e+00   0.0000e+00   2.5218e-04   2.7952e+02
20251217_09:00:00   3.1201e-01   7.6075e+01   6.1978e+00   0.0000e+00   5.4616e-04   2.8196e+02
20251217_12:00:00   2.9081e-01   7.1835e+01   5.7733e+00   0.0000e+00   5.9241e-05   2.8046e+02
20251217_15:00:00   2.9390e-01   7.2444e+01   5.8482e+00   0.0000e+00   0.0000e+00   2.7983e+02
20251217_18:00:00   3.0135e-01   7.4330e+01   5.9465e+00   0.0000e+00   0.0000e+00   2.7935e+02
20251217_21:00:00   3.2153e-01   7.8902e+01   6.2387e+00   0.0000e+00   1.9384e-05   2.9478e+02
20251218_00:00:00   3.1769e-01   7.8339e+01   6.1472e+00   0.0000e+00   1.0066e-06   2.9482e+02
20251218_03:00:00   3.0406e-01   7.5588e+01   5.8452e+00   0.0000e+00   1.4402e-03   2.9422e+02
20251218_06:00:00   2.9455e-01   7.3595e+01   5.5902e+00   0.0000e+00   3.2260e-07   2.7915e+02
20251218_09:00:00   3.4893e-01   8.3447e+01   6.9085e+00   0.0000e+00   2.0455e-04   2.7561e+02
20251218_12:00:00   4.3853e-01   9.9420e+01   8.7981e+00   0.0000e+00   1.5434e-03   2.7897e+02
20251218_15:00:00   4.9315e-01   1.0878e+02   9.9357e+00   0.0000e+00   1.1221e-03   2.7730e+02
20251218_18:00:00   4.4277e-01   1.0114e+02   8.6580e+00   0.0000e+00   1.0778e-03   2.7965e+02
20251218_21:00:00   3.9265e-01   9.3045e+01   7.6199e+00   0.0000e+00   2.0359e-05   2.7417e+02
20251219_00:00:00   3.8778e-01   9.2122e+01   7.6479e+00   0.0000e+00   2.3806e-03   2.6481e+02
20251219_03:00:00   3.9449e-01   9.2861e+01   7.9090e+00   0.0000e+00   5.9777e-04   2.6025e+02
20251219_06:00:00   4.0673e-01   9.5087e+01   8.0940e+00   0.0000e+00   2.9339e-03   2.6580e+02
20251219_09:00:00   4.3423e-01   9.9799e+01   8.6226e+00   0.0000e+00   2.0355e-03   2.6484e+02
20251219_12:00:00   4.5707e-01   1.0372e+02   9.0823e+00   0.0000e+00   4.2800e-04   2.6759e+02
20251219_15:00:00   4.6888e-01   1.0597e+02   9.1537e+00   0.0000e+00   2.8680e-04   2.6773e+02
20251219_18:00:00   5.4207e-01   1.1845e+02   1.0486e+01   0.0000e+00   0.0000e+00   2.6759e+02
20251219_21:00:00   5.4819e-01   1.1995e+02   1.0540e+01   0.0000e+00   1.0287e-03   2.7018e+02
20251220_00:00:00   5.2998e-01   1.1701e+02   1.0125e+01   0.0000e+00   4.3260e-04   2.6964e+02
20251220_03:00:00   4.5059e-01   1.0339e+02   8.4245e+00   0.0000e+00   7.2383e-04   2.6859e+02
20251220_06:00:00   4.4815e-01   1.0272e+02   8.4131e+00   0.0000e+00   2.7663e-03   2.6249e+02
20251220_09:00:00   4.6675e-01   1.0555e+02   8.7715e+00   0.0000e+00   1.5036e-03   2.6094e+02
20251220_12:00:00   4.4889e-01   1.0241e+02   8.5304e+00   0.0000e+00   2.2007e-03   2.6018e+02
20251220_15:00:00   4.3010e-01   9.9056e+01   8.2295e+00   0.0000e+00   1.6732e-04   2.5801e+02
20251220_18:00:00   4.2727e-01   9.8837e+01   8.2387e+00   0.0000e+00   3.3130e-03   2.5951e+02
20251220_21:00:00   4.2476e-01   9.8713e+01   8.2571e+00   0.0000e+00   9.2265e-04   2.5556e+02
20251221_00:00:00   5.0235e-01   1.1197e+02   9.7861e+00   0.0000e+00   5.5876e-03   2.5308e+02
20251221_03:00:00   4.5432e-01   1.0397e+02   8.6967e+00   0.0000e+00   6.3435e-02   2.5477e+02
20251221_06:00:00   4.4085e-01   1.0166e+02   8.3721e+00   0.0000e+00   2.7024e-02   2.5533e+02
20251221_09:00:00   4.6785e-01   1.0577e+02   8.9765e+00   0.0000e+00   3.6988e-02   2.5548e+02
20251221_12:00:00   4.7410e-01   1.0662e+02   9.0925e+00   0.0000e+00   7.2420e-05   2.5806e+02
20251221_15:00:00   5.4162e-01   1.1732e+02   1.0425e+01   0.0000e+00   8.0763e-05   2.7729e+02
20251221_18:00:00   5.7361e-01   1.2238e+02   1.1157e+01   0.0000e+00   3.5864e-04   2.7231e+02
20251221_21:00:00   4.3021e-01   9.9690e+01   8.4155e+00   0.0000e+00   1.6404e-02   2.7216e+02
20251222_00:00:00   4.0488e-01   9.5605e+01   7.6723e+00   0.0000e+00   9.8723e-04   2.6745e+02
20251222_03:00:00   3.7795e-01   9.0596e+01   7.0648e+00   0.0000e+00   1.3396e-03   2.6442e+02
20251222_06:00:00   3.9566e-01   9.3602e+01   7.3262e+00   0.0000e+00   1.7528e-03   2.6344e+02
20251222_09:00:00   4.2115e-01   9.7959e+01   7.7526e+00   0.0000e+00   2.1580e-04   2.7123e+02
20251222_12:00:00   3.9504e-01   9.3306e+01   7.2352e+00   0.0000e+00   4.0980e-06   2.8020e+02
20251222_15:00:00   3.6422e-01   8.7575e+01   6.6135e+00   0.0000e+00   4.0260e-06   2.8107e+02
20251222_18:00:00   4.0364e-01   9.4575e+01   7.6664e+00   0.0000e+00   2.6648e-03   2.6937e+02
20251222_21:00:00   4.3900e-01   1.0086e+02   8.5647e+00   0.0000e+00   2.9860e-03   2.5870e+02
20251223_00:00:00   4.8833e-01   1.0907e+02   9.4449e+00   0.0000e+00   5.7924e-04   2.5562e+02
