#            date       tau255        Tb[K]      pwv[mm] lwp[kg*m^-2] iwp[kg*m^-2]       o3[DU]
20251201_12:00:00   2.8244e-01   6.9445e+01   4.6191e+00   1.9589e-03   4.4443e-03   3.6954e+02
20251201_13:00:00   2.6694e-01   6.6436e+01   4.2440e+00   2.1020e-03   4.7309e-04   3.7010e+02
20251201_14:00:00   2.7401e-01   6.7740e+01   4.3957e+00   1.6126e-07   3.8482e-04   3.7963e+02
20251201_15:00:00   2.2613e-01   5.7955e+01   3.6441e+00   0.0000e+00   6.7613e-07   3.8136e+02
20251201_16:00:00   2.5834e-01   6.4482e+01   4.2599e+00   0.0000e+00   0.0000e+00   3.7719e+02
20251201_17:00:00   2.6072e-01   6.5247e+01   4.1897e+00   0.0000e+00   0.0000e+00   3.7090e+02
20251201_18:00:00   2.5966e-01   6.5052e+01   4.2464e+00   0.0000e+00   0.0000e+00   3.6558e+02
20251201_19:00:00   2.7264e-01   6.7620e+01   4.5884e+00   0.0000e+00   0.0000e+00   3.6270e+02
20251201_20:00:00   2.8041e-01   6.9172e+01   4.7811e+00   0.0000e+00   0.0000e+00   3.5918e+02
20251201_21:00:00   2.7651e-01   6.8465e+01   4.7709e+00   0.0000e+00   0.0000e+00   3.5387e+02
20251201_22:00:00   2.6874e-01   6.6983e+01   4.6482e+00   0.0000e+00   0.0000e+00   3.4744e+02
20251201_23:00:00   2.6239e-01   6.5708e+01   4.5726e+00   0.0000e+00   0.0000e+00   3.4259e+02
20251202_00:00:00   2.4542e-01   6.2267e+01   4.2957e+00   0.0000e+00   0.0000e+00   3.4252e+02
20251202_01:00:00   2.3040e-01   5.9128e+01   4.0497e+00   0.0000e+00   0.0000e+00   3.4541e+02
20251202_02:00:00   2.2756e-01   5.8493e+01   4.0262e+00   0.0000e+00   0.0000e+00   3.4672e+02
20251202_03:00:00   2.2429e-01   5.7833e+01   3.9555e+00   0.0000e+00   0.0000e+00   3.4392e+02
20251202_04:00:00   2.1775e-01   5.6503e+01   3.8219e+00   0.0000e+00   0.0000e+00   3.4588e+02
20251202_05:00:00   2.1627e-01   5.6228e+01   3.7718e+00   0.0000e+00   0.0000e+00   3.4567e+02
20251202_06:00:00   2.1255e-01   5.5417e+01   3.7237e+00   0.0000e+00   0.0000e+00   3.4293e+02
20251202_07:00:00   2.0811e-01   5.4410e+01   3.6839e+00   0.0000e+00   0.0000e+00   3.4189e+02
20251202_08:00:00   2.0562e-01   5.3861e+01   3.6803e+00   0.0000e+00   0.0000e+00   3.4213e+02
20251202_09:00:00   2.0167e-01   5.2981e+01   3.6204e+00   0.0000e+00   0.0000e+00   3.4222e+02
20251202_10:00:00   1.9793e-01   5.2157e+01   3.5636e+00   0.0000e+00   0.0000e+00   3.4130e+02
20251202_11:00:00   1.9656e-01   5.1864e+01   3.5609e+00   0.0000e+00   0.0000e+00   3.4206e+02
20251202_12:00:00   1.9978e-01   5.2549e+01   3.6680e+00   0.0000e+00   0.0000e+00   3.4352e+02
20251202_13:00:00   2.0714e-01   5.4041e+01   3.8627e+00   0.0000e+00   6.2140e-05   3.4377e+02
20251202_14:00:00   2.0849e-01   5.4357e+01   3.9133e+00   0.0000e+00   1.0556e-05   3.4147e+02
20251202_15:00:00   2.0686e-01   5.4055e+01   3.9226e+00   0.0000e+00   1.6126e-07   3.4204e+02
20251202_16:00:00   2.0463e-01   5.3648e+01   3.9129e+00   0.0000e+00   0.0000e+00   3.4257e+02
20251202_17:00:00   2.1756e-01   5.6417e+01   4.1890e+00   0.0000e+00   0.0000e+00   3.4200e+02
20251202_18:00:00   2.3647e-01   6.0414e+01   4.5830e+00   0.0000e+00   0.0000e+00   3.4042e+02
20251202_19:00:00   2.6196e-01   6.5685e+01   5.1245e+00   0.0000e+00   0.0000e+00   3.3901e+02
20251202_20:00:00   2.6452e-01   6.6184e+01   5.1985e+00   0.0000e+00   0.0000e+00   3.3735e+02
20251202_21:00:00   2.7215e-01   6.7687e+01   5.3421e+00   0.0000e+00   0.0000e+00   3.3850e+02
20251202_22:00:00   2.6599e-01   6.6464e+01   5.2203e+00   0.0000e+00   0.0000e+00   3.3939e+02
20251202_23:00:00   2.7188e-01   6.7574e+01   5.3298e+00   0.0000e+00   0.0000e+00   3.4039e+02
20251203_00:00:00   2.7703e-01   6.8453e+01   5.4184e+00   0.0000e+00   0.0000e+00   3.3887e+02
20251203_01:00:00   2.8363e-01   6.9623e+01   5.5610e+00   0.0000e+00   0.0000e+00   3.4154e+02
20251203_02:00:00   3.4090e-01   8.0316e+01   6.6900e+00   0.0000e+00   0.0000e+00   3.4306e+02
20251203_03:00:00   3.1786e-01   7.5700e+01   6.2875e+00   0.0000e+00   2.8336e-03   3.4278e+02
20251203_04:00:00   3.0857e-01   7.4167e+01   5.9675e+00   0.0000e+00   5.3044e-03   3.4330e+02
20251203_05:00:00   2.9737e-01   7.2377e+01   5.5411e+00   0.0000e+00   2.0218e-03   3.4491e+02
20251203_06:00:00   2.8852e-01   7.0691e+01   5.3107e+00   0.0000e+00   1.0574e-03   3.4883e+02
20251203_07:00:00   3.0866e-01   7.4416e+01   5.6940e+00   0.0000e+00   5.5667e-05   3.5074e+02
20251203_08:00:00   3.2991e-01   7.8134e+01   6.1363e+00   0.0000e+00   3.1329e-02   3.5697e+02
20251203_09:00:00   3.4319e-01   8.0588e+01   6.3780e+00   0.0000e+00   2.0206e-02   3.5822e+02
20251203_10:00:00   3.6498e-01   8.4449e+01   6.8027e+00   0.0000e+00   1.1895e-02   3.5559e+02
20251203_11:00:00   3.7465e-01   8.6128e+01   6.9620e+00   0.0000e+00   5.3142e-03   3.5115e+02
20251203_12:00:00   3.8591e-01   8.8031e+01   7.1249e+00   0.0000e+00   3.3417e-03   3.5229e+02
20251203_13:00:00   3.8742e-01   8.8296e+01   7.1168e+00   0.0000e+00   1.1811e-02   3.5384e+02
20251203_14:00:00   3.9355e-01   8.9189e+01   7.2182e+00   0.0000e+00   6.9086e-03   3.4850e+02
20251203_15:00:00   3.9615e-01   8.9597e+01   7.1598e+00   0.0000e+00   9.9853e-03   3.4737e+02
20251203_16:00:00   3.9504e-01   8.9590e+01   7.0194e+00   0.0000e+00   2.6834e-03   3.4643e+02
20251203_17:00:00   3.9542e-01   8.9699e+01   6.9804e+00   1.8120e-05   3.7578e-03   3.4847e+02
20251203_18:00:00   3.8545e-01   8.8038e+01   6.7825e+00   3.6040e-05   1.4950e-02   3.5247e+02
20251203_19:00:00   3.9089e-01   8.9035e+01   6.8324e+00   2.0140e-06   3.8324e-02   3.5338e+02
20251203_20:00:00   3.9894e-01   9.0607e+01   6.9456e+00   3.4912e-05   1.4310e-02   3.5227e+02
20251203_21:00:00   4.2057e-01   9.4492e+01   7.2968e+00   1.7062e-05   9.3756e-03   3.5413e+02
20251203_22:00:00   4.3678e-01   9.7398e+01   7.5431e+00   3.6020e-07   9.5444e-03   3.5676e+02
20251203_23:00:00   4.3958e-01   9.7804e+01   7.5623e+00   0.0000e+00   7.4838e-02   3.5804e+02
20251204_00:00:00   4.6338e-01   1.0170e+02   7.8603e+00   0.0000e+00   1.1956e-01   3.5666e+02
20251204_01:00:00   4.7741e-01   1.0393e+02   7.9728e+00   3.0090e-06   2.6405e-01   3.6103e+02
20251204_02:00:00   4.9348e-01   1.0663e+02   8.0350e+00   2.9000e-03   5.8610e-02   3.6706e+02
20251204_03:00:00   4.6464e-01   1.0212e+02   7.4918e+00   3.7680e-03   2.0698e-02   3.6797e+02
20251204_04:00:00   4.6666e-01   1.0220e+02   7.6905e+00   1.5768e-04   4.4309e-02   3.6770e+02
20251204_05:00:00   6.0651e-01   1.2364e+02   7.8033e+00   5.4499e-02   1.0159e-01   3.6612e+02
20251204_06:00:00   6.0133e-01   1.2246e+02   7.7124e+00   5.5755e-02   1.0259e-01   3.6229e+02
20251204_07:00:00   4.6573e-01   1.0155e+02   7.1493e+00   1.0830e-02   6.8919e-02   3.6617e+02
20251204_08:00:00   5.0092e-01   1.0717e+02   6.8132e+00   3.5121e-02   5.0882e-02   3.7272e+02
20251204_09:00:00   4.6106e-01   1.0081e+02   6.3272e+00   2.9675e-02   1.9606e-02   3.7968e+02
20251204_10:00:00   4.3686e-01   9.6888e+01   5.9726e+00   2.7021e-02   7.5137e-03   3.8471e+02
20251204_11:00:00   3.8477e-01   8.7948e+01   5.7182e+00   1.0914e-02   1.3438e-03   3.8360e+02
20251204_12:00:00   3.6712e-01   8.4890e+01   5.3520e+00   1.1814e-02   1.6633e-03   3.7998e+02
20251204_13:00:00   3.2356e-01   7.6917e+01   4.9691e+00   2.5140e-03   9.5144e-04   3.7605e+02
20251204_14:00:00   3.0386e-01   7.3228e+01   4.7347e+00   9.0120e-05   4.0320e-04   3.6585e+02
20251204_15:00:00   2.8956e-01   7.0553e+01   4.5179e+00   0.0000e+00   5.2940e-05   3.4861e+02
20251204_16:00:00   2.7701e-01   6.8252e+01   4.3339e+00   0.0000e+00   3.0358e-05   3.4226e+02
20251204_17:00:00   2.8029e-01   6.9040e+01   4.3503e+00   6.1420e-04   1.6683e-04   3.4147e+02
20251204_18:00:00   2.8672e-01   7.0451e+01   4.4906e+00   1.4412e-07   9.8000e-05   3.3816e+02
20251204_19:00:00   3.0389e-01   7.3874e+01   4.8260e+00   2.1320e-04   2.0195e-04   3.3569e+02
20251204_20:00:00   3.0110e-01   7.3456e+01   4.8682e+00   4.3960e-06   7.5444e-05   3.3504e+02
20251204_21:00:00   3.0076e-01   7.3458e+01   4.9120e+00   0.0000e+00   3.1700e-07   3.3464e+02
20251204_22:00:00   2.9334e-01   7.2023e+01   4.8198e+00   0.0000e+00   0.0000e+00   3.3428e+02
20251204_23:00:00   2.7271e-01   6.7959e+01   4.5039e+00   0.0000e+00   0.0000e+00   3.3419e+02
20251205_00:00:00   2.4887e-01   6.3101e+01   4.1109e+00   0.0000e+00   0.0000e+00   3.3578e+02
20251205_01:00:00   2.3282e-01   5.9664e+01   3.8647e+00   0.0000e+00   1.8184e-05   3.3507e+02
20251205_02:00:00   2.3158e-01   5.9264e+01   3.8961e+00   0.0000e+00   0.0000e+00   3.2999e+02
20251205_03:00:00   2.2114e-01   5.6983e+01   3.7601e+00   0.0000e+00   0.0000e+00   3.1808e+02
20251205_04:00:00   2.2655e-01   5.7923e+01   3.9168e+00   0.0000e+00   1.0066e-06   3.1824e+02
20251205_05:00:00   2.4187e-01   6.0785e+01   4.2874e+00   0.0000e+00   1.2170e-04   3.1625e+02
20251205_06:00:00   2.3893e-01   6.0149e+01   4.2413e+00   0.0000e+00   1.0846e-04   3.1686e+02
20251205_07:00:00   2.3256e-01   5.8837e+01   4.1411e+00   0.0000e+00   0.0000e+00   3.1304e+02
20251205_08:00:00   2.2415e-01   5.7152e+01   3.9871e+00   0.0000e+00   0.0000e+00   3.1209e+02
20251205_09:00:00   2.1901e-01   5.6090e+01   3.8968e+00   0.0000e+00   0.0000e+00   3.1150e+02
20251205_10:00:00   2.2461e-01   5.7185e+01   4.0304e+00   0.0000e+00   0.0000e+00   3.0874e+02
20251205_11:00:00   2.3583e-01   5.9413e+01   4.2920e+00   0.0000e+00   1.0066e-06   3.0537e+02
20251205_12:00:00   2.5493e-01   6.3161e+01   4.7207e+00   0.0000e+00   1.4751e-03   3.0321e+02
20251205_13:00:00   2.7755e-01   6.7503e+01   5.2114e+00   0.0000e+00   1.4296e-02   3.0091e+02
20251205_14:00:00   3.0629e-01   7.2992e+01   5.7401e+00   0.0000e+00   1.2756e-01   3.0031e+02
20251205_15:00:00   3.2604e-01   7.6807e+01   6.1335e+00   0.0000e+00   7.2828e-02   3.0066e+02
20251205_16:00:00   3.3288e-01   7.8352e+01   6.2675e+00   0.0000e+00   6.8878e-03   3.0040e+02
20251205_17:00:00   3.2970e-01   7.8095e+01   6.1487e+00   0.0000e+00   7.6698e-04   2.9939e+02
20251205_18:00:00   3.3127e-01   7.8661e+01   6.1265e+00   0.0000e+00   1.6126e-07   2.9825e+02
20251205_19:00:00   3.2382e-01   7.7574e+01   5.9398e+00   0.0000e+00   0.0000e+00   2.9764e+02
20251205_20:00:00   3.3089e-01   7.8987e+01   6.0824e+00   0.0000e+00   0.0000e+00   2.9590e+02
20251205_21:00:00   3.3099e-01   7.9149e+01   6.0936e+00   0.0000e+00   0.0000e+00   2.9387e+02
20251205_22:00:00   3.3008e-01   7.9171e+01   6.0651e+00   0.0000e+00   0.0000e+00   2.9076e+02
20251205_23:00:00   3.3010e-01   7.9251e+01   6.0412e+00   0.0000e+00   0.0000e+00   2.8872e+02
20251206_00:00:00   3.2900e-01   7.9000e+01   6.0074e+00   0.0000e+00   0.0000e+00   2.8833e+02
20251206_01:00:00   3.3548e-01   8.0174e+01   6.1446e+00   0.0000e+00   0.0000e+00   2.8741e+02
20251206_02:00:00   3.3993e-01   8.1002e+01   6.2245e+00   0.0000e+00   0.0000e+00   2.8870e+02
20251206_03:00:00   3.4809e-01   8.2497e+01   6.4139e+00   0.0000e+00   0.0000e+00   2.8620e+02
20251206_04:00:00   3.6006e-01   8.4669e+01   6.6702e+00   0.0000e+00   0.0000e+00   2.8193e+02
20251206_05:00:00   3.6415e-01   8.5369e+01   6.7896e+00   0.0000e+00   7.8500e-05   2.7904e+02
20251206_06:00:00   3.6958e-01   8.6332e+01   6.9223e+00   0.0000e+00   0.0000e+00   2.7864e+02
20251206_07:00:00   3.8750e-01   8.9458e+01   7.2665e+00   0.0000e+00   0.0000e+00   2.7795e+02
20251206_08:00:00   3.9361e-01   9.0533e+01   7.3704e+00   0.0000e+00   0.0000e+00   2.7722e+02
20251206_09:00:00   3.9540e-01   9.0915e+01   7.3884e+00   0.0000e+00   0.0000e+00   2.7970e+02
20251206_10:00:00   4.0313e-01   9.2352e+01   7.5468e+00   0.0000e+00   0.0000e+00   2.7724e+02
20251206_11:00:00   3.9932e-01   9.1756e+01   7.4627e+00   0.0000e+00   0.0000e+00   2.7824e+02
20251206_12:00:00   3.7122e-01   8.6912e+01   6.9148e+00   0.0000e+00   0.0000e+00   2.7999e+02
20251206_15:00:00   3.7037e-01   8.6686e+01   6.8459e+00   0.0000e+00   1.1508e-06   2.8000e+02
20251206_18:00:00   3.8245e-01   8.9509e+01   7.1527e+00   0.0000e+00   0.0000e+00   2.8068e+02
20251206_21:00:00   3.5403e-01   8.4486e+01   6.7459e+00   0.0000e+00   0.0000e+00   2.8372e+02
20251207_00:00:00   3.4434e-01   8.2265e+01   6.5102e+00   0.0000e+00   0.0000e+00   2.9091e+02
20251207_03:00:00   3.4738e-01   8.2484e+01   6.4975e+00   0.0000e+00   0.0000e+00   2.9280e+02
20251207_06:00:00   3.9524e-01   9.0734e+01   7.2316e+00   0.0000e+00   0.0000e+00   2.9647e+02
20251207_09:00:00   3.4268e-01   8.1601e+01   5.9871e+00   0.0000e+00   0.0000e+00   3.0293e+02
20251207_12:00:00   3.5652e-01   8.3952e+01   6.1667e+00   0.0000e+00   8.5850e-05   2.8810e+02
20251207_15:00:00   2.7293e-01   6.8272e+01   4.5925e+00   0.0000e+00   0.0000e+00   2.8417e+02
20251207_18:00:00   2.6633e-01   6.7084e+01   4.6096e+00   0.0000e+00   0.0000e+00   2.8206e+02
20251207_21:00:00   3.0279e-01   7.4437e+01   5.5582e+00   0.0000e+00   0.0000e+00   2.9083e+02
20251208_00:00:00   2.8586e-01   7.1239e+01   5.3147e+00   0.0000e+00   0.0000e+00   2.8306e+02
20251208_03:00:00   2.4584e-01   6.2974e+01   4.5962e+00   0.0000e+00   0.0000e+00   2.7953e+02
20251208_06:00:00   2.4467e-01   6.2457e+01   4.6441e+00   0.0000e+00   0.0000e+00   2.8198e+02
20251208_09:00:00   1.9941e-01   5.2862e+01   3.7050e+00   0.0000e+00   0.0000e+00   2.8685e+02
20251208_12:00:00   2.3387e-01   6.0144e+01   4.4352e+00   0.0000e+00   1.7854e-03   2.8685e+02
20251208_15:00:00   2.8489e-01   7.0510e+01   5.4197e+00   0.0000e+00   3.0179e-05   2.8984e+02
20251208_18:00:00   3.3390e-01   7.9997e+01   6.3270e+00   0.0000e+00   2.0016e-03   2.9938e+02
20251208_21:00:00   3.2600e-01   7.9416e+01   5.8793e+00   0.0000e+00   0.0000e+00   3.0169e+02
20251209_00:00:00   2.9569e-01   7.3686e+01   5.1187e+00   0.0000e+00   0.0000e+00   3.0583e+02
20251209_03:00:00   2.8826e-01   7.1992e+01   4.9796e+00   0.0000e+00   0.0000e+00   3.1760e+02
20251209_06:00:00   2.2021e-01   5.7974e+01   3.6624e+00   0.0000e+00   0.0000e+00   3.1313e+02
20251209_09:00:00   2.1296e-01   5.6284e+01   3.5421e+00   0.0000e+00   0.0000e+00   2.9755e+02
20251209_12:00:00   1.8206e-01   4.9416e+01   3.0541e+00   0.0000e+00   0.0000e+00   2.9737e+02
20251209_15:00:00   1.6910e-01   4.6289e+01   2.9277e+00   0.0000e+00   2.0140e-06   2.9503e+02
20251209_18:00:00   2.5435e-01   6.4117e+01   5.0442e+00   0.0000e+00   1.5136e-05   2.9193e+02
20251209_21:00:00   4.0497e-01   9.2998e+01   8.2550e+00   0.0000e+00   5.3349e-03   2.8918e+02
20251210_00:00:00   3.6240e-01   8.5332e+01   7.4860e+00   0.0000e+00   1.5196e-02   2.8806e+02
20251210_03:00:00   3.6655e-01   8.5850e+01   7.5741e+00   0.0000e+00   1.6254e-03   2.9205e+02
20251210_06:00:00   4.1570e-01   9.5054e+01   8.4048e+00   0.0000e+00   4.5384e-03   3.0241e+02
20251210_09:00:00   3.5375e-01   8.4653e+01   6.8286e+00   0.0000e+00   0.0000e+00   2.9525e+02
20251210_12:00:00   3.2040e-01   7.8408e+01   6.1684e+00   0.0000e+00   2.0860e-06   2.8868e+02
20251210_15:00:00   3.5943e-01   8.5641e+01   7.0918e+00   0.0000e+00   4.9799e-04   2.8390e+02
20251210_18:00:00   4.0852e-01   9.4968e+01   8.0425e+00   0.0000e+00   1.1985e-04   2.8138e+02
20251210_21:00:00   4.4149e-01   1.0091e+02   8.6600e+00   0.0000e+00   2.4044e-04   2.7891e+02
20251211_00:00:00   4.4526e-01   1.0165e+02   8.7855e+00   0.0000e+00   6.9460e-04   2.7372e+02
20251211_03:00:00   4.3665e-01   1.0025e+02   8.5810e+00   0.0000e+00   4.6090e-03   2.7432e+02
20251211_06:00:00   4.4735e-01   1.0222e+02   8.7341e+00   0.0000e+00   6.1532e-03   2.7222e+02
20251211_09:00:00   4.6139e-01   1.0417e+02   9.1453e+00   0.0000e+00   2.7519e-03   2.7221e+02
20251211_12:00:00   4.3534e-01   9.9512e+01   8.5353e+00   0.0000e+00   1.0828e-03   2.6902e+02
20251211_15:00:00   4.3655e-01   9.9577e+01   8.4788e+00   0.0000e+00   4.1676e-03   2.7205e+02
20251211_18:00:00   4.6413e-01   1.0451e+02   9.0089e+00   0.0000e+00   5.2838e-03   2.7303e+02
20251211_21:00:00   4.7696e-01   1.0709e+02   9.2348e+00   0.0000e+00   3.4488e-03   2.7377e+02
20251212_00:00:00   4.6952e-01   1.0586e+02   9.1543e+00   0.0000e+00   1.0478e-02   2.7563e+02
20251212_03:00:00   5.2251e-01   1.1418e+02   1.0012e+01   0.0000e+00   2.9773e-03   2.7744e+02
20251212_06:00:00   5.6116e-01   1.1965e+02   1.0495e+01   0.0000e+00   1.6163e-04   2.7880e+02
20251212_09:00:00   5.6191e-01   1.1969e+02   1.0486e+01   0.0000e+00   7.4004e-04   2.8442e+02
20251212_12:00:00   5.5548e-01   1.1876e+02   1.0356e+01   0.0000e+00   0.0000e+00   2.8330e+02
20251212_15:00:00   5.4806e-01   1.1779e+02   1.0226e+01   0.0000e+00   0.0000e+00   2.8162e+02
20251212_18:00:00   5.4043e-01   1.1704e+02   1.0259e+01   0.0000e+00   0.0000e+00   2.8366e+02
20251212_21:00:00   5.4881e-01   1.1879e+02   1.0174e+01   0.0000e+00   0.0000e+00   2.8129e+02
20251213_00:00:00   5.1991e-01   1.1444e+02   9.7485e+00   0.0000e+00   0.0000e+00   2.7855e+02
20251213_03:00:00   4.8010e-01   1.0789e+02   9.0416e+00   0.0000e+00   0.0000e+00   2.7698e+02
20251213_06:00:00   4.3353e-01   9.9892e+01   8.1662e+00   0.0000e+00   0.0000e+00   2.7485e+02
20251213_09:00:00   4.0266e-01   9.4209e+01   7.5945e+00   0.0000e+00   0.0000e+00   2.7303e+02
20251213_12:00:00   3.8191e-01   9.0239e+01   7.2564e+00   0.0000e+00   0.0000e+00   2.7371e+02
20251213_15:00:00   3.7784e-01   8.9409e+01   7.2277e+00   0.0000e+00   0.0000e+00   2.7116e+02
20251213_18:00:00   3.9792e-01   9.3353e+01   7.6986e+00   0.0000e+00   0.0000e+00   2.7163e+02
20251213_21:00:00   4.1658e-01   9.7224e+01   8.0602e+00   0.0000e+00   0.0000e+00   2.6820e+02
20251214_00:00:00   3.7565e-01   9.0017e+01   7.2394e+00   0.0000e+00   0.0000e+00   2.6906e+02
20251214_03:00:00   3.5178e-01   8.5441e+01   6.7862e+00   0.0000e+00   0.0000e+00   2.7445e+02
20251214_06:00:00   3.3651e-01   8.2294e+01   6.4872e+00   0.0000e+00   0.0000e+00   2.7063e+02
20251214_09:00:00   3.4228e-01   8.3192e+01   6.6023e+00   0.0000e+00   0.0000e+00   2.6979e+02
20251214_12:00:00   3.1822e-01   7.8641e+01   5.9991e+00   0.0000e+00   0.0000e+00   2.6872e+02
20251214_15:00:00   3.0784e-01   7.6471e+01   5.7734e+00   0.0000e+00   0.0000e+00   2.6289e+02
20251214_18:00:00   3.0618e-01   7.6469e+01   5.7236e+00   0.0000e+00   0.0000e+00   2.6384e+02
20251214_21:00:00   3.1747e-01   7.9051e+01   6.0157e+00   0.0000e+00   0.0000e+00   2.7456e+02
20251215_00:00:00   2.9478e-01   7.4459e+01   5.5283e+00   0.0000e+00   0.0000e+00   2.8015e+02
20251215_03:00:00   3.2341e-01   7.9721e+01   6.1346e+00   0.0000e+00   0.0000e+00   2.7874e+02
20251215_06:00:00   3.2871e-01   8.0437e+01   6.2768e+00   0.0000e+00   2.0500e-03   2.8230e+02
20251215_09:00:00   3.4509e-01   8.3293e+01   6.5321e+00   0.0000e+00   2.7037e-05   2.8838e+02
20251215_12:00:00   3.5311e-01   8.4591e+01   6.6974e+00   0.0000e+00   0.0000e+00   2.8046e+02
20251215_15:00:00   3.8581e-01   9.0564e+01   7.2677e+00   0.0000e+00   0.0000e+00   2.8223e+02
20251215_18:00:00   4.3277e-01   9.8992e+01   8.1594e+00   0.0000e+00   0.0000e+00   2.8440e+02
20251215_21:00:00   4.7188e-01   1.0578e+02   9.0329e+00   0.0000e+00   6.5802e-04   2.8339e+02
20251216_00:00:00   4.0473e-01   9.4064e+01   7.8728e+00   0.0000e+00   7.5791e-05   2.8065e+02
20251216_03:00:00   4.1700e-01   9.5886e+01   8.0597e+00   0.0000e+00   7.9677e-02   2.8627e+02
20251216_06:00:00   4.5898e-01   1.0279e+02   8.8570e+00   0.0000e+00   1.0652e-01   2.8268e+02
20251216_09:00:00   4.8729e-01   1.0709e+02   9.4286e+00   0.0000e+00   2.9723e-02   2.8031e+02
20251216_12:00:00   5.1773e-01   1.1177e+02   9.8897e+00   0.0000e+00   1.6848e-02   2.8054e+02
20251216_15:00:00   4.6611e-01   1.0413e+02   8.5784e+00   0.0000e+00   2.8213e-03   2.8413e+02
20251216_18:00:00   4.4424e-01   1.0080e+02   8.1336e+00   0.0000e+00   2.0901e-03   2.8577e+02
20251216_21:00:00   4.9098e-01   1.0847e+02   9.1886e+00   0.0000e+00   8.8416e-03   2.8678e+02
20251217_00:00:00   6.0300e-01   1.2526e+02   1.1019e+01   0.0000e+00   5.0773e-03   2.8531e+02
20251217_03:00:00   7.5774e-01   1.4580e+02   1.2890e+01   7.0208e-04   1.1190e-01   2.8805e+02
20251217_06:00:00   6.7622e-01   1.3480e+02   1.1506e+01   2.1660e-04   1.1869e-01   2.9579e+02
20251217_09:00:00   6.2036e-01   1.2667e+02   1.0103e+01   8.5371e-03   1.7327e-01   2.9893e+02
20251217_12:00:00   3.1208e-01   7.5318e+01   5.2477e+00   5.1550e-04   4.1777e-03   3.1224e+02
