#            date       tau255        Tb[K]      pwv[mm] lwp[kg*m^-2] iwp[kg*m^-2]       o3[DU]
20251211_12:00:00   3.6552e-01   8.7925e+01   7.0106e+00   0.0000e+00   0.0000e+00   2.6935e+02
20251211_13:00:00   3.5375e-01   8.5663e+01   6.7682e+00   0.0000e+00   0.0000e+00   2.7160e+02
20251211_14:00:00   3.4443e-01   8.3793e+01   6.5840e+00   0.0000e+00   0.0000e+00   2.7563e+02
20251211_15:00:00   3.3504e-01   8.1903e+01   6.4023e+00   0.0000e+00   0.0000e+00   2.7667e+02
20251211_16:00:00   3.2555e-01   8.0136e+01   6.2513e+00   0.0000e+00   0.0000e+00   2.7434e+02
20251211_17:00:00   3.1480e-01   7.8170e+01   6.0717e+00   0.0000e+00   0.0000e+00   2.7318e+02
20251211_18:00:00   3.2385e-01   8.0097e+01   6.3107e+00   0.0000e+00   0.0000e+00   2.7322e+02
20251211_19:00:00   3.3901e-01   8.3215e+01   6.5955e+00   0.0000e+00   0.0000e+00   2.7056e+02
20251211_20:00:00   3.4839e-01   8.5144e+01   6.7778e+00   0.0000e+00   0.0000e+00   2.6941e+02
20251211_21:00:00   3.6368e-01   8.8166e+01   7.0744e+00   0.0000e+00   0.0000e+00   2.6954e+02
20251211_22:00:00   3.6850e-01   8.9127e+01   7.1613e+00   0.0000e+00   0.0000e+00   2.7087e+02
20251211_23:00:00   3.6920e-01   8.9256e+01   7.1816e+00   0.0000e+00   0.0000e+00   2.7174e+02
20251212_00:00:00   3.7236e-01   8.9809e+01   7.2210e+00   0.0000e+00   0.0000e+00   2.7397e+02
20251212_01:00:00   3.5709e-01   8.6877e+01   6.9026e+00   0.0000e+00   0.0000e+00   2.7632e+02
20251212_02:00:00   3.1488e-01   7.8784e+01   6.0087e+00   0.0000e+00   0.0000e+00   2.7761e+02
20251212_03:00:00   2.8392e-01   7.2552e+01   5.3980e+00   0.0000e+00   0.0000e+00   2.7728e+02
20251212_04:00:00   2.8145e-01   7.1844e+01   5.3736e+00   0.0000e+00   0.0000e+00   2.7912e+02
20251212_05:00:00   2.9258e-01   7.3876e+01   5.5986e+00   0.0000e+00   0.0000e+00   2.8075e+02
20251212_06:00:00   2.9838e-01   7.4953e+01   5.7813e+00   0.0000e+00   0.0000e+00   2.8250e+02
20251212_07:00:00   3.0706e-01   7.6601e+01   5.9937e+00   0.0000e+00   0.0000e+00   2.8397e+02
20251212_08:00:00   3.0508e-01   7.6047e+01   5.9628e+00   0.0000e+00   0.0000e+00   2.8478e+02
20251212_09:00:00   3.0079e-01   7.5164e+01   5.8686e+00   0.0000e+00   0.0000e+00   2.8583e+02
20251212_10:00:00   3.0417e-01   7.5826e+01   5.9034e+00   0.0000e+00   0.0000e+00   2.8836e+02
20251212_11:00:00   3.1447e-01   7.7808e+01   6.0969e+00   0.0000e+00   0.0000e+00   2.9105e+02
20251212_12:00:00   3.1956e-01   7.8788e+01   6.2196e+00   0.0000e+00   0.0000e+00   2.9147e+02
20251212_13:00:00   3.2553e-01   7.9959e+01   6.3282e+00   0.0000e+00   0.0000e+00   2.9034e+02
20251212_14:00:00   3.2764e-01   8.0384e+01   6.3643e+00   0.0000e+00   0.0000e+00   2.8717e+02
20251212_15:00:00   3.2445e-01   7.9783e+01   6.2960e+00   0.0000e+00   0.0000e+00   2.8438e+02
20251212_16:00:00   3.1972e-01   7.8900e+01   6.1782e+00   0.0000e+00   0.0000e+00   2.8384e+02
20251212_17:00:00   3.1401e-01   7.7832e+01   6.0602e+00   0.0000e+00   0.0000e+00   2.8332e+02
20251212_18:00:00   3.0507e-01   7.6140e+01   5.9164e+00   0.0000e+00   0.0000e+00   2.8483e+02
20251212_19:00:00   3.0539e-01   7.6306e+01   5.9250e+00   0.0000e+00   0.0000e+00   2.8939e+02
20251212_20:00:00   3.0062e-01   7.5513e+01   5.8144e+00   0.0000e+00   0.0000e+00   2.9026e+02
20251212_21:00:00   3.0639e-01   7.6812e+01   5.8846e+00   0.0000e+00   0.0000e+00   2.8907e+02
20251212_22:00:00   3.2327e-01   8.0209e+01   6.1676e+00   0.0000e+00   0.0000e+00   2.8808e+02
20251212_23:00:00   3.3393e-01   8.2306e+01   6.3337e+00   0.0000e+00   0.0000e+00   2.8527e+02
20251213_00:00:00   3.2886e-01   8.1324e+01   6.2122e+00   0.0000e+00   0.0000e+00   2.8503e+02
20251213_01:00:00   3.1450e-01   7.8507e+01   5.9223e+00   0.0000e+00   0.0000e+00   2.8589e+02
20251213_02:00:00   2.9515e-01   7.4647e+01   5.5306e+00   0.0000e+00   0.0000e+00   2.8678e+02
20251213_03:00:00   2.7497e-01   7.0489e+01   5.1420e+00   0.0000e+00   0.0000e+00   2.8830e+02
20251213_04:00:00   2.6081e-01   6.7487e+01   4.8712e+00   0.0000e+00   0.0000e+00   2.8729e+02
20251213_05:00:00   2.4867e-01   6.4858e+01   4.6369e+00   0.0000e+00   0.0000e+00   2.8748e+02
20251213_06:00:00   2.3780e-01   6.2531e+01   4.4107e+00   0.0000e+00   0.0000e+00   2.9135e+02
20251213_07:00:00   2.2772e-01   6.0329e+01   4.1937e+00   0.0000e+00   0.0000e+00   2.9673e+02
20251213_08:00:00   2.2239e-01   5.9094e+01   4.0924e+00   0.0000e+00   0.0000e+00   2.9205e+02
20251213_09:00:00   2.1766e-01   5.7976e+01   4.0290e+00   0.0000e+00   0.0000e+00   2.8867e+02
20251213_10:00:00   2.0107e-01   5.4291e+01   3.7193e+00   0.0000e+00   0.0000e+00   2.8992e+02
20251213_11:00:00   1.8843e-01   5.1408e+01   3.4797e+00   0.0000e+00   0.0000e+00   2.9177e+02
20251213_12:00:00   1.8423e-01   5.0395e+01   3.3984e+00   0.0000e+00   0.0000e+00   2.9351e+02
20251213_13:00:00   1.8780e-01   5.1150e+01   3.4736e+00   0.0000e+00   0.0000e+00   2.9215e+02
20251213_14:00:00   1.9618e-01   5.3011e+01   3.6535e+00   0.0000e+00   0.0000e+00   2.9008e+02
20251213_15:00:00   2.0193e-01   5.4283e+01   3.7612e+00   0.0000e+00   0.0000e+00   2.8889e+02
20251213_16:00:00   2.1021e-01   5.6124e+01   3.9401e+00   0.0000e+00   0.0000e+00   2.8656e+02
20251213_17:00:00   2.1769e-01   5.7859e+01   4.0886e+00   0.0000e+00   0.0000e+00   2.7917e+02
20251213_18:00:00   2.3102e-01   6.0828e+01   4.3639e+00   0.0000e+00   0.0000e+00   2.7659e+02
20251213_19:00:00   2.4691e-01   6.4262e+01   4.7159e+00   0.0000e+00   0.0000e+00   2.7689e+02
20251213_20:00:00   2.5232e-01   6.5414e+01   4.8437e+00   0.0000e+00   0.0000e+00   2.7741e+02
20251213_21:00:00   2.5363e-01   6.5614e+01   4.9312e+00   0.0000e+00   0.0000e+00   2.7574e+02
20251213_22:00:00   2.5878e-01   6.6540e+01   5.0901e+00   0.0000e+00   0.0000e+00   2.7501e+02
20251213_23:00:00   2.5389e-01   6.5410e+01   5.0156e+00   0.0000e+00   0.0000e+00   2.7444e+02
20251214_00:00:00   2.3517e-01   6.1405e+01   4.6485e+00   0.0000e+00   0.0000e+00   2.7596e+02
20251214_01:00:00   2.2162e-01   5.8486e+01   4.3720e+00   0.0000e+00   0.0000e+00   2.7499e+02
20251214_02:00:00   2.5125e-01   6.4891e+01   4.9585e+00   0.0000e+00   0.0000e+00   2.7426e+02
20251214_03:00:00   2.7347e-01   6.9538e+01   5.3452e+00   0.0000e+00   0.0000e+00   2.7081e+02
20251214_04:00:00   2.7842e-01   7.0508e+01   5.3737e+00   0.0000e+00   0.0000e+00   2.6956e+02
20251214_05:00:00   2.7522e-01   6.9778e+01   5.2718e+00   0.0000e+00   0.0000e+00   2.6925e+02
20251214_06:00:00   2.7530e-01   6.9698e+01   5.2307e+00   0.0000e+00   0.0000e+00   2.7158e+02
20251214_07:00:00   2.7776e-01   7.0091e+01   5.2393e+00   0.0000e+00   0.0000e+00   2.7232e+02
20251214_08:00:00   2.7481e-01   6.9401e+01   5.1371e+00   0.0000e+00   0.0000e+00   2.7637e+02
20251214_09:00:00   2.7335e-01   6.8982e+01   5.0752e+00   0.0000e+00   0.0000e+00   2.7679e+02
20251214_10:00:00   2.6523e-01   6.7233e+01   4.9088e+00   0.0000e+00   1.0066e-06   2.7883e+02
20251214_11:00:00   2.6396e-01   6.6896e+01   4.8853e+00   0.0000e+00   0.0000e+00   2.7953e+02
20251214_12:00:00   2.6872e-01   6.7910e+01   4.9392e+00   0.0000e+00   4.2100e-05   2.7926e+02
20251214_13:00:00   2.7120e-01   6.8501e+01   4.9626e+00   0.0000e+00   4.0697e-04   2.7687e+02
20251214_14:00:00   2.8074e-01   7.0431e+01   5.1331e+00   0.0000e+00   3.0338e-04   2.7407e+02
20251214_15:00:00   2.8540e-01   7.1380e+01   5.2239e+00   0.0000e+00   5.6863e-05   2.7242e+02
20251214_16:00:00   2.8451e-01   7.1253e+01   5.2459e+00   0.0000e+00   1.1181e-04   2.6994e+02
20251214_17:00:00   2.7868e-01   7.0193e+01   5.1906e+00   0.0000e+00   1.0808e-07   2.6615e+02
20251214_18:00:00   2.6779e-01   6.8121e+01   5.0412e+00   0.0000e+00   7.5280e-05   2.6213e+02
20251214_19:00:00   2.6653e-01   6.8016e+01   5.0420e+00   0.0000e+00   5.0326e-05   2.5936e+02
20251214_20:00:00   2.7583e-01   7.0028e+01   5.2459e+00   0.0000e+00   1.8014e-08   2.5814e+02
20251214_21:00:00   2.8373e-01   7.1735e+01   5.4211e+00   0.0000e+00   7.0345e-04   2.5742e+02
20251214_22:00:00   2.8731e-01   7.2526e+01   5.4862e+00   0.0000e+00   1.8190e-04   2.5993e+02
20251214_23:00:00   2.9045e-01   7.3157e+01   5.5273e+00   0.0000e+00   3.6446e-03   2.6407e+02
20251215_00:00:00   2.9594e-01   7.4097e+01   5.6283e+00   0.0000e+00   6.1153e-03   2.6706e+02
20251215_01:00:00   2.9236e-01   7.3225e+01   5.5871e+00   0.0000e+00   2.2853e-03   2.6810e+02
20251215_02:00:00   2.8567e-01   7.1785e+01   5.4851e+00   0.0000e+00   5.0443e-04   2.6935e+02
20251215_03:00:00   2.7841e-01   7.0271e+01   5.3347e+00   0.0000e+00   2.4784e-03   2.6628e+02
20251215_04:00:00   2.6747e-01   6.8044e+01   5.0927e+00   0.0000e+00   1.1288e-02   2.6420e+02
20251215_05:00:00   2.5783e-01   6.5985e+01   4.9288e+00   0.0000e+00   7.3276e-03   2.6466e+02
20251215_06:00:00   2.4814e-01   6.4011e+01   4.7208e+00   0.0000e+00   4.4186e-03   2.6545e+02
20251215_07:00:00   2.4468e-01   6.3189e+01   4.6798e+00   0.0000e+00   3.2409e-03   2.6650e+02
20251215_08:00:00   2.4226e-01   6.2653e+01   4.6508e+00   0.0000e+00   1.6563e-03   2.6726e+02
20251215_09:00:00   2.4334e-01   6.2791e+01   4.7013e+00   0.0000e+00   9.0238e-04   2.6666e+02
20251215_10:00:00   2.3981e-01   6.2004e+01   4.6362e+00   0.0000e+00   1.7464e-03   2.6719e+02
20251215_11:00:00   2.3656e-01   6.1292e+01   4.5581e+00   0.0000e+00   2.1640e-03   2.6868e+02
20251215_12:00:00   2.3107e-01   6.0110e+01   4.4481e+00   0.0000e+00   2.2816e-03   2.6886e+02
20251215_13:00:00   2.3144e-01   6.0201e+01   4.4342e+00   0.0000e+00   3.9775e-03   2.6714e+02
20251215_14:00:00   2.3115e-01   6.0203e+01   4.3979e+00   0.0000e+00   5.6232e-03   2.6706e+02
20251215_15:00:00   2.3273e-01   6.0442e+01   4.4451e+00   0.0000e+00   3.7883e-03   2.6719e+02
20251215_16:00:00   2.3250e-01   6.0416e+01   4.4394e+00   0.0000e+00   1.5935e-03   2.6605e+02
20251215_17:00:00   2.3980e-01   6.1945e+01   4.6391e+00   0.0000e+00   6.5825e-04   2.6544e+02
20251215_18:00:00   2.5896e-01   6.5936e+01   5.0616e+00   0.0000e+00   7.3898e-04   2.6722e+02
20251215_19:00:00   2.6464e-01   6.7380e+01   5.1282e+00   0.0000e+00   3.2040e-04   2.6836e+02
20251215_20:00:00   2.8265e-01   7.1336e+01   5.4264e+00   0.0000e+00   0.0000e+00   2.6701e+02
20251215_21:00:00   2.7058e-01   6.9240e+01   5.0275e+00   0.0000e+00   0.0000e+00   2.6591e+02
20251215_22:00:00   2.5583e-01   6.6325e+01   4.6603e+00   0.0000e+00   0.0000e+00   2.6526e+02
20251215_23:00:00   2.3729e-01   6.2359e+01   4.3075e+00   0.0000e+00   0.0000e+00   2.6572e+02
20251216_00:00:00   2.0688e-01   5.5728e+01   3.7444e+00   0.0000e+00   0.0000e+00   2.6841e+02
20251216_01:00:00   1.9695e-01   5.3414e+01   3.5675e+00   0.0000e+00   0.0000e+00   2.7047e+02
20251216_02:00:00   1.9867e-01   5.3725e+01   3.5950e+00   0.0000e+00   0.0000e+00   2.7005e+02
20251216_03:00:00   2.1881e-01   5.8065e+01   3.9529e+00   0.0000e+00   0.0000e+00   2.6964e+02
20251216_04:00:00   2.2408e-01   5.9187e+01   4.0356e+00   0.0000e+00   0.0000e+00   2.6959e+02
20251216_05:00:00   2.3004e-01   6.0402e+01   4.1459e+00   0.0000e+00   0.0000e+00   2.6989e+02
20251216_06:00:00   2.3015e-01   6.0409e+01   4.1151e+00   0.0000e+00   0.0000e+00   2.7153e+02
20251216_07:00:00   2.2333e-01   5.8950e+01   3.9573e+00   0.0000e+00   0.0000e+00   2.6932e+02
20251216_08:00:00   2.2004e-01   5.8203e+01   3.9126e+00   0.0000e+00   0.0000e+00   2.6740e+02
20251216_09:00:00   2.2220e-01   5.8603e+01   3.9866e+00   0.0000e+00   0.0000e+00   2.6595e+02
20251216_10:00:00   2.1991e-01   5.8062e+01   3.9572e+00   0.0000e+00   0.0000e+00   2.6464e+02
20251216_11:00:00   2.1685e-01   5.7392e+01   3.9004e+00   0.0000e+00   0.0000e+00   2.6384e+02
20251216_12:00:00   2.2120e-01   5.8272e+01   4.0176e+00   0.0000e+00   0.0000e+00   2.6187e+02
20251216_15:00:00   2.2893e-01   5.9611e+01   4.2989e+00   0.0000e+00   0.0000e+00   2.6173e+02
20251216_18:00:00   2.5070e-01   6.4173e+01   4.9802e+00   0.0000e+00   1.6112e-05   2.6481e+02
20251216_21:00:00   3.0567e-01   7.5859e+01   6.1646e+00   0.0000e+00   1.9743e-03   2.6391e+02
20251217_00:00:00   3.4678e-01   8.4105e+01   7.0564e+00   0.0000e+00   3.5262e-04   2.6079e+02
20251217_03:00:00   3.9636e-01   9.2961e+01   8.2258e+00   0.0000e+00   6.7587e-02   2.6334e+02
20251217_06:00:00   4.4768e-01   1.0208e+02   9.2166e+00   0.0000e+00   6.4794e-02   2.6376e+02
20251217_09:00:00   4.5071e-01   1.0249e+02   9.3676e+00   0.0000e+00   6.6296e-03   2.6301e+02
20251217_12:00:00   3.7039e-01   8.8262e+01   7.6928e+00   0.0000e+00   1.0791e-03   2.6011e+02
20251217_15:00:00   3.0641e-01   7.6068e+01   6.3010e+00   0.0000e+00   2.0661e-02   2.6425e+02
20251217_18:00:00   3.2423e-01   7.9822e+01   6.6694e+00   0.0000e+00   6.7920e-03   2.6544e+02
20251217_21:00:00   2.5619e-01   6.6279e+01   5.2686e+00   0.0000e+00   3.0847e-02   2.6338e+02
20251218_00:00:00   2.5652e-01   6.6005e+01   5.3224e+00   0.0000e+00   3.1963e-03   2.6296e+02
20251218_03:00:00   2.7085e-01   6.8780e+01   5.6326e+00   0.0000e+00   0.0000e+00   2.6154e+02
20251218_06:00:00   3.4250e-01   8.2929e+01   7.1353e+00   0.0000e+00   0.0000e+00   2.6411e+02
20251218_09:00:00   3.8006e-01   8.9957e+01   7.7831e+00   0.0000e+00   0.0000e+00   2.6723e+02
20251218_12:00:00   4.2663e-01   9.8048e+01   8.6364e+00   0.0000e+00   0.0000e+00   2.6806e+02
20251218_15:00:00   4.6120e-01   1.0406e+02   9.1317e+00   0.0000e+00   4.6250e-03   2.6807e+02
20251218_18:00:00   4.9352e-01   1.0965e+02   9.8781e+00   0.0000e+00   2.9213e-03   2.7032e+02
20251218_21:00:00   3.9026e-01   9.1273e+01   8.1637e+00   0.0000e+00   4.1248e-03   2.6925e+02
20251219_00:00:00   4.2953e-01   9.8299e+01   8.8659e+00   0.0000e+00   6.4074e-03   2.6661e+02
20251219_03:00:00   2.6019e-01   6.6140e+01   5.3267e+00   0.0000e+00   6.3877e-03   2.6747e+02
20251219_06:00:00   2.7459e-01   6.9257e+01   5.4959e+00   0.0000e+00   5.0872e-03   2.7336e+02
20251219_09:00:00   3.0346e-01   7.4817e+01   6.0248e+00   0.0000e+00   2.8537e-03   2.7204e+02
20251219_12:00:00   2.7327e-01   6.8653e+01   5.3841e+00   0.0000e+00   3.9317e-05   2.6813e+02
20251219_15:00:00   2.9661e-01   7.3064e+01   5.8738e+00   0.0000e+00   0.0000e+00   2.7032e+02
20251219_18:00:00   3.2591e-01   7.8651e+01   6.5886e+00   0.0000e+00   0.0000e+00   2.7505e+02
20251219_21:00:00   3.8778e-01   8.9499e+01   7.9951e+00   0.0000e+00   3.2859e-02   2.7320e+02
20251220_00:00:00   3.9168e-01   9.0772e+01   7.8962e+00   0.0000e+00   4.7805e-03   2.7303e+02
20251220_03:00:00   4.1832e-01   9.5748e+01   8.2479e+00   0.0000e+00   8.1534e-03   2.7229e+02
20251220_06:00:00   3.9482e-01   9.1360e+01   7.7491e+00   0.0000e+00   3.5602e-02   2.7072e+02
20251220_09:00:00   4.5042e-01   1.0054e+02   8.7407e+00   0.0000e+00   4.6679e-02   2.7378e+02
20251220_12:00:00   3.5790e-01   8.5032e+01   6.6202e+00   0.0000e+00   0.0000e+00   2.7994e+02
20251220_15:00:00   3.1765e-01   7.7472e+01   5.7029e+00   0.0000e+00   1.8344e-05   2.7748e+02
20251220_18:00:00   2.0838e-01   5.5317e+01   3.6840e+00   0.0000e+00   0.0000e+00   2.7747e+02
20251220_21:00:00   1.8724e-01   5.0441e+01   3.4634e+00   0.0000e+00   0.0000e+00   2.7639e+02
20251221_00:00:00   1.7823e-01   4.8385e+01   3.2734e+00   0.0000e+00   0.0000e+00   2.7421e+02
20251221_03:00:00   1.9926e-01   5.2822e+01   3.6637e+00   0.0000e+00   0.0000e+00   2.7546e+02
20251221_06:00:00   2.0136e-01   5.2790e+01   3.8853e+00   0.0000e+00   9.1262e-04   2.7753e+02
20251221_09:00:00   1.8688e-01   4.9487e+01   3.6230e+00   0.0000e+00   2.5320e-05   2.7950e+02
20251221_12:00:00   1.8268e-01   4.8338e+01   3.5832e+00   0.0000e+00   5.8809e-05   2.8299e+02
20251221_15:00:00   1.7797e-01   4.7418e+01   3.4370e+00   0.0000e+00   3.1377e-04   2.8339e+02
20251221_18:00:00   1.8591e-01   4.9462e+01   3.6504e+00   0.0000e+00   0.0000e+00   2.8770e+02
20251221_21:00:00   2.2073e-01   5.7204e+01   4.4514e+00   0.0000e+00   1.4739e-03   2.8298e+02
20251222_00:00:00   3.1327e-01   7.5884e+01   6.4029e+00   0.0000e+00   1.0062e-04   2.7989e+02
20251222_03:00:00   3.5104e-01   8.3148e+01   7.1369e+00   0.0000e+00   3.6913e-03   2.7695e+02
20251222_06:00:00   3.6874e-01   8.6658e+01   7.4073e+00   0.0000e+00   4.0620e-06   2.7919e+02
20251222_09:00:00   3.9173e-01   9.0228e+01   7.8328e+00   0.0000e+00   2.2196e-05   2.8361e+02
20251222_12:00:00   6.1890e-01   1.2759e+02   1.0962e+01   6.0976e-04   2.2469e-04   2.9316e+02
20251222_15:00:00   4.8733e-01   1.0792e+02   8.3898e+00   1.0066e-06   4.6022e-07   2.9074e+02
20251222_18:00:00   4.4998e-01   1.0161e+02   8.3348e+00   0.0000e+00   1.6392e-02   2.8991e+02
20251222_21:00:00   4.5097e-01   1.0217e+02   8.9097e+00   0.0000e+00   2.8327e-03   2.8979e+02
20251223_00:00:00   5.1417e-01   1.1213e+02   1.0207e+01   0.0000e+00   3.0000e-03   2.9083e+02
20251223_03:00:00   7.5223e-01   1.4540e+02   1.4088e+01   6.3422e-03   8.2760e-02   2.8862e+02
20251223_06:00:00   7.2268e-01   1.4234e+02   1.3435e+01   0.0000e+00   1.7293e-07   2.8739e+02
20251223_09:00:00   7.5171e-01   1.4550e+02   1.4095e+01   0.0000e+00   9.7013e-03   2.8535e+02
20251223_12:00:00   8.4339e-01   1.5684e+02   1.5313e+01   1.0378e-04   1.3776e-03   2.8081e+02
20251223_15:00:00   8.6804e-01   1.5961e+02   1.5707e+01   2.9720e-03   4.0938e-03   2.8303e+02
20251223_18:00:00   9.2176e-01   1.6621e+02   1.5977e+01   1.5186e-02   7.9963e-03   2.8782e+02
20251223_21:00:00   8.6718e-01   1.6072e+02   1.5538e+01   4.2096e-03   5.8071e-02   2.8735e+02
20251224_00:00:00   9.6424e-01   1.7015e+02   1.6619e+01   9.8436e-03   2.9979e-01   2.8475e+02
20251224_03:00:00   1.0988e+00   1.8247e+02   1.6132e+01   7.4541e-02   1.0870e-01   2.8375e+02
20251224_06:00:00   8.3757e-01   1.5573e+02   1.2186e+01   6.1093e-02   1.6406e-02   2.9060e+02
20251224_09:00:00   7.1823e-01   1.4137e+02   9.4330e+00   6.3486e-02   4.5345e-03   3.0124e+02
20251224_12:00:00   4.3376e-01   9.8914e+01   7.1492e+00   5.5436e-04   2.3992e-03   3.0908e+02
20251224_15:00:00   5.4059e-01   1.1579e+02   7.1305e+00   4.7021e-02   4.4196e-03   3.1220e+02
20251224_18:00:00   3.2632e-01   7.9483e+01   5.4368e+00   0.0000e+00   9.1961e-04   3.1617e+02
20251224_21:00:00   4.7499e-01   1.0599e+02   8.1370e+00   4.1052e-04   3.6078e-03   3.1285e+02
20251225_00:00:00   3.3747e-01   8.1262e+01   6.1344e+00   0.0000e+00   6.8533e-02   3.1269e+02
20251225_03:00:00   3.4351e-01   8.2326e+01   6.1545e+00   0.0000e+00   4.5997e-02   3.1080e+02
20251225_06:00:00   4.5334e-01   1.0166e+02   7.8733e+00   0.0000e+00   1.5813e-01   3.2170e+02
20251225_09:00:00   7.0674e-01   1.3904e+02   1.1051e+01   2.4224e-02   1.8239e-01   3.2362e+02
20251225_12:00:00   6.0256e-01   1.2453e+02   1.0242e+01   3.4575e-04   1.2086e-01   3.3379e+02
20251225_15:00:00   4.5755e-01   1.0237e+02   7.6104e+00   1.4468e-04   2.0111e-05   3.4289e+02
20251225_18:00:00   3.4610e-01   8.2488e+01   5.7893e+00   6.9760e-06   5.0582e-04   3.5186e+02
20251225_21:00:00   2.6315e-01   6.5225e+01   4.7262e+00   2.0140e-06   5.1924e-03   3.5339e+02
20251226_00:00:00   2.2776e-01   5.8024e+01   3.9154e+00   0.0000e+00   8.6460e-08   3.5884e+02
20251226_03:00:00   2.7892e-01   6.7944e+01   4.5905e+00   0.0000e+00   1.8307e-04   3.6317e+02
20251226_06:00:00   2.4111e-01   6.0022e+01   3.9038e+00   2.9000e-06   1.1083e-03   3.6407e+02
20251226_09:00:00   1.8115e-01   4.7444e+01   2.7854e+00   1.0808e-07   2.8618e-04   3.7418e+02
20251226_12:00:00   1.4610e-01   3.9348e+01   2.1980e+00   0.0000e+00   1.0986e-05   3.7889e+02
20251226_15:00:00   1.2618e-01   3.4890e+01   1.8240e+00   0.0000e+00   0.0000e+00   3.8152e+02
20251226_18:00:00   1.1512e-01   3.2228e+01   1.6851e+00   3.3860e-06   6.1548e-06   3.8142e+02
20251226_21:00:00   1.3380e-01   3.6341e+01   2.0286e+00   9.1830e-05   6.8045e-03   3.8896e+02
20251227_00:00:00   1.2369e-01   3.4067e+01   1.8563e+00   0.0000e+00   6.1233e-05   3.7988e+02
20251227_03:00:00   1.0089e-01   2.8907e+01   1.4349e+00   0.0000e+00   2.0089e-04   4.0365e+02
20251227_06:00:00   1.0685e-01   3.0305e+01   1.4896e+00   0.0000e+00   0.0000e+00   4.0306e+02
20251227_09:00:00   9.3979e-02   2.7355e+01   1.2626e+00   0.0000e+00   8.0697e-07   4.0661e+02
20251227_12:00:00   9.1424e-02   2.6858e+01   1.2010e+00   0.0000e+00   0.0000e+00   3.9690e+02
