#            date       tau255        Tb[K]      pwv[mm] lwp[kg*m^-2] iwp[kg*m^-2]       o3[DU]
20251211_06:00:00   4.0223e-01   9.4908e+01   7.4909e+00   0.0000e+00   2.8536e-05   2.7353e+02
20251211_07:00:00   4.0877e-01   9.6121e+01   7.7534e+00   0.0000e+00   0.0000e+00   2.7209e+02
20251211_08:00:00   3.9955e-01   9.4446e+01   7.5766e+00   0.0000e+00   0.0000e+00   2.6909e+02
20251211_09:00:00   3.9227e-01   9.3103e+01   7.4795e+00   0.0000e+00   0.0000e+00   2.6659e+02
20251211_10:00:00   3.8832e-01   9.2288e+01   7.4013e+00   0.0000e+00   0.0000e+00   2.6920e+02
20251211_11:00:00   3.7627e-01   9.0015e+01   7.1774e+00   0.0000e+00   0.0000e+00   2.6814e+02
20251211_12:00:00   3.6347e-01   8.7587e+01   6.9569e+00   0.0000e+00   0.0000e+00   2.6845e+02
20251211_13:00:00   3.5371e-01   8.5756e+01   6.7701e+00   0.0000e+00   0.0000e+00   2.6981e+02
20251211_14:00:00   3.4870e-01   8.4718e+01   6.6550e+00   0.0000e+00   0.0000e+00   2.7256e+02
20251211_15:00:00   3.4410e-01   8.3797e+01   6.5686e+00   0.0000e+00   0.0000e+00   2.7276e+02
20251211_16:00:00   3.3449e-01   8.1992e+01   6.4205e+00   0.0000e+00   0.0000e+00   2.7131e+02
20251211_17:00:00   3.1680e-01   7.8690e+01   6.0945e+00   0.0000e+00   0.0000e+00   2.7027e+02
20251211_18:00:00   3.1784e-01   7.9031e+01   6.1734e+00   0.0000e+00   0.0000e+00   2.7075e+02
20251211_19:00:00   3.3712e-01   8.2965e+01   6.5444e+00   0.0000e+00   0.0000e+00   2.7094e+02
20251211_20:00:00   3.5074e-01   8.5730e+01   6.8085e+00   0.0000e+00   0.0000e+00   2.6960e+02
20251211_21:00:00   3.6745e-01   8.8979e+01   7.1408e+00   0.0000e+00   0.0000e+00   2.6915e+02
20251211_22:00:00   3.7636e-01   9.0696e+01   7.3057e+00   0.0000e+00   0.0000e+00   2.6904e+02
20251211_23:00:00   3.7958e-01   9.1276e+01   7.3698e+00   0.0000e+00   0.0000e+00   2.7074e+02
20251212_00:00:00   3.8175e-01   9.1594e+01   7.4069e+00   0.0000e+00   0.0000e+00   2.7209e+02
20251212_01:00:00   3.6924e-01   8.9228e+01   7.1499e+00   0.0000e+00   0.0000e+00   2.7380e+02
20251212_02:00:00   3.3509e-01   8.2748e+01   6.4304e+00   0.0000e+00   0.0000e+00   2.7685e+02
20251212_03:00:00   2.9261e-01   7.4430e+01   5.5652e+00   0.0000e+00   0.0000e+00   2.7749e+02
20251212_04:00:00   2.7609e-01   7.0974e+01   5.2360e+00   0.0000e+00   0.0000e+00   2.7723e+02
20251212_05:00:00   2.9153e-01   7.3798e+01   5.5657e+00   0.0000e+00   0.0000e+00   2.7850e+02
20251212_06:00:00   2.9034e-01   7.3366e+01   5.5836e+00   0.0000e+00   0.0000e+00   2.8115e+02
20251212_07:00:00   3.0075e-01   7.5389e+01   5.8197e+00   0.0000e+00   0.0000e+00   2.8320e+02
20251212_08:00:00   3.1187e-01   7.7504e+01   6.0596e+00   0.0000e+00   0.0000e+00   2.8431e+02
20251212_09:00:00   3.0984e-01   7.7027e+01   6.0209e+00   0.0000e+00   0.0000e+00   2.8587e+02
20251212_10:00:00   3.0562e-01   7.6173e+01   5.9328e+00   0.0000e+00   0.0000e+00   2.8678e+02
20251212_11:00:00   3.1755e-01   7.8452e+01   6.1686e+00   0.0000e+00   0.0000e+00   2.8682e+02
20251212_12:00:00   3.3528e-01   8.1828e+01   6.5313e+00   0.0000e+00   0.0000e+00   2.8783e+02
20251212_13:00:00   3.4187e-01   8.3116e+01   6.6706e+00   0.0000e+00   0.0000e+00   2.8846e+02
20251212_14:00:00   3.3942e-01   8.2705e+01   6.6061e+00   0.0000e+00   0.0000e+00   2.8788e+02
20251212_15:00:00   3.3459e-01   8.1832e+01   6.4931e+00   0.0000e+00   0.0000e+00   2.8583e+02
20251212_16:00:00   3.3091e-01   8.1179e+01   6.3920e+00   0.0000e+00   0.0000e+00   2.8385e+02
20251212_17:00:00   3.2493e-01   8.0109e+01   6.2702e+00   0.0000e+00   0.0000e+00   2.8248e+02
20251212_18:00:00   3.1790e-01   7.8812e+01   6.1473e+00   0.0000e+00   0.0000e+00   2.8220e+02
20251212_19:00:00   3.1274e-01   7.7866e+01   6.0471e+00   0.0000e+00   0.0000e+00   2.8589e+02
20251212_20:00:00   3.0186e-01   7.5790e+01   5.8314e+00   0.0000e+00   0.0000e+00   2.8584e+02
20251212_21:00:00   3.0276e-01   7.6052e+01   5.8278e+00   0.0000e+00   0.0000e+00   2.8143e+02
20251212_22:00:00   3.1754e-01   7.9077e+01   6.0887e+00   0.0000e+00   0.0000e+00   2.8236e+02
20251212_23:00:00   3.3014e-01   8.1604e+01   6.2953e+00   0.0000e+00   0.0000e+00   2.8146e+02
20251213_00:00:00   3.2896e-01   8.1389e+01   6.2472e+00   0.0000e+00   0.0000e+00   2.8208e+02
20251213_01:00:00   3.2266e-01   8.0157e+01   6.1014e+00   0.0000e+00   0.0000e+00   2.8472e+02
20251213_02:00:00   3.0618e-01   7.6885e+01   5.7634e+00   0.0000e+00   0.0000e+00   2.8475e+02
20251213_03:00:00   2.8681e-01   7.2924e+01   5.3823e+00   0.0000e+00   0.0000e+00   2.8840e+02
20251213_04:00:00   2.7101e-01   6.9602e+01   5.0800e+00   0.0000e+00   0.0000e+00   2.8729e+02
20251213_05:00:00   2.5633e-01   6.6484e+01   4.7930e+00   0.0000e+00   0.0000e+00   2.8755e+02
20251213_06:00:00   2.4285e-01   6.3595e+01   4.5066e+00   0.0000e+00   0.0000e+00   2.9088e+02
20251213_07:00:00   2.2951e-01   6.0714e+01   4.2261e+00   0.0000e+00   0.0000e+00   2.9567e+02
20251213_08:00:00   2.1935e-01   5.8439e+01   4.0248e+00   0.0000e+00   0.0000e+00   2.9277e+02
20251213_09:00:00   2.1324e-01   5.7019e+01   3.9234e+00   0.0000e+00   0.0000e+00   2.8984e+02
20251213_10:00:00   2.0455e-01   5.5050e+01   3.7655e+00   0.0000e+00   0.0000e+00   2.9048e+02
20251213_11:00:00   1.9763e-01   5.3457e+01   3.6396e+00   0.0000e+00   0.0000e+00   2.9194e+02
20251213_12:00:00   1.9092e-01   5.1897e+01   3.5109e+00   0.0000e+00   0.0000e+00   2.9331e+02
20251213_13:00:00   1.8609e-01   5.0776e+01   3.4168e+00   0.0000e+00   0.0000e+00   2.8983e+02
20251213_14:00:00   1.9464e-01   5.2591e+01   3.6226e+00   0.0000e+00   0.0000e+00   2.8733e+02
20251213_15:00:00   2.0373e-01   5.4605e+01   3.8065e+00   0.0000e+00   0.0000e+00   2.8636e+02
20251213_16:00:00   2.0843e-01   5.5682e+01   3.8879e+00   0.0000e+00   0.0000e+00   2.8497e+02
20251213_17:00:00   2.0975e-01   5.6031e+01   3.9203e+00   0.0000e+00   0.0000e+00   2.8375e+02
20251213_18:00:00   2.2539e-01   5.9514e+01   4.2436e+00   0.0000e+00   0.0000e+00   2.8386e+02
20251213_19:00:00   2.3440e-01   6.1556e+01   4.4202e+00   0.0000e+00   0.0000e+00   2.8215e+02
20251213_20:00:00   2.5041e-01   6.4953e+01   4.7838e+00   0.0000e+00   0.0000e+00   2.8023e+02
20251213_21:00:00   2.6217e-01   6.7337e+01   5.0954e+00   0.0000e+00   0.0000e+00   2.7814e+02
20251213_22:00:00   2.5576e-01   6.5982e+01   5.0131e+00   0.0000e+00   0.0000e+00   2.7617e+02
20251213_23:00:00   2.3824e-01   6.2286e+01   4.6750e+00   0.0000e+00   0.0000e+00   2.7268e+02
20251214_00:00:00   2.2405e-01   5.9135e+01   4.4027e+00   0.0000e+00   0.0000e+00   2.7066e+02
20251214_01:00:00   2.1443e-01   5.6932e+01   4.2219e+00   0.0000e+00   0.0000e+00   2.6601e+02
20251214_02:00:00   2.2764e-01   5.9775e+01   4.4835e+00   0.0000e+00   0.0000e+00   2.6862e+02
20251214_03:00:00   2.6629e-01   6.7997e+01   5.2251e+00   0.0000e+00   0.0000e+00   2.7100e+02
20251214_04:00:00   2.8518e-01   7.1768e+01   5.5483e+00   0.0000e+00   0.0000e+00   2.6735e+02
20251214_05:00:00   2.9507e-01   7.3752e+01   5.6786e+00   0.0000e+00   0.0000e+00   2.6669e+02
20251214_06:00:00   2.8775e-01   7.2233e+01   5.4911e+00   0.0000e+00   0.0000e+00   2.7047e+02
20251214_07:00:00   2.7862e-01   7.0323e+01   5.2656e+00   0.0000e+00   0.0000e+00   2.7254e+02
20251214_08:00:00   2.7844e-01   7.0227e+01   5.2007e+00   0.0000e+00   0.0000e+00   2.7626e+02
20251214_09:00:00   2.7781e-01   7.0028e+01   5.1481e+00   0.0000e+00   0.0000e+00   2.7812e+02
20251214_10:00:00   2.7694e-01   6.9719e+01   5.1102e+00   0.0000e+00   0.0000e+00   2.7849e+02
20251214_11:00:00   2.7994e-01   7.0214e+01   5.1439e+00   0.0000e+00   0.0000e+00   2.7910e+02
20251214_12:00:00   2.7963e-01   7.0139e+01   5.1063e+00   0.0000e+00   0.0000e+00   2.7989e+02
20251214_13:00:00   2.8529e-01   7.1290e+01   5.1916e+00   0.0000e+00   9.2721e-04   2.7841e+02
20251214_14:00:00   2.8457e-01   7.1208e+01   5.1532e+00   0.0000e+00   6.3530e-04   2.7644e+02
20251214_15:00:00   2.8215e-01   7.0715e+01   5.1198e+00   0.0000e+00   2.9076e-04   2.6984e+02
20251214_16:00:00   2.7716e-01   6.9712e+01   5.0546e+00   0.0000e+00   2.2121e-05   2.6598e+02
20251214_17:00:00   2.6938e-01   6.8201e+01   4.9735e+00   0.0000e+00   2.7576e-03   2.6459e+02
20251214_18:00:00   2.5747e-01   6.5829e+01   4.8047e+00   0.0000e+00   1.5370e-03   2.6341e+02
20251214_19:00:00   2.5942e-01   6.6362e+01   4.8911e+00   0.0000e+00   2.3967e-04   2.6275e+02
20251214_20:00:00   2.7668e-01   7.0051e+01   5.2727e+00   0.0000e+00   1.0002e-03   2.6157e+02
20251214_21:00:00   2.9361e-01   7.3558e+01   5.6400e+00   0.0000e+00   3.4044e-03   2.6282e+02
20251214_22:00:00   3.0673e-01   7.6125e+01   5.9487e+00   0.0000e+00   4.5777e-03   2.6436e+02
20251214_23:00:00   3.1785e-01   7.8276e+01   6.1542e+00   0.0000e+00   4.4010e-03   2.6621e+02
20251215_00:00:00   3.2309e-01   7.9175e+01   6.2662e+00   0.0000e+00   6.0346e-04   2.6726e+02
20251215_01:00:00   3.2283e-01   7.9016e+01   6.2841e+00   0.0000e+00   2.0378e-03   2.6862e+02
20251215_02:00:00   3.1822e-01   7.8098e+01   6.1705e+00   0.0000e+00   8.9420e-04   2.6979e+02
20251215_03:00:00   3.0348e-01   7.5156e+01   5.9013e+00   0.0000e+00   6.3758e-03   2.6905e+02
20251215_04:00:00   2.9561e-01   7.3607e+01   5.7158e+00   0.0000e+00   6.0735e-03   2.6797e+02
20251215_05:00:00   2.7670e-01   6.9888e+01   5.2981e+00   0.0000e+00   5.5585e-03   2.6762e+02
20251215_06:00:00   2.6919e-01   6.8249e+01   5.1795e+00   0.0000e+00   5.3473e-03   2.6791e+02
20251215_07:00:00   2.7171e-01   6.8487e+01   5.3058e+00   0.0000e+00   1.0379e-02   2.6808e+02
20251215_08:00:00   2.7230e-01   6.8527e+01   5.3282e+00   0.0000e+00   1.0672e-02   2.6787e+02
20251215_09:00:00   2.6361e-01   6.6783e+01   5.1379e+00   0.0000e+00   7.1499e-03   2.6798e+02
20251215_10:00:00   2.5252e-01   6.4540e+01   4.8800e+00   0.0000e+00   1.0672e-02   2.6870e+02
20251215_11:00:00   2.3889e-01   6.1761e+01   4.5934e+00   0.0000e+00   3.8216e-03   2.6816e+02
20251215_12:00:00   2.3503e-01   6.0983e+01   4.4992e+00   0.0000e+00   2.4482e-03   2.6734e+02
20251215_13:00:00   2.3099e-01   6.0141e+01   4.4123e+00   0.0000e+00   9.6090e-04   2.6537e+02
20251215_14:00:00   2.2685e-01   5.9292e+01   4.3139e+00   0.0000e+00   5.8873e-04   2.6409e+02
20251215_15:00:00   2.3370e-01   6.0712e+01   4.4547e+00   0.0000e+00   5.8099e-05   2.6355e+02
20251215_16:00:00   2.3227e-01   6.0491e+01   4.3969e+00   0.0000e+00   0.0000e+00   2.6522e+02
20251215_17:00:00   2.2877e-01   5.9901e+01   4.3133e+00   0.0000e+00   0.0000e+00   2.6662e+02
20251215_18:00:00   2.3132e-01   6.0605e+01   4.3497e+00   0.0000e+00   0.0000e+00   2.6711e+02
20251215_19:00:00   2.4310e-01   6.3320e+01   4.5255e+00   0.0000e+00   0.0000e+00   2.6678e+02
20251215_20:00:00   2.6463e-01   6.7975e+01   4.8781e+00   0.0000e+00   0.0000e+00   2.6645e+02
20251215_21:00:00   2.8277e-01   7.1707e+01   5.2225e+00   0.0000e+00   0.0000e+00   2.6714e+02
20251215_22:00:00   2.9467e-01   7.3957e+01   5.4996e+00   0.0000e+00   0.0000e+00   2.6848e+02
20251215_23:00:00   2.9404e-01   7.3747e+01   5.4970e+00   0.0000e+00   0.0000e+00   2.6725e+02
20251216_00:00:00   2.6394e-01   6.7786e+01   4.8738e+00   0.0000e+00   0.0000e+00   2.6544e+02
20251216_01:00:00   2.4004e-01   6.2772e+01   4.3967e+00   0.0000e+00   0.0000e+00   2.6510e+02
20251216_02:00:00   2.2956e-01   6.0504e+01   4.1689e+00   0.0000e+00   0.0000e+00   2.7031e+02
20251216_03:00:00   2.2320e-01   5.9086e+01   4.0214e+00   0.0000e+00   0.0000e+00   2.7181e+02
20251216_04:00:00   2.2836e-01   6.0113e+01   4.0980e+00   0.0000e+00   0.0000e+00   2.7300e+02
20251216_05:00:00   2.2425e-01   5.9173e+01   4.0065e+00   0.0000e+00   0.0000e+00   2.7343e+02
20251216_06:00:00   2.2429e-01   5.9122e+01   3.9944e+00   0.0000e+00   0.0000e+00   2.7104e+02
20251216_09:00:00   2.3682e-01   6.1683e+01   4.2614e+00   0.0000e+00   0.0000e+00   2.6946e+02
20251216_12:00:00   2.2749e-01   5.9773e+01   4.0727e+00   0.0000e+00   0.0000e+00   2.6574e+02
20251216_15:00:00   2.1843e-01   5.7630e+01   4.0058e+00   0.0000e+00   4.1340e-06   2.6474e+02
20251216_18:00:00   2.6144e-01   6.6253e+01   5.1829e+00   0.0000e+00   0.0000e+00   2.6793e+02
20251216_21:00:00   2.7419e-01   6.9814e+01   5.2881e+00   0.0000e+00   0.0000e+00   2.6910e+02
20251217_00:00:00   3.5568e-01   8.5787e+01   7.0077e+00   0.0000e+00   0.0000e+00   2.6796e+02
20251217_03:00:00   3.2484e-01   7.9722e+01   6.5226e+00   0.0000e+00   8.3439e-05   2.6982e+02
20251217_06:00:00   4.3222e-01   9.9304e+01   8.8512e+00   0.0000e+00   0.0000e+00   2.7107e+02
20251217_09:00:00   4.7846e-01   1.0715e+02   9.8016e+00   0.0000e+00   3.8060e-05   2.6490e+02
20251217_12:00:00   4.6168e-01   1.0435e+02   9.4198e+00   0.0000e+00   6.9587e-04   2.6071e+02
20251217_15:00:00   3.6272e-01   8.6583e+01   7.5185e+00   0.0000e+00   1.0196e-03   2.6032e+02
20251217_18:00:00   3.1551e-01   7.7832e+01   6.5612e+00   0.0000e+00   4.2564e-04   2.6187e+02
20251217_21:00:00   2.6477e-01   6.8012e+01   5.4733e+00   0.0000e+00   6.2225e-03   2.6154e+02
20251218_00:00:00   3.1454e-01   7.7421e+01   6.6813e+00   0.0000e+00   6.5039e-03   2.6183e+02
20251218_03:00:00   3.8407e-01   9.0365e+01   8.1854e+00   0.0000e+00   5.3779e-03   2.6215e+02
20251218_06:00:00   4.0364e-01   9.3920e+01   8.5358e+00   0.0000e+00   1.5603e-03   2.6242e+02
20251218_09:00:00   4.1953e-01   9.6764e+01   8.7071e+00   0.0000e+00   0.0000e+00   2.6007e+02
20251218_12:00:00   5.1742e-01   1.1299e+02   1.0469e+01   0.0000e+00   0.0000e+00   2.6207e+02
20251218_15:00:00   5.6758e-01   1.2106e+02   1.1114e+01   0.0000e+00   0.0000e+00   2.6315e+02
20251218_18:00:00   5.3276e-01   1.1618e+02   1.0454e+01   0.0000e+00   7.5480e-05   2.6265e+02
20251218_21:00:00   4.1595e-01   9.7080e+01   8.3547e+00   0.0000e+00   2.2164e-03   2.6093e+02
20251219_00:00:00   3.9833e-01   9.3321e+01   8.2248e+00   0.0000e+00   2.4503e-03   2.5897e+02
20251219_03:00:00   4.2747e-01   9.8151e+01   8.8474e+00   0.0000e+00   3.0429e-04   2.6076e+02
20251219_06:00:00   4.6349e-01   1.0454e+02   9.3888e+00   0.0000e+00   5.3563e-03   2.6456e+02
20251219_09:00:00   4.4605e-01   1.0169e+02   8.8984e+00   0.0000e+00   2.7501e-04   2.7036e+02
20251219_12:00:00   4.2888e-01   9.8801e+01   8.3823e+00   0.0000e+00   2.0140e-06   2.6739e+02
20251219_15:00:00   3.9221e-01   9.2150e+01   7.6820e+00   0.0000e+00   1.0916e-03   2.6490e+02
20251219_18:00:00   3.8977e-01   9.1547e+01   7.7792e+00   0.0000e+00   2.8863e-02   2.6548e+02
20251219_21:00:00   5.5049e-01   1.1789e+02   1.0803e+01   0.0000e+00   5.5735e-02   2.6439e+02
20251220_00:00:00   7.8856e-01   1.5047e+02   1.4266e+01   1.1718e-03   9.5547e-02   2.6685e+02
20251220_03:00:00   6.7314e-01   1.3594e+02   1.1954e+01   0.0000e+00   3.2631e-03   2.6750e+02
20251220_06:00:00   5.0496e-01   1.1150e+02   8.8894e+00   0.0000e+00   0.0000e+00   2.6875e+02
20251220_09:00:00   3.9550e-01   9.2895e+01   6.8519e+00   0.0000e+00   0.0000e+00   2.6576e+02
20251220_12:00:00   3.6212e-01   8.6500e+01   6.4011e+00   0.0000e+00   0.0000e+00   2.6526e+02
20251220_15:00:00   3.7419e-01   8.8504e+01   6.8228e+00   0.0000e+00   1.0808e-07   2.6130e+02
20251220_18:00:00   4.0865e-01   9.4644e+01   7.7997e+00   0.0000e+00   4.5500e-05   2.5896e+02
20251220_21:00:00   4.2646e-01   9.7771e+01   8.4375e+00   0.0000e+00   6.0795e-03   2.5596e+02
20251221_00:00:00   4.8640e-01   1.0819e+02   9.5295e+00   0.0000e+00   4.6654e-03   2.5938e+02
20251221_03:00:00   5.2533e-01   1.1491e+02   9.8876e+00   0.0000e+00   0.0000e+00   2.6095e+02
20251221_06:00:00   6.3058e-01   1.3022e+02   1.1839e+01   0.0000e+00   1.8857e-04   2.6281e+02
20251221_09:00:00   7.2131e-01   1.4292e+02   1.2763e+01   1.9595e-03   9.3014e-04   2.6809e+02
20251221_12:00:00   6.0129e-01   1.2625e+02   1.0758e+01   0.0000e+00   1.5132e-03   2.7387e+02
20251221_15:00:00   5.6508e-01   1.2077e+02   1.0280e+01   0.0000e+00   0.0000e+00   2.8165e+02
20251221_18:00:00   5.3901e-01   1.1721e+02   9.8304e+00   0.0000e+00   2.0040e-05   2.8025e+02
20251221_21:00:00   5.4944e-01   1.1918e+02   1.0318e+01   0.0000e+00   1.4708e-04   2.7972e+02
20251222_00:00:00   4.9134e-01   1.0974e+02   9.2540e+00   0.0000e+00   3.2260e-07   2.7986e+02
20251222_03:00:00   5.1811e-01   1.1361e+02   9.9345e+00   0.0000e+00   0.0000e+00   2.7897e+02
20251222_06:00:00   5.8015e-01   1.2351e+02   1.0773e+01   0.0000e+00   0.0000e+00   2.7529e+02
20251222_09:00:00   6.5563e-01   1.3421e+02   1.2069e+01   0.0000e+00   6.9097e-03   2.7529e+02
20251222_12:00:00   4.9401e-01   1.0873e+02   9.6112e+00   0.0000e+00   1.6810e-02   2.7970e+02
20251222_15:00:00   6.0683e-01   1.2599e+02   1.1423e+01   0.0000e+00   3.2825e-02   2.8681e+02
20251222_18:00:00   4.7776e-01   1.0683e+02   8.9644e+00   0.0000e+00   2.8840e-04   2.8556e+02
20251222_21:00:00   4.5613e-01   1.0221e+02   9.1445e+00   0.0000e+00   5.7639e-02   2.8610e+02
20251223_00:00:00   4.5059e-01   1.0075e+02   9.0509e+00   7.2666e-05   1.3324e-01   2.8624e+02
20251223_03:00:00   5.4201e-01   1.1543e+02   1.0653e+01   1.9170e-04   1.1954e-01   2.9312e+02
20251223_06:00:00   7.0333e-01   1.3804e+02   1.2906e+01   7.2438e-04   4.1541e-01   2.9953e+02
20251223_09:00:00   7.7314e-01   1.4713e+02   1.3364e+01   5.7157e-03   4.0393e-01   3.0158e+02
20251223_12:00:00   1.2024e+00   1.8994e+02   1.2007e+01   2.1766e-01   3.0349e-01   3.1735e+02
20251223_15:00:00   7.3770e-01   1.4249e+02   1.1121e+01   3.7195e-02   2.1138e-01   3.2046e+02
20251223_18:00:00   7.6335e-01   1.4542e+02   1.0963e+01   4.9285e-02   3.6475e-01   3.1570e+02
20251223_21:00:00   5.3846e-01   1.1368e+02   9.6810e+00   3.8192e-04   2.6979e-01   3.1483e+02
20251224_00:00:00   5.4340e-01   1.1397e+02   9.6733e+00   9.5458e-05   2.6501e-01   3.1493e+02
20251224_03:00:00   3.9686e-01   8.9602e+01   7.1256e+00   1.6724e-04   8.3765e-02   3.2033e+02
20251224_06:00:00   3.6332e-01   8.4099e+01   6.1261e+00   0.0000e+00   3.0714e-02   3.3033e+02
20251224_09:00:00   2.8929e-01   7.0172e+01   4.6298e+00   2.6940e-05   1.0504e-03   3.3780e+02
20251224_12:00:00   2.6841e-01   6.5805e+01   4.2853e+00   0.0000e+00   3.2751e-04   3.4341e+02
20251224_15:00:00   2.3175e-01   5.8350e+01   3.6268e+00   1.4512e-06   7.5063e-05   3.4187e+02
20251224_18:00:00   1.7671e-01   4.6892e+01   2.7737e+00   1.0808e-07   9.1680e-04   3.4065e+02
20251224_21:00:00   1.6106e-01   4.3498e+01   2.6223e+00   0.0000e+00   1.0600e-05   3.3273e+02
20251225_00:00:00   1.4666e-01   4.0339e+01   2.4120e+00   0.0000e+00   1.3784e-03   3.2396e+02
20251225_03:00:00   1.7380e-01   4.6127e+01   2.9094e+00   0.0000e+00   2.6579e-02   3.2410e+02
20251225_06:00:00   1.8052e-01   4.7520e+01   3.0825e+00   0.0000e+00   6.6136e-02   3.1767e+02
20251225_09:00:00   1.8538e-01   4.8425e+01   3.2781e+00   0.0000e+00   5.6294e-02   3.1701e+02
20251225_12:00:00   1.9213e-01   4.9947e+01   3.3873e+00   0.0000e+00   4.1315e-02   3.1602e+02
20251225_15:00:00   2.1900e-01   5.5815e+01   3.8137e+00   0.0000e+00   4.5222e-02   3.2112e+02
20251225_18:00:00   2.5955e-01   6.4361e+01   4.5281e+00   0.0000e+00   2.0843e-02   3.2730e+02
20251225_21:00:00   2.9386e-01   7.1139e+01   5.2084e+00   0.0000e+00   7.1711e-02   3.2784e+02
20251226_00:00:00   3.4528e-01   8.1102e+01   5.9797e+00   0.0000e+00   3.5551e-03   3.2658e+02
20251226_03:00:00   3.6849e-01   8.5377e+01   6.2069e+00   0.0000e+00   1.3403e-02   3.2258e+02
20251226_06:00:00   2.9769e-01   7.2395e+01   4.7598e+00   0.0000e+00   1.1883e-04   3.3338e+02
20251226_09:00:00   3.0329e-01   7.2890e+01   4.8141e+00   0.0000e+00   6.1997e-03   3.5495e+02
20251226_12:00:00   2.5176e-01   6.2746e+01   3.9264e+00   3.2420e-07   1.1845e-03   3.3451e+02
20251226_15:00:00   1.8888e-01   4.9802e+01   2.9578e+00   0.0000e+00   1.0328e-08   3.2483e+02
20251226_18:00:00   2.1808e-01   5.5994e+01   3.9001e+00   0.0000e+00   0.0000e+00   3.2107e+02
20251226_21:00:00   2.5305e-01   6.3646e+01   4.7443e+00   0.0000e+00   0.0000e+00   3.1547e+02
20251227_00:00:00   2.4518e-01   6.2221e+01   4.6267e+00   0.0000e+00   0.0000e+00   3.1989e+02
20251227_03:00:00   2.4863e-01   6.3113e+01   4.7576e+00   0.0000e+00   0.0000e+00   3.2008e+02
20251227_06:00:00   2.5667e-01   6.4890e+01   4.9704e+00   0.0000e+00   0.0000e+00   3.1769e+02
