#            date       tau255        Tb[K]      pwv[mm] lwp[kg*m^-2] iwp[kg*m^-2]       o3[DU]
20251208_12:00:00   2.8974e-01   7.1008e+01   5.4511e+00   0.0000e+00   4.8831e-04   3.0081e+02
20251208_13:00:00   2.9084e-01   7.1322e+01   5.4261e+00   0.0000e+00   1.0228e-03   3.0425e+02
20251208_14:00:00   2.9132e-01   7.1485e+01   5.3901e+00   0.0000e+00   4.2081e-03   3.0215e+02
20251208_15:00:00   2.9713e-01   7.2609e+01   5.4777e+00   0.0000e+00   1.0885e-03   3.0542e+02
20251208_16:00:00   3.3919e-01   8.0423e+01   6.3307e+00   0.0000e+00   1.1303e-03   3.0624e+02
20251208_17:00:00   3.7514e-01   8.7106e+01   7.0202e+00   0.0000e+00   3.4042e-04   3.0565e+02
20251208_18:00:00   3.6657e-01   8.5907e+01   6.7974e+00   0.0000e+00   0.0000e+00   3.0825e+02
20251208_19:00:00   3.4320e-01   8.1898e+01   6.2844e+00   0.0000e+00   0.0000e+00   3.1018e+02
20251208_20:00:00   3.1230e-01   7.6406e+01   5.5879e+00   0.0000e+00   0.0000e+00   3.0999e+02
20251208_21:00:00   2.6493e-01   6.7376e+01   4.5796e+00   0.0000e+00   0.0000e+00   3.0908e+02
20251208_22:00:00   2.4033e-01   6.2429e+01   4.0958e+00   0.0000e+00   0.0000e+00   3.0190e+02
20251208_23:00:00   2.2544e-01   5.9335e+01   3.8163e+00   0.0000e+00   0.0000e+00   2.9617e+02
20251209_00:00:00   2.1436e-01   5.6948e+01   3.6210e+00   0.0000e+00   0.0000e+00   2.9160e+02
20251209_01:00:00   2.1120e-01   5.6183e+01   3.5736e+00   0.0000e+00   0.0000e+00   2.9322e+02
20251209_02:00:00   2.0463e-01   5.4678e+01   3.4859e+00   0.0000e+00   0.0000e+00   2.9247e+02
20251209_03:00:00   2.2290e-01   5.8454e+01   3.8833e+00   0.0000e+00   0.0000e+00   2.8998e+02
20251209_04:00:00   2.3600e-01   6.1045e+01   4.2257e+00   0.0000e+00   0.0000e+00   2.9063e+02
20251209_05:00:00   2.5196e-01   6.4255e+01   4.6181e+00   0.0000e+00   0.0000e+00   2.9175e+02
20251209_06:00:00   2.6281e-01   6.6418e+01   4.9240e+00   0.0000e+00   0.0000e+00   2.9681e+02
20251209_07:00:00   2.8359e-01   7.0590e+01   5.3593e+00   0.0000e+00   9.8520e-05   3.0061e+02
20251209_08:00:00   3.0228e-01   7.4355e+01   5.7398e+00   0.0000e+00   2.0200e-04   2.9922e+02
20251209_09:00:00   3.0554e-01   7.5138e+01   5.7803e+00   0.0000e+00   0.0000e+00   2.9586e+02
20251209_10:00:00   3.1126e-01   7.6289e+01   5.9128e+00   0.0000e+00   2.0860e-06   2.9662e+02
20251209_11:00:00   3.3115e-01   8.0069e+01   6.3926e+00   0.0000e+00   0.0000e+00   3.0007e+02
20251209_12:00:00   3.4484e-01   8.2591e+01   6.6615e+00   0.0000e+00   0.0000e+00   2.9717e+02
20251209_13:00:00   3.3730e-01   8.1207e+01   6.5164e+00   0.0000e+00   3.0200e-06   2.9544e+02
20251209_14:00:00   3.4141e-01   8.2050e+01   6.6575e+00   0.0000e+00   7.1561e-05   2.9064e+02
20251209_15:00:00   3.5336e-01   8.4240e+01   6.9131e+00   0.0000e+00   1.8364e-03   2.8816e+02
20251209_16:00:00   3.5971e-01   8.5461e+01   7.0831e+00   0.0000e+00   2.5003e-04   2.8785e+02
20251209_17:00:00   3.6598e-01   8.6850e+01   7.2183e+00   0.0000e+00   3.5053e-03   2.8787e+02
20251209_18:00:00   3.7688e-01   8.9031e+01   7.4469e+00   0.0000e+00   6.1390e-03   2.8716e+02
20251209_19:00:00   3.9031e-01   9.1745e+01   7.7380e+00   0.0000e+00   7.1235e-03   2.8559e+02
20251209_20:00:00   3.9247e-01   9.2472e+01   7.7722e+00   0.0000e+00   5.9232e-03   2.8754e+02
20251209_21:00:00   3.9617e-01   9.3308e+01   7.8474e+00   0.0000e+00   4.2833e-03   2.8935e+02
20251209_22:00:00   3.9296e-01   9.2808e+01   7.7602e+00   0.0000e+00   2.3168e-03   2.9238e+02
20251209_23:00:00   3.9574e-01   9.3383e+01   7.8058e+00   0.0000e+00   4.3666e-03   2.9493e+02
20251210_00:00:00   4.0352e-01   9.4826e+01   7.9352e+00   0.0000e+00   4.6858e-03   2.9684e+02
20251210_01:00:00   4.0661e-01   9.5459e+01   7.9094e+00   0.0000e+00   1.3050e-03   2.9893e+02
20251210_02:00:00   4.0407e-01   9.5019e+01   7.7856e+00   0.0000e+00   1.6126e-07   3.0038e+02
20251210_03:00:00   3.8461e-01   9.1556e+01   7.3258e+00   0.0000e+00   0.0000e+00   3.0016e+02
20251210_04:00:00   3.5923e-01   8.6917e+01   6.7475e+00   0.0000e+00   1.4412e-08   2.9908e+02
20251210_05:00:00   3.5560e-01   8.6192e+01   6.6372e+00   0.0000e+00   9.9746e-06   2.9854e+02
20251210_06:00:00   3.6511e-01   8.7901e+01   6.8128e+00   0.0000e+00   6.6020e-07   3.0083e+02
20251210_07:00:00   3.9157e-01   9.2567e+01   7.3334e+00   0.0000e+00   1.8727e-05   2.9913e+02
20251210_08:00:00   4.0318e-01   9.4747e+01   7.5139e+00   0.0000e+00   6.2755e-04   2.9695e+02
20251210_09:00:00   4.1054e-01   9.6246e+01   7.6143e+00   0.0000e+00   8.6240e-06   2.9529e+02
20251210_10:00:00   4.2934e-01   9.9609e+01   8.0222e+00   0.0000e+00   3.6962e-04   2.9840e+02
20251210_11:00:00   4.4784e-01   1.0254e+02   8.3667e+00   0.0000e+00   7.3818e-04   3.0108e+02
20251210_12:00:00   4.6398e-01   1.0519e+02   8.7366e+00   0.0000e+00   1.8626e-04   3.0211e+02
20251210_13:00:00   4.7555e-01   1.0703e+02   8.9847e+00   0.0000e+00   3.6911e-05   3.0393e+02
20251210_14:00:00   4.7666e-01   1.0697e+02   8.9586e+00   0.0000e+00   6.5240e-06   3.0160e+02
20251210_15:00:00   4.8209e-01   1.0758e+02   9.1404e+00   0.0000e+00   1.0428e-06   2.9780e+02
20251210_16:00:00   4.8858e-01   1.0851e+02   9.3045e+00   0.0000e+00   1.0066e-06   2.9487e+02
20251210_17:00:00   4.9148e-01   1.0895e+02   9.3782e+00   0.0000e+00   0.0000e+00   2.9101e+02
20251210_18:00:00   4.8282e-01   1.0767e+02   9.2305e+00   0.0000e+00   0.0000e+00   2.9265e+02
20251210_19:00:00   4.7705e-01   1.0692e+02   9.1288e+00   0.0000e+00   0.0000e+00   2.9047e+02
20251210_20:00:00   4.6916e-01   1.0590e+02   8.9553e+00   0.0000e+00   1.4720e-04   2.8521e+02
20251210_21:00:00   4.6981e-01   1.0627e+02   8.9556e+00   0.0000e+00   1.6670e-04   2.8094e+02
20251210_22:00:00   4.7067e-01   1.0667e+02   8.9435e+00   0.0000e+00   5.1334e-04   2.7940e+02
20251210_23:00:00   4.7483e-01   1.0750e+02   9.0245e+00   0.0000e+00   1.2648e-04   2.7879e+02
20251211_00:00:00   4.7410e-01   1.0735e+02   9.0255e+00   0.0000e+00   0.0000e+00   2.7612e+02
20251211_01:00:00   4.6190e-01   1.0523e+02   8.7561e+00   0.0000e+00   0.0000e+00   2.7383e+02
20251211_02:00:00   4.3924e-01   1.0138e+02   8.3039e+00   0.0000e+00   0.0000e+00   2.7435e+02
20251211_03:00:00   4.4049e-01   1.0169e+02   8.2863e+00   0.0000e+00   0.0000e+00   2.7362e+02
20251211_04:00:00   4.5672e-01   1.0444e+02   8.5664e+00   0.0000e+00   0.0000e+00   2.7362e+02
20251211_05:00:00   4.6229e-01   1.0534e+02   8.6440e+00   0.0000e+00   0.0000e+00   2.7418e+02
20251211_06:00:00   4.6355e-01   1.0552e+02   8.6953e+00   0.0000e+00   0.0000e+00   2.7444e+02
20251211_07:00:00   4.6206e-01   1.0516e+02   8.6841e+00   0.0000e+00   0.0000e+00   2.7583e+02
20251211_08:00:00   4.2955e-01   9.9610e+01   8.0871e+00   0.0000e+00   0.0000e+00   2.7604e+02
20251211_09:00:00   3.9463e-01   9.3440e+01   7.4418e+00   0.0000e+00   0.0000e+00   2.7575e+02
20251211_10:00:00   3.9061e-01   9.2660e+01   7.3424e+00   0.0000e+00   0.0000e+00   2.7501e+02
20251211_11:00:00   3.9192e-01   9.2802e+01   7.3615e+00   0.0000e+00   0.0000e+00   2.7847e+02
20251211_12:00:00   3.9476e-01   9.3255e+01   7.4198e+00   0.0000e+00   0.0000e+00   2.8020e+02
20251211_13:00:00   4.0367e-01   9.4875e+01   7.6124e+00   0.0000e+00   0.0000e+00   2.7871e+02
20251211_14:00:00   4.2390e-01   9.8523e+01   8.0619e+00   0.0000e+00   0.0000e+00   2.7354e+02
20251211_15:00:00   4.2310e-01   9.8380e+01   8.0660e+00   0.0000e+00   0.0000e+00   2.7249e+02
20251211_16:00:00   4.1454e-01   9.6914e+01   7.8894e+00   0.0000e+00   0.0000e+00   2.7385e+02
20251211_17:00:00   3.9645e-01   9.3857e+01   7.5670e+00   0.0000e+00   0.0000e+00   2.7478e+02
20251211_18:00:00   3.8756e-01   9.2403e+01   7.4029e+00   0.0000e+00   0.0000e+00   2.7561e+02
20251211_19:00:00   3.7381e-01   8.9994e+01   7.1216e+00   0.0000e+00   0.0000e+00   2.7619e+02
20251211_20:00:00   3.6746e-01   8.8986e+01   7.0155e+00   0.0000e+00   0.0000e+00   2.7689e+02
20251211_21:00:00   3.8229e-01   9.1885e+01   7.3311e+00   0.0000e+00   0.0000e+00   2.7698e+02
20251211_22:00:00   4.0109e-01   9.5370e+01   7.7216e+00   0.0000e+00   0.0000e+00   2.7692e+02
20251211_23:00:00   3.9817e-01   9.4821e+01   7.7024e+00   0.0000e+00   0.0000e+00   2.7743e+02
20251212_00:00:00   3.9493e-01   9.4080e+01   7.6528e+00   0.0000e+00   2.3540e-05   2.7737e+02
20251212_01:00:00   3.9231e-01   9.3518e+01   7.6159e+00   0.0000e+00   3.5280e-05   2.7768e+02
20251212_02:00:00   3.9001e-01   9.3037e+01   7.5811e+00   0.0000e+00   1.6340e-05   2.8004e+02
20251212_03:00:00   3.8148e-01   9.1408e+01   7.4078e+00   0.0000e+00   2.3720e-06   2.8142e+02
20251212_04:00:00   3.8391e-01   9.1769e+01   7.4576e+00   0.0000e+00   3.2260e-07   2.8177e+02
20251212_05:00:00   3.7539e-01   9.0138e+01   7.2792e+00   0.0000e+00   0.0000e+00   2.8121e+02
20251212_06:00:00   3.5862e-01   8.6903e+01   6.9225e+00   0.0000e+00   0.0000e+00   2.8035e+02
20251212_07:00:00   3.3909e-01   8.3052e+01   6.5366e+00   0.0000e+00   0.0000e+00   2.7904e+02
20251212_08:00:00   3.2482e-01   8.0238e+01   6.2362e+00   0.0000e+00   0.0000e+00   2.7944e+02
20251212_09:00:00   3.1324e-01   7.7971e+01   5.9841e+00   0.0000e+00   0.0000e+00   2.7995e+02
20251212_10:00:00   3.1031e-01   7.7371e+01   5.8752e+00   0.0000e+00   0.0000e+00   2.8182e+02
20251212_11:00:00   3.0818e-01   7.6931e+01   5.7907e+00   0.0000e+00   0.0000e+00   2.8054e+02
20251212_12:00:00   3.0242e-01   7.5779e+01   5.6563e+00   0.0000e+00   0.0000e+00   2.8088e+02
20251212_13:00:00   2.9712e-01   7.4687e+01   5.5604e+00   0.0000e+00   0.0000e+00   2.7975e+02
20251212_14:00:00   2.9219e-01   7.3668e+01   5.4714e+00   0.0000e+00   0.0000e+00   2.8097e+02
20251212_15:00:00   2.8299e-01   7.1810e+01   5.3174e+00   0.0000e+00   0.0000e+00   2.8224e+02
20251212_16:00:00   2.8245e-01   7.1757e+01   5.2962e+00   0.0000e+00   0.0000e+00   2.8135e+02
20251212_17:00:00   2.8134e-01   7.1604e+01   5.2655e+00   0.0000e+00   0.0000e+00   2.7871e+02
20251212_18:00:00   2.8106e-01   7.1588e+01   5.2796e+00   0.0000e+00   0.0000e+00   2.7768e+02
20251212_19:00:00   2.8893e-01   7.3281e+01   5.4093e+00   0.0000e+00   0.0000e+00   2.7631e+02
20251212_20:00:00   2.9409e-01   7.4433e+01   5.5025e+00   0.0000e+00   0.0000e+00   2.7547e+02
20251212_21:00:00   3.0108e-01   7.5961e+01   5.6236e+00   0.0000e+00   0.0000e+00   2.7628e+02
20251212_22:00:00   3.0047e-01   7.5952e+01   5.5407e+00   0.0000e+00   0.0000e+00   2.7775e+02
20251212_23:00:00   2.9604e-01   7.5060e+01   5.4434e+00   0.0000e+00   0.0000e+00   2.7585e+02
20251213_00:00:00   2.9083e-01   7.3934e+01   5.3398e+00   0.0000e+00   0.0000e+00   2.7746e+02
20251213_01:00:00   2.8651e-01   7.2990e+01   5.2606e+00   0.0000e+00   0.0000e+00   2.7784e+02
20251213_02:00:00   2.7746e-01   7.1053e+01   5.1068e+00   0.0000e+00   0.0000e+00   2.7629e+02
20251213_03:00:00   2.6874e-01   6.9180e+01   4.9535e+00   0.0000e+00   0.0000e+00   2.7519e+02
20251213_04:00:00   2.5934e-01   6.7145e+01   4.7775e+00   0.0000e+00   0.0000e+00   2.7660e+02
20251213_05:00:00   2.4782e-01   6.4664e+01   4.5646e+00   0.0000e+00   0.0000e+00   2.8127e+02
20251213_06:00:00   2.3892e-01   6.2727e+01   4.3999e+00   0.0000e+00   0.0000e+00   2.8371e+02
20251213_07:00:00   2.3261e-01   6.1334e+01   4.2890e+00   0.0000e+00   0.0000e+00   2.8393e+02
20251213_08:00:00   2.2876e-01   6.0459e+01   4.2146e+00   0.0000e+00   0.0000e+00   2.8628e+02
20251213_09:00:00   2.2969e-01   6.0609e+01   4.2307e+00   0.0000e+00   0.0000e+00   2.9072e+02
20251213_10:00:00   2.3402e-01   6.1466e+01   4.3305e+00   0.0000e+00   0.0000e+00   2.9097e+02
20251213_11:00:00   2.4020e-01   6.2746e+01   4.4493e+00   0.0000e+00   0.0000e+00   2.9270e+02
20251213_12:00:00   2.4315e-01   6.3326e+01   4.4939e+00   0.0000e+00   0.0000e+00   2.9417e+02
20251213_15:00:00   2.4088e-01   6.2726e+01   4.4736e+00   0.0000e+00   0.0000e+00   2.8849e+02
20251213_18:00:00   2.5050e-01   6.4928e+01   4.6869e+00   0.0000e+00   0.0000e+00   2.8388e+02
20251213_21:00:00   3.1255e-01   7.7496e+01   6.0813e+00   0.0000e+00   0.0000e+00   2.7794e+02
20251214_00:00:00   3.0203e-01   7.5463e+01   5.8626e+00   0.0000e+00   0.0000e+00   2.7313e+02
20251214_03:00:00   2.8721e-01   7.2468e+01   5.5414e+00   0.0000e+00   0.0000e+00   2.6393e+02
20251214_06:00:00   3.2165e-01   7.9063e+01   6.0676e+00   0.0000e+00   0.0000e+00   2.6513e+02
20251214_09:00:00   3.3926e-01   8.2175e+01   6.2718e+00   0.0000e+00   0.0000e+00   2.6354e+02
20251214_12:00:00   3.3200e-01   8.0512e+01   6.1295e+00   0.0000e+00   1.5772e-02   2.6300e+02
20251214_15:00:00   3.1027e-01   7.5995e+01   5.7275e+00   0.0000e+00   5.6498e-02   2.6860e+02
20251214_18:00:00   3.2574e-01   7.9015e+01   6.1579e+00   0.0000e+00   5.1908e-02   2.7640e+02
20251214_21:00:00   3.3432e-01   8.0934e+01   6.3776e+00   0.0000e+00   3.7478e-02   2.7468e+02
20251215_00:00:00   3.4322e-01   8.3128e+01   6.3593e+00   0.0000e+00   2.3725e-03   2.7851e+02
20251215_03:00:00   3.6907e-01   8.7989e+01   6.7788e+00   0.0000e+00   0.0000e+00   2.8334e+02
20251215_06:00:00   3.6378e-01   8.6843e+01   6.6609e+00   0.0000e+00   0.0000e+00   2.7886e+02
20251215_09:00:00   3.2252e-01   7.8975e+01   5.9172e+00   0.0000e+00   0.0000e+00   2.7405e+02
20251215_12:00:00   3.0237e-01   7.4893e+01   5.4799e+00   0.0000e+00   0.0000e+00   2.7200e+02
20251215_15:00:00   2.8337e-01   7.1041e+01   5.1244e+00   0.0000e+00   0.0000e+00   2.7141e+02
20251215_18:00:00   2.6615e-01   6.7722e+01   4.8759e+00   0.0000e+00   0.0000e+00   2.7040e+02
20251215_21:00:00   2.7369e-01   6.9434e+01   5.0806e+00   0.0000e+00   7.2740e-05   2.6918e+02
20251216_00:00:00   2.8035e-01   7.0812e+01   5.1913e+00   0.0000e+00   0.0000e+00   2.6901e+02
20251216_03:00:00   2.7359e-01   6.9359e+01   5.0161e+00   0.0000e+00   0.0000e+00   2.7052e+02
20251216_06:00:00   2.3988e-01   6.2115e+01   4.3713e+00   0.0000e+00   0.0000e+00   2.7213e+02
20251216_09:00:00   2.2918e-01   5.9762e+01   4.1700e+00   0.0000e+00   0.0000e+00   2.6793e+02
20251216_12:00:00   2.3058e-01   6.0016e+01   4.1875e+00   0.0000e+00   0.0000e+00   2.6611e+02
20251216_15:00:00   2.3847e-01   6.1618e+01   4.3670e+00   0.0000e+00   0.0000e+00   2.6510e+02
20251216_18:00:00   2.3305e-01   6.0678e+01   4.2946e+00   0.0000e+00   0.0000e+00   2.6510e+02
20251216_21:00:00   2.5298e-01   6.5124e+01   4.6917e+00   0.0000e+00   0.0000e+00   2.6189e+02
20251217_00:00:00   2.8144e-01   7.0966e+01   5.2566e+00   0.0000e+00   0.0000e+00   2.6098e+02
20251217_03:00:00   2.7312e-01   6.9089e+01   5.1251e+00   0.0000e+00   0.0000e+00   2.5902e+02
20251217_06:00:00   2.6950e-01   6.8164e+01   5.1226e+00   0.0000e+00   0.0000e+00   2.5921e+02
20251217_09:00:00   2.4608e-01   6.3258e+01   4.6768e+00   0.0000e+00   0.0000e+00   2.6208e+02
20251217_12:00:00   2.2469e-01   5.8746e+01   4.2391e+00   0.0000e+00   0.0000e+00   2.6821e+02
20251217_15:00:00   1.7991e-01   4.9020e+01   3.2672e+00   0.0000e+00   5.3840e-04   2.6573e+02
20251217_18:00:00   1.6725e-01   4.6459e+01   3.0187e+00   0.0000e+00   0.0000e+00   2.6239e+02
20251217_21:00:00   2.1146e-01   5.6535e+01   3.8992e+00   0.0000e+00   0.0000e+00   2.6125e+02
20251218_00:00:00   2.0777e-01   5.5754e+01   3.8208e+00   0.0000e+00   0.0000e+00   2.6404e+02
20251218_03:00:00   1.8797e-01   5.1332e+01   3.4892e+00   0.0000e+00   0.0000e+00   2.6740e+02
20251218_06:00:00   1.5193e-01   4.3170e+01   2.7103e+00   0.0000e+00   0.0000e+00   2.6946e+02
20251218_09:00:00   1.4754e-01   4.1980e+01   2.6346e+00   0.0000e+00   0.0000e+00   2.6892e+02
20251218_12:00:00   1.4138e-01   4.0517e+01   2.5192e+00   0.0000e+00   0.0000e+00   2.6631e+02
20251218_15:00:00   1.3129e-01   3.8146e+01   2.3041e+00   0.0000e+00   0.0000e+00   2.6731e+02
20251218_18:00:00   1.3173e-01   3.8316e+01   2.3624e+00   0.0000e+00   0.0000e+00   2.7176e+02
20251218_21:00:00   1.5997e-01   4.5138e+01   2.9857e+00   0.0000e+00   0.0000e+00   2.7523e+02
20251219_00:00:00   1.4747e-01   4.2273e+01   2.7239e+00   0.0000e+00   0.0000e+00   2.7259e+02
20251219_03:00:00   1.3900e-01   4.0251e+01   2.5285e+00   0.0000e+00   0.0000e+00   2.6801e+02
20251219_06:00:00   1.5110e-01   4.3136e+01   2.8097e+00   0.0000e+00   0.0000e+00   2.7256e+02
20251219_09:00:00   1.4900e-01   4.2615e+01   2.7529e+00   0.0000e+00   4.7640e-03   2.7190e+02
20251219_12:00:00   1.6643e-01   4.6535e+01   3.0925e+00   0.0000e+00   2.0446e-02   2.7164e+02
20251219_15:00:00   1.9172e-01   5.2038e+01   3.7022e+00   0.0000e+00   6.6138e-03   2.7679e+02
20251219_18:00:00   2.1787e-01   5.7389e+01   4.3893e+00   0.0000e+00   4.2712e-02   2.7422e+02
20251219_21:00:00   2.6055e-01   6.6289e+01   5.3477e+00   0.0000e+00   5.0782e-02   2.6857e+02
20251220_00:00:00   3.6362e-01   8.6014e+01   7.5971e+00   0.0000e+00   5.5981e-02   2.6036e+02
20251220_03:00:00   3.7487e-01   8.8045e+01   7.7997e+00   0.0000e+00   9.1537e-02   2.6166e+02
20251220_06:00:00   3.7065e-01   8.7443e+01   7.6959e+00   0.0000e+00   7.6230e-03   2.6504e+02
20251220_09:00:00   3.5384e-01   8.4221e+01   7.2841e+00   0.0000e+00   7.1146e-03   2.7541e+02
20251220_12:00:00   3.9026e-01   9.0337e+01   8.0894e+00   0.0000e+00   7.4911e-03   2.7801e+02
20251220_15:00:00   4.3073e-01   9.7212e+01   8.8931e+00   0.0000e+00   6.4913e-03   2.7554e+02
20251220_18:00:00   4.4878e-01   1.0043e+02   9.1033e+00   9.0120e-06   4.5121e-02   2.7453e+02
20251220_21:00:00   4.9705e-01   1.1008e+02   9.5228e+00   0.0000e+00   6.2711e-03   2.6739e+02
20251221_00:00:00   5.3755e-01   1.1614e+02   1.0108e+01   0.0000e+00   1.6982e-02   2.6651e+02
20251221_03:00:00   6.7055e-01   1.3523e+02   1.2147e+01   0.0000e+00   1.7335e-01   2.7255e+02
20251221_06:00:00   5.7434e-01   1.2116e+02   1.0577e+01   0.0000e+00   1.7782e-02   2.7558e+02
20251221_09:00:00   5.2468e-01   1.1309e+02   9.8177e+00   0.0000e+00   2.0374e-02   2.6779e+02
20251221_12:00:00   4.0366e-01   9.3158e+01   7.5541e+00   0.0000e+00   0.0000e+00   2.6557e+02
20251221_15:00:00   3.1565e-01   7.7135e+01   5.7766e+00   0.0000e+00   0.0000e+00   2.6399e+02
20251221_18:00:00   3.7883e-01   8.8608e+01   7.3162e+00   0.0000e+00   1.4393e-03   2.6437e+02
20251221_21:00:00   3.3639e-01   8.1543e+01   6.4437e+00   0.0000e+00   0.0000e+00   2.7113e+02
20251222_00:00:00   2.6863e-01   6.8640e+01   4.9803e+00   0.0000e+00   0.0000e+00   2.7237e+02
20251222_03:00:00   2.4090e-01   6.2550e+01   4.4223e+00   0.0000e+00   8.5040e-04   2.7567e+02
20251222_06:00:00   2.2969e-01   6.0074e+01   4.3115e+00   0.0000e+00   0.0000e+00   2.7504e+02
20251222_09:00:00   2.7282e-01   6.9076e+01   5.1986e+00   0.0000e+00   0.0000e+00   2.7395e+02
20251222_12:00:00   3.1764e-01   7.8011e+01   6.0896e+00   0.0000e+00   0.0000e+00   2.7193e+02
20251222_15:00:00   3.5902e-01   8.5832e+01   6.9264e+00   0.0000e+00   0.0000e+00   2.6973e+02
20251222_18:00:00   4.3720e-01   1.0009e+02   8.5730e+00   0.0000e+00   4.0260e-05   2.7598e+02
20251222_21:00:00   4.4348e-01   1.0190e+02   8.7365e+00   0.0000e+00   4.3560e-05   2.7472e+02
20251223_00:00:00   4.4815e-01   1.0244e+02   8.8037e+00   0.0000e+00   1.8220e-05   2.7014e+02
20251223_03:00:00   4.4010e-01   1.0072e+02   8.5271e+00   0.0000e+00   6.4930e-05   2.7302e+02
20251223_06:00:00   4.2872e-01   9.8684e+01   7.9800e+00   0.0000e+00   1.5130e-04   2.8236e+02
20251223_09:00:00   4.1566e-01   9.6393e+01   7.5725e+00   0.0000e+00   3.3160e-04   2.7869e+02
20251223_12:00:00   4.4686e-01   1.0165e+02   8.0704e+00   0.0000e+00   9.7820e-07   2.7553e+02
20251223_15:00:00   4.7186e-01   1.0573e+02   8.5729e+00   0.0000e+00   0.0000e+00   2.7563e+02
20251223_18:00:00   4.0376e-01   9.4714e+01   7.2062e+00   0.0000e+00   0.0000e+00   2.6848e+02
20251223_21:00:00   3.6966e-01   8.8832e+01   6.8822e+00   0.0000e+00   0.0000e+00   2.6172e+02
20251224_00:00:00   3.1339e-01   7.7909e+01   5.8689e+00   0.0000e+00   8.9338e-04   2.5922e+02
20251224_03:00:00   3.0489e-01   7.6203e+01   5.5806e+00   0.0000e+00   4.8764e-04   2.5411e+02
20251224_06:00:00   3.3338e-01   8.1513e+01   6.1964e+00   0.0000e+00   1.3838e-03   2.5835e+02
20251224_09:00:00   3.7399e-01   8.9005e+01   6.8588e+00   0.0000e+00   0.0000e+00   2.6276e+02
20251224_12:00:00   3.4843e-01   8.4335e+01   6.3167e+00   0.0000e+00   0.0000e+00   2.6350e+02
