#            date       tau255        Tb[K]      pwv[mm] lwp[kg*m^-2] iwp[kg*m^-2]       o3[DU]
20251208_18:00:00   3.6829e-01   8.6236e+01   6.8008e+00   0.0000e+00   0.0000e+00   3.0815e+02
20251208_19:00:00   3.4518e-01   8.2277e+01   6.2926e+00   0.0000e+00   0.0000e+00   3.1052e+02
20251208_20:00:00   3.1036e-01   7.6027e+01   5.5204e+00   0.0000e+00   0.0000e+00   3.1052e+02
20251208_21:00:00   2.6393e-01   6.7166e+01   4.5414e+00   0.0000e+00   0.0000e+00   3.1010e+02
20251208_22:00:00   2.4532e-01   6.3421e+01   4.1886e+00   0.0000e+00   0.0000e+00   3.0162e+02
20251208_23:00:00   2.3022e-01   6.0297e+01   3.9059e+00   0.0000e+00   0.0000e+00   2.9607e+02
20251209_00:00:00   2.1605e-01   5.7264e+01   3.6530e+00   0.0000e+00   0.0000e+00   2.9325e+02
20251209_01:00:00   2.1516e-01   5.7027e+01   3.6385e+00   0.0000e+00   0.0000e+00   2.9620e+02
20251209_02:00:00   2.0868e-01   5.5558e+01   3.5576e+00   0.0000e+00   0.0000e+00   2.9591e+02
20251209_03:00:00   2.2358e-01   5.8611e+01   3.8806e+00   0.0000e+00   0.0000e+00   2.9083e+02
20251209_04:00:00   2.3155e-01   6.0180e+01   4.1075e+00   0.0000e+00   0.0000e+00   2.8988e+02
20251209_05:00:00   2.4285e-01   6.2429e+01   4.4128e+00   0.0000e+00   0.0000e+00   2.9151e+02
20251209_06:00:00   2.4680e-01   6.3229e+01   4.5393e+00   0.0000e+00   0.0000e+00   2.9492e+02
20251209_07:00:00   2.6694e-01   6.7300e+01   4.9968e+00   0.0000e+00   6.9418e-05   2.9771e+02
20251209_08:00:00   2.8205e-01   7.0317e+01   5.3509e+00   0.0000e+00   4.2648e-04   2.9862e+02
20251209_09:00:00   2.9770e-01   7.3552e+01   5.6626e+00   0.0000e+00   2.1880e-06   2.9919e+02
20251209_10:00:00   3.0749e-01   7.5505e+01   5.8771e+00   0.0000e+00   1.2206e-06   3.0007e+02
20251209_11:00:00   3.1402e-01   7.6783e+01   6.0286e+00   0.0000e+00   0.0000e+00   2.9809e+02
20251209_12:00:00   3.5134e-01   8.3785e+01   6.8711e+00   0.0000e+00   5.0340e-06   2.9506e+02
20251209_13:00:00   3.6533e-01   8.6369e+01   7.2068e+00   0.0000e+00   4.6439e-04   2.9631e+02
20251209_14:00:00   3.5554e-01   8.4663e+01   7.0189e+00   0.0000e+00   3.0246e-05   2.9527e+02
20251209_15:00:00   3.6064e-01   8.5647e+01   7.1200e+00   0.0000e+00   1.5348e-04   2.8925e+02
20251209_16:00:00   3.6293e-01   8.6241e+01   7.1855e+00   0.0000e+00   2.0860e-06   2.8643e+02
20251209_17:00:00   3.6485e-01   8.6754e+01   7.2004e+00   0.0000e+00   1.2112e-03   2.8472e+02
20251209_18:00:00   3.7812e-01   8.9330e+01   7.4629e+00   0.0000e+00   2.2479e-04   2.8318e+02
20251209_19:00:00   3.8489e-01   9.0839e+01   7.5947e+00   0.0000e+00   3.8270e-03   2.8549e+02
20251209_20:00:00   3.8731e-01   9.1516e+01   7.6387e+00   0.0000e+00   2.5574e-03   2.8617e+02
20251209_21:00:00   3.8718e-01   9.1679e+01   7.6203e+00   0.0000e+00   1.5640e-03   2.8583e+02
20251209_22:00:00   3.9210e-01   9.2655e+01   7.7367e+00   0.0000e+00   1.7767e-03   2.8855e+02
20251209_23:00:00   3.8216e-01   9.0880e+01   7.5157e+00   0.0000e+00   9.0371e-04   2.9094e+02
20251210_00:00:00   3.7292e-01   8.9237e+01   7.3140e+00   0.0000e+00   1.1110e-04   2.9443e+02
20251210_01:00:00   3.5674e-01   8.6275e+01   6.9047e+00   0.0000e+00   0.0000e+00   2.9839e+02
20251210_02:00:00   3.3437e-01   8.2153e+01   6.3647e+00   0.0000e+00   0.0000e+00   3.0031e+02
20251210_03:00:00   3.1352e-01   7.8139e+01   5.8658e+00   0.0000e+00   2.5241e-04   2.9886e+02
20251210_04:00:00   3.0123e-01   7.5735e+01   5.5731e+00   0.0000e+00   8.9255e-04   3.0020e+02
20251210_05:00:00   3.0467e-01   7.6442e+01   5.5994e+00   0.0000e+00   4.4504e-04   3.0092e+02
20251210_06:00:00   3.0948e-01   7.7350e+01   5.6513e+00   0.0000e+00   1.5208e-03   3.0187e+02
20251210_07:00:00   3.3320e-01   8.1880e+01   6.0651e+00   0.0000e+00   1.5477e-03   3.0205e+02
20251210_08:00:00   3.5136e-01   8.5352e+01   6.3876e+00   0.0000e+00   1.2588e-03   3.0342e+02
20251210_09:00:00   3.7180e-01   8.9158e+01   6.7694e+00   0.0000e+00   8.8836e-04   3.0219e+02
20251210_10:00:00   3.9812e-01   9.3962e+01   7.3088e+00   0.0000e+00   8.3523e-04   3.0529e+02
20251210_11:00:00   4.1865e-01   9.7725e+01   7.8071e+00   0.0000e+00   8.9599e-04   3.0375e+02
20251210_12:00:00   4.3584e-01   1.0057e+02   8.1812e+00   0.0000e+00   4.6380e-04   3.0308e+02
20251210_13:00:00   4.5427e-01   1.0357e+02   8.5709e+00   0.0000e+00   1.8022e-05   3.0431e+02
20251210_14:00:00   4.5930e-01   1.0432e+02   8.6143e+00   0.0000e+00   0.0000e+00   3.0441e+02
20251210_15:00:00   4.6023e-01   1.0430e+02   8.6290e+00   0.0000e+00   0.0000e+00   3.0273e+02
20251210_16:00:00   4.6081e-01   1.0420e+02   8.6893e+00   0.0000e+00   3.6020e-08   3.0040e+02
20251210_17:00:00   4.6704e-01   1.0513e+02   8.8907e+00   0.0000e+00   0.0000e+00   2.9576e+02
20251210_18:00:00   4.6983e-01   1.0568e+02   8.9877e+00   0.0000e+00   1.8014e-08   2.8977e+02
20251210_19:00:00   4.6623e-01   1.0524e+02   8.8984e+00   0.0000e+00   3.6020e-08   2.8689e+02
20251210_20:00:00   4.6686e-01   1.0554e+02   8.9020e+00   0.0000e+00   2.0500e-06   2.8564e+02
20251210_21:00:00   4.8337e-01   1.0848e+02   9.1868e+00   0.0000e+00   7.2060e-08   2.8353e+02
20251210_22:00:00   4.9340e-01   1.1033e+02   9.3701e+00   0.0000e+00   6.8780e-05   2.8172e+02
20251210_23:00:00   4.9102e-01   1.1007e+02   9.3225e+00   0.0000e+00   5.7733e-05   2.7715e+02
20251211_00:00:00   4.8199e-01   1.0858e+02   9.1516e+00   0.0000e+00   3.3560e-04   2.7603e+02
20251211_01:00:00   4.7752e-01   1.0780e+02   9.0679e+00   0.0000e+00   0.0000e+00   2.7426e+02
20251211_02:00:00   4.7346e-01   1.0713e+02   8.9934e+00   0.0000e+00   0.0000e+00   2.7181e+02
20251211_03:00:00   4.7117e-01   1.0685e+02   8.9081e+00   0.0000e+00   0.0000e+00   2.7245e+02
20251211_04:00:00   4.7624e-01   1.0770e+02   8.9626e+00   0.0000e+00   0.0000e+00   2.7553e+02
20251211_05:00:00   4.8739e-01   1.0953e+02   9.1737e+00   0.0000e+00   0.0000e+00   2.7575e+02
20251211_06:00:00   4.9743e-01   1.1112e+02   9.3766e+00   0.0000e+00   0.0000e+00   2.7669e+02
20251211_07:00:00   4.9227e-01   1.1029e+02   9.2455e+00   0.0000e+00   0.0000e+00   2.7615e+02
20251211_08:00:00   4.6132e-01   1.0514e+02   8.6644e+00   0.0000e+00   0.0000e+00   2.7570e+02
20251211_09:00:00   4.3885e-01   1.0131e+02   8.2403e+00   0.0000e+00   0.0000e+00   2.7778e+02
20251211_10:00:00   4.2257e-01   9.8421e+01   7.9167e+00   0.0000e+00   0.0000e+00   2.7974e+02
20251211_11:00:00   4.1664e-01   9.7227e+01   7.7541e+00   0.0000e+00   0.0000e+00   2.7855e+02
20251211_12:00:00   4.1126e-01   9.6187e+01   7.7032e+00   0.0000e+00   0.0000e+00   2.7643e+02
20251211_13:00:00   4.1781e-01   9.7441e+01   7.9077e+00   0.0000e+00   0.0000e+00   2.7555e+02
20251211_14:00:00   4.2873e-01   9.9354e+01   8.1270e+00   0.0000e+00   0.0000e+00   2.7533e+02
20251211_15:00:00   4.3467e-01   1.0031e+02   8.2601e+00   0.0000e+00   0.0000e+00   2.7374e+02
20251211_16:00:00   4.2676e-01   9.9011e+01   8.1124e+00   0.0000e+00   0.0000e+00   2.7372e+02
20251211_17:00:00   4.1748e-01   9.7513e+01   7.9433e+00   0.0000e+00   0.0000e+00   2.7438e+02
20251211_18:00:00   3.9676e-01   9.3972e+01   7.5029e+00   0.0000e+00   0.0000e+00   2.7603e+02
20251211_19:00:00   3.7969e-01   9.0996e+01   7.1627e+00   0.0000e+00   0.0000e+00   2.7827e+02
20251211_20:00:00   3.8406e-01   9.1956e+01   7.2667e+00   0.0000e+00   0.0000e+00   2.7851e+02
20251211_21:00:00   3.8635e-01   9.2521e+01   7.3335e+00   0.0000e+00   0.0000e+00   2.7815e+02
20251211_22:00:00   3.8653e-01   9.2649e+01   7.3544e+00   0.0000e+00   0.0000e+00   2.7952e+02
20251211_23:00:00   3.8897e-01   9.3157e+01   7.4110e+00   0.0000e+00   0.0000e+00   2.7916e+02
20251212_00:00:00   3.8889e-01   9.3108e+01   7.3851e+00   0.0000e+00   0.0000e+00   2.7855e+02
20251212_01:00:00   3.8115e-01   9.1580e+01   7.2265e+00   0.0000e+00   0.0000e+00   2.8130e+02
20251212_02:00:00   3.7269e-01   8.9938e+01   7.0937e+00   0.0000e+00   1.0158e-05   2.8120e+02
20251212_03:00:00   3.8350e-01   9.1862e+01   7.3359e+00   0.0000e+00   5.1460e-06   2.8121e+02
20251212_04:00:00   3.9414e-01   9.3710e+01   7.5410e+00   0.0000e+00   2.6760e-05   2.7939e+02
20251212_05:00:00   3.8970e-01   9.2795e+01   7.4726e+00   0.0000e+00   3.1340e-05   2.7888e+02
20251212_06:00:00   3.7587e-01   9.0134e+01   7.2156e+00   0.0000e+00   0.0000e+00   2.7896e+02
20251212_07:00:00   3.5436e-01   8.5996e+01   6.7931e+00   0.0000e+00   0.0000e+00   2.8024e+02
20251212_08:00:00   3.3981e-01   8.3170e+01   6.4746e+00   0.0000e+00   0.0000e+00   2.8065e+02
20251212_09:00:00   3.3407e-01   8.2056e+01   6.3115e+00   0.0000e+00   0.0000e+00   2.8052e+02
20251212_10:00:00   3.2934e-01   8.1145e+01   6.1906e+00   0.0000e+00   0.0000e+00   2.8016e+02
20251212_11:00:00   3.2328e-01   7.9961e+01   6.0781e+00   0.0000e+00   0.0000e+00   2.8012e+02
20251212_12:00:00   3.2148e-01   7.9566e+01   6.0363e+00   0.0000e+00   0.0000e+00   2.8074e+02
20251212_13:00:00   3.1494e-01   7.8259e+01   5.9280e+00   0.0000e+00   0.0000e+00   2.8005e+02
20251212_14:00:00   3.1241e-01   7.7717e+01   5.9080e+00   0.0000e+00   0.0000e+00   2.8252e+02
20251212_15:00:00   3.1358e-01   7.7895e+01   5.9236e+00   0.0000e+00   0.0000e+00   2.8131e+02
20251212_16:00:00   3.1574e-01   7.8332e+01   5.9531e+00   0.0000e+00   0.0000e+00   2.7894e+02
20251212_17:00:00   3.1733e-01   7.8743e+01   5.9978e+00   0.0000e+00   0.0000e+00   2.7885e+02
20251212_18:00:00   3.2000e-01   7.9349e+01   6.0555e+00   0.0000e+00   0.0000e+00   2.7665e+02
20251212_19:00:00   3.3049e-01   8.1464e+01   6.2428e+00   0.0000e+00   0.0000e+00   2.7595e+02
20251212_20:00:00   3.3691e-01   8.2790e+01   6.3546e+00   0.0000e+00   0.0000e+00   2.7587e+02
20251212_21:00:00   3.2680e-01   8.0905e+01   6.1591e+00   0.0000e+00   0.0000e+00   2.7654e+02
20251212_22:00:00   3.2084e-01   7.9774e+01   6.0159e+00   0.0000e+00   0.0000e+00   2.7613e+02
20251212_23:00:00   3.2924e-01   8.1428e+01   6.1531e+00   0.0000e+00   0.0000e+00   2.7443e+02
20251213_00:00:00   3.3925e-01   8.3319e+01   6.3276e+00   0.0000e+00   0.0000e+00   2.7406e+02
20251213_01:00:00   3.3472e-01   8.2413e+01   6.2513e+00   0.0000e+00   0.0000e+00   2.7280e+02
20251213_02:00:00   3.3952e-01   8.3237e+01   6.3698e+00   0.0000e+00   0.0000e+00   2.7213e+02
20251213_03:00:00   3.4106e-01   8.3424e+01   6.4346e+00   0.0000e+00   0.0000e+00   2.7248e+02
20251213_04:00:00   3.4049e-01   8.3227e+01   6.4465e+00   0.0000e+00   0.0000e+00   2.7509e+02
20251213_05:00:00   3.3377e-01   8.1885e+01   6.3198e+00   0.0000e+00   0.0000e+00   2.7942e+02
20251213_06:00:00   3.2400e-01   7.9954e+01   6.1092e+00   0.0000e+00   0.0000e+00   2.8150e+02
20251213_07:00:00   3.1100e-01   7.7381e+01   5.8303e+00   0.0000e+00   0.0000e+00   2.8226e+02
20251213_08:00:00   3.0036e-01   7.5243e+01   5.6073e+00   0.0000e+00   0.0000e+00   2.8297e+02
20251213_09:00:00   2.8719e-01   7.2565e+01   5.3496e+00   0.0000e+00   0.0000e+00   2.8578e+02
20251213_10:00:00   2.7103e-01   6.9260e+01   5.0366e+00   0.0000e+00   0.0000e+00   2.8662e+02
20251213_11:00:00   2.6102e-01   6.7161e+01   4.8363e+00   0.0000e+00   0.0000e+00   2.8622e+02
20251213_12:00:00   2.5194e-01   6.5259e+01   4.6577e+00   0.0000e+00   0.0000e+00   2.8860e+02
20251213_13:00:00   2.4532e-01   6.3818e+01   4.5195e+00   0.0000e+00   0.0000e+00   2.9017e+02
20251213_14:00:00   2.5281e-01   6.5245e+01   4.6932e+00   0.0000e+00   0.0000e+00   2.8810e+02
20251213_15:00:00   2.4956e-01   6.4510e+01   4.6578e+00   0.0000e+00   0.0000e+00   2.8576e+02
20251213_16:00:00   2.4848e-01   6.4276e+01   4.6277e+00   0.0000e+00   0.0000e+00   2.8437e+02
20251213_17:00:00   2.4217e-01   6.2952e+01   4.5469e+00   0.0000e+00   0.0000e+00   2.8457e+02
20251213_18:00:00   2.5990e-01   6.6586e+01   4.9408e+00   0.0000e+00   0.0000e+00   2.8409e+02
20251213_21:00:00   3.2305e-01   7.9378e+01   6.2998e+00   0.0000e+00   1.4211e-06   2.8285e+02
20251214_00:00:00   3.0448e-01   7.5586e+01   5.9956e+00   0.0000e+00   1.0214e-04   2.7517e+02
20251214_03:00:00   3.1723e-01   7.8263e+01   6.0873e+00   0.0000e+00   0.0000e+00   2.7052e+02
20251214_06:00:00   3.4539e-01   8.3500e+01   6.4262e+00   0.0000e+00   0.0000e+00   2.6292e+02
20251214_09:00:00   3.3613e-01   8.1576e+01   6.1832e+00   0.0000e+00   1.8022e-05   2.6041e+02
20251214_12:00:00   3.0911e-01   7.6192e+01   5.7100e+00   0.0000e+00   4.1180e-03   2.6544e+02
20251214_15:00:00   2.9759e-01   7.3700e+01   5.5914e+00   0.0000e+00   2.3642e-02   2.6932e+02
20251214_18:00:00   2.8903e-01   7.1957e+01   5.6113e+00   0.0000e+00   2.0230e-02   2.7377e+02
20251214_21:00:00   3.2616e-01   7.9279e+01   6.4099e+00   0.0000e+00   7.2353e-02   2.7121e+02
20251215_00:00:00   3.1235e-01   7.6712e+01   6.1048e+00   0.0000e+00   3.7489e-02   2.6935e+02
20251215_03:00:00   3.3079e-01   8.0044e+01   6.4476e+00   0.0000e+00   9.8870e-02   2.7355e+02
20251215_06:00:00   3.5329e-01   8.4120e+01   6.9201e+00   0.0000e+00   3.5538e-02   2.7514e+02
20251215_09:00:00   2.9059e-01   7.2767e+01   5.4721e+00   0.0000e+00   3.0840e-05   2.7421e+02
20251215_12:00:00   2.7255e-01   6.9108e+01   5.0497e+00   0.0000e+00   0.0000e+00   2.7008e+02
20251215_15:00:00   2.8033e-01   7.0405e+01   5.2695e+00   0.0000e+00   0.0000e+00   2.6738e+02
20251215_18:00:00   2.7886e-01   7.0250e+01   5.2226e+00   0.0000e+00   0.0000e+00   2.7011e+02
20251215_21:00:00   2.9692e-01   7.3830e+01   5.6182e+00   0.0000e+00   0.0000e+00   2.6806e+02
20251216_00:00:00   3.2437e-01   7.8843e+01   6.2638e+00   0.0000e+00   8.3320e-06   2.6550e+02
20251216_03:00:00   3.2837e-01   7.9101e+01   6.4020e+00   0.0000e+00   8.1580e-06   2.6144e+02
20251216_06:00:00   3.2294e-01   7.8154e+01   6.2233e+00   0.0000e+00   0.0000e+00   2.6112e+02
20251216_09:00:00   3.1650e-01   7.7034e+01   6.0844e+00   0.0000e+00   0.0000e+00   2.6375e+02
20251216_12:00:00   3.0110e-01   7.4138e+01   5.7362e+00   0.0000e+00   0.0000e+00   2.6292e+02
20251216_15:00:00   2.4683e-01   6.3602e+01   4.5225e+00   0.0000e+00   0.0000e+00   2.6459e+02
20251216_18:00:00   2.4065e-01   6.2680e+01   4.3652e+00   0.0000e+00   0.0000e+00   2.6323e+02
20251216_21:00:00   2.6250e-01   6.7806e+01   4.7489e+00   0.0000e+00   0.0000e+00   2.5873e+02
20251217_00:00:00   2.4949e-01   6.5142e+01   4.5095e+00   0.0000e+00   0.0000e+00   2.5757e+02
20251217_03:00:00   2.3134e-01   6.1084e+01   4.1789e+00   0.0000e+00   0.0000e+00   2.5718e+02
20251217_06:00:00   2.2456e-01   5.9386e+01   4.1063e+00   0.0000e+00   0.0000e+00   2.5913e+02
20251217_09:00:00   2.3668e-01   6.1765e+01   4.4207e+00   0.0000e+00   0.0000e+00   2.6202e+02
20251217_12:00:00   2.3018e-01   6.0548e+01   4.2140e+00   0.0000e+00   0.0000e+00   2.6364e+02
20251217_15:00:00   2.2757e-01   5.9701e+01   4.2181e+00   0.0000e+00   2.0500e-06   2.6274e+02
20251217_18:00:00   2.1986e-01   5.8163e+01   4.1954e+00   0.0000e+00   2.0140e-06   2.6675e+02
20251217_21:00:00   2.5336e-01   6.5392e+01   4.9181e+00   0.0000e+00   7.2754e-03   2.6587e+02
20251218_00:00:00   2.6303e-01   6.7075e+01   5.1790e+00   0.0000e+00   1.3587e-02   2.6276e+02
20251218_03:00:00   2.6757e-01   6.7560e+01   5.3243e+00   0.0000e+00   2.4717e-02   2.6760e+02
20251218_06:00:00   3.4252e-01   8.2030e+01   6.9461e+00   0.0000e+00   9.1260e-05   2.7900e+02
20251218_09:00:00   2.0254e-01   5.4820e+01   3.6490e+00   0.0000e+00   0.0000e+00   2.8074e+02
20251218_12:00:00   1.6745e-01   4.6852e+01   2.9321e+00   0.0000e+00   0.0000e+00   2.7955e+02
20251218_15:00:00   1.4406e-01   4.1242e+01   2.5468e+00   0.0000e+00   0.0000e+00   2.7652e+02
20251218_18:00:00   1.3723e-01   3.9636e+01   2.4789e+00   0.0000e+00   0.0000e+00   2.8094e+02
20251218_21:00:00   1.3445e-01   3.9148e+01   2.4851e+00   0.0000e+00   0.0000e+00   2.7903e+02
20251219_00:00:00   1.6600e-01   4.6790e+01   3.0936e+00   0.0000e+00   0.0000e+00   2.7926e+02
20251219_03:00:00   1.7701e-01   4.9412e+01   3.2522e+00   0.0000e+00   0.0000e+00   2.7997e+02
20251219_06:00:00   1.6576e-01   4.6749e+01   3.0037e+00   0.0000e+00   0.0000e+00   2.7521e+02
20251219_09:00:00   1.4251e-01   4.1183e+01   2.5463e+00   0.0000e+00   0.0000e+00   2.7369e+02
20251219_12:00:00   1.2479e-01   3.6933e+01   2.2035e+00   0.0000e+00   8.0300e-06   2.6818e+02
20251219_15:00:00   1.0708e-01   3.2533e+01   1.8542e+00   0.0000e+00   1.7256e-04   2.6877e+02
20251219_18:00:00   9.9819e-02   3.0833e+01   1.7199e+00   0.0000e+00   4.5900e-04   2.7229e+02
20251219_21:00:00   1.2401e-01   3.6903e+01   2.2803e+00   0.0000e+00   3.4164e-05   2.7272e+02
20251220_00:00:00   1.2642e-01   3.7416e+01   2.3193e+00   0.0000e+00   3.4979e-03   2.7879e+02
20251220_03:00:00   1.2641e-01   3.7087e+01   2.3644e+00   0.0000e+00   5.8069e-03   2.7275e+02
20251220_06:00:00   1.3115e-01   3.8097e+01   2.4458e+00   0.0000e+00   4.9485e-03   2.6536e+02
20251220_09:00:00   1.2722e-01   3.6851e+01   2.4029e+00   0.0000e+00   5.4202e-03   2.6320e+02
20251220_12:00:00   1.1346e-01   3.3388e+01   2.1456e+00   0.0000e+00   5.2533e-03   2.6183e+02
20251220_15:00:00   1.1789e-01   3.4313e+01   2.2903e+00   0.0000e+00   2.4713e-03   2.5717e+02
20251220_18:00:00   1.8433e-01   4.9809e+01   3.7752e+00   0.0000e+00   1.9730e-02   2.6036e+02
20251220_21:00:00   2.3843e-01   6.1726e+01   4.9502e+00   0.0000e+00   5.6951e-03   2.5584e+02
20251221_00:00:00   3.0138e-01   7.4339e+01   6.3641e+00   0.0000e+00   3.1783e-04   2.5440e+02
20251221_03:00:00   2.3926e-01   6.1872e+01   4.9273e+00   0.0000e+00   1.7374e-02   2.5239e+02
20251221_06:00:00   1.7365e-01   4.7892e+01   3.3473e+00   0.0000e+00   1.8126e-02   2.5648e+02
20251221_09:00:00   1.6844e-01   4.6776e+01   3.1872e+00   0.0000e+00   4.6190e-03   2.5572e+02
20251221_12:00:00   1.5698e-01   4.4079e+01   2.9414e+00   0.0000e+00   1.6248e-03   2.5496e+02
20251221_15:00:00   1.7990e-01   4.9247e+01   3.4059e+00   0.0000e+00   9.3340e-06   2.5980e+02
20251221_18:00:00   2.1535e-01   5.7090e+01   4.1569e+00   0.0000e+00   0.0000e+00   2.6624e+02
20251221_21:00:00   2.7926e-01   7.0287e+01   5.5202e+00   0.0000e+00   3.2797e-03   2.6690e+02
20251222_00:00:00   3.6655e-01   8.5945e+01   7.4250e+00   2.8860e-05   7.4702e-03   2.7632e+02
20251222_03:00:00   4.9935e-01   1.0789e+02   9.5473e+00   4.5221e-04   1.9436e-01   2.8473e+02
20251222_06:00:00   6.2500e-01   1.2694e+02   1.0601e+01   4.3712e-03   7.6786e-02   3.0123e+02
20251222_09:00:00   4.0562e-01   9.2662e+01   6.9603e+00   1.3360e-03   5.3672e-03   3.1157e+02
20251222_12:00:00   3.2288e-01   7.7455e+01   5.5548e+00   7.0880e-05   5.1984e-03   3.2292e+02
20251222_15:00:00   2.9861e-01   7.2892e+01   4.9090e+00   0.0000e+00   5.4010e-06   3.2727e+02
20251222_18:00:00   2.0644e-01   5.3924e+01   3.5760e+00   0.0000e+00   7.7761e-04   3.3213e+02
20251222_21:00:00   1.8538e-01   4.9457e+01   3.2844e+00   0.0000e+00   0.0000e+00   3.3316e+02
20251223_00:00:00   1.8953e-01   5.0005e+01   3.5361e+00   0.0000e+00   0.0000e+00   3.2401e+02
20251223_03:00:00   1.7871e-01   4.7579e+01   3.4371e+00   0.0000e+00   3.2022e-04   3.1689e+02
20251223_06:00:00   2.2115e-01   5.6678e+01   4.4515e+00   0.0000e+00   2.1520e-07   3.1409e+02
20251223_09:00:00   2.6742e-01   6.6434e+01   5.3914e+00   0.0000e+00   0.0000e+00   3.0469e+02
20251223_12:00:00   2.9861e-01   7.3100e+01   5.9762e+00   0.0000e+00   0.0000e+00   2.8574e+02
20251223_15:00:00   2.7659e-01   6.9444e+01   5.3344e+00   0.0000e+00   0.0000e+00   2.8160e+02
20251223_18:00:00   2.7209e-01   6.8922e+01   5.1273e+00   0.0000e+00   9.0120e-06   2.7696e+02
20251223_21:00:00   3.0180e-01   7.5184e+01   5.7131e+00   0.0000e+00   0.0000e+00   2.7443e+02
20251224_00:00:00   2.6814e-01   6.8280e+01   4.9457e+00   0.0000e+00   1.6036e-05   2.7722e+02
20251224_03:00:00   2.8240e-01   7.1003e+01   5.2665e+00   0.0000e+00   2.7569e-04   2.9105e+02
20251224_06:00:00   2.7070e-01   6.8721e+01   5.0524e+00   0.0000e+00   0.0000e+00   2.8796e+02
20251224_09:00:00   2.8976e-01   7.2580e+01   5.4517e+00   0.0000e+00   0.0000e+00   2.9019e+02
20251224_12:00:00   3.0568e-01   7.5325e+01   5.9229e+00   0.0000e+00   0.0000e+00   2.8992e+02
20251224_15:00:00   3.1152e-01   7.6338e+01   6.0632e+00   0.0000e+00   0.0000e+00   2.8853e+02
20251224_18:00:00   4.1510e-01   9.5504e+01   8.2479e+00   0.0000e+00   7.9680e-03   2.9068e+02
