#            date       tau255        Tb[K]      pwv[mm] lwp[kg*m^-2] iwp[kg*m^-2]       o3[DU]
20251210_12:00:00   4.6799e-01   1.0567e+02   9.1238e+00   0.0000e+00   9.2500e-05   3.0011e+02
20251210_13:00:00   4.6772e-01   1.0561e+02   9.0369e+00   0.0000e+00   1.8979e-04   3.0012e+02
20251210_14:00:00   4.7117e-01   1.0604e+02   8.9796e+00   0.0000e+00   1.5675e-04   2.9766e+02
20251210_15:00:00   4.7474e-01   1.0630e+02   8.9556e+00   0.0000e+00   3.9248e-05   2.9568e+02
20251210_16:00:00   4.7512e-01   1.0642e+02   8.9082e+00   0.0000e+00   1.8344e-05   2.9599e+02
20251210_17:00:00   4.6092e-01   1.0426e+02   8.6332e+00   0.0000e+00   0.0000e+00   2.9340e+02
20251210_18:00:00   4.7433e-01   1.0658e+02   8.7573e+00   0.0000e+00   0.0000e+00   2.9228e+02
20251210_19:00:00   4.7340e-01   1.0659e+02   8.7651e+00   0.0000e+00   0.0000e+00   2.9032e+02
20251210_20:00:00   4.5609e-01   1.0389e+02   8.4644e+00   0.0000e+00   0.0000e+00   2.9004e+02
20251210_21:00:00   4.4770e-01   1.0257e+02   8.3709e+00   0.0000e+00   0.0000e+00   2.8836e+02
20251210_22:00:00   4.2699e-01   9.9100e+01   7.9960e+00   0.0000e+00   0.0000e+00   2.8670e+02
20251210_23:00:00   4.0869e-01   9.5903e+01   7.6008e+00   0.0000e+00   1.0878e-03   2.8377e+02
20251211_00:00:00   3.9569e-01   9.3609e+01   7.3951e+00   0.0000e+00   1.9348e-03   2.8285e+02
20251211_01:00:00   3.9969e-01   9.4235e+01   7.4962e+00   0.0000e+00   4.8382e-03   2.7957e+02
20251211_02:00:00   4.0795e-01   9.5762e+01   7.6435e+00   0.0000e+00   3.0379e-04   2.7902e+02
20251211_03:00:00   4.0991e-01   9.6147e+01   7.6574e+00   0.0000e+00   2.0860e-06   2.7743e+02
20251211_04:00:00   4.0819e-01   9.5863e+01   7.6074e+00   0.0000e+00   1.1294e-05   2.7731e+02
20251211_05:00:00   4.0541e-01   9.5365e+01   7.5631e+00   0.0000e+00   1.2068e-05   2.7875e+02
20251211_06:00:00   4.0265e-01   9.4878e+01   7.5212e+00   0.0000e+00   0.0000e+00   2.7989e+02
20251211_07:00:00   4.1823e-01   9.7717e+01   7.8802e+00   0.0000e+00   0.0000e+00   2.7869e+02
20251211_08:00:00   4.0837e-01   9.6003e+01   7.7297e+00   0.0000e+00   0.0000e+00   2.7527e+02
20251211_09:00:00   3.9941e-01   9.4363e+01   7.5993e+00   0.0000e+00   0.0000e+00   2.7374e+02
20251211_10:00:00   3.8894e-01   9.2443e+01   7.4208e+00   0.0000e+00   0.0000e+00   2.7326e+02
20251211_11:00:00   3.7840e-01   9.0428e+01   7.2131e+00   0.0000e+00   0.0000e+00   2.7417e+02
20251211_12:00:00   3.6758e-01   8.8368e+01   7.0095e+00   0.0000e+00   0.0000e+00   2.7658e+02
20251211_13:00:00   3.5923e-01   8.6804e+01   6.8292e+00   0.0000e+00   0.0000e+00   2.8030e+02
20251211_14:00:00   3.5654e-01   8.6290e+01   6.7556e+00   0.0000e+00   0.0000e+00   2.7807e+02
20251211_15:00:00   3.5103e-01   8.5266e+01   6.6698e+00   0.0000e+00   0.0000e+00   2.7291e+02
20251211_16:00:00   3.4793e-01   8.4735e+01   6.6569e+00   0.0000e+00   0.0000e+00   2.7221e+02
20251211_17:00:00   3.3988e-01   8.3296e+01   6.5490e+00   0.0000e+00   0.0000e+00   2.7570e+02
20251211_18:00:00   3.3840e-01   8.3122e+01   6.5431e+00   0.0000e+00   0.0000e+00   2.7680e+02
20251211_19:00:00   3.5023e-01   8.5517e+01   6.7689e+00   0.0000e+00   0.0000e+00   2.7523e+02
20251211_20:00:00   3.6910e-01   8.9256e+01   7.1429e+00   0.0000e+00   0.0000e+00   2.7398e+02
20251211_21:00:00   3.7352e-01   9.0201e+01   7.2601e+00   0.0000e+00   0.0000e+00   2.7487e+02
20251211_22:00:00   3.6484e-01   8.8654e+01   7.0880e+00   0.0000e+00   0.0000e+00   2.7719e+02
20251211_23:00:00   3.5766e-01   8.7228e+01   6.9334e+00   0.0000e+00   0.0000e+00   2.7768e+02
20251212_00:00:00   3.4332e-01   8.4379e+01   6.6518e+00   0.0000e+00   0.0000e+00   2.7774e+02
20251212_01:00:00   3.3839e-01   8.3311e+01   6.5710e+00   0.0000e+00   0.0000e+00   2.7903e+02
20251212_02:00:00   3.3245e-01   8.2062e+01   6.4903e+00   0.0000e+00   0.0000e+00   2.8208e+02
20251212_03:00:00   3.2625e-01   8.0803e+01   6.3906e+00   0.0000e+00   0.0000e+00   2.7989e+02
20251212_04:00:00   3.3606e-01   8.2753e+01   6.5497e+00   0.0000e+00   0.0000e+00   2.7782e+02
20251212_05:00:00   3.3947e-01   8.3335e+01   6.5463e+00   0.0000e+00   0.0000e+00   2.7731e+02
20251212_06:00:00   3.2676e-01   8.0850e+01   6.2581e+00   0.0000e+00   0.0000e+00   2.7511e+02
20251212_07:00:00   3.1949e-01   7.9397e+01   6.0855e+00   0.0000e+00   0.0000e+00   2.7699e+02
20251212_08:00:00   3.0770e-01   7.7066e+01   5.8501e+00   0.0000e+00   0.0000e+00   2.7764e+02
20251212_09:00:00   3.0312e-01   7.6114e+01   5.7735e+00   0.0000e+00   0.0000e+00   2.7972e+02
20251212_10:00:00   3.1191e-01   7.7660e+01   5.9739e+00   0.0000e+00   0.0000e+00   2.8000e+02
20251212_11:00:00   3.1820e-01   7.8745e+01   6.1067e+00   0.0000e+00   0.0000e+00   2.8032e+02
20251212_12:00:00   3.1876e-01   7.8862e+01   6.1126e+00   0.0000e+00   0.0000e+00   2.8398e+02
20251212_13:00:00   3.2503e-01   8.0084e+01   6.2402e+00   0.0000e+00   0.0000e+00   2.8337e+02
20251212_14:00:00   3.3409e-01   8.1814e+01   6.4104e+00   0.0000e+00   0.0000e+00   2.8168e+02
20251212_15:00:00   3.4397e-01   8.3657e+01   6.5771e+00   0.0000e+00   0.0000e+00   2.8236e+02
20251212_16:00:00   3.4958e-01   8.4737e+01   6.6557e+00   0.0000e+00   0.0000e+00   2.8310e+02
20251212_17:00:00   3.4746e-01   8.4372e+01   6.6090e+00   0.0000e+00   0.0000e+00   2.8330e+02
20251212_18:00:00   3.4075e-01   8.3153e+01   6.4916e+00   0.0000e+00   0.0000e+00   2.8258e+02
20251212_19:00:00   3.3352e-01   8.1827e+01   6.3762e+00   0.0000e+00   0.0000e+00   2.8324e+02
20251212_20:00:00   3.3301e-01   8.1814e+01   6.3604e+00   0.0000e+00   0.0000e+00   2.8208e+02
20251212_21:00:00   3.3659e-01   8.2621e+01   6.4201e+00   0.0000e+00   0.0000e+00   2.8157e+02
20251212_22:00:00   3.5154e-01   8.5584e+01   6.6717e+00   0.0000e+00   0.0000e+00   2.8006e+02
20251212_23:00:00   3.6942e-01   8.9004e+01   6.9598e+00   0.0000e+00   0.0000e+00   2.8128e+02
20251213_00:00:00   3.7504e-01   9.0076e+01   7.0075e+00   0.0000e+00   0.0000e+00   2.8196e+02
20251213_01:00:00   3.6131e-01   8.7514e+01   6.6913e+00   0.0000e+00   0.0000e+00   2.8297e+02
20251213_02:00:00   3.4161e-01   8.3757e+01   6.2907e+00   0.0000e+00   0.0000e+00   2.8495e+02
20251213_03:00:00   3.2511e-01   8.0525e+01   5.9689e+00   0.0000e+00   0.0000e+00   2.8560e+02
20251213_04:00:00   3.1752e-01   7.8972e+01   5.8179e+00   0.0000e+00   0.0000e+00   2.8507e+02
20251213_05:00:00   3.0690e-01   7.6817e+01   5.6190e+00   0.0000e+00   0.0000e+00   2.8624e+02
20251213_06:00:00   2.9103e-01   7.3604e+01   5.3247e+00   0.0000e+00   0.0000e+00   2.8991e+02
20251213_07:00:00   2.7312e-01   6.9890e+01   4.9874e+00   0.0000e+00   0.0000e+00   2.9205e+02
20251213_08:00:00   2.5794e-01   6.6695e+01   4.6961e+00   0.0000e+00   0.0000e+00   2.9391e+02
20251213_09:00:00   2.4332e-01   6.3551e+01   4.4228e+00   0.0000e+00   0.0000e+00   2.9120e+02
20251213_10:00:00   2.3189e-01   6.1054e+01   4.2185e+00   0.0000e+00   0.0000e+00   2.8667e+02
20251213_11:00:00   2.2342e-01   5.9158e+01   4.0773e+00   0.0000e+00   0.0000e+00   2.8615e+02
20251213_12:00:00   2.1788e-01   5.7891e+01   3.9807e+00   0.0000e+00   0.0000e+00   2.8728e+02
20251213_13:00:00   2.0927e-01   5.5970e+01   3.8259e+00   0.0000e+00   0.0000e+00   2.8576e+02
20251213_14:00:00   2.0140e-01   5.4197e+01   3.6837e+00   0.0000e+00   0.0000e+00   2.8443e+02
20251213_15:00:00   1.9404e-01   5.2529e+01   3.5386e+00   0.0000e+00   0.0000e+00   2.8232e+02
20251213_16:00:00   1.9800e-01   5.3416e+01   3.6138e+00   0.0000e+00   0.0000e+00   2.7848e+02
20251213_17:00:00   1.9941e-01   5.3805e+01   3.6686e+00   0.0000e+00   0.0000e+00   2.7746e+02
20251213_18:00:00   2.0713e-01   5.5593e+01   3.8329e+00   0.0000e+00   0.0000e+00   2.8120e+02
20251213_19:00:00   2.2691e-01   6.0019e+01   4.2094e+00   0.0000e+00   0.0000e+00   2.8235e+02
20251213_20:00:00   2.4745e-01   6.4463e+01   4.6214e+00   0.0000e+00   0.0000e+00   2.8204e+02
20251213_21:00:00   2.6015e-01   6.7092e+01   4.9276e+00   0.0000e+00   0.0000e+00   2.7932e+02
20251213_22:00:00   2.5819e-01   6.6617e+01   4.9494e+00   0.0000e+00   0.0000e+00   2.7539e+02
20251213_23:00:00   2.4839e-01   6.4393e+01   4.8484e+00   0.0000e+00   0.0000e+00   2.7350e+02
20251214_00:00:00   2.5442e-01   6.5406e+01   5.0597e+00   0.0000e+00   0.0000e+00   2.7123e+02
20251214_01:00:00   2.6568e-01   6.7580e+01   5.3224e+00   0.0000e+00   0.0000e+00   2.7164e+02
20251214_02:00:00   2.5895e-01   6.6148e+01   5.1960e+00   0.0000e+00   0.0000e+00   2.7021e+02
20251214_03:00:00   2.5938e-01   6.6335e+01   5.1731e+00   0.0000e+00   0.0000e+00   2.6981e+02
20251214_04:00:00   2.7339e-01   6.9393e+01   5.3721e+00   0.0000e+00   0.0000e+00   2.6868e+02
20251214_05:00:00   2.7879e-01   7.0522e+01   5.4147e+00   0.0000e+00   0.0000e+00   2.6932e+02
20251214_06:00:00   2.8843e-01   7.2415e+01   5.5599e+00   0.0000e+00   0.0000e+00   2.6930e+02
20251214_07:00:00   2.8663e-01   7.1967e+01   5.5116e+00   0.0000e+00   0.0000e+00   2.6897e+02
20251214_08:00:00   2.8420e-01   7.1418e+01   5.4418e+00   0.0000e+00   0.0000e+00   2.6865e+02
20251214_09:00:00   2.8551e-01   7.1606e+01   5.4356e+00   0.0000e+00   0.0000e+00   2.6834e+02
20251214_10:00:00   2.8141e-01   7.0715e+01   5.3404e+00   0.0000e+00   0.0000e+00   2.6903e+02
20251214_11:00:00   2.8029e-01   7.0398e+01   5.2794e+00   0.0000e+00   9.0120e-06   2.7062e+02
20251214_12:00:00   2.8061e-01   7.0328e+01   5.2819e+00   0.0000e+00   2.1760e-04   2.7113e+02
20251214_13:00:00   2.7739e-01   6.9590e+01   5.2216e+00   0.0000e+00   3.9033e-04   2.7180e+02
20251214_14:00:00   2.7528e-01   6.9175e+01   5.1660e+00   0.0000e+00   8.3230e-05   2.7354e+02
20251214_15:00:00   2.7719e-01   6.9593e+01   5.1874e+00   0.0000e+00   4.1278e-04   2.7397e+02
20251214_16:00:00   2.7937e-01   7.0100e+01   5.2303e+00   0.0000e+00   7.2960e-06   2.6974e+02
20251214_17:00:00   2.8156e-01   7.0597e+01   5.2978e+00   0.0000e+00   2.1398e-05   2.6756e+02
20251214_18:00:00   2.8079e-01   7.0490e+01   5.3344e+00   0.0000e+00   8.3748e-05   2.6515e+02
20251214_19:00:00   2.7516e-01   6.9420e+01   5.2772e+00   0.0000e+00   7.6280e-04   2.6496e+02
20251214_20:00:00   2.8640e-01   7.1777e+01   5.5118e+00   0.0000e+00   5.5318e-05   2.6323e+02
20251214_21:00:00   2.9889e-01   7.4214e+01   5.8154e+00   0.0000e+00   1.8833e-02   2.6340e+02
20251214_22:00:00   3.1297e-01   7.6927e+01   6.1103e+00   0.0000e+00   7.2133e-03   2.6596e+02
20251214_23:00:00   3.0576e-01   7.5535e+01   5.9671e+00   0.0000e+00   5.8748e-03   2.6798e+02
20251215_00:00:00   2.8849e-01   7.2208e+01   5.5562e+00   0.0000e+00   2.4353e-03   2.6780e+02
20251215_01:00:00   2.9138e-01   7.2532e+01   5.7082e+00   0.0000e+00   1.8324e-03   2.6377e+02
20251215_02:00:00   2.8027e-01   7.0323e+01   5.5035e+00   0.0000e+00   1.2413e-02   2.6175e+02
20251215_03:00:00   2.7049e-01   6.8419e+01   5.2811e+00   0.0000e+00   1.2934e-02   2.6298e+02
20251215_04:00:00   2.6861e-01   6.7972e+01   5.2541e+00   0.0000e+00   9.5353e-03   2.6271e+02
20251215_05:00:00   2.6394e-01   6.6985e+01   5.1128e+00   0.0000e+00   5.9317e-02   2.6412e+02
20251215_06:00:00   2.5465e-01   6.5053e+01   4.9591e+00   0.0000e+00   1.7300e-02   2.6705e+02
20251215_07:00:00   2.5042e-01   6.4227e+01   4.8589e+00   0.0000e+00   5.0090e-03   2.6820e+02
20251215_08:00:00   2.5424e-01   6.4929e+01   4.9362e+00   0.0000e+00   1.9979e-02   2.6967e+02
20251215_09:00:00   2.5646e-01   6.5363e+01   4.9809e+00   0.0000e+00   5.3530e-03   2.6928e+02
20251215_10:00:00   2.5645e-01   6.5266e+01   5.0066e+00   0.0000e+00   4.3341e-03   2.6840e+02
20251215_11:00:00   2.5118e-01   6.4144e+01   4.9140e+00   0.0000e+00   2.4355e-02   2.6723e+02
20251215_12:00:00   2.5893e-01   6.5734e+01   5.0660e+00   0.0000e+00   1.1374e-02   2.6737e+02
20251215_15:00:00   3.3176e-01   7.9614e+01   6.6521e+00   0.0000e+00   3.6577e-02   2.6853e+02
20251215_18:00:00   3.1043e-01   7.5647e+01   6.2159e+00   0.0000e+00   1.4712e-02   2.6607e+02
20251215_21:00:00   3.5953e-01   8.5752e+01   7.0450e+00   0.0000e+00   3.8213e-03   2.6509e+02
20251216_00:00:00   2.8207e-01   7.1530e+01   5.1493e+00   0.0000e+00   0.0000e+00   2.6618e+02
20251216_03:00:00   2.5389e-01   6.5598e+01   4.5716e+00   0.0000e+00   0.0000e+00   2.6647e+02
20251216_06:00:00   2.7591e-01   6.9830e+01   4.9716e+00   0.0000e+00   0.0000e+00   2.7115e+02
20251216_09:00:00   2.8065e-01   7.0576e+01   5.0660e+00   0.0000e+00   0.0000e+00   2.6740e+02
20251216_12:00:00   2.8177e-01   7.0538e+01   5.1786e+00   0.0000e+00   0.0000e+00   2.6467e+02
20251216_15:00:00   2.6125e-01   6.6265e+01   4.8197e+00   0.0000e+00   0.0000e+00   2.6222e+02
20251216_18:00:00   3.2023e-01   7.7418e+01   6.2047e+00   0.0000e+00   1.0983e-02   2.6895e+02
20251216_21:00:00   3.7495e-01   8.8615e+01   7.1267e+00   0.0000e+00   0.0000e+00   2.6735e+02
20251217_00:00:00   2.9310e-01   7.3349e+01   5.5497e+00   0.0000e+00   0.0000e+00   2.7302e+02
20251217_03:00:00   2.6333e-01   6.7156e+01   4.9777e+00   0.0000e+00   1.1186e-05   2.7381e+02
20251217_06:00:00   2.6303e-01   6.6966e+01   5.0233e+00   0.0000e+00   0.0000e+00   2.7621e+02
20251217_09:00:00   2.5364e-01   6.4699e+01   4.9237e+00   0.0000e+00   0.0000e+00   2.7534e+02
20251217_12:00:00   2.6412e-01   6.6322e+01   5.2711e+00   0.0000e+00   4.4790e-03   2.7419e+02
20251217_15:00:00   2.8601e-01   7.0388e+01   5.7966e+00   0.0000e+00   1.6217e-04   2.7620e+02
20251217_18:00:00   3.1902e-01   7.7055e+01   6.4825e+00   0.0000e+00   3.7540e-04   2.7579e+02
20251217_21:00:00   3.7894e-01   8.9170e+01   7.5525e+00   0.0000e+00   0.0000e+00   2.8186e+02
20251218_00:00:00   3.9709e-01   9.3422e+01   7.5715e+00   0.0000e+00   0.0000e+00   2.8169e+02
20251218_03:00:00   3.8062e-01   9.0619e+01   7.1581e+00   0.0000e+00   3.8540e-05   2.8408e+02
20251218_06:00:00   3.5267e-01   8.5029e+01   6.5518e+00   0.0000e+00   0.0000e+00   2.8103e+02
20251218_09:00:00   3.6822e-01   8.7803e+01   6.8330e+00   0.0000e+00   3.1101e-04   2.8560e+02
20251218_12:00:00   3.5721e-01   8.5700e+01   6.7117e+00   0.0000e+00   3.3040e-04   2.8240e+02
20251218_15:00:00   3.7348e-01   8.8435e+01   7.0697e+00   0.0000e+00   1.0449e-03   2.8027e+02
20251218_18:00:00   4.0072e-01   9.3249e+01   7.7881e+00   0.0000e+00   1.3130e-02   2.7892e+02
20251218_21:00:00   4.6586e-01   1.0484e+02   9.0191e+00   0.0000e+00   7.8410e-04   2.7520e+02
20251219_00:00:00   4.7867e-01   1.0693e+02   9.3758e+00   0.0000e+00   9.3072e-03   2.7591e+02
20251219_03:00:00   4.4285e-01   1.0113e+02   8.6159e+00   0.0000e+00   3.5072e-03   2.7340e+02
20251219_06:00:00   4.3042e-01   9.8914e+01   8.4614e+00   0.0000e+00   6.8980e-03   2.7082e+02
20251219_09:00:00   4.5927e-01   1.0395e+02   8.9515e+00   0.0000e+00   3.1443e-03   2.7206e+02
20251219_12:00:00   4.3132e-01   9.9335e+01   8.3535e+00   0.0000e+00   3.6320e-04   2.7006e+02
20251219_15:00:00   3.2705e-01   8.0097e+01   6.2845e+00   0.0000e+00   1.7658e-03   2.6847e+02
20251219_18:00:00   3.1140e-01   7.7040e+01   5.9009e+00   0.0000e+00   2.9259e-03   2.7251e+02
20251219_21:00:00   3.2222e-01   7.9444e+01   6.3657e+00   0.0000e+00   3.1383e-04   2.7135e+02
20251220_00:00:00   2.8147e-01   7.2087e+01   5.2624e+00   0.0000e+00   0.0000e+00   2.7173e+02
20251220_03:00:00   2.7949e-01   7.1617e+01   5.3073e+00   0.0000e+00   0.0000e+00   2.7162e+02
20251220_06:00:00   2.9726e-01   7.4882e+01   5.7171e+00   0.0000e+00   0.0000e+00   2.6971e+02
20251220_09:00:00   3.1446e-01   7.7796e+01   6.2508e+00   0.0000e+00   9.0120e-06   2.6771e+02
20251220_12:00:00   2.8596e-01   7.1946e+01   5.7281e+00   0.0000e+00   0.0000e+00   2.7012e+02
20251220_15:00:00   2.9121e-01   7.2946e+01   5.8833e+00   0.0000e+00   0.0000e+00   2.7011e+02
20251220_18:00:00   2.9390e-01   7.3795e+01   5.9773e+00   0.0000e+00   0.0000e+00   2.6852e+02
20251220_21:00:00   2.8464e-01   7.2126e+01   5.7500e+00   0.0000e+00   0.0000e+00   2.6795e+02
20251221_00:00:00   2.6896e-01   6.8702e+01   5.4855e+00   0.0000e+00   0.0000e+00   2.6606e+02
20251221_03:00:00   2.9229e-01   7.3457e+01   5.8800e+00   0.0000e+00   4.8140e-05   2.6533e+02
20251221_06:00:00   2.9185e-01   7.3185e+01   5.8165e+00   0.0000e+00   1.0141e-03   2.6232e+02
20251221_09:00:00   2.6989e-01   6.8775e+01   5.2213e+00   0.0000e+00   5.1134e-03   2.6589e+02
20251221_12:00:00   2.6471e-01   6.7694e+01   5.0644e+00   0.0000e+00   2.1636e-02   2.7162e+02
20251221_15:00:00   2.8830e-01   7.2345e+01   5.5279e+00   0.0000e+00   4.0673e-03   2.7096e+02
20251221_18:00:00   3.1965e-01   7.8803e+01   6.1265e+00   0.0000e+00   5.4929e-03   2.7155e+02
20251221_21:00:00   3.0665e-01   7.6356e+01   5.9075e+00   0.0000e+00   4.1477e-03   2.7001e+02
20251222_00:00:00   3.1273e-01   7.7525e+01   5.9025e+00   0.0000e+00   5.3361e-03   2.6717e+02
20251222_03:00:00   3.2557e-01   8.0014e+01   6.0311e+00   0.0000e+00   4.1258e-03   2.6568e+02
20251222_06:00:00   3.5788e-01   8.5813e+01   6.6078e+00   0.0000e+00   1.2627e-03   2.6952e+02
20251222_09:00:00   3.1971e-01   7.8243e+01   5.9211e+00   0.0000e+00   1.3867e-03   2.7118e+02
20251222_12:00:00   3.9150e-01   9.1139e+01   7.3359e+00   0.0000e+00   3.0401e-02   2.7191e+02
20251222_15:00:00   5.3477e-01   1.1413e+02   9.9651e+00   0.0000e+00   1.6094e-01   2.7587e+02
20251222_18:00:00   5.8187e-01   1.2115e+02   1.0642e+01   1.8022e-05   1.2679e-01   2.8348e+02
20251222_21:00:00   5.4162e-01   1.1700e+02   8.7826e+00   6.6699e-03   1.3466e-02   2.8760e+02
20251223_00:00:00   5.1103e-01   1.1176e+02   8.7229e+00   7.2080e-05   1.3805e-02   2.8589e+02
20251223_03:00:00   5.1313e-01   1.1168e+02   8.7164e+00   1.2172e-04   1.1230e-02   2.9796e+02
20251223_06:00:00   5.0646e-01   1.1055e+02   7.9658e+00   8.6780e-03   3.5687e-03   3.0453e+02
20251223_09:00:00   3.5670e-01   8.4316e+01   5.7807e+00   4.2899e-04   3.6473e-04   3.1323e+02
20251223_12:00:00   1.6185e-01   4.4302e+01   2.4969e+00   0.0000e+00   5.2910e-06   3.1637e+02
20251223_15:00:00   1.3651e-01   3.8280e+01   2.1563e+00   0.0000e+00   6.5064e-03   3.1243e+02
20251223_18:00:00   1.1314e-01   3.2718e+01   1.8955e+00   0.0000e+00   0.0000e+00   3.0749e+02
20251223_21:00:00   1.2066e-01   3.4442e+01   2.1792e+00   0.0000e+00   7.5080e-05   2.9600e+02
20251224_00:00:00   1.4544e-01   3.9889e+01   2.8028e+00   0.0000e+00   0.0000e+00   2.9079e+02
20251224_03:00:00   1.8897e-01   4.9601e+01   3.7229e+00   0.0000e+00   1.1024e-05   2.8501e+02
20251224_06:00:00   2.0269e-01   5.2520e+01   4.1175e+00   0.0000e+00   1.4012e-05   2.9153e+02
20251224_09:00:00   2.7651e-01   6.7705e+01   5.6525e+00   0.0000e+00   3.4164e-05   2.9067e+02
20251224_12:00:00   3.2034e-01   7.6323e+01   6.5710e+00   0.0000e+00   2.7540e-05   2.8781e+02
20251224_15:00:00   3.6734e-01   8.4697e+01   7.6360e+00   0.0000e+00   4.5797e-03   2.8500e+02
20251224_18:00:00   3.7220e-01   8.5896e+01   7.7054e+00   0.0000e+00   3.1363e-04   2.7941e+02
20251224_21:00:00   3.7243e-01   8.6474e+01   7.6857e+00   0.0000e+00   3.4584e-05   2.7827e+02
20251225_00:00:00   3.5610e-01   8.3691e+01   7.4504e+00   0.0000e+00   5.8783e-03   2.7363e+02
20251225_03:00:00   3.1538e-01   7.7121e+01   6.2187e+00   0.0000e+00   0.0000e+00   2.6450e+02
20251225_06:00:00   3.0546e-01   7.5661e+01   5.8776e+00   0.0000e+00   0.0000e+00   2.6845e+02
20251225_09:00:00   2.9446e-01   7.3666e+01   5.6233e+00   0.0000e+00   2.0140e-06   2.7121e+02
20251225_12:00:00   2.9097e-01   7.2961e+01   5.5781e+00   0.0000e+00   4.7220e-04   2.6924e+02
20251225_15:00:00   3.0301e-01   7.5213e+01   5.8148e+00   0.0000e+00   6.9637e-03   2.6987e+02
20251225_18:00:00   3.1202e-01   7.6732e+01   6.1550e+00   0.0000e+00   1.2302e-02   2.6970e+02
20251225_21:00:00   4.1058e-01   9.3868e+01   8.4528e+00   0.0000e+00   1.2551e-01   2.6669e+02
20251226_00:00:00   5.8882e-01   1.2195e+02   1.1383e+01   0.0000e+00   5.9941e-01   2.6505e+02
20251226_03:00:00   6.2572e-01   1.2730e+02   1.1892e+01   0.0000e+00   2.5627e-01   2.6912e+02
20251226_06:00:00   6.9083e-01   1.3614e+02   1.2547e+01   3.2600e-06   3.3513e-01   2.7097e+02
20251226_09:00:00   3.3077e-01   7.9872e+01   5.5649e+00   1.9328e-04   5.3197e-03   2.8541e+02
20251226_12:00:00   3.6032e-01   8.5155e+01   5.9087e+00   2.1140e-05   1.6891e-03   2.8901e+02
