#            date       tau255        Tb[K]      pwv[mm] lwp[kg*m^-2] iwp[kg*m^-2]       o3[DU]
20251212_06:00:00   3.1511e-01   7.8201e+01   6.1431e+00   0.0000e+00   0.0000e+00   2.7667e+02
20251212_07:00:00   3.2116e-01   7.9260e+01   6.3132e+00   0.0000e+00   0.0000e+00   2.7941e+02
20251212_08:00:00   3.1283e-01   7.7555e+01   6.1472e+00   0.0000e+00   0.0000e+00   2.8002e+02
20251212_09:00:00   3.1421e-01   7.7785e+01   6.1377e+00   0.0000e+00   0.0000e+00   2.8056e+02
20251212_10:00:00   3.1407e-01   7.7731e+01   6.1035e+00   0.0000e+00   0.0000e+00   2.8183e+02
20251212_11:00:00   3.2774e-01   8.0357e+01   6.3880e+00   0.0000e+00   0.0000e+00   2.8461e+02
20251212_12:00:00   3.3601e-01   8.1982e+01   6.5537e+00   0.0000e+00   0.0000e+00   2.8287e+02
20251212_13:00:00   3.3351e-01   8.1553e+01   6.4866e+00   0.0000e+00   0.0000e+00   2.8067e+02
20251212_14:00:00   3.3140e-01   8.1188e+01   6.4229e+00   0.0000e+00   0.0000e+00   2.7648e+02
20251212_15:00:00   3.2769e-01   8.0475e+01   6.3373e+00   0.0000e+00   0.0000e+00   2.7556e+02
20251212_16:00:00   3.2397e-01   7.9769e+01   6.2453e+00   0.0000e+00   0.0000e+00   2.7538e+02
20251212_17:00:00   3.1897e-01   7.8858e+01   6.1513e+00   0.0000e+00   0.0000e+00   2.7577e+02
20251212_18:00:00   3.1194e-01   7.7567e+01   6.0272e+00   0.0000e+00   0.0000e+00   2.7608e+02
20251212_19:00:00   3.0486e-01   7.6265e+01   5.8975e+00   0.0000e+00   0.0000e+00   2.7783e+02
20251212_20:00:00   3.0445e-01   7.6330e+01   5.8740e+00   0.0000e+00   0.0000e+00   2.8304e+02
20251212_21:00:00   3.0901e-01   7.7346e+01   5.9515e+00   0.0000e+00   0.0000e+00   2.8746e+02
20251212_22:00:00   3.2043e-01   7.9667e+01   6.1607e+00   0.0000e+00   0.0000e+00   2.8606e+02
20251212_23:00:00   3.2982e-01   8.1562e+01   6.2928e+00   0.0000e+00   0.0000e+00   2.8268e+02
20251213_00:00:00   3.2788e-01   8.1184e+01   6.2039e+00   0.0000e+00   0.0000e+00   2.8143e+02
20251213_01:00:00   3.1735e-01   7.9123e+01   5.9543e+00   0.0000e+00   0.0000e+00   2.8151e+02
20251213_02:00:00   3.1066e-01   7.7754e+01   5.8144e+00   0.0000e+00   0.0000e+00   2.8160e+02
20251213_03:00:00   3.0228e-01   7.6032e+01   5.6434e+00   0.0000e+00   0.0000e+00   2.8251e+02
20251213_04:00:00   2.8572e-01   7.2652e+01   5.2898e+00   0.0000e+00   0.0000e+00   2.8456e+02
20251213_05:00:00   2.7271e-01   6.9931e+01   5.0357e+00   0.0000e+00   0.0000e+00   2.8361e+02
20251213_06:00:00   2.6527e-01   6.8334e+01   4.8937e+00   0.0000e+00   0.0000e+00   2.8351e+02
20251213_07:00:00   2.5439e-01   6.6019e+01   4.6875e+00   0.0000e+00   0.0000e+00   2.8837e+02
20251213_08:00:00   2.4417e-01   6.3819e+01   4.4920e+00   0.0000e+00   0.0000e+00   2.9509e+02
20251213_09:00:00   2.3542e-01   6.1926e+01   4.3179e+00   0.0000e+00   0.0000e+00   2.9422e+02
20251213_10:00:00   2.2819e-01   6.0326e+01   4.1878e+00   0.0000e+00   0.0000e+00   2.8929e+02
20251213_11:00:00   2.2060e-01   5.8612e+01   4.0623e+00   0.0000e+00   0.0000e+00   2.8923e+02
20251213_12:00:00   2.1160e-01   5.6587e+01   3.9004e+00   0.0000e+00   0.0000e+00   2.9361e+02
20251213_13:00:00   2.0052e-01   5.4098e+01   3.6943e+00   0.0000e+00   0.0000e+00   2.9440e+02
20251213_14:00:00   1.9460e-01   5.2728e+01   3.5737e+00   0.0000e+00   0.0000e+00   2.9255e+02
20251213_15:00:00   1.9050e-01   5.1775e+01   3.4679e+00   0.0000e+00   0.0000e+00   2.9279e+02
20251213_16:00:00   1.8816e-01   5.1273e+01   3.4240e+00   0.0000e+00   0.0000e+00   2.9039e+02
20251213_17:00:00   1.9484e-01   5.2801e+01   3.6014e+00   0.0000e+00   0.0000e+00   2.8451e+02
20251213_18:00:00   2.1451e-01   5.7208e+01   4.0174e+00   0.0000e+00   0.0000e+00   2.7855e+02
20251213_19:00:00   2.4175e-01   6.3239e+01   4.4972e+00   0.0000e+00   0.0000e+00   2.7513e+02
20251213_20:00:00   2.5338e-01   6.5800e+01   4.7478e+00   0.0000e+00   0.0000e+00   2.7687e+02
20251213_21:00:00   2.6385e-01   6.7958e+01   5.0174e+00   0.0000e+00   0.0000e+00   2.7761e+02
20251213_22:00:00   2.6230e-01   6.7512e+01   5.0542e+00   0.0000e+00   0.0000e+00   2.7587e+02
20251213_23:00:00   2.4750e-01   6.4281e+01   4.8002e+00   0.0000e+00   0.0000e+00   2.7390e+02
20251214_00:00:00   2.3338e-01   6.1107e+01   4.5520e+00   0.0000e+00   0.0000e+00   2.7103e+02
20251214_01:00:00   2.1946e-01   5.8081e+01   4.2818e+00   0.0000e+00   0.0000e+00   2.6982e+02
20251214_02:00:00   2.2659e-01   5.9728e+01   4.4232e+00   0.0000e+00   0.0000e+00   2.6694e+02
20251214_03:00:00   2.5654e-01   6.6114e+01   4.9634e+00   0.0000e+00   0.0000e+00   2.6387e+02
20251214_04:00:00   2.6373e-01   6.7511e+01   5.0745e+00   0.0000e+00   0.0000e+00   2.6287e+02
20251214_05:00:00   2.6628e-01   6.7997e+01   5.0956e+00   0.0000e+00   0.0000e+00   2.6240e+02
20251214_06:00:00   2.6305e-01   6.7189e+01   4.9969e+00   0.0000e+00   0.0000e+00   2.6302e+02
20251214_07:00:00   2.6170e-01   6.6799e+01   4.9364e+00   0.0000e+00   0.0000e+00   2.6508e+02
20251214_08:00:00   2.6129e-01   6.6602e+01   4.8998e+00   0.0000e+00   0.0000e+00   2.6484e+02
20251214_09:00:00   2.5821e-01   6.5932e+01   4.8048e+00   0.0000e+00   0.0000e+00   2.6487e+02
20251214_10:00:00   2.4987e-01   6.4154e+01   4.6204e+00   0.0000e+00   0.0000e+00   2.6678e+02
20251214_11:00:00   2.4543e-01   6.3180e+01   4.5231e+00   0.0000e+00   0.0000e+00   2.6902e+02
20251214_12:00:00   2.4053e-01   6.2100e+01   4.4507e+00   0.0000e+00   0.0000e+00   2.7146e+02
20251214_13:00:00   2.3907e-01   6.1763e+01   4.4359e+00   0.0000e+00   0.0000e+00   2.7342e+02
20251214_14:00:00   2.3920e-01   6.1799e+01   4.4308e+00   0.0000e+00   0.0000e+00   2.7488e+02
20251214_15:00:00   2.3793e-01   6.1542e+01   4.4139e+00   0.0000e+00   0.0000e+00   2.7469e+02
20251214_16:00:00   2.3749e-01   6.1455e+01   4.4352e+00   0.0000e+00   0.0000e+00   2.7297e+02
20251214_17:00:00   2.3447e-01   6.0848e+01   4.4368e+00   0.0000e+00   0.0000e+00   2.7061e+02
20251214_18:00:00   2.3302e-01   6.0588e+01   4.4613e+00   0.0000e+00   7.2600e-05   2.6827e+02
20251214_19:00:00   2.3441e-01   6.1003e+01   4.5004e+00   0.0000e+00   1.8014e-08   2.6645e+02
20251214_20:00:00   2.4342e-01   6.3066e+01   4.6558e+00   0.0000e+00   0.0000e+00   2.6696e+02
20251214_21:00:00   2.5214e-01   6.5019e+01   4.8373e+00   0.0000e+00   5.1940e-04   2.6754e+02
20251214_22:00:00   2.5581e-01   6.5873e+01   4.9226e+00   0.0000e+00   3.0599e-03   2.6961e+02
20251214_23:00:00   2.6019e-01   6.6781e+01   5.0182e+00   0.0000e+00   3.6899e-03   2.7109e+02
20251215_00:00:00   2.6869e-01   6.8492e+01   5.1637e+00   0.0000e+00   2.1748e-03   2.7184e+02
20251215_01:00:00   2.6857e-01   6.8474e+01   5.1389e+00   0.0000e+00   4.7862e-04   2.7241e+02
20251215_02:00:00   2.6556e-01   6.7821e+01   5.0842e+00   0.0000e+00   3.1295e-03   2.7242e+02
20251215_03:00:00   2.6399e-01   6.7441e+01   5.0604e+00   0.0000e+00   4.0873e-03   2.7344e+02
20251215_04:00:00   2.6199e-01   6.6955e+01   5.0256e+00   0.0000e+00   4.6601e-03   2.7384e+02
20251215_05:00:00   2.5670e-01   6.5800e+01   4.9337e+00   0.0000e+00   5.0721e-03   2.7429e+02
20251215_06:00:00   2.5494e-01   6.5311e+01   4.9207e+00   0.0000e+00   1.1781e-02   2.7512e+02
20251215_07:00:00   2.5298e-01   6.4760e+01   4.9207e+00   0.0000e+00   1.1258e-02   2.7509e+02
20251215_08:00:00   2.4520e-01   6.3088e+01   4.7801e+00   0.0000e+00   5.3581e-03   2.7378e+02
20251215_09:00:00   2.3889e-01   6.1717e+01   4.6647e+00   0.0000e+00   8.6320e-03   2.7209e+02
20251215_10:00:00   2.3485e-01   6.0813e+01   4.5919e+00   0.0000e+00   5.2947e-03   2.7092e+02
20251215_11:00:00   2.3302e-01   6.0321e+01   4.5804e+00   0.0000e+00   3.5857e-03   2.7133e+02
20251215_12:00:00   2.3279e-01   6.0171e+01   4.5902e+00   0.0000e+00   7.8378e-03   2.7181e+02
20251215_13:00:00   2.3329e-01   6.0201e+01   4.6055e+00   0.0000e+00   3.0313e-02   2.6931e+02
20251215_14:00:00   2.2806e-01   5.9056e+01   4.5077e+00   0.0000e+00   3.8870e-02   2.6927e+02
20251215_15:00:00   2.2393e-01   5.8220e+01   4.4356e+00   0.0000e+00   2.1505e-02   2.6980e+02
20251215_16:00:00   2.2407e-01   5.8306e+01   4.4207e+00   0.0000e+00   3.5161e-02   2.7124e+02
20251215_17:00:00   2.1755e-01   5.7032e+01   4.2739e+00   0.0000e+00   2.3771e-02   2.7229e+02
20251215_18:00:00   2.1940e-01   5.7501e+01   4.3061e+00   0.0000e+00   2.7736e-02   2.7250e+02
20251215_19:00:00   2.2592e-01   5.8929e+01   4.4395e+00   0.0000e+00   6.7956e-02   2.6999e+02
20251215_20:00:00   2.3266e-01   6.0560e+01   4.5651e+00   0.0000e+00   3.8181e-02   2.6838e+02
20251215_21:00:00   2.3380e-01   6.0986e+01   4.5454e+00   0.0000e+00   2.6801e-02   2.6677e+02
20251215_22:00:00   2.3711e-01   6.1773e+01   4.5848e+00   0.0000e+00   5.0844e-02   2.6724e+02
20251215_23:00:00   2.3515e-01   6.1385e+01   4.5354e+00   0.0000e+00   3.3775e-02   2.6826e+02
20251216_00:00:00   2.2753e-01   5.9708e+01   4.3974e+00   0.0000e+00   2.6436e-02   2.6883e+02
20251216_01:00:00   2.2607e-01   5.9208e+01   4.4109e+00   0.0000e+00   3.1485e-02   2.7004e+02
20251216_02:00:00   2.1997e-01   5.7781e+01   4.3203e+00   0.0000e+00   2.3438e-02   2.6977e+02
20251216_03:00:00   2.1962e-01   5.7684e+01   4.3177e+00   0.0000e+00   8.6529e-03   2.6925e+02
20251216_04:00:00   2.2065e-01   5.7904e+01   4.3283e+00   0.0000e+00   3.6687e-03   2.6961e+02
20251216_05:00:00   2.2085e-01   5.7944e+01   4.3296e+00   0.0000e+00   3.3392e-03   2.6971e+02
20251216_06:00:00   2.2323e-01   5.8430e+01   4.3668e+00   0.0000e+00   1.5602e-03   2.6939e+02
20251216_07:00:00   2.2339e-01   5.8443e+01   4.3572e+00   0.0000e+00   2.0660e-04   2.6734e+02
20251216_08:00:00   2.1482e-01   5.6580e+01   4.1874e+00   0.0000e+00   0.0000e+00   2.6647e+02
20251216_09:00:00   2.0231e-01   5.3909e+01   3.9187e+00   0.0000e+00   0.0000e+00   2.6578e+02
20251216_10:00:00   1.9676e-01   5.2682e+01   3.7974e+00   0.0000e+00   0.0000e+00   2.6511e+02
20251216_11:00:00   1.8640e-01   5.0346e+01   3.6168e+00   0.0000e+00   0.0000e+00   2.6404e+02
20251216_12:00:00   1.7565e-01   4.8038e+01   3.3785e+00   0.0000e+00   0.0000e+00   2.6285e+02
20251216_13:00:00   1.6716e-01   4.6281e+01   3.1405e+00   0.0000e+00   0.0000e+00   2.6190e+02
20251216_14:00:00   1.6552e-01   4.6010e+01   3.0229e+00   0.0000e+00   0.0000e+00   2.6081e+02
20251216_15:00:00   1.5960e-01   4.4751e+01   2.8848e+00   0.0000e+00   0.0000e+00   2.6125e+02
20251216_16:00:00   1.5912e-01   4.4715e+01   2.8993e+00   0.0000e+00   0.0000e+00   2.6024e+02
20251216_17:00:00   1.5980e-01   4.4918e+01   2.9465e+00   0.0000e+00   0.0000e+00   2.5984e+02
20251216_18:00:00   1.7319e-01   4.8009e+01   3.2073e+00   0.0000e+00   0.0000e+00   2.5855e+02
20251216_19:00:00   1.9362e-01   5.2563e+01   3.6572e+00   0.0000e+00   0.0000e+00   2.5935e+02
20251216_20:00:00   2.1306e-01   5.6984e+01   4.0487e+00   0.0000e+00   2.2660e-06   2.5873e+02
20251216_21:00:00   2.2305e-01   5.9255e+01   4.2984e+00   0.0000e+00   2.1220e-06   2.5767e+02
20251216_22:00:00   2.3707e-01   6.2341e+01   4.6237e+00   0.0000e+00   1.7634e-04   2.5909e+02
20251216_23:00:00   2.6816e-01   6.8598e+01   5.3803e+00   0.0000e+00   3.7279e-03   2.5923e+02
20251217_00:00:00   2.8955e-01   7.2844e+01   5.8844e+00   0.0000e+00   3.3248e-03   2.5994e+02
20251217_01:00:00   2.9135e-01   7.3177e+01   5.9716e+00   0.0000e+00   1.6970e-04   2.6022e+02
20251217_02:00:00   2.8482e-01   7.2025e+01   5.8236e+00   0.0000e+00   0.0000e+00   2.6015e+02
20251217_03:00:00   2.6993e-01   6.9189e+01   5.4628e+00   0.0000e+00   0.0000e+00   2.5927e+02
20251217_04:00:00   2.6392e-01   6.8047e+01   5.3269e+00   0.0000e+00   3.0203e-06   2.5901e+02
20251217_05:00:00   2.6634e-01   6.8420e+01   5.3970e+00   0.0000e+00   0.0000e+00   2.5930e+02
20251217_06:00:00   2.6268e-01   6.7752e+01   5.3111e+00   0.0000e+00   5.2347e-05   2.6011e+02
20251217_09:00:00   2.9056e-01   7.3170e+01   5.9495e+00   0.0000e+00   1.3469e-04   2.6035e+02
20251217_12:00:00   3.4492e-01   8.3866e+01   7.0990e+00   0.0000e+00   5.0100e-05   2.5919e+02
20251217_15:00:00   3.7612e-01   8.9610e+01   7.7752e+00   0.0000e+00   8.0921e-03   2.5808e+02
20251217_18:00:00   2.9559e-01   7.3922e+01   6.2288e+00   0.0000e+00   1.4078e-02   2.5967e+02
20251217_21:00:00   2.6495e-01   6.8152e+01   5.4850e+00   0.0000e+00   4.8350e-03   2.5892e+02
20251218_00:00:00   2.6560e-01   6.8592e+01   5.4243e+00   0.0000e+00   0.0000e+00   2.6083e+02
20251218_03:00:00   2.4992e-01   6.5369e+01   5.0454e+00   0.0000e+00   0.0000e+00   2.6111e+02
20251218_06:00:00   2.3409e-01   6.1907e+01   4.6671e+00   0.0000e+00   4.8460e-05   2.5928e+02
20251218_09:00:00   2.2766e-01   6.0403e+01   4.5084e+00   0.0000e+00   3.2340e-05   2.5931e+02
20251218_12:00:00   2.2707e-01   6.0081e+01   4.5094e+00   0.0000e+00   5.8580e-05   2.6267e+02
20251218_15:00:00   2.4711e-01   6.3724e+01   5.1135e+00   0.0000e+00   1.7878e-03   2.6377e+02
20251218_18:00:00   2.5340e-01   6.5217e+01   5.2135e+00   0.0000e+00   1.3532e-03   2.6586e+02
20251218_21:00:00   2.9112e-01   7.3352e+01   5.9657e+00   0.0000e+00   3.1578e-03   2.6565e+02
20251219_00:00:00   2.5855e-01   6.6892e+01   5.2230e+00   0.0000e+00   0.0000e+00   2.6513e+02
20251219_03:00:00   3.0040e-01   7.5556e+01   6.0239e+00   0.0000e+00   0.0000e+00   2.6469e+02
20251219_06:00:00   3.0340e-01   7.5986e+01   6.0302e+00   0.0000e+00   0.0000e+00   2.6513e+02
20251219_09:00:00   3.1224e-01   7.7574e+01   6.1676e+00   0.0000e+00   0.0000e+00   2.6540e+02
20251219_12:00:00   2.9854e-01   7.4662e+01   5.8628e+00   0.0000e+00   0.0000e+00   2.6402e+02
20251219_15:00:00   3.1448e-01   7.7640e+01   6.1872e+00   0.0000e+00   0.0000e+00   2.6588e+02
20251219_18:00:00   3.2065e-01   7.8990e+01   6.3237e+00   0.0000e+00   0.0000e+00   2.6297e+02
20251219_21:00:00   3.0889e-01   7.6854e+01   6.1925e+00   0.0000e+00   0.0000e+00   2.6413e+02
20251220_00:00:00   3.5373e-01   8.5095e+01   7.1271e+00   0.0000e+00   2.5443e-03   2.6109e+02
20251220_03:00:00   4.2859e-01   9.8552e+01   8.4806e+00   0.0000e+00   2.8060e-05   2.6421e+02
20251220_06:00:00   5.2291e-01   1.1408e+02   1.0081e+01   0.0000e+00   0.0000e+00   2.6710e+02
20251220_09:00:00   5.5209e-01   1.1852e+02   1.0501e+01   0.0000e+00   1.0066e-06   2.6805e+02
20251220_12:00:00   5.0681e-01   1.1120e+02   9.6434e+00   0.0000e+00   1.7844e-04   2.7226e+02
20251220_15:00:00   4.9545e-01   1.0921e+02   9.4727e+00   0.0000e+00   1.1376e-03   2.6900e+02
20251220_18:00:00   5.1053e-01   1.1165e+02   9.8415e+00   0.0000e+00   7.2030e-03   2.6705e+02
20251220_21:00:00   5.3720e-01   1.1614e+02   1.0364e+01   0.0000e+00   6.0930e-03   2.6816e+02
20251221_00:00:00   5.2539e-01   1.1428e+02   1.0041e+01   0.0000e+00   1.2693e-04   2.6959e+02
20251221_03:00:00   4.6083e-01   1.0385e+02   8.7383e+00   0.0000e+00   0.0000e+00   2.6965e+02
20251221_06:00:00   4.1181e-01   9.5797e+01   7.6796e+00   0.0000e+00   1.0246e-06   2.7392e+02
20251221_09:00:00   3.9956e-01   9.3557e+01   7.4827e+00   0.0000e+00   0.0000e+00   2.7534e+02
20251221_12:00:00   4.0557e-01   9.4368e+01   7.7418e+00   0.0000e+00   1.0066e-06   2.7810e+02
20251221_15:00:00   3.9464e-01   9.2360e+01   7.5878e+00   0.0000e+00   2.0496e-06   2.8455e+02
20251221_18:00:00   3.9278e-01   9.2374e+01   7.5171e+00   0.0000e+00   0.0000e+00   2.8456e+02
20251221_21:00:00   3.7506e-01   8.9676e+01   7.3360e+00   0.0000e+00   1.6414e-04   2.8188e+02
20251222_00:00:00   4.2696e-01   9.9091e+01   8.1992e+00   0.0000e+00   2.5123e-03   2.8342e+02
20251222_03:00:00   5.4539e-01   1.1847e+02   1.0368e+01   0.0000e+00   3.0999e-03   2.8286e+02
20251222_06:00:00   5.8643e-01   1.2483e+02   1.0962e+01   0.0000e+00   7.4436e-03   2.8146e+02
20251222_09:00:00   6.0907e-01   1.2809e+02   1.1163e+01   0.0000e+00   2.0181e-04   2.8341e+02
20251222_12:00:00   5.9716e-01   1.2641e+02   1.0615e+01   0.0000e+00   4.7180e-04   2.8000e+02
20251222_15:00:00   5.8305e-01   1.2413e+02   1.0402e+01   0.0000e+00   1.0618e-04   2.8479e+02
20251222_18:00:00   6.2363e-01   1.3035e+02   1.1076e+01   0.0000e+00   1.3624e-03   2.8346e+02
20251222_21:00:00   6.8752e-01   1.3969e+02   1.2517e+01   4.0260e-06   6.6541e-03   2.8140e+02
20251223_00:00:00   6.9575e-01   1.4015e+02   1.2694e+01   0.0000e+00   2.9948e-02   2.7810e+02
20251223_03:00:00   7.0799e-01   1.4105e+02   1.2998e+01   0.0000e+00   8.5278e-02   2.7645e+02
20251223_06:00:00   6.5252e-01   1.3287e+02   1.2222e+01   0.0000e+00   3.6206e-03   2.7260e+02
20251223_09:00:00   6.4804e-01   1.3210e+02   1.2301e+01   0.0000e+00   8.8727e-03   2.7285e+02
20251223_12:00:00   6.3905e-01   1.3083e+02   1.2197e+01   0.0000e+00   4.5401e-02   2.7831e+02
20251223_15:00:00   6.4507e-01   1.3158e+02   1.2320e+01   0.0000e+00   2.6634e-03   2.8134e+02
20251223_18:00:00   6.8117e-01   1.3704e+02   1.2947e+01   0.0000e+00   2.1983e-02   2.7886e+02
20251223_21:00:00   7.5632e-01   1.4703e+02   1.4213e+01   0.0000e+00   6.0345e-02   2.7656e+02
20251224_00:00:00   6.4710e-01   1.3308e+02   1.2080e+01   0.0000e+00   5.4699e-03   2.7584e+02
20251224_03:00:00   5.8196e-01   1.2403e+02   1.0614e+01   0.0000e+00   4.8720e-03   2.7533e+02
20251224_06:00:00   5.4939e-01   1.1901e+02   1.0027e+01   0.0000e+00   4.9144e-04   2.6947e+02
20251224_09:00:00   5.1545e-01   1.1342e+02   9.4852e+00   0.0000e+00   2.6957e-03   2.6982e+02
20251224_12:00:00   4.7258e-01   1.0626e+02   8.6560e+00   0.0000e+00   8.4481e-04   2.7371e+02
20251224_15:00:00   4.6900e-01   1.0544e+02   8.6464e+00   0.0000e+00   2.3580e-04   2.7141e+02
20251224_18:00:00   4.3848e-01   1.0024e+02   8.2984e+00   0.0000e+00   5.0200e-05   2.7547e+02
20251224_21:00:00   4.2271e-01   9.7481e+01   8.1397e+00   0.0000e+00   5.6157e-03   2.7273e+02
20251225_00:00:00   4.9226e-01   1.0885e+02   9.4756e+00   0.0000e+00   3.3314e-03   2.7499e+02
20251225_03:00:00   6.3240e-01   1.2983e+02   1.1681e+01   8.4107e-05   8.9251e-02   2.7482e+02
20251225_06:00:00   6.6070e-01   1.3389e+02   1.1683e+01   9.9866e-04   2.8596e-02   2.7536e+02
20251225_09:00:00   5.1730e-01   1.1300e+02   9.2661e+00   2.3000e-05   6.3983e-06   2.7285e+02
20251225_12:00:00   3.4516e-01   8.2972e+01   6.1672e+00   0.0000e+00   1.2391e-03   2.7102e+02
20251225_15:00:00   3.6965e-01   8.7052e+01   6.6568e+00   0.0000e+00   9.5079e-03   2.7229e+02
20251225_18:00:00   3.4769e-01   8.3460e+01   6.2858e+00   0.0000e+00   7.8220e-05   2.7600e+02
20251225_21:00:00   2.6367e-01   6.6797e+01   4.8437e+00   0.0000e+00   2.7511e-03   2.7659e+02
20251226_00:00:00   1.5476e-01   4.2842e+01   2.7268e+00   0.0000e+00   1.3860e-03   2.8951e+02
20251226_03:00:00   1.1351e-01   3.3168e+01   1.8006e+00   0.0000e+00   3.4661e-03   2.9345e+02
20251226_06:00:00   8.9973e-02   2.7532e+01   1.3603e+00   0.0000e+00   5.3540e-04   3.0348e+02
20251226_09:00:00   9.7342e-02   2.9322e+01   1.5287e+00   0.0000e+00   2.2180e-03   3.0433e+02
20251226_12:00:00   8.6096e-02   2.6503e+01   1.3362e+00   0.0000e+00   0.0000e+00   3.0244e+02
20251226_15:00:00   8.1273e-02   2.5045e+01   1.3341e+00   0.0000e+00   3.5118e-03   3.0149e+02
20251226_18:00:00   8.0726e-02   2.4955e+01   1.3861e+00   0.0000e+00   8.5580e-06   3.0123e+02
20251226_21:00:00   1.0605e-01   3.1059e+01   1.9985e+00   0.0000e+00   6.4122e-04   2.9237e+02
20251227_00:00:00   1.1564e-01   3.3470e+01   2.2197e+00   0.0000e+00   2.6400e-05   2.9240e+02
20251227_03:00:00   1.3279e-01   3.7354e+01   2.6883e+00   0.0000e+00   1.0248e-03   2.8802e+02
20251227_06:00:00   1.2986e-01   3.6789e+01   2.6160e+00   0.0000e+00   7.5883e-03   2.8465e+02
20251227_09:00:00   1.2201e-01   3.5202e+01   2.3554e+00   0.0000e+00   3.2963e-04   2.8177e+02
20251227_12:00:00   1.1882e-01   3.4777e+01   2.1506e+00   0.0000e+00   0.0000e+00   2.8335e+02
20251227_15:00:00   1.6850e-01   4.6365e+01   3.2273e+00   0.0000e+00   0.0000e+00   2.8491e+02
20251227_18:00:00   2.1656e-01   5.7256e+01   4.2421e+00   0.0000e+00   0.0000e+00   2.8773e+02
20251227_21:00:00   3.0079e-01   7.5140e+01   6.0138e+00   0.0000e+00   2.5000e-03   2.8707e+02
20251228_00:00:00   3.7063e-01   8.8149e+01   7.4914e+00   0.0000e+00   5.1539e-04   2.7893e+02
20251228_03:00:00   4.5202e-01   1.0276e+02   8.9376e+00   0.0000e+00   0.0000e+00   2.8083e+02
20251228_06:00:00   4.4691e-01   1.0219e+02   8.5363e+00   0.0000e+00   0.0000e+00   2.8553e+02
