#            date       tau255        Tb[K]      pwv[mm] lwp[kg*m^-2] iwp[kg*m^-2]       o3[DU]
20251209_00:00:00   2.1912e-01   5.7909e+01   3.7132e+00   0.0000e+00   0.0000e+00   2.9455e+02
20251209_01:00:00   2.1779e-01   5.7581e+01   3.6868e+00   0.0000e+00   0.0000e+00   2.9682e+02
20251209_02:00:00   2.0974e-01   5.5777e+01   3.5819e+00   0.0000e+00   0.0000e+00   2.9312e+02
20251209_03:00:00   2.2493e-01   5.8913e+01   3.9056e+00   0.0000e+00   0.0000e+00   2.9099e+02
20251209_04:00:00   2.3329e-01   6.0580e+01   4.1329e+00   0.0000e+00   0.0000e+00   2.9179e+02
20251209_05:00:00   2.4309e-01   6.2523e+01   4.3988e+00   0.0000e+00   0.0000e+00   2.9229e+02
20251209_06:00:00   2.4249e-01   6.2371e+01   4.4255e+00   0.0000e+00   0.0000e+00   2.9614e+02
20251209_07:00:00   2.5571e-01   6.5014e+01   4.7395e+00   0.0000e+00   5.8280e-05   2.9800e+02
20251209_08:00:00   2.6906e-01   6.7665e+01   5.0791e+00   0.0000e+00   4.2260e-05   2.9984e+02
20251209_09:00:00   2.7952e-01   6.9853e+01   5.3236e+00   0.0000e+00   2.2921e-05   3.0205e+02
20251209_10:00:00   2.8573e-01   7.1125e+01   5.4559e+00   0.0000e+00   7.5300e-07   3.0285e+02
20251209_11:00:00   3.0408e-01   7.4727e+01   5.8862e+00   0.0000e+00   0.0000e+00   3.0026e+02
20251209_12:00:00   3.3120e-01   7.9915e+01   6.4783e+00   0.0000e+00   4.0623e-06   2.9832e+02
20251209_13:00:00   3.6624e-01   8.6399e+01   7.2679e+00   0.0000e+00   8.9090e-04   2.9741e+02
20251209_14:00:00   3.6717e-01   8.6726e+01   7.3058e+00   0.0000e+00   4.5690e-04   2.9777e+02
20251209_15:00:00   3.6169e-01   8.5775e+01   7.1734e+00   0.0000e+00   4.6551e-04   2.9486e+02
20251209_16:00:00   3.5166e-01   8.4097e+01   6.9610e+00   0.0000e+00   1.0980e-04   2.9071e+02
20251209_17:00:00   3.5476e-01   8.4821e+01   7.0191e+00   0.0000e+00   3.8685e-04   2.8871e+02
20251209_18:00:00   3.7157e-01   8.8171e+01   7.3439e+00   0.0000e+00   1.2841e-04   2.8686e+02
20251209_19:00:00   3.8077e-01   9.0076e+01   7.5238e+00   0.0000e+00   2.1946e-03   2.8609e+02
20251209_20:00:00   3.8269e-01   9.0614e+01   7.5824e+00   0.0000e+00   1.4442e-04   2.8513e+02
20251209_21:00:00   3.8623e-01   9.1452e+01   7.6546e+00   0.0000e+00   1.2844e-04   2.8715e+02
20251209_22:00:00   3.8852e-01   9.2010e+01   7.7163e+00   0.0000e+00   1.4252e-04   2.9182e+02
20251209_23:00:00   3.9052e-01   9.2411e+01   7.7402e+00   0.0000e+00   7.7340e-05   2.9193e+02
20251210_00:00:00   3.9979e-01   9.4106e+01   7.8911e+00   0.0000e+00   1.7439e-03   2.9298e+02
20251210_01:00:00   4.1230e-01   9.6403e+01   8.0999e+00   0.0000e+00   2.0383e-04   2.9498e+02
20251210_02:00:00   4.2199e-01   9.8117e+01   8.2561e+00   0.0000e+00   9.6182e-05   2.9688e+02
20251210_03:00:00   4.0301e-01   9.4746e+01   7.8342e+00   0.0000e+00   4.7124e-04   2.9651e+02
20251210_04:00:00   3.7560e-01   8.9841e+01   7.1757e+00   0.0000e+00   7.4468e-04   2.9702e+02
20251210_05:00:00   3.5405e-01   8.5918e+01   6.6352e+00   0.0000e+00   1.5412e-03   2.9828e+02
20251210_06:00:00   3.3354e-01   8.2041e+01   6.1656e+00   0.0000e+00   2.9385e-03   2.9949e+02
20251210_07:00:00   3.5609e-01   8.6229e+01   6.5551e+00   0.0000e+00   2.9746e-03   2.9941e+02
20251210_08:00:00   3.8239e-01   9.0981e+01   7.1112e+00   0.0000e+00   1.3675e-03   3.0074e+02
20251210_09:00:00   4.1781e-01   9.7232e+01   7.8128e+00   0.0000e+00   7.6060e-05   2.9909e+02
20251210_10:00:00   4.3195e-01   9.9889e+01   8.1000e+00   0.0000e+00   1.4749e-03   3.0017e+02
20251210_11:00:00   4.7657e-01   1.0717e+02   9.1398e+00   0.0000e+00   4.5134e-04   3.0219e+02
20251210_12:00:00   5.0632e-01   1.1174e+02   9.8133e+00   0.0000e+00   2.1274e-03   3.0183e+02
20251210_13:00:00   5.1100e-01   1.1249e+02   9.8737e+00   0.0000e+00   2.3078e-05   3.0276e+02
20251210_14:00:00   5.0485e-01   1.1145e+02   9.7080e+00   0.0000e+00   1.2249e-06   2.9962e+02
20251210_15:00:00   4.9619e-01   1.0984e+02   9.4765e+00   0.0000e+00   5.0520e-06   2.9350e+02
20251210_16:00:00   4.9335e-01   1.0928e+02   9.3821e+00   0.0000e+00   4.5380e-05   2.9220e+02
20251210_17:00:00   4.8528e-01   1.0813e+02   9.2116e+00   0.0000e+00   0.0000e+00   2.9152e+02
20251210_18:00:00   4.7972e-01   1.0736e+02   9.0703e+00   0.0000e+00   0.0000e+00   2.8578e+02
20251210_19:00:00   4.7660e-01   1.0704e+02   9.0242e+00   0.0000e+00   0.0000e+00   2.8498e+02
20251210_20:00:00   4.7458e-01   1.0687e+02   9.0247e+00   0.0000e+00   0.0000e+00   2.8395e+02
20251210_21:00:00   4.7648e-01   1.0737e+02   9.1125e+00   0.0000e+00   0.0000e+00   2.8092e+02
20251210_22:00:00   4.8545e-01   1.0901e+02   9.2900e+00   0.0000e+00   0.0000e+00   2.7685e+02
20251210_23:00:00   4.8026e-01   1.0826e+02   9.1748e+00   0.0000e+00   0.0000e+00   2.7494e+02
20251211_00:00:00   4.8302e-01   1.0873e+02   9.2470e+00   0.0000e+00   0.0000e+00   2.7264e+02
20251211_01:00:00   4.8241e-01   1.0864e+02   9.2355e+00   0.0000e+00   0.0000e+00   2.7104e+02
20251211_02:00:00   4.8611e-01   1.0926e+02   9.2542e+00   0.0000e+00   0.0000e+00   2.7099e+02
20251211_03:00:00   4.9287e-01   1.1034e+02   9.3306e+00   0.0000e+00   0.0000e+00   2.7232e+02
20251211_04:00:00   4.9338e-01   1.1041e+02   9.3097e+00   0.0000e+00   0.0000e+00   2.7477e+02
20251211_05:00:00   4.6577e-01   1.0596e+02   8.7706e+00   0.0000e+00   0.0000e+00   2.7756e+02
20251211_06:00:00   4.4055e-01   1.0171e+02   8.3053e+00   0.0000e+00   0.0000e+00   2.7691e+02
20251211_07:00:00   4.2339e-01   9.8689e+01   8.0060e+00   0.0000e+00   0.0000e+00   2.7436e+02
20251211_08:00:00   4.0315e-01   9.5063e+01   7.6393e+00   0.0000e+00   0.0000e+00   2.7173e+02
20251211_09:00:00   3.9985e-01   9.4415e+01   7.5253e+00   0.0000e+00   0.0000e+00   2.7253e+02
20251211_10:00:00   4.0938e-01   9.5984e+01   7.6650e+00   0.0000e+00   0.0000e+00   2.7433e+02
20251211_11:00:00   4.1510e-01   9.7057e+01   7.7990e+00   0.0000e+00   0.0000e+00   2.7312e+02
20251211_12:00:00   4.1874e-01   9.7717e+01   7.8677e+00   0.0000e+00   0.0000e+00   2.7217e+02
20251211_13:00:00   4.2353e-01   9.8547e+01   7.9779e+00   0.0000e+00   0.0000e+00   2.7234e+02
20251211_14:00:00   4.3158e-01   9.9942e+01   8.1232e+00   0.0000e+00   0.0000e+00   2.7288e+02
20251211_15:00:00   4.3109e-01   9.9847e+01   8.1323e+00   0.0000e+00   0.0000e+00   2.7275e+02
20251211_16:00:00   4.2851e-01   9.9440e+01   8.1094e+00   0.0000e+00   0.0000e+00   2.7350e+02
20251211_17:00:00   4.1723e-01   9.7580e+01   7.9628e+00   0.0000e+00   0.0000e+00   2.7612e+02
20251211_18:00:00   4.0094e-01   9.4844e+01   7.7089e+00   0.0000e+00   0.0000e+00   2.7661e+02
20251211_19:00:00   3.9022e-01   9.3025e+01   7.4893e+00   0.0000e+00   0.0000e+00   2.7870e+02
20251211_20:00:00   3.8838e-01   9.2884e+01   7.4363e+00   0.0000e+00   0.0000e+00   2.7781e+02
20251211_21:00:00   3.5853e-01   8.7471e+01   6.8721e+00   0.0000e+00   0.0000e+00   2.7754e+02
20251211_22:00:00   3.5581e-01   8.6999e+01   6.8229e+00   0.0000e+00   0.0000e+00   2.7779e+02
20251211_23:00:00   3.6842e-01   8.9351e+01   7.0757e+00   0.0000e+00   0.0000e+00   2.7683e+02
20251212_00:00:00   3.7128e-01   8.9817e+01   7.1385e+00   0.0000e+00   0.0000e+00   2.7524e+02
20251212_01:00:00   3.7766e-01   9.0918e+01   7.2897e+00   0.0000e+00   0.0000e+00   2.7619e+02
20251212_02:00:00   3.7324e-01   9.0000e+01   7.2191e+00   0.0000e+00   0.0000e+00   2.7646e+02
20251212_03:00:00   3.6508e-01   8.8386e+01   7.0716e+00   0.0000e+00   0.0000e+00   2.7614e+02
20251212_04:00:00   3.7016e-01   8.9213e+01   7.1540e+00   0.0000e+00   0.0000e+00   2.7598e+02
20251212_05:00:00   3.7862e-01   9.0689e+01   7.3043e+00   0.0000e+00   0.0000e+00   2.7893e+02
20251212_06:00:00   3.8153e-01   9.1178e+01   7.3401e+00   0.0000e+00   0.0000e+00   2.8012e+02
20251212_07:00:00   3.7590e-01   9.0127e+01   7.2156e+00   0.0000e+00   0.0000e+00   2.8191e+02
20251212_08:00:00   3.7306e-01   8.9577e+01   7.1336e+00   0.0000e+00   0.0000e+00   2.8310e+02
20251212_09:00:00   3.6975e-01   8.8921e+01   7.0424e+00   0.0000e+00   0.0000e+00   2.8383e+02
20251212_10:00:00   3.6505e-01   8.7991e+01   6.9510e+00   0.0000e+00   0.0000e+00   2.8233e+02
20251212_11:00:00   3.5948e-01   8.6892e+01   6.8492e+00   0.0000e+00   0.0000e+00   2.8058e+02
20251212_12:00:00   3.4944e-01   8.4987e+01   6.6274e+00   0.0000e+00   0.0000e+00   2.8296e+02
20251212_13:00:00   3.3993e-01   8.3182e+01   6.3712e+00   0.0000e+00   0.0000e+00   2.8292e+02
20251212_14:00:00   3.2680e-01   8.0698e+01   6.0890e+00   0.0000e+00   0.0000e+00   2.8669e+02
20251212_15:00:00   3.2623e-01   8.0561e+01   6.0764e+00   0.0000e+00   0.0000e+00   2.8844e+02
20251212_16:00:00   3.3063e-01   8.1390e+01   6.1728e+00   0.0000e+00   0.0000e+00   2.8748e+02
20251212_17:00:00   3.3191e-01   8.1666e+01   6.2201e+00   0.0000e+00   0.0000e+00   2.8511e+02
20251212_18:00:00   3.1820e-01   7.9096e+01   5.9684e+00   0.0000e+00   0.0000e+00   2.8257e+02
20251212_19:00:00   3.0860e-01   7.7271e+01   5.7717e+00   0.0000e+00   0.0000e+00   2.7965e+02
20251212_20:00:00   3.0077e-01   7.5779e+01   5.6163e+00   0.0000e+00   0.0000e+00   2.7771e+02
20251212_21:00:00   3.0593e-01   7.6946e+01   5.7110e+00   0.0000e+00   0.0000e+00   2.7791e+02
20251212_22:00:00   3.2430e-01   8.0624e+01   6.0501e+00   0.0000e+00   0.0000e+00   2.7670e+02
20251212_23:00:00   3.1890e-01   7.9532e+01   5.9562e+00   0.0000e+00   0.0000e+00   2.7692e+02
20251213_00:00:00   3.0783e-01   7.7253e+01   5.7593e+00   0.0000e+00   0.0000e+00   2.7892e+02
20251213_01:00:00   2.9307e-01   7.4273e+01   5.4609e+00   0.0000e+00   0.0000e+00   2.7790e+02
20251213_02:00:00   2.7800e-01   7.1179e+01   5.1549e+00   0.0000e+00   0.0000e+00   2.8011e+02
20251213_03:00:00   2.6771e-01   6.8998e+01   4.9577e+00   0.0000e+00   0.0000e+00   2.8287e+02
20251213_04:00:00   2.5894e-01   6.7120e+01   4.7845e+00   0.0000e+00   0.0000e+00   2.8474e+02
20251213_05:00:00   2.5582e-01   6.6388e+01   4.7302e+00   0.0000e+00   0.0000e+00   2.8379e+02
20251213_06:00:00   2.5508e-01   6.6100e+01   4.7370e+00   0.0000e+00   0.0000e+00   2.8271e+02
20251213_07:00:00   2.4464e-01   6.3831e+01   4.5333e+00   0.0000e+00   0.0000e+00   2.8273e+02
20251213_08:00:00   2.2680e-01   5.9962e+01   4.1963e+00   0.0000e+00   0.0000e+00   2.8336e+02
20251213_09:00:00   2.1771e-01   5.7964e+01   4.0228e+00   0.0000e+00   0.0000e+00   2.8513e+02
20251213_10:00:00   2.2284e-01   5.8959e+01   4.1497e+00   0.0000e+00   0.0000e+00   2.8530e+02
20251213_11:00:00   2.2787e-01   5.9938e+01   4.2717e+00   0.0000e+00   0.0000e+00   2.8673e+02
20251213_12:00:00   2.3341e-01   6.1015e+01   4.3934e+00   0.0000e+00   0.0000e+00   2.8944e+02
20251213_13:00:00   2.3275e-01   6.0837e+01   4.3820e+00   0.0000e+00   0.0000e+00   2.8959e+02
20251213_14:00:00   2.3672e-01   6.1575e+01   4.4640e+00   0.0000e+00   0.0000e+00   2.8717e+02
20251213_15:00:00   2.3560e-01   6.1274e+01   4.4549e+00   0.0000e+00   0.0000e+00   2.8585e+02
20251213_16:00:00   2.3097e-01   6.0340e+01   4.3530e+00   0.0000e+00   0.0000e+00   2.8645e+02
20251213_17:00:00   2.4675e-01   6.3716e+01   4.7056e+00   0.0000e+00   0.0000e+00   2.8623e+02
20251213_18:00:00   2.8230e-01   7.1055e+01   5.4560e+00   0.0000e+00   1.0066e-06   2.8440e+02
20251213_19:00:00   3.0920e-01   7.6529e+01   5.9818e+00   0.0000e+00   2.0680e-06   2.8201e+02
20251213_20:00:00   3.0258e-01   7.5344e+01   5.8273e+00   0.0000e+00   2.4083e-04   2.7914e+02
20251213_21:00:00   2.9931e-01   7.4793e+01   5.7612e+00   0.0000e+00   6.8980e-04   2.7759e+02
20251213_22:00:00   2.8422e-01   7.1758e+01   5.4867e+00   0.0000e+00   2.4181e-03   2.7429e+02
20251213_23:00:00   2.5517e-01   6.5846e+01   4.9287e+00   0.0000e+00   2.6315e-03   2.7182e+02
20251214_00:00:00   2.5875e-01   6.6636e+01   4.9988e+00   0.0000e+00   0.0000e+00   2.6941e+02
20251214_03:00:00   3.0803e-01   7.6189e+01   5.8388e+00   0.0000e+00   0.0000e+00   2.6663e+02
20251214_06:00:00   2.9210e-01   7.2926e+01   5.4452e+00   0.0000e+00   0.0000e+00   2.5988e+02
20251214_09:00:00   2.7999e-01   7.0272e+01   5.1449e+00   0.0000e+00   0.0000e+00   2.6113e+02
20251214_12:00:00   2.5936e-01   6.6008e+01   4.7342e+00   0.0000e+00   0.0000e+00   2.6269e+02
20251214_15:00:00   2.3634e-01   6.1133e+01   4.3503e+00   0.0000e+00   4.0540e-04   2.6807e+02
20251214_18:00:00   2.2047e-01   5.7806e+01   4.1838e+00   0.0000e+00   1.2294e-02   2.7315e+02
20251214_21:00:00   2.4835e-01   6.3931e+01   4.8327e+00   0.0000e+00   7.0713e-04   2.7152e+02
20251215_00:00:00   2.9497e-01   7.3475e+01   5.7284e+00   0.0000e+00   3.0157e-03   2.7101e+02
20251215_03:00:00   2.7823e-01   7.0230e+01   5.3569e+00   0.0000e+00   1.3086e-05   2.7021e+02
20251215_06:00:00   2.5651e-01   6.5874e+01   4.8435e+00   0.0000e+00   2.5000e-04   2.7207e+02
20251215_09:00:00   2.2773e-01   5.9717e+01   4.2463e+00   0.0000e+00   1.2498e-03   2.7643e+02
20251215_12:00:00   2.1680e-01   5.7267e+01   4.0480e+00   0.0000e+00   1.8786e-04   2.7468e+02
20251215_15:00:00   2.0938e-01   5.5554e+01   3.9169e+00   0.0000e+00   9.1285e-04   2.7121e+02
20251215_18:00:00   2.2593e-01   5.9131e+01   4.2831e+00   0.0000e+00   1.3726e-04   2.6754e+02
20251215_21:00:00   2.7723e-01   7.0074e+01   5.2567e+00   0.0000e+00   2.1824e-03   2.6328e+02
20251216_00:00:00   2.9974e-01   7.4659e+01   5.6507e+00   0.0000e+00   2.1506e-03   2.6631e+02
20251216_03:00:00   2.8932e-01   7.2676e+01   5.3356e+00   0.0000e+00   0.0000e+00   2.6557e+02
20251216_06:00:00   2.6331e-01   6.7107e+01   4.8072e+00   0.0000e+00   0.0000e+00   2.6697e+02
20251216_09:00:00   2.3419e-01   6.0746e+01   4.2803e+00   0.0000e+00   0.0000e+00   2.6768e+02
20251216_12:00:00   2.2666e-01   5.9167e+01   4.1562e+00   0.0000e+00   0.0000e+00   2.6317e+02
20251216_15:00:00   2.4823e-01   6.3822e+01   4.5364e+00   0.0000e+00   0.0000e+00   2.6326e+02
20251216_18:00:00   2.5883e-01   6.6214e+01   4.7740e+00   0.0000e+00   0.0000e+00   2.6361e+02
20251216_21:00:00   2.6641e-01   6.8099e+01   4.9550e+00   0.0000e+00   1.0018e-05   2.6287e+02
20251217_00:00:00   3.0819e-01   7.5752e+01   5.9772e+00   0.0000e+00   1.7372e-02   2.6056e+02
20251217_03:00:00   3.0878e-01   7.5171e+01   6.0216e+00   0.0000e+00   5.6041e-02   2.6505e+02
20251217_06:00:00   3.0574e-01   7.4982e+01   5.6973e+00   8.0620e-07   7.0906e-05   2.7023e+02
20251217_09:00:00   3.3723e-01   8.0782e+01   6.1971e+00   0.0000e+00   5.7976e-04   2.8262e+02
20251217_12:00:00   3.4038e-01   8.0838e+01   6.1902e+00   0.0000e+00   6.4271e-03   2.9445e+02
20251217_15:00:00   2.9565e-01   7.2568e+01   5.2860e+00   0.0000e+00   6.4500e-07   3.0558e+02
20251217_18:00:00   2.2838e-01   5.9489e+01   3.9815e+00   0.0000e+00   0.0000e+00   3.1461e+02
20251217_21:00:00   1.9051e-01   5.1439e+01   3.3674e+00   0.0000e+00   0.0000e+00   3.1025e+02
20251218_00:00:00   2.3188e-01   6.0369e+01   4.2122e+00   0.0000e+00   0.0000e+00   3.0629e+02
20251218_03:00:00   2.4727e-01   6.3620e+01   4.4797e+00   0.0000e+00   0.0000e+00   3.0405e+02
20251218_06:00:00   2.5615e-01   6.5341e+01   4.6308e+00   0.0000e+00   0.0000e+00   3.0187e+02
20251218_09:00:00   2.5360e-01   6.4610e+01   4.6437e+00   0.0000e+00   0.0000e+00   2.9899e+02
20251218_12:00:00   2.1905e-01   5.7312e+01   4.0025e+00   0.0000e+00   1.6126e-07   2.9641e+02
20251218_15:00:00   2.2179e-01   5.7790e+01   4.1470e+00   0.0000e+00   0.0000e+00   2.9822e+02
20251218_18:00:00   2.1587e-01   5.6696e+01   4.0999e+00   0.0000e+00   8.0580e-05   2.9743e+02
20251218_21:00:00   2.7025e-01   6.8312e+01   5.2538e+00   0.0000e+00   7.7860e-05   2.9514e+02
20251219_00:00:00   2.7004e-01   6.8678e+01   5.2087e+00   0.0000e+00   1.9562e-04   2.9167e+02
20251219_03:00:00   2.5849e-01   6.6233e+01   5.0478e+00   0.0000e+00   2.0140e-06   2.9211e+02
20251219_06:00:00   2.5079e-01   6.4653e+01   4.9025e+00   0.0000e+00   0.0000e+00   2.9110e+02
20251219_09:00:00   2.3124e-01   6.0558e+01   4.4679e+00   0.0000e+00   0.0000e+00   2.9016e+02
20251219_12:00:00   2.2908e-01   6.0084e+01   4.3744e+00   0.0000e+00   0.0000e+00   2.9178e+02
20251219_15:00:00   2.3999e-01   6.2330e+01   4.5795e+00   0.0000e+00   0.0000e+00   2.9008e+02
20251219_18:00:00   2.2558e-01   5.9508e+01   4.2174e+00   0.0000e+00   0.0000e+00   2.9096e+02
20251219_21:00:00   1.9716e-01   5.3525e+01   3.5567e+00   0.0000e+00   0.0000e+00   2.8457e+02
20251220_00:00:00   2.2583e-01   5.9893e+01   4.1467e+00   0.0000e+00   0.0000e+00   2.8509e+02
20251220_03:00:00   2.7000e-01   6.8984e+01   5.0388e+00   0.0000e+00   0.0000e+00   2.8433e+02
20251220_06:00:00   2.9344e-01   7.3385e+01   5.4771e+00   0.0000e+00   0.0000e+00   2.8654e+02
20251220_09:00:00   2.8858e-01   7.2260e+01   5.4381e+00   0.0000e+00   0.0000e+00   2.8657e+02
20251220_12:00:00   3.1316e-01   7.6764e+01   5.9289e+00   0.0000e+00   0.0000e+00   2.8081e+02
20251220_15:00:00   3.2688e-01   7.9147e+01   6.1872e+00   0.0000e+00   6.2569e-04   2.7989e+02
20251220_18:00:00   3.2601e-01   7.9041e+01   6.1610e+00   0.0000e+00   6.3928e-04   2.8078e+02
20251220_21:00:00   2.7984e-01   7.0482e+01   5.2311e+00   0.0000e+00   2.6399e-04   2.8227e+02
20251221_00:00:00   3.1021e-01   7.6349e+01   5.8062e+00   0.0000e+00   0.0000e+00   2.8397e+02
20251221_03:00:00   3.1196e-01   7.6967e+01   5.6191e+00   0.0000e+00   0.0000e+00   2.9112e+02
20251221_06:00:00   3.0084e-01   7.4866e+01   5.3393e+00   0.0000e+00   0.0000e+00   2.9677e+02
20251221_09:00:00   2.3942e-01   6.2448e+01   4.1844e+00   0.0000e+00   0.0000e+00   2.9517e+02
20251221_12:00:00   1.9928e-01   5.3679e+01   3.4592e+00   0.0000e+00   0.0000e+00   2.9242e+02
20251221_15:00:00   1.8181e-01   4.9649e+01   3.1960e+00   0.0000e+00   0.0000e+00   2.9300e+02
20251221_18:00:00   1.7801e-01   4.8856e+01   3.2319e+00   0.0000e+00   0.0000e+00   2.9052e+02
20251221_21:00:00   2.1267e-01   5.6780e+01   3.9942e+00   0.0000e+00   0.0000e+00   2.9183e+02
20251222_00:00:00   2.1333e-01   5.6910e+01   4.0855e+00   0.0000e+00   0.0000e+00   2.9486e+02
20251222_03:00:00   1.8597e-01   5.0639e+01   3.5724e+00   0.0000e+00   0.0000e+00   2.9501e+02
20251222_06:00:00   1.8142e-01   4.9493e+01   3.4915e+00   0.0000e+00   0.0000e+00   2.9296e+02
20251222_09:00:00   1.7527e-01   4.8036e+01   3.3342e+00   0.0000e+00   0.0000e+00   2.8701e+02
20251222_12:00:00   1.6571e-01   4.5780e+01   3.0930e+00   0.0000e+00   0.0000e+00   2.9234e+02
20251222_15:00:00   1.4622e-01   4.1372e+01   2.6343e+00   0.0000e+00   0.0000e+00   2.9662e+02
20251222_18:00:00   1.2308e-01   3.6213e+01   2.1101e+00   0.0000e+00   0.0000e+00   3.0115e+02
20251222_21:00:00   1.6956e-01   4.7041e+01   3.1247e+00   0.0000e+00   0.0000e+00   2.9524e+02
20251223_00:00:00   2.0319e-01   5.4304e+01   3.8763e+00   0.0000e+00   0.0000e+00   2.9070e+02
20251223_03:00:00   1.9055e-01   5.1400e+01   3.5720e+00   0.0000e+00   0.0000e+00   2.8220e+02
20251223_06:00:00   1.8125e-01   4.9045e+01   3.3684e+00   0.0000e+00   0.0000e+00   2.8144e+02
20251223_09:00:00   1.6478e-01   4.5324e+01   2.9934e+00   0.0000e+00   0.0000e+00   2.7988e+02
20251223_12:00:00   1.6172e-01   4.4692e+01   2.9018e+00   0.0000e+00   0.0000e+00   2.7421e+02
20251223_15:00:00   1.9112e-01   5.0909e+01   3.5928e+00   0.0000e+00   0.0000e+00   2.7196e+02
20251223_18:00:00   1.8901e-01   5.0866e+01   3.4519e+00   0.0000e+00   0.0000e+00   2.7919e+02
20251223_21:00:00   2.0651e-01   5.5078e+01   3.7767e+00   0.0000e+00   0.0000e+00   2.8376e+02
20251224_00:00:00   2.0982e-01   5.5794e+01   3.8474e+00   0.0000e+00   0.0000e+00   2.8252e+02
20251224_03:00:00   1.9578e-01   5.2498e+01   3.6206e+00   0.0000e+00   0.0000e+00   2.8490e+02
20251224_06:00:00   1.7889e-01   4.8653e+01   3.2724e+00   0.0000e+00   3.1207e-05   2.8501e+02
20251224_09:00:00   2.0379e-01   5.3897e+01   3.7633e+00   0.0000e+00   2.2142e-03   2.9189e+02
20251224_12:00:00   1.8452e-01   4.9801e+01   3.2474e+00   0.0000e+00   0.0000e+00   2.9572e+02
20251224_15:00:00   2.0505e-01   5.3828e+01   3.7670e+00   0.0000e+00   9.8236e-04   3.0901e+02
20251224_18:00:00   2.0452e-01   5.3609e+01   3.8216e+00   0.0000e+00   2.8456e-03   3.1113e+02
20251224_21:00:00   2.6069e-01   6.5414e+01   5.0197e+00   0.0000e+00   2.9045e-02   3.1356e+02
20251225_00:00:00   2.0236e-01   5.3095e+01   3.7714e+00   0.0000e+00   7.3978e-02   3.1315e+02
