#            date       tau255        Tb[K]      pwv[mm] lwp[kg*m^-2] iwp[kg*m^-2]       o3[DU]
20251206_00:00:00   3.2633e-01   7.8439e+01   5.6605e+00   0.0000e+00   0.0000e+00   2.8976e+02
20251206_01:00:00   3.1130e-01   7.5566e+01   5.3689e+00   0.0000e+00   0.0000e+00   2.9111e+02
20251206_02:00:00   2.9773e-01   7.2917e+01   5.1261e+00   0.0000e+00   0.0000e+00   2.9171e+02
20251206_03:00:00   2.8903e-01   7.1158e+01   4.9947e+00   0.0000e+00   0.0000e+00   2.9167e+02
20251206_04:00:00   2.7377e-01   6.8051e+01   4.7450e+00   0.0000e+00   0.0000e+00   2.9232e+02
20251206_05:00:00   2.7481e-01   6.8140e+01   4.7874e+00   0.0000e+00   2.8300e-04   2.9082e+02
20251206_06:00:00   2.9785e-01   7.2548e+01   5.3348e+00   0.0000e+00   0.0000e+00   2.8871e+02
20251206_07:00:00   3.3293e-01   7.9281e+01   6.0366e+00   0.0000e+00   0.0000e+00   2.8870e+02
20251206_08:00:00   3.4587e-01   8.1707e+01   6.2759e+00   0.0000e+00   1.8014e-08   2.8891e+02
20251206_09:00:00   3.5217e-01   8.2821e+01   6.4507e+00   0.0000e+00   0.0000e+00   2.8681e+02
20251206_10:00:00   3.6772e-01   8.5682e+01   6.8223e+00   0.0000e+00   0.0000e+00   2.7997e+02
20251206_11:00:00   3.6873e-01   8.5970e+01   6.8496e+00   0.0000e+00   0.0000e+00   2.7932e+02
20251206_12:00:00   3.8799e-01   8.9503e+01   7.2089e+00   0.0000e+00   0.0000e+00   2.7581e+02
20251206_13:00:00   4.0828e-01   9.3179e+01   7.6076e+00   0.0000e+00   0.0000e+00   2.7733e+02
20251206_14:00:00   4.4384e-01   9.9262e+01   8.2939e+00   0.0000e+00   0.0000e+00   2.7912e+02
20251206_15:00:00   4.5556e-01   1.0135e+02   8.5144e+00   0.0000e+00   0.0000e+00   2.8093e+02
20251206_16:00:00   4.6643e-01   1.0342e+02   8.7072e+00   0.0000e+00   0.0000e+00   2.8113e+02
20251206_17:00:00   4.7366e-01   1.0476e+02   8.7721e+00   0.0000e+00   0.0000e+00   2.8372e+02
20251206_18:00:00   4.9131e-01   1.0775e+02   9.0628e+00   0.0000e+00   0.0000e+00   2.8297e+02
20251206_19:00:00   4.9194e-01   1.0813e+02   9.1075e+00   0.0000e+00   0.0000e+00   2.8331e+02
20251206_20:00:00   5.0314e-01   1.1024e+02   9.3060e+00   0.0000e+00   0.0000e+00   2.8378e+02
20251206_21:00:00   4.9726e-01   1.0949e+02   9.1904e+00   0.0000e+00   0.0000e+00   2.8569e+02
20251206_22:00:00   4.8349e-01   1.0748e+02   8.8322e+00   0.0000e+00   0.0000e+00   2.8483e+02
20251206_23:00:00   4.6352e-01   1.0406e+02   8.4049e+00   0.0000e+00   0.0000e+00   2.8668e+02
20251207_00:00:00   4.2378e-01   9.7223e+01   7.4469e+00   0.0000e+00   5.0440e-07   2.8467e+02
20251207_01:00:00   3.7120e-01   8.7686e+01   6.4047e+00   6.4860e-07   1.0520e-06   2.8557e+02
20251207_02:00:00   3.2368e-01   7.8523e+01   5.6613e+00   0.0000e+00   0.0000e+00   2.8615e+02
20251207_03:00:00   3.1740e-01   7.7137e+01   5.5533e+00   0.0000e+00   0.0000e+00   2.8402e+02
20251207_04:00:00   3.2029e-01   7.7554e+01   5.5427e+00   0.0000e+00   0.0000e+00   2.8567e+02
20251207_05:00:00   3.0546e-01   7.4652e+01   5.2722e+00   0.0000e+00   0.0000e+00   2.8640e+02
20251207_06:00:00   2.8089e-01   6.9719e+01   4.8888e+00   0.0000e+00   0.0000e+00   2.8799e+02
20251207_07:00:00   2.8081e-01   6.9610e+01   4.8918e+00   0.0000e+00   0.0000e+00   2.9271e+02
20251207_08:00:00   2.7717e-01   6.8843e+01   4.8009e+00   0.0000e+00   0.0000e+00   2.9604e+02
20251207_09:00:00   2.8437e-01   7.0205e+01   4.8906e+00   0.0000e+00   0.0000e+00   2.9981e+02
20251207_10:00:00   2.8144e-01   6.9587e+01   4.8116e+00   0.0000e+00   0.0000e+00   2.9932e+02
20251207_11:00:00   2.6802e-01   6.6894e+01   4.5466e+00   0.0000e+00   0.0000e+00   2.9692e+02
20251207_12:00:00   2.4935e-01   6.3129e+01   4.1770e+00   0.0000e+00   0.0000e+00   2.9715e+02
20251207_13:00:00   2.3345e-01   5.9828e+01   3.9165e+00   0.0000e+00   0.0000e+00   2.9532e+02
20251207_14:00:00   2.2770e-01   5.8601e+01   3.8230e+00   0.0000e+00   1.0448e-08   2.9618e+02
20251207_15:00:00   2.2866e-01   5.8767e+01   3.8721e+00   0.0000e+00   1.0391e-08   2.9447e+02
20251207_16:00:00   2.2716e-01   5.8482e+01   3.8926e+00   0.0000e+00   0.0000e+00   2.9493e+02
20251207_17:00:00   2.3687e-01   6.0516e+01   4.1250e+00   0.0000e+00   0.0000e+00   2.9502e+02
20251207_18:00:00   2.6078e-01   6.5473e+01   4.6283e+00   0.0000e+00   0.0000e+00   2.9466e+02
20251207_19:00:00   2.8765e-01   7.0921e+01   5.1842e+00   0.0000e+00   0.0000e+00   2.9368e+02
20251207_20:00:00   3.1313e-01   7.5993e+01   5.7088e+00   0.0000e+00   0.0000e+00   2.9264e+02
20251207_21:00:00   3.1988e-01   7.7455e+01   5.8288e+00   0.0000e+00   0.0000e+00   2.9735e+02
20251207_22:00:00   3.2275e-01   7.8044e+01   5.9389e+00   0.0000e+00   0.0000e+00   2.9566e+02
20251207_23:00:00   3.1909e-01   7.7228e+01   5.9545e+00   0.0000e+00   0.0000e+00   2.9151e+02
20251208_00:00:00   3.0584e-01   7.4568e+01   5.7521e+00   0.0000e+00   0.0000e+00   2.8899e+02
20251208_01:00:00   2.9136e-01   7.1709e+01   5.5088e+00   0.0000e+00   0.0000e+00   2.9154e+02
20251208_02:00:00   2.7762e-01   6.9000e+01   5.2515e+00   0.0000e+00   0.0000e+00   2.9093e+02
20251208_03:00:00   2.6924e-01   6.7318e+01   5.0809e+00   0.0000e+00   0.0000e+00   2.8984e+02
20251208_04:00:00   2.6697e-01   6.6831e+01   5.0553e+00   0.0000e+00   0.0000e+00   2.9160e+02
20251208_05:00:00   2.7689e-01   6.8710e+01   5.2614e+00   0.0000e+00   1.8184e-05   2.9351e+02
20251208_06:00:00   2.8262e-01   6.9800e+01   5.3747e+00   0.0000e+00   2.0040e-05   2.9542e+02
20251208_07:00:00   2.8992e-01   7.1168e+01   5.5287e+00   0.0000e+00   6.3562e-05   2.9192e+02
20251208_08:00:00   2.9442e-01   7.2018e+01   5.5991e+00   0.0000e+00   4.3986e-04   2.9288e+02
20251208_09:00:00   2.9628e-01   7.2382e+01   5.6156e+00   0.0000e+00   1.7254e-03   2.9231e+02
20251208_10:00:00   2.9770e-01   7.2653e+01   5.6225e+00   0.0000e+00   1.9179e-03   2.9461e+02
20251208_11:00:00   3.0312e-01   7.3649e+01   5.7185e+00   0.0000e+00   2.1722e-03   2.9790e+02
20251208_12:00:00   3.1311e-01   7.5518e+01   5.8912e+00   0.0000e+00   5.3688e-04   3.0041e+02
20251208_13:00:00   3.2129e-01   7.7071e+01   6.0228e+00   0.0000e+00   7.7316e-04   3.0396e+02
20251208_14:00:00   3.1975e-01   7.6862e+01   5.9442e+00   0.0000e+00   1.0592e-03   3.0595e+02
20251208_15:00:00   3.2054e-01   7.7108e+01   5.9070e+00   0.0000e+00   1.2239e-03   3.0659e+02
20251208_16:00:00   3.1731e-01   7.6622e+01   5.8149e+00   0.0000e+00   1.4621e-04   3.0795e+02
20251208_17:00:00   3.2061e-01   7.7358e+01   5.8770e+00   0.0000e+00   5.0493e-04   3.0759e+02
20251208_18:00:00   3.6173e-01   8.5049e+01   6.6409e+00   0.0000e+00   1.6032e-03   3.0805e+02
20251208_19:00:00   3.9863e-01   9.1790e+01   7.3142e+00   0.0000e+00   9.9511e-04   3.1108e+02
20251208_20:00:00   4.0865e-01   9.3844e+01   7.4068e+00   0.0000e+00   0.0000e+00   3.1324e+02
20251208_21:00:00   4.0724e-01   9.3836e+01   7.3240e+00   0.0000e+00   0.0000e+00   3.1022e+02
20251208_22:00:00   3.9007e-01   9.0973e+01   6.9626e+00   0.0000e+00   0.0000e+00   3.0479e+02
20251208_23:00:00   3.5556e-01   8.4905e+01   6.3085e+00   0.0000e+00   0.0000e+00   2.9983e+02
20251209_00:00:00   3.2670e-01   7.9614e+01   5.7257e+00   0.0000e+00   0.0000e+00   2.9937e+02
20251209_01:00:00   3.0442e-01   7.5365e+01   5.3033e+00   0.0000e+00   0.0000e+00   3.0131e+02
20251209_02:00:00   2.8803e-01   7.2093e+01   4.9831e+00   0.0000e+00   0.0000e+00   2.9932e+02
20251209_03:00:00   2.8478e-01   7.1329e+01   4.9272e+00   0.0000e+00   0.0000e+00   2.9509e+02
20251209_04:00:00   2.7223e-01   6.8766e+01   4.6964e+00   0.0000e+00   0.0000e+00   2.9401e+02
20251209_05:00:00   2.5740e-01   6.5678e+01   4.4699e+00   0.0000e+00   0.0000e+00   2.9475e+02
20251209_06:00:00   2.6677e-01   6.7444e+01   4.6733e+00   0.0000e+00   0.0000e+00   2.9826e+02
20251209_07:00:00   2.6396e-01   6.6819e+01   4.6512e+00   0.0000e+00   0.0000e+00   2.9985e+02
20251209_08:00:00   2.5833e-01   6.5578e+01   4.6219e+00   0.0000e+00   0.0000e+00   3.0173e+02
20251209_09:00:00   2.6069e-01   6.6032e+01   4.7158e+00   0.0000e+00   0.0000e+00   3.0220e+02
20251209_10:00:00   2.6997e-01   6.7922e+01   4.9461e+00   0.0000e+00   0.0000e+00   3.0100e+02
20251209_11:00:00   2.8258e-01   7.0420e+01   5.2455e+00   0.0000e+00   0.0000e+00   3.0141e+02
20251209_12:00:00   2.9324e-01   7.2493e+01   5.5114e+00   0.0000e+00   0.0000e+00   3.0187e+02
20251209_13:00:00   2.9598e-01   7.3054e+01   5.6135e+00   0.0000e+00   9.4697e-05   2.9726e+02
20251209_14:00:00   3.0537e-01   7.4872e+01   5.8486e+00   0.0000e+00   7.2901e-04   2.8943e+02
20251209_15:00:00   3.1800e-01   7.7304e+01   6.1525e+00   0.0000e+00   1.5398e-03   2.8523e+02
20251209_16:00:00   3.3552e-01   8.0599e+01   6.5865e+00   0.0000e+00   1.3816e-04   2.8252e+02
20251209_17:00:00   3.5977e-01   8.5309e+01   7.1269e+00   0.0000e+00   1.0198e-05   2.7856e+02
20251209_18:00:00   3.7923e-01   8.9236e+01   7.5378e+00   0.0000e+00   0.0000e+00   2.7781e+02
20251209_19:00:00   3.7480e-01   8.8686e+01   7.4126e+00   0.0000e+00   9.0300e-06   2.8014e+02
20251209_20:00:00   3.8656e-01   9.0983e+01   7.6885e+00   0.0000e+00   1.4440e-03   2.8278e+02
20251209_21:00:00   4.0467e-01   9.4232e+01   8.1008e+00   0.0000e+00   7.6346e-03   2.8513e+02
20251209_22:00:00   4.2955e-01   9.8565e+01   8.5962e+00   0.0000e+00   1.1804e-02   2.8729e+02
20251209_23:00:00   4.4022e-01   1.0035e+02   8.7722e+00   0.0000e+00   7.7755e-03   2.9164e+02
20251210_00:00:00   4.4928e-01   1.0186e+02   8.9191e+00   0.0000e+00   4.0992e-04   2.9816e+02
20251210_01:00:00   4.5092e-01   1.0215e+02   8.9074e+00   0.0000e+00   1.2196e-03   3.0235e+02
20251210_02:00:00   4.5708e-01   1.0324e+02   8.9701e+00   0.0000e+00   1.5135e-02   3.0290e+02
20251210_03:00:00   4.6303e-01   1.0423e+02   8.9878e+00   0.0000e+00   1.6166e-03   3.0494e+02
20251210_04:00:00   4.5815e-01   1.0349e+02   8.8428e+00   0.0000e+00   2.2800e-04   3.0617e+02
20251210_05:00:00   4.5127e-01   1.0255e+02   8.5933e+00   0.0000e+00   1.6569e-04   3.0739e+02
20251210_06:00:00   4.4704e-01   1.0194e+02   8.3622e+00   0.0000e+00   5.9420e-04   3.0857e+02
20251210_07:00:00   4.5652e-01   1.0353e+02   8.4728e+00   0.0000e+00   1.4430e-03   3.0825e+02
20251210_08:00:00   4.5887e-01   1.0391e+02   8.4873e+00   0.0000e+00   1.3087e-04   3.0828e+02
20251210_09:00:00   4.5061e-01   1.0255e+02   8.3462e+00   0.0000e+00   1.3652e-06   3.0630e+02
20251210_10:00:00   4.4890e-01   1.0216e+02   8.2967e+00   0.0000e+00   3.2260e-07   3.0052e+02
20251210_11:00:00   4.8074e-01   1.0730e+02   8.9054e+00   0.0000e+00   8.2602e-04   2.9756e+02
20251210_12:00:00   4.8215e-01   1.0743e+02   9.0444e+00   0.0000e+00   4.2383e-03   2.9641e+02
20251210_13:00:00   5.1659e-01   1.1297e+02   9.7327e+00   0.0000e+00   5.1139e-03   2.9126e+02
20251210_14:00:00   5.2838e-01   1.1493e+02   1.0016e+01   0.0000e+00   1.0873e-03   2.9067e+02
20251210_15:00:00   5.3010e-01   1.1524e+02   1.0008e+01   0.0000e+00   1.0364e-03   2.8955e+02
20251210_16:00:00   5.3454e-01   1.1600e+02   1.0178e+01   0.0000e+00   2.5956e-03   2.8536e+02
20251210_17:00:00   5.2449e-01   1.1468e+02   9.9906e+00   0.0000e+00   6.4251e-05   2.8422e+02
20251210_18:00:00   5.4246e-01   1.1778e+02   1.0254e+01   0.0000e+00   0.0000e+00   2.8472e+02
20251210_19:00:00   5.1227e-01   1.1339e+02   9.6828e+00   0.0000e+00   0.0000e+00   2.8335e+02
20251210_20:00:00   5.1493e-01   1.1407e+02   9.7015e+00   0.0000e+00   9.0080e-08   2.8182e+02
20251210_21:00:00   5.0979e-01   1.1342e+02   9.6385e+00   0.0000e+00   0.0000e+00   2.8033e+02
20251210_22:00:00   5.1423e-01   1.1428e+02   9.8628e+00   0.0000e+00   0.0000e+00   2.7737e+02
20251210_23:00:00   5.3822e-01   1.1807e+02   1.0357e+01   0.0000e+00   0.0000e+00   2.7700e+02
20251211_00:00:00   5.5247e-01   1.2010e+02   1.0552e+01   0.0000e+00   0.0000e+00   2.7804e+02
20251211_03:00:00   5.4104e-01   1.1819e+02   1.0286e+01   0.0000e+00   0.0000e+00   2.7763e+02
20251211_06:00:00   5.6358e-01   1.2154e+02   1.0619e+01   0.0000e+00   4.1340e-06   2.7966e+02
20251211_09:00:00   5.6852e-01   1.2216e+02   1.0626e+01   0.0000e+00   8.3560e-04   2.7610e+02
20251211_12:00:00   5.3401e-01   1.1690e+02   9.7706e+00   0.0000e+00   3.5860e-07   2.7951e+02
20251211_15:00:00   5.2955e-01   1.1600e+02   9.6652e+00   0.0000e+00   0.0000e+00   2.7923e+02
20251211_18:00:00   5.3940e-01   1.1775e+02   9.9923e+00   0.0000e+00   0.0000e+00   2.8049e+02
20251211_21:00:00   5.5645e-01   1.2096e+02   1.0353e+01   0.0000e+00   4.3900e-04   2.7702e+02
20251212_00:00:00   5.8676e-01   1.2535e+02   1.0888e+01   0.0000e+00   0.0000e+00   2.7667e+02
20251212_03:00:00   5.7542e-01   1.2314e+02   1.0744e+01   0.0000e+00   0.0000e+00   2.7636e+02
20251212_06:00:00   5.5679e-01   1.2019e+02   1.0355e+01   0.0000e+00   0.0000e+00   2.7740e+02
20251212_09:00:00   5.3841e-01   1.1730e+02   9.8694e+00   0.0000e+00   0.0000e+00   2.8400e+02
20251212_12:00:00   5.0590e-01   1.1209e+02   9.0776e+00   0.0000e+00   0.0000e+00   2.9017e+02
20251212_15:00:00   4.3854e-01   1.0088e+02   7.8347e+00   0.0000e+00   0.0000e+00   2.9579e+02
20251212_18:00:00   4.5894e-01   1.0463e+02   8.2324e+00   0.0000e+00   0.0000e+00   2.9293e+02
20251212_21:00:00   5.0155e-01   1.1205e+02   9.0993e+00   0.0000e+00   2.0500e-06   2.8504e+02
20251213_00:00:00   4.8492e-01   1.0938e+02   8.9390e+00   0.0000e+00   9.8859e-04   2.7890e+02
20251213_03:00:00   4.8806e-01   1.0941e+02   9.1316e+00   0.0000e+00   2.3656e-03   2.7861e+02
20251213_06:00:00   5.0489e-01   1.1129e+02   9.3409e+00   0.0000e+00   0.0000e+00   2.7521e+02
20251213_09:00:00   4.5016e-01   1.0224e+02   8.3266e+00   0.0000e+00   0.0000e+00   2.7336e+02
20251213_12:00:00   4.4407e-01   1.0113e+02   8.2866e+00   0.0000e+00   6.4700e-05   2.6777e+02
20251213_15:00:00   4.3315e-01   9.9264e+01   8.0683e+00   0.0000e+00   3.6020e-08   2.6458e+02
20251213_18:00:00   4.1062e-01   9.5751e+01   7.6447e+00   0.0000e+00   0.0000e+00   2.6199e+02
20251213_21:00:00   4.1433e-01   9.7020e+01   7.5542e+00   0.0000e+00   0.0000e+00   2.5960e+02
20251214_00:00:00   3.5906e-01   8.7368e+01   6.4149e+00   0.0000e+00   0.0000e+00   2.5870e+02
20251214_03:00:00   3.1277e-01   7.8419e+01   5.6113e+00   0.0000e+00   0.0000e+00   2.5866e+02
20251214_06:00:00   2.8135e-01   7.1955e+01   5.0574e+00   0.0000e+00   0.0000e+00   2.5852e+02
20251214_09:00:00   2.8717e-01   7.2906e+01   5.0889e+00   0.0000e+00   0.0000e+00   2.5644e+02
20251214_12:00:00   2.6911e-01   6.9062e+01   4.7749e+00   0.0000e+00   0.0000e+00   2.5719e+02
20251214_15:00:00   2.5639e-01   6.6335e+01   4.5811e+00   0.0000e+00   0.0000e+00   2.5701e+02
20251214_18:00:00   2.7132e-01   6.9553e+01   4.9431e+00   0.0000e+00   0.0000e+00   2.5463e+02
20251214_21:00:00   2.9400e-01   7.4569e+01   5.5137e+00   0.0000e+00   0.0000e+00   2.5389e+02
20251215_00:00:00   2.7770e-01   7.1126e+01   5.1641e+00   0.0000e+00   0.0000e+00   2.4982e+02
20251215_03:00:00   2.7855e-01   7.1024e+01   5.1834e+00   0.0000e+00   0.0000e+00   2.5034e+02
20251215_06:00:00   2.5282e-01   6.5297e+01   4.8982e+00   0.0000e+00   2.7281e-03   2.5283e+02
20251215_09:00:00   2.1281e-01   5.6544e+01   4.0523e+00   0.0000e+00   4.5486e-03   2.5244e+02
20251215_12:00:00   1.9561e-01   5.2834e+01   3.5571e+00   0.0000e+00   9.3886e-03   2.4950e+02
20251215_15:00:00   1.9716e-01   5.3096e+01   3.5952e+00   0.0000e+00   1.3016e-02   2.4838e+02
20251215_18:00:00   2.0067e-01   5.3985e+01   3.7174e+00   0.0000e+00   4.4172e-03   2.5268e+02
20251215_21:00:00   2.3894e-01   6.2654e+01   4.4554e+00   0.0000e+00   2.7020e-07   2.5641e+02
20251216_00:00:00   2.5560e-01   6.6258e+01   4.7595e+00   0.0000e+00   0.0000e+00   2.5867e+02
20251216_03:00:00   2.7232e-01   6.9336e+01   4.9824e+00   0.0000e+00   0.0000e+00   2.6295e+02
20251216_06:00:00   2.9143e-01   7.2777e+01   5.1444e+00   0.0000e+00   0.0000e+00   2.6180e+02
20251216_09:00:00   3.0401e-01   7.4913e+01   5.2392e+00   0.0000e+00   0.0000e+00   2.6433e+02
20251216_12:00:00   2.8932e-01   7.1890e+01   4.9403e+00   0.0000e+00   0.0000e+00   2.6606e+02
20251216_15:00:00   2.8745e-01   7.1394e+01   4.9661e+00   0.0000e+00   4.9420e-06   2.6493e+02
20251216_18:00:00   2.8062e-01   7.0326e+01   4.9798e+00   0.0000e+00   9.3240e-04   2.7166e+02
20251216_21:00:00   2.9100e-01   7.2734e+01   5.2520e+00   0.0000e+00   0.0000e+00   2.7040e+02
20251217_00:00:00   3.0365e-01   7.5181e+01   5.5849e+00   0.0000e+00   0.0000e+00   2.7272e+02
20251217_03:00:00   3.5192e-01   8.3966e+01   6.6414e+00   0.0000e+00   8.1580e-05   2.7486e+02
20251217_06:00:00   3.6365e-01   8.5846e+01   6.8609e+00   0.0000e+00   6.0545e-03   2.7479e+02
20251217_09:00:00   4.3481e-01   9.8214e+01   8.1847e+00   0.0000e+00   1.7816e-02   2.7502e+02
20251217_12:00:00   5.3852e-01   1.1535e+02   9.8546e+00   0.0000e+00   3.1204e-03   2.7774e+02
20251217_15:00:00   5.3709e-01   1.1515e+02   9.7485e+00   0.0000e+00   0.0000e+00   2.8054e+02
20251217_18:00:00   4.7994e-01   1.0653e+02   8.6859e+00   0.0000e+00   0.0000e+00   2.8471e+02
20251217_21:00:00   4.6177e-01   1.0405e+02   8.3590e+00   0.0000e+00   0.0000e+00   2.8217e+02
20251218_00:00:00   4.7220e-01   1.0565e+02   8.5589e+00   0.0000e+00   0.0000e+00   2.8947e+02
20251218_03:00:00   4.3565e-01   9.9373e+01   7.9320e+00   0.0000e+00   0.0000e+00   2.8939e+02
20251218_06:00:00   4.4095e-01   1.0014e+02   7.9510e+00   0.0000e+00   0.0000e+00   2.9151e+02
20251218_09:00:00   4.4676e-01   1.0097e+02   7.9485e+00   0.0000e+00   0.0000e+00   2.8956e+02
20251218_12:00:00   4.1268e-01   9.4881e+01   7.3680e+00   0.0000e+00   0.0000e+00   2.8892e+02
20251218_15:00:00   3.7983e-01   8.9000e+01   6.7608e+00   0.0000e+00   0.0000e+00   2.9227e+02
20251218_18:00:00   3.4128e-01   8.2305e+01   6.0389e+00   0.0000e+00   0.0000e+00   2.9235e+02
20251218_21:00:00   3.7511e-01   8.9060e+01   6.7425e+00   0.0000e+00   0.0000e+00   2.9135e+02
20251219_00:00:00   3.0774e-01   7.6411e+01   5.5337e+00   0.0000e+00   0.0000e+00   3.0503e+02
20251219_03:00:00   2.3448e-01   6.1503e+01   4.1124e+00   0.0000e+00   0.0000e+00   2.9999e+02
20251219_06:00:00   2.1061e-01   5.6059e+01   3.7464e+00   0.0000e+00   0.0000e+00   2.9981e+02
20251219_09:00:00   2.1259e-01   5.6101e+01   3.9190e+00   0.0000e+00   0.0000e+00   2.9422e+02
20251219_12:00:00   2.2914e-01   5.9549e+01   4.3841e+00   0.0000e+00   2.0140e-06   2.7929e+02
20251219_15:00:00   2.6595e-01   6.7241e+01   5.2141e+00   0.0000e+00   2.5960e-03   2.8432e+02
20251219_18:00:00   2.6715e-01   6.7528e+01   5.3023e+00   0.0000e+00   2.2658e-03   2.7292e+02
20251219_21:00:00   2.7645e-01   6.9482e+01   5.6461e+00   0.0000e+00   2.8319e-03   2.6308e+02
20251220_00:00:00   3.0620e-01   7.5372e+01   6.3054e+00   0.0000e+00   9.7332e-04   2.6438e+02
20251220_03:00:00   3.1728e-01   7.7482e+01   6.5556e+00   0.0000e+00   0.0000e+00   2.6239e+02
20251220_06:00:00   3.7783e-01   8.8850e+01   7.6828e+00   0.0000e+00   0.0000e+00   2.5942e+02
20251220_09:00:00   4.2009e-01   9.6604e+01   8.3894e+00   0.0000e+00   0.0000e+00   2.5724e+02
20251220_12:00:00   4.4092e-01   1.0035e+02   8.5178e+00   0.0000e+00   0.0000e+00   2.6404e+02
20251220_15:00:00   2.6769e-01   6.8292e+01   4.9683e+00   0.0000e+00   1.0195e-03   2.6558e+02
20251220_18:00:00   2.6528e-01   6.7987e+01   4.8923e+00   0.0000e+00   0.0000e+00   2.7174e+02
20251220_21:00:00   3.1072e-01   7.7194e+01   5.7564e+00   0.0000e+00   0.0000e+00   2.6741e+02
20251221_00:00:00   3.2250e-01   7.9620e+01   5.9773e+00   0.0000e+00   0.0000e+00   2.6172e+02
20251221_03:00:00   3.3546e-01   8.1353e+01   5.9459e+00   0.0000e+00   0.0000e+00   2.6061e+02
20251221_06:00:00   3.1028e-01   7.5907e+01   5.4069e+00   0.0000e+00   0.0000e+00   2.6743e+02
20251221_09:00:00   2.8536e-01   7.0861e+01   4.9979e+00   0.0000e+00   0.0000e+00   2.7160e+02
20251221_12:00:00   2.7842e-01   6.9594e+01   4.9685e+00   0.0000e+00   0.0000e+00   2.6649e+02
20251221_15:00:00   2.6769e-01   6.7598e+01   4.8613e+00   0.0000e+00   0.0000e+00   2.6038e+02
20251221_18:00:00   2.7954e-01   7.0339e+01   5.1689e+00   0.0000e+00   0.0000e+00   2.5679e+02
20251221_21:00:00   3.1840e-01   7.8490e+01   5.8768e+00   0.0000e+00   0.0000e+00   2.5056e+02
20251222_00:00:00   3.1619e-01   7.8055e+01   5.9043e+00   0.0000e+00   9.0120e-06   2.4778e+02
