#            date       tau255        Tb[K]      pwv[mm] lwp[kg*m^-2] iwp[kg*m^-2]       o3[DU]
20251210_00:00:00   4.6250e-01   1.0145e+02   7.2476e+00   1.6676e-04   7.8347e-03   3.4324e+02
20251210_01:00:00   5.0742e-01   1.0866e+02   7.9692e+00   3.2930e-04   7.1266e-03   3.4275e+02
20251210_02:00:00   5.1951e-01   1.1071e+02   8.2915e+00   7.9280e-04   3.9018e-03   3.4575e+02
20251210_03:00:00   5.2028e-01   1.1052e+02   8.4595e+00   3.1460e-04   1.3675e-02   3.4736e+02
20251210_04:00:00   5.4665e-01   1.1455e+02   9.0766e+00   1.8537e-05   4.8597e-02   3.4660e+02
20251210_05:00:00   6.3031e-01   1.2654e+02   1.0495e+01   0.0000e+00   4.0069e-02   3.4236e+02
20251210_06:00:00   6.4265e-01   1.2851e+02   1.0671e+01   0.0000e+00   7.6698e-03   3.3966e+02
20251210_07:00:00   6.4938e-01   1.2973e+02   1.0748e+01   0.0000e+00   3.0321e-03   3.3648e+02
20251210_08:00:00   6.7535e-01   1.3332e+02   1.1209e+01   0.0000e+00   1.5748e-02   3.3450e+02
20251210_09:00:00   6.6773e-01   1.3242e+02   1.1218e+01   0.0000e+00   4.7192e-02   3.3772e+02
20251210_10:00:00   6.8661e-01   1.3509e+02   1.1581e+01   0.0000e+00   7.3207e-02   3.3378e+02
20251210_11:00:00   6.6507e-01   1.3245e+02   1.1342e+01   0.0000e+00   3.6232e-02   3.2683e+02
20251210_12:00:00   6.5325e-01   1.3090e+02   1.1200e+01   0.0000e+00   3.9982e-02   3.2500e+02
20251210_13:00:00   6.5257e-01   1.3085e+02   1.1197e+01   0.0000e+00   3.9230e-02   3.2629e+02
20251210_14:00:00   6.8696e-01   1.3559e+02   1.1691e+01   0.0000e+00   1.3196e-01   3.2936e+02
20251210_15:00:00   8.1821e-01   1.5193e+02   1.3567e+01   0.0000e+00   4.2091e-01   3.3272e+02
20251210_16:00:00   8.4899e-01   1.5563e+02   1.3958e+01   0.0000e+00   2.2974e-01   3.3747e+02
20251210_17:00:00   8.6203e-01   1.5719e+02   1.4060e+01   0.0000e+00   2.2274e-01   3.3806e+02
20251210_18:00:00   8.3319e-01   1.5394e+02   1.3481e+01   2.9820e-04   2.8021e-02   3.3209e+02
20251210_19:00:00   8.3379e-01   1.5394e+02   1.2907e+01   5.1256e-04   3.3220e-01   3.2782e+02
20251210_20:00:00   9.8433e-01   1.7027e+02   1.2302e+01   7.3687e-02   3.2533e-01   3.3444e+02
20251210_21:00:00   1.4556e+00   2.0830e+02   1.1591e+01   2.8771e-01   3.4308e-01   3.3785e+02
20251210_22:00:00   1.6899e+00   2.2169e+02   9.7685e+00   4.3182e-01   1.1541e-01   3.4088e+02
20251210_23:00:00   1.7450e+00   2.2436e+02   8.1073e+00   4.9528e-01   6.8837e-02   3.5158e+02
20251211_00:00:00   1.7352e+00   2.2316e+02   8.8968e+00   4.7751e-01   1.1918e-01   3.4802e+02
20251211_01:00:00   1.0353e+00   1.7479e+02   9.2446e+00   1.6905e-01   2.7856e-01   3.4039e+02
20251211_02:00:00   1.0762e+00   1.7844e+02   8.5011e+00   2.0892e-01   1.9054e-01   3.3049e+02
20251211_03:00:00   9.3011e-01   1.6356e+02   7.5840e+00   1.7519e-01   1.6819e-01   3.2802e+02
20251211_04:00:00   6.0673e-01   1.2358e+02   6.9480e+00   5.6618e-02   6.1846e-02   3.2218e+02
20251211_05:00:00   4.2480e-01   9.4648e+01   6.2405e+00   0.0000e+00   2.6029e-02   3.1426e+02
20251211_06:00:00   4.0919e-01   9.1825e+01   6.0250e+00   0.0000e+00   2.1284e-02   3.0937e+02
20251211_07:00:00   3.7670e-01   8.5981e+01   5.4754e+00   0.0000e+00   2.5835e-02   3.1153e+02
20251211_08:00:00   3.5750e-01   8.2304e+01   5.2029e+00   0.0000e+00   2.9082e-02   3.1697e+02
20251211_09:00:00   3.4802e-01   8.0320e+01   5.0940e+00   0.0000e+00   1.8813e-02   3.1825e+02
20251211_10:00:00   3.3310e-01   7.7476e+01   4.8575e+00   0.0000e+00   1.4350e-02   3.2260e+02
20251211_11:00:00   3.2499e-01   7.5994e+01   4.6987e+00   0.0000e+00   1.4560e-02   3.2409e+02
20251211_12:00:00   3.3511e-01   7.7766e+01   4.8416e+00   0.0000e+00   1.9840e-02   3.2320e+02
20251211_13:00:00   3.0222e-01   7.1572e+01   4.3370e+00   1.2496e-04   1.2416e-02   3.1951e+02
20251211_14:00:00   2.7237e-01   6.5838e+01   3.8654e+00   1.4302e-04   1.1333e-02   3.1898e+02
20251211_15:00:00   2.5669e-01   6.2873e+01   3.5760e+00   3.4360e-04   8.7863e-03   3.1988e+02
20251211_16:00:00   2.4086e-01   5.9811e+01   3.3045e+00   0.0000e+00   8.2441e-03   3.2287e+02
20251211_17:00:00   2.3024e-01   5.7778e+01   3.1044e+00   2.2520e-04   9.6025e-03   3.1895e+02
20251211_18:00:00   2.2370e-01   5.6565e+01   2.9419e+00   1.2634e-03   4.6535e-03   3.2181e+02
20251211_19:00:00   2.2699e-01   5.7302e+01   3.0086e+00   1.0202e-04   4.2058e-03   3.2719e+02
20251211_20:00:00   2.2458e-01   5.6854e+01   2.9732e+00   1.0738e-04   2.1652e-03   3.2286e+02
20251211_21:00:00   2.2747e-01   5.7429e+01   3.0222e+00   0.0000e+00   4.1311e-03   3.2125e+02
20251211_22:00:00   2.2291e-01   5.6400e+01   2.9577e+00   3.9620e-04   5.0701e-03   3.2392e+02
20251211_23:00:00   2.1861e-01   5.5454e+01   2.9196e+00   8.0380e-05   4.7573e-03   3.2802e+02
20251212_00:00:00   2.2109e-01   5.5914e+01   2.9863e+00   1.9598e-04   3.9835e-03   3.2913e+02
20251212_01:00:00   2.2600e-01   5.6816e+01   3.1213e+00   2.0680e-04   3.9719e-03   3.2152e+02
20251212_02:00:00   2.3329e-01   5.8168e+01   3.3278e+00   2.9620e-04   3.1367e-03   3.1709e+02
20251212_03:00:00   2.4282e-01   6.0001e+01   3.5122e+00   1.1868e-03   2.5614e-03   3.2068e+02
20251212_04:00:00   2.6594e-01   6.4434e+01   3.9572e+00   1.8964e-03   7.3891e-03   3.2337e+02
20251212_05:00:00   2.7919e-01   6.7000e+01   4.3184e+00   4.1520e-04   9.2562e-03   3.2255e+02
20251212_06:00:00   2.9748e-01   7.0299e+01   4.7327e+00   2.3220e-04   1.9938e-02   3.2440e+02
20251212_07:00:00   3.3125e-01   7.6440e+01   5.3745e+00   6.8340e-05   4.5040e-02   3.2347e+02
20251212_08:00:00   3.9000e-01   8.6982e+01   6.3920e+00   2.1880e-05   8.4354e-02   3.2073e+02
20251212_09:00:00   4.6492e-01   9.9570e+01   7.5552e+00   1.0414e-04   1.2970e-01   3.2076e+02
20251212_10:00:00   5.1850e-01   1.0824e+02   8.4617e+00   0.0000e+00   3.7690e-02   3.1760e+02
20251212_11:00:00   5.6892e-01   1.1578e+02   9.1409e+00   0.0000e+00   1.6899e-01   3.1390e+02
20251212_12:00:00   5.9482e-01   1.1965e+02   9.4485e+00   0.0000e+00   1.8552e-01   3.1721e+02
20251212_13:00:00   6.0142e-01   1.2072e+02   9.5447e+00   0.0000e+00   1.3947e-01   3.2144e+02
20251212_14:00:00   6.1630e-01   1.2295e+02   9.6725e+00   0.0000e+00   3.0082e-01   3.2371e+02
20251212_15:00:00   6.2770e-01   1.2467e+02   9.7484e+00   0.0000e+00   3.8605e-01   3.2108e+02
20251212_16:00:00   6.0017e-01   1.2109e+02   9.2762e+00   1.2834e-03   1.3530e-01   3.2357e+02
20251212_17:00:00   5.6507e-01   1.1660e+02   8.2569e+00   8.7260e-03   8.0292e-02   3.2776e+02
20251212_18:00:00   5.2106e-01   1.1044e+02   7.5262e+00   5.3200e-03   5.3303e-02   3.2941e+02
20251212_19:00:00   5.2924e-01   1.1206e+02   7.3344e+00   1.3900e-02   1.7822e-02   3.3203e+02
20251212_20:00:00   5.9096e-01   1.2144e+02   7.4180e+00   3.9060e-02   2.1730e-02   3.2813e+02
20251212_21:00:00   5.4745e-01   1.1511e+02   7.3821e+00   1.9798e-02   1.6864e-02   3.3368e+02
20251212_22:00:00   5.6475e-01   1.1773e+02   7.2060e+00   3.1002e-02   1.8611e-02   3.3250e+02
20251212_23:00:00   5.4972e-01   1.1567e+02   6.8457e+00   3.3398e-02   6.4451e-03   3.2706e+02
20251213_00:00:00   5.6215e-01   1.1764e+02   6.7964e+00   3.9745e-02   5.0407e-03   3.3411e+02
20251213_01:00:00   5.8835e-01   1.2154e+02   6.9881e+00   4.6990e-02   6.4253e-03   3.3895e+02
20251213_02:00:00   6.3907e-01   1.2877e+02   7.4918e+00   5.5767e-02   1.0181e-02   3.3939e+02
20251213_03:00:00   7.6862e-01   1.4563e+02   7.9340e+00   1.0068e-01   2.0574e-02   3.4276e+02
20251213_04:00:00   1.0883e+00   1.7908e+02   8.2169e+00   2.3303e-01   2.0453e-02   3.4054e+02
20251213_05:00:00   8.6363e-01   1.5678e+02   8.5492e+00   1.2707e-01   5.1381e-02   3.3875e+02
20251213_06:00:00   6.9900e-01   1.3709e+02   8.4763e+00   5.6667e-02   4.5928e-02   3.4431e+02
20251213_07:00:00   8.2403e-01   1.5259e+02   7.8474e+00   1.2943e-01   3.8887e-02   3.3937e+02
20251213_08:00:00   1.1508e+00   1.8484e+02   7.7117e+00   2.7763e-01   3.6273e-02   3.3665e+02
20251213_09:00:00   1.5096e+00   2.1004e+02   7.3876e+00   4.4428e-01   1.6048e-02   3.3694e+02
20251213_10:00:00   1.2321e+00   1.9072e+02   7.2884e+00   3.3256e-01   1.3331e-02   3.3252e+02
20251213_11:00:00   7.4774e-01   1.4236e+02   7.1133e+00   1.3185e-01   1.2464e-02   3.3178e+02
20251213_12:00:00   4.6949e-01   1.0214e+02   6.9325e+00   1.8889e-02   1.5454e-02   3.3538e+02
20251213_13:00:00   4.6415e-01   1.0107e+02   7.0230e+00   1.6720e-02   1.4044e-02   3.4126e+02
20251213_14:00:00   4.3480e-01   9.6114e+01   6.9244e+00   7.9080e-03   1.4536e-02   3.3746e+02
20251213_15:00:00   4.3420e-01   9.5972e+01   6.9784e+00   7.3860e-03   1.3659e-02   3.3199e+02
20251213_16:00:00   4.2661e-01   9.4773e+01   7.0100e+00   4.2600e-03   2.6740e-03   3.2758e+02
20251213_17:00:00   4.2937e-01   9.5326e+01   7.0721e+00   4.4920e-03   1.8656e-03   3.2687e+02
20251213_18:00:00   4.5206e-01   9.9117e+01   7.4897e+00   3.8780e-03   5.4186e-03   3.2452e+02
20251213_19:00:00   4.8286e-01   1.0411e+02   8.0433e+00   2.8560e-03   7.5306e-03   3.2136e+02
20251213_20:00:00   5.2834e-01   1.1125e+02   8.6728e+00   6.2840e-03   2.0935e-02   3.1728e+02
20251213_21:00:00   5.6023e-01   1.1601e+02   9.2936e+00   1.8106e-03   1.9420e-02   3.1423e+02
20251213_22:00:00   5.7726e-01   1.1851e+02   9.5634e+00   2.5380e-03   2.3683e-02   3.1136e+02
20251213_23:00:00   6.0888e-01   1.2297e+02   1.0121e+01   1.3100e-03   2.2209e-02   3.1118e+02
20251214_00:00:00   6.8839e-01   1.3376e+02   1.1298e+01   3.2280e-03   1.6679e-02   3.1552e+02
20251214_01:00:00   7.1553e-01   1.3714e+02   1.1733e+01   2.5720e-04   2.1051e-02   3.1725e+02
20251214_02:00:00   7.2847e-01   1.3861e+02   1.1948e+01   0.0000e+00   3.8998e-02   3.2135e+02
20251214_03:00:00   7.4376e-01   1.4057e+02   1.2206e+01   0.0000e+00   4.1317e-02   3.2128e+02
20251214_04:00:00   7.5176e-01   1.4151e+02   1.2340e+01   0.0000e+00   5.6235e-02   3.2121e+02
20251214_05:00:00   7.6316e-01   1.4289e+02   1.2473e+01   0.0000e+00   1.4248e-01   3.2089e+02
20251214_06:00:00   7.6113e-01   1.4255e+02   1.2334e+01   0.0000e+00   3.3271e-01   3.2190e+02
20251214_07:00:00   7.5373e-01   1.4163e+02   1.2137e+01   0.0000e+00   4.4314e-01   3.2132e+02
20251214_08:00:00   7.3724e-01   1.3942e+02   1.1816e+01   0.0000e+00   4.7701e-01   3.1813e+02
20251214_09:00:00   7.1099e-01   1.3587e+02   1.1386e+01   0.0000e+00   4.5021e-01   3.1707e+02
20251214_10:00:00   6.1933e-01   1.2372e+02   9.8109e+00   0.0000e+00   1.4094e-01   3.2676e+02
20251214_11:00:00   4.9313e-01   1.0523e+02   7.4204e+00   0.0000e+00   4.2620e-02   3.3028e+02
20251214_12:00:00   4.1619e-01   9.2412e+01   6.0832e+00   0.0000e+00   2.4923e-02   3.3408e+02
20251214_13:00:00   3.3894e-01   7.8489e+01   4.8029e+00   0.0000e+00   1.9960e-02   3.3765e+02
20251214_14:00:00   3.0234e-01   7.1507e+01   4.1990e+00   0.0000e+00   2.3452e-02   3.3875e+02
20251214_15:00:00   2.8221e-01   6.7517e+01   3.8362e+00   4.3200e-05   2.9967e-02   3.4188e+02
20251214_16:00:00   2.6922e-01   6.4867e+01   3.5052e+00   3.7680e-03   2.7908e-02   3.3932e+02
20251214_17:00:00   2.7314e-01   6.5518e+01   3.2844e+00   1.2920e-02   2.4610e-02   3.3717e+02
20251214_18:00:00   2.4774e-01   6.0527e+01   3.0799e+00   6.6480e-03   2.2419e-02   3.3637e+02
20251214_19:00:00   2.0206e-01   5.1333e+01   2.5202e+00   1.5418e-03   1.8574e-02   3.3179e+02
20251214_20:00:00   1.8887e-01   4.8556e+01   2.3642e+00   2.6840e-06   1.5315e-02   3.2925e+02
20251214_21:00:00   1.8709e-01   4.8119e+01   2.3364e+00   0.0000e+00   3.0571e-02   3.2828e+02
20251214_22:00:00   1.8370e-01   4.7333e+01   2.2883e+00   0.0000e+00   3.2189e-02   3.2696e+02
20251214_23:00:00   1.7908e-01   4.6323e+01   2.2179e+00   0.0000e+00   3.5377e-02   3.2700e+02
20251215_00:00:00   1.7272e-01   4.4932e+01   2.1302e+00   0.0000e+00   3.4258e-02   3.2105e+02
20251215_03:00:00   1.5578e-01   4.1226e+01   1.9974e+00   9.6000e-06   4.1470e-03   3.1405e+02
20251215_06:00:00   1.7908e-01   4.6278e+01   2.4497e+00   6.5320e-04   1.0364e-02   3.2072e+02
20251215_09:00:00   2.0842e-01   5.2395e+01   3.1608e+00   0.0000e+00   1.6559e-03   3.0745e+02
20251215_12:00:00   2.4736e-01   6.0344e+01   4.0098e+00   0.0000e+00   5.3552e-04   2.8950e+02
20251215_15:00:00   3.1327e-01   7.3407e+01   5.3484e+00   0.0000e+00   2.6238e-05   2.8777e+02
20251215_18:00:00   4.1574e-01   9.2106e+01   7.1718e+00   0.0000e+00   3.4490e-04   2.7724e+02
20251215_21:00:00   4.7352e-01   1.0232e+02   8.0968e+00   0.0000e+00   8.5873e-05   2.8025e+02
20251216_00:00:00   4.9051e-01   1.0506e+02   8.5043e+00   0.0000e+00   5.8468e-03   2.7863e+02
20251216_03:00:00   5.7863e-01   1.1881e+02   9.9847e+00   0.0000e+00   3.8776e-03   2.7864e+02
20251216_06:00:00   5.2603e-01   1.1106e+02   9.2174e+00   0.0000e+00   2.3872e-02   2.8226e+02
20251216_09:00:00   5.0852e-01   1.0872e+02   8.8570e+00   0.0000e+00   5.9500e-02   2.8484e+02
20251216_12:00:00   5.2054e-01   1.1099e+02   8.9858e+00   2.9380e-05   2.7420e-05   2.8142e+02
20251216_15:00:00   9.6417e-01   1.6839e+02   9.9529e+00   1.5746e-01   1.7286e-03   2.7701e+02
20251216_18:00:00   9.9947e-01   1.7246e+02   1.1368e+01   1.3399e-01   5.9394e-04   2.7625e+02
20251216_21:00:00   9.0403e-01   1.6326e+02   1.2245e+01   6.8978e-02   2.3199e-04   2.7245e+02
20251217_00:00:00   7.3454e-01   1.4347e+02   1.1378e+01   1.5016e-02   1.3966e-04   2.7143e+02
20251217_03:00:00   8.0176e-01   1.5237e+02   1.0002e+01   6.6000e-02   2.0160e-04   2.6722e+02
20251217_06:00:00   7.6853e-01   1.4899e+02   1.0692e+01   2.7256e-02   1.3530e-04   2.6640e+02
20251217_09:00:00   1.4820e+00   2.1232e+02   1.2608e+01   2.7473e-01   1.1009e-03   2.6952e+02
20251217_12:00:00   1.6374e+00   2.2087e+02   1.3483e+01   3.3561e-01   1.8615e-03   2.6861e+02
20251217_15:00:00   1.0273e+00   1.7705e+02   1.7322e+01   0.0000e+00   4.3584e-03   2.6837e+02
20251217_18:00:00   9.4704e-01   1.6997e+02   1.5160e+01   1.8824e-02   2.3350e-02   2.6804e+02
20251217_21:00:00   6.4463e-01   1.3211e+02   1.0381e+01   2.2709e-02   9.0551e-03   2.6877e+02
20251218_00:00:00   5.3470e-01   1.1493e+02   9.5067e+00   0.0000e+00   1.4939e-02   2.6722e+02
20251218_03:00:00   5.3298e-01   1.1507e+02   9.4382e+00   0.0000e+00   1.4345e-03   2.6842e+02
20251218_06:00:00   9.1348e-01   1.6512e+02   1.5747e+01   0.0000e+00   8.6444e-03   2.6844e+02
20251218_09:00:00   1.5088e+00   2.1505e+02   1.8369e+01   1.4937e-01   1.1156e-03   2.7259e+02
20251218_12:00:00   1.8437e+00   2.3309e+02   2.1599e+01   1.9278e-01   1.0432e-01   2.7052e+02
20251218_15:00:00   3.8033e+00   2.7063e+02   2.4111e+01   9.2200e-01   5.0271e-01   2.7570e+02
20251218_18:00:00   4.0382e+00   2.7216e+02   2.4092e+01   1.0190e+00   4.3751e-01   2.7721e+02
20251218_21:00:00   3.3382e+00   2.6797e+02   2.3493e+01   7.3449e-01   2.4162e-01   2.8230e+02
20251219_00:00:00   3.6825e+00   2.7122e+02   2.1759e+01   9.1208e-01   9.6895e-02   2.9755e+02
20251219_03:00:00   2.2310e+00   2.4914e+02   1.6954e+01   4.2669e-01   5.1260e-05   3.0476e+02
20251219_06:00:00   1.6953e+00   2.2813e+02   1.3824e+01   3.0090e-01   0.0000e+00   2.9978e+02
20251219_09:00:00   8.3809e-01   1.5910e+02   1.2023e+01   2.8301e-02   0.0000e+00   3.0109e+02
20251219_12:00:00   9.3704e-01   1.6939e+02   1.3217e+01   5.3920e-02   0.0000e+00   2.9836e+02
20251219_15:00:00   9.5169e-01   1.6989e+02   1.5496e+01   1.4528e-02   7.2768e-03   3.0033e+02
20251219_18:00:00   8.7236e-01   1.6153e+02   1.4638e+01   1.6914e-03   1.4284e-02   2.9940e+02
20251219_21:00:00   9.0952e-01   1.6631e+02   1.4779e+01   2.6300e-04   1.1072e-03   3.0222e+02
20251220_00:00:00   8.2366e-01   1.5629e+02   1.3333e+01   0.0000e+00   1.2247e-03   3.1097e+02
20251220_03:00:00   7.9078e-01   1.5244e+02   1.2642e+01   0.0000e+00   1.0838e-04   3.1845e+02
20251220_06:00:00   7.9382e-01   1.5284e+02   1.2752e+01   0.0000e+00   0.0000e+00   3.1389e+02
20251220_09:00:00   7.8100e-01   1.5132e+02   1.3007e+01   0.0000e+00   3.2256e-03   3.0502e+02
20251220_12:00:00   8.5133e-01   1.5987e+02   1.4290e+01   0.0000e+00   0.0000e+00   2.9619e+02
20251220_15:00:00   7.2585e-01   1.4606e+02   1.1392e+01   0.0000e+00   0.0000e+00   2.9900e+02
20251220_18:00:00   7.4109e-01   1.4854e+02   1.1920e+01   0.0000e+00   0.0000e+00   2.9239e+02
20251220_21:00:00   6.9462e-01   1.4238e+02   1.1437e+01   0.0000e+00   0.0000e+00   2.7832e+02
20251221_00:00:00   6.0436e-01   1.2856e+02   1.0228e+01   0.0000e+00   0.0000e+00   2.7736e+02
20251221_03:00:00   6.2489e-01   1.3066e+02   1.1072e+01   0.0000e+00   8.2296e-03   2.7580e+02
20251221_06:00:00   6.8280e-01   1.3900e+02   1.1843e+01   0.0000e+00   0.0000e+00   2.7671e+02
20251221_09:00:00   8.0314e-01   1.5482e+02   1.3617e+01   0.0000e+00   0.0000e+00   2.7834e+02
20251221_12:00:00   8.9787e-01   1.6607e+02   1.5064e+01   0.0000e+00   0.0000e+00   2.7662e+02
20251221_15:00:00   8.3663e-01   1.5984e+02   1.3971e+01   0.0000e+00   7.8380e-04   2.7496e+02
20251221_18:00:00   7.3573e-01   1.4838e+02   1.2057e+01   0.0000e+00   2.5700e-05   2.8135e+02
20251221_21:00:00   7.0735e-01   1.4497e+02   1.1164e+01   0.0000e+00   0.0000e+00   2.8062e+02
20251222_00:00:00   6.3698e-01   1.3449e+02   1.0305e+01   0.0000e+00   0.0000e+00   2.8275e+02
20251222_03:00:00   6.0550e-01   1.2969e+02   1.0290e+01   0.0000e+00   1.7288e-04   2.7220e+02
20251222_06:00:00   5.3759e-01   1.1893e+02   9.3662e+00   0.0000e+00   1.4086e-03   2.6725e+02
20251222_09:00:00   5.7607e-01   1.2494e+02   1.0239e+01   0.0000e+00   2.1299e-04   2.6292e+02
20251222_12:00:00   6.3315e-01   1.3358e+02   1.0813e+01   0.0000e+00   0.0000e+00   2.6425e+02
20251222_15:00:00   6.7009e-01   1.3949e+02   1.1148e+01   0.0000e+00   0.0000e+00   2.6902e+02
20251222_18:00:00   7.6944e-01   1.5306e+02   1.2240e+01   0.0000e+00   0.0000e+00   2.7691e+02
20251222_21:00:00   6.6380e-01   1.3906e+02   1.0330e+01   0.0000e+00   8.1540e-04   2.8373e+02
20251223_00:00:00   7.6308e-01   1.5132e+02   1.2133e+01   0.0000e+00   5.4008e-02   2.9072e+02
20251223_03:00:00   2.2483e+00   2.4853e+02   1.9308e+01   4.0503e-01   7.4497e-03   3.0628e+02
20251223_06:00:00   2.1909e+00   2.4514e+02   1.6770e+01   4.4296e-01   6.5555e-02   3.1221e+02
20251223_09:00:00   9.8652e-01   1.6957e+02   5.7574e+00   2.5062e-01   7.5159e-02   3.3522e+02
20251223_12:00:00   3.3465e-01   7.8419e+01   4.7879e+00   5.3700e-06   2.0913e-02   3.4194e+02
20251223_15:00:00   3.0552e-01   7.2669e+01   4.3645e+00   8.8300e-04   1.0740e-02   3.6326e+02
20251223_18:00:00   2.8828e-01   6.9346e+01   4.1409e+00   9.8300e-04   1.2536e-02   3.7247e+02
20251223_21:00:00   2.4902e-01   6.1536e+01   3.5907e+00   0.0000e+00   2.6611e-03   3.7152e+02
20251224_00:00:00   2.6423e-01   6.4218e+01   3.9512e+00   0.0000e+00   3.0971e-03   3.5058e+02
20251224_03:00:00   2.7359e-01   6.5950e+01   4.3940e+00   4.0060e-04   4.5059e-03   3.3930e+02
20251224_06:00:00   3.0406e-01   7.1887e+01   5.0237e+00   0.0000e+00   6.4795e-04   3.3212e+02
20251224_09:00:00   3.7505e-01   8.4937e+01   6.2440e+00   4.2840e-04   1.1289e-03   3.3224e+02
20251224_12:00:00   4.4534e-01   9.6967e+01   7.5467e+00   0.0000e+00   1.2199e-03   3.2742e+02
20251224_15:00:00   5.1823e-01   1.0894e+02   8.9187e+00   0.0000e+00   3.7294e-03   3.2724e+02
20251224_18:00:00   5.1435e-01   1.0858e+02   9.0075e+00   0.0000e+00   1.6171e-02   3.1886e+02
20251224_21:00:00   5.5757e-01   1.1551e+02   9.7180e+00   0.0000e+00   2.0314e-02   3.0477e+02
20251225_00:00:00   5.2565e-01   1.1084e+02   9.1536e+00   0.0000e+00   3.0956e-03   2.9675e+02
20251225_03:00:00   5.0852e-01   1.0901e+02   8.5417e+00   0.0000e+00   0.0000e+00   2.9505e+02
20251225_06:00:00   4.8376e-01   1.0550e+02   7.9873e+00   0.0000e+00   1.1296e-04   2.9508e+02
20251225_09:00:00   5.0908e-01   1.0916e+02   8.4615e+00   0.0000e+00   3.6745e-03   2.9260e+02
20251225_12:00:00   5.3615e-01   1.1294e+02   9.0950e+00   0.0000e+00   1.1678e-02   2.9501e+02
20251225_15:00:00   4.8998e-01   1.0617e+02   8.2963e+00   0.0000e+00   7.0966e-02   2.9697e+02
20251225_18:00:00   5.2051e-01   1.1127e+02   8.9572e+00   0.0000e+00   1.1474e-01   2.9948e+02
20251225_21:00:00   6.4597e-01   1.2970e+02   1.1067e+01   0.0000e+00   1.7915e-01   3.0435e+02
20251226_00:00:00   8.8474e-01   1.5936e+02   1.4507e+01   0.0000e+00   3.2712e-01   3.0135e+02
