#            date       tau255        Tb[K]      pwv[mm] lwp[kg*m^-2] iwp[kg*m^-2]       o3[DU]
20251210_06:00:00   6.3933e-01   1.2805e+02   1.0637e+01   0.0000e+00   7.7346e-03   3.4055e+02
20251210_07:00:00   6.4299e-01   1.2883e+02   1.0670e+01   0.0000e+00   2.9430e-03   3.3804e+02
20251210_08:00:00   6.6339e-01   1.3171e+02   1.1047e+01   0.0000e+00   1.0977e-02   3.3590e+02
20251210_09:00:00   6.5330e-01   1.3048e+02   1.0999e+01   0.0000e+00   4.4331e-02   3.3783e+02
20251210_10:00:00   6.6770e-01   1.3258e+02   1.1294e+01   0.0000e+00   3.2126e-02   3.3473e+02
20251210_11:00:00   6.5024e-01   1.3052e+02   1.1063e+01   0.0000e+00   8.1337e-03   3.2744e+02
20251210_12:00:00   6.3061e-01   1.2781e+02   1.0793e+01   0.0000e+00   2.3972e-02   3.2434e+02
20251210_13:00:00   6.4306e-01   1.2956e+02   1.1015e+01   0.0000e+00   5.7964e-02   3.2532e+02
20251210_14:00:00   6.6860e-01   1.3322e+02   1.1420e+01   0.0000e+00   9.1793e-02   3.2658e+02
20251210_15:00:00   7.7215e-01   1.4647e+02   1.2908e+01   0.0000e+00   2.6139e-01   3.2708e+02
20251210_16:00:00   8.1953e-01   1.5227e+02   1.3535e+01   0.0000e+00   2.4293e-01   3.2867e+02
20251210_17:00:00   8.4385e-01   1.5517e+02   1.3763e+01   0.0000e+00   2.3872e-01   3.3224e+02
20251210_18:00:00   8.3202e-01   1.5380e+02   1.3451e+01   0.0000e+00   5.8906e-02   3.2935e+02
20251210_19:00:00   8.2046e-01   1.5250e+02   1.2678e+01   2.5215e-03   1.9432e-01   3.2613e+02
20251210_20:00:00   9.5295e-01   1.6709e+02   1.2373e+01   5.9920e-02   2.9134e-01   3.3433e+02
20251210_21:00:00   1.1712e+00   1.8750e+02   1.1649e+01   1.6506e-01   4.8610e-01   3.3864e+02
20251210_22:00:00   1.4515e+00   2.0804e+02   1.0356e+01   3.2027e-01   1.1538e-01   3.4200e+02
20251210_23:00:00   1.6344e+00   2.1855e+02   9.0687e+00   4.2487e-01   1.4131e-01   3.5174e+02
20251211_00:00:00   1.8504e+00   2.2874e+02   7.7429e+00   5.5507e-01   2.9329e-02   3.4529e+02
20251211_01:00:00   9.0138e-01   1.6096e+02   8.8378e+00   1.2678e-01   1.7350e-01   3.4014e+02
20251211_02:00:00   9.5989e-01   1.6700e+02   8.6110e+00   1.5740e-01   1.6645e-01   3.3113e+02
20251211_03:00:00   1.1214e+00   1.8223e+02   7.9813e+00   2.4362e-01   1.7043e-01   3.3243e+02
20251211_04:00:00   6.2471e-01   1.2602e+02   7.1596e+00   5.7693e-02   7.6338e-02   3.2741e+02
20251211_05:00:00   4.3805e-01   9.6880e+01   6.4350e+00   0.0000e+00   3.3427e-02   3.1892e+02
20251211_06:00:00   4.1610e-01   9.3036e+01   6.1180e+00   0.0000e+00   2.4969e-02   3.1304e+02
20251211_07:00:00   3.9714e-01   8.9609e+01   5.7946e+00   0.0000e+00   3.4881e-02   3.1029e+02
20251211_08:00:00   3.7698e-01   8.5771e+01   5.5182e+00   0.0000e+00   3.7979e-02   3.1310e+02
20251211_09:00:00   3.6123e-01   8.2687e+01   5.3129e+00   6.0600e-05   2.0606e-02   3.1371e+02
20251211_10:00:00   3.5352e-01   8.1288e+01   5.1599e+00   4.8000e-06   1.9756e-02   3.1565e+02
20251211_11:00:00   3.4104e-01   7.9016e+01   4.9242e+00   0.0000e+00   1.8552e-02   3.1986e+02
20251211_12:00:00   3.2935e-01   7.6691e+01   4.7637e+00   7.4840e-06   1.2354e-02   3.1708e+02
20251211_13:00:00   3.2699e-01   7.6199e+01   4.7256e+00   8.6400e-05   9.2365e-03   3.1808e+02
20251211_14:00:00   3.0050e-01   7.1323e+01   4.3202e+00   5.8180e-05   4.4092e-03   3.1961e+02
20251211_15:00:00   2.7257e-01   6.6028e+01   3.8520e+00   2.7920e-04   3.6495e-03   3.1802e+02
20251211_16:00:00   2.5704e-01   6.3123e+01   3.5744e+00   0.0000e+00   7.9363e-03   3.1419e+02
20251211_17:00:00   2.4760e-01   6.1374e+01   3.3452e+00   1.4282e-03   4.4260e-03   3.1223e+02
20251211_18:00:00   2.3829e-01   5.9574e+01   3.1653e+00   1.2684e-03   3.5900e-03   3.1615e+02
20251211_19:00:00   2.3072e-01   5.8058e+01   3.0693e+00   1.0144e-04   3.3862e-03   3.1855e+02
20251211_20:00:00   2.3214e-01   5.8355e+01   3.0969e+00   1.3424e-05   2.2733e-03   3.1640e+02
20251211_21:00:00   2.3539e-01   5.8999e+01   3.1537e+00   8.2660e-05   2.5068e-03   3.1337e+02
20251211_22:00:00   2.3484e-01   5.8799e+01   3.1828e+00   0.0000e+00   3.9367e-03   3.1824e+02
20251211_23:00:00   2.4087e-01   6.0006e+01   3.3099e+00   0.0000e+00   6.5122e-03   3.2751e+02
20251212_00:00:00   2.3972e-01   5.9706e+01   3.3128e+00   8.7920e-04   3.6364e-03   3.3403e+02
20251212_01:00:00   2.4816e-01   6.1311e+01   3.5255e+00   1.0886e-04   6.6643e-03   3.2844e+02
20251212_02:00:00   2.6147e-01   6.3793e+01   3.8282e+00   1.9640e-04   7.6979e-03   3.1952e+02
20251212_03:00:00   2.7482e-01   6.6339e+01   4.1337e+00   2.1620e-04   4.9195e-03   3.1780e+02
20251212_04:00:00   2.9537e-01   7.0122e+01   4.5589e+00   2.3089e-04   8.5599e-03   3.1601e+02
20251212_05:00:00   3.2693e-01   7.5892e+01   5.2004e+00   1.1960e-04   3.3437e-02   3.1882e+02
20251212_06:00:00   3.6815e-01   8.3329e+01   5.9534e+00   3.1480e-05   5.1925e-02   3.2416e+02
20251212_07:00:00   4.2610e-01   9.3330e+01   6.8844e+00   2.1120e-04   4.2932e-02   3.2240e+02
20251212_08:00:00   4.8958e-01   1.0370e+02   7.9324e+00   2.1880e-05   4.5813e-02   3.2041e+02
20251212_09:00:00   5.4306e-01   1.1196e+02   8.7132e+00   2.6840e-06   1.0447e-01   3.1925e+02
20251212_10:00:00   5.6882e-01   1.1588e+02   9.0964e+00   0.0000e+00   1.1828e-01   3.2039e+02
20251212_11:00:00   5.8024e-01   1.1756e+02   9.2780e+00   0.0000e+00   8.1120e-02   3.1955e+02
20251212_12:00:00   5.9718e-01   1.1997e+02   9.4221e+00   0.0000e+00   2.3751e-01   3.1833e+02
20251212_13:00:00   5.9578e-01   1.1995e+02   9.4666e+00   0.0000e+00   7.6040e-02   3.1902e+02
20251212_14:00:00   6.0930e-01   1.2188e+02   9.5280e+00   0.0000e+00   2.8277e-01   3.1973e+02
20251212_15:00:00   6.0882e-01   1.2202e+02   9.4632e+00   3.2160e-04   2.2944e-01   3.2193e+02
20251212_16:00:00   6.2010e-01   1.2395e+02   9.3771e+00   4.4600e-03   2.3433e-01   3.2009e+02
20251212_17:00:00   5.9484e-01   1.2083e+02   8.7814e+00   7.0740e-03   1.5394e-01   3.2196e+02
20251212_18:00:00   5.5679e-01   1.1565e+02   8.1934e+00   3.9903e-03   8.4731e-02   3.2360e+02
20251212_19:00:00   5.5081e-01   1.1513e+02   7.7313e+00   1.1718e-02   6.9652e-02   3.2954e+02
20251212_20:00:00   5.0714e-01   1.0867e+02   7.2897e+00   3.0100e-03   2.0862e-02   3.2837e+02
20251212_21:00:00   5.1206e-01   1.0953e+02   7.1791e+00   9.0238e-03   1.8467e-02   3.2969e+02
20251212_22:00:00   5.1113e-01   1.0933e+02   6.9570e+00   1.6100e-02   1.0099e-02   3.3106e+02
20251212_23:00:00   5.6148e-01   1.1688e+02   6.8592e+00   4.2744e-02   9.4450e-03   3.3087e+02
20251213_00:00:00   5.7329e-01   1.1878e+02   6.7026e+00   5.2892e-02   3.0380e-03   3.3109e+02
20251213_01:00:00   5.3531e-01   1.1310e+02   6.7197e+00   3.6599e-02   2.3520e-03   3.3845e+02
20251213_02:00:00   6.3792e-01   1.2808e+02   6.7604e+00   8.0209e-02   3.4295e-03   3.3404e+02
20251213_03:00:00   6.5300e-01   1.3020e+02   6.7530e+00   8.7000e-02   3.8975e-03   3.3975e+02
20251213_04:00:00   1.0365e+00   1.7384e+02   6.7373e+00   2.5383e-01   5.8061e-03   3.3876e+02
20251213_05:00:00   1.2165e+00   1.8938e+02   6.8175e+00   3.2931e-01   1.0239e-02   3.3425e+02
20251213_06:00:00   1.2237e+00   1.8998e+02   6.6867e+00   3.3658e-01   2.0803e-02   3.3308e+02
20251213_07:00:00   7.8454e-01   1.4735e+02   6.7816e+00   1.4358e-01   1.9169e-02   3.3888e+02
20251213_08:00:00   6.1484e-01   1.2495e+02   7.0620e+00   6.5770e-02   1.2093e-02   3.3673e+02
20251213_09:00:00   5.8858e-01   1.2079e+02   7.4065e+00   5.0806e-02   1.4908e-02   3.3622e+02
20251213_10:00:00   5.0752e-01   1.0829e+02   7.5010e+00   1.6826e-02   1.5468e-02   3.3270e+02
20251213_11:00:00   4.9566e-01   1.0633e+02   7.5394e+00   1.3074e-02   8.7424e-03   3.3247e+02
20251213_12:00:00   5.1356e-01   1.0915e+02   7.6063e+00   2.0401e-02   1.0008e-02   3.3490e+02
20251213_13:00:00   5.2999e-01   1.1154e+02   7.8858e+00   2.1400e-02   1.5062e-02   3.3866e+02
20251213_14:00:00   5.3921e-01   1.1293e+02   8.1779e+00   1.9448e-02   1.4727e-02   3.3663e+02
20251213_15:00:00   5.1997e-01   1.1004e+02   8.2753e+00   8.4260e-03   7.6096e-03   3.3584e+02
20251213_16:00:00   5.1223e-01   1.0900e+02   8.3041e+00   4.1720e-03   2.7242e-03   3.3335e+02
20251213_17:00:00   5.2111e-01   1.1055e+02   8.4446e+00   4.2000e-03   1.3140e-03   3.2628e+02
20251213_18:00:00   5.5033e-01   1.1493e+02   9.1446e+00   5.9060e-04   3.9760e-03   3.1696e+02
20251213_19:00:00   6.1150e-01   1.2369e+02   1.0021e+01   4.6940e-03   1.5193e-02   3.1792e+02
20251213_20:00:00   6.4875e-01   1.2876e+02   1.0554e+01   5.3640e-03   8.6323e-02   3.1747e+02
20251213_21:00:00   6.7353e-01   1.3207e+02   1.0855e+01   7.9680e-03   4.4798e-02   3.1493e+02
20251213_22:00:00   6.8344e-01   1.3343e+02   1.0981e+01   8.5800e-03   5.2989e-03   3.1345e+02
20251213_23:00:00   6.9508e-01   1.3485e+02   1.1330e+01   5.6780e-03   1.8871e-02   3.1251e+02
20251214_00:00:00   7.3095e-01   1.3929e+02   1.1649e+01   1.1056e-02   5.0670e-03   3.1265e+02
20251214_01:00:00   7.2646e-01   1.3856e+02   1.1884e+01   0.0000e+00   3.2910e-02   3.1486e+02
20251214_02:00:00   7.3633e-01   1.3982e+02   1.2062e+01   0.0000e+00   2.0705e-02   3.1623e+02
20251214_03:00:00   7.4366e-01   1.4067e+02   1.2198e+01   0.0000e+00   2.4638e-02   3.1716e+02
20251214_04:00:00   7.5318e-01   1.4172e+02   1.2356e+01   0.0000e+00   5.2358e-02   3.1775e+02
20251214_05:00:00   7.5847e-01   1.4230e+02   1.2391e+01   0.0000e+00   1.3623e-01   3.1615e+02
20251214_06:00:00   7.5265e-01   1.4151e+02   1.2277e+01   0.0000e+00   1.9154e-01   3.1748e+02
20251214_07:00:00   7.4798e-01   1.4081e+02   1.2100e+01   0.0000e+00   3.5644e-01   3.1790e+02
20251214_08:00:00   7.2784e-01   1.3812e+02   1.1765e+01   0.0000e+00   3.3986e-01   3.1526e+02
20251214_09:00:00   6.9175e-01   1.3344e+02   1.1118e+01   0.0000e+00   2.7930e-01   3.1363e+02
20251214_10:00:00   5.8035e-01   1.1834e+02   9.0028e+00   0.0000e+00   1.0519e-01   3.2103e+02
20251214_11:00:00   4.9999e-01   1.0614e+02   7.5505e+00   0.0000e+00   5.7158e-02   3.2975e+02
20251214_12:00:00   4.2011e-01   9.2879e+01   6.2027e+00   0.0000e+00   3.3076e-02   3.3539e+02
20251214_13:00:00   3.4966e-01   8.0308e+01   5.0243e+00   0.0000e+00   1.8976e-02   3.3918e+02
20251214_14:00:00   2.9679e-01   7.0394e+01   4.1418e+00   0.0000e+00   1.3886e-02   3.4155e+02
20251214_15:00:00   2.7795e-01   6.6635e+01   3.8288e+00   1.9134e-04   1.8839e-02   3.3904e+02
20251214_16:00:00   2.8125e-01   6.7112e+01   3.5909e+00   8.7840e-03   2.4237e-02   3.4151e+02
20251214_17:00:00   2.6153e-01   6.3152e+01   3.4860e+00   1.9310e-03   3.5881e-02   3.4129e+02
20251214_18:00:00   2.4511e-01   5.9841e+01   3.2361e+00   3.0660e-04   3.6260e-02   3.4400e+02
20251214_19:00:00   2.0806e-01   5.2395e+01   2.6336e+00   3.1200e-04   1.8679e-02   3.4898e+02
20251214_20:00:00   1.8606e-01   4.7803e+01   2.2874e+00   1.0738e-05   1.3001e-02   3.4986e+02
20251214_21:00:00   1.8745e-01   4.7963e+01   2.2944e+00   2.1480e-05   2.3454e-02   3.5075e+02
20251214_22:00:00   1.8243e-01   4.6827e+01   2.2142e+00   2.4000e-05   2.5385e-02   3.4896e+02
20251214_23:00:00   1.7721e-01   4.5628e+01   2.1451e+00   0.0000e+00   2.1215e-02   3.4452e+02
20251215_00:00:00   1.6961e-01   4.3960e+01   2.0263e+00   0.0000e+00   2.4022e-02   3.4273e+02
20251215_01:00:00   1.6018e-01   4.1964e+01   1.8976e+00   0.0000e+00   1.3547e-02   3.4480e+02
20251215_02:00:00   1.5555e-01   4.1000e+01   1.8322e+00   0.0000e+00   6.5424e-03   3.4124e+02
20251215_03:00:00   1.6155e-01   4.2335e+01   1.9165e+00   0.0000e+00   9.2190e-03   3.3784e+02
20251215_04:00:00   1.7299e-01   4.4823e+01   2.0967e+00   0.0000e+00   1.1487e-02   3.2984e+02
20251215_05:00:00   1.7841e-01   4.6045e+01   2.1875e+00   0.0000e+00   1.6705e-02   3.2797e+02
20251215_06:00:00   1.7769e-01   4.6001e+01   2.1986e+00   0.0000e+00   1.1870e-02   3.3351e+02
20251215_09:00:00   1.8193e-01   4.6934e+01   2.3763e+00   0.0000e+00   6.6870e-03   3.1818e+02
20251215_12:00:00   2.0112e-01   5.0786e+01   2.8833e+00   1.0170e-05   5.2236e-03   3.0221e+02
20251215_15:00:00   2.8360e-01   6.7289e+01   4.5908e+00   0.0000e+00   4.1987e-03   2.9174e+02
20251215_18:00:00   3.2815e-01   7.6103e+01   5.3766e+00   0.0000e+00   1.7413e-04   2.8551e+02
20251215_21:00:00   4.1295e-01   9.1322e+01   6.8533e+00   0.0000e+00   7.8572e-03   2.7865e+02
20251216_00:00:00   3.2566e-01   7.6213e+01   5.2382e+00   0.0000e+00   2.1959e-04   2.8274e+02
20251216_03:00:00   3.2570e-01   7.6367e+01   5.2433e+00   0.0000e+00   2.3527e-04   2.8643e+02
20251216_06:00:00   3.1447e-01   7.4488e+01   5.0677e+00   0.0000e+00   2.4357e-07   2.8811e+02
20251216_09:00:00   2.9628e-01   7.1162e+01   4.8109e+00   0.0000e+00   1.7274e-03   2.8715e+02
20251216_12:00:00   3.2114e-01   7.5806e+01   5.3180e+00   0.0000e+00   1.0252e-02   2.7956e+02
20251216_15:00:00   3.4933e-01   8.1425e+01   5.9486e+00   0.0000e+00   3.1625e-03   2.7952e+02
20251216_18:00:00   3.8140e-01   8.8054e+01   6.2829e+00   0.0000e+00   3.1820e-04   2.8048e+02
20251216_21:00:00   4.1367e-01   9.4511e+01   6.7461e+00   0.0000e+00   0.0000e+00   2.8129e+02
20251217_00:00:00   5.1553e-01   1.1162e+02   8.3776e+00   0.0000e+00   0.0000e+00   2.8029e+02
20251217_03:00:00   6.1889e-01   1.2734e+02   1.0174e+01   4.0260e-05   3.6100e-06   2.7041e+02
20251217_06:00:00   9.4742e-01   1.6836e+02   9.6885e+00   1.3422e-01   2.2684e-04   2.6892e+02
20251217_09:00:00   9.1505e-01   1.6501e+02   9.8516e+00   1.1416e-01   4.0203e-04   2.6919e+02
20251217_12:00:00   8.2784e-01   1.5522e+02   1.1459e+01   4.4715e-02   1.9829e-02   2.7036e+02
20251217_15:00:00   1.5398e+00   2.1520e+02   1.4684e+01   2.5813e-01   3.8547e-03   2.7067e+02
20251217_18:00:00   1.3466e+00   2.0345e+02   1.7166e+01   1.1677e-01   9.8609e-03   2.6988e+02
20251217_21:00:00   1.0231e+00   1.7622e+02   1.6808e+01   4.0214e-03   6.0079e-02   2.6989e+02
20251218_00:00:00   1.7786e+00   2.2789e+02   1.8989e+01   2.5199e-01   3.7184e-01   2.7151e+02
20251218_03:00:00   9.7386e-01   1.7122e+02   1.6397e+01   6.7200e-05   1.0335e-01   2.7441e+02
20251218_06:00:00   7.7825e-01   1.4947e+02   1.3145e+01   0.0000e+00   1.2375e-01   2.7599e+02
20251218_09:00:00   7.0138e-01   1.3868e+02   1.2325e+01   0.0000e+00   2.5537e-02   2.7521e+02
20251218_12:00:00   1.2557e+00   1.9609e+02   1.8193e+01   6.0133e-02   1.8266e-01   2.7801e+02
20251218_15:00:00   2.5527e+00   2.5409e+02   2.1294e+01   4.8711e-01   2.7406e-01   2.8252e+02
20251218_18:00:00   3.3118e+00   2.6637e+02   2.2856e+01   7.4535e-01   3.6262e-01   2.8584e+02
20251218_21:00:00   3.1340e+00   2.6455e+02   2.2987e+01   6.7039e-01   2.5611e-01   2.9457e+02
20251219_00:00:00   2.7144e+00   2.5892e+02   2.3919e+01   4.6575e-01   7.0066e-01   2.9249e+02
20251219_03:00:00   3.1005e+00   2.6529e+02   2.4267e+01   6.1486e-01   4.5705e-01   2.9671e+02
20251219_06:00:00   3.3756e+00   2.6891e+02   2.0960e+01   8.0588e-01   7.0422e-03   2.9814e+02
20251219_09:00:00   5.1385e+00   2.7655e+02   2.1464e+01   1.5398e+00   2.6268e-01   2.9980e+02
20251219_12:00:00   1.2239e+00   1.9216e+02   1.2852e+01   1.8491e-01   2.0979e-02   2.9516e+02
20251219_15:00:00   6.5176e-01   1.3168e+02   5.2959e+00   1.2459e-01   1.1307e-03   2.9548e+02
20251219_18:00:00   2.9178e-01   7.1765e+01   4.2893e+00   0.0000e+00   2.3624e-03   3.0031e+02
20251219_21:00:00   2.7665e-01   6.8296e+01   4.1976e+00   0.0000e+00   1.9084e-04   3.0996e+02
20251220_00:00:00   2.5635e-01   6.4060e+01   3.7564e+00   0.0000e+00   0.0000e+00   3.2185e+02
20251220_03:00:00   2.5306e-01   6.3353e+01   3.6001e+00   0.0000e+00   5.3676e-05   3.3373e+02
20251220_06:00:00   2.2481e-01   5.7356e+01   3.3279e+00   0.0000e+00   3.2797e-05   3.5175e+02
20251220_09:00:00   2.4603e-01   6.1441e+01   4.0709e+00   0.0000e+00   5.5570e-05   3.3539e+02
20251220_12:00:00   3.4301e-01   7.9823e+01   5.9915e+00   0.0000e+00   4.6654e-03   3.2437e+02
20251220_15:00:00   4.1702e-01   9.2767e+01   7.4514e+00   0.0000e+00   2.3527e-02   2.9653e+02
20251220_18:00:00   5.3703e-01   1.1232e+02   9.2120e+00   0.0000e+00   3.4782e-01   3.0055e+02
20251220_21:00:00   6.5262e-01   1.2970e+02   1.0963e+01   0.0000e+00   4.2353e-02   2.9942e+02
20251221_00:00:00   7.8538e-01   1.4813e+02   1.2758e+01   0.0000e+00   3.3382e-02   3.0002e+02
20251221_03:00:00   5.5641e-01   1.1689e+02   9.5322e+00   9.6000e-06   1.5360e-02   2.9898e+02
20251221_06:00:00   5.5930e-01   1.1780e+02   9.6851e+00   0.0000e+00   1.6899e-03   2.9081e+02
20251221_09:00:00   5.7495e-01   1.2071e+02   9.9428e+00   0.0000e+00   8.9580e-04   2.9164e+02
20251221_12:00:00   6.5269e-01   1.3231e+02   1.1401e+01   0.0000e+00   6.4296e-03   2.9085e+02
20251221_15:00:00   7.4917e-01   1.4572e+02   1.3086e+01   0.0000e+00   5.3052e-03   2.8642e+02
20251221_18:00:00   8.7572e-01   1.6123e+02   1.5099e+01   0.0000e+00   4.0278e-03   2.8423e+02
20251221_21:00:00   8.5306e-01   1.5930e+02   1.4659e+01   0.0000e+00   1.9320e-02   2.8230e+02
20251222_00:00:00   8.0000e-01   1.5297e+02   1.3844e+01   0.0000e+00   2.2471e-03   2.8234e+02
20251222_03:00:00   7.2590e-01   1.4402e+02   1.2638e+01   1.1060e-04   3.0603e-02   2.8019e+02
20251222_06:00:00   6.6017e-01   1.3546e+02   1.1520e+01   0.0000e+00   1.1704e-04   2.8052e+02
20251222_09:00:00   7.3961e-01   1.4683e+02   1.2373e+01   0.0000e+00   2.9059e-02   2.7805e+02
20251222_12:00:00   7.7474e-01   1.5133e+02   1.2820e+01   0.0000e+00   4.9403e-03   2.7543e+02
20251222_15:00:00   7.4458e-01   1.4850e+02   1.2036e+01   0.0000e+00   0.0000e+00   2.7433e+02
20251222_18:00:00   7.4914e-01   1.4977e+02   1.2143e+01   0.0000e+00   0.0000e+00   2.7284e+02
20251222_21:00:00   6.5420e-01   1.3651e+02   1.0802e+01   0.0000e+00   1.1872e-03   2.7318e+02
20251223_00:00:00   7.4082e-01   1.4770e+02   1.1729e+01   7.7920e-04   1.6916e-05   2.7424e+02
20251223_03:00:00   9.3119e-01   1.7091e+02   1.2441e+01   4.4807e-02   8.4300e-04   2.6986e+02
20251223_06:00:00   1.0775e+00   1.8571e+02   1.3632e+01   6.1866e-02   4.7988e-02   2.7237e+02
20251223_09:00:00   1.4246e+00   2.1318e+02   2.1321e+01   7.7974e-03   4.7053e-05   2.7731e+02
20251223_12:00:00   3.4484e+00   2.7020e+02   2.4896e+01   7.4752e-01   2.0993e-02   2.8049e+02
20251223_15:00:00   4.2453e+00   2.7565e+02   2.6487e+01   1.0231e+00   3.4862e-01   2.8000e+02
20251223_18:00:00   2.8423e+00   2.6335e+02   2.6579e+01   4.4585e-01   4.6668e-01   2.8708e+02
20251223_21:00:00   2.8016e+00   2.6378e+02   2.6413e+01   4.2190e-01   5.1295e-01   2.9334e+02
20251224_00:00:00   4.0885e+00   2.7574e+02   2.6499e+01   9.5335e-01   3.6754e-01   3.0401e+02
20251224_03:00:00   1.6394e+00   2.2494e+02   2.3583e+01   5.0180e-02   6.0291e-02   3.0415e+02
20251224_06:00:00   2.2941e+00   2.4969e+02   2.4519e+01   2.8897e-01   2.1572e-01   2.9609e+02
20251224_09:00:00   2.3380e+00   2.5024e+02   2.4314e+01   3.2442e-01   9.3840e-02   2.9604e+02
20251224_12:00:00   3.1282e+00   2.6633e+02   2.5818e+01   5.8283e-01   4.1608e-01   2.9323e+02
20251224_15:00:00   4.4959e+00   2.7473e+02   2.6349e+01   1.1446e+00   7.4217e-01   2.9345e+02
20251224_18:00:00   3.0090e+00   2.6342e+02   2.6273e+01   5.3487e-01   6.5893e-01   2.9573e+02
20251224_21:00:00   3.0409e+00   2.6567e+02   2.4622e+01   5.7318e-01   1.1983e-02   2.9767e+02
20251225_00:00:00   2.8840e+00   2.6415e+02   2.5164e+01   4.9211e-01   1.2294e-02   2.9418e+02
20251225_03:00:00   2.6224e+00   2.5972e+02   2.4968e+01   3.8534e-01   1.3589e-03   2.9148e+02
20251225_06:00:00   2.0010e+00   2.4312e+02   2.3862e+01   1.6804e-01   1.0024e-04   2.9228e+02
20251225_09:00:00   1.7013e+00   2.3087e+02   2.3114e+01   6.9845e-02   5.6684e-04   2.8691e+02
20251225_12:00:00   1.7259e+00   2.3323e+02   2.2234e+01   1.0392e-01   5.9778e-03   2.7625e+02
20251225_15:00:00   2.8177e+00   2.6714e+02   2.5767e+01   4.1894e-01   1.1354e-03   2.7256e+02
20251225_18:00:00   2.3852e+00   2.5831e+02   2.7000e+01   2.2784e-01   1.2996e-04   2.6916e+02
20251225_21:00:00   2.1856e+00   2.5260e+02   2.8390e+01   1.2790e-01   7.8080e-03   2.7113e+02
20251226_00:00:00   2.2783e+00   2.5479e+02   2.8890e+01   1.5120e-01   2.8407e-04   2.6146e+02
20251226_03:00:00   3.4767e+00   2.7639e+02   2.8583e+01   6.1689e-01   6.2893e-04   2.6023e+02
20251226_06:00:00   2.8201e+00   2.6730e+02   2.5999e+01   4.4319e-01   8.0695e-03   2.5948e+02
