#            date       tau255        Tb[K]      pwv[mm] lwp[kg*m^-2] iwp[kg*m^-2]       o3[DU]
20251202_12:00:00   3.5439e+00   2.6572e+02   1.9497e+01   9.4857e-01   5.0327e-01   3.3813e+02
20251202_13:00:00   2.6821e+00   2.5356e+02   1.8698e+01   6.2196e-01   7.1617e-01   3.3562e+02
20251202_14:00:00   2.8093e+00   2.5595e+02   1.8247e+01   6.8439e-01   5.1708e-01   3.3993e+02
20251202_15:00:00   1.6034e+00   2.1782e+02   1.7153e+01   2.1061e-01   1.6252e-01   3.5005e+02
20251202_16:00:00   1.3557e+00   2.0277e+02   1.5236e+01   1.5389e-01   4.9612e-02   3.5530e+02
20251202_17:00:00   1.0255e+00   1.7599e+02   1.2731e+01   8.0298e-02   4.9369e-04   3.5780e+02
20251202_18:00:00   1.0591e+00   1.7889e+02   1.0067e+01   1.6098e-01   1.1664e-03   3.5848e+02
20251202_19:00:00   9.0304e-01   1.6276e+02   8.0149e+00   1.4846e-01   3.8501e-03   3.6202e+02
20251202_20:00:00   6.2847e-01   1.2824e+02   7.1440e+00   5.8321e-02   1.0786e-02   3.5963e+02
20251202_21:00:00   4.5380e-01   1.0102e+02   6.4854e+00   2.7792e-03   2.0625e-02   3.5743e+02
20251202_22:00:00   4.0972e-01   9.3199e+01   5.8761e+00   4.0680e-05   2.0861e-02   3.5577e+02
20251202_23:00:00   3.6959e-01   8.5912e+01   5.2114e+00   1.4204e-03   1.7141e-02   3.5686e+02
20251203_00:00:00   4.3275e-01   9.6772e+01   4.9102e+00   3.8284e-02   2.3030e-02   3.5608e+02
20251203_01:00:00   3.4462e-01   8.1187e+01   4.4971e+00   1.1238e-02   1.4297e-02   3.5158e+02
20251203_02:00:00   3.0123e-01   7.3049e+01   4.2075e+00   1.0071e-03   9.7027e-03   3.4944e+02
20251203_03:00:00   2.8568e-01   7.0018e+01   4.0040e+00   4.6304e-04   6.9718e-03   3.4502e+02
20251203_04:00:00   2.7385e-01   6.7658e+01   3.8669e+00   2.5320e-04   3.7720e-03   3.4642e+02
20251203_05:00:00   2.7044e-01   6.6812e+01   3.8757e+00   6.9520e-04   2.2889e-03   3.4466e+02
20251203_06:00:00   2.7799e-01   6.8164e+01   4.0023e+00   2.1840e-03   2.4254e-03   3.4168e+02
20251203_07:00:00   2.9261e-01   7.0971e+01   4.0523e+00   8.2240e-03   3.1522e-03   3.3465e+02
20251203_08:00:00   2.9992e-01   7.2196e+01   4.5111e+00   3.7360e-03   1.3177e-03   3.3111e+02
20251203_09:00:00   3.2714e-01   7.7300e+01   5.0905e+00   4.8720e-03   1.0743e-03   3.2809e+02
20251203_10:00:00   3.3203e-01   7.8288e+01   5.2445e+00   5.3360e-03   5.6101e-04   3.2683e+02
20251203_11:00:00   3.1142e-01   7.4350e+01   5.2298e+00   2.5260e-04   6.5668e-05   3.2492e+02
20251203_12:00:00   3.1494e-01   7.4838e+01   5.4753e+00   0.0000e+00   1.6800e-05   3.2324e+02
20251203_13:00:00   3.3247e-01   7.8254e+01   5.8643e+00   0.0000e+00   1.6780e-05   3.2627e+02
20251203_14:00:00   3.2784e-01   7.7808e+01   5.7328e+00   0.0000e+00   3.2970e-06   3.3199e+02
20251203_15:00:00   2.8224e-01   6.9460e+01   4.7601e+00   0.0000e+00   8.3150e-07   3.3633e+02
20251203_16:00:00   2.6563e-01   6.6584e+01   4.2610e+00   0.0000e+00   8.3010e-07   3.3578e+02
20251203_17:00:00   3.0064e-01   7.3716e+01   4.7678e+00   0.0000e+00   0.0000e+00   3.3379e+02
20251203_18:00:00   3.1995e-01   7.7583e+01   5.0617e+00   0.0000e+00   0.0000e+00   3.2828e+02
20251203_19:00:00   3.3521e-01   8.0592e+01   5.2728e+00   0.0000e+00   0.0000e+00   3.2660e+02
20251203_20:00:00   3.5509e-01   8.4268e+01   5.6063e+00   0.0000e+00   0.0000e+00   3.2760e+02
20251203_21:00:00   3.6851e-01   8.6806e+01   5.7069e+00   0.0000e+00   0.0000e+00   3.2923e+02
20251203_22:00:00   3.6103e-01   8.5005e+01   5.6123e+00   0.0000e+00   0.0000e+00   3.3270e+02
20251203_23:00:00   3.6331e-01   8.5120e+01   5.8706e+00   0.0000e+00   4.8850e-06   3.3694e+02
20251204_00:00:00   3.9384e-01   9.0427e+01   6.6226e+00   0.0000e+00   5.6830e-06   3.3601e+02
20251204_01:00:00   4.3380e-01   9.7166e+01   7.4796e+00   0.0000e+00   8.0990e-07   3.3534e+02
20251204_02:00:00   4.3865e-01   9.7800e+01   7.5768e+00   0.0000e+00   0.0000e+00   3.3514e+02
20251204_03:00:00   4.3528e-01   9.7143e+01   7.5435e+00   0.0000e+00   0.0000e+00   3.3560e+02
20251204_04:00:00   4.2410e-01   9.5319e+01   7.3376e+00   0.0000e+00   0.0000e+00   3.3738e+02
20251204_05:00:00   4.3156e-01   9.6480e+01   7.4536e+00   0.0000e+00   2.1556e-05   3.3532e+02
20251204_06:00:00   4.4775e-01   9.9106e+01   7.7487e+00   0.0000e+00   1.0476e-03   3.3399e+02
20251204_07:00:00   4.7943e-01   1.0433e+02   8.3135e+00   0.0000e+00   5.3574e-04   3.3674e+02
20251204_08:00:00   5.3097e-01   1.1247e+02   9.2002e+00   0.0000e+00   1.3452e-03   3.4272e+02
20251204_09:00:00   5.6564e-01   1.1764e+02   9.7774e+00   0.0000e+00   5.2213e-03   3.4693e+02
20251204_10:00:00   5.7958e-01   1.1961e+02   9.9485e+00   0.0000e+00   4.6362e-03   3.4531e+02
20251204_11:00:00   5.7295e-01   1.1858e+02   9.7973e+00   0.0000e+00   1.5442e-02   3.4492e+02
20251204_12:00:00   5.7290e-01   1.1854e+02   9.7238e+00   0.0000e+00   1.3666e-02   3.4347e+02
20251204_13:00:00   5.8804e-01   1.2062e+02   9.9522e+00   0.0000e+00   2.1760e-02   3.4472e+02
20251204_14:00:00   5.9968e-01   1.2224e+02   1.0156e+01   0.0000e+00   2.5333e-02   3.4345e+02
20251204_15:00:00   6.3658e-01   1.2747e+02   1.0658e+01   3.5880e-04   2.2096e-02   3.4059e+02
20251204_16:00:00   6.7503e-01   1.3262e+02   1.1136e+01   3.1540e-03   3.9735e-02   3.3979e+02
20251204_17:00:00   6.9463e-01   1.3515e+02   1.1222e+01   6.1160e-03   9.9290e-02   3.4116e+02
20251204_18:00:00   6.8343e-01   1.3372e+02   1.0992e+01   5.4420e-03   3.5267e-02   3.3905e+02
20251204_19:00:00   6.8891e-01   1.3443e+02   1.1020e+01   7.2280e-03   4.1990e-02   3.3605e+02
20251204_20:00:00   6.6190e-01   1.3091e+02   1.0509e+01   7.5280e-03   1.9779e-02   3.3505e+02
20251204_21:00:00   5.9018e-01   1.2100e+02   9.0665e+00   1.4240e-02   1.4787e-02   3.4068e+02
20251204_22:00:00   5.1053e-01   1.0889e+02   7.3430e+00   2.7620e-02   1.3631e-02   3.3551e+02
20251204_23:00:00   3.9714e-01   8.9845e+01   6.5363e+00   5.4300e-04   7.8055e-03   3.3239e+02
20251205_00:00:00   3.5870e-01   8.2761e+01   5.9750e+00   6.7200e-05   1.1405e-02   3.3526e+02
20251205_01:00:00   3.3819e-01   7.8840e+01   5.7104e+00   0.0000e+00   3.6285e-02   3.3552e+02
20251205_02:00:00   3.3692e-01   7.8690e+01   5.6757e+00   0.0000e+00   4.1342e-02   3.3710e+02
20251205_03:00:00   3.4106e-01   7.9487e+01   5.7370e+00   0.0000e+00   3.1257e-02   3.3459e+02
20251205_04:00:00   3.8216e-01   8.6857e+01   6.4857e+00   0.0000e+00   4.2495e-02   3.2838e+02
20251205_05:00:00   4.5758e-01   9.9955e+01   7.6966e+00   0.0000e+00   2.8140e-02   3.3218e+02
20251205_06:00:00   5.7685e-01   1.1883e+02   9.4450e+00   0.0000e+00   3.7201e-02   3.3405e+02
20251205_07:00:00   6.1380e-01   1.2443e+02   9.8362e+00   8.1760e-05   1.8229e-02   3.3447e+02
20251205_08:00:00   5.9469e-01   1.2182e+02   9.4140e+00   1.8152e-03   1.9386e-02   3.3892e+02
20251205_09:00:00   6.1217e-01   1.2431e+02   9.5205e+00   4.6140e-03   2.6247e-02   3.3953e+02
20251205_10:00:00   6.3290e-01   1.2738e+02   9.7520e+00   6.6295e-03   8.3691e-03   3.3966e+02
20251205_11:00:00   6.5009e-01   1.2981e+02   9.7793e+00   1.2524e-02   7.8192e-03   3.3978e+02
20251205_12:00:00   6.7323e-01   1.3292e+02   1.0178e+01   1.3467e-02   7.1495e-03   3.4337e+02
20251205_13:00:00   6.8883e-01   1.3501e+02   1.0646e+01   1.0507e-02   4.6075e-02   3.4616e+02
20251205_14:00:00   6.9899e-01   1.3646e+02   1.0993e+01   7.7778e-03   3.3181e-02   3.4291e+02
20251205_15:00:00   7.3453e-01   1.4108e+02   1.1384e+01   1.3392e-02   1.8751e-02   3.3464e+02
20251205_16:00:00   7.3613e-01   1.4157e+02   1.1080e+01   1.9731e-02   4.3466e-02   3.2766e+02
20251205_17:00:00   7.9787e-01   1.4913e+02   1.1921e+01   2.8745e-02   3.2232e-02   3.2382e+02
20251205_18:00:00   8.4461e-01   1.5486e+02   1.2052e+01   4.3074e-02   7.1324e-02   3.2289e+02
20251205_19:00:00   9.7697e-01   1.6884e+02   1.3455e+01   6.4068e-02   1.7678e-01   3.1984e+02
20251205_20:00:00   9.5934e-01   1.6695e+02   1.4191e+01   3.6683e-02   3.5071e-01   3.1638e+02
20251205_21:00:00   9.2865e-01   1.6395e+02   1.4174e+01   2.6881e-02   2.7398e-01   3.1462e+02
20251205_22:00:00   9.6124e-01   1.6702e+02   1.4960e+01   1.6629e-02   3.9071e-01   3.1343e+02
20251205_23:00:00   9.4661e-01   1.6560e+02   1.5094e+01   8.0858e-03   3.7348e-01   3.1389e+02
20251206_00:00:00   9.6112e-01   1.6726e+02   1.4791e+01   2.0790e-02   2.3425e-01   3.1746e+02
20251206_01:00:00   9.3119e-01   1.6458e+02   1.3738e+01   2.9534e-02   1.0332e-01   3.1657e+02
20251206_02:00:00   9.2514e-01   1.6438e+02   1.2923e+01   4.2600e-02   2.1156e-02   3.1694e+02
20251206_03:00:00   9.4051e-01   1.6629e+02   1.2014e+01   6.5940e-02   2.6914e-03   3.1647e+02
20251206_04:00:00   9.0095e-01   1.6232e+02   1.1382e+01   6.3372e-02   2.5317e-03   3.1416e+02
20251206_05:00:00   8.7044e-01   1.5910e+02   1.0867e+01   6.1299e-02   4.7903e-03   3.1169e+02
20251206_06:00:00   1.1097e+00   1.8286e+02   1.0562e+01   1.6949e-01   7.1173e-03   3.0768e+02
20251206_07:00:00   1.8919e+00   2.3055e+02   9.9755e+00   5.1523e-01   7.3298e-03   3.0533e+02
20251206_08:00:00   2.6168e+00   2.5149e+02   9.8516e+00   8.2685e-01   1.7710e-02   3.0343e+02
20251206_09:00:00   1.7538e+00   2.2479e+02   9.8448e+00   4.6142e-01   1.2695e-02   3.0361e+02
20251206_10:00:00   1.8249e+00   2.2775e+02   9.9470e+00   4.9243e-01   2.3856e-02   3.0475e+02
20251206_11:00:00   1.6561e+00   2.2006e+02   9.6734e+00   4.2519e-01   1.4585e-02   3.0367e+02
20251206_12:00:00   1.6773e+00   2.2120e+02   9.0811e+00   4.4795e-01   7.9668e-03   3.0262e+02
20251206_13:00:00   1.5401e+00   2.1366e+02   8.4858e+00   4.0747e-01   4.3449e-03   3.0221e+02
20251206_14:00:00   1.0878e+00   1.8089e+02   7.9400e+00   2.3228e-01   1.9640e-03   3.0279e+02
20251206_15:00:00   8.5789e-01   1.5778e+02   7.4762e+00   1.5019e-01   4.9761e-04   3.0024e+02
20251206_16:00:00   7.8621e-01   1.4927e+02   7.4752e+00   1.2386e-01   4.7169e-04   2.9834e+02
20251206_17:00:00   6.0757e-01   1.2541e+02   7.5172e+00   5.2480e-02   7.6975e-04   2.9588e+02
20251206_18:00:00   5.2193e-01   1.1245e+02   7.3486e+00   2.2760e-02   1.2880e-03   2.9618e+02
20251206_19:00:00   4.8262e-01   1.0621e+02   7.0138e+00   1.4854e-02   3.3228e-03   2.9689e+02
20251206_20:00:00   4.7344e-01   1.0463e+02   7.0387e+00   1.0314e-02   9.1907e-03   2.9746e+02
20251206_21:00:00   4.8466e-01   1.0631e+02   7.2707e+00   1.0292e-02   1.9641e-02   2.9951e+02
20251206_22:00:00   5.1105e-01   1.1010e+02   7.7063e+00   1.3478e-02   7.5049e-03   2.9756e+02
20251206_23:00:00   5.2209e-01   1.1157e+02   7.8773e+00   1.5654e-02   1.2219e-02   2.9479e+02
20251207_00:00:00   5.0052e-01   1.0794e+02   8.0547e+00   3.2140e-03   6.3226e-02   2.9452e+02
20251207_01:00:00   4.8840e-01   1.0596e+02   8.0105e+00   5.1860e-04   2.2575e-02   2.9543e+02
20251207_02:00:00   4.7588e-01   1.0392e+02   7.8278e+00   2.6480e-04   1.6700e-02   2.9619e+02
20251207_03:00:00   4.7640e-01   1.0388e+02   7.9517e+00   0.0000e+00   3.7617e-02   2.9823e+02
20251207_04:00:00   4.8168e-01   1.0471e+02   8.0749e+00   0.0000e+00   8.4388e-02   2.9870e+02
20251207_05:00:00   4.8761e-01   1.0587e+02   8.1638e+00   0.0000e+00   1.4376e-02   2.9980e+02
20251207_06:00:00   5.0304e-01   1.0816e+02   8.4241e+00   0.0000e+00   4.1770e-02   2.9938e+02
20251207_07:00:00   5.1822e-01   1.1057e+02   8.7028e+00   0.0000e+00   8.7294e-03   3.0036e+02
20251207_08:00:00   5.3104e-01   1.1258e+02   8.9223e+00   0.0000e+00   1.3240e-02   3.0141e+02
20251207_09:00:00   5.4446e-01   1.1452e+02   9.1295e+00   0.0000e+00   1.9482e-03   3.0117e+02
20251207_10:00:00   5.4322e-01   1.1436e+02   9.0837e+00   0.0000e+00   3.5948e-03   3.0064e+02
20251207_11:00:00   5.7351e-01   1.1857e+02   9.6675e+00   0.0000e+00   4.6140e-02   2.9809e+02
20251207_12:00:00   5.8962e-01   1.2109e+02   9.8925e+00   0.0000e+00   6.2871e-02   2.9889e+02
20251207_15:00:00   6.4906e-01   1.3028e+02   1.0473e+01   3.1539e-04   6.7736e-03   3.0426e+02
20251207_18:00:00   7.8068e-01   1.4780e+02   1.1635e+01   1.9907e-02   1.5650e-03   3.0455e+02
20251207_21:00:00   1.3416e+00   2.0013e+02   1.2745e+01   2.2643e-01   5.7078e-02   3.0688e+02
20251208_00:00:00   9.8589e-01   1.6984e+02   1.4063e+01   3.0666e-02   4.4655e-01   3.1497e+02
20251208_03:00:00   9.0586e-01   1.6119e+02   1.3409e+01   1.2832e-02   5.3614e-01   3.2267e+02
20251208_06:00:00   9.0659e-01   1.6076e+02   1.2852e+01   3.2883e-02   3.5235e-01   3.1855e+02
20251208_09:00:00   8.1044e-01   1.4965e+02   1.2375e+01   4.7592e-03   3.6584e-01   3.1601e+02
20251208_12:00:00   7.9936e-01   1.4817e+02   1.2104e+01   4.4808e-03   5.9082e-01   3.1803e+02
20251208_15:00:00   7.3555e-01   1.4000e+02   1.1312e+01   0.0000e+00   4.5355e-01   3.2239e+02
20251208_18:00:00   6.8599e-01   1.3347e+02   1.0450e+01   5.3700e-06   4.6346e-01   3.2089e+02
20251208_21:00:00   6.3742e-01   1.2683e+02   9.5681e+00   8.9960e-04   2.4362e-01   3.2308e+02
20251209_00:00:00   5.8874e-01   1.1966e+02   8.8197e+00   0.0000e+00   9.4864e-02   3.2802e+02
20251209_03:00:00   5.0649e-01   1.0735e+02   7.4981e+00   0.0000e+00   8.9929e-03   3.2644e+02
20251209_06:00:00   4.1528e-01   9.2761e+01   5.9737e+00   0.0000e+00   2.0626e-03   3.2370e+02
20251209_09:00:00   3.8081e-01   8.6543e+01   5.4923e+00   0.0000e+00   1.5273e-03   3.1317e+02
20251209_12:00:00   3.5245e-01   8.1346e+01   5.1073e+00   0.0000e+00   1.0756e-04   3.2959e+02
20251209_15:00:00   3.9531e-01   8.9104e+01   5.8816e+00   0.0000e+00   5.5165e-03   3.4608e+02
20251209_18:00:00   4.6672e-01   1.0148e+02   6.7353e+00   8.6140e-03   2.7258e-03   3.6325e+02
20251209_21:00:00   5.0826e-01   1.0836e+02   7.5221e+00   5.8360e-03   2.7322e-03   3.5059e+02
20251210_00:00:00   5.8463e-01   1.1944e+02   9.2127e+00   1.3852e-05   1.7882e-02   3.3936e+02
20251210_03:00:00   6.6612e-01   1.3111e+02   1.0462e+01   5.4140e-05   4.6558e-02   3.4053e+02
20251210_06:00:00   7.2584e-01   1.3893e+02   1.1014e+01   6.1560e-03   3.5997e-01   3.4214e+02
20251210_09:00:00   7.1962e-01   1.3869e+02   1.1340e+01   4.8395e-04   3.5251e-02   3.3205e+02
20251210_12:00:00   8.1314e-01   1.5046e+02   1.2792e+01   9.6640e-05   1.8869e-01   3.3090e+02
20251210_15:00:00   1.0917e+00   1.8021e+02   1.3868e+01   8.6227e-02   1.2993e-01   3.2394e+02
20251210_18:00:00   2.5026e+00   2.5014e+02   1.4893e+01   6.4171e-01   2.9265e-01   3.1970e+02
20251210_21:00:00   2.6433e+00   2.5310e+02   1.5060e+01   6.9387e-01   4.1152e-01   3.2176e+02
20251211_00:00:00   2.4515e+00   2.4874e+02   1.4351e+01   6.3342e-01   4.1205e-01   3.2620e+02
20251211_03:00:00   2.2548e+00   2.4338e+02   1.3027e+01   5.8498e-01   4.3260e-01   3.2540e+02
20251211_06:00:00   2.1761e+00   2.4154e+02   9.9622e+00   6.2840e-01   3.0626e-02   3.2206e+02
20251211_09:00:00   9.0032e-01   1.6136e+02   8.2471e+00   1.4137e-01   5.5156e-02   3.4098e+02
20251211_12:00:00   4.9741e-01   1.0799e+02   6.5664e+00   1.8261e-02   1.0854e-02   3.1507e+02
20251211_15:00:00   4.2848e-01   9.6365e+01   6.1857e+00   5.3220e-03   2.8612e-03   3.0232e+02
20251211_18:00:00   7.3514e-01   1.4132e+02   7.8518e+00   1.0251e-01   5.8488e-03   3.0478e+02
20251211_21:00:00   9.1463e-01   1.6205e+02   9.8834e+00   1.3170e-01   7.6534e-03   3.0056e+02
20251212_00:00:00   7.5682e-01   1.4403e+02   1.1615e+01   1.9816e-02   3.4787e-03   2.9739e+02
20251212_03:00:00   8.2127e-01   1.5168e+02   1.3259e+01   2.6697e-03   7.0473e-03   2.8712e+02
20251212_06:00:00   1.3901e+00   2.0406e+02   1.5571e+01   1.6801e-01   1.0885e-01   2.8737e+02
20251212_09:00:00   1.5697e+00   2.1601e+02   1.6766e+01   2.0409e-01   4.2338e-01   2.8525e+02
20251212_12:00:00   3.4478e+00   2.6469e+02   1.7043e+01   9.7253e-01   5.8073e-01   2.9121e+02
20251212_15:00:00   3.8299e+00   2.6727e+02   1.5760e+01   1.1652e+00   2.0947e-01   3.0344e+02
20251212_18:00:00   2.6964e+00   2.5488e+02   1.0976e+01   8.1204e-01   9.0586e-03   3.1461e+02
20251212_21:00:00   1.1178e+00   1.8390e+02   7.4288e+00   2.4882e-01   2.3965e-02   3.2357e+02
20251213_00:00:00   9.5101e-01   1.6671e+02   7.3611e+00   1.8475e-01   7.5186e-02   3.3584e+02
20251213_03:00:00   1.0204e+00   1.7300e+02   7.0922e+00   2.2627e-01   5.7915e-02   3.2933e+02
20251213_06:00:00   4.0644e-01   9.2351e+01   5.2541e+00   1.9940e-02   8.1196e-03   3.1143e+02
20251213_09:00:00   3.8513e-01   8.8470e+01   5.0802e+00   2.3180e-02   5.5572e-03   2.9284e+02
20251213_12:00:00   4.8257e-01   1.0485e+02   5.6757e+00   5.3221e-02   7.3336e-03   2.8545e+02
20251213_15:00:00   4.3475e-01   9.7097e+01   6.0410e+00   2.3883e-02   1.1247e-02   2.8787e+02
20251213_18:00:00   4.6396e-01   1.0244e+02   6.6338e+00   2.4400e-02   1.9421e-03   2.8873e+02
20251213_21:00:00   4.6816e-01   1.0308e+02   7.5882e+00   8.1100e-03   8.6709e-04   2.9301e+02
20251214_00:00:00   4.3992e-01   9.8238e+01   7.5739e+00   5.0500e-04   1.8191e-04   2.9333e+02
20251214_03:00:00   4.2006e-01   9.4783e+01   7.4396e+00   0.0000e+00   6.2054e-05   2.8724e+02
20251214_06:00:00   4.3015e-01   9.6714e+01   7.7030e+00   1.8000e-05   1.0520e-05   2.8246e+02
20251214_09:00:00   4.3011e-01   9.6999e+01   7.8647e+00   0.0000e+00   2.1827e-07   2.8449e+02
20251214_12:00:00   4.8096e-01   1.0573e+02   8.8635e+00   0.0000e+00   1.1846e-03   2.8868e+02
20251214_15:00:00   7.1357e-01   1.4026e+02   1.2724e+01   0.0000e+00   1.6308e-04   2.8660e+02
20251214_18:00:00   8.0402e-01   1.5261e+02   1.3940e+01   0.0000e+00   3.9637e-03   2.8564e+02
20251214_21:00:00   7.9588e-01   1.5236e+02   1.3348e+01   2.6280e-04   4.3231e-03   2.7824e+02
20251215_00:00:00   7.7064e-01   1.4946e+02   1.2953e+01   0.0000e+00   2.9563e-04   2.7786e+02
20251215_03:00:00   7.1888e-01   1.4322e+02   1.2066e+01   0.0000e+00   5.8562e-03   2.7971e+02
20251215_06:00:00   7.9210e-01   1.5225e+02   1.3664e+01   0.0000e+00   2.5260e-04   2.7727e+02
20251215_09:00:00   7.8101e-01   1.5124e+02   1.3412e+01   0.0000e+00   0.0000e+00   2.7611e+02
20251215_12:00:00   7.8955e-01   1.5266e+02   1.3565e+01   0.0000e+00   0.0000e+00   2.7598e+02
20251215_15:00:00   8.1380e-01   1.5611e+02   1.3932e+01   0.0000e+00   0.0000e+00   2.7297e+02
20251215_18:00:00   8.8702e-01   1.6466e+02   1.5282e+01   1.2312e-03   1.1023e-03   2.7076e+02
20251215_21:00:00   1.0267e+00   1.7970e+02   1.5363e+01   5.0266e-02   1.0118e-03   2.7135e+02
20251216_00:00:00   1.0166e+00   1.7868e+02   1.5784e+01   3.5008e-02   2.2693e-03   2.6748e+02
20251216_03:00:00   9.1746e-01   1.6843e+02   1.5090e+01   1.3253e-02   7.0952e-03   2.6633e+02
20251216_06:00:00   9.6375e-01   1.7355e+02   1.6485e+01   6.9160e-04   9.6774e-02   2.6941e+02
20251216_09:00:00   1.1546e+00   1.9202e+02   1.8652e+01   1.0814e-02   1.6539e-02   2.7839e+02
20251216_12:00:00   1.2495e+00   1.9994e+02   2.0090e+01   2.2449e-03   1.3747e-03   2.8597e+02
20251216_15:00:00   1.1704e+00   1.9388e+02   1.8989e+01   3.3040e-03   6.8800e-05   2.8267e+02
20251216_18:00:00   1.5052e+00   2.1896e+02   1.7262e+01   1.8030e-01   4.5459e-04   2.8136e+02
20251216_21:00:00   1.4877e+00   2.1650e+02   1.8304e+01   1.5311e-01   2.4660e-03   2.8085e+02
20251217_00:00:00   1.5648e+00   2.2077e+02   2.3291e+01   3.8507e-02   7.1355e-03   2.8055e+02
20251217_03:00:00   2.7618e+00   2.6074e+02   2.5039e+01   4.6503e-01   6.4237e-04   2.7982e+02
20251217_06:00:00   2.6280e+00   2.5852e+02   2.3774e+01   4.3992e-01   6.7655e-02   2.8257e+02
20251217_09:00:00   2.9762e+00   2.6470e+02   1.9988e+01   6.7965e-01   2.0000e-03   2.8257e+02
20251217_12:00:00   1.3940e+00   2.0775e+02   1.7597e+01   1.2216e-01   5.1421e-03   2.8474e+02
20251217_15:00:00   1.2588e+00   1.9770e+02   1.6917e+01   8.7467e-02   5.6130e-03   2.8795e+02
20251217_18:00:00   1.0335e+00   1.7876e+02   1.7115e+01   0.0000e+00   4.9667e-02   2.9557e+02
20251217_21:00:00   1.2327e+00   1.9632e+02   1.9886e+01   0.0000e+00   6.8908e-02   3.0485e+02
20251218_00:00:00   1.5158e+00   2.1572e+02   2.2441e+01   4.0198e-02   1.2059e-01   3.0383e+02
20251218_03:00:00   3.8839e+00   2.7051e+02   2.3899e+01   9.7634e-01   2.2162e-01   3.0132e+02
20251218_06:00:00   4.6621e+00   2.7481e+02   2.5056e+01   1.2407e+00   4.7166e-02   3.0232e+02
20251218_09:00:00   3.3605e+00   2.6874e+02   2.1777e+01   7.7705e-01   5.9479e-03   2.9810e+02
20251218_12:00:00   2.0466e+00   2.4239e+02   1.6462e+01   3.8928e-01   8.0359e-03   3.0553e+02
