#            date       tau255        Tb[K]      pwv[mm] lwp[kg*m^-2] iwp[kg*m^-2]       o3[DU]
20251205_12:00:00   7.5744e-01   1.4355e+02   1.1754e+01   0.0000e+00   2.1002e-01   3.4181e+02
20251205_13:00:00   7.5559e-01   1.4323e+02   1.1639e+01   2.3841e-04   3.2533e-01   3.4447e+02
20251205_14:00:00   7.5234e-01   1.4293e+02   1.1659e+01   2.9375e-05   1.9036e-01   3.4274e+02
20251205_15:00:00   7.6219e-01   1.4422e+02   1.1728e+01   4.7860e-03   1.1285e-01   3.3390e+02
20251205_16:00:00   7.4920e-01   1.4298e+02   1.1145e+01   9.9180e-03   1.0294e-01   3.2555e+02
20251205_17:00:00   7.3769e-01   1.4193e+02   1.0732e+01   1.5777e-02   1.1962e-02   3.1903e+02
20251205_18:00:00   7.5745e-01   1.4472e+02   1.0315e+01   3.3707e-02   8.4835e-03   3.1627e+02
20251205_19:00:00   8.1327e-01   1.5157e+02   1.0292e+01   5.7136e-02   1.4978e-02   3.1613e+02
20251205_20:00:00   7.1549e-01   1.3965e+02   9.6635e+00   3.2564e-02   4.8286e-03   3.1880e+02
20251205_21:00:00   7.8214e-01   1.4842e+02   8.4502e+00   9.1022e-02   1.3853e-03   3.1809e+02
20251205_22:00:00   8.0910e-01   1.5170e+02   8.0405e+00   1.1373e-01   1.1684e-03   3.1758e+02
20251205_23:00:00   7.5153e-01   1.4460e+02   7.9762e+00   9.3352e-02   9.7247e-04   3.1610e+02
20251206_00:00:00   7.6927e-01   1.4669e+02   7.8633e+00   1.0497e-01   1.0878e-03   3.1521e+02
20251206_01:00:00   7.0420e-01   1.3836e+02   7.7452e+00   8.2189e-02   7.8583e-04   3.1563e+02
20251206_02:00:00   6.3668e-01   1.2917e+02   7.7420e+00   5.4919e-02   7.1102e-04   3.1487e+02
20251206_03:00:00   4.8471e-01   1.0632e+02   7.2484e+00   5.1086e-03   2.7439e-03   3.1161e+02
20251206_04:00:00   4.6023e-01   1.0221e+02   7.0639e+00   7.5179e-04   3.6803e-03   3.0713e+02
20251206_05:00:00   4.5283e-01   1.0081e+02   6.9694e+00   8.1020e-04   5.5082e-03   3.0140e+02
20251206_06:00:00   4.4464e-01   9.9458e+01   6.6532e+00   4.8040e-03   8.8292e-03   3.0290e+02
20251206_07:00:00   4.4657e-01   9.9697e+01   6.6187e+00   5.9583e-03   9.8136e-03   2.9747e+02
20251206_08:00:00   4.5070e-01   1.0030e+02   6.6749e+00   7.1840e-03   1.1624e-02   2.9706e+02
20251206_09:00:00   4.4943e-01   9.9983e+01   6.7416e+00   5.2797e-03   1.1774e-02   2.9762e+02
20251206_10:00:00   4.3680e-01   9.7828e+01   6.6002e+00   3.4240e-03   8.1330e-03   2.9531e+02
20251206_11:00:00   4.3655e-01   9.7675e+01   6.7658e+00   8.0540e-05   2.6493e-04   2.9500e+02
20251206_12:00:00   4.3424e-01   9.6951e+01   6.8404e+00   0.0000e+00   1.5032e-05   2.9510e+02
20251206_13:00:00   4.3764e-01   9.7391e+01   6.9456e+00   1.8792e-05   2.2619e-05   2.9625e+02
20251206_14:00:00   4.4938e-01   9.9574e+01   7.1538e+00   0.0000e+00   3.5418e-04   2.9440e+02
20251206_15:00:00   4.6243e-01   1.0174e+02   7.4143e+00   0.0000e+00   1.9086e-03   2.9428e+02
20251206_16:00:00   4.9450e-01   1.0684e+02   8.0403e+00   0.0000e+00   3.8075e-03   2.9722e+02
20251206_17:00:00   5.6923e-01   1.1810e+02   9.3729e+00   0.0000e+00   1.1981e-02   2.9798e+02
20251206_18:00:00   6.1903e-01   1.2522e+02   1.0154e+01   0.0000e+00   2.4182e-02   2.9740e+02
20251206_19:00:00   6.0878e-01   1.2414e+02   9.6891e+00   5.3700e-06   1.6564e-04   3.0210e+02
20251206_20:00:00   5.8126e-01   1.2039e+02   9.0578e+00   0.0000e+00   3.0586e-05   3.1034e+02
20251206_21:00:00   5.4511e-01   1.1529e+02   8.2960e+00   0.0000e+00   4.0780e-06   3.1602e+02
20251206_22:00:00   5.2572e-01   1.1218e+02   7.8262e+00   0.0000e+00   1.9720e-05   3.1647e+02
20251206_23:00:00   4.7476e-01   1.0407e+02   6.9394e+00   1.1902e-04   1.1203e-04   3.1593e+02
20251207_00:00:00   4.1409e-01   9.4031e+01   5.9304e+00   3.4740e-04   3.9695e-04   3.1641e+02
20251207_01:00:00   3.9536e-01   9.0825e+01   5.5211e+00   3.2080e-03   5.7829e-04   3.1304e+02
20251207_02:00:00   4.4494e-01   9.9434e+01   5.6363e+00   2.2521e-02   9.1226e-04   3.1356e+02
20251207_03:00:00   5.5308e-01   1.1670e+02   6.2084e+00   5.6701e-02   2.5882e-03   3.1443e+02
20251207_04:00:00   4.7580e-01   1.0431e+02   6.2577e+00   2.5396e-02   1.0340e-02   3.1462e+02
20251207_05:00:00   4.3154e-01   9.6656e+01   6.4527e+00   5.8378e-03   6.5928e-03   3.1149e+02
20251207_06:00:00   4.5958e-01   1.0104e+02   7.3420e+00   3.3960e-05   1.7269e-02   3.0652e+02
20251207_07:00:00   4.8121e-01   1.0444e+02   7.7985e+00   0.0000e+00   6.6866e-03   3.0554e+02
20251207_08:00:00   4.7707e-01   1.0350e+02   7.8448e+00   0.0000e+00   4.0548e-03   3.0595e+02
20251207_09:00:00   4.8780e-01   1.0509e+02   8.0629e+00   0.0000e+00   1.5361e-02   3.0488e+02
20251207_10:00:00   5.0828e-01   1.0838e+02   8.3640e+00   0.0000e+00   1.0481e-01   3.0411e+02
20251207_11:00:00   5.5200e-01   1.1526e+02   9.0441e+00   0.0000e+00   1.7340e-01   3.0285e+02
20251207_12:00:00   6.1023e-01   1.2384e+02   9.9778e+00   0.0000e+00   2.2490e-01   3.0452e+02
20251207_13:00:00   6.3969e-01   1.2807e+02   1.0416e+01   0.0000e+00   2.8804e-01   3.0572e+02
20251207_14:00:00   6.5529e-01   1.3034e+02   1.0670e+01   0.0000e+00   2.3371e-01   3.0442e+02
20251207_15:00:00   6.6355e-01   1.3160e+02   1.0838e+01   0.0000e+00   1.5595e-01   3.0395e+02
20251207_16:00:00   6.1624e-01   1.2521e+02   1.0140e+01   0.0000e+00   1.3154e-01   3.0658e+02
20251207_17:00:00   6.4030e-01   1.2874e+02   1.0496e+01   0.0000e+00   6.6536e-02   3.0481e+02
20251207_18:00:00   6.7259e-01   1.3335e+02   1.0978e+01   0.0000e+00   5.1223e-02   3.0651e+02
20251207_19:00:00   7.2039e-01   1.3979e+02   1.1594e+01   0.0000e+00   3.6692e-02   3.0529e+02
20251207_20:00:00   7.5537e-01   1.4437e+02   1.1974e+01   3.4780e-06   1.7565e-02   3.0483e+02
20251207_21:00:00   7.8313e-01   1.4783e+02   1.2137e+01   2.3800e-03   3.2766e-03   3.0691e+02
20251207_22:00:00   7.5496e-01   1.4406e+02   1.1646e+01   3.4299e-04   7.5011e-03   3.0471e+02
20251207_23:00:00   7.3191e-01   1.4106e+02   1.1170e+01   7.3179e-04   5.1480e-03   3.0620e+02
20251208_00:00:00   7.6441e-01   1.4520e+02   1.0661e+01   2.7260e-02   8.8183e-03   3.0838e+02
20251208_01:00:00   9.9458e-01   1.7108e+02   9.9985e+00   1.3938e-01   8.1824e-03   3.0622e+02
20251208_02:00:00   1.3463e+00   2.0090e+02   9.4110e+00   2.9912e-01   1.2212e-02   3.0773e+02
20251208_03:00:00   1.5754e+00   2.1517e+02   8.5959e+00   4.1599e-01   1.0504e-02   3.1326e+02
20251208_04:00:00   1.4420e+00   2.0697e+02   7.3060e+00   3.9404e-01   1.9308e-02   3.1639e+02
20251208_05:00:00   1.4390e+00   2.0621e+02   6.2109e+00   4.2590e-01   1.8023e-02   3.1702e+02
20251208_06:00:00   7.7300e-01   1.4680e+02   5.2289e+00   1.6737e-01   7.9949e-03   3.1808e+02
20251208_07:00:00   4.2283e-01   9.5558e+01   4.6502e+00   3.5764e-02   5.4370e-03   3.1789e+02
20251208_08:00:00   3.1600e-01   7.5874e+01   4.2284e+00   4.3256e-03   4.7267e-03   3.1963e+02
20251208_09:00:00   2.8669e-01   6.9959e+01   3.8925e+00   2.8400e-03   6.2933e-03   3.1957e+02
20251208_10:00:00   2.6267e-01   6.4938e+01   3.5440e+00   2.9200e-03   6.9723e-03   3.1947e+02
20251208_11:00:00   2.3416e-01   5.8935e+01   3.2870e+00   2.6840e-06   6.3642e-03   3.1982e+02
20251208_12:00:00   1.9606e-01   5.0717e+01   2.7772e+00   0.0000e+00   4.1974e-03   3.2037e+02
20251208_13:00:00   1.8047e-01   4.7256e+01   2.5465e+00   0.0000e+00   2.5827e-03   3.1991e+02
20251208_14:00:00   1.7218e-01   4.5512e+01   2.4167e+00   0.0000e+00   8.3194e-06   3.1917e+02
20251208_15:00:00   1.6269e-01   4.3583e+01   2.2693e+00   0.0000e+00   0.0000e+00   3.1921e+02
20251208_16:00:00   1.8475e-01   4.8608e+01   2.5697e+00   0.0000e+00   0.0000e+00   3.2194e+02
20251208_17:00:00   1.8875e-01   4.9603e+01   2.6099e+00   0.0000e+00   0.0000e+00   3.2030e+02
20251208_18:00:00   1.9645e-01   5.1282e+01   2.7434e+00   0.0000e+00   0.0000e+00   3.1846e+02
20251208_19:00:00   2.4286e-01   6.0896e+01   3.4869e+00   0.0000e+00   1.7808e-06   3.2103e+02
20251208_20:00:00   2.7251e-01   6.6713e+01   3.9577e+00   0.0000e+00   1.0251e-03   3.1909e+02
20251208_21:00:00   2.8485e-01   6.9072e+01   4.1375e+00   0.0000e+00   7.4261e-03   3.1859e+02
20251208_22:00:00   2.9637e-01   7.1026e+01   4.2819e+00   0.0000e+00   2.1689e-02   3.1839e+02
20251208_23:00:00   3.0166e-01   7.1912e+01   4.3471e+00   0.0000e+00   2.2079e-02   3.1439e+02
20251209_00:00:00   3.0207e-01   7.1994e+01   4.3095e+00   8.7560e-06   2.6494e-02   3.2113e+02
20251209_01:00:00   3.0131e-01   7.2028e+01   4.2268e+00   1.4594e-05   2.1487e-03   3.2069e+02
20251209_02:00:00   2.7668e-01   6.7382e+01   3.7756e+00   0.0000e+00   6.9055e-04   3.2028e+02
20251209_03:00:00   2.6709e-01   6.5472e+01   3.6389e+00   0.0000e+00   6.0175e-04   3.2329e+02
20251209_04:00:00   2.6236e-01   6.4533e+01   3.6025e+00   0.0000e+00   4.9536e-04   3.2368e+02
20251209_05:00:00   2.5672e-01   6.3537e+01   3.5016e+00   0.0000e+00   5.6431e-04   3.2014e+02
20251209_06:00:00   2.5355e-01   6.2930e+01   3.4661e+00   0.0000e+00   7.2586e-04   3.1465e+02
20251209_07:00:00   2.5845e-01   6.3866e+01   3.6287e+00   6.5230e-06   4.2643e-04   3.2053e+02
20251209_08:00:00   2.5266e-01   6.2548e+01   3.6277e+00   5.1240e-04   2.7697e-04   3.2150e+02
20251209_09:00:00   2.5718e-01   6.3474e+01   3.7184e+00   3.1580e-04   1.8914e-04   3.2734e+02
20251209_10:00:00   2.6862e-01   6.5737e+01   3.9759e+00   5.8870e-05   1.4872e-04   3.3642e+02
20251209_11:00:00   2.6974e-01   6.5966e+01   4.0483e+00   8.1580e-05   1.3269e-04   3.3492e+02
20251209_12:00:00   2.7687e-01   6.7406e+01   4.1827e+00   1.2372e-04   1.0299e-04   3.3626e+02
20251209_13:00:00   2.6994e-01   6.6195e+01   4.0509e+00   0.0000e+00   6.3350e-05   3.4205e+02
20251209_14:00:00   2.6938e-01   6.6285e+01   4.0906e+00   0.0000e+00   5.8457e-05   3.4530e+02
20251209_15:00:00   2.7168e-01   6.6872e+01   4.2068e+00   0.0000e+00   1.8099e-03   3.5802e+02
20251209_16:00:00   2.9681e-01   7.1894e+01   4.6709e+00   0.0000e+00   4.6705e-03   3.6301e+02
20251209_17:00:00   3.2473e-01   7.7325e+01   5.1611e+00   0.0000e+00   3.0632e-02   3.5931e+02
20251209_18:00:00   3.5124e-01   8.2416e+01   5.6598e+00   0.0000e+00   9.5372e-03   3.5410e+02
20251209_19:00:00   3.8371e-01   8.8591e+01   6.1513e+00   0.0000e+00   9.0409e-03   3.4687e+02
20251209_20:00:00   4.1643e-01   9.4434e+01   6.6701e+00   0.0000e+00   5.9954e-03   3.4643e+02
20251209_21:00:00   4.3146e-01   9.7063e+01   6.8730e+00   0.0000e+00   2.2015e-03   3.4765e+02
20251209_22:00:00   4.3363e-01   9.7409e+01   6.7892e+00   0.0000e+00   1.3915e-05   3.5000e+02
20251209_23:00:00   4.3225e-01   9.7188e+01   6.7270e+00   0.0000e+00   0.0000e+00   3.4863e+02
20251210_00:00:00   4.2850e-01   9.6573e+01   6.6602e+00   0.0000e+00   1.3826e-05   3.4544e+02
20251210_01:00:00   4.2113e-01   9.5330e+01   6.5807e+00   0.0000e+00   2.2629e-03   3.4663e+02
20251210_02:00:00   4.2393e-01   9.5844e+01   6.6835e+00   0.0000e+00   5.6255e-03   3.5394e+02
20251210_03:00:00   4.2549e-01   9.6123e+01   6.7687e+00   4.6760e-06   3.3980e-03   3.4994e+02
20251210_04:00:00   4.2151e-01   9.5248e+01   6.8052e+00   0.0000e+00   7.1461e-03   3.4509e+02
20251210_05:00:00   4.2643e-01   9.6149e+01   6.9363e+00   0.0000e+00   8.9452e-03   3.4330e+02
20251210_06:00:00   4.4384e-01   9.8888e+01   7.3361e+00   0.0000e+00   2.8602e-02   3.4186e+02
20251210_07:00:00   4.9203e-01   1.0639e+02   8.3377e+00   0.0000e+00   1.0073e-01   3.3809e+02
20251210_08:00:00   5.0620e-01   1.0846e+02   8.6516e+00   0.0000e+00   1.7324e-01   3.3670e+02
20251210_09:00:00   5.3610e-01   1.1294e+02   9.1621e+00   0.0000e+00   2.0989e-01   3.3739e+02
20251210_10:00:00   5.7649e-01   1.1924e+02   9.8344e+00   0.0000e+00   4.9855e-02   3.4037e+02
20251210_11:00:00   5.8629e-01   1.2100e+02   9.9324e+00   0.0000e+00   2.1893e-02   3.4051e+02
20251210_12:00:00   5.7929e-01   1.2018e+02   9.7758e+00   0.0000e+00   2.2324e-02   3.4565e+02
20251210_15:00:00   7.0962e-01   1.3873e+02   1.1477e+01   5.0600e-05   4.9363e-02   3.5435e+02
20251210_18:00:00   1.7399e+00   2.2417e+02   8.6142e+00   4.8290e-01   1.1959e-01   3.5232e+02
20251210_21:00:00   6.0855e-01   1.2538e+02   8.1219e+00   1.8184e-02   7.2659e-02   3.4232e+02
20251211_00:00:00   4.5027e-01   9.9993e+01   6.5173e+00   3.9880e-03   2.4679e-02   3.3786e+02
20251211_03:00:00   3.7964e-01   8.7516e+01   5.5237e+00   5.1240e-03   1.3177e-02   3.1524e+02
20251211_06:00:00   4.2561e-01   9.4950e+01   6.4349e+00   6.5678e-03   1.1563e-02   3.1162e+02
20251211_09:00:00   4.8411e-01   1.0406e+02   6.1865e+00   3.5856e-02   2.5148e-02   3.1835e+02
20251211_12:00:00   3.1755e-01   7.5104e+01   4.8122e+00   8.6261e-04   1.4893e-02   3.0346e+02
20251211_15:00:00   3.5121e-01   8.1293e+01   5.8226e+00   2.4160e-05   5.2170e-03   2.9395e+02
20251211_18:00:00   4.6525e-01   1.0151e+02   8.2695e+00   0.0000e+00   6.5041e-03   2.8323e+02
20251211_21:00:00   7.1429e-01   1.3827e+02   1.2394e+01   0.0000e+00   1.5473e-03   2.7698e+02
20251212_00:00:00   9.3325e-01   1.6478e+02   1.5736e+01   0.0000e+00   3.7788e-03   2.7808e+02
20251212_03:00:00   8.5311e-01   1.5745e+02   1.4685e+01   0.0000e+00   4.1940e-04   2.7257e+02
20251212_06:00:00   1.3050e+00   2.0049e+02   1.6434e+01   1.2374e-01   1.9200e-05   2.7204e+02
20251212_09:00:00   2.4888e+00   2.5294e+02   1.7987e+01   5.4343e-01   7.6806e-03   2.6845e+02
20251212_12:00:00   3.2555e+00   2.6668e+02   2.0345e+01   7.8115e-01   6.7069e-02   2.7221e+02
20251212_15:00:00   5.2742e+00   2.7675e+02   2.1687e+01   1.5840e+00   1.6243e-01   2.7756e+02
20251212_18:00:00   1.0310e+00   1.7497e+02   1.3532e+01   8.8272e-02   4.5845e-02   2.7580e+02
20251212_21:00:00   4.2261e-01   9.4865e+01   5.8733e+00   1.8689e-02   2.3679e-02   2.7728e+02
20251213_00:00:00   2.3537e-01   5.8910e+01   3.3770e+00   3.7100e-03   5.0270e-03   2.8272e+02
20251213_03:00:00   1.8355e-01   4.7825e+01   2.6996e+00   0.0000e+00   6.1169e-03   2.8866e+02
20251213_06:00:00   1.6635e-01   4.4126e+01   2.2809e+00   0.0000e+00   6.3716e-04   2.9361e+02
20251213_09:00:00   1.5052e-01   4.0464e+01   2.0957e+00   0.0000e+00   2.9601e-03   2.9868e+02
20251213_12:00:00   1.8087e-01   4.6791e+01   2.7268e+00   0.0000e+00   4.6876e-02   3.3507e+02
20251213_15:00:00   1.8987e-01   4.8942e+01   2.9169e+00   0.0000e+00   2.6746e-03   3.3659e+02
20251213_18:00:00   2.6339e-01   6.3964e+01   4.2185e+00   0.0000e+00   5.3255e-02   3.4998e+02
20251213_21:00:00   2.9665e-01   7.0688e+01   4.7536e+00   0.0000e+00   8.2940e-05   3.4841e+02
20251214_00:00:00   3.5533e-01   8.1355e+01   5.7745e+00   0.0000e+00   4.4299e-03   3.4049e+02
20251214_03:00:00   4.0928e-01   9.0947e+01   6.6493e+00   0.0000e+00   6.9111e-04   3.3046e+02
20251214_06:00:00   4.1601e-01   9.2240e+01   6.7382e+00   0.0000e+00   2.1870e-03   3.3114e+02
20251214_09:00:00   3.9536e-01   8.8758e+01   6.3957e+00   0.0000e+00   3.8168e-05   3.2665e+02
20251214_12:00:00   3.8055e-01   8.5904e+01   6.3508e+00   0.0000e+00   8.1231e-04   3.2259e+02
20251214_15:00:00   3.3622e-01   7.7961e+01   5.6430e+00   0.0000e+00   4.5592e-04   3.2695e+02
20251214_18:00:00   3.4185e-01   7.9155e+01   5.7499e+00   0.0000e+00   8.4936e-05   3.3139e+02
20251214_21:00:00   3.8729e-01   8.7444e+01   6.3850e+00   0.0000e+00   1.6887e-04   3.3235e+02
20251215_00:00:00   4.6727e-01   1.0084e+02   7.7372e+00   0.0000e+00   5.6721e-03   3.2709e+02
20251215_03:00:00   6.0546e-01   1.2142e+02   1.0118e+01   0.0000e+00   6.4311e-02   3.2495e+02
20251215_06:00:00   6.5008e-01   1.2791e+02   1.0672e+01   0.0000e+00   3.2200e-02   3.1901e+02
20251215_09:00:00   5.8639e-01   1.1908e+02   9.7301e+00   0.0000e+00   3.6511e-02   3.1293e+02
20251215_12:00:00   5.2843e-01   1.1060e+02   8.6564e+00   0.0000e+00   2.1194e-02   3.0821e+02
20251215_15:00:00   4.7680e-01   1.0238e+02   7.8355e+00   0.0000e+00   2.0089e-02   3.0721e+02
20251215_18:00:00   4.8376e-01   1.0338e+02   7.2576e+00   1.8984e-02   3.3371e-02   2.9803e+02
20251215_21:00:00   3.9676e-01   8.8860e+01   6.2673e+00   4.5960e-03   1.7671e-02   2.8705e+02
20251216_00:00:00   3.4264e-01   7.8947e+01   5.5996e+00   3.6860e-05   1.5441e-02   2.9290e+02
20251216_03:00:00   2.9438e-01   6.9798e+01   4.7571e+00   1.9200e-05   1.5961e-02   2.8951e+02
20251216_06:00:00   2.6572e-01   6.4272e+01   4.2827e+00   0.0000e+00   7.8981e-03   2.9890e+02
20251216_09:00:00   2.5175e-01   6.1591e+01   3.9988e+00   2.6840e-06   5.4782e-03   3.0473e+02
20251216_12:00:00   2.2371e-01   5.5912e+01   3.4905e+00   4.8320e-05   3.4186e-03   3.0508e+02
20251216_15:00:00   2.0520e-01   5.2015e+01   3.2452e+00   0.0000e+00   2.4253e-04   3.1583e+02
20251216_18:00:00   2.5112e-01   6.1243e+01   4.2026e+00   0.0000e+00   1.2896e-03   3.0465e+02
20251216_21:00:00   2.8019e-01   6.6889e+01   4.7631e+00   0.0000e+00   6.8421e-03   2.9698e+02
20251217_00:00:00   2.9756e-01   7.0227e+01   5.0016e+00   0.0000e+00   2.4927e-03   3.0149e+02
20251217_03:00:00   2.9770e-01   7.0324e+01   4.9300e+00   0.0000e+00   5.2237e-03   3.0037e+02
20251217_06:00:00   2.8893e-01   6.8614e+01   4.8174e+00   0.0000e+00   2.1235e-03   2.9844e+02
20251217_09:00:00   2.8959e-01   6.8551e+01   4.9192e+00   1.7086e-05   1.4291e-03   2.9612e+02
20251217_12:00:00   2.9171e-01   6.8849e+01   4.9706e+00   0.0000e+00   7.0627e-04   2.9609e+02
20251217_15:00:00   2.4734e-01   6.0418e+01   4.1988e+00   0.0000e+00   4.4506e-06   2.9515e+02
20251217_18:00:00   2.3915e-01   5.9086e+01   4.0376e+00   0.0000e+00   0.0000e+00   2.9120e+02
20251217_21:00:00   2.6983e-01   6.5179e+01   4.5507e+00   0.0000e+00   4.0275e-06   2.8366e+02
20251218_00:00:00   2.6141e-01   6.3382e+01   4.4628e+00   0.0000e+00   2.8445e-04   2.8577e+02
20251218_03:00:00   2.4678e-01   6.0662e+01   4.1763e+00   0.0000e+00   2.7998e-06   2.8716e+02
20251218_06:00:00   2.4115e-01   5.9707e+01   4.1516e+00   0.0000e+00   1.4650e-05   2.8709e+02
20251218_09:00:00   2.3273e-01   5.8187e+01   4.0001e+00   0.0000e+00   0.0000e+00   2.8308e+02
20251218_12:00:00   2.4782e-01   6.1360e+01   4.3206e+00   0.0000e+00   0.0000e+00   2.7995e+02
20251218_15:00:00   2.9371e-01   7.0780e+01   5.2316e+00   0.0000e+00   0.0000e+00   2.8070e+02
20251218_18:00:00   3.4643e-01   8.1127e+01   6.2437e+00   0.0000e+00   7.3263e-05   2.7897e+02
20251218_21:00:00   4.2187e-01   9.4712e+01   7.6367e+00   0.0000e+00   1.7648e-03   2.8047e+02
20251219_00:00:00   5.1821e-01   1.1072e+02   9.2950e+00   0.0000e+00   6.4212e-03   2.7724e+02
20251219_03:00:00   6.2725e-01   1.2733e+02   1.1005e+01   0.0000e+00   1.0228e-02   2.7649e+02
20251219_06:00:00   6.8464e-01   1.3535e+02   1.1947e+01   0.0000e+00   1.0820e-03   2.7672e+02
20251219_09:00:00   8.5504e-01   1.5654e+02   1.4504e+01   3.9820e-04   2.8389e-03   2.7839e+02
20251219_12:00:00   1.3013e+00   1.9878e+02   1.7996e+01   8.2860e-02   9.5063e-03   2.8371e+02
20251219_15:00:00   1.9984e+00   2.3714e+02   1.9962e+01   3.1142e-01   1.5471e-02   2.8407e+02
20251219_18:00:00   2.0369e+00   2.3841e+02   2.0374e+01   3.2145e-01   1.2799e-01   2.8839e+02
20251219_21:00:00   2.7400e+00   2.5707e+02   2.1679e+01   5.6699e-01   4.1872e-01   2.9103e+02
20251220_00:00:00   2.5592e+00   2.5382e+02   2.2499e+01   4.6294e-01   4.8677e-01   2.9536e+02
20251220_03:00:00   3.3045e+00   2.6510e+02   2.3195e+01   7.5216e-01   5.5420e-01   2.8705e+02
20251220_06:00:00   3.4421e+00   2.6597e+02   2.3445e+01   8.0764e-01   6.1035e-01   2.8584e+02
20251220_09:00:00   3.3032e+00   2.6504e+02   2.3633e+01   7.4651e-01   2.3894e-01   2.8681e+02
20251220_12:00:00   3.3666e+00   2.6574e+02   2.0778e+01   8.3827e-01   1.6048e-01   2.9077e+02
20251220_15:00:00   3.3949e+00   2.6689e+02   2.0212e+01   8.5163e-01   1.1736e-01   2.9316e+02
20251220_18:00:00   2.6696e+00   2.5780e+02   1.9005e+01   5.8528e-01   1.3621e-01   2.9294e+02
20251220_21:00:00   2.7325e+00   2.5902e+02   1.7942e+01   6.3703e-01   9.8126e-02   2.9805e+02
20251221_00:00:00   1.9265e+00   2.3666e+02   1.6970e+01   3.3207e-01   1.4616e-03   3.0025e+02
20251221_03:00:00   2.3992e+00   2.5149e+02   1.8118e+01   5.0029e-01   4.3047e-03   3.0269e+02
20251221_06:00:00   2.8876e+00   2.6095e+02   1.5938e+01   7.4123e-01   1.2559e-03   3.0996e+02
20251221_09:00:00   2.3538e+00   2.4960e+02   1.3165e+01   5.9609e-01   2.9598e-04   3.2270e+02
20251221_12:00:00   2.7096e+00   2.5590e+02   1.1014e+01   8.1249e-01   5.0999e-04   3.2415e+02
