#            date       tau255        Tb[K]      pwv[mm] lwp[kg*m^-2] iwp[kg*m^-2]       o3[DU]
20251204_00:00:00   3.8607e-01   8.9034e+01   6.5640e+00   0.0000e+00   5.2240e-05   3.2501e+02
20251204_01:00:00   4.2449e-01   9.5664e+01   7.3741e+00   0.0000e+00   2.9719e-04   3.2722e+02
20251204_02:00:00   4.2719e-01   9.6036e+01   7.4474e+00   0.0000e+00   6.9580e-06   3.2882e+02
20251204_03:00:00   4.2207e-01   9.5126e+01   7.3555e+00   0.0000e+00   1.5396e-05   3.2967e+02
20251204_04:00:00   4.3428e-01   9.7194e+01   7.5658e+00   0.0000e+00   7.2594e-04   3.3120e+02
20251204_05:00:00   4.6804e-01   1.0277e+02   8.1293e+00   0.0000e+00   5.3920e-05   3.3322e+02
20251204_06:00:00   5.0099e-01   1.0802e+02   8.6844e+00   0.0000e+00   0.0000e+00   3.3411e+02
20251204_07:00:00   5.2439e-01   1.1169e+02   9.0250e+00   0.0000e+00   4.0780e-06   3.3224e+02
20251204_08:00:00   5.1951e-01   1.1100e+02   8.8652e+00   0.0000e+00   5.9880e-06   3.3857e+02
20251204_09:00:00   5.1948e-01   1.1096e+02   8.8701e+00   0.0000e+00   0.0000e+00   3.4072e+02
20251204_10:00:00   4.9651e-01   1.0714e+02   8.5008e+00   0.0000e+00   6.7990e-05   3.4118e+02
20251204_11:00:00   4.9807e-01   1.0719e+02   8.5015e+00   0.0000e+00   1.4371e-03   3.4631e+02
20251204_12:00:00   4.9552e-01   1.0664e+02   8.4544e+00   0.0000e+00   1.2894e-03   3.4860e+02
20251204_13:00:00   4.9181e-01   1.0596e+02   8.3599e+00   0.0000e+00   5.6938e-05   3.4898e+02
20251204_14:00:00   4.9310e-01   1.0621e+02   8.3961e+00   0.0000e+00   1.3669e-03   3.4909e+02
20251204_15:00:00   5.0689e-01   1.0838e+02   8.5612e+00   0.0000e+00   6.3000e-04   3.4600e+02
20251204_16:00:00   5.3579e-01   1.1284e+02   8.9214e+00   0.0000e+00   2.2542e-03   3.4334e+02
20251204_17:00:00   5.8109e-01   1.1977e+02   9.5357e+00   0.0000e+00   3.7889e-03   3.3687e+02
20251204_18:00:00   6.0089e-01   1.2258e+02   9.7692e+00   1.7182e-04   8.2078e-03   3.3300e+02
20251204_19:00:00   5.3951e-01   1.1346e+02   8.7353e+00   1.8386e-03   9.9052e-03   3.2942e+02
20251204_20:00:00   4.7845e-01   1.0367e+02   7.7993e+00   3.8940e-03   4.9356e-03   3.2566e+02
20251204_21:00:00   4.3449e-01   9.6118e+01   7.2353e+00   1.5078e-03   4.0867e-03   3.2686e+02
20251204_22:00:00   3.9472e-01   8.9053e+01   6.6479e+00   1.5328e-04   4.1860e-03   3.2843e+02
20251204_23:00:00   3.7846e-01   8.5923e+01   6.4890e+00   0.0000e+00   1.8737e-03   3.3058e+02
20251205_00:00:00   3.8213e-01   8.6326e+01   6.6121e+00   0.0000e+00   1.5860e-03   3.3313e+02
20251205_01:00:00   3.9552e-01   8.8515e+01   6.8780e+00   0.0000e+00   9.2149e-02   3.3581e+02
20251205_02:00:00   4.3466e-01   9.5213e+01   7.4150e+00   0.0000e+00   3.8374e-01   3.4109e+02
20251205_03:00:00   4.8072e-01   1.0286e+02   8.0779e+00   0.0000e+00   5.3116e-01   3.4443e+02
20251205_04:00:00   5.5561e-01   1.1466e+02   9.2799e+00   0.0000e+00   4.3168e-01   3.4397e+02
20251205_05:00:00   6.4110e-01   1.2735e+02   1.0637e+01   0.0000e+00   1.8268e-01   3.3838e+02
20251205_06:00:00   7.4765e-01   1.4159e+02   1.2035e+01   0.0000e+00   2.2240e-01   3.3287e+02
20251205_07:00:00   7.6960e-01   1.4470e+02   1.2086e+01   3.9140e-06   2.7024e-01   3.3038e+02
20251205_08:00:00   7.8622e-01   1.4674e+02   1.2297e+01   3.9140e-06   3.2188e-01   3.3316e+02
20251205_09:00:00   7.8213e-01   1.4618e+02   1.2216e+01   0.0000e+00   3.6221e-01   3.3815e+02
20251205_10:00:00   7.7004e-01   1.4465e+02   1.2023e+01   0.0000e+00   3.1540e-01   3.4089e+02
20251205_11:00:00   7.5167e-01   1.4250e+02   1.1739e+01   0.0000e+00   2.2296e-01   3.4277e+02
20251205_12:00:00   7.3657e-01   1.4063e+02   1.1411e+01   0.0000e+00   2.1317e-01   3.4626e+02
20251205_13:00:00   7.2846e-01   1.3967e+02   1.1296e+01   0.0000e+00   1.8548e-01   3.5060e+02
20251205_14:00:00   7.1641e-01   1.3833e+02   1.1154e+01   9.6000e-04   4.8140e-02   3.4434e+02
20251205_15:00:00   7.2883e-01   1.4005e+02   1.1165e+01   4.3880e-03   9.0602e-02   3.3033e+02
20251205_16:00:00   7.3564e-01   1.4100e+02   1.1232e+01   4.9860e-03   1.2253e-01   3.2567e+02
20251205_17:00:00   7.3374e-01   1.4092e+02   1.1081e+01   8.1900e-03   1.1048e-01   3.2072e+02
20251205_18:00:00   7.4592e-01   1.4256e+02   1.1126e+01   1.3624e-02   9.8856e-02   3.1871e+02
20251205_19:00:00   7.5072e-01   1.4320e+02   1.1252e+01   1.2416e-02   1.8253e-01   3.1513e+02
20251205_20:00:00   7.2128e-01   1.3953e+02   1.1207e+01   1.1092e-03   1.2740e-01   3.1326e+02
20251205_21:00:00   6.9485e-01   1.3630e+02   1.0795e+01   4.8320e-04   4.0594e-02   3.1035e+02
20251205_22:00:00   6.1949e-01   1.2635e+02   9.4724e+00   8.7688e-05   5.6383e-02   3.1204e+02
20251205_23:00:00   5.5553e-01   1.1717e+02   8.2878e+00   1.8575e-03   2.5792e-02   3.1398e+02
20251206_00:00:00   5.1521e-01   1.1109e+02   7.4364e+00   6.9862e-03   1.2977e-02   3.1018e+02
20251206_01:00:00   5.2280e-01   1.1230e+02   7.2077e+00   1.7917e-02   1.9301e-02   3.1083e+02
20251206_02:00:00   5.0141e-01   1.0902e+02   6.9344e+00   1.8389e-02   3.7007e-02   3.0900e+02
20251206_03:00:00   4.8700e-01   1.0682e+02   6.7352e+00   1.6685e-02   3.1030e-02   3.0627e+02
20251206_04:00:00   4.6230e-01   1.0262e+02   6.9003e+00   5.6640e-03   4.8140e-02   3.0717e+02
20251206_05:00:00   4.5591e-01   1.0151e+02   6.9941e+00   1.0434e-03   3.3605e-02   3.0850e+02
20251206_06:00:00   4.7188e-01   1.0389e+02   7.3489e+00   1.5458e-03   9.3234e-02   3.1040e+02
20251206_07:00:00   4.9342e-01   1.0726e+02   7.7706e+00   1.2060e-03   9.1401e-02   3.1202e+02
20251206_08:00:00   5.2168e-01   1.1161e+02   8.2246e+00   3.3080e-03   8.3758e-02   3.1269e+02
20251206_09:00:00   5.8815e-01   1.2156e+02   9.1755e+00   7.1260e-03   1.5457e-01   3.0980e+02
20251206_10:00:00   6.0402e-01   1.2429e+02   8.9978e+00   1.7310e-02   4.7260e-02   3.1134e+02
20251206_11:00:00   6.5391e-01   1.3170e+02   8.7048e+00   3.9064e-02   6.1385e-04   3.0669e+02
20251206_12:00:00   1.0487e+00   1.7688e+02   8.4327e+00   2.0981e-01   7.0051e-04   3.0559e+02
20251206_13:00:00   1.5268e+00   2.1219e+02   8.6354e+00   4.0772e-01   1.7084e-03   3.0437e+02
20251206_14:00:00   1.2190e+00   1.9138e+02   8.6466e+00   2.7658e-01   3.6489e-03   3.0167e+02
20251206_15:00:00   1.4496e+00   2.0756e+02   8.5720e+00   3.7576e-01   2.6856e-03   3.0128e+02
20251206_16:00:00   1.3113e+00   1.9836e+02   8.6450e+00   3.1496e-01   3.6585e-03   3.0061e+02
20251206_17:00:00   1.3991e+00   2.0427e+02   8.7524e+00   3.5026e-01   5.7045e-03   2.9940e+02
20251206_18:00:00   9.9042e-01   1.7109e+02   9.1904e+00   1.6808e-01   3.9687e-03   2.9881e+02
20251206_19:00:00   1.0214e+00   1.7388e+02   9.6524e+00   1.7190e-01   3.9177e-03   3.0128e+02
20251206_20:00:00   7.3079e-01   1.4187e+02   8.8524e+00   6.3180e-02   2.3929e-03   3.0118e+02
20251206_21:00:00   7.4328e-01   1.4339e+02   8.9945e+00   6.4037e-02   2.4703e-03   3.0313e+02
20251206_22:00:00   7.9824e-01   1.5007e+02   9.3312e+00   7.8705e-02   2.0342e-03   3.0740e+02
20251206_23:00:00   9.7479e-01   1.6925e+02   9.4676e+00   1.5030e-01   7.3040e-03   3.1359e+02
20251207_00:00:00   8.4053e-01   1.5522e+02   8.4596e+00   1.1520e-01   1.5350e-03   3.1209e+02
20251207_01:00:00   6.5784e-01   1.3242e+02   7.6176e+00   6.0314e-02   1.0150e-03   3.1211e+02
20251207_02:00:00   5.0348e-01   1.0976e+02   6.5205e+00   2.3599e-02   5.9940e-04   3.1019e+02
20251207_03:00:00   5.1680e-01   1.1184e+02   6.2170e+00   3.6282e-02   1.1530e-03   3.0773e+02
20251207_04:00:00   5.3552e-01   1.1454e+02   6.4769e+00   4.0726e-02   1.3182e-03   3.1177e+02
20251207_05:00:00   5.8247e-01   1.2154e+02   6.5676e+00   5.7660e-02   1.7032e-03   3.1222e+02
20251207_06:00:00   1.0179e+00   1.7323e+02   6.7044e+00   2.4317e-01   2.9733e-03   3.1085e+02
20251207_07:00:00   1.1443e+00   1.8458e+02   6.8198e+00   2.9556e-01   1.5372e-03   3.0990e+02
20251207_08:00:00   4.5382e-01   1.0079e+02   6.8950e+00   3.9006e-03   4.0124e-04   3.0732e+02
20251207_09:00:00   4.3497e-01   9.7415e+01   6.9091e+00   6.4440e-05   2.0825e-03   3.0627e+02
20251207_10:00:00   4.5104e-01   9.9707e+01   7.2825e+00   0.0000e+00   5.0535e-03   3.0295e+02
20251207_11:00:00   4.6862e-01   1.0241e+02   7.5774e+00   0.0000e+00   9.3596e-03   3.0270e+02
20251207_12:00:00   4.8224e-01   1.0450e+02   7.8498e+00   0.0000e+00   2.2464e-02   3.0492e+02
20251207_13:00:00   5.0730e-01   1.0859e+02   8.3278e+00   0.0000e+00   8.2558e-02   3.0394e+02
20251207_14:00:00   5.5340e-01   1.1591e+02   9.0831e+00   0.0000e+00   7.5756e-02   3.0248e+02
20251207_15:00:00   5.8570e-01   1.2086e+02   9.6072e+00   0.0000e+00   6.9976e-02   3.0361e+02
20251207_16:00:00   6.1704e-01   1.2557e+02   1.0080e+01   0.0000e+00   9.2594e-02   3.0469e+02
20251207_17:00:00   6.6073e-01   1.3175e+02   1.0714e+01   0.0000e+00   9.6646e-02   3.0236e+02
20251207_18:00:00   7.0713e-01   1.3797e+02   1.1367e+01   1.2884e-03   8.2428e-02   3.0268e+02
20251207_19:00:00   8.1785e-01   1.5179e+02   1.1984e+01   3.0336e-02   7.1332e-02   2.9985e+02
20251207_20:00:00   8.0334e-01   1.5008e+02   1.2334e+01   1.2454e-02   2.6193e-02   3.0576e+02
20251207_21:00:00   8.0259e-01   1.4993e+02   1.2599e+01   2.5993e-04   5.6519e-02   3.0811e+02
20251207_22:00:00   8.1038e-01   1.5064e+02   1.2300e+01   8.9779e-03   2.7039e-02   3.1073e+02
20251207_23:00:00   9.5320e-01   1.6634e+02   1.1947e+01   7.7514e-02   2.0861e-02   3.0802e+02
20251208_00:00:00   9.0903e-01   1.6200e+02   1.1407e+01   7.0858e-02   2.0693e-02   3.1199e+02
20251208_01:00:00   9.2180e-01   1.6372e+02   1.0504e+01   9.8110e-02   1.5241e-02   3.1626e+02
20251208_02:00:00   9.8529e-01   1.7029e+02   9.4991e+00   1.5133e-01   9.0458e-03   3.1785e+02
20251208_03:00:00   9.7378e-01   1.6880e+02   8.4676e+00   1.7330e-01   1.1005e-02   3.1556e+02
20251208_04:00:00   7.2231e-01   1.4001e+02   7.0957e+00   1.0085e-01   9.5819e-03   3.1323e+02
20251208_05:00:00   5.0910e-01   1.0970e+02   5.8657e+00   4.0366e-02   8.9151e-03   3.1547e+02
20251208_06:00:00   4.7310e-01   1.0378e+02   5.2002e+00   4.2422e-02   1.3453e-02   3.1409e+02
20251208_07:00:00   3.5822e-01   8.3742e+01   4.8125e+00   4.3580e-03   8.0006e-03   3.1709e+02
20251208_08:00:00   3.1469e-01   7.5391e+01   4.3473e+00   8.0540e-06   4.7993e-03   3.1987e+02
20251208_09:00:00   2.8753e-01   6.9922e+01   3.9702e+00   1.1218e-04   2.9537e-03   3.2074e+02
20251208_10:00:00   2.7074e-01   6.6389e+01   3.6024e+00   4.5080e-03   2.1058e-03   3.2005e+02
20251208_11:00:00   2.4559e-01   6.1162e+01   3.2630e+00   3.7840e-03   2.9140e-03   3.1711e+02
20251208_12:00:00   2.2564e-01   5.6953e+01   2.9914e+00   2.6780e-03   2.6209e-03   3.1359e+02
20251208_13:00:00   2.1022e-01   5.3656e+01   2.8313e+00   6.2000e-05   6.9365e-04   3.1101e+02
20251208_14:00:00   1.9656e-01   5.0782e+01   2.6343e+00   0.0000e+00   3.9250e-04   3.1079e+02
20251208_15:00:00   1.8434e-01   4.8217e+01   2.4804e+00   0.0000e+00   2.7018e-04   3.1424e+02
20251208_16:00:00   1.7851e-01   4.6997e+01   2.4225e+00   0.0000e+00   1.4078e-03   3.1751e+02
20251208_17:00:00   1.7540e-01   4.6385e+01   2.3897e+00   0.0000e+00   1.1150e-03   3.2233e+02
20251208_18:00:00   1.7865e-01   4.7112e+01   2.4637e+00   0.0000e+00   2.4900e-03   3.2304e+02
20251208_19:00:00   1.8442e-01   4.8377e+01   2.5746e+00   0.0000e+00   7.1280e-04   3.2245e+02
20251208_20:00:00   1.9625e-01   5.0849e+01   2.8049e+00   0.0000e+00   8.1100e-05   3.2414e+02
20251208_21:00:00   1.9713e-01   5.1167e+01   2.7900e+00   0.0000e+00   0.0000e+00   3.2675e+02
20251208_22:00:00   2.0742e-01   5.3321e+01   2.9046e+00   0.0000e+00   0.0000e+00   3.2895e+02
20251208_23:00:00   2.1200e-01   5.4201e+01   2.9709e+00   0.0000e+00   0.0000e+00   3.2515e+02
20251209_00:00:00   2.1397e-01   5.4588e+01   3.0241e+00   0.0000e+00   0.0000e+00   3.2194e+02
20251209_03:00:00   2.2487e-01   5.6753e+01   3.2652e+00   0.0000e+00   6.0800e-04   3.1276e+02
20251209_06:00:00   2.4060e-01   5.9561e+01   3.7530e+00   0.0000e+00   1.0231e-02   3.0887e+02
20251209_09:00:00   2.6368e-01   6.4189e+01   4.1739e+00   0.0000e+00   6.3065e-02   3.1345e+02
20251209_12:00:00   3.8384e-01   8.6832e+01   6.0509e+00   0.0000e+00   4.3799e-02   3.2286e+02
20251209_15:00:00   4.8618e-01   1.0486e+02   7.5286e+00   1.6110e-03   3.0899e-03   3.2711e+02
20251209_18:00:00   6.8651e-01   1.3517e+02   8.7959e+00   4.6303e-02   2.3882e-03   3.1686e+02
20251209_21:00:00   5.6042e-01   1.1780e+02   8.5653e+00   5.3700e-05   2.8525e-03   3.3052e+02
20251210_00:00:00   5.7026e-01   1.1891e+02   8.9956e+00   0.0000e+00   9.9779e-03   3.3520e+02
20251210_03:00:00   5.1115e-01   1.1015e+02   7.9429e+00   0.0000e+00   3.5044e-03   3.3471e+02
20251210_06:00:00   5.1943e-01   1.1141e+02   8.2108e+00   0.0000e+00   9.5216e-03   3.3271e+02
20251210_09:00:00   5.7704e-01   1.1996e+02   9.3750e+00   0.0000e+00   1.9489e-01   3.2735e+02
20251210_12:00:00   5.7131e-01   1.1932e+02   9.4755e+00   0.0000e+00   2.6765e-02   3.2514e+02
20251210_15:00:00   6.5826e-01   1.3179e+02   1.1078e+01   0.0000e+00   2.9771e-01   3.2635e+02
20251210_18:00:00   6.9115e-01   1.3650e+02   1.1666e+01   0.0000e+00   2.1619e-01   3.2673e+02
20251210_21:00:00   1.0205e+00   1.7519e+02   1.3642e+01   7.6120e-02   5.8025e-02   3.2404e+02
20251211_00:00:00   1.9564e+00   2.3451e+02   1.3358e+01   4.6236e-01   2.0062e-02   3.1853e+02
20251211_03:00:00   1.5064e+00   2.1369e+02   1.2033e+01   3.0136e-01   1.3389e-02   3.1960e+02
20251211_06:00:00   2.5420e+00   2.5283e+02   1.4769e+01   6.6058e-01   1.0319e-02   3.0301e+02
20251211_09:00:00   3.1338e+00   2.6180e+02   1.7413e+01   8.4777e-01   3.4844e-02   2.8726e+02
20251211_12:00:00   3.4847e+00   2.6545e+02   1.8721e+01   9.5161e-01   5.4187e-02   2.8247e+02
20251211_15:00:00   4.6875e+00   2.7153e+02   2.0861e+01   1.4019e+00   4.8817e-01   2.7390e+02
20251211_18:00:00   3.4755e+00   2.6413e+02   2.0019e+01   9.3406e-01   5.1178e-01   2.7591e+02
20251211_21:00:00   1.8177e+00   2.2896e+02   1.8835e+01   2.6277e-01   1.0685e-01   2.7735e+02
20251212_00:00:00   1.5694e+00   2.1595e+02   1.8063e+01   1.7918e-01   2.9628e-01   2.8043e+02
20251212_03:00:00   1.2877e+00   1.9681e+02   1.6726e+01   1.0066e-01   3.4211e-01   2.8389e+02
20251212_06:00:00   1.4692e+00   2.0943e+02   1.1631e+01   3.1178e-01   9.7908e-04   2.8722e+02
20251212_09:00:00   9.1563e-01   1.6288e+02   8.7376e+00   1.5659e-01   3.2908e-03   2.8855e+02
20251212_12:00:00   5.3504e-01   1.1358e+02   6.1765e+00   5.5236e-02   8.0741e-03   2.9335e+02
20251212_15:00:00   3.7978e-01   8.7414e+01   5.6933e+00   1.8098e-03   1.8210e-03   3.0764e+02
20251212_18:00:00   3.9212e-01   8.9546e+01   5.5869e+00   7.8860e-03   6.6840e-03   3.0316e+02
20251212_21:00:00   4.4446e-01   9.8422e+01   5.7765e+00   2.0202e-02   3.5953e-03   3.0570e+02
20251213_00:00:00   4.0052e-01   9.0674e+01   5.5271e+00   7.4760e-03   1.2039e-02   3.0761e+02
20251213_03:00:00   3.7246e-01   8.5524e+01   5.4221e+00   6.2060e-04   1.1108e-02   3.1433e+02
20251213_06:00:00   3.6963e-01   8.4777e+01   5.2669e+00   8.1980e-03   8.0832e-03   3.1956e+02
20251213_09:00:00   3.3700e-01   7.8471e+01   5.4037e+00   0.0000e+00   5.7785e-05   3.1674e+02
20251213_12:00:00   3.3151e-01   7.7629e+01   5.2821e+00   0.0000e+00   3.0668e-05   3.1770e+02
20251213_15:00:00   3.4878e-01   8.1094e+01   5.7186e+00   0.0000e+00   3.0514e-04   3.1428e+02
20251213_18:00:00   3.9261e-01   8.9075e+01   6.7436e+00   0.0000e+00   3.5457e-04   3.0460e+02
20251213_21:00:00   4.6443e-01   1.0123e+02   8.0332e+00   0.0000e+00   3.5990e-04   2.9366e+02
20251214_00:00:00   4.8042e-01   1.0403e+02   8.2420e+00   0.0000e+00   2.4397e-05   2.8938e+02
20251214_03:00:00   4.8251e-01   1.0461e+02   8.1292e+00   0.0000e+00   2.3962e-05   2.8511e+02
20251214_06:00:00   4.5921e-01   1.0114e+02   7.4699e+00   0.0000e+00   4.8000e-06   2.8470e+02
20251214_09:00:00   4.6383e-01   1.0205e+02   7.5894e+00   0.0000e+00   5.1635e-06   2.7825e+02
20251214_12:00:00   4.5321e-01   1.0044e+02   7.3976e+00   0.0000e+00   4.0780e-06   2.7630e+02
20251214_15:00:00   4.8705e-01   1.0635e+02   8.0449e+00   0.0000e+00   8.1570e-06   2.7565e+02
20251214_18:00:00   5.8188e-01   1.2152e+02   9.5191e+00   0.0000e+00   8.6457e-05   2.7002e+02
20251214_21:00:00   7.9734e-01   1.5085e+02   1.2870e+01   0.0000e+00   5.9980e-06   2.6861e+02
20251215_00:00:00   7.9197e-01   1.5030e+02   1.2790e+01   0.0000e+00   1.9702e-05   2.6682e+02
20251215_03:00:00   7.3675e-01   1.4338e+02   1.2239e+01   0.0000e+00   0.0000e+00   2.6693e+02
20251215_06:00:00   7.3054e-01   1.4210e+02   1.2604e+01   0.0000e+00   1.1444e-03   2.6736e+02
20251215_09:00:00   7.3160e-01   1.4245e+02   1.2748e+01   0.0000e+00   7.7885e-03   2.6396e+02
20251215_12:00:00   7.6614e-01   1.4700e+02   1.3244e+01   0.0000e+00   1.2663e-02   2.6091e+02
20251215_15:00:00   8.0353e-01   1.5236e+02   1.3647e+01   0.0000e+00   1.7181e-02   2.5990e+02
20251215_18:00:00   9.0741e-01   1.6480e+02   1.5292e+01   0.0000e+00   4.6257e-02   2.6182e+02
20251215_21:00:00   9.9735e-01   1.7451e+02   1.6377e+01   9.6180e-04   4.5676e-03   2.6658e+02
20251216_00:00:00   9.1609e-01   1.6610e+02   1.5213e+01   0.0000e+00   8.2539e-03   2.7030e+02
20251216_03:00:00   8.7283e-01   1.6161e+02   1.4444e+01   0.0000e+00   1.3154e-02   2.6789e+02
20251216_06:00:00   9.5104e-01   1.7009e+02   1.5459e+01   1.2350e-04   2.7372e-03   2.6731e+02
20251216_09:00:00   1.2226e+00   1.9524e+02   1.7441e+01   4.4477e-02   6.4634e-04   2.6938e+02
20251216_12:00:00   1.3052e+00   2.0181e+02   1.8599e+01   3.4316e-02   4.8005e-03   2.6769e+02
20251216_15:00:00   1.9409e+00   2.3748e+02   1.8998e+01   2.6981e-01   1.8082e-03   2.6163e+02
20251216_18:00:00   3.0960e+00   2.6434e+02   1.9444e+01   7.3405e-01   1.4540e-02   2.6627e+02
20251216_21:00:00   3.1466e+00   2.6699e+02   1.8568e+01   7.4637e-01   2.3513e-03   2.6337e+02
20251217_00:00:00   1.7064e+00   2.2859e+02   1.7298e+01   2.1758e-01   4.8280e-04   2.6151e+02
20251217_03:00:00   1.6790e+00   2.2701e+02   1.7394e+01   2.0519e-01   5.7975e-04   2.6183e+02
20251217_06:00:00   1.8834e+00   2.3663e+02   1.8104e+01   2.7620e-01   1.7763e-03   2.6510e+02
20251217_09:00:00   1.1612e+00   1.9253e+02   1.6790e+01   4.3596e-02   9.6889e-04   2.6800e+02
20251217_12:00:00   1.6629e+00   2.2621e+02   2.6199e+01   6.9794e-03   3.4560e-02   2.6958e+02
20251217_15:00:00   3.3991e+00   2.7247e+02   2.7532e+01   6.2557e-01   2.8373e-02   2.6916e+02
20251217_18:00:00   3.7181e+00   2.7633e+02   2.5849e+01   7.7346e-01   3.8368e-03   2.6864e+02
20251217_21:00:00   3.1125e+00   2.7140e+02   2.4541e+01   5.6823e-01   7.7575e-03   2.6593e+02
20251218_00:00:00   1.6146e+00   2.2769e+02   2.3823e+01   1.7191e-02   9.4042e-03   2.6271e+02
20251218_03:00:00   1.5052e+00   2.2172e+02   2.3221e+01   2.5093e-03   4.1405e-03   2.6366e+02
20251218_06:00:00   1.5019e+00   2.2132e+02   2.3155e+01   5.4136e-03   4.6414e-04   2.6494e+02
20251218_09:00:00   2.7219e+00   2.6641e+02   2.4995e+01   4.0009e-01   3.6722e-03   2.6513e+02
20251218_12:00:00   1.6182e+00   2.2904e+02   2.4310e+01   0.0000e+00   1.5278e-03   2.6445e+02
20251218_15:00:00   1.6929e+00   2.3341e+02   2.4326e+01   3.0866e-02   1.0986e-03   2.6353e+02
20251218_18:00:00   2.7482e+00   2.6681e+02   3.0415e+01   2.9319e-01   3.0563e-01   2.6183e+02
20251218_21:00:00   2.9299e+00   2.6657e+02   3.0906e+01   3.7184e-01   5.8368e-01   2.6054e+02
20251219_00:00:00   2.8166e+00   2.6417e+02   3.0011e+01   3.5401e-01   4.0989e-01   2.6381e+02
20251219_03:00:00   2.3193e+00   2.5421e+02   2.8829e+01   1.7354e-01   1.0121e-01   2.6581e+02
20251219_06:00:00   5.0735e+00   2.8032e+02   2.4519e+01   1.3670e+00   2.0235e-02   2.6769e+02
20251219_09:00:00   2.9336e+00   2.6462e+02   1.6394e+01   7.2123e-01   1.9424e-01   2.7165e+02
20251219_12:00:00   1.1630e+00   1.9147e+02   1.2105e+01   1.5281e-01   2.4316e-02   2.6940e+02
20251219_15:00:00   6.3204e-01   1.3095e+02   9.2629e+00   2.3642e-02   1.1633e-02   2.7834e+02
20251219_18:00:00   5.0457e-01   1.1146e+02   8.3003e+00   4.7520e-04   1.6676e-02   2.7931e+02
20251219_21:00:00   4.7947e-01   1.0711e+02   8.0774e+00   0.0000e+00   4.7813e-03   2.8437e+02
20251220_00:00:00   4.5235e-01   1.0208e+02   7.7455e+00   0.0000e+00   8.2158e-04   2.8256e+02
