#            date       tau255        Tb[K]      pwv[mm] lwp[kg*m^-2] iwp[kg*m^-2]       o3[DU]
20251208_12:00:00   7.2435e-01   1.3880e+02   1.0912e+01   5.8940e-04   5.0944e-01   3.1548e+02
20251208_13:00:00   7.0149e-01   1.3557e+02   1.0561e+01   7.0625e-04   4.9407e-01   3.2021e+02
20251208_14:00:00   6.6942e-01   1.3110e+02   1.0114e+01   3.7580e-05   4.4977e-01   3.1806e+02
20251208_15:00:00   6.5228e-01   1.2860e+02   9.8079e+00   1.2886e-04   5.4348e-01   3.1674e+02
20251208_16:00:00   6.3142e-01   1.2565e+02   9.4471e+00   2.1220e-04   5.2228e-01   3.1226e+02
20251208_17:00:00   6.0996e-01   1.2240e+02   9.0582e+00   6.5140e-04   5.9085e-01   3.1513e+02
20251208_18:00:00   5.9065e-01   1.1954e+02   8.7806e+00   3.2220e-04   5.1594e-01   3.1858e+02
20251208_19:00:00   5.7077e-01   1.1649e+02   8.4334e+00   2.8300e-04   5.3666e-01   3.1766e+02
20251208_20:00:00   5.4912e-01   1.1315e+02   8.1205e+00   0.0000e+00   4.3969e-01   3.1950e+02
20251208_21:00:00   5.3141e-01   1.1038e+02   7.8469e+00   0.0000e+00   3.5443e-01   3.2642e+02
20251208_22:00:00   5.2013e-01   1.0859e+02   7.6735e+00   0.0000e+00   2.9263e-01   3.2567e+02
20251208_23:00:00   5.1585e-01   1.0793e+02   7.6165e+00   0.0000e+00   2.3977e-01   3.2111e+02
20251209_00:00:00   5.1020e-01   1.0704e+02   7.5395e+00   0.0000e+00   1.6103e-01   3.1676e+02
20251209_01:00:00   5.0460e-01   1.0616e+02   7.4252e+00   0.0000e+00   1.6634e-01   3.2355e+02
20251209_02:00:00   4.9543e-01   1.0476e+02   7.2616e+00   0.0000e+00   1.4095e-01   3.2580e+02
20251209_03:00:00   4.8291e-01   1.0286e+02   7.1052e+00   0.0000e+00   2.8348e-02   3.2590e+02
20251209_04:00:00   4.5208e-01   9.8082e+01   6.5979e+00   0.0000e+00   1.0954e-03   3.2550e+02
20251209_05:00:00   4.0995e-01   9.1114e+01   5.9271e+00   0.0000e+00   7.4179e-04   3.3644e+02
20251209_06:00:00   3.7288e-01   8.4792e+01   5.3502e+00   0.0000e+00   4.1841e-04   3.3776e+02
20251209_07:00:00   3.3411e-01   7.7907e+01   4.7421e+00   0.0000e+00   5.6260e-04   3.3533e+02
20251209_08:00:00   2.9181e-01   7.0049e+01   4.0830e+00   0.0000e+00   4.4609e-04   3.3640e+02
20251209_09:00:00   2.6599e-01   6.4956e+01   3.7064e+00   0.0000e+00   5.4355e-04   3.3812e+02
20251209_10:00:00   2.4825e-01   6.1274e+01   3.4754e+00   0.0000e+00   6.4100e-04   3.4396e+02
20251209_11:00:00   2.3461e-01   5.8356e+01   3.3294e+00   0.0000e+00   3.4292e-04   3.4838e+02
20251209_12:00:00   2.4871e-01   6.1059e+01   3.6519e+00   0.0000e+00   3.3247e-04   3.4997e+02
20251209_13:00:00   2.4923e-01   6.1285e+01   3.7213e+00   0.0000e+00   4.6307e-04   3.4782e+02
20251209_14:00:00   2.6436e-01   6.4458e+01   4.0404e+00   3.5950e-04   7.2052e-03   3.5394e+02
20251209_15:00:00   3.0234e-01   7.1758e+01   4.8432e+00   0.0000e+00   2.5815e-02   3.5308e+02
20251209_16:00:00   3.3073e-01   7.7268e+01   5.3649e+00   0.0000e+00   2.6183e-02   3.5678e+02
20251209_17:00:00   3.6068e-01   8.3132e+01   5.8314e+00   0.0000e+00   8.8881e-04   3.6005e+02
20251209_18:00:00   3.8181e-01   8.7513e+01   5.9901e+00   0.0000e+00   2.4537e-04   3.6497e+02
20251209_19:00:00   4.0944e-01   9.2622e+01   6.3657e+00   0.0000e+00   2.2536e-03   3.6107e+02
20251209_20:00:00   4.3834e-01   9.7670e+01   6.8219e+00   0.0000e+00   3.8516e-03   3.5702e+02
20251209_21:00:00   4.7442e-01   1.0363e+02   7.3816e+00   0.0000e+00   5.3289e-03   3.4668e+02
20251209_22:00:00   5.0220e-01   1.0826e+02   7.8701e+00   7.1030e-06   1.1139e-02   3.4901e+02
20251209_23:00:00   5.0399e-01   1.0868e+02   7.8931e+00   1.9851e-04   4.7900e-03   3.4839e+02
20251210_00:00:00   5.6890e-01   1.1828e+02   8.7552e+00   1.8444e-03   1.6257e-02   3.4556e+02
20251210_01:00:00   6.0672e-01   1.2375e+02   9.6321e+00   6.9340e-05   6.3100e-03   3.4146e+02
20251210_02:00:00   6.0092e-01   1.2274e+02   9.6890e+00   1.2076e-04   8.3163e-04   3.4453e+02
20251210_03:00:00   6.3884e-01   1.2794e+02   1.0368e+01   2.8200e-04   1.2838e-03   3.4793e+02
20251210_04:00:00   6.4716e-01   1.2907e+02   1.0614e+01   2.7370e-05   8.6527e-03   3.4361e+02
20251210_05:00:00   6.7610e-01   1.3310e+02   1.1139e+01   0.0000e+00   9.4252e-03   3.4167e+02
20251210_06:00:00   6.7219e-01   1.3266e+02   1.1146e+01   0.0000e+00   6.8664e-03   3.3715e+02
20251210_07:00:00   6.5761e-01   1.3071e+02   1.0998e+01   0.0000e+00   3.3910e-02   3.3746e+02
20251210_08:00:00   7.0083e-01   1.3664e+02   1.1628e+01   0.0000e+00   1.9400e-01   3.3388e+02
20251210_09:00:00   8.0459e-01   1.4975e+02   1.2972e+01   0.0000e+00   4.9871e-01   3.3367e+02
20251210_10:00:00   7.2920e-01   1.4055e+02   1.2168e+01   0.0000e+00   1.3987e-01   3.3039e+02
20251210_11:00:00   7.1883e-01   1.3924e+02   1.2073e+01   0.0000e+00   1.3750e-01   3.2830e+02
20251210_12:00:00   7.4807e-01   1.4310e+02   1.2525e+01   0.0000e+00   1.2882e-01   3.3152e+02
20251210_13:00:00   7.3213e-01   1.4143e+02   1.2325e+01   0.0000e+00   7.1749e-02   3.3076e+02
20251210_14:00:00   7.1844e-01   1.3974e+02   1.2117e+01   0.0000e+00   7.4240e-02   3.3113e+02
20251210_15:00:00   8.4782e-01   1.5575e+02   1.3906e+01   2.3900e-04   1.4458e-01   3.2912e+02
20251210_16:00:00   8.4553e-01   1.5573e+02   1.3523e+01   0.0000e+00   5.1187e-02   3.3187e+02
20251210_17:00:00   9.2258e-01   1.6419e+02   1.2438e+01   5.8864e-02   2.9134e-02   3.4488e+02
20251210_18:00:00   8.2551e-01   1.5310e+02   1.2427e+01   5.8300e-03   3.0917e-01   3.4864e+02
20251210_19:00:00   9.2659e-01   1.6436e+02   1.2050e+01   5.3641e-02   3.7181e-01   3.4608e+02
20251210_20:00:00   1.5154e+00   2.1232e+02   1.0324e+01   3.3871e-01   3.1241e-01   3.4677e+02
20251210_21:00:00   2.1267e+00   2.3901e+02   1.0330e+01   6.0109e-01   3.7184e-01   3.5418e+02
20251210_22:00:00   2.0399e+00   2.3645e+02   9.4027e+00   5.8678e-01   1.1764e-01   3.4686e+02
20251210_23:00:00   1.3595e+00   2.0147e+02   8.8648e+00   3.2221e-01   1.8863e-01   3.4670e+02
20251211_00:00:00   5.6944e-01   1.1879e+02   7.5307e+00   2.5139e-02   1.8244e-02   3.5287e+02
20251211_01:00:00   5.1421e-01   1.0979e+02   7.6143e+00   1.9934e-03   5.1463e-02   3.4982e+02
20251211_02:00:00   6.3288e-01   1.2724e+02   8.0951e+00   4.0463e-02   6.5998e-02   3.4113e+02
20251211_03:00:00   8.6424e-01   1.5647e+02   7.6324e+00   1.5192e-01   6.0915e-02   3.2577e+02
20251211_04:00:00   5.8485e-01   1.2037e+02   7.0308e+00   5.0200e-02   3.1059e-02   3.1733e+02
20251211_05:00:00   4.2431e-01   9.4815e+01   6.3225e+00   3.3600e-05   1.4404e-02   3.1232e+02
20251211_06:00:00   3.6421e-01   8.4123e+01   5.3137e+00   0.0000e+00   1.6038e-02   3.0937e+02
20251211_07:00:00   3.2277e-01   7.6402e+01   4.6214e+00   0.0000e+00   1.2367e-02   3.1225e+02
20251211_08:00:00   3.0222e-01   7.2295e+01   4.3113e+00   5.2560e-05   8.7516e-03   3.1445e+02
20251211_09:00:00   2.9809e-01   7.1371e+01   4.2745e+00   0.0000e+00   8.9122e-03   3.1822e+02
20251211_10:00:00   2.9438e-01   7.0600e+01   4.2343e+00   0.0000e+00   5.7067e-03   3.1879e+02
20251211_11:00:00   2.8509e-01   6.8800e+01   4.0965e+00   3.6280e-05   3.8815e-03   3.1316e+02
20251211_12:00:00   2.8483e-01   6.8779e+01   4.0970e+00   3.4180e-05   3.2021e-03   3.0910e+02
20251211_13:00:00   2.9773e-01   7.1347e+01   4.2421e+00   2.1580e-03   9.9448e-04   3.0774e+02
20251211_14:00:00   2.9074e-01   7.0066e+01   4.1874e+00   1.1776e-03   3.1255e-04   3.1116e+02
20251211_15:00:00   2.8490e-01   6.8951e+01   4.1591e+00   0.0000e+00   1.5604e-04   3.1265e+02
20251211_16:00:00   2.9553e-01   7.0986e+01   4.3417e+00   0.0000e+00   3.1494e-04   3.0975e+02
20251211_17:00:00   3.1738e-01   7.5105e+01   4.6021e+00   5.9660e-04   1.5910e-03   3.0503e+02
20251211_18:00:00   4.1624e-01   9.2550e+01   5.2185e+00   2.8664e-02   1.3928e-02   3.0600e+02
20251211_19:00:00   4.5075e-01   9.8142e+01   5.5887e+00   3.5640e-02   2.9346e-02   3.0601e+02
20251211_20:00:00   4.6615e-01   1.0061e+02   5.8852e+00   3.4680e-02   4.6512e-02   3.0870e+02
20251211_21:00:00   4.4080e-01   9.6349e+01   6.3655e+00   1.1012e-02   3.6961e-02   3.0820e+02
20251211_22:00:00   4.2497e-01   9.3641e+01   6.5349e+00   0.0000e+00   2.4583e-02   3.0855e+02
20251211_23:00:00   4.1988e-01   9.2735e+01   6.4975e+00   8.0540e-06   1.3109e-02   3.1107e+02
20251212_00:00:00   3.9821e-01   8.9204e+01   6.1705e+00   6.7120e-05   4.2382e-03   3.1593e+02
20251212_01:00:00   4.1362e-01   9.1783e+01   6.4561e+00   2.3660e-03   5.7803e-03   3.1504e+02
20251212_02:00:00   4.3767e-01   9.5955e+01   6.7560e+00   5.8540e-03   1.5590e-02   3.1127e+02
20251212_03:00:00   4.8060e-01   1.0291e+02   7.5771e+00   4.2880e-03   1.3374e-02   3.1353e+02
20251212_04:00:00   5.2084e-01   1.0928e+02   8.3821e+00   1.5436e-03   1.1875e-02   3.1587e+02
20251212_05:00:00   5.7206e-01   1.1695e+02   9.1495e+00   2.4440e-03   1.6792e-02   3.1585e+02
20251212_06:00:00   5.9697e-01   1.2045e+02   9.6431e+00   9.6000e-06   4.9562e-02   3.1556e+02
20251212_07:00:00   6.0710e-01   1.2195e+02   9.7417e+00   0.0000e+00   6.1947e-02   3.1752e+02
20251212_08:00:00   6.1594e-01   1.2312e+02   9.8595e+00   0.0000e+00   1.0623e-01   3.1960e+02
20251212_09:00:00   6.2481e-01   1.2434e+02   1.0019e+01   0.0000e+00   1.1484e-01   3.1738e+02
20251212_10:00:00   5.8949e-01   1.1947e+02   9.3619e+00   0.0000e+00   7.9116e-02   3.1373e+02
20251212_11:00:00   5.3039e-01   1.1097e+02   8.2988e+00   0.0000e+00   5.7288e-02   3.1034e+02
20251212_12:00:00   4.7879e-01   1.0294e+02   7.4041e+00   0.0000e+00   2.8991e-02   3.1000e+02
20251212_13:00:00   4.5647e-01   9.9293e+01   7.0087e+00   0.0000e+00   1.8900e-02   3.1262e+02
20251212_14:00:00   4.3729e-01   9.6261e+01   6.6864e+00   7.4600e-05   1.2443e-02   3.1395e+02
20251212_15:00:00   4.4029e-01   9.6847e+01   6.8012e+00   1.6108e-04   1.0704e-02   3.1488e+02
20251212_16:00:00   4.2499e-01   9.4580e+01   6.4099e+00   3.4496e-03   1.0304e-02   3.1847e+02
20251212_17:00:00   4.3474e-01   9.6327e+01   6.3073e+00   1.1642e-02   8.4029e-03   3.2233e+02
20251212_18:00:00   4.4223e-01   9.7646e+01   6.2498e+00   1.5738e-02   1.0716e-02   3.2818e+02
20251212_19:00:00   4.2200e-01   9.4266e+01   6.0889e+00   1.1602e-02   8.8992e-03   3.2938e+02
20251212_20:00:00   4.2073e-01   9.3834e+01   6.3276e+00   6.7136e-03   1.0360e-01   3.2743e+02
20251212_21:00:00   4.3854e-01   9.6727e+01   6.7018e+00   5.1780e-03   1.2736e-01   3.2794e+02
20251212_22:00:00   4.5321e-01   9.9091e+01   7.1004e+00   2.4520e-03   2.8767e-02   3.3076e+02
20251212_23:00:00   5.0399e-01   1.0706e+02   7.8426e+00   5.1900e-03   5.0017e-02   3.3366e+02
20251213_00:00:00   4.9790e-01   1.0628e+02   7.7961e+00   3.3060e-03   2.6641e-03   3.4401e+02
20251213_01:00:00   5.3783e-01   1.1268e+02   7.8866e+00   1.3856e-02   2.5631e-03   3.4621e+02
20251213_02:00:00   5.4364e-01   1.1390e+02   7.4035e+00   2.7740e-02   7.7542e-04   3.4315e+02
20251213_03:00:00   5.9222e-01   1.2135e+02   6.9322e+00   6.1480e-02   2.5379e-03   3.4166e+02
20251213_04:00:00   6.9829e-01   1.3626e+02   7.5932e+00   8.8066e-02   3.5267e-03   3.3930e+02
20251213_05:00:00   6.2310e-01   1.2626e+02   7.6168e+00   5.4722e-02   7.0926e-03   3.3830e+02
20251213_06:00:00   6.0690e-01   1.2400e+02   7.5093e+00   5.0999e-02   6.0465e-03   3.3239e+02
20251213_07:00:00   5.7674e-01   1.1967e+02   7.1566e+00   5.0368e-02   5.0099e-03   3.2905e+02
20251213_08:00:00   5.5354e-01   1.1602e+02   7.3634e+00   3.9240e-02   5.4442e-03   3.2950e+02
20251213_09:00:00   4.9513e-01   1.0678e+02   7.4876e+00   1.2908e-02   5.8800e-03   3.2779e+02
20251213_10:00:00   5.0790e-01   1.0871e+02   7.5462e+00   1.8760e-02   1.6964e-03   3.2465e+02
20251213_11:00:00   4.9005e-01   1.0569e+02   7.8131e+00   6.7160e-03   3.8060e-03   3.1802e+02
20251213_12:00:00   4.8885e-01   1.0536e+02   7.9783e+00   4.6500e-03   7.3120e-03   3.1578e+02
20251213_15:00:00   5.3393e-01   1.1271e+02   9.1674e+00   9.1280e-05   2.0760e-03   3.0324e+02
20251213_18:00:00   6.3810e-01   1.2851e+02   1.0996e+01   0.0000e+00   1.0698e-03   3.0127e+02
20251213_21:00:00   7.0057e-01   1.3750e+02   1.1844e+01   0.0000e+00   3.5781e-03   3.0449e+02
20251214_00:00:00   8.5850e-01   1.5688e+02   1.3733e+01   8.4920e-03   2.0180e-03   3.0107e+02
20251214_03:00:00   1.7365e+00   2.2421e+02   1.7277e+01   2.6396e-01   3.1660e-01   3.0500e+02
20251214_06:00:00   3.3156e+00   2.6210e+02   1.6657e+01   9.4375e-01   1.1765e-01   3.1229e+02
20251214_09:00:00   9.2145e-01   1.6266e+02   1.3509e+01   3.4003e-02   4.7948e-02   3.1415e+02
20251214_12:00:00   4.3547e-01   9.6587e+01   6.5188e+00   0.0000e+00   1.5977e-02   3.2668e+02
20251214_15:00:00   2.5462e-01   6.2463e+01   3.4523e+00   0.0000e+00   2.2734e-02   3.3114e+02
20251214_18:00:00   1.9178e-01   4.9121e+01   2.4643e+00   0.0000e+00   2.8183e-02   3.2647e+02
20251214_21:00:00   1.7234e-01   4.4819e+01   2.1611e+00   0.0000e+00   2.6371e-02   3.2987e+02
20251215_00:00:00   1.4121e-01   3.8000e+01   1.7029e+00   0.0000e+00   1.0198e-02   3.3053e+02
20251215_03:00:00   1.4599e-01   3.9076e+01   1.8532e+00   0.0000e+00   5.9619e-03   3.1565e+02
20251215_06:00:00   1.7923e-01   4.6202e+01   2.5698e+00   1.1422e-04   5.5487e-03   3.1796e+02
20251215_09:00:00   2.1747e-01   5.4123e+01   3.3160e+00   3.6680e-04   6.1636e-03   3.1651e+02
20251215_12:00:00   2.4877e-01   6.0452e+01   3.9404e+00   2.4500e-04   3.5863e-03   3.0364e+02
20251215_15:00:00   2.9369e-01   6.9317e+01   4.7515e+00   1.4760e-03   1.7168e-03   3.0254e+02
20251215_18:00:00   3.4664e-01   7.9402e+01   5.8261e+00   0.0000e+00   5.4399e-03   3.0011e+02
20251215_21:00:00   4.4394e-01   9.6450e+01   7.5309e+00   0.0000e+00   7.6739e-02   2.9002e+02
20251216_00:00:00   4.5527e-01   9.8480e+01   7.6640e+00   0.0000e+00   6.4731e-02   2.8983e+02
20251216_03:00:00   5.0690e-01   1.0637e+02   8.4622e+00   0.0000e+00   2.6154e-01   2.8657e+02
20251216_06:00:00   4.7533e-01   1.0176e+02   7.5123e+00   0.0000e+00   1.8613e-01   2.8797e+02
20251216_09:00:00   3.8842e-01   8.7660e+01   5.8487e+00   0.0000e+00   9.8972e-03   2.8982e+02
20251216_12:00:00   3.8932e-01   8.7760e+01   5.8428e+00   0.0000e+00   6.4709e-03   2.9903e+02
20251216_15:00:00   4.6373e-01   1.0064e+02   6.8534e+00   1.5036e-03   7.5156e-03   3.0798e+02
20251216_18:00:00   5.1179e-01   1.0850e+02   6.5833e+00   2.6098e-02   3.3171e-02   3.1487e+02
20251216_21:00:00   4.4417e-01   9.7683e+01   6.2468e+00   2.0760e-03   1.5599e-02   3.2833e+02
20251217_00:00:00   3.8455e-01   8.7321e+01   5.4454e+00   0.0000e+00   6.5247e-03   3.2726e+02
20251217_03:00:00   3.1730e-01   7.5521e+01   4.3923e+00   0.0000e+00   8.7810e-04   3.1739e+02
20251217_06:00:00   2.5969e-01   6.4407e+01   3.6090e+00   5.4950e-04   5.1234e-04   3.1541e+02
20251217_09:00:00   3.0368e-01   7.3170e+01   3.6950e+00   2.1105e-02   3.7113e-04   3.1483e+02
20251217_12:00:00   2.7812e-01   6.8141e+01   3.9245e+00   8.1880e-03   3.4083e-04   3.0495e+02
20251217_15:00:00   2.8419e-01   6.9629e+01   4.5580e+00   0.0000e+00   2.2557e-07   2.9460e+02
20251217_18:00:00   3.1202e-01   7.5192e+01   5.3047e+00   0.0000e+00   3.8400e-06   2.8904e+02
20251217_21:00:00   3.3146e-01   7.8908e+01   5.6882e+00   0.0000e+00   1.4924e-05   2.9144e+02
20251218_00:00:00   2.5506e-01   6.3845e+01   4.2716e+00   0.0000e+00   1.4488e-03   2.9302e+02
20251218_03:00:00   2.0047e-01   5.2512e+01   3.2810e+00   0.0000e+00   5.0606e-03   2.9209e+02
20251218_06:00:00   1.6324e-01   4.4536e+01   2.5479e+00   0.0000e+00   9.8390e-03   2.9092e+02
20251218_09:00:00   1.5839e-01   4.3419e+01   2.4596e+00   0.0000e+00   5.1664e-03   2.9947e+02
20251218_12:00:00   1.6811e-01   4.5789e+01   2.5544e+00   0.0000e+00   4.3079e-03   2.9469e+02
20251218_15:00:00   2.0406e-01   5.4189e+01   3.0632e+00   0.0000e+00   5.7440e-03   2.9888e+02
20251218_18:00:00   2.2879e-01   5.9911e+01   3.3839e+00   0.0000e+00   1.0896e-02   2.9979e+02
20251218_21:00:00   2.4104e-01   6.2389e+01   3.5030e+00   0.0000e+00   1.4537e-03   3.0735e+02
20251219_00:00:00   2.0129e-01   5.2913e+01   3.1283e+00   0.0000e+00   1.2713e-03   3.0608e+02
20251219_03:00:00   1.9146e-01   5.0689e+01   3.0334e+00   0.0000e+00   8.9045e-03   3.0930e+02
20251219_06:00:00   1.9789e-01   5.1938e+01   3.2717e+00   0.0000e+00   4.0620e-03   3.1154e+02
20251219_09:00:00   2.2638e-01   5.7948e+01   3.9658e+00   0.0000e+00   2.9590e-03   3.1206e+02
20251219_12:00:00   4.0419e-01   9.2778e+01   7.3542e+00   0.0000e+00   4.1556e-03   3.1123e+02
20251219_15:00:00   7.7360e-01   1.4892e+02   1.1371e+01   3.5860e-02   5.6118e-03   2.9933e+02
20251219_18:00:00   1.2240e+00   1.9452e+02   1.3569e+01   1.5496e-01   3.2346e-03   2.9955e+02
20251219_21:00:00   9.9558e-01   1.7422e+02   1.2957e+01   7.7288e-02   4.0656e-03   2.9941e+02
20251220_00:00:00   9.5199e-01   1.6923e+02   1.2131e+01   8.5700e-02   1.0030e-02   2.9892e+02
20251220_03:00:00   1.2774e+00   1.9746e+02   1.1870e+01   2.2960e-01   1.8194e-03   2.9987e+02
20251220_06:00:00   6.2348e-01   1.2786e+02   1.0207e+01   5.9080e-03   1.9779e-04   2.9904e+02
20251220_09:00:00   5.6548e-01   1.1898e+02   9.6681e+00   0.0000e+00   3.7556e-05   2.9650e+02
20251220_12:00:00   5.6647e-01   1.1886e+02   9.7788e+00   0.0000e+00   1.7729e-05   2.9515e+02
20251220_15:00:00   6.1990e-01   1.2665e+02   1.0852e+01   0.0000e+00   1.3386e-03   3.0632e+02
20251220_18:00:00   6.6499e-01   1.3326e+02   1.1484e+01   0.0000e+00   2.1645e-03   3.1375e+02
20251220_21:00:00   2.2972e+00   2.4557e+02   1.4862e+01   5.6316e-01   1.0045e-03   3.1193e+02
20251221_00:00:00   1.9873e+00   2.3621e+02   1.5171e+01   4.1676e-01   2.8424e-03   3.0190e+02
20251221_03:00:00   2.0928e+00   2.4009e+02   1.6130e+01   4.3316e-01   6.8235e-03   3.0069e+02
20251221_06:00:00   3.0384e+00   2.6132e+02   1.7339e+01   7.8513e-01   2.0140e-03   2.7994e+02
20251221_09:00:00   3.6555e+00   2.6785e+02   1.9314e+01   9.8857e-01   6.8795e-02   2.7729e+02
20251221_12:00:00   3.0356e+00   2.6256e+02   1.8119e+01   7.5084e-01   7.8761e-03   2.7561e+02
20251221_15:00:00   3.1620e+00   2.6456e+02   1.9177e+01   7.7137e-01   1.1352e-02   2.7379e+02
20251221_18:00:00   3.7189e+00   2.6965e+02   1.8986e+01   1.0039e+00   1.1692e-01   2.7261e+02
20251221_21:00:00   3.8973e+00   2.7074e+02   2.0967e+01   1.0368e+00   1.1524e-01   2.7422e+02
20251222_00:00:00   3.4064e+00   2.6719e+02   2.0750e+01   8.3979e-01   2.7726e-01   2.7724e+02
20251222_03:00:00   3.9240e+00   2.7080e+02   2.0191e+01   1.0604e+00   1.8503e-01   2.7892e+02
20251222_06:00:00   3.3303e+00   2.6572e+02   2.1180e+01   8.0476e-01   3.6273e-01   2.8337e+02
20251222_09:00:00   3.5857e+00   2.6804e+02   2.1188e+01   9.0783e-01   4.1145e-01   2.8912e+02
20251222_12:00:00   4.0099e+00   2.7101e+02   1.9748e+01   1.1175e+00   4.3180e-03   3.0234e+02
20251222_15:00:00   2.5674e+00   2.5483e+02   2.0811e+01   5.0078e-01   1.0474e-01   3.0676e+02
20251222_18:00:00   3.6176e+00   2.6980e+02   1.7540e+01   9.8370e-01   2.0626e-02   3.1346e+02
20251222_21:00:00   2.8246e+00   2.6127e+02   1.8039e+01   6.5566e-01   6.4022e-03   3.0298e+02
20251223_00:00:00   2.2227e+00   2.4847e+02   1.6392e+01   4.5450e-01   6.6259e-02   2.9938e+02
20251223_03:00:00   2.1559e+00   2.4659e+02   1.7199e+01   4.1254e-01   6.3460e-02   3.0375e+02
20251223_06:00:00   2.7779e+00   2.6036e+02   1.9257e+01   6.2499e-01   4.2993e-03   3.0366e+02
20251223_09:00:00   2.7937e+00   2.6219e+02   2.2151e+01   5.4015e-01   2.1399e-02   3.0186e+02
20251223_12:00:00   4.4543e+00   2.7376e+02   2.1761e+01   1.2655e+00   7.2664e-01   3.0449e+02
20251223_15:00:00   9.6075e-01   1.6942e+02   1.4380e+01   3.1784e-02   6.6909e-03   3.1452e+02
20251223_18:00:00   3.9081e-01   8.8792e+01   6.6230e+00   0.0000e+00   2.2133e-05   3.1184e+02
20251223_21:00:00   2.4428e-01   6.0457e+01   3.6193e+00   1.1428e-03   2.9684e-02   3.2320e+02
20251224_00:00:00   2.5156e-01   6.1559e+01   3.9070e+00   3.7580e-05   1.6704e-02   3.2898e+02
20251224_03:00:00   2.2689e-01   5.6603e+01   3.3286e+00   4.8000e-06   1.3572e-02   3.3930e+02
20251224_06:00:00   2.5347e-01   6.1840e+01   3.8493e+00   1.6108e-05   1.0752e-02   3.4504e+02
20251224_09:00:00   2.6862e-01   6.4513e+01   4.2486e+00   0.0000e+00   6.3434e-03   3.5254e+02
20251224_12:00:00   3.2207e-01   7.4597e+01   5.1631e+00   0.0000e+00   7.8112e-03   3.5877e+02
