#            date       tau255        Tb[K]      pwv[mm] lwp[kg*m^-2] iwp[kg*m^-2]       o3[DU]
20251210_18:00:00   8.6761e-01   1.5788e+02   1.3681e+01   9.1220e-04   2.4395e-01   3.2770e+02
20251210_19:00:00   8.4704e-01   1.5540e+02   1.2755e+01   6.9202e-03   3.3879e-01   3.2555e+02
20251210_20:00:00   1.0577e+00   1.7720e+02   1.2149e+01   1.0761e-01   4.8022e-01   3.3475e+02
20251210_21:00:00   1.0847e+00   1.7991e+02   1.1017e+01   1.4867e-01   3.0541e-01   3.4101e+02
20251210_22:00:00   1.1827e+00   1.8833e+02   9.3726e+00   2.3264e-01   1.4801e-01   3.4507e+02
20251210_23:00:00   1.5045e+00   2.1136e+02   8.0441e+00   3.9874e-01   8.1251e-02   3.4604e+02
20251211_00:00:00   1.1382e+00   1.8379e+02   8.6407e+00   2.3190e-01   2.6218e-01   3.3928e+02
20251211_01:00:00   5.9812e-01   1.2230e+02   8.2147e+00   1.4101e-02   1.5695e-01   3.3992e+02
20251211_02:00:00   5.1899e-01   1.1032e+02   7.4565e+00   2.3080e-03   8.6983e-02   3.3308e+02
20251211_03:00:00   4.7562e-01   1.0325e+02   6.9417e+00   7.6020e-04   4.8921e-02   3.2552e+02
20251211_04:00:00   4.3983e-01   9.7226e+01   6.4428e+00   0.0000e+00   3.3197e-02   3.2511e+02
20251211_05:00:00   4.0858e-01   9.1761e+01   6.0098e+00   0.0000e+00   2.4601e-02   3.2068e+02
20251211_06:00:00   3.8443e-01   8.7401e+01   5.6267e+00   0.0000e+00   2.4315e-02   3.1048e+02
20251211_07:00:00   3.7669e-01   8.5888e+01   5.4723e+00   0.0000e+00   3.0824e-02   2.9905e+02
20251211_08:00:00   3.5768e-01   8.2273e+01   5.1791e+00   0.0000e+00   2.8058e-02   3.0337e+02
20251211_09:00:00   3.3225e-01   7.7445e+01   4.7844e+00   7.5780e-04   1.6261e-02   3.0390e+02
20251211_10:00:00   2.9779e-01   7.0861e+01   4.2648e+00   0.0000e+00   1.5869e-02   2.9815e+02
20251211_11:00:00   2.6701e-01   6.4788e+01   3.7931e+00   0.0000e+00   1.2518e-02   3.0273e+02
20251211_12:00:00   2.2496e-01   5.6331e+01   3.1427e+00   3.2620e-05   3.1269e-03   3.0685e+02
20251211_13:00:00   2.2555e-01   5.6374e+01   3.1730e+00   5.9060e-05   4.5053e-04   3.0260e+02
20251211_14:00:00   2.3353e-01   5.8046e+01   3.2572e+00   8.8320e-04   9.3955e-04   3.0104e+02
20251211_15:00:00   2.3915e-01   5.9286e+01   3.3661e+00   0.0000e+00   5.1353e-03   3.0083e+02
20251211_16:00:00   2.5273e-01   6.2162e+01   3.5766e+00   6.9800e-05   3.4669e-03   3.1203e+02
20251211_17:00:00   2.6958e-01   6.5586e+01   3.8343e+00   1.7108e-04   3.3145e-03   3.1095e+02
20251211_18:00:00   2.8839e-01   6.9294e+01   4.1082e+00   2.6840e-06   3.8639e-03   3.0808e+02
20251211_19:00:00   3.0848e-01   7.3094e+01   4.3919e+00   0.0000e+00   2.6161e-03   3.0658e+02
20251211_20:00:00   3.2238e-01   7.5701e+01   4.6014e+00   2.6840e-05   3.8225e-03   3.0879e+02
20251211_21:00:00   3.2540e-01   7.6283e+01   4.6399e+00   1.0738e-04   5.2189e-03   3.0629e+02
20251211_22:00:00   3.1386e-01   7.4032e+01   4.4781e+00   0.0000e+00   9.7266e-03   3.0694e+02
20251211_23:00:00   2.8894e-01   6.9344e+01   4.1245e+00   0.0000e+00   3.5102e-03   3.1019e+02
20251212_00:00:00   2.9037e-01   6.9492e+01   4.2074e+00   0.0000e+00   4.6572e-03   3.1326e+02
20251212_01:00:00   2.9047e-01   6.9443e+01   4.2712e+00   0.0000e+00   6.1546e-03   3.0571e+02
20251212_02:00:00   3.0404e-01   7.1949e+01   4.5617e+00   0.0000e+00   9.6529e-03   3.0063e+02
20251212_03:00:00   3.2286e-01   7.5403e+01   4.9443e+00   2.6840e-06   9.8200e-03   3.0485e+02
20251212_04:00:00   3.4941e-01   8.0135e+01   5.4724e+00   0.0000e+00   3.5948e-02   3.1046e+02
20251212_05:00:00   3.9432e-01   8.8047e+01   6.1877e+00   1.2164e-03   9.0288e-02   3.1244e+02
20251212_06:00:00   4.4128e-01   9.6059e+01   7.0239e+00   1.1968e-04   3.3119e-02   3.1950e+02
20251212_07:00:00   4.9045e-01   1.0401e+02   7.8601e+00   1.8948e-04   7.1382e-02   3.1886e+02
20251212_08:00:00   5.3198e-01   1.1039e+02   8.5160e+00   9.0700e-05   4.9469e-02   3.1334e+02
20251212_09:00:00   5.4815e-01   1.1292e+02   8.7866e+00   0.0000e+00   5.0268e-02   3.1260e+02
20251212_10:00:00   5.8336e-01   1.1794e+02   9.2329e+00   0.0000e+00   2.0014e-01   3.0919e+02
20251212_11:00:00   5.9942e-01   1.2035e+02   9.4403e+00   0.0000e+00   2.1136e-01   3.0990e+02
20251212_12:00:00   6.1151e-01   1.2209e+02   9.5271e+00   0.0000e+00   3.7308e-01   3.1279e+02
20251212_13:00:00   6.1296e-01   1.2237e+02   9.5319e+00   0.0000e+00   3.7486e-01   3.1455e+02
20251212_14:00:00   6.1050e-01   1.2214e+02   9.4339e+00   0.0000e+00   3.7754e-01   3.1780e+02
20251212_15:00:00   6.0114e-01   1.2116e+02   9.2502e+00   7.6800e-05   1.9245e-01   3.1940e+02
20251212_16:00:00   6.1117e-01   1.2294e+02   9.0945e+00   5.1360e-03   1.9375e-01   3.2593e+02
20251212_17:00:00   5.5463e-01   1.1539e+02   8.1049e+00   3.8340e-03   5.3769e-02   3.2544e+02
20251212_18:00:00   5.5230e-01   1.1548e+02   7.6864e+00   1.2892e-02   2.2290e-02   3.2672e+02
20251212_19:00:00   5.8141e-01   1.2016e+02   7.2035e+00   3.7019e-02   3.4486e-02   3.2966e+02
20251212_20:00:00   5.2769e-01   1.1223e+02   7.1096e+00   1.5395e-02   2.9698e-02   3.2919e+02
20251212_21:00:00   5.0388e-01   1.0860e+02   6.8008e+00   1.4206e-02   1.4563e-02   3.2322e+02
20251212_22:00:00   5.0520e-01   1.0874e+02   6.7129e+00   1.7618e-02   1.1516e-02   3.2523e+02
20251212_23:00:00   5.5948e-01   1.1704e+02   6.7555e+00   4.1475e-02   8.3415e-03   3.2986e+02
20251213_00:00:00   6.6430e-01   1.3201e+02   6.7950e+00   8.6799e-02   5.5681e-03   3.3432e+02
20251213_01:00:00   8.2652e-01   1.5242e+02   6.9646e+00   1.5238e-01   6.4545e-03   3.3440e+02
20251213_02:00:00   8.5412e-01   1.5560e+02   7.1561e+00   1.5950e-01   7.7853e-03   3.3787e+02
20251213_03:00:00   8.8721e-01   1.5933e+02   7.2011e+00   1.7311e-01   9.2448e-03   3.3805e+02
20251213_04:00:00   8.9819e-01   1.6063e+02   7.0911e+00   1.8109e-01   7.5580e-03   3.3487e+02
20251213_05:00:00   7.6070e-01   1.4485e+02   7.0134e+00   1.2525e-01   6.5382e-03   3.3422e+02
20251213_06:00:00   6.7758e-01   1.3411e+02   6.9950e+00   9.4193e-02   2.6757e-02   3.3419e+02
20251213_07:00:00   6.2901e-01   1.2726e+02   7.3723e+00   6.8922e-02   3.1038e-02   3.3438e+02
20251213_08:00:00   6.3314e-01   1.2770e+02   7.4620e+00   7.1446e-02   1.2771e-02   3.3367e+02
20251213_09:00:00   6.5326e-01   1.3045e+02   7.3911e+00   8.3132e-02   3.7820e-03   3.3640e+02
20251213_10:00:00   5.4226e-01   1.1406e+02   7.6776e+00   3.0478e-02   2.0019e-03   3.3537e+02
20251213_11:00:00   5.7214e-01   1.1830e+02   8.0011e+00   3.6780e-02   3.2395e-03   3.3526e+02
20251213_12:00:00   6.2848e-01   1.2625e+02   8.5486e+00   4.9500e-02   1.7564e-02   3.3876e+02
20251213_13:00:00   6.3115e-01   1.2660e+02   9.1138e+00   3.5920e-02   5.7914e-03   3.3863e+02
20251213_14:00:00   6.8697e-01   1.3439e+02   9.4330e+00   5.0820e-02   7.5311e-03   3.3723e+02
20251213_15:00:00   7.0810e-01   1.3717e+02   9.9516e+00   4.5060e-02   6.3928e-03   3.3774e+02
20251213_16:00:00   6.6687e-01   1.3169e+02   1.0248e+01   2.1380e-02   1.6685e-02   3.3238e+02
20251213_17:00:00   6.5245e-01   1.2967e+02   1.0204e+01   1.8016e-02   3.2723e-02   3.2328e+02
20251213_18:00:00   6.6521e-01   1.3142e+02   1.0439e+01   1.8070e-02   3.0483e-02   3.1346e+02
20251213_19:00:00   7.0873e-01   1.3712e+02   1.0932e+01   2.3794e-02   2.5194e-02   3.0676e+02
20251213_20:00:00   7.2968e-01   1.3971e+02   1.1531e+01   1.6678e-02   4.6624e-02   3.0817e+02
20251213_21:00:00   7.5297e-01   1.4252e+02   1.1979e+01   1.3904e-02   2.7256e-02   3.1280e+02
20251213_22:00:00   7.6867e-01   1.4419e+02   1.2428e+01   5.3100e-03   3.6666e-02   3.1370e+02
20251213_23:00:00   7.5736e-01   1.4267e+02   1.2420e+01   0.0000e+00   4.1261e-02   3.1577e+02
20251214_00:00:00   7.3597e-01   1.3997e+02   1.2087e+01   0.0000e+00   3.0660e-02   3.1762e+02
20251214_01:00:00   7.2755e-01   1.3879e+02   1.1967e+01   0.0000e+00   2.5420e-02   3.1640e+02
20251214_02:00:00   7.2137e-01   1.3770e+02   1.1855e+01   0.0000e+00   5.1811e-02   3.1788e+02
20251214_03:00:00   7.1805e-01   1.3715e+02   1.1840e+01   0.0000e+00   4.2355e-02   3.1968e+02
20251214_04:00:00   7.0454e-01   1.3519e+02   1.1645e+01   0.0000e+00   3.8633e-02   3.2021e+02
20251214_05:00:00   6.9845e-01   1.3422e+02   1.1550e+01   0.0000e+00   7.0849e-02   3.2155e+02
20251214_06:00:00   6.7648e-01   1.3116e+02   1.1194e+01   0.0000e+00   7.3784e-02   3.2320e+02
20251214_07:00:00   6.5711e-01   1.2837e+02   1.0850e+01   0.0000e+00   1.1908e-01   3.2365e+02
20251214_08:00:00   5.7709e-01   1.1724e+02   9.3865e+00   0.0000e+00   3.7954e-02   3.2575e+02
20251214_09:00:00   4.8806e-01   1.0371e+02   7.6826e+00   0.0000e+00   1.2215e-02   3.2676e+02
20251214_10:00:00   4.0577e-01   9.0040e+01   6.1525e+00   0.0000e+00   1.0217e-02   3.2986e+02
20251214_11:00:00   3.2567e-01   7.5635e+01   4.7126e+00   0.0000e+00   1.0047e-02   3.3680e+02
20251214_12:00:00   2.8484e-01   6.7799e+01   3.9694e+00   0.0000e+00   1.2154e-02   3.3774e+02
20251214_13:00:00   2.5944e-01   6.2754e+01   3.5121e+00   0.0000e+00   1.2718e-02   3.4044e+02
20251214_14:00:00   2.0662e-01   5.2094e+01   2.6960e+00   0.0000e+00   7.2151e-03   3.4144e+02
20251214_15:00:00   1.5887e-01   4.2010e+01   1.9662e+00   2.4160e-05   6.0837e-03   3.4698e+02
20251214_16:00:00   1.5813e-01   4.1790e+01   1.9091e+00   1.0212e-03   5.1720e-03   3.4994e+02
20251214_17:00:00   1.6158e-01   4.2462e+01   1.9529e+00   5.9040e-04   5.9605e-03   3.5806e+02
20251214_18:00:00   1.6329e-01   4.2803e+01   1.9481e+00   4.5240e-04   7.5872e-03   3.7559e+02
20251214_19:00:00   1.6224e-01   4.2546e+01   1.9181e+00   1.7320e-04   8.6892e-03   3.8069e+02
20251214_20:00:00   1.6348e-01   4.2781e+01   1.9432e+00   8.9000e-05   6.5614e-03   3.8040e+02
20251214_21:00:00   1.7988e-01   4.6169e+01   2.2003e+00   0.0000e+00   1.0011e-02   3.7654e+02
20251214_22:00:00   1.8695e-01   4.7603e+01   2.3029e+00   0.0000e+00   1.1050e-02   3.7750e+02
20251214_23:00:00   1.8530e-01   4.7295e+01   2.2745e+00   0.0000e+00   1.1460e-02   3.7717e+02
20251215_00:00:00   1.8619e-01   4.7562e+01   2.2970e+00   0.0000e+00   9.7079e-03   3.7276e+02
20251215_01:00:00   1.9386e-01   4.9223e+01   2.4257e+00   0.0000e+00   9.8388e-03   3.5184e+02
20251215_02:00:00   1.9586e-01   4.9759e+01   2.4849e+00   0.0000e+00   8.8691e-03   3.3434e+02
20251215_03:00:00   1.9452e-01   4.9572e+01   2.4846e+00   0.0000e+00   8.4435e-03   3.3704e+02
20251215_04:00:00   1.8889e-01   4.8469e+01   2.4041e+00   0.0000e+00   7.9892e-03   3.3800e+02
20251215_05:00:00   1.8381e-01   4.7427e+01   2.3691e+00   0.0000e+00   5.3449e-03   3.3059e+02
20251215_06:00:00   1.8585e-01   4.7775e+01   2.4794e+00   0.0000e+00   7.8047e-03   3.2051e+02
20251215_07:00:00   1.9245e-01   4.9126e+01   2.6548e+00   0.0000e+00   6.5034e-03   3.1671e+02
20251215_08:00:00   2.0166e-01   5.1026e+01   2.9048e+00   0.0000e+00   3.8021e-03   3.1912e+02
20251215_09:00:00   2.1170e-01   5.3136e+01   3.1506e+00   2.4560e-05   2.2341e-03   3.1451e+02
20251215_10:00:00   2.2389e-01   5.5665e+01   3.4408e+00   0.0000e+00   1.1226e-03   3.1167e+02
20251215_11:00:00   2.4107e-01   5.9125e+01   3.8534e+00   0.0000e+00   3.8188e-04   3.1097e+02
20251215_12:00:00   2.5421e-01   6.1747e+01   4.1786e+00   0.0000e+00   6.6323e-05   3.0167e+02
20251215_13:00:00   2.8054e-01   6.6834e+01   4.7614e+00   0.0000e+00   1.6894e-03   2.9087e+02
20251215_14:00:00   3.0852e-01   7.2287e+01   5.2845e+00   0.0000e+00   1.1778e-03   2.8292e+02
20251215_15:00:00   3.2297e-01   7.5133e+01   5.5776e+00   0.0000e+00   2.1716e-03   2.7942e+02
20251215_16:00:00   3.3059e-01   7.6603e+01   5.7982e+00   0.0000e+00   4.2933e-02   2.7695e+02
20251215_17:00:00   3.3633e-01   7.7759e+01   5.9181e+00   0.0000e+00   6.0997e-02   2.7565e+02
20251215_18:00:00   3.7356e-01   8.4724e+01   6.5654e+00   0.0000e+00   2.8038e-02   2.7680e+02
20251215_21:00:00   3.8889e-01   8.8449e+01   6.5912e+00   0.0000e+00   0.0000e+00   2.7874e+02
20251216_00:00:00   3.7715e-01   8.6690e+01   6.1159e+00   0.0000e+00   0.0000e+00   2.8738e+02
20251216_03:00:00   3.3422e-01   7.9227e+01   5.2622e+00   0.0000e+00   0.0000e+00   2.8306e+02
20251216_06:00:00   2.7386e-01   6.7544e+01   4.2637e+00   0.0000e+00   0.0000e+00   2.8904e+02
20251216_09:00:00   2.5497e-01   6.3243e+01   4.1122e+00   0.0000e+00   8.2542e-04   2.8777e+02
20251216_12:00:00   2.8161e-01   6.8299e+01   4.6288e+00   0.0000e+00   3.6037e-05   2.8539e+02
20251216_15:00:00   2.7254e-01   6.6920e+01   4.4668e+00   0.0000e+00   0.0000e+00   2.8220e+02
20251216_18:00:00   2.7561e-01   6.7898e+01   4.6537e+00   0.0000e+00   7.7891e-04   2.7772e+02
20251216_21:00:00   2.7909e-01   6.9175e+01   4.4916e+00   0.0000e+00   2.6840e-06   2.8246e+02
20251217_00:00:00   4.0114e-01   9.1740e+01   6.9374e+00   0.0000e+00   4.1070e-05   2.7675e+02
20251217_03:00:00   5.1945e-01   1.1263e+02   8.6044e+00   0.0000e+00   8.0540e-07   2.6662e+02
20251217_06:00:00   5.4078e-01   1.1606e+02   8.6684e+00   0.0000e+00   0.0000e+00   2.7180e+02
20251217_09:00:00   1.3718e+00   2.0436e+02   1.1505e+01   2.6407e-01   1.7297e-04   2.6973e+02
20251217_12:00:00   1.0844e+00   1.8122e+02   1.2791e+01   1.1572e-01   4.4639e-03   2.7142e+02
20251217_15:00:00   1.2335e+00   1.9391e+02   1.4919e+01   1.2988e-01   3.9842e-02   2.7642e+02
20251217_18:00:00   1.3040e+00   1.9982e+02   1.5849e+01   1.3764e-01   6.0463e-02   2.8595e+02
20251217_21:00:00   2.7395e+00   2.5616e+02   1.5247e+01   7.1983e-01   7.8668e-02   2.9773e+02
20251218_00:00:00   8.1931e-01   1.5421e+02   1.2710e+01   6.2612e-03   2.5754e-03   2.9521e+02
20251218_03:00:00   8.8558e-01   1.6235e+02   1.2272e+01   4.1986e-02   3.3794e-03   2.9933e+02
20251218_06:00:00   8.3187e-01   1.5592e+02   1.2719e+01   7.5665e-03   6.1045e-03   3.0300e+02
20251218_09:00:00   1.0239e+00   1.7674e+02   1.3606e+01   6.2241e-02   5.5601e-02   3.0202e+02
20251218_12:00:00   9.2586e-01   1.6736e+02   1.3887e+01   1.2222e-02   1.8947e-02   2.9819e+02
20251218_15:00:00   1.1691e+00   1.9056e+02   1.6569e+01   4.8890e-02   4.9722e-02   2.9775e+02
20251218_18:00:00   1.6879e+00   2.2459e+02   1.7073e+01   2.5594e-01   7.3915e-03   2.9626e+02
20251218_21:00:00   1.1741e+00   1.9168e+02   1.5327e+01   8.4160e-02   5.8402e-03   2.8755e+02
20251219_00:00:00   2.0197e+00   2.3947e+02   2.0131e+01   3.0315e-01   6.5746e-03   2.8488e+02
20251219_03:00:00   3.1840e+00   2.6669e+02   2.0396e+01   7.3259e-01   3.9391e-03   2.9449e+02
20251219_06:00:00   2.9660e+00   2.6339e+02   1.7693e+01   7.2960e-01   9.9146e-04   2.9741e+02
20251219_09:00:00   4.0451e-01   9.3450e+01   6.7133e+00   0.0000e+00   0.0000e+00   3.0266e+02
20251219_12:00:00   2.4516e-01   6.2351e+01   4.0957e+00   0.0000e+00   7.8660e-05   2.9932e+02
20251219_15:00:00   2.5492e-01   6.4412e+01   4.2654e+00   0.0000e+00   1.5528e-03   2.8829e+02
20251219_18:00:00   3.5651e-01   8.3678e+01   6.4663e+00   0.0000e+00   0.0000e+00   2.8583e+02
20251219_21:00:00   4.2852e-01   9.6318e+01   7.8932e+00   0.0000e+00   1.4385e-04   2.8687e+02
20251220_00:00:00   4.9573e-01   1.0686e+02   9.1296e+00   0.0000e+00   6.2324e-03   2.8340e+02
20251220_03:00:00   5.0429e-01   1.0825e+02   9.2682e+00   0.0000e+00   3.2521e-02   2.8220e+02
20251220_06:00:00   4.8853e-01   1.0567e+02   8.9782e+00   0.0000e+00   1.8016e-01   2.7679e+02
20251220_09:00:00   5.5959e-01   1.1684e+02   1.0209e+01   7.7740e-05   8.0061e-02   2.7722e+02
20251220_12:00:00   9.5756e-01   1.6846e+02   1.5673e+01   1.3769e-02   1.1883e-01   2.7961e+02
20251220_15:00:00   3.4379e+00   2.6569e+02   2.0348e+01   8.8468e-01   3.9440e-02   2.7923e+02
20251220_18:00:00   2.3054e+00   2.4852e+02   1.9401e+01   4.2730e-01   1.0293e-03   2.7955e+02
20251220_21:00:00   3.4059e+00   2.6781e+02   2.2376e+01   7.8842e-01   4.3139e-02   2.7593e+02
20251221_00:00:00   3.8032e+00   2.7193e+02   2.2586e+01   9.3418e-01   5.2367e-03   2.7794e+02
20251221_03:00:00   3.6630e+00   2.7241e+02   2.3771e+01   8.3293e-01   1.2520e-02   2.7669e+02
20251221_06:00:00   4.6221e+00   2.7741e+02   2.6151e+01   1.1609e+00   8.1952e-02   2.7680e+02
20251221_09:00:00   2.3045e+00   2.5222e+02   2.2571e+01   3.2480e-01   6.2563e-03   2.7664e+02
20251221_12:00:00   2.1026e+00   2.4625e+02   2.0287e+01   2.9689e-01   1.7131e-03   2.7275e+02
20251221_15:00:00   1.7607e+00   2.3279e+02   2.0269e+01   1.6465e-01   5.6429e-04   2.7027e+02
20251221_18:00:00   1.3252e+00   2.0763e+02   2.0347e+01   0.0000e+00   1.2145e-02   2.6924e+02
20251221_21:00:00   1.3036e+00   2.0531e+02   2.0923e+01   0.0000e+00   1.0591e-02   2.7365e+02
20251222_00:00:00   1.1610e+00   1.9320e+02   1.9076e+01   0.0000e+00   2.8781e-02   2.7027e+02
20251222_03:00:00   1.0897e+00   1.8667e+02   1.8250e+01   0.0000e+00   5.5724e-02   2.6621e+02
20251222_06:00:00   1.1086e+00   1.8866e+02   1.7906e+01   0.0000e+00   7.3644e-03   2.6454e+02
20251222_09:00:00   1.1220e+00   1.9007e+02   1.7960e+01   0.0000e+00   5.9577e-03   2.6408e+02
20251222_12:00:00   1.2515e+00   2.0036e+02   2.0660e+01   0.0000e+00   5.7639e-02   2.6771e+02
20251222_15:00:00   1.0728e+00   1.8586e+02   1.7783e+01   0.0000e+00   4.9836e-03   2.6879e+02
20251222_18:00:00   8.7224e-01   1.6598e+02   1.4717e+01   0.0000e+00   2.6876e-04   2.6756e+02
20251222_21:00:00   9.1842e-01   1.7135e+02   1.5056e+01   0.0000e+00   1.4836e-04   2.6526e+02
20251223_00:00:00   1.0296e+00   1.8319e+02   1.5594e+01   0.0000e+00   2.6000e-04   2.6576e+02
20251223_03:00:00   1.1206e+00   1.9251e+02   1.5927e+01   1.7166e-02   0.0000e+00   2.6843e+02
20251223_06:00:00   1.5347e+00   2.2283e+02   2.2577e+01   1.2642e-02   0.0000e+00   2.7192e+02
20251223_09:00:00   2.5697e+00   2.6236e+02   2.4936e+01   3.4187e-01   0.0000e+00   2.6939e+02
20251223_12:00:00   3.0278e+00   2.6994e+02   2.6656e+01   4.7382e-01   0.0000e+00   2.7610e+02
20251223_15:00:00   3.4395e+00   2.7321e+02   2.8340e+01   6.2861e-01   1.5579e-01   2.7429e+02
20251223_18:00:00   1.9491e+00   2.4070e+02   2.4662e+01   1.4484e-01   2.3385e-02   2.7296e+02
20251223_21:00:00   9.7910e-01   1.7560e+02   1.6368e+01   1.2073e-03   2.1480e-06   2.7433e+02
20251224_00:00:00   7.5823e-01   1.4891e+02   1.3014e+01   2.2680e-04   3.8229e-03   2.7225e+02
20251224_03:00:00   7.3245e-01   1.4510e+02   1.2646e+01   0.0000e+00   1.9183e-02   2.7209e+02
20251224_06:00:00   9.2152e-01   1.6779e+02   1.5400e+01   0.0000e+00   3.2905e-02   2.7566e+02
20251224_09:00:00   3.7060e+00   2.7143e+02   2.1576e+01   9.4491e-01   7.0140e-02   2.7512e+02
20251224_12:00:00   3.8663e+00   2.7183e+02   2.2501e+01   9.7381e-01   2.0233e-01   2.7888e+02
20251224_15:00:00   3.2271e+00   2.6633e+02   2.4814e+01   6.5805e-01   4.3753e-01   2.8219e+02
20251224_18:00:00   1.9095e+00   2.3250e+02   2.0721e+01   2.4452e-01   1.2916e+00   2.8162e+02
20251224_21:00:00   2.3099e+00   2.4511e+02   1.8025e+01   4.7823e-01   1.2218e+00   2.9389e+02
20251225_00:00:00   8.6581e-01   1.5736e+02   9.7361e+00   8.3646e-02   2.5314e-01   3.3442e+02
20251225_03:00:00   6.4897e-01   1.2846e+02   9.9118e+00   0.0000e+00   1.5596e-01   3.4129e+02
20251225_06:00:00   4.9684e-01   1.0646e+02   7.3807e+00   0.0000e+00   2.3731e-02   3.4442e+02
20251225_09:00:00   3.2204e-01   7.7087e+01   4.7007e+00   2.4164e-05   2.6902e-04   3.3267e+02
20251225_12:00:00   1.6381e-01   4.4042e+01   2.2659e+00   6.6840e-04   3.8448e-04   3.2459e+02
20251225_15:00:00   1.9546e-01   5.0771e+01   3.2323e+00   0.0000e+00   1.1008e-03   3.2329e+02
20251225_18:00:00   2.4391e-01   6.0894e+01   4.2556e+00   0.0000e+00   3.0464e-04   3.2241e+02
20251225_21:00:00   2.9542e-01   7.1300e+01   5.0522e+00   0.0000e+00   5.7275e-04   3.2221e+02
20251226_00:00:00   2.7896e-01   6.7960e+01   4.6681e+00   0.0000e+00   8.1580e-06   3.2207e+02
20251226_03:00:00   2.6240e-01   6.4891e+01   4.3841e+00   0.0000e+00   0.0000e+00   3.1513e+02
20251226_06:00:00   2.2388e-01   5.7003e+01   3.8239e+00   0.0000e+00   2.8713e-03   3.0614e+02
20251226_09:00:00   2.2879e-01   5.7793e+01   4.0849e+00   0.0000e+00   5.6267e-04   3.0779e+02
20251226_12:00:00   2.7246e-01   6.6277e+01   5.0653e+00   0.0000e+00   7.4094e-04   3.0725e+02
20251226_15:00:00   3.1598e-01   7.5203e+01   5.8957e+00   0.0000e+00   3.0754e-02   3.1218e+02
20251226_18:00:00   2.9696e-01   7.2176e+01   5.3433e+00   0.0000e+00   2.9826e-03   3.0526e+02
