#            date       tau255        Tb[K]      pwv[mm] lwp[kg*m^-2] iwp[kg*m^-2]       o3[DU]
20251209_06:00:00   3.8367e-01   8.6600e+01   5.5230e+00   0.0000e+00   9.5034e-04   3.3285e+02
20251209_07:00:00   3.5147e-01   8.0972e+01   5.0107e+00   0.0000e+00   1.0124e-03   3.3091e+02
20251209_08:00:00   3.0752e-01   7.3002e+01   4.3350e+00   0.0000e+00   4.2116e-04   3.3392e+02
20251209_09:00:00   2.8564e-01   6.8778e+01   4.0294e+00   0.0000e+00   4.5147e-04   3.3338e+02
20251209_10:00:00   2.6806e-01   6.5267e+01   3.7766e+00   0.0000e+00   4.6910e-04   3.3746e+02
20251209_11:00:00   2.3730e-01   5.8981e+01   3.3363e+00   0.0000e+00   3.1734e-04   3.4036e+02
20251209_12:00:00   2.4581e-01   6.0454e+01   3.5775e+00   0.0000e+00   3.6301e-04   3.4379e+02
20251209_13:00:00   2.3741e-01   5.8817e+01   3.5485e+00   0.0000e+00   1.9499e-04   3.4745e+02
20251209_14:00:00   2.4752e-01   6.1127e+01   3.7924e+00   0.0000e+00   2.4800e-03   3.5185e+02
20251209_15:00:00   2.7043e-01   6.5724e+01   4.2928e+00   0.0000e+00   1.5370e-02   3.5191e+02
20251209_16:00:00   2.9709e-01   7.0907e+01   4.8120e+00   0.0000e+00   3.7891e-02   3.6038e+02
20251209_17:00:00   3.3770e-01   7.8716e+01   5.5296e+00   0.0000e+00   2.3598e-02   3.5949e+02
20251209_18:00:00   3.9093e-01   8.8570e+01   6.4034e+00   0.0000e+00   7.1933e-03   3.6764e+02
20251209_19:00:00   4.2896e-01   9.5514e+01   6.9285e+00   0.0000e+00   3.1637e-03   3.6563e+02
20251209_20:00:00   4.4691e-01   9.8873e+01   7.0666e+00   0.0000e+00   2.5945e-03   3.6271e+02
20251209_21:00:00   4.4758e-01   9.9151e+01   7.0082e+00   0.0000e+00   9.5587e-04   3.6804e+02
20251209_22:00:00   4.4787e-01   9.9014e+01   6.9745e+00   0.0000e+00   5.0584e-03   3.6411e+02
20251209_23:00:00   4.6733e-01   1.0233e+02   7.3066e+00   2.7860e-06   1.5571e-03   3.5045e+02
20251210_00:00:00   4.8295e-01   1.0474e+02   7.5568e+00   1.3839e-06   1.0441e-02   3.4927e+02
20251210_01:00:00   5.0980e-01   1.0921e+02   8.1098e+00   4.5550e-05   6.6762e-03   3.5262e+02
20251210_02:00:00   4.9844e-01   1.0753e+02   7.8915e+00   5.1540e-04   1.5992e-03   3.5508e+02
20251210_03:00:00   5.1069e-01   1.0928e+02   8.2773e+00   8.0860e-05   4.7555e-03   3.5216e+02
20251210_04:00:00   5.6867e-01   1.1785e+02   9.4608e+00   5.9390e-05   7.8990e-03   3.4979e+02
20251210_05:00:00   6.1975e-01   1.2514e+02   1.0393e+01   0.0000e+00   2.2243e-02   3.4974e+02
20251210_06:00:00   6.2192e-01   1.2563e+02   1.0451e+01   0.0000e+00   3.1016e-03   3.4918e+02
20251210_07:00:00   6.4826e-01   1.2939e+02   1.0900e+01   0.0000e+00   1.9482e-02   3.4534e+02
20251210_08:00:00   6.8558e-01   1.3452e+02   1.1477e+01   0.0000e+00   1.9500e-01   3.3766e+02
20251210_09:00:00   6.9417e-01   1.3585e+02   1.1649e+01   0.0000e+00   1.8908e-01   3.3827e+02
20251210_10:00:00   6.8764e-01   1.3522e+02   1.1613e+01   0.0000e+00   5.9605e-02   3.3533e+02
20251210_11:00:00   6.6833e-01   1.3286e+02   1.1371e+01   0.0000e+00   3.5510e-02   3.2664e+02
20251210_12:00:00   7.3250e-01   1.4118e+02   1.2345e+01   0.0000e+00   2.2247e-01   3.2591e+02
20251210_13:00:00   8.1317e-01   1.5120e+02   1.3504e+01   0.0000e+00   2.4183e-01   3.2875e+02
20251210_14:00:00   7.5500e-01   1.4444e+02   1.2744e+01   0.0000e+00   6.1058e-02   3.2572e+02
20251210_15:00:00   8.3606e-01   1.5432e+02   1.3227e+01   1.3633e-02   7.5175e-02   3.2817e+02
20251210_16:00:00   8.6490e-01   1.5760e+02   1.3843e+01   3.4780e-06   1.0720e-01   3.3376e+02
20251210_17:00:00   8.2954e-01   1.5378e+02   1.2775e+01   9.1480e-03   7.0591e-02   3.3400e+02
20251210_18:00:00   8.4690e-01   1.5562e+02   1.2404e+01   1.5238e-02   2.4651e-01   3.3494e+02
20251210_19:00:00   1.0728e+00   1.7914e+02   1.1921e+01   1.1869e-01   2.1400e-01   3.3690e+02
20251210_20:00:00   1.4952e+00   2.1096e+02   1.1219e+01   3.1154e-01   2.7211e-01   3.3788e+02
20251210_21:00:00   1.9449e+00   2.3315e+02   9.0106e+00   5.5339e-01   1.3300e-01   3.3858e+02
20251210_22:00:00   1.8001e+00   2.2698e+02   9.0478e+00   4.9402e-01   1.6325e-01   3.4305e+02
20251210_23:00:00   1.0909e+00   1.8028e+02   8.9985e+00   2.0028e-01   1.6621e-01   3.4884e+02
20251211_00:00:00   7.4690e-01   1.4318e+02   8.6158e+00   6.6619e-02   1.1979e-01   3.4434e+02
20251211_01:00:00   6.8987e-01   1.3548e+02   8.2775e+00   5.4542e-02   6.9367e-02   3.4271e+02
20251211_02:00:00   8.3993e-01   1.5364e+02   8.0446e+00   1.2858e-01   8.8283e-02   3.4122e+02
20251211_03:00:00   7.1093e-01   1.3787e+02   7.2617e+00   9.5481e-02   5.5074e-02   3.3352e+02
20251211_04:00:00   4.3178e-01   9.5846e+01   6.4493e+00   0.0000e+00   2.4131e-02   3.2367e+02
20251211_05:00:00   3.8682e-01   8.8005e+01   5.7000e+00   0.0000e+00   1.7534e-02   3.1424e+02
20251211_06:00:00   3.6393e-01   8.3683e+01   5.3495e+00   0.0000e+00   1.7218e-02   3.1110e+02
20251211_07:00:00   3.5997e-01   8.2654e+01   5.2873e+00   0.0000e+00   1.6829e-02   3.1149e+02
20251211_08:00:00   3.6106e-01   8.2743e+01   5.2840e+00   0.0000e+00   1.7534e-02   3.1681e+02
20251211_09:00:00   3.3985e-01   7.8848e+01   4.9421e+00   0.0000e+00   1.4754e-02   3.2061e+02
20251211_10:00:00   3.1932e-01   7.4992e+01   4.6139e+00   0.0000e+00   1.3629e-02   3.2298e+02
20251211_11:00:00   2.9200e-01   6.9679e+01   4.2022e+00   4.7453e-04   1.0605e-02   3.1994e+02
20251211_12:00:00   2.7691e-01   6.6653e+01   3.8950e+00   3.2242e-03   1.1769e-02   3.1810e+02
20251211_13:00:00   2.4975e-01   6.1314e+01   3.4866e+00   1.5634e-03   1.0717e-02   3.1626e+02
20251211_14:00:00   2.3780e-01   5.8976e+01   3.2470e+00   1.3870e-03   8.3996e-03   3.0562e+02
20251211_15:00:00   2.1909e-01   5.5350e+01   2.8588e+00   1.2398e-03   1.3592e-02   3.0804e+02
20251211_16:00:00   2.1030e-01   5.3669e+01   2.7268e+00   2.9540e-05   1.2828e-02   3.1101e+02
20251211_17:00:00   2.0979e-01   5.3678e+01   2.7327e+00   2.9540e-05   3.3491e-03   3.1181e+02
20251211_18:00:00   2.0933e-01   5.3642e+01   2.7469e+00   1.4302e-04   3.2679e-03   3.1921e+02
20251211_19:00:00   2.1215e-01   5.4297e+01   2.8073e+00   0.0000e+00   1.9367e-03   3.1879e+02
20251211_20:00:00   2.2346e-01   5.6655e+01   2.9765e+00   0.0000e+00   2.9058e-03   3.1767e+02
20251211_21:00:00   2.2619e-01   5.7195e+01   3.0177e+00   0.0000e+00   2.4118e-03   3.1951e+02
20251211_22:00:00   2.2214e-01   5.6260e+01   2.9632e+00   3.2060e-05   2.7858e-03   3.2820e+02
20251211_23:00:00   2.2417e-01   5.6641e+01   3.0046e+00   5.8180e-05   3.1287e-03   3.3343e+02
20251212_00:00:00   2.2290e-01   5.6348e+01   3.0022e+00   6.2980e-05   2.0938e-03   3.3714e+02
20251212_01:00:00   2.2510e-01   5.6689e+01   3.0698e+00   6.7780e-05   1.9749e-03   3.3379e+02
20251212_02:00:00   2.2628e-01   5.6859e+01   3.1439e+00   1.3554e-04   1.0007e-03   3.3187e+02
20251212_03:00:00   2.2991e-01   5.7441e+01   3.2941e+00   3.8380e-04   2.5135e-03   3.2922e+02
20251212_04:00:00   2.5254e-01   6.1855e+01   3.7074e+00   2.3180e-03   2.7004e-03   3.2685e+02
20251212_05:00:00   2.7503e-01   6.6144e+01   4.2726e+00   9.0700e-04   6.6939e-03   3.2609e+02
20251212_06:00:00   3.1160e-01   7.2894e+01   5.0536e+00   3.1480e-05   4.1930e-02   3.2820e+02
20251212_07:00:00   3.8057e-01   8.5482e+01   6.2547e+00   9.6000e-06   1.3824e-01   3.2244e+02
20251212_08:00:00   4.7847e-01   1.0211e+02   7.9624e+00   0.0000e+00   5.3779e-02   3.1739e+02
20251212_09:00:00   5.7323e-01   1.1667e+02   9.3610e+00   0.0000e+00   1.6726e-01   3.1653e+02
20251212_10:00:00   6.3406e-01   1.2545e+02   1.0346e+01   0.0000e+00   9.1932e-02   3.2193e+02
20251212_11:00:00   6.6510e-01   1.2970e+02   1.0754e+01   0.0000e+00   1.7441e-01   3.2296e+02
20251212_12:00:00   6.5963e-01   1.2912e+02   1.0639e+01   0.0000e+00   7.6173e-02   3.2182e+02
20251212_13:00:00   6.7168e-01   1.3086e+02   1.0831e+01   0.0000e+00   1.1355e-01   3.2075e+02
20251212_14:00:00   7.0256e-01   1.3505e+02   1.1105e+01   0.0000e+00   5.1596e-01   3.1605e+02
20251212_15:00:00   7.0307e-01   1.3538e+02   1.1112e+01   0.0000e+00   3.1642e-01   3.1777e+02
20251212_16:00:00   7.2530e-01   1.3858e+02   1.1402e+01   8.4960e-04   3.0216e-01   3.1460e+02
20251212_17:00:00   7.5531e-01   1.4250e+02   1.1659e+01   2.4160e-03   5.3279e-01   3.1520e+02
20251212_18:00:00   7.8532e-01   1.4649e+02   1.2013e+01   5.4398e-03   4.3234e-01   3.1793e+02
20251212_19:00:00   8.0141e-01   1.4866e+02   1.2281e+01   5.2599e-03   3.6122e-01   3.2106e+02
20251212_20:00:00   8.1358e-01   1.5016e+02   1.2550e+01   2.4157e-03   4.2907e-01   3.1877e+02
20251212_21:00:00   8.0778e-01   1.4975e+02   1.2431e+01   3.4775e-03   2.2620e-01   3.1736e+02
20251212_22:00:00   1.0207e+00   1.7254e+02   1.2073e+01   1.0492e-01   1.5983e-01   3.1692e+02
20251212_23:00:00   1.4517e+00   2.0593e+02   1.1385e+01   3.1067e-01   1.6334e-01   3.1726e+02
20251213_00:00:00   1.3823e+00   2.0199e+02   1.0860e+01   2.8992e-01   1.4705e-01   3.2098e+02
20251213_01:00:00   1.1303e+00   1.8376e+02   1.0528e+01   1.8305e-01   1.2649e-01   3.2296e+02
20251213_02:00:00   1.2917e+00   1.9723e+02   9.8050e+00   2.6811e-01   7.3254e-02   3.2444e+02
20251213_03:00:00   1.7216e+00   2.2298e+02   9.6258e+00   4.5675e-01   4.2920e-02   3.2455e+02
20251213_04:00:00   1.7877e+00   2.2642e+02   9.3528e+00   4.9065e-01   2.1654e-02   3.2618e+02
20251213_05:00:00   1.5550e+00   2.1465e+02   8.5111e+00   4.1768e-01   1.5432e-02   3.2827e+02
20251213_06:00:00   1.4541e+00   2.0812e+02   8.2919e+00   3.8793e-01   1.0960e-02   3.2874e+02
20251213_07:00:00   1.1230e+00   1.8347e+02   7.8964e+00   2.6030e-01   5.1798e-03   3.3034e+02
20251213_08:00:00   1.2699e+00   1.9514e+02   7.4784e+00   3.3802e-01   2.9645e-03   3.3118e+02
20251213_09:00:00   1.2167e+00   1.9041e+02   7.4944e+00   3.2248e-01   2.9575e-03   3.2712e+02
20251213_10:00:00   9.6482e-01   1.6744e+02   7.3978e+00   2.2106e-01   4.8641e-03   3.2784e+02
20251213_11:00:00   7.5565e-01   1.4364e+02   7.6615e+00   1.2815e-01   7.7404e-03   3.2607e+02
20251213_12:00:00   5.7885e-01   1.1951e+02   8.2843e+00   3.8662e-02   3.7411e-03   3.2701e+02
20251213_13:00:00   5.2737e-01   1.1158e+02   8.7118e+00   6.6340e-03   2.4474e-03   3.2568e+02
20251213_14:00:00   5.5310e-01   1.1553e+02   9.3876e+00   2.5440e-03   1.9859e-03   3.2195e+02
20251213_15:00:00   6.2104e-01   1.2567e+02   1.0581e+01   6.3900e-04   1.3619e-03   3.1619e+02
20251213_16:00:00   6.5691e-01   1.3075e+02   1.1166e+01   0.0000e+00   3.3465e-03   3.0904e+02
20251213_17:00:00   6.7141e-01   1.3264e+02   1.1444e+01   0.0000e+00   9.7235e-03   3.0528e+02
20251213_18:00:00   6.8210e-01   1.3408e+02   1.1666e+01   0.0000e+00   5.3761e-02   3.0334e+02
20251213_19:00:00   7.0238e-01   1.3672e+02   1.2014e+01   0.0000e+00   7.8116e-02   3.0397e+02
20251213_20:00:00   7.0300e-01   1.3683e+02   1.2057e+01   0.0000e+00   8.2354e-02   3.0587e+02
20251213_21:00:00   7.3131e-01   1.4052e+02   1.2406e+01   0.0000e+00   2.7245e-01   3.0731e+02
20251213_22:00:00   6.5340e-01   1.3021e+02   1.1238e+01   0.0000e+00   1.1617e-01   3.0906e+02
20251213_23:00:00   6.3547e-01   1.2753e+02   1.0918e+01   0.0000e+00   9.7529e-02   3.0969e+02
20251214_00:00:00   6.5328e-01   1.2984e+02   1.1200e+01   0.0000e+00   4.3212e-02   3.1179e+02
20251214_01:00:00   7.0049e-01   1.3605e+02   1.1866e+01   0.0000e+00   2.1346e-02   3.1603e+02
20251214_02:00:00   7.5651e-01   1.4309e+02   1.2638e+01   0.0000e+00   3.7304e-02   3.1711e+02
20251214_03:00:00   8.0101e-01   1.4851e+02   1.3193e+01   4.0774e-04   7.6274e-02   3.1598e+02
20251214_04:00:00   9.0612e-01   1.6039e+02   1.3639e+01   2.9262e-02   1.3001e-01   3.1283e+02
20251214_05:00:00   1.0681e+00   1.7646e+02   1.3534e+01   9.9154e-02   1.4258e-01   3.1342e+02
20251214_06:00:00   9.0151e-01   1.6004e+02   1.1950e+01   6.2512e-02   1.2729e-01   3.1445e+02
20251214_09:00:00   4.4054e-01   9.7575e+01   6.4221e+00   0.0000e+00   1.8495e-02   3.2015e+02
20251214_12:00:00   2.9382e-01   7.0352e+01   4.1361e+00   0.0000e+00   2.4904e-02   3.2930e+02
20251214_15:00:00   2.1152e-01   5.3490e+01   2.8298e+00   0.0000e+00   1.3794e-02   3.3420e+02
20251214_18:00:00   1.8493e-01   4.7815e+01   2.4535e+00   0.0000e+00   1.3316e-02   3.3385e+02
20251214_21:00:00   1.8455e-01   4.7490e+01   2.3926e+00   0.0000e+00   1.9459e-02   3.3030e+02
20251215_00:00:00   1.5244e-01   4.0416e+01   1.8850e+00   0.0000e+00   1.5653e-02   3.2050e+02
20251215_03:00:00   1.4510e-01   3.8826e+01   1.8138e+00   0.0000e+00   7.8102e-03   3.1867e+02
20251215_06:00:00   1.3438e-01   3.6552e+01   1.7068e+00   0.0000e+00   1.0669e-03   3.0998e+02
20251215_09:00:00   1.5319e-01   4.0680e+01   2.1690e+00   0.0000e+00   5.8949e-04   2.9814e+02
20251215_12:00:00   1.9164e-01   4.8871e+01   3.0155e+00   0.0000e+00   8.6536e-05   2.8508e+02
20251215_15:00:00   2.4185e-01   5.9443e+01   4.0465e+00   0.0000e+00   7.6441e-05   2.8981e+02
20251215_18:00:00   3.2595e-01   7.6067e+01   5.5810e+00   0.0000e+00   1.8636e-04   2.8625e+02
20251215_21:00:00   3.6311e-01   8.3116e+01   6.1170e+00   0.0000e+00   2.0164e-02   2.8726e+02
20251216_00:00:00   3.1027e-01   7.3481e+01   5.0984e+00   0.0000e+00   1.2878e-03   2.8413e+02
20251216_03:00:00   3.4983e-01   8.0940e+01   5.6406e+00   0.0000e+00   2.2335e-03   2.8350e+02
20251216_06:00:00   3.2802e-01   7.7359e+01   5.0058e+00   0.0000e+00   6.7183e-04   2.9022e+02
20251216_09:00:00   2.5673e-01   6.3976e+01   3.8004e+00   0.0000e+00   0.0000e+00   2.9382e+02
20251216_12:00:00   2.5251e-01   6.3347e+01   3.7881e+00   0.0000e+00   4.5280e-05   2.8948e+02
20251216_15:00:00   2.9718e-01   7.2517e+01   4.6471e+00   0.0000e+00   4.9972e-03   2.9284e+02
20251216_18:00:00   4.3543e-01   9.7895e+01   7.0543e+00   0.0000e+00   3.3832e-02   2.9591e+02
20251216_21:00:00   6.4074e-01   1.2977e+02   9.7754e+00   1.7302e-02   2.9140e-02   2.8700e+02
20251217_00:00:00   9.0797e-01   1.6248e+02   1.1065e+01   9.6514e-02   2.6927e-03   2.8310e+02
20251217_03:00:00   1.0349e+00   1.7572e+02   1.1300e+01   1.4320e-01   1.4069e-03   2.8496e+02
20251217_06:00:00   1.4212e+00   2.0647e+02   1.1272e+01   3.0251e-01   6.3877e-03   2.8110e+02
20251217_09:00:00   1.1473e+00   1.8666e+02   1.0987e+01   1.9318e-01   4.0885e-03   2.7815e+02
20251217_12:00:00   7.8511e-01   1.5012e+02   1.2556e+01   1.8356e-03   1.0353e-02   2.7701e+02
20251217_15:00:00   7.9255e-01   1.5156e+02   1.2961e+01   0.0000e+00   9.0232e-03   2.7387e+02
20251217_18:00:00   9.4060e-01   1.6864e+02   1.5037e+01   1.5839e-02   2.0285e-02   2.7286e+02
20251217_21:00:00   6.7534e-01   1.3598e+02   1.1501e+01   5.4720e-03   2.1881e-02   2.7000e+02
20251218_00:00:00   9.0681e-01   1.6411e+02   1.5136e+01   1.7322e-03   1.2670e-01   2.7060e+02
20251218_03:00:00   2.8743e+00   2.6045e+02   2.2426e+01   5.8845e-01   6.3945e-02   2.7101e+02
20251218_06:00:00   3.6456e+00   2.6918e+02   2.3593e+01   8.6974e-01   5.4105e-01   2.6667e+02
20251218_09:00:00   3.8853e+00   2.7125e+02   2.4683e+01   9.4364e-01   4.9114e-01   2.6622e+02
20251218_12:00:00   4.9322e+00   2.7603e+02   2.4658e+01   1.3600e+00   2.1021e-01   2.7077e+02
20251218_15:00:00   4.1303e+00   2.7362e+02   2.4724e+01   1.0268e+00   1.0574e-01   2.6962e+02
20251218_18:00:00   4.0928e+00   2.7312e+02   2.5165e+01   1.0072e+00   7.0746e-01   2.7608e+02
20251218_21:00:00   3.2705e+00   2.6678e+02   2.4531e+01   6.9834e-01   4.1402e-01   2.8479e+02
20251219_00:00:00   2.1689e+00   2.4038e+02   1.7104e+01   4.6153e-01   4.8411e-01   2.9173e+02
20251219_03:00:00   9.3346e-01   1.6456e+02   5.5709e+00   2.3569e-01   1.7561e-02   3.1520e+02
20251219_06:00:00   3.9382e-01   8.9760e+01   4.8500e+00   1.9080e-02   2.2421e-02   3.5469e+02
20251219_09:00:00   3.0392e-01   7.3466e+01   3.5700e+00   2.1660e-02   5.5253e-03   3.1685e+02
20251219_12:00:00   3.0922e-01   7.3869e+01   5.0672e+00   1.6108e-05   1.9740e-02   3.1135e+02
20251219_15:00:00   4.2723e-01   9.5137e+01   7.3468e+00   0.0000e+00   6.3732e-04   3.0827e+02
20251219_18:00:00   4.8406e-01   1.0538e+02   8.1821e+00   0.0000e+00   3.0525e-04   3.0693e+02
20251219_21:00:00   5.4834e-01   1.1650e+02   9.1850e+00   0.0000e+00   3.5599e-03   3.1020e+02
20251220_00:00:00   6.4318e-01   1.3078e+02   1.0830e+01   4.1080e-05   3.7834e-04   3.1084e+02
20251220_03:00:00   7.0745e-01   1.3954e+02   1.2219e+01   0.0000e+00   1.1955e-02   3.0244e+02
20251220_06:00:00   7.5823e-01   1.4643e+02   1.2882e+01   0.0000e+00   1.1122e-03   3.0011e+02
20251220_09:00:00   7.5865e-01   1.4695e+02   1.2575e+01   0.0000e+00   4.1365e-04   2.9128e+02
20251220_12:00:00   7.9953e-01   1.5225e+02   1.3236e+01   0.0000e+00   0.0000e+00   2.8640e+02
20251220_15:00:00   8.0468e-01   1.5393e+02   1.3327e+01   0.0000e+00   0.0000e+00   2.8811e+02
20251220_18:00:00   8.5713e-01   1.6075e+02   1.4277e+01   0.0000e+00   1.3710e-03   2.8872e+02
20251220_21:00:00   8.6528e-01   1.6165e+02   1.4571e+01   0.0000e+00   2.2360e-04   2.8378e+02
20251221_00:00:00   8.0097e-01   1.5368e+02   1.3630e+01   0.0000e+00   0.0000e+00   2.8155e+02
20251221_03:00:00   7.6159e-01   1.4906e+02   1.3115e+01   0.0000e+00   1.9733e-03   2.7930e+02
20251221_06:00:00   7.6260e-01   1.4850e+02   1.3369e+01   0.0000e+00   2.3627e-04   2.7402e+02
20251221_09:00:00   6.8201e-01   1.3767e+02   1.2324e+01   0.0000e+00   4.5708e-03   2.7831e+02
20251221_12:00:00   7.0456e-01   1.4113e+02   1.2195e+01   0.0000e+00   9.7909e-03   2.8165e+02
20251221_15:00:00   8.3588e-01   1.5749e+02   1.3622e+01   0.0000e+00   3.7264e-02   2.8703e+02
20251221_18:00:00   1.4986e+00   2.1377e+02   1.1210e+01   3.1800e-01   3.0818e-03   2.9213e+02
20251221_21:00:00   5.3072e-01   1.1347e+02   8.8076e+00   0.0000e+00   4.4480e-05   3.0061e+02
20251222_00:00:00   3.3462e-01   7.8697e+01   5.6168e+00   0.0000e+00   0.0000e+00   3.0882e+02
20251222_03:00:00   2.2902e-01   5.7786e+01   3.4048e+00   0.0000e+00   1.0658e-04   3.1114e+02
20251222_06:00:00   2.2703e-01   5.7214e+01   3.3140e+00   4.8000e-06   1.4046e-03   3.2042e+02
20251222_09:00:00   2.3674e-01   5.9132e+01   3.6873e+00   1.2114e-04   2.4275e-03   3.2949e+02
20251222_12:00:00   2.7581e-01   6.6732e+01   4.5264e+00   5.9940e-04   2.9820e-03   3.2242e+02
20251222_15:00:00   3.4555e-01   8.0056e+01   6.1155e+00   0.0000e+00   1.1958e-05   3.1318e+02
20251222_18:00:00   4.3721e-01   9.6062e+01   7.8448e+00   0.0000e+00   5.7641e-03   3.0788e+02
20251222_21:00:00   5.1825e-01   1.0935e+02   9.0651e+00   0.0000e+00   3.3290e-03   2.9953e+02
20251223_00:00:00   5.8617e-01   1.1991e+02   9.9383e+00   0.0000e+00   4.3416e-03   3.0721e+02
20251223_03:00:00   6.6956e-01   1.3196e+02   1.1087e+01   0.0000e+00   6.0056e-02   2.9588e+02
20251223_06:00:00   6.5090e-01   1.2967e+02   1.0879e+01   0.0000e+00   2.3580e-02   2.9893e+02
20251223_09:00:00   6.8459e-01   1.3412e+02   1.1435e+01   3.4780e-06   1.5564e-01   2.9640e+02
20251223_12:00:00   7.1877e-01   1.3930e+02   1.1733e+01   2.7860e-04   2.0296e-02   2.9297e+02
20251223_15:00:00   9.7161e-01   1.6893e+02   1.1699e+01   1.0168e-01   1.0136e-02   2.9822e+02
20251223_18:00:00   1.3389e+00   2.0043e+02   1.0818e+01   2.7295e-01   1.6732e-02   3.0366e+02
20251223_21:00:00   1.2301e+00   1.9303e+02   1.0503e+01   2.2810e-01   1.7130e-03   3.0343e+02
20251224_00:00:00   9.6100e-01   1.6934e+02   1.0270e+01   1.2010e-01   1.0030e-03   3.1120e+02
20251224_03:00:00   8.5953e-01   1.5852e+02   1.0787e+01   7.0760e-02   8.8648e-04   3.1413e+02
20251224_06:00:00   7.7591e-01   1.4873e+02   1.1751e+01   2.0777e-02   1.1937e-03   3.1488e+02
20251224_09:00:00   7.8310e-01   1.4957e+02   1.2457e+01   9.7260e-03   5.0840e-04   3.1299e+02
20251224_12:00:00   9.1829e-01   1.6503e+02   1.3924e+01   2.7860e-02   3.1234e-04   3.2029e+02
20251224_15:00:00   9.6460e-01   1.7064e+02   1.5541e+01   1.1544e-04   1.5622e-03   3.1832e+02
20251224_18:00:00   1.1258e+00   1.8610e+02   1.7383e+01   1.5370e-02   5.5392e-02   3.1373e+02
20251224_21:00:00   1.2920e+00   1.9951e+02   1.9080e+01   3.0800e-02   3.3186e-01   3.1886e+02
20251225_00:00:00   2.8678e+00   2.5853e+02   1.9028e+01   6.7289e-01   5.9951e-01   3.2185e+02
20251225_03:00:00   2.8100e+00   2.5816e+02   1.8622e+01   6.5437e-01   3.3447e-01   3.2589e+02
20251225_06:00:00   3.4890e+00   2.6646e+02   1.7428e+01   9.6968e-01   3.3230e-02   3.3461e+02
