#            date       tau255        Tb[K]      pwv[mm] lwp[kg*m^-2] iwp[kg*m^-2]       o3[DU]
20251202_18:00:00   1.0176e+00   1.7490e+02   1.0175e+01   1.4179e-01   1.1370e-03   3.5986e+02
20251202_19:00:00   8.4820e-01   1.5668e+02   7.8933e+00   1.2934e-01   3.7990e-03   3.6401e+02
20251202_20:00:00   6.0852e-01   1.2536e+02   6.8431e+00   5.8543e-02   1.0292e-02   3.6334e+02
20251202_21:00:00   4.2366e-01   9.5842e+01   6.0991e+00   1.2297e-03   1.9264e-02   3.6230e+02
20251202_22:00:00   3.8179e-01   8.8181e+01   5.4612e+00   2.9744e-04   2.0692e-02   3.6025e+02
20251202_23:00:00   3.8719e-01   8.8937e+01   4.8047e+00   2.1386e-02   1.8518e-02   3.6002e+02
20251203_00:00:00   3.9290e-01   8.9821e+01   4.5246e+00   3.2677e-02   1.8980e-02   3.5860e+02
20251203_01:00:00   3.2432e-01   7.7328e+01   4.2543e+00   1.0253e-02   1.3701e-02   3.5364e+02
20251203_02:00:00   2.8869e-01   7.0537e+01   4.0107e+00   1.4770e-03   9.2827e-03   3.5088e+02
20251203_03:00:00   2.7631e-01   6.8090e+01   3.8586e+00   9.2603e-04   7.2314e-03   3.4413e+02
20251203_04:00:00   2.7019e-01   6.6786e+01   3.8764e+00   2.3660e-04   3.5277e-03   3.4477e+02
20251203_05:00:00   2.7147e-01   6.6888e+01   3.9604e+00   8.5340e-04   2.3029e-03   3.4235e+02
20251203_06:00:00   2.7603e-01   6.7620e+01   4.0927e+00   8.1240e-04   2.0201e-03   3.4207e+02
20251203_07:00:00   2.7889e-01   6.8074e+01   4.1858e+00   1.4164e-03   1.8321e-03   3.3278e+02
20251203_08:00:00   2.8692e-01   6.9538e+01   4.4407e+00   9.4280e-04   9.7157e-04   3.2935e+02
20251203_09:00:00   3.0613e-01   7.3149e+01   4.9158e+00   1.1096e-03   7.4642e-04   3.2589e+02
20251203_10:00:00   2.9967e-01   7.2015e+01   4.9116e+00   3.7020e-04   2.4387e-04   3.2364e+02
20251203_11:00:00   2.8948e-01   7.0045e+01   4.9058e+00   0.0000e+00   7.2865e-06   3.2189e+02
20251203_12:00:00   2.9447e-01   7.0932e+01   5.0900e+00   0.0000e+00   1.5948e-05   3.2158e+02
20251203_13:00:00   3.1428e-01   7.4857e+01   5.5019e+00   0.0000e+00   1.5890e-05   3.2574e+02
20251203_14:00:00   3.3125e-01   7.8348e+01   5.8281e+00   0.0000e+00   3.2900e-06   3.3117e+02
20251203_15:00:00   3.4090e-01   8.0511e+01   6.0448e+00   0.0000e+00   8.3020e-07   3.3513e+02
20251203_16:00:00   3.0150e-01   7.3591e+01   5.0604e+00   0.0000e+00   8.2860e-07   3.3524e+02
20251203_17:00:00   3.1139e-01   7.5767e+01   5.0380e+00   0.0000e+00   0.0000e+00   3.3566e+02
20251203_18:00:00   3.2054e-01   7.7626e+01   5.1105e+00   0.0000e+00   0.0000e+00   3.3051e+02
20251203_19:00:00   3.3813e-01   8.0956e+01   5.3815e+00   0.0000e+00   0.0000e+00   3.2877e+02
20251203_20:00:00   3.4259e-01   8.1937e+01   5.3598e+00   0.0000e+00   0.0000e+00   3.3063e+02
20251203_21:00:00   3.5722e-01   8.4684e+01   5.5101e+00   0.0000e+00   1.0738e-06   3.3196e+02
20251203_22:00:00   3.5404e-01   8.3680e+01   5.4822e+00   0.0000e+00   0.0000e+00   3.3664e+02
20251203_23:00:00   3.5208e-01   8.3044e+01   5.6658e+00   0.0000e+00   5.6910e-06   3.3942e+02
20251204_00:00:00   3.8922e-01   8.9556e+01   6.5350e+00   0.0000e+00   5.1370e-06   3.3856e+02
20251204_01:00:00   4.2928e-01   9.6465e+01   7.3779e+00   0.0000e+00   5.1490e-06   3.3836e+02
20251204_02:00:00   4.3352e-01   9.7064e+01   7.4497e+00   0.0000e+00   0.0000e+00   3.3705e+02
20251204_03:00:00   4.3254e-01   9.6774e+01   7.4958e+00   0.0000e+00   1.1842e-04   3.3389e+02
20251204_04:00:00   4.3176e-01   9.6532e+01   7.5142e+00   0.0000e+00   1.2934e-03   3.3386e+02
20251204_05:00:00   4.4680e-01   9.9059e+01   7.7641e+00   0.0000e+00   0.0000e+00   3.3520e+02
20251204_06:00:00   4.6152e-01   1.0139e+02   8.0268e+00   0.0000e+00   2.6673e-03   3.3490e+02
20251204_07:00:00   4.7242e-01   1.0327e+02   8.2059e+00   0.0000e+00   1.7968e-03   3.3368e+02
20251204_08:00:00   5.0218e-01   1.0805e+02   8.6708e+00   0.0000e+00   6.4609e-03   3.3832e+02
20251204_09:00:00   5.0505e-01   1.0855e+02   8.7035e+00   0.0000e+00   2.0349e-03   3.4500e+02
20251204_10:00:00   5.2337e-01   1.1133e+02   8.9156e+00   0.0000e+00   3.6541e-03   3.4224e+02
20251204_11:00:00   5.1669e-01   1.1019e+02   8.7468e+00   0.0000e+00   1.6731e-02   3.4335e+02
20251204_12:00:00   5.1228e-01   1.0931e+02   8.7056e+00   0.0000e+00   3.8710e-02   3.4731e+02
20251204_13:00:00   5.1931e-01   1.1030e+02   8.8249e+00   0.0000e+00   5.7928e-02   3.4760e+02
20251204_14:00:00   5.3613e-01   1.1288e+02   9.1450e+00   0.0000e+00   3.1215e-02   3.4714e+02
20251204_15:00:00   5.8780e-01   1.2037e+02   1.0029e+01   5.3700e-06   2.4525e-02   3.4349e+02
20251204_16:00:00   6.2590e-01   1.2574e+02   1.0558e+01   6.6060e-04   1.8036e-02   3.4063e+02
20251204_17:00:00   6.5088e-01   1.2936e+02   1.0561e+01   6.6460e-03   1.7345e-02   3.3797e+02
20251204_18:00:00   6.8802e-01   1.3434e+02   1.1121e+01   5.4120e-03   2.4029e-02   3.3729e+02
20251204_19:00:00   6.7627e-01   1.3285e+02   1.0725e+01   7.6360e-03   3.6113e-02   3.3542e+02
20251204_20:00:00   6.1246e-01   1.2418e+02   9.4791e+00   1.2160e-02   2.7016e-02   3.3409e+02
20251204_21:00:00   4.9461e-01   1.0651e+02   7.2830e+00   1.9364e-02   2.6663e-02   3.3153e+02
20251204_22:00:00   3.9349e-01   8.9442e+01   5.8384e+00   1.1538e-02   1.7303e-02   3.3084e+02
20251204_23:00:00   3.2832e-01   7.7481e+01   5.1145e+00   1.1112e-03   4.5729e-02   3.2989e+02
20251205_00:00:00   2.9299e-01   7.0724e+01   4.5971e+00   0.0000e+00   2.6595e-02   3.3133e+02
20251205_01:00:00   2.7576e-01   6.7121e+01   4.4566e+00   0.0000e+00   1.0386e-02   3.3196e+02
20251205_02:00:00   2.7690e-01   6.7100e+01   4.5497e+00   0.0000e+00   5.3522e-03   3.3344e+02
20251205_03:00:00   2.9472e-01   7.0259e+01   4.9455e+00   0.0000e+00   7.5972e-02   3.3674e+02
20251205_04:00:00   3.0126e-01   7.1777e+01   4.9799e+00   0.0000e+00   2.2126e-02   3.3507e+02
20251205_05:00:00   3.1515e-01   7.4459e+01   5.1862e+00   0.0000e+00   3.1619e-03   3.3449e+02
20251205_06:00:00   3.5559e-01   8.2087e+01   5.8829e+00   0.0000e+00   1.1702e-02   3.3194e+02
20251205_07:00:00   4.3600e-01   9.6495e+01   7.1603e+00   0.0000e+00   8.8212e-03   3.3201e+02
20251205_08:00:00   5.4986e-01   1.1500e+02   8.8355e+00   0.0000e+00   2.9998e-02   3.3375e+02
20251205_09:00:00   5.8608e-01   1.2058e+02   9.2961e+00   2.6300e-05   2.5164e-02   3.2763e+02
20251205_10:00:00   6.1030e-01   1.2411e+02   9.4229e+00   6.2900e-03   1.5132e-02   3.2816e+02
20251205_11:00:00   6.5423e-01   1.3032e+02   9.6543e+00   1.7017e-02   2.6237e-02   3.3110e+02
20251205_12:00:00   6.7123e-01   1.3269e+02   9.8696e+00   1.6567e-02   1.2756e-02   3.3457e+02
20251205_13:00:00   6.6741e-01   1.3213e+02   1.0123e+01   9.9010e-03   1.4338e-02   3.3026e+02
20251205_14:00:00   6.6085e-01   1.3131e+02   1.0279e+01   3.7917e-03   1.0330e-02   3.2462e+02
20251205_15:00:00   6.6504e-01   1.3213e+02   1.0341e+01   4.1129e-03   7.3549e-03   3.1900e+02
20251205_16:00:00   7.1849e-01   1.3925e+02   1.0701e+01   1.8479e-02   1.8580e-02   3.1607e+02
20251205_17:00:00   7.7350e-01   1.4638e+02   1.0717e+01   4.1574e-02   1.2842e-02   3.1478e+02
20251205_18:00:00   8.0152e-01   1.5006e+02   1.0480e+01   5.8357e-02   2.0461e-02   3.1659e+02
20251205_19:00:00   7.9769e-01   1.4971e+02   1.0496e+01   5.6294e-02   8.2372e-03   3.1507e+02
20251205_20:00:00   6.8237e-01   1.3533e+02   9.9246e+00   1.9950e-02   1.3714e-02   3.1386e+02
20251205_21:00:00   6.4890e-01   1.3056e+02   1.0233e+01   2.2494e-03   2.0021e-02   3.1293e+02
20251205_22:00:00   6.2693e-01   1.2763e+02   9.8090e+00   1.9283e-03   5.5997e-03   3.1447e+02
20251205_23:00:00   6.2722e-01   1.2763e+02   9.6416e+00   7.8526e-03   2.2050e-02   3.1423e+02
20251206_00:00:00   6.0606e-01   1.2466e+02   9.4683e+00   5.3581e-03   6.7738e-03   3.1456e+02
20251206_01:00:00   5.7974e-01   1.2086e+02   9.2193e+00   1.2523e-04   7.2371e-03   3.1491e+02
20251206_02:00:00   5.7971e-01   1.2074e+02   9.2684e+00   4.7889e-04   5.6954e-02   3.1570e+02
20251206_03:00:00   5.7325e-01   1.1973e+02   9.1900e+00   5.1415e-04   6.6454e-02   3.1548e+02
20251206_04:00:00   5.6929e-01   1.1915e+02   9.0320e+00   2.6640e-04   1.3646e-01   3.1530e+02
20251206_05:00:00   5.8557e-01   1.2148e+02   9.2362e+00   2.9000e-03   9.9080e-02   3.1535e+02
20251206_06:00:00   6.0220e-01   1.2392e+02   9.2636e+00   8.6720e-03   9.6955e-02   3.1646e+02
20251206_07:00:00   6.2185e-01   1.2705e+02   8.9121e+00   2.1980e-02   1.1238e-02   3.1407e+02
20251206_08:00:00   6.5350e-01   1.3184e+02   8.3067e+00   4.7400e-02   4.7056e-03   3.1167e+02
20251206_09:00:00   6.7978e-01   1.3558e+02   8.1925e+00   6.0460e-02   7.7924e-03   3.0817e+02
20251206_10:00:00   6.2382e-01   1.2803e+02   8.0046e+00   4.0900e-02   6.2498e-03   3.0667e+02
20251206_11:00:00   5.8764e-01   1.2270e+02   8.1326e+00   2.1545e-02   8.3781e-03   3.0454e+02
20251206_12:00:00   6.0097e-01   1.2455e+02   8.2002e+00   2.4738e-02   8.3953e-03   3.0323e+02
20251206_13:00:00   6.4746e-01   1.3120e+02   8.2303e+00   4.4279e-02   1.4773e-02   3.0203e+02
20251206_14:00:00   7.2058e-01   1.4117e+02   8.2133e+00   7.6793e-02   7.0568e-03   2.9927e+02
20251206_15:00:00   6.6590e-01   1.3384e+02   8.3530e+00   5.2243e-02   8.7949e-03   2.9915e+02
20251206_16:00:00   6.5832e-01   1.3281e+02   8.5078e+00   4.5965e-02   8.1707e-03   2.9834e+02
20251206_17:00:00   6.1116e-01   1.2613e+02   8.5909e+00   2.5500e-02   5.5628e-03   2.9728e+02
20251206_18:00:00   5.8991e-01   1.2294e+02   8.7601e+00   1.4268e-02   1.3351e-02   2.9669e+02
20251206_19:00:00   6.0269e-01   1.2475e+02   8.9125e+00   1.6168e-02   5.0812e-03   2.9593e+02
20251206_20:00:00   5.8891e-01   1.2271e+02   8.8946e+00   1.1676e-02   1.0514e-02   2.9562e+02
20251206_21:00:00   6.0296e-01   1.2473e+02   8.9216e+00   1.7302e-02   1.4663e-02   2.9631e+02
20251206_22:00:00   6.0480e-01   1.2472e+02   9.0178e+00   1.7930e-02   2.6241e-02   2.9515e+02
20251206_23:00:00   5.9858e-01   1.2358e+02   9.1296e+00   1.3904e-02   1.5465e-02   2.9440e+02
20251207_00:00:00   6.0644e-01   1.2457e+02   9.3694e+00   1.2160e-02   2.0349e-02   2.9566e+02
20251207_01:00:00   6.0086e-01   1.2355e+02   9.5375e+00   6.1560e-03   8.9568e-02   2.9747e+02
20251207_02:00:00   5.9907e-01   1.2316e+02   9.5311e+00   6.0580e-03   1.2927e-01   2.9901e+02
20251207_03:00:00   5.9407e-01   1.2229e+02   9.6872e+00   1.7772e-03   6.4185e-02   2.9858e+02
20251207_04:00:00   6.0708e-01   1.2399e+02   9.7783e+00   5.4000e-03   4.1809e-02   2.9623e+02
20251207_05:00:00   6.6789e-01   1.3234e+02   1.0137e+01   2.0120e-02   1.3541e-01   2.9583e+02
20251207_06:00:00   7.9983e-01   1.4939e+02   1.0268e+01   7.0300e-02   1.0380e-01   2.9592e+02
20251207_07:00:00   7.3274e-01   1.4126e+02   9.8847e+00   4.9860e-02   7.3361e-03   2.9954e+02
20251207_08:00:00   8.3769e-01   1.5414e+02   9.7953e+00   9.4960e-02   4.5341e-03   3.0343e+02
20251207_09:00:00   8.3849e-01   1.5423e+02   9.6772e+00   9.7480e-02   1.6313e-02   3.0290e+02
20251207_10:00:00   7.2086e-01   1.3992e+02   9.3383e+00   5.5260e-02   2.1680e-02   3.0198e+02
20251207_11:00:00   6.7988e-01   1.3438e+02   9.4894e+00   3.4060e-02   3.4671e-02   3.0067e+02
20251207_12:00:00   5.8125e-01   1.2054e+02   9.1075e+00   1.5764e-03   4.6988e-04   3.0143e+02
20251207_13:00:00   5.8538e-01   1.2093e+02   9.1856e+00   1.5180e-03   2.1287e-03   3.0171e+02
20251207_14:00:00   6.3980e-01   1.2864e+02   9.9815e+00   2.2480e-03   2.4108e-03   3.0073e+02
20251207_15:00:00   6.9257e-01   1.3575e+02   1.0460e+01   9.7100e-03   3.2999e-02   3.0050e+02
20251207_16:00:00   7.3522e-01   1.4130e+02   1.0924e+01   1.4102e-02   6.4440e-02   3.0370e+02
20251207_17:00:00   7.9412e-01   1.4851e+02   1.1553e+01   1.9492e-02   1.7666e-01   3.0677e+02
20251207_18:00:00   8.1333e-01   1.5105e+02   1.1587e+01   2.4801e-02   3.4181e-02   3.1109e+02
20251207_21:00:00   8.2259e-01   1.5219e+02   1.1831e+01   1.6409e-02   8.1024e-02   3.1762e+02
20251208_00:00:00   1.3150e+00   1.9842e+02   1.1233e+01   2.4020e-01   7.2554e-03   3.1941e+02
20251208_03:00:00   1.2647e+00   1.9397e+02   1.1142e+01   2.2224e-01   1.0415e-01   3.1592e+02
20251208_06:00:00   8.9847e-01   1.6044e+02   1.0835e+01   7.3380e-02   8.0131e-02   3.1616e+02
20251208_09:00:00   7.9995e-01   1.4891e+02   1.0449e+01   4.2522e-02   7.5281e-02   3.2144e+02
20251208_12:00:00   8.0233e-01   1.4894e+02   9.7011e+00   6.5941e-02   2.5594e-02   3.2515e+02
20251208_15:00:00   9.1529e-01   1.6157e+02   9.0107e+00   1.3541e-01   2.2310e-02   3.3093e+02
20251208_18:00:00   7.1128e-01   1.3774e+02   8.8093e+00   5.0922e-02   2.3078e-02   3.3156e+02
20251208_21:00:00   6.3302e-01   1.2732e+02   8.5325e+00   1.8504e-02   8.3216e-02   3.3336e+02
20251209_00:00:00   5.3990e-01   1.1341e+02   7.7221e+00   1.2356e-03   5.6260e-02   3.2209e+02
20251209_03:00:00   5.0084e-01   1.0732e+02   6.7993e+00   1.1220e-02   1.7400e-02   3.3192e+02
20251209_06:00:00   4.2353e-01   9.4768e+01   5.7350e+00   9.1207e-03   3.7962e-03   3.2746e+02
20251209_09:00:00   3.3698e-01   7.9069e+01   4.8521e+00   1.5135e-04   1.2484e-04   3.2423e+02
20251209_12:00:00   4.0589e-01   9.0951e+01   6.2365e+00   8.4150e-04   1.9184e-05   3.2822e+02
20251209_15:00:00   4.7563e-01   1.0345e+02   7.3286e+00   0.0000e+00   3.5238e-05   3.3223e+02
20251209_18:00:00   6.0032e-01   1.2341e+02   8.9757e+00   2.7063e-03   1.0641e-03   3.3646e+02
20251209_21:00:00   6.1219e-01   1.2563e+02   9.1397e+00   2.5380e-03   1.5903e-03   3.3509e+02
20251210_00:00:00   7.6418e-01   1.4601e+02   9.6510e+00   5.6673e-02   2.6658e-03   3.2463e+02
20251210_03:00:00   6.5365e-01   1.3158e+02   9.5516e+00   1.5565e-02   1.9698e-03   3.3003e+02
20251210_06:00:00   6.9356e-01   1.3740e+02   8.9447e+00   4.4277e-02   3.9509e-03   3.2674e+02
20251210_09:00:00   6.5414e-01   1.3201e+02   9.1485e+00   2.3936e-02   8.1710e-03   3.2366e+02
20251210_12:00:00   5.7480e-01   1.2050e+02   8.9984e+00   0.0000e+00   1.4049e-02   3.1818e+02
20251210_15:00:00   6.1771e-01   1.2734e+02   9.8822e+00   0.0000e+00   9.0146e-02   3.1794e+02
20251210_18:00:00   6.8054e-01   1.3579e+02   1.1227e+01   0.0000e+00   3.4952e-02   3.1738e+02
20251210_21:00:00   6.8933e-01   1.3668e+02   1.1595e+01   0.0000e+00   1.6755e-01   3.1780e+02
20251211_00:00:00   8.3771e-01   1.5518e+02   1.3746e+01   0.0000e+00   2.7867e-01   3.1962e+02
20251211_03:00:00   1.3053e+00   1.9889e+02   1.4813e+01   1.4055e-01   3.1663e-01   3.1748e+02
20251211_06:00:00   2.2663e+00   2.4497e+02   1.2622e+01   5.9118e-01   1.1069e-01   3.1925e+02
20251211_09:00:00   7.3664e-01   1.4364e+02   9.7300e+00   3.7961e-02   4.1196e-03   3.1324e+02
20251211_12:00:00   6.2551e-01   1.2862e+02   8.3219e+00   3.3200e-02   3.2123e-04   3.0645e+02
20251211_15:00:00   4.8226e-01   1.0617e+02   8.1438e+00   0.0000e+00   3.2040e-03   2.9969e+02
20251211_18:00:00   6.8539e-01   1.3689e+02   1.1534e+01   0.0000e+00   3.8782e-02   2.8947e+02
20251211_21:00:00   9.4785e-01   1.6779e+02   1.5830e+01   0.0000e+00   1.9433e-01   2.8263e+02
20251212_00:00:00   2.9894e+00   2.6107e+02   2.0764e+01   6.9144e-01   1.4412e-01   2.7585e+02
20251212_03:00:00   3.9796e+00   2.7117e+02   2.2481e+01   1.0443e+00   3.0477e-01   2.7063e+02
20251212_06:00:00   3.5212e+00   2.6897e+02   2.2794e+01   8.3696e-01   6.2396e-01   2.7505e+02
20251212_09:00:00   1.3750e+00   2.0587e+02   2.1403e+01   9.3968e-03   5.8427e-01   2.7843e+02
20251212_12:00:00   2.1163e+00   2.4238e+02   1.5312e+01   4.6987e-01   3.9157e-03   2.8250e+02
20251212_15:00:00   1.2043e+00   1.9188e+02   1.0994e+01   2.0757e-01   3.2593e-03   2.8792e+02
20251212_18:00:00   1.2882e+00   1.9824e+02   8.2490e+00   3.0502e-01   4.0968e-03   2.9135e+02
20251212_21:00:00   1.1038e+00   1.8239e+02   8.4833e+00   2.2778e-01   7.5247e-03   2.9504e+02
20251213_00:00:00   1.0217e+00   1.7420e+02   7.6403e+00   2.1782e-01   3.0509e-03   3.0342e+02
20251213_03:00:00   6.3917e-01   1.2914e+02   6.2584e+00   9.4513e-02   3.7053e-02   3.1914e+02
20251213_06:00:00   5.1523e-01   1.1035e+02   5.9821e+00   5.0598e-02   3.5122e-03   3.2929e+02
20251213_09:00:00   7.1921e-01   1.3854e+02   7.1264e+00   1.1108e-01   2.3652e-02   3.3321e+02
20251213_12:00:00   5.9255e-01   1.2070e+02   8.7068e+00   2.4160e-05   2.7699e-01   3.4593e+02
20251213_15:00:00   5.2396e-01   1.1064e+02   7.3965e+00   1.5888e-03   1.8883e-01   3.6799e+02
20251213_18:00:00   5.1288e-01   1.0887e+02   6.6869e+00   1.6272e-02   2.0720e-01   3.9509e+02
20251213_21:00:00   3.9014e-01   8.7970e+01   5.4499e+00   0.0000e+00   5.9782e-02   4.0012e+02
20251214_00:00:00   3.3788e-01   7.8455e+01   4.6293e+00   0.0000e+00   3.9089e-02   3.9671e+02
20251214_03:00:00   3.2169e-01   7.4778e+01   4.4203e+00   0.0000e+00   4.0783e-02   3.9194e+02
20251214_06:00:00   3.0814e-01   7.2179e+01   4.2118e+00   0.0000e+00   2.8829e-02   3.8430e+02
20251214_09:00:00   2.9096e-01   6.9046e+01   3.9637e+00   0.0000e+00   1.3672e-02   3.8225e+02
20251214_12:00:00   2.4374e-01   6.0172e+01   3.2099e+00   0.0000e+00   9.4932e-03   3.9826e+02
20251214_15:00:00   2.4522e-01   6.0686e+01   3.1748e+00   6.3660e-04   1.3152e-02   3.7370e+02
20251214_18:00:00   2.4882e-01   6.1695e+01   3.4672e+00   0.0000e+00   3.4982e-03   3.4721e+02
20251214_21:00:00   2.6981e-01   6.5851e+01   3.8315e+00   6.0400e-04   6.9360e-03   3.3105e+02
20251215_00:00:00   2.8816e-01   6.9402e+01   4.3783e+00   2.6620e-04   5.4057e-03   3.1805e+02
20251215_03:00:00   3.5371e-01   8.1662e+01   5.8288e+00   5.3700e-06   1.9884e-03   2.9501e+02
20251215_06:00:00   3.5010e-01   8.1355e+01   5.8548e+00   0.0000e+00   3.7728e-04   2.8125e+02
20251215_09:00:00   3.4386e-01   8.0545e+01   5.6942e+00   5.8320e-04   6.8218e-04   2.7045e+02
20251215_12:00:00   3.6907e-01   8.5583e+01   6.2360e+00   0.0000e+00   3.7754e-05   2.6709e+02
20251215_15:00:00   3.7847e-01   8.7930e+01   6.4622e+00   0.0000e+00   0.0000e+00   2.6402e+02
20251215_18:00:00   4.3032e-01   9.7517e+01   7.3827e+00   0.0000e+00   0.0000e+00   2.6620e+02
20251215_21:00:00   4.7062e-01   1.0471e+02   7.8132e+00   0.0000e+00   0.0000e+00   2.6609e+02
20251216_00:00:00   4.7726e-01   1.0527e+02   8.0321e+00   0.0000e+00   0.0000e+00   2.6566e+02
20251216_03:00:00   4.7631e-01   1.0499e+02   8.0470e+00   0.0000e+00   0.0000e+00   2.6527e+02
20251216_06:00:00   4.6650e-01   1.0334e+02   7.8802e+00   0.0000e+00   0.0000e+00   2.6804e+02
20251216_09:00:00   4.9414e-01   1.0781e+02   8.2499e+00   0.0000e+00   0.0000e+00   2.7360e+02
20251216_12:00:00   5.1050e-01   1.1017e+02   8.4142e+00   0.0000e+00   3.6874e-04   2.7458e+02
20251216_15:00:00   5.2127e-01   1.1200e+02   8.4450e+00   0.0000e+00   1.7491e-04   2.8033e+02
20251216_18:00:00   5.4354e-01   1.1569e+02   7.9929e+00   2.0258e-02   5.0634e-04   2.8779e+02
20251216_21:00:00   4.9173e-01   1.0727e+02   8.0462e+00   0.0000e+00   4.8737e-05   2.9006e+02
20251217_00:00:00   4.6586e-01   1.0230e+02   7.4569e+00   6.0560e-03   1.1032e-03   2.9253e+02
20251217_03:00:00   4.2804e-01   9.5724e+01   7.1065e+00   0.0000e+00   2.8019e-04   3.0009e+02
20251217_06:00:00   4.2413e-01   9.5159e+01   7.0711e+00   0.0000e+00   1.0732e-04   3.1894e+02
20251217_09:00:00   4.2302e-01   9.4770e+01   7.0830e+00   0.0000e+00   1.1340e-05   3.3226e+02
20251217_12:00:00   4.3209e-01   9.5974e+01   7.3093e+00   0.0000e+00   2.3020e-05   3.3413e+02
20251217_15:00:00   3.9745e-01   8.9914e+01   6.3768e+00   8.5200e-04   3.8664e-04   3.3377e+02
20251217_18:00:00   2.8901e-01   6.9455e+01   4.5091e+00   0.0000e+00   2.5342e-02   3.3064e+02
20251217_21:00:00   2.3977e-01   5.9344e+01   3.5882e+00   0.0000e+00   5.4919e-03   3.2668e+02
20251218_00:00:00   2.2280e-01   5.5612e+01   3.1532e+00   0.0000e+00   1.7945e-02   3.3679e+02
20251218_03:00:00   1.9386e-01   4.9529e+01   2.6093e+00   0.0000e+00   1.5506e-02   3.3730e+02
20251218_06:00:00   2.0274e-01   5.1347e+01   2.9082e+00   0.0000e+00   1.4951e-02   3.3859e+02
20251218_09:00:00   2.2756e-01   5.6273e+01   3.5174e+00   0.0000e+00   5.3891e-03   3.2053e+02
20251218_12:00:00   2.6758e-01   6.4011e+01   4.3757e+00   0.0000e+00   1.1581e-02   3.2081e+02
20251218_15:00:00   3.1336e-01   7.2518e+01   5.3288e+00   0.0000e+00   8.9745e-03   3.0453e+02
20251218_18:00:00   3.7019e-01   8.2765e+01   6.1779e+00   0.0000e+00   3.8263e-01   3.0444e+02
