#            date       tau255        Tb[K]      pwv[mm] lwp[kg*m^-2] iwp[kg*m^-2]       o3[DU]
20251207_12:00:00   4.3711e-01   9.6558e+01   7.3059e+00   0.0000e+00   4.8148e-02   2.9961e+02
20251207_13:00:00   4.4670e-01   9.8208e+01   7.4651e+00   0.0000e+00   4.8743e-02   3.0041e+02
20251207_14:00:00   4.8208e-01   1.0415e+02   8.0944e+00   0.0000e+00   3.2817e-02   3.0129e+02
20251207_15:00:00   5.1983e-01   1.1031e+02   8.7264e+00   0.0000e+00   2.8837e-02   3.0013e+02
20251207_16:00:00   5.5190e-01   1.1541e+02   9.2288e+00   0.0000e+00   3.0885e-02   3.0396e+02
20251207_17:00:00   5.7837e-01   1.1960e+02   9.6101e+00   0.0000e+00   1.0341e-02   3.0365e+02
20251207_18:00:00   5.8851e-01   1.2147e+02   9.6241e+00   0.0000e+00   9.3977e-05   3.0274e+02
20251207_19:00:00   6.0182e-01   1.2363e+02   9.7562e+00   0.0000e+00   4.2873e-05   3.0400e+02
20251207_20:00:00   5.9544e-01   1.2293e+02   9.5898e+00   0.0000e+00   1.5283e-04   3.0580e+02
20251207_21:00:00   5.9771e-01   1.2349e+02   9.5259e+00   0.0000e+00   1.8236e-05   3.0332e+02
20251207_22:00:00   5.8653e-01   1.2156e+02   9.2616e+00   0.0000e+00   9.5498e-06   3.0405e+02
20251207_23:00:00   5.7856e-01   1.2015e+02   9.0850e+00   0.0000e+00   8.8086e-05   3.0594e+02
20251208_00:00:00   5.6260e-01   1.1772e+02   8.7769e+00   0.0000e+00   4.9712e-05   3.0605e+02
20251208_01:00:00   5.5143e-01   1.1603e+02   8.5896e+00   0.0000e+00   3.3328e-05   3.0525e+02
20251208_02:00:00   5.4292e-01   1.1463e+02   8.4458e+00   0.0000e+00   1.8306e-03   3.0900e+02
20251208_03:00:00   5.2320e-01   1.1159e+02   8.0948e+00   0.0000e+00   4.1456e-03   3.1113e+02
20251208_04:00:00   5.2217e-01   1.1136e+02   8.0745e+00   0.0000e+00   8.1500e-03   3.1381e+02
20251208_05:00:00   5.3205e-01   1.1290e+02   8.2181e+00   0.0000e+00   1.1411e-02   3.1506e+02
20251208_06:00:00   5.5785e-01   1.1668e+02   8.6051e+00   1.8173e-05   1.0652e-02   3.1664e+02
20251208_07:00:00   6.0402e-01   1.2326e+02   9.2600e+00   1.4266e-03   4.9009e-02   3.1579e+02
20251208_08:00:00   6.5820e-01   1.3086e+02   9.7539e+00   1.0418e-02   5.9123e-02   3.1622e+02
20251208_09:00:00   7.5859e-01   1.4378e+02   1.0352e+01   3.5608e-02   1.3013e-01   3.1709e+02
20251208_10:00:00   7.6888e-01   1.4485e+02   1.0652e+01   3.0996e-02   9.1293e-02   3.1512e+02
20251208_11:00:00   7.2262e-01   1.3866e+02   1.0763e+01   6.7800e-03   2.5600e-01   3.1118e+02
20251208_12:00:00   7.0543e-01   1.3609e+02   1.0706e+01   0.0000e+00   4.3758e-01   3.1233e+02
20251208_13:00:00   6.8796e-01   1.3361e+02   1.0389e+01   3.2880e-04   5.1014e-01   3.1209e+02
20251208_14:00:00   6.6636e-01   1.3057e+02   1.0098e+01   0.0000e+00   4.3748e-01   3.1739e+02
20251208_15:00:00   6.4824e-01   1.2796e+02   9.7563e+00   1.6108e-05   5.2645e-01   3.1853e+02
20251208_16:00:00   6.3011e-01   1.2529e+02   9.4487e+00   5.3700e-06   5.4098e-01   3.1822e+02
20251208_17:00:00   6.0485e-01   1.2165e+02   9.0312e+00   3.2220e-05   4.9944e-01   3.2198e+02
20251208_18:00:00   5.8250e-01   1.1827e+02   8.6806e+00   1.2512e-04   4.4289e-01   3.2355e+02
20251208_19:00:00   5.6654e-01   1.1584e+02   8.4017e+00   1.9200e-05   4.8197e-01   3.2062e+02
20251208_20:00:00   5.5563e-01   1.1419e+02   8.2559e+00   0.0000e+00   3.5553e-01   3.1950e+02
20251208_21:00:00   5.4756e-01   1.1297e+02   8.1195e+00   0.0000e+00   3.1621e-01   3.1710e+02
20251208_22:00:00   5.4216e-01   1.1214e+02   8.0084e+00   1.7394e-06   3.0789e-01   3.1298e+02
20251208_23:00:00   5.2866e-01   1.1014e+02   7.8337e+00   0.0000e+00   1.4373e-01   3.1027e+02
20251209_00:00:00   5.1798e-01   1.0857e+02   7.6650e+00   0.0000e+00   6.6193e-02   3.0958e+02
20251209_01:00:00   4.9889e-01   1.0571e+02   7.3249e+00   0.0000e+00   2.1744e-02   3.1298e+02
20251209_02:00:00   4.8956e-01   1.0419e+02   7.1676e+00   0.0000e+00   1.8140e-02   3.1486e+02
20251209_03:00:00   4.5879e-01   9.9395e+01   6.6953e+00   0.0000e+00   3.4389e-03   3.2310e+02
20251209_04:00:00   3.7453e-01   8.5239e+01   5.3766e+00   0.0000e+00   3.9120e-04   3.1952e+02
20251209_05:00:00   3.0602e-01   7.2734e+01   4.2963e+00   0.0000e+00   2.7928e-04   3.1767e+02
20251209_06:00:00   2.5838e-01   6.3516e+01   3.5874e+00   7.2960e-07   2.5768e-04   3.1759e+02
20251209_07:00:00   2.3591e-01   5.9060e+01   3.2337e+00   7.8510e-06   2.6997e-04   3.2126e+02
20251209_08:00:00   2.3911e-01   5.9673e+01   3.3373e+00   2.1962e-05   2.5709e-04   3.2662e+02
20251209_09:00:00   2.4268e-01   6.0269e+01   3.5071e+00   7.9170e-05   2.3366e-04   3.3369e+02
20251209_10:00:00   2.4536e-01   6.0718e+01   3.6362e+00   1.4690e-04   2.8190e-04   3.3716e+02
20251209_11:00:00   2.5492e-01   6.2553e+01   3.8788e+00   1.2309e-04   1.9844e-03   3.3530e+02
20251209_12:00:00   2.6210e-01   6.3897e+01   4.0848e+00   3.6340e-04   4.3734e-03   3.4223e+02
20251209_13:00:00   2.6501e-01   6.4533e+01   4.1370e+00   4.1030e-04   2.5419e-02   3.4356e+02
20251209_14:00:00   2.9828e-01   7.1023e+01   4.7789e+00   1.9493e-04   2.9268e-02   3.4663e+02
20251209_15:00:00   3.4921e-01   8.0674e+01   5.7027e+00   0.0000e+00   1.8166e-02   3.5216e+02
20251209_16:00:00   4.0101e-01   9.0158e+01   6.5940e+00   0.0000e+00   1.1163e-02   3.5151e+02
20251209_17:00:00   4.3856e-01   9.7229e+01   7.0737e+00   0.0000e+00   1.3831e-04   3.5330e+02
20251209_18:00:00   4.5411e-01   1.0038e+02   7.1434e+00   0.0000e+00   1.2087e-05   3.6047e+02
20251209_19:00:00   4.7344e-01   1.0402e+02   7.3406e+00   0.0000e+00   5.8872e-05   3.5964e+02
20251209_20:00:00   4.8343e-01   1.0590e+02   7.4051e+00   0.0000e+00   2.9939e-06   3.5810e+02
20251209_21:00:00   5.1168e-01   1.1052e+02   7.7391e+00   0.0000e+00   5.7050e-07   3.5642e+02
20251209_22:00:00   5.1321e-01   1.1082e+02   7.7145e+00   0.0000e+00   2.0654e-03   3.4855e+02
20251209_23:00:00   5.2503e-01   1.1261e+02   7.8393e+00   7.2760e-04   7.2979e-03   3.4422e+02
20251210_00:00:00   5.5179e-01   1.1678e+02   8.2942e+00   2.9610e-03   8.5934e-03   3.4792e+02
20251210_01:00:00   5.6449e-01   1.1866e+02   8.6325e+00   3.1700e-03   6.7475e-03   3.4415e+02
20251210_02:00:00   6.0720e-01   1.2462e+02   9.4677e+00   6.0650e-04   2.7486e-03   3.4512e+02
20251210_03:00:00   6.4264e-01   1.2945e+02   1.0165e+01   1.4292e-06   2.1531e-03   3.4824e+02
20251210_04:00:00   6.7960e-01   1.3416e+02   1.0967e+01   0.0000e+00   8.6694e-03   3.5112e+02
20251210_05:00:00   6.9112e-01   1.3571e+02   1.1255e+01   0.0000e+00   1.5111e-03   3.4884e+02
20251210_06:00:00   6.8616e-01   1.3507e+02   1.1256e+01   0.0000e+00   2.5199e-03   3.4687e+02
20251210_07:00:00   6.9187e-01   1.3580e+02   1.1420e+01   0.0000e+00   6.1557e-03   3.4324e+02
20251210_08:00:00   6.9462e-01   1.3613e+02   1.1585e+01   0.0000e+00   1.6180e-02   3.4159e+02
20251210_09:00:00   7.2223e-01   1.3977e+02   1.2091e+01   0.0000e+00   3.1138e-02   3.3542e+02
20251210_10:00:00   7.5604e-01   1.4407e+02   1.2622e+01   0.0000e+00   1.6565e-01   3.3333e+02
20251210_11:00:00   7.6548e-01   1.4525e+02   1.2756e+01   0.0000e+00   3.0945e-01   3.3242e+02
20251210_12:00:00   7.2723e-01   1.4054e+02   1.2306e+01   0.0000e+00   1.5497e-01   3.3126e+02
20251210_13:00:00   7.1592e-01   1.3922e+02   1.2209e+01   0.0000e+00   1.2436e-01   3.3044e+02
20251210_14:00:00   7.4417e-01   1.4309e+02   1.2675e+01   0.0000e+00   1.1457e-01   3.3285e+02
20251210_15:00:00   7.7066e-01   1.4677e+02   1.3092e+01   0.0000e+00   3.3343e-02   3.3279e+02
20251210_16:00:00   7.3934e-01   1.4312e+02   1.2628e+01   0.0000e+00   3.3770e-02   3.2994e+02
20251210_17:00:00   8.4296e-01   1.5579e+02   1.4049e+01   1.6108e-04   7.9218e-02   3.2649e+02
20251210_18:00:00   9.7794e-01   1.7047e+02   1.5292e+01   5.2992e-03   2.4113e-01   3.2836e+02
20251210_19:00:00   8.1025e-01   1.5252e+02   1.2401e+01   9.0128e-03   6.9895e-03   3.3255e+02
20251210_20:00:00   1.1091e+00   1.8304e+02   1.3575e+01   9.4942e-02   1.0860e-01   3.3421e+02
20251210_21:00:00   1.8036e+00   2.2824e+02   1.2818e+01   3.9527e-01   1.8185e-01   3.3456e+02
20251210_22:00:00   2.0487e+00   2.3769e+02   9.3198e+00   5.8918e-01   9.6710e-02   3.3974e+02
20251210_23:00:00   7.5389e-01   1.4526e+02   9.3406e+00   4.4894e-02   1.1264e-01   3.3658e+02
20251211_00:00:00   1.9376e+00   2.3244e+02   9.4790e+00   5.4668e-01   2.4330e-01   3.3189e+02
20251211_01:00:00   9.1838e-01   1.6409e+02   8.4865e+00   1.3917e-01   7.9299e-02   3.2776e+02
20251211_02:00:00   4.8303e-01   1.0556e+02   7.0751e+00   5.9060e-05   1.2928e-02   3.1921e+02
20251211_03:00:00   5.3013e-01   1.1268e+02   6.6593e+00   3.0975e-02   7.9918e-02   3.1377e+02
20251211_04:00:00   5.0186e-01   1.0799e+02   6.9545e+00   1.1810e-02   5.1623e-02   3.0935e+02
20251211_05:00:00   4.3655e-01   9.7006e+01   6.4233e+00   0.0000e+00   2.8239e-02   3.0223e+02
20251211_06:00:00   4.1573e-01   9.3511e+01   6.0842e+00   0.0000e+00   2.0843e-02   2.9861e+02
20251211_07:00:00   4.2753e-01   9.5593e+01   5.7399e+00   1.4034e-02   2.2865e-02   2.9685e+02
20251211_08:00:00   4.5821e-01   1.0077e+02   5.2984e+00   3.8700e-02   2.2067e-02   2.9452e+02
20251211_09:00:00   3.6649e-01   8.5004e+01   4.9809e+00   7.6240e-03   1.6292e-02   2.9374e+02
20251211_10:00:00   3.4517e-01   8.1062e+01   4.9228e+00   2.0397e-03   1.5313e-02   2.8923e+02
20251211_11:00:00   3.5208e-01   8.2217e+01   5.0769e+00   5.8024e-03   8.7272e-03   2.9236e+02
20251211_12:00:00   3.7076e-01   8.5344e+01   5.5506e+00   5.8420e-03   7.8458e-03   2.9632e+02
20251211_13:00:00   3.9363e-01   8.9174e+01   6.0137e+00   6.2163e-03   8.4636e-03   3.0114e+02
20251211_14:00:00   4.2746e-01   9.4993e+01   6.5050e+00   9.3343e-03   7.9115e-03   3.0329e+02
20251211_15:00:00   4.5348e-01   9.9592e+01   6.7675e+00   1.3191e-02   7.2433e-03   3.0455e+02
20251211_16:00:00   5.2134e-01   1.1030e+02   7.9842e+00   1.2866e-02   6.2512e-03   3.0135e+02
20251211_17:00:00   5.2775e-01   1.1114e+02   8.4689e+00   4.8802e-03   6.7419e-03   2.9802e+02
20251211_18:00:00   5.9168e-01   1.2052e+02   9.3136e+00   8.4357e-03   4.7314e-02   2.9364e+02
20251211_19:00:00   6.0923e-01   1.2315e+02   9.6857e+00   4.6518e-03   3.7777e-03   2.9296e+02
20251211_20:00:00   6.1481e-01   1.2423e+02   9.5627e+00   4.0357e-03   2.1288e-02   2.9170e+02
20251211_21:00:00   6.6776e-01   1.3126e+02   1.0450e+01   7.1020e-03   2.8857e-02   2.8922e+02
20251211_22:00:00   6.8847e-01   1.3399e+02   1.1002e+01   8.6440e-04   4.8529e-02   2.9100e+02
20251211_23:00:00   7.0993e-01   1.3669e+02   1.1296e+01   0.0000e+00   1.6823e-01   2.9882e+02
20251212_00:00:00   7.3289e-01   1.3974e+02   1.1633e+01   0.0000e+00   1.6017e-01   2.9805e+02
20251212_01:00:00   7.2812e-01   1.3924e+02   1.1490e+01   0.0000e+00   1.0343e-01   2.9605e+02
20251212_02:00:00   7.3329e-01   1.3985e+02   1.1619e+01   7.4260e-06   1.0431e-01   2.9446e+02
20251212_03:00:00   7.1166e-01   1.3720e+02   1.1192e+01   0.0000e+00   1.1335e-01   2.9487e+02
20251212_04:00:00   7.1258e-01   1.3741e+02   1.1184e+01   0.0000e+00   1.2673e-01   2.9529e+02
20251212_05:00:00   6.9048e-01   1.3476e+02   1.0677e+01   1.0436e-05   1.3600e-01   2.9896e+02
20251212_06:00:00   6.6576e-01   1.3161e+02   1.0219e+01   1.9336e-04   1.0379e-01   3.0186e+02
20251212_07:00:00   6.6040e-01   1.3088e+02   9.9665e+00   5.7220e-03   7.7509e-02   3.0464e+02
20251212_08:00:00   5.7610e-01   1.1920e+02   8.5678e+00   5.3420e-03   4.7038e-02   3.0645e+02
20251212_09:00:00   5.0661e-01   1.0881e+02   7.4064e+00   5.1320e-03   1.9978e-02   3.1018e+02
20251212_10:00:00   5.2676e-01   1.1189e+02   7.1696e+00   2.3546e-02   1.4749e-02   3.0651e+02
20251212_11:00:00   5.6956e-01   1.1838e+02   6.8525e+00   5.2897e-02   1.5251e-02   3.0447e+02
20251212_12:00:00   5.1490e-01   1.1006e+02   6.3597e+00   4.5135e-02   5.5591e-03   3.0163e+02
20251212_15:00:00   6.4710e-01   1.2955e+02   6.6245e+00   9.8836e-02   6.5404e-03   3.1168e+02
20251212_18:00:00   5.9145e-01   1.2114e+02   8.0625e+00   4.2744e-02   2.0741e-02   3.1579e+02
20251212_21:00:00   6.6477e-01   1.3048e+02   9.2557e+00   4.0920e-02   3.5388e-02   3.2172e+02
20251213_00:00:00   5.3265e-01   1.1027e+02   8.5737e+00   0.0000e+00   6.1580e-02   3.2995e+02
20251213_03:00:00   4.0988e-01   8.9450e+01   6.4807e+00   0.0000e+00   7.2393e-02   3.5127e+02
20251213_06:00:00   1.4822e-01   3.9500e+01   1.7462e+00   0.0000e+00   8.9291e-03   3.7204e+02
20251213_09:00:00   1.4823e-01   3.9387e+01   1.7683e+00   0.0000e+00   4.6433e-03   3.8229e+02
20251213_12:00:00   1.5835e-01   4.1399e+01   1.9018e+00   0.0000e+00   5.2723e-03   3.8935e+02
20251213_15:00:00   1.4142e-01   3.7942e+01   1.6576e+00   2.1480e-05   1.2595e-03   3.7893e+02
20251213_18:00:00   1.6635e-01   4.3641e+01   2.0581e+00   0.0000e+00   2.0801e-03   3.7622e+02
20251213_21:00:00   1.6779e-01   4.4032e+01   2.1430e+00   0.0000e+00   1.0269e-03   3.5097e+02
20251214_00:00:00   1.7249e-01   4.4734e+01   2.4022e+00   0.0000e+00   4.3955e-04   3.3242e+02
20251214_03:00:00   2.1321e-01   5.3051e+01   3.3898e+00   0.0000e+00   1.4784e-04   3.2889e+02
20251214_06:00:00   2.7855e-01   6.5811e+01   4.6690e+00   0.0000e+00   1.8662e-01   3.1269e+02
20251214_09:00:00   4.0837e-01   8.9489e+01   6.7961e+00   0.0000e+00   3.2426e-01   3.1543e+02
20251214_12:00:00   4.8505e-01   1.0261e+02   7.8147e+00   0.0000e+00   1.1102e-01   3.3054e+02
20251214_15:00:00   4.3373e-01   9.4799e+01   6.7353e+00   5.0460e-04   1.3818e-01   3.2953e+02
20251214_18:00:00   3.6344e-01   8.2779e+01   5.5675e+00   0.0000e+00   7.4890e-02   3.2283e+02
20251214_21:00:00   4.1479e-01   9.1856e+01   5.8652e+00   0.0000e+00   1.7051e-01   3.3038e+02
20251215_00:00:00   3.7338e-01   8.4493e+01   5.1357e+00   0.0000e+00   8.6456e-02   3.4389e+02
20251215_03:00:00   3.1112e-01   7.2903e+01   4.2425e+00   0.0000e+00   1.8773e-02   3.4134e+02
20251215_06:00:00   2.2849e-01   5.6969e+01   2.9935e+00   0.0000e+00   5.2827e-03   3.3005e+02
20251215_09:00:00   1.7469e-01   4.5793e+01   2.2524e+00   0.0000e+00   7.0143e-04   3.2803e+02
20251215_12:00:00   2.0389e-01   5.1633e+01   2.9031e+00   0.0000e+00   2.1384e-03   2.9899e+02
20251215_15:00:00   2.3549e-01   5.8345e+01   3.5789e+00   0.0000e+00   1.6014e-04   3.0055e+02
20251215_18:00:00   2.6498e-01   6.4444e+01   4.1664e+00   0.0000e+00   1.2210e-04   2.8833e+02
20251215_21:00:00   2.6845e-01   6.5238e+01   4.0272e+00   0.0000e+00   9.9324e-04   2.8212e+02
20251216_00:00:00   2.3446e-01   5.8092e+01   3.3446e+00   0.0000e+00   1.2513e-03   2.7791e+02
20251216_03:00:00   2.2625e-01   5.6285e+01   3.2229e+00   9.4630e-05   4.0749e-04   2.7635e+02
20251216_06:00:00   2.1514e-01   5.3972e+01   3.0184e+00   4.9330e-04   3.7135e-04   2.8492e+02
20251216_09:00:00   2.1179e-01   5.3136e+01   2.9931e+00   0.0000e+00   1.6946e-04   2.8682e+02
20251216_12:00:00   2.3042e-01   5.6895e+01   3.3124e+00   0.0000e+00   1.2513e-04   2.8709e+02
20251216_15:00:00   1.9593e-01   5.0541e+01   2.7082e+00   0.0000e+00   3.6900e-06   2.9013e+02
20251216_18:00:00   1.9355e-01   5.0469e+01   2.7227e+00   0.0000e+00   0.0000e+00   2.9145e+02
20251216_21:00:00   2.2872e-01   5.8068e+01   3.3741e+00   0.0000e+00   0.0000e+00   2.9529e+02
20251217_00:00:00   2.0137e-01   5.2071e+01   3.0325e+00   0.0000e+00   0.0000e+00   2.8762e+02
20251217_03:00:00   2.0775e-01   5.3262e+01   3.3235e+00   0.0000e+00   2.1480e-06   2.8685e+02
20251217_06:00:00   2.4251e-01   6.0556e+01   4.0250e+00   0.0000e+00   2.0257e-04   2.9254e+02
20251217_09:00:00   2.6044e-01   6.4135e+01   4.4198e+00   0.0000e+00   1.2422e-02   2.9306e+02
20251217_12:00:00   4.3936e-01   9.7023e+01   7.8063e+00   0.0000e+00   4.9998e-02   2.9504e+02
20251217_15:00:00   5.5906e-01   1.1697e+02   9.8836e+00   0.0000e+00   1.9812e-02   2.9462e+02
20251217_18:00:00   5.7209e-01   1.2003e+02   9.8142e+00   0.0000e+00   1.5482e-03   2.9866e+02
20251217_21:00:00   5.9041e-01   1.2359e+02   9.9748e+00   0.0000e+00   1.2672e-03   2.9827e+02
20251218_00:00:00   4.8347e-01   1.0658e+02   8.4173e+00   0.0000e+00   1.7887e-04   3.0207e+02
20251218_03:00:00   3.3782e-01   8.0518e+01   5.9565e+00   0.0000e+00   6.9578e-06   3.0111e+02
20251218_06:00:00   4.2250e-01   9.6324e+01   7.4937e+00   0.0000e+00   8.8483e-04   3.0256e+02
20251218_09:00:00   4.5412e-01   1.0222e+02   7.8561e+00   0.0000e+00   4.1398e-05   3.0276e+02
20251218_12:00:00   5.5798e-01   1.1878e+02   9.3868e+00   0.0000e+00   3.8300e-03   3.0164e+02
20251218_15:00:00   1.2271e+00   1.9375e+02   1.3379e+01   1.6380e-01   5.8368e-02   3.0526e+02
20251218_18:00:00   1.8942e+00   2.3285e+02   1.3846e+01   4.1395e-01   4.9907e-02   3.0834e+02
20251218_21:00:00   2.5910e+00   2.5402e+02   1.5275e+01   6.5281e-01   7.6079e-02   3.1002e+02
20251219_00:00:00   3.0925e+00   2.6118e+02   1.6848e+01   8.3260e-01   1.9948e-01   3.1389e+02
20251219_03:00:00   1.3706e+00   2.0344e+02   1.4159e+01   1.9151e-01   1.5430e-02   3.1948e+02
20251219_06:00:00   1.4460e+00   2.0693e+02   1.3883e+01   2.3981e-01   3.4415e-02   3.2191e+02
20251219_09:00:00   9.1251e-01   1.6154e+02   1.2313e+01   6.0053e-02   2.8582e-02   3.1872e+02
20251219_12:00:00   4.9041e-01   1.0569e+02   7.5328e+00   0.0000e+00   1.3034e-03   3.2221e+02
20251219_15:00:00   4.1118e-01   9.2516e+01   6.3741e+00   0.0000e+00   2.0889e-04   3.2485e+02
20251219_18:00:00   4.2120e-01   9.4710e+01   6.4372e+00   2.5638e-03   1.3479e-02   3.3160e+02
20251219_21:00:00   4.3183e-01   9.6713e+01   6.5821e+00   3.1287e-03   9.7622e-04   3.2526e+02
20251220_00:00:00   4.3997e-01   9.7344e+01   6.6423e+00   1.2405e-02   5.2776e-03   3.1932e+02
20251220_03:00:00   6.0511e-01   1.2300e+02   9.1754e+00   2.5709e-02   3.0052e-02   3.1518e+02
20251220_06:00:00   6.2556e-01   1.2621e+02   1.0318e+01   8.7410e-03   9.1519e-03   3.0840e+02
20251220_09:00:00   6.5977e-01   1.3126e+02   1.0896e+01   6.9550e-03   3.5095e-02   3.0896e+02
20251220_12:00:00   6.6148e-01   1.3148e+02   1.1147e+01   4.4560e-03   9.2311e-02   3.0971e+02
20251220_15:00:00   9.0094e-01   1.6116e+02   1.4655e+01   2.1853e-03   3.9466e-01   3.0917e+02
20251220_18:00:00   3.1372e+00   2.6053e+02   1.8155e+01   8.2519e-01   1.1925e-01   3.0556e+02
20251220_21:00:00   2.0812e+00   2.3842e+02   1.8877e+01   3.6947e-01   3.0497e-01   2.9644e+02
20251221_00:00:00   3.0463e+00   2.6009e+02   2.0567e+01   7.1953e-01   4.5801e-01   2.9393e+02
20251221_03:00:00   3.0631e+00   2.6093e+02   2.1262e+01   7.0083e-01   1.0319e-01   2.9560e+02
20251221_06:00:00   2.2513e+00   2.4595e+02   2.2707e+01   3.3263e-01   2.6343e-01   2.8983e+02
20251221_09:00:00   3.3826e+00   2.6709e+02   2.3429e+01   7.7097e-01   5.8239e-02   2.8828e+02
20251221_12:00:00   4.5192e+00   2.7394e+02   2.2928e+01   1.2466e+00   9.9876e-02   2.8932e+02
20251221_15:00:00   3.0651e+00   2.6154e+02   1.6792e+01   8.2635e-01   3.3944e-03   2.8910e+02
20251221_18:00:00   7.6933e-01   1.4656e+02   5.6632e+00   1.6919e-01   4.5197e-03   2.8881e+02
20251221_21:00:00   3.5941e-01   8.3247e+01   5.4223e+00   9.8220e-03   9.7253e-03   2.9530e+02
20251222_00:00:00   3.2930e-01   7.7339e+01   4.9820e+00   5.6387e-03   3.3167e-02   2.9902e+02
20251222_03:00:00   3.0999e-01   7.3551e+01   4.9013e+00   3.0504e-05   1.8774e-02   3.0326e+02
20251222_06:00:00   3.0895e-01   7.2978e+01   4.8415e+00   2.6680e-05   6.1524e-02   3.2447e+02
20251222_09:00:00   2.7946e-01   6.7227e+01   4.2969e+00   0.0000e+00   3.7094e-02   3.4364e+02
20251222_12:00:00   2.2574e-01   5.6982e+01   3.2429e+00   0.0000e+00   9.9870e-05   3.3478e+02
20251222_15:00:00   2.0900e-01   5.3738e+01   3.1552e+00   0.0000e+00   5.1343e-04   3.1610e+02
20251222_18:00:00   2.7716e-01   6.7577e+01   4.5113e+00   0.0000e+00   4.3955e-03   3.1200e+02
20251222_21:00:00   3.6211e-01   8.3552e+01   6.0676e+00   0.0000e+00   4.3659e-02   3.1669e+02
20251223_00:00:00   4.3414e-01   9.5627e+01   7.3710e+00   0.0000e+00   1.1046e-01   2.9871e+02
20251223_03:00:00   4.1422e-01   9.2434e+01   6.8552e+00   0.0000e+00   7.0741e-02   3.1030e+02
20251223_06:00:00   4.5260e-01   9.8846e+01   7.4013e+00   0.0000e+00   1.9847e-02   3.2609e+02
20251223_09:00:00   4.3552e-01   9.6634e+01   7.1550e+00   4.0150e-05   7.4670e-05   3.3727e+02
20251223_12:00:00   5.2643e-01   1.1203e+02   8.7594e+00   1.0245e-05   4.7933e-03   3.2459e+02
