#            date       tau255        Tb[K]      pwv[mm] lwp[kg*m^-2] iwp[kg*m^-2]       o3[DU]
20251209_18:00:00   3.6939e-01   8.4852e+01   5.9772e+00   0.0000e+00   5.7018e-03   3.6846e+02
20251209_19:00:00   3.9046e-01   8.9065e+01   6.1992e+00   0.0000e+00   3.5302e-03   3.6560e+02
20251209_20:00:00   3.9865e-01   9.0895e+01   6.1826e+00   0.0000e+00   1.8450e-03   3.6538e+02
20251209_21:00:00   4.0564e-01   9.2202e+01   6.2483e+00   0.0000e+00   6.0925e-04   3.6683e+02
20251209_22:00:00   4.0313e-01   9.1619e+01   6.1817e+00   0.0000e+00   1.0318e-03   3.5694e+02
20251209_23:00:00   4.2675e-01   9.5690e+01   6.5964e+00   2.7850e-05   1.5603e-03   3.4313e+02
20251210_00:00:00   4.6842e-01   1.0247e+02   7.3168e+00   3.3320e-04   8.3133e-03   3.4242e+02
20251210_01:00:00   5.1360e-01   1.0965e+02   8.0401e+00   6.0500e-04   9.1105e-03   3.4389e+02
20251210_02:00:00   5.2293e-01   1.1132e+02   8.2802e+00   1.9529e-03   4.2775e-03   3.4554e+02
20251210_03:00:00   5.2095e-01   1.1071e+02   8.3952e+00   1.4996e-03   1.1292e-02   3.4448e+02
20251210_04:00:00   5.4008e-01   1.1360e+02   8.9541e+00   2.5418e-04   2.9014e-02   3.4352e+02
20251210_05:00:00   6.1470e-01   1.2437e+02   1.0257e+01   0.0000e+00   2.7411e-02   3.3926e+02
20251210_06:00:00   6.2276e-01   1.2568e+02   1.0413e+01   0.0000e+00   5.5532e-03   3.3690e+02
20251210_07:00:00   6.1443e-01   1.2478e+02   1.0273e+01   0.0000e+00   2.9533e-03   3.3296e+02
20251210_08:00:00   6.4499e-01   1.2912e+02   1.0808e+01   0.0000e+00   8.6849e-03   3.2996e+02
20251210_09:00:00   6.6913e-01   1.3247e+02   1.1275e+01   0.0000e+00   5.3024e-02   3.3596e+02
20251210_10:00:00   7.0694e-01   1.3778e+02   1.1903e+01   0.0000e+00   7.7175e-02   3.3236e+02
20251210_11:00:00   6.9930e-01   1.3694e+02   1.1876e+01   0.0000e+00   5.8793e-02   3.2318e+02
20251210_12:00:00   6.8345e-01   1.3496e+02   1.1708e+01   0.0000e+00   6.2021e-02   3.2194e+02
20251210_13:00:00   6.7500e-01   1.3384e+02   1.1592e+01   0.0000e+00   4.4951e-02   3.2186e+02
20251210_14:00:00   7.4806e-01   1.4337e+02   1.2666e+01   0.0000e+00   2.0880e-01   3.2343e+02
20251210_15:00:00   8.2589e-01   1.5285e+02   1.3702e+01   0.0000e+00   3.8815e-01   3.2896e+02
20251210_16:00:00   8.2746e-01   1.5326e+02   1.3748e+01   0.0000e+00   6.7879e-02   3.3251e+02
20251210_17:00:00   8.6059e-01   1.5736e+02   1.3973e+01   1.9200e-05   1.1013e-01   3.3737e+02
20251210_18:00:00   7.9267e-01   1.4969e+02   1.2537e+01   3.1708e-03   1.3651e-02   3.3373e+02
20251210_19:00:00   8.5738e-01   1.5688e+02   1.2597e+01   2.0954e-02   1.1284e-01   3.2866e+02
20251210_20:00:00   1.0655e+00   1.7808e+02   1.2411e+01   1.0453e-01   4.1818e-01   3.3750e+02
20251210_21:00:00   1.1744e+00   1.8786e+02   1.1571e+01   1.6923e-01   3.6593e-01   3.4004e+02
20251210_22:00:00   1.2746e+00   1.9609e+02   9.4091e+00   2.6341e-01   1.4634e-01   3.4597e+02
20251210_23:00:00   1.9810e+00   2.3435e+02   9.0452e+00   5.7102e-01   9.1871e-02   3.5201e+02
20251211_00:00:00   1.2654e+00   1.9452e+02   9.2531e+00   2.6804e-01   2.2396e-01   3.4941e+02
20251211_01:00:00   6.4456e-01   1.2924e+02   8.8593e+00   1.7025e-02   1.1660e-01   3.4572e+02
20251211_02:00:00   7.1334e-01   1.3820e+02   8.1986e+00   6.4920e-02   1.5135e-01   3.3834e+02
20251211_03:00:00   9.1547e-01   1.6179e+02   7.5808e+00   1.7178e-01   1.7903e-01   3.2647e+02
20251211_04:00:00   4.5237e-01   9.9353e+01   6.6474e+00   6.6024e-04   4.3655e-02   3.2020e+02
20251211_05:00:00   4.1040e-01   9.2249e+01   6.0814e+00   0.0000e+00   1.6195e-02   3.1253e+02
20251211_06:00:00   3.9748e-01   8.9880e+01   5.8743e+00   0.0000e+00   1.6862e-02   3.0833e+02
20251211_07:00:00   3.9103e-01   8.8443e+01   5.7529e+00   0.0000e+00   2.3047e-02   3.0959e+02
20251211_08:00:00   3.7829e-01   8.5937e+01   5.5910e+00   6.8457e-04   2.2602e-02   3.1424e+02
20251211_09:00:00   3.7675e-01   8.5432e+01   5.6427e+00   0.0000e+00   2.0846e-02   3.1411e+02
20251211_10:00:00   3.4960e-01   8.0514e+01   5.1758e+00   0.0000e+00   1.4281e-02   3.2734e+02
20251211_11:00:00   3.2507e-01   7.6039e+01   4.7268e+00   0.0000e+00   1.7817e-02   3.2570e+02
20251211_12:00:00   3.0621e-01   7.2470e+01   4.4083e+00   0.0000e+00   1.6101e-02   3.2279e+02
20251211_13:00:00   2.6541e-01   6.4477e+01   3.7772e+00   7.0620e-05   1.1190e-02   3.2106e+02
20251211_14:00:00   2.6774e-01   6.4854e+01   3.8089e+00   1.7662e-04   1.0628e-02   3.0967e+02
20251211_15:00:00   2.4816e-01   6.1092e+01   3.4538e+00   7.7380e-05   9.7395e-03   3.0794e+02
20251211_16:00:00   2.3386e-01   5.8328e+01   3.1799e+00   2.6840e-05   8.4601e-03   3.1549e+02
20251211_17:00:00   2.1380e-01   5.4409e+01   2.7870e+00   3.8900e-04   5.0158e-03   3.2076e+02
20251211_18:00:00   2.1024e-01   5.3814e+01   2.7135e+00   6.0960e-04   3.8103e-03   3.2094e+02
20251211_19:00:00   2.1277e-01   5.4396e+01   2.7569e+00   2.6180e-04   3.8934e-03   3.2817e+02
20251211_20:00:00   2.1750e-01   5.5390e+01   2.8322e+00   1.2984e-04   2.6141e-03   3.2375e+02
20251211_21:00:00   2.1945e-01   5.5795e+01   2.8685e+00   6.5080e-05   5.9529e-03   3.1711e+02
20251211_22:00:00   2.1714e-01   5.5255e+01   2.8564e+00   0.0000e+00   5.4498e-03   3.1674e+02
20251211_23:00:00   2.1063e-01   5.3816e+01   2.7912e+00   0.0000e+00   2.8348e-03   3.2513e+02
20251212_00:00:00   2.1250e-01   5.4130e+01   2.8644e+00   2.3980e-04   2.2920e-03   3.2985e+02
20251212_01:00:00   2.1939e-01   5.5468e+01   3.0077e+00   3.7260e-04   3.1144e-03   3.2962e+02
20251212_02:00:00   2.2440e-01   5.6349e+01   3.1751e+00   2.3840e-04   1.3926e-03   3.2608e+02
20251212_03:00:00   2.4102e-01   5.9508e+01   3.5150e+00   1.6340e-03   3.0377e-03   3.1729e+02
20251212_04:00:00   2.6569e-01   6.4304e+01   3.9979e+00   2.4900e-03   1.8209e-02   3.1706e+02
20251212_05:00:00   3.0453e-01   7.1659e+01   4.7548e+00   2.3600e-03   2.8548e-02   3.2060e+02
20251212_06:00:00   3.6682e-01   8.2971e+01   5.9175e+00   1.0536e-03   1.2646e-01   3.2012e+02
20251212_07:00:00   4.6526e-01   9.9877e+01   7.5844e+00   1.0556e-03   8.6117e-02   3.1815e+02
20251212_08:00:00   5.7037e-01   1.1618e+02   9.2225e+00   6.7520e-05   7.6992e-02   3.1462e+02
20251212_09:00:00   6.1367e-01   1.2248e+02   9.8594e+00   0.0000e+00   9.9435e-02   3.1437e+02
20251212_10:00:00   6.2177e-01   1.2376e+02   9.9315e+00   0.0000e+00   1.0110e-01   3.1710e+02
20251212_11:00:00   6.1655e-01   1.2318e+02   9.8321e+00   0.0000e+00   5.8366e-02   3.1995e+02
20251212_12:00:00   6.3323e-01   1.2555e+02   1.0103e+01   0.0000e+00   8.8692e-02   3.1845e+02
20251212_13:00:00   6.3869e-01   1.2643e+02   1.0113e+01   0.0000e+00   1.0921e-01   3.2295e+02
20251212_14:00:00   6.5206e-01   1.2847e+02   1.0297e+01   0.0000e+00   1.2400e-01   3.1818e+02
20251212_15:00:00   6.5628e-01   1.2931e+02   1.0260e+01   3.8400e-05   1.3685e-01   3.1924e+02
20251212_16:00:00   5.8040e-01   1.1934e+02   8.6985e+00   4.5081e-03   7.0661e-02   3.2090e+02
20251212_17:00:00   5.7072e-01   1.1829e+02   7.9630e+00   1.7852e-02   5.8043e-02   3.2274e+02
20251212_18:00:00   5.5124e-01   1.1552e+02   7.6131e+00   1.9048e-02   4.8273e-02   3.2836e+02
20251212_19:00:00   6.1279e-01   1.2458e+02   7.7305e+00   4.3599e-02   5.2798e-02   3.2779e+02
20251212_20:00:00   6.4544e-01   1.2929e+02   7.7041e+00   5.8857e-02   2.1541e-02   3.2736e+02
20251212_21:00:00   5.6017e-01   1.1704e+02   7.6864e+00   2.3282e-02   8.2933e-03   3.2280e+02
20251212_22:00:00   5.2911e-01   1.1232e+02   7.6870e+00   1.0568e-02   7.4585e-03   3.2215e+02
20251212_23:00:00   5.9562e-01   1.2228e+02   7.6490e+00   3.9765e-02   1.1662e-02   3.2355e+02
20251213_00:00:00   7.0738e-01   1.3800e+02   7.6442e+00   8.5367e-02   9.1315e-03   3.2786e+02
20251213_01:00:00   6.3364e-01   1.2801e+02   7.9777e+00   4.6034e-02   1.3458e-02   3.2730e+02
20251213_02:00:00   8.4001e-01   1.5407e+02   8.5992e+00   1.1844e-01   2.1480e-02   3.3015e+02
20251213_03:00:00   1.3543e+00   1.9986e+02   8.9375e+00   3.3228e-01   4.7988e-02   3.3095e+02
20251213_04:00:00   1.3940e+00   2.0263e+02   9.2614e+00   3.4164e-01   5.3251e-02   3.3079e+02
20251213_05:00:00   1.0854e+00   1.7960e+02   9.0100e+00   2.1440e-01   7.7801e-02   3.2862e+02
20251213_06:00:00   1.4867e+00   2.0965e+02   8.6821e+00   3.9489e-01   1.1295e-01   3.3428e+02
20251213_07:00:00   1.4232e+00   2.0565e+02   8.4055e+00   3.7917e-01   1.5675e-02   3.3104e+02
20251213_08:00:00   9.2374e-01   1.6370e+02   7.9277e+00   1.8533e-01   1.4628e-02   3.3061e+02
20251213_09:00:00   9.4620e-01   1.6582e+02   8.0780e+00   1.9371e-01   2.9823e-03   3.2998e+02
20251213_10:00:00   8.7843e-01   1.5833e+02   8.0869e+00   1.6616e-01   3.1839e-03   3.2650e+02
20251213_11:00:00   5.9969e-01   1.2253e+02   8.5814e+00   3.7920e-02   2.9212e-03   3.2767e+02
20251213_12:00:00   5.8042e-01   1.1949e+02   8.9433e+00   2.3180e-02   5.1202e-03   3.2930e+02
20251213_13:00:00   5.5484e-01   1.1564e+02   8.9207e+00   1.1686e-02   3.5053e-03   3.2436e+02
20251213_14:00:00   5.8480e-01   1.2011e+02   9.4374e+00   1.1424e-02   1.8859e-03   3.1960e+02
20251213_15:00:00   5.9358e-01   1.2154e+02   9.8127e+00   4.1620e-03   8.8393e-04   3.1512e+02
20251213_16:00:00   6.0914e-01   1.2395e+02   1.0163e+01   3.3560e-04   4.3132e-03   3.1126e+02
20251213_17:00:00   6.6790e-01   1.3199e+02   1.1145e+01   1.7988e-04   4.6124e-03   3.0688e+02
20251213_18:00:00   7.0854e-01   1.3728e+02   1.1762e+01   4.9660e-04   1.8960e-02   3.0332e+02
20251213_19:00:00   7.0910e-01   1.3744e+02   1.1756e+01   7.7860e-05   7.8526e-03   3.0378e+02
20251213_20:00:00   7.0012e-01   1.3628e+02   1.1663e+01   4.8060e-04   1.4223e-02   3.0450e+02
20251213_21:00:00   7.1077e-01   1.3766e+02   1.1906e+01   2.4160e-05   1.4169e-03   3.0494e+02
20251213_22:00:00   7.4324e-01   1.4138e+02   1.2398e+01   3.3020e-04   1.7429e-02   3.0326e+02
20251213_23:00:00   7.8568e-01   1.4634e+02   1.2963e+01   7.4020e-04   3.9508e-02   3.0401e+02
20251214_00:00:00   7.9884e-01   1.4786e+02   1.3139e+01   0.0000e+00   1.2578e-01   3.0710e+02
20251214_01:00:00   7.6812e-01   1.4417e+02   1.2717e+01   0.0000e+00   1.0022e-01   3.1047e+02
20251214_02:00:00   7.2492e-01   1.3870e+02   1.2101e+01   0.0000e+00   4.4898e-02   3.1417e+02
20251214_03:00:00   7.1921e-01   1.3786e+02   1.1986e+01   1.6108e-05   8.1497e-02   3.1810e+02
20251214_04:00:00   7.1700e-01   1.3756e+02   1.1880e+01   9.9340e-05   1.3335e-01   3.1955e+02
20251214_05:00:00   7.2876e-01   1.3897e+02   1.1956e+01   2.1740e-04   1.4772e-01   3.1728e+02
20251214_06:00:00   6.9086e-01   1.3427e+02   1.1049e+01   0.0000e+00   1.1287e-01   3.2104e+02
20251214_07:00:00   6.1149e-01   1.2374e+02   9.4649e+00   0.0000e+00   3.3416e-02   3.2430e+02
20251214_08:00:00   5.1641e-01   1.0958e+02   7.7693e+00   0.0000e+00   2.1100e-02   3.2583e+02
20251214_09:00:00   4.4146e-01   9.7252e+01   6.5429e+00   0.0000e+00   2.0269e-02   3.2442e+02
20251214_10:00:00   3.7661e-01   8.5895e+01   5.5020e+00   0.0000e+00   1.5016e-02   3.2817e+02
20251214_11:00:00   3.2286e-01   7.5915e+01   4.6001e+00   0.0000e+00   1.3715e-02   3.3195e+02
20251214_12:00:00   2.9062e-01   6.9603e+01   4.0675e+00   0.0000e+00   1.6185e-02   3.3434e+02
20251214_13:00:00   2.6748e-01   6.4942e+01   3.6934e+00   0.0000e+00   1.6724e-02   3.3229e+02
20251214_14:00:00   2.5208e-01   6.1781e+01   3.4531e+00   0.0000e+00   1.9679e-02   3.3127e+02
20251214_15:00:00   2.4254e-01   5.9781e+01   3.3025e+00   0.0000e+00   1.7455e-02   3.3128e+02
20251214_16:00:00   2.4491e-01   6.0178e+01   3.1628e+00   5.0440e-03   1.8624e-02   3.2993e+02
20251214_17:00:00   2.2141e-01   5.5400e+01   2.8870e+00   1.7980e-03   1.4735e-02   3.2929e+02
20251214_18:00:00   1.9966e-01   5.0894e+01   2.6052e+00   8.0060e-05   8.8434e-03   3.3082e+02
20251214_21:00:00   1.9146e-01   4.9036e+01   2.4165e+00   0.0000e+00   2.4959e-02   3.3081e+02
20251215_00:00:00   1.7766e-01   4.5893e+01   2.2411e+00   0.0000e+00   2.5835e-02   3.1980e+02
20251215_03:00:00   1.6626e-01   4.3498e+01   2.3062e+00   0.0000e+00   1.6998e-03   3.1396e+02
20251215_06:00:00   1.9501e-01   4.9703e+01   2.9447e+00   0.0000e+00   3.1810e-03   3.1102e+02
20251215_09:00:00   2.1116e-01   5.3180e+01   3.3607e+00   0.0000e+00   7.4749e-04   2.9659e+02
20251215_12:00:00   2.6801e-01   6.4619e+01   4.5841e+00   0.0000e+00   2.6517e-04   2.8367e+02
20251215_15:00:00   3.4100e-01   7.8775e+01   5.9562e+00   0.0000e+00   6.5007e-06   2.8624e+02
20251215_18:00:00   3.7817e-01   8.5786e+01   6.5578e+00   0.0000e+00   3.5973e-04   2.8639e+02
20251215_21:00:00   4.7264e-01   1.0213e+02   8.1269e+00   0.0000e+00   7.0110e-04   2.8784e+02
20251216_00:00:00   4.5214e-01   9.8981e+01   7.6431e+00   0.0000e+00   6.9260e-05   2.8579e+02
20251216_03:00:00   4.6465e-01   1.0100e+02   7.9352e+00   0.0000e+00   3.1974e-03   2.8511e+02
20251216_06:00:00   4.4701e-01   9.8630e+01   7.5480e+00   0.0000e+00   8.8534e-03   2.9066e+02
20251216_09:00:00   4.8640e-01   1.0531e+02   8.3610e+00   0.0000e+00   1.4609e-03   2.8324e+02
20251216_12:00:00   5.5946e-01   1.1683e+02   9.6349e+00   0.0000e+00   4.1882e-03   2.8235e+02
20251216_15:00:00   6.2650e-01   1.2729e+02   1.0668e+01   3.6840e-04   9.9779e-05   2.7649e+02
20251216_18:00:00   1.1977e+00   1.8981e+02   1.1160e+01   2.2075e-01   8.9512e-04   2.7598e+02
20251216_21:00:00   1.3388e+00   2.0135e+02   1.1054e+01   2.7122e-01   1.6914e-03   2.7394e+02
20251217_00:00:00   1.1277e+00   1.8541e+02   1.0785e+01   1.8850e-01   2.7716e-04   2.7331e+02
20251217_03:00:00   9.9924e-01   1.7397e+02   9.3117e+00   1.6432e-01   2.6960e-04   2.7425e+02
20251217_06:00:00   9.1912e-01   1.6615e+02   9.9794e+00   1.1250e-01   1.8191e-04   2.7370e+02
20251217_09:00:00   9.3237e-01   1.6708e+02   1.3964e+01   3.2920e-02   5.0406e-03   2.7285e+02
20251217_12:00:00   1.0611e+00   1.8015e+02   1.5038e+01   5.6403e-02   1.1260e-02   2.6983e+02
20251217_15:00:00   9.0177e-01   1.6403e+02   1.5275e+01   3.9980e-04   6.7633e-03   2.6880e+02
20251217_18:00:00   8.3346e-01   1.5610e+02   1.3560e+01   2.3686e-02   1.7933e-01   2.6715e+02
20251217_21:00:00   8.8376e-01   1.6139e+02   1.4156e+01   2.8453e-02   1.5760e-01   2.6666e+02
20251218_00:00:00   1.8444e+00   2.3083e+02   1.8663e+01   2.9376e-01   2.1371e-01   2.6632e+02
20251218_03:00:00   3.3479e+00   2.6566e+02   2.1478e+01   8.1941e-01   7.2104e-02   2.6388e+02
20251218_06:00:00   3.2756e+00   2.6499e+02   2.1228e+01   7.9905e-01   3.9948e-02   2.7215e+02
20251218_09:00:00   3.3596e+00   2.6567e+02   2.1533e+01   8.2729e-01   1.6301e-01   2.7565e+02
20251218_12:00:00   2.6680e+00   2.5640e+02   2.2099e+01   5.1332e-01   4.7595e-01   2.7746e+02
20251218_15:00:00   3.4009e+00   2.6754e+02   2.3431e+01   7.6876e-01   5.2344e-01   2.8002e+02
20251218_18:00:00   4.0751e+00   2.7242e+02   2.4187e+01   1.0336e+00   5.3192e-01   2.8035e+02
20251218_21:00:00   2.1317e+00   2.4534e+02   2.1325e+01   2.9154e-01   2.3442e-03   2.9096e+02
20251219_00:00:00   3.0639e+00   2.6538e+02   2.0948e+01   6.6807e-01   1.0040e-03   2.9633e+02
20251219_03:00:00   1.6735e+00   2.2744e+02   1.7583e+01   1.8960e-01   0.0000e+00   2.9397e+02
20251219_06:00:00   1.6024e+00   2.2325e+02   1.6254e+01   1.9523e-01   0.0000e+00   2.8456e+02
20251219_09:00:00   1.1240e+00   1.8997e+02   1.5517e+01   2.6952e-02   2.3037e-03   2.8328e+02
20251219_12:00:00   1.1733e+00   1.9462e+02   1.6620e+01   2.0437e-02   2.3852e-04   2.8437e+02
20251219_15:00:00   1.6820e+00   2.2909e+02   1.9408e+01   1.5090e-01   8.9453e-03   2.8614e+02
20251219_18:00:00   3.0055e+00   2.6647e+02   1.9898e+01   6.6812e-01   2.4301e-02   2.8495e+02
20251219_21:00:00   1.1520e+00   1.8917e+02   1.5612e+01   7.5012e-02   1.2770e-01   2.8438e+02
20251220_00:00:00   5.7501e-01   1.2048e+02   1.0367e+01   0.0000e+00   2.0346e-03   2.8912e+02
20251220_03:00:00   5.2263e-01   1.1182e+02   9.3869e+00   0.0000e+00   3.2766e-02   2.9362e+02
20251220_06:00:00   5.0013e-01   1.0814e+02   8.9045e+00   0.0000e+00   2.0996e-03   2.9802e+02
20251220_09:00:00   4.1646e-01   9.4160e+01   7.3794e+00   0.0000e+00   3.1859e-04   2.9782e+02
20251220_12:00:00   3.6054e-01   8.4393e+01   6.3132e+00   0.0000e+00   0.0000e+00   2.9966e+02
20251220_15:00:00   3.7504e-01   8.7499e+01   6.5894e+00   0.0000e+00   1.1386e-03   2.9789e+02
20251220_18:00:00   4.6750e-01   1.0381e+02   8.3347e+00   0.0000e+00   4.7514e-02   3.0642e+02
20251220_21:00:00   5.5295e-01   1.1757e+02   9.8281e+00   0.0000e+00   2.9486e-02   3.0793e+02
20251221_00:00:00   5.9798e-01   1.2376e+02   1.0694e+01   5.2540e-05   1.3344e-02   2.9817e+02
20251221_03:00:00   1.2988e+00   1.9920e+02   1.8583e+01   5.8110e-02   3.8058e-01   2.9265e+02
20251221_06:00:00   3.0267e+00   2.6112e+02   2.0925e+01   6.9509e-01   2.1687e-01   2.8970e+02
20251221_09:00:00   2.8476e+00   2.5876e+02   2.1430e+01   5.9860e-01   8.1560e-01   2.8630e+02
20251221_12:00:00   2.1814e+00   2.4564e+02   2.0052e+01   3.4864e-01   1.4961e-03   2.8599e+02
20251221_15:00:00   1.5053e+00   2.1645e+02   2.1076e+01   6.0829e-02   8.6236e-02   2.8818e+02
20251221_18:00:00   1.9074e+00   2.3774e+02   2.3301e+01   1.6055e-01   1.6372e-01   2.8937e+02
20251221_21:00:00   1.5145e+00   2.1856e+02   2.1498e+01   4.8684e-02   1.2734e-02   2.8787e+02
20251222_00:00:00   2.6370e+00   2.6035e+02   2.4001e+01   4.1816e-01   2.7457e-02   2.9017e+02
20251222_03:00:00   4.1726e+00   2.7669e+02   2.4758e+01   1.0093e+00   4.1168e-03   2.9210e+02
20251222_06:00:00   1.6406e+00   2.2148e+02   1.8214e+01   2.0534e-01   1.6478e-03   2.9656e+02
20251222_09:00:00   3.1249e-01   7.4895e+01   5.2970e+00   0.0000e+00   3.4888e-03   3.0383e+02
20251222_12:00:00   2.3834e-01   5.9921e+01   4.0024e+00   0.0000e+00   0.0000e+00   3.0188e+02
20251222_15:00:00   2.3097e-01   5.8266e+01   3.8757e+00   0.0000e+00   6.4491e-04   3.0629e+02
20251222_18:00:00   2.5215e-01   6.2534e+01   4.2260e+00   0.0000e+00   1.4224e-02   3.1099e+02
20251222_21:00:00   2.6883e-01   6.5790e+01   4.4275e+00   0.0000e+00   1.3993e-03   3.1594e+02
20251223_00:00:00   2.7343e-01   6.6866e+01   4.4352e+00   0.0000e+00   0.0000e+00   3.1668e+02
20251223_03:00:00   2.8849e-01   6.9623e+01   4.8251e+00   0.0000e+00   2.8405e-04   3.0456e+02
20251223_06:00:00   3.6937e-01   8.4311e+01   6.3508e+00   0.0000e+00   3.6398e-03   3.1373e+02
20251223_09:00:00   4.2888e-01   9.4689e+01   7.2924e+00   0.0000e+00   1.1553e-02   3.3637e+02
20251223_12:00:00   4.0387e-01   9.0892e+01   6.7437e+00   0.0000e+00   4.2478e-02   3.3703e+02
20251223_15:00:00   3.9391e-01   8.9700e+01   6.5664e+00   0.0000e+00   2.1125e-02   3.3304e+02
20251223_18:00:00   3.7761e-01   8.7358e+01   6.3494e+00   0.0000e+00   2.6816e-04   3.1747e+02
20251223_21:00:00   3.7715e-01   8.7400e+01   6.3960e+00   0.0000e+00   4.3844e-04   3.1301e+02
20251224_00:00:00   3.6943e-01   8.5784e+01   6.3693e+00   0.0000e+00   5.2698e-04   3.1491e+02
20251224_03:00:00   4.2705e-01   9.5796e+01   7.5324e+00   0.0000e+00   2.6654e-03   3.1002e+02
20251224_06:00:00   5.2493e-01   1.1169e+02   9.3276e+00   0.0000e+00   5.9375e-03   3.0534e+02
20251224_09:00:00   5.5909e-01   1.1704e+02   9.9104e+00   0.0000e+00   3.1040e-04   3.0179e+02
20251224_12:00:00   6.3391e-01   1.2791e+02   1.1161e+01   0.0000e+00   5.7965e-04   2.9989e+02
20251224_15:00:00   6.6674e-01   1.3261e+02   1.1681e+01   0.0000e+00   1.4186e-03   2.8733e+02
20251224_18:00:00   7.3900e-01   1.4274e+02   1.2720e+01   0.0000e+00   1.0334e-02   2.7761e+02
20251224_21:00:00   6.9264e-01   1.3756e+02   1.2011e+01   0.0000e+00   1.5332e-03   2.7546e+02
20251225_00:00:00   6.9817e-01   1.3871e+02   1.1985e+01   0.0000e+00   4.2545e-03   2.7527e+02
20251225_03:00:00   8.1638e-01   1.5390e+02   1.3507e+01   0.0000e+00   2.7089e-03   2.7534e+02
20251225_06:00:00   1.0524e+00   1.7900e+02   1.7523e+01   0.0000e+00   4.6434e-03   2.7230e+02
20251225_09:00:00   1.1758e+00   1.9094e+02   1.7821e+01   3.0135e-02   7.0308e-03   2.7510e+02
20251225_12:00:00   1.0425e+00   1.7952e+02   1.6989e+01   0.0000e+00   9.8028e-03   2.7838e+02
20251225_15:00:00   1.0801e+00   1.8320e+02   1.6979e+01   1.5142e-02   2.5602e-04   2.8217e+02
20251225_18:00:00   1.5592e+00   2.1898e+02   1.9135e+01   1.5404e-01   1.6622e-03   2.8283e+02
