#            date       tau255        Tb[K]      pwv[mm] lwp[kg*m^-2] iwp[kg*m^-2]       o3[DU]
20251208_00:00:00   5.1844e-01   1.1133e+02   8.1608e+00   0.0000e+00   9.5985e-06   3.0706e+02
20251208_01:00:00   5.2323e-01   1.1223e+02   8.1439e+00   0.0000e+00   9.3816e-06   3.0731e+02
20251208_02:00:00   5.4176e-01   1.1515e+02   8.3177e+00   0.0000e+00   1.8102e-03   3.1072e+02
20251208_03:00:00   5.4218e-01   1.1513e+02   8.2465e+00   8.1080e-04   5.2583e-03   3.1544e+02
20251208_04:00:00   5.3678e-01   1.1414e+02   8.2030e+00   0.0000e+00   1.4799e-02   3.1848e+02
20251208_05:00:00   5.5335e-01   1.1650e+02   8.4627e+00   0.0000e+00   1.5874e-02   3.1766e+02
20251208_06:00:00   5.8272e-01   1.2072e+02   8.9214e+00   0.0000e+00   1.9217e-02   3.1906e+02
20251208_07:00:00   6.1678e-01   1.2543e+02   9.4443e+00   2.7120e-06   5.4906e-02   3.1755e+02
20251208_08:00:00   6.5257e-01   1.3025e+02   9.9938e+00   1.3711e-04   1.0043e-01   3.1465e+02
20251208_09:00:00   6.8560e-01   1.3450e+02   1.0453e+01   8.9075e-04   1.3041e-01   3.1401e+02
20251208_10:00:00   7.1331e-01   1.3780e+02   1.0859e+01   0.0000e+00   3.0402e-01   3.0898e+02
20251208_11:00:00   7.3116e-01   1.3969e+02   1.1093e+01   9.6000e-06   4.4310e-01   3.0852e+02
20251208_12:00:00   7.1055e-01   1.3677e+02   1.0765e+01   0.0000e+00   5.3408e-01   3.1064e+02
20251208_13:00:00   6.8622e-01   1.3328e+02   1.0374e+01   0.0000e+00   5.7016e-01   3.1745e+02
20251208_14:00:00   6.5529e-01   1.2889e+02   9.9131e+00   3.7580e-05   5.5230e-01   3.1737e+02
20251208_15:00:00   6.3786e-01   1.2636e+02   9.6154e+00   1.0738e-05   5.8186e-01   3.1770e+02
20251208_16:00:00   6.1651e-01   1.2327e+02   9.2853e+00   5.3700e-06   5.0947e-01   3.1456e+02
20251208_17:00:00   5.9319e-01   1.1983e+02   8.8725e+00   2.3700e-04   5.0697e-01   3.1412e+02
20251208_18:00:00   5.7821e-01   1.1755e+02   8.6024e+00   1.3724e-03   4.3833e-01   3.1959e+02
20251208_19:00:00   5.6075e-01   1.1484e+02   8.3012e+00   1.0042e-03   4.9605e-01   3.2129e+02
20251208_20:00:00   5.4261e-01   1.1206e+02   8.0466e+00   0.0000e+00   4.3279e-01   3.2299e+02
20251208_21:00:00   5.3029e-01   1.1015e+02   7.8345e+00   0.0000e+00   3.9296e-01   3.2850e+02
20251208_22:00:00   5.2057e-01   1.0863e+02   7.6883e+00   0.0000e+00   3.1073e-01   3.2756e+02
20251208_23:00:00   5.1427e-01   1.0766e+02   7.6097e+00   0.0000e+00   2.2053e-01   3.2137e+02
20251209_00:00:00   5.0796e-01   1.0666e+02   7.5211e+00   0.0000e+00   1.6877e-01   3.1554e+02
20251209_01:00:00   5.0185e-01   1.0572e+02   7.4367e+00   0.0000e+00   9.1572e-02   3.2325e+02
20251209_02:00:00   4.9095e-01   1.0408e+02   7.2350e+00   0.0000e+00   6.0126e-02   3.2457e+02
20251209_03:00:00   4.6910e-01   1.0071e+02   6.8580e+00   0.0000e+00   2.4972e-02   3.2753e+02
20251209_04:00:00   4.3907e-01   9.5980e+01   6.3861e+00   0.0000e+00   2.4126e-03   3.2006e+02
20251209_05:00:00   4.0381e-01   9.0130e+01   5.8352e+00   0.0000e+00   6.1050e-04   3.2400e+02
20251209_06:00:00   3.5610e-01   8.1913e+01   5.0591e+00   0.0000e+00   2.8477e-04   3.2713e+02
20251209_07:00:00   3.1639e-01   7.4715e+01   4.4351e+00   0.0000e+00   2.9643e-04   3.3302e+02
20251209_08:00:00   2.7934e-01   6.7648e+01   3.8628e+00   0.0000e+00   3.3939e-04   3.4198e+02
20251209_09:00:00   2.5820e-01   6.3365e+01   3.6041e+00   0.0000e+00   3.7496e-04   3.4283e+02
20251209_10:00:00   2.4607e-01   6.0731e+01   3.5081e+00   0.0000e+00   3.3087e-04   3.4216e+02
20251209_11:00:00   2.4462e-01   6.0356e+01   3.5457e+00   0.0000e+00   2.8298e-04   3.4845e+02
20251209_12:00:00   2.5750e-01   6.2873e+01   3.8469e+00   0.0000e+00   4.1041e-04   3.5057e+02
20251209_13:00:00   2.5410e-01   6.2214e+01   3.8774e+00   0.0000e+00   3.5522e-03   3.5017e+02
20251209_14:00:00   2.6953e-01   6.5380e+01   4.2152e+00   9.1670e-05   8.2230e-03   3.4970e+02
20251209_15:00:00   2.9312e-01   7.0106e+01   4.7059e+00   0.0000e+00   1.0162e-02   3.5035e+02
20251209_16:00:00   3.2752e-01   7.6916e+01   5.2591e+00   0.0000e+00   5.0838e-03   3.5217e+02
20251209_17:00:00   3.8003e-01   8.6841e+01   6.0329e+00   0.0000e+00   3.3217e-03   3.5347e+02
20251209_18:00:00   3.9946e-01   9.0661e+01   6.2725e+00   0.0000e+00   1.1827e-03   3.5588e+02
20251209_19:00:00   4.1503e-01   9.3691e+01   6.4209e+00   0.0000e+00   2.0257e-03   3.5599e+02
20251209_20:00:00   4.3979e-01   9.8182e+01   6.7576e+00   0.0000e+00   2.7551e-03   3.5674e+02
20251209_21:00:00   4.7667e-01   1.0441e+02   7.2340e+00   0.0000e+00   8.0490e-04   3.4928e+02
20251209_22:00:00   4.9602e-01   1.0754e+02   7.5443e+00   0.0000e+00   4.8351e-04   3.4513e+02
20251209_23:00:00   5.0966e-01   1.0956e+02   7.7981e+00   3.5920e-04   1.8871e-03   3.4524e+02
20251210_00:00:00   5.3313e-01   1.1300e+02   8.2514e+00   8.7270e-04   6.5892e-03   3.4969e+02
20251210_01:00:00   5.7412e-01   1.1906e+02   9.0936e+00   3.6220e-04   1.8792e-03   3.5060e+02
20251210_02:00:00   6.5038e-01   1.2987e+02   1.0356e+01   1.0020e-05   6.7778e-04   3.5444e+02
20251210_03:00:00   6.5070e-01   1.2995e+02   1.0343e+01   2.8690e-06   6.0291e-04   3.5073e+02
20251210_04:00:00   6.7167e-01   1.3290e+02   1.0633e+01   9.7620e-05   3.5160e-03   3.4802e+02
20251210_05:00:00   6.9747e-01   1.3634e+02   1.1124e+01   3.1440e-04   3.1219e-03   3.4156e+02
20251210_06:00:00   6.9891e-01   1.3648e+02   1.1292e+01   0.0000e+00   4.3114e-03   3.3737e+02
20251210_07:00:00   6.7911e-01   1.3375e+02   1.1181e+01   0.0000e+00   6.0792e-03   3.3742e+02
20251210_08:00:00   7.1755e-01   1.3879e+02   1.1844e+01   0.0000e+00   2.5364e-02   3.3509e+02
20251210_09:00:00   7.4151e-01   1.4199e+02   1.2244e+01   0.0000e+00   4.3419e-02   3.3715e+02
20251210_10:00:00   7.7205e-01   1.4591e+02   1.2683e+01   0.0000e+00   1.6913e-01   3.3579e+02
20251210_11:00:00   7.7178e-01   1.4585e+02   1.2702e+01   0.0000e+00   2.8221e-01   3.3429e+02
20251210_12:00:00   7.6118e-01   1.4463e+02   1.2665e+01   0.0000e+00   1.4229e-01   3.3371e+02
20251210_13:00:00   7.4642e-01   1.4290e+02   1.2528e+01   0.0000e+00   1.8361e-01   3.3215e+02
20251210_14:00:00   7.3774e-01   1.4193e+02   1.2443e+01   0.0000e+00   1.9422e-01   3.3139e+02
20251210_15:00:00   7.4893e-01   1.4372e+02   1.2699e+01   0.0000e+00   5.1875e-02   3.2587e+02
20251210_16:00:00   7.6455e-01   1.4578e+02   1.2919e+01   0.0000e+00   7.2554e-02   3.2577e+02
20251210_17:00:00   8.7981e-01   1.5954e+02   1.4166e+01   7.1920e-03   2.0999e-01   3.2598e+02
20251210_18:00:00   9.1399e-01   1.6318e+02   1.4428e+01   9.7177e-04   3.3696e-01   3.3132e+02
20251210_19:00:00   9.3170e-01   1.6511e+02   1.3200e+01   3.9055e-02   2.5337e-01   3.3679e+02
20251210_20:00:00   8.7197e-01   1.5849e+02   1.3130e+01   7.5939e-03   2.9014e-01   3.3677e+02
20251210_21:00:00   1.1829e+00   1.8887e+02   1.2550e+01   1.4575e-01   4.5993e-01   3.4278e+02
20251210_22:00:00   1.7248e+00   2.2377e+02   1.1324e+01   4.0336e-01   2.9964e-01   3.4661e+02
20251210_23:00:00   2.4665e+00   2.4893e+02   9.6154e+00   7.6100e-01   1.4055e-01   3.4770e+02
20251211_00:00:00   1.7932e+00   2.2647e+02   9.6823e+00   4.7619e-01   2.0184e-01   3.4759e+02
20251211_01:00:00   1.2989e+00   1.9626e+02   7.5195e+00   3.3864e-01   8.2185e-02   3.5529e+02
20251211_02:00:00   6.3311e-01   1.2830e+02   6.7097e+00   6.9581e-02   1.1379e-01   3.5182e+02
20251211_03:00:00   5.8621e-01   1.2096e+02   7.7256e+00   2.6945e-02   1.1349e-01   3.5022e+02
20251211_04:00:00   5.1350e-01   1.0912e+02   7.7495e+00   6.9580e-06   5.1449e-02   3.4880e+02
20251211_05:00:00   4.9970e-01   1.0696e+02   7.5951e+00   0.0000e+00   3.3519e-02   3.3568e+02
20251211_06:00:00   5.9340e-01   1.2155e+02   7.1846e+00   4.9583e-02   5.3700e-02   3.2485e+02
20251211_07:00:00   4.1667e-01   9.3781e+01   6.1049e+00   1.4880e-04   3.1091e-02   3.1731e+02
20251211_08:00:00   3.4611e-01   8.1290e+01   4.8929e+00   1.7784e-04   1.6133e-02   3.1790e+02
20251211_09:00:00   3.0241e-01   7.2962e+01   4.1985e+00   2.0900e-05   1.6578e-02   3.1611e+02
20251211_10:00:00   2.7971e-01   6.8423e+01   3.8585e+00   0.0000e+00   1.0437e-02   3.0616e+02
20251211_11:00:00   2.6433e-01   6.5261e+01   3.6472e+00   0.0000e+00   6.4764e-03   3.0299e+02
20251211_12:00:00   2.5977e-01   6.4238e+01   3.5693e+00   1.0306e-03   6.6569e-03   3.0186e+02
20251211_13:00:00   2.7778e-01   6.7697e+01   3.6790e+00   7.2507e-03   1.1121e-02   3.0580e+02
20251211_14:00:00   2.7275e-01   6.6617e+01   3.8427e+00   2.6041e-03   6.9618e-03   3.0742e+02
20251211_15:00:00   2.7175e-01   6.6391e+01   3.9991e+00   5.7260e-04   3.8570e-03   3.0750e+02
20251211_16:00:00   2.8376e-01   6.8729e+01   4.2826e+00   2.5440e-04   2.4452e-03   3.1033e+02
20251211_17:00:00   3.0212e-01   7.2125e+01   4.6955e+00   1.3424e-05   7.6919e-04   3.0789e+02
20251211_18:00:00   3.3212e-01   7.7778e+01   5.2169e+00   8.0540e-06   1.3816e-03   3.0376e+02
20251211_19:00:00   3.6368e-01   8.3435e+01   5.7946e+00   0.0000e+00   4.6598e-03   3.0353e+02
20251211_20:00:00   3.9070e-01   8.8172e+01   6.2093e+00   2.4160e-05   7.5569e-03   3.0405e+02
20251211_21:00:00   4.2093e-01   9.3270e+01   6.6811e+00   8.0540e-06   7.8418e-02   3.0620e+02
20251211_22:00:00   4.5685e-01   9.9169e+01   7.2720e+00   0.0000e+00   2.7102e-02   3.1199e+02
20251211_23:00:00   4.7983e-01   1.0283e+02   7.5680e+00   0.0000e+00   8.9993e-03   3.1345e+02
20251212_00:00:00   5.2352e-01   1.0957e+02   8.2992e+00   0.0000e+00   7.2360e-03   3.1316e+02
20251212_01:00:00   5.5770e-01   1.1468e+02   8.8389e+00   5.6700e-05   3.1071e-02   3.1235e+02
20251212_02:00:00   5.8248e-01   1.1851e+02   9.1010e+00   0.0000e+00   6.5808e-02   3.0741e+02
20251212_03:00:00   5.8487e-01   1.1908e+02   9.0677e+00   0.0000e+00   1.8121e-02   3.0767e+02
20251212_04:00:00   5.8582e-01   1.1928e+02   9.0605e+00   0.0000e+00   5.1973e-02   3.0837e+02
20251212_05:00:00   5.9516e-01   1.2085e+02   9.1669e+00   0.0000e+00   7.8756e-02   3.1688e+02
20251212_06:00:00   5.9837e-01   1.2142e+02   9.2161e+00   0.0000e+00   1.1575e-01   3.2603e+02
20251212_07:00:00   5.9743e-01   1.2163e+02   9.1654e+00   0.0000e+00   8.8363e-02   3.2539e+02
20251212_08:00:00   5.8417e-01   1.1993e+02   8.9298e+00   0.0000e+00   8.7010e-02   3.2381e+02
20251212_09:00:00   5.7511e-01   1.1858e+02   8.7866e+00   0.0000e+00   9.6205e-02   3.1831e+02
20251212_10:00:00   5.4722e-01   1.1464e+02   8.2586e+00   2.9780e-05   6.9579e-02   3.1619e+02
20251212_11:00:00   5.2294e-01   1.1102e+02   7.8772e+00   0.0000e+00   3.2646e-02   3.1279e+02
20251212_12:00:00   4.9293e-01   1.0644e+02   7.3161e+00   0.0000e+00   3.5881e-02   3.1393e+02
20251212_13:00:00   4.9992e-01   1.0749e+02   7.4973e+00   0.0000e+00   2.7156e-02   3.1495e+02
20251212_14:00:00   4.9259e-01   1.0641e+02   7.4486e+00   1.0288e-03   1.0913e-02   3.1484e+02
20251212_15:00:00   5.0810e-01   1.0903e+02   7.5507e+00   7.5422e-03   1.0486e-02   3.1652e+02
20251212_16:00:00   5.2840e-01   1.1238e+02   7.4819e+00   2.0080e-02   1.0842e-02   3.1698e+02
20251212_17:00:00   5.6648e-01   1.1817e+02   8.0160e+00   2.6180e-02   5.2979e-03   3.1754e+02
20251212_18:00:00   6.5420e-01   1.3086e+02   8.5645e+00   4.9947e-02   3.0308e-03   3.1906e+02
20251212_19:00:00   6.3334e-01   1.2783e+02   8.9551e+00   3.4254e-02   1.6567e-02   3.2024e+02
20251212_20:00:00   6.5476e-01   1.3079e+02   9.2943e+00   3.5858e-02   4.9304e-02   3.1672e+02
20251212_21:00:00   7.8371e-01   1.4730e+02   1.0370e+01   6.0817e-02   1.9201e-01   3.1329e+02
20251212_22:00:00   8.4397e-01   1.5425e+02   1.1355e+01   5.8637e-02   1.4535e-01   3.1576e+02
20251212_23:00:00   9.2871e-01   1.6365e+02   1.1600e+01   8.6700e-02   6.9253e-02   3.1630e+02
20251213_00:00:00   1.2250e+00   1.9057e+02   1.2076e+01   1.9581e-01   1.8688e-01   3.1926e+02
20251213_03:00:00   9.6331e-01   1.6729e+02   1.0592e+01   1.1910e-01   5.0926e-02   3.2253e+02
20251213_06:00:00   4.7682e-01   1.0377e+02   7.2657e+00   1.1968e-04   2.5883e-02   3.2601e+02
20251213_09:00:00   3.7677e-01   8.5803e+01   6.1208e+00   8.0062e-05   2.8342e-02   3.2938e+02
20251213_12:00:00   2.9209e-01   6.9840e+01   4.9164e+00   1.8792e-04   4.4807e-03   3.2236e+02
20251213_15:00:00   3.1964e-01   7.5141e+01   5.4946e+00   0.0000e+00   2.4497e-04   3.1065e+02
20251213_18:00:00   4.1206e-01   9.1862e+01   7.0823e+00   0.0000e+00   1.3377e-03   3.0414e+02
20251213_21:00:00   5.3702e-01   1.1172e+02   9.2012e+00   0.0000e+00   5.4329e-03   3.0745e+02
20251214_00:00:00   6.2752e-01   1.2449e+02   1.0534e+01   0.0000e+00   1.0135e-02   3.1166e+02
20251214_03:00:00   6.1326e-01   1.2244e+02   1.0346e+01   0.0000e+00   1.6600e-02   3.0934e+02
20251214_06:00:00   6.2189e-01   1.2363e+02   1.0390e+01   0.0000e+00   1.0024e-02   3.1211e+02
20251214_09:00:00   5.6137e-01   1.1517e+02   9.1895e+00   0.0000e+00   9.8240e-03   3.0871e+02
20251214_12:00:00   4.9931e-01   1.0571e+02   8.1913e+00   0.0000e+00   2.1079e-04   3.0203e+02
20251214_15:00:00   4.1856e-01   9.2967e+01   6.7741e+00   0.0000e+00   2.9402e-05   3.1121e+02
20251214_18:00:00   4.0962e-01   9.1844e+01   6.4985e+00   0.0000e+00   2.9242e-05   3.0600e+02
20251214_21:00:00   4.2769e-01   9.5261e+01   6.6851e+00   0.0000e+00   5.9091e-05   3.0554e+02
20251215_00:00:00   3.7958e-01   8.6883e+01   5.8264e+00   0.0000e+00   5.0508e-06   3.0041e+02
20251215_03:00:00   3.6934e-01   8.5186e+01   5.7790e+00   0.0000e+00   4.0780e-06   2.9052e+02
20251215_06:00:00   4.4340e-01   9.8179e+01   7.2285e+00   0.0000e+00   2.5250e-06   2.8369e+02
20251215_09:00:00   5.3528e-01   1.1323e+02   8.8034e+00   0.0000e+00   2.0380e-04   2.7408e+02
20251215_12:00:00   6.4370e-01   1.2913e+02   1.0679e+01   1.1578e-06   3.3734e-03   2.7205e+02
20251215_15:00:00   6.4687e-01   1.3039e+02   1.0682e+01   0.0000e+00   1.6170e-02   2.7166e+02
20251215_18:00:00   6.1834e-01   1.2721e+02   1.0080e+01   0.0000e+00   1.9804e-02   2.6679e+02
20251215_21:00:00   6.6508e-01   1.3356e+02   1.0859e+01   0.0000e+00   5.1502e-02   2.6514e+02
20251216_00:00:00   1.2157e+00   1.9234e+02   1.3788e+01   1.4407e-01   5.4394e-02   2.6350e+02
20251216_03:00:00   2.3252e+00   2.4605e+02   1.5654e+01   5.5525e-01   4.2212e-02   2.6485e+02
20251216_06:00:00   2.9242e+00   2.5887e+02   1.8239e+01   7.2677e-01   2.4143e-01   2.7153e+02
20251216_09:00:00   2.0663e+00   2.3823e+02   1.7505e+01   3.8641e-01   7.8414e-01   2.7467e+02
20251216_12:00:00   1.3604e+00   2.0215e+02   1.1212e+01   2.6139e-01   4.9784e-02   2.9583e+02
20251216_15:00:00   4.9256e-01   1.0712e+02   4.5695e+00   6.8055e-02   1.5452e-02   2.9726e+02
20251216_18:00:00   2.9732e-01   7.2131e+01   3.1727e+00   2.6400e-02   8.7457e-03   2.9672e+02
20251216_21:00:00   2.3607e-01   5.9723e+01   3.1434e+00   3.2960e-03   4.0240e-03   2.9829e+02
20251217_00:00:00   2.6594e-01   6.5483e+01   3.5476e+00   8.2140e-03   4.7632e-03   2.9539e+02
20251217_03:00:00   2.4041e-01   6.0439e+01   3.4608e+00   1.5010e-04   4.7125e-04   2.9124e+02
20251217_06:00:00   2.3763e-01   5.9885e+01   3.6682e+00   0.0000e+00   1.9345e-04   2.9511e+02
20251217_09:00:00   2.1320e-01   5.4942e+01   3.3268e+00   0.0000e+00   0.0000e+00   3.0107e+02
20251217_12:00:00   2.0086e-01   5.2309e+01   3.1177e+00   0.0000e+00   0.0000e+00   2.9820e+02
20251217_15:00:00   2.0395e-01   5.3449e+01   3.0877e+00   0.0000e+00   0.0000e+00   2.9469e+02
20251217_18:00:00   2.4416e-01   6.1728e+01   3.9270e+00   0.0000e+00   6.1702e-04   3.0068e+02
20251217_21:00:00   3.6769e-01   8.6138e+01   5.7407e+00   0.0000e+00   5.6454e-03   3.0248e+02
20251218_00:00:00   3.4181e-01   8.0664e+01   5.5635e+00   0.0000e+00   8.4564e-03   3.1376e+02
20251218_03:00:00   4.2249e-01   9.5544e+01   6.9419e+00   0.0000e+00   0.0000e+00   3.1227e+02
20251218_06:00:00   4.4766e-01   1.0017e+02   7.2495e+00   0.0000e+00   0.0000e+00   3.1220e+02
20251218_09:00:00   4.2479e-01   9.6703e+01   6.5418e+00   0.0000e+00   0.0000e+00   3.1052e+02
20251218_12:00:00   3.9952e-01   9.2356e+01   6.1509e+00   0.0000e+00   1.2910e-03   3.1915e+02
20251218_15:00:00   6.4061e-01   1.2972e+02   1.0516e+01   0.0000e+00   1.3726e-03   3.3471e+02
20251218_18:00:00   7.0775e-01   1.3908e+02   1.1446e+01   0.0000e+00   2.7808e-02   3.3856e+02
20251218_21:00:00   8.8989e-01   1.6044e+02   1.0851e+01   8.9160e-02   2.1979e-02   3.5359e+02
20251219_00:00:00   8.3282e-01   1.5321e+02   9.8948e+00   9.3979e-02   4.6643e-02   3.5382e+02
20251219_03:00:00   4.5505e-01   9.9758e+01   7.0257e+00   1.0048e-02   1.5554e-02   3.4913e+02
20251219_06:00:00   3.2271e-01   7.6257e+01   4.9636e+00   4.9420e-03   1.3787e-02   3.2718e+02
20251219_09:00:00   2.3767e-01   5.9681e+01   3.9064e+00   0.0000e+00   1.1430e-04   3.1071e+02
20251219_12:00:00   2.4554e-01   6.1473e+01   4.0747e+00   0.0000e+00   1.8796e-05   3.0534e+02
20251219_15:00:00   3.0210e-01   7.2929e+01   5.0667e+00   0.0000e+00   8.0540e-07   2.9447e+02
20251219_18:00:00   3.7114e-01   8.6258e+01   6.2194e+00   0.0000e+00   0.0000e+00   2.8781e+02
20251219_21:00:00   4.1477e-01   9.4458e+01   6.7995e+00   0.0000e+00   2.9940e-06   2.8534e+02
20251220_00:00:00   4.3602e-01   9.8445e+01   7.0928e+00   0.0000e+00   4.0780e-06   2.8665e+02
20251220_03:00:00   4.8756e-01   1.0745e+02   8.1910e+00   0.0000e+00   0.0000e+00   2.8704e+02
20251220_06:00:00   5.2067e-01   1.1332e+02   8.8200e+00   0.0000e+00   0.0000e+00   2.8836e+02
20251220_09:00:00   5.7557e-01   1.2205e+02   9.7848e+00   0.0000e+00   1.2347e-03   2.9820e+02
20251220_12:00:00   5.7977e-01   1.2301e+02   9.6113e+00   0.0000e+00   3.8395e-03   2.9460e+02
20251220_15:00:00   6.0257e-01   1.2679e+02   1.0121e+01   0.0000e+00   1.5978e-03   2.8772e+02
20251220_18:00:00   6.5201e-01   1.3385e+02   1.1072e+01   0.0000e+00   2.6280e-05   2.9379e+02
20251220_21:00:00   6.7650e-01   1.3747e+02   1.0595e+01   3.8400e-05   2.7301e-04   2.9246e+02
20251221_00:00:00   7.0313e-01   1.4100e+02   8.7207e+00   4.8700e-02   9.1961e-05   2.9324e+02
20251221_03:00:00   8.1557e-01   1.5488e+02   6.6089e+00   1.4719e-01   7.4840e-05   2.9569e+02
20251221_06:00:00   6.6433e-01   1.3439e+02   5.4906e+00   1.2144e-01   2.6980e-04   2.9852e+02
20251221_09:00:00   4.2990e-01   9.7295e+01   5.4591e+00   2.9560e-02   2.9144e-04   2.9612e+02
20251221_12:00:00   3.4457e-01   8.1426e+01   5.3508e+00   0.0000e+00   1.0753e-04   2.9750e+02
20251221_15:00:00   4.1491e-01   9.3773e+01   6.8971e+00   0.0000e+00   1.3396e-03   3.0387e+02
20251221_18:00:00   3.5790e-01   8.4080e+01   5.7441e+00   0.0000e+00   1.2753e-03   3.1095e+02
20251221_21:00:00   3.9487e-01   9.1043e+01   6.2737e+00   0.0000e+00   0.0000e+00   3.1427e+02
20251222_00:00:00   4.1053e-01   9.3367e+01   6.7449e+00   0.0000e+00   0.0000e+00   3.1822e+02
20251222_03:00:00   4.7212e-01   1.0361e+02   8.0532e+00   0.0000e+00   1.3074e-03   3.2672e+02
20251222_06:00:00   4.7946e-01   1.0479e+02   8.3160e+00   0.0000e+00   4.3364e-02   3.3113e+02
20251222_09:00:00   5.6331e-01   1.1829e+02   9.4717e+00   0.0000e+00   5.9834e-02   3.3696e+02
20251222_12:00:00   6.1315e-01   1.2584e+02   9.9925e+00   0.0000e+00   9.0480e-02   3.3957e+02
20251222_15:00:00   1.2534e+00   1.9571e+02   1.1834e+01   2.0666e-01   1.4091e-02   3.3604e+02
20251222_18:00:00   1.2278e+00   1.9371e+02   1.3474e+01   1.5458e-01   2.1356e-02   3.3553e+02
20251222_21:00:00   7.5991e-01   1.4746e+02   1.1125e+01   1.3527e-02   4.8753e-04   3.2738e+02
20251223_00:00:00   8.9479e-01   1.6314e+02   1.2985e+01   2.7013e-02   5.0460e-02   3.2738e+02
20251223_03:00:00   9.3041e-01   1.6659e+02   1.4491e+01   1.8521e-02   1.3251e-01   3.2084e+02
20251223_06:00:00   2.5505e+00   2.5323e+02   1.8800e+01   5.4954e-01   4.8669e-01   3.2033e+02
20251223_09:00:00   2.5159e+00   2.5221e+02   1.8702e+01   5.4690e-01   6.2017e-01   3.1630e+02
20251223_12:00:00   1.8369e+00   2.3086e+02   1.7595e+01   2.8768e-01   2.9479e-01   3.2222e+02
20251223_15:00:00   3.6044e+00   2.6726e+02   1.6870e+01   1.0425e+00   4.3261e-02   3.3755e+02
20251223_18:00:00   3.1384e+00   2.6319e+02   1.2504e+01   9.3816e-01   1.2612e-03   3.2266e+02
20251223_21:00:00   1.1623e+00   1.9056e+02   8.4546e+00   2.2936e-01   2.9764e-05   3.1632e+02
20251224_00:00:00   5.6710e-01   1.2130e+02   7.3545e+00   3.2960e-02   7.8917e-03   3.1678e+02
