#            date       tau255        Tb[K]      pwv[mm] lwp[kg*m^-2] iwp[kg*m^-2]       o3[DU]
20251211_00:00:00   8.6941e-01   1.5750e+02   8.6299e+00   1.1735e-01   2.3803e-01   3.4089e+02
20251211_01:00:00   6.1391e-01   1.2455e+02   8.3407e+00   1.6951e-02   1.9568e-01   3.4171e+02
20251211_02:00:00   5.2984e-01   1.1198e+02   7.6175e+00   2.4440e-03   9.1973e-02   3.3686e+02
20251211_03:00:00   5.3660e-01   1.1302e+02   7.2375e+00   1.7341e-02   7.1614e-02   3.2756e+02
20251211_04:00:00   4.4339e-01   9.7864e+01   6.4751e+00   0.0000e+00   3.8065e-02   3.2593e+02
20251211_05:00:00   4.0947e-01   9.1913e+01   6.0022e+00   0.0000e+00   2.8744e-02   3.2084e+02
20251211_06:00:00   3.6933e-01   8.4605e+01   5.3911e+00   0.0000e+00   1.8404e-02   3.1321e+02
20251211_07:00:00   3.5981e-01   8.2675e+01   5.2312e+00   0.0000e+00   2.7148e-02   3.0383e+02
20251211_08:00:00   3.3703e-01   7.8365e+01   4.8834e+00   0.0000e+00   2.5049e-02   3.0685e+02
20251211_09:00:00   3.2322e-01   7.5694e+01   4.6860e+00   0.0000e+00   1.6710e-02   3.0747e+02
20251211_10:00:00   2.9844e-01   7.1007e+01   4.2771e+00   0.0000e+00   1.4889e-02   3.0319e+02
20251211_11:00:00   2.7901e-01   6.7173e+01   3.9728e+00   0.0000e+00   1.2698e-02   3.0561e+02
20251211_12:00:00   2.5185e-01   6.1844e+01   3.5386e+00   1.9046e-04   1.0502e-02   3.0838e+02
20251211_13:00:00   2.4905e-01   6.1238e+01   3.5158e+00   1.6108e-05   6.1497e-03   3.0537e+02
20251211_14:00:00   2.4890e-01   6.1162e+01   3.5137e+00   3.4900e-04   1.8450e-03   3.0889e+02
20251211_15:00:00   2.3983e-01   5.9479e+01   3.3603e+00   5.1000e-05   4.6000e-03   3.0662e+02
20251211_16:00:00   2.3780e-01   5.9182e+01   3.3197e+00   4.5644e-05   3.8367e-03   3.1151e+02
20251211_17:00:00   2.4097e-01   5.9890e+01   3.3569e+00   4.2960e-05   5.7910e-03   3.0754e+02
20251211_18:00:00   2.4388e-01   6.0590e+01   3.3620e+00   7.7040e-04   2.3810e-03   3.0424e+02
20251211_19:00:00   2.4897e-01   6.1675e+01   3.4254e+00   3.5160e-04   3.3361e-03   3.0770e+02
20251211_20:00:00   2.5922e-01   6.3739e+01   3.5762e+00   4.1560e-04   2.9039e-03   3.0589e+02
20251211_21:00:00   2.6549e-01   6.4871e+01   3.7118e+00   1.7086e-05   3.2265e-03   3.0438e+02
20251211_22:00:00   2.7077e-01   6.5747e+01   3.8727e+00   4.8000e-05   5.8383e-03   3.0189e+02
20251211_23:00:00   2.7868e-01   6.7190e+01   4.0981e+00   0.0000e+00   4.2095e-03   3.0561e+02
20251212_00:00:00   3.0449e-01   7.2037e+01   4.5563e+00   0.0000e+00   8.5844e-03   3.0797e+02
20251212_01:00:00   3.2673e-01   7.6197e+01   4.9666e+00   0.0000e+00   6.7108e-03   3.0575e+02
20251212_02:00:00   3.4942e-01   8.0288e+01   5.4071e+00   2.7252e-05   1.6627e-02   3.0032e+02
20251212_03:00:00   3.7572e-01   8.4885e+01   5.8956e+00   2.0900e-05   2.0228e-02   3.0435e+02
20251212_04:00:00   4.0545e-01   9.0016e+01   6.4147e+00   2.8880e-04   5.4542e-02   3.1166e+02
20251212_05:00:00   4.5155e-01   9.7694e+01   7.1758e+00   4.7800e-04   1.0119e-01   3.1566e+02
20251212_06:00:00   4.9525e-01   1.0473e+02   7.8680e+00   1.2284e-05   8.6799e-02   3.2151e+02
20251212_07:00:00   5.2730e-01   1.0964e+02   8.3974e+00   4.8000e-06   1.0804e-01   3.1555e+02
20251212_08:00:00   5.4889e-01   1.1298e+02   8.7568e+00   0.0000e+00   7.1401e-02   3.1252e+02
20251212_09:00:00   5.5547e-01   1.1396e+02   8.8348e+00   0.0000e+00   4.7388e-02   3.1276e+02
20251212_10:00:00   5.6751e-01   1.1563e+02   8.9937e+00   0.0000e+00   1.0757e-01   3.0333e+02
20251212_11:00:00   5.9031e-01   1.1896e+02   9.2555e+00   0.0000e+00   2.5786e-01   3.0849e+02
20251212_12:00:00   5.9663e-01   1.1992e+02   9.2661e+00   0.0000e+00   3.7953e-01   3.1211e+02
20251212_13:00:00   5.8740e-01   1.1879e+02   9.1572e+00   0.0000e+00   1.4044e-01   3.1272e+02
20251212_14:00:00   5.9639e-01   1.2029e+02   9.2621e+00   4.0800e-04   1.1259e-01   3.1908e+02
20251212_15:00:00   5.9212e-01   1.1998e+02   8.9852e+00   3.0320e-03   9.9235e-02   3.2125e+02
20251212_16:00:00   5.5955e-01   1.1584e+02   8.1660e+00   6.1640e-03   6.1225e-02   3.2607e+02
20251212_17:00:00   5.5097e-01   1.1501e+02   7.8593e+00   8.8398e-03   2.3351e-02   3.2664e+02
20251212_18:00:00   5.9197e-01   1.2136e+02   7.8339e+00   2.6538e-02   2.2068e-02   3.3213e+02
20251212_19:00:00   6.1142e-01   1.2443e+02   7.5635e+00   4.1875e-02   1.4498e-02   3.2713e+02
20251212_20:00:00   6.4300e-01   1.2899e+02   7.5825e+00   5.5176e-02   2.2699e-02   3.2830e+02
20251212_21:00:00   5.6036e-01   1.1711e+02   7.5694e+00   1.8139e-02   3.3609e-02   3.2658e+02
20251212_22:00:00   5.2741e-01   1.1205e+02   7.6786e+00   1.1284e-03   3.3313e-02   3.2749e+02
20251212_23:00:00   5.3342e-01   1.1296e+02   7.7944e+00   1.1133e-03   1.5905e-02   3.3016e+02
20251213_00:00:00   5.3234e-01   1.1277e+02   7.7408e+00   2.7288e-03   1.3396e-02   3.3344e+02
20251213_01:00:00   5.3817e-01   1.1372e+02   7.6138e+00   9.1134e-03   9.5046e-03   3.3584e+02
20251213_02:00:00   5.5231e-01   1.1599e+02   7.4810e+00   2.0796e-02   7.5928e-03   3.3548e+02
20251213_03:00:00   5.4115e-01   1.1442e+02   7.3105e+00   2.1653e-02   7.9211e-03   3.3938e+02
20251213_04:00:00   6.2504e-01   1.2678e+02   7.2533e+00   6.0326e-02   6.7220e-03   3.3404e+02
20251213_05:00:00   7.7729e-01   1.4661e+02   7.2635e+00   1.2824e-01   7.6387e-03   3.3147e+02
20251213_06:00:00   7.3857e-01   1.4209e+02   7.1828e+00   1.1755e-01   1.6941e-02   3.4049e+02
20251213_07:00:00   8.9815e-01   1.6069e+02   7.5815e+00   1.7877e-01   3.6670e-02   3.3942e+02
20251213_08:00:00   8.4483e-01   1.5459e+02   7.7656e+00   1.5507e-01   1.5941e-02   3.3521e+02
20251213_09:00:00   7.0263e-01   1.3695e+02   8.1024e+00   8.8742e-02   3.8960e-03   3.3281e+02
20251213_10:00:00   6.8268e-01   1.3418e+02   8.2735e+00   7.7569e-02   3.2981e-03   3.3203e+02
20251213_11:00:00   6.7851e-01   1.3330e+02   8.9395e+00   6.0561e-02   1.2768e-02   3.3547e+02
20251213_12:00:00   6.2297e-01   1.2559e+02   9.3403e+00   2.6140e-02   1.5070e-03   3.3650e+02
20251213_13:00:00   6.5721e-01   1.3015e+02   9.7286e+00   3.2460e-02   6.2810e-03   3.3584e+02
20251213_14:00:00   6.7476e-01   1.3284e+02   9.9701e+00   3.3020e-02   5.9671e-03   3.3457e+02
20251213_15:00:00   7.0886e-01   1.3738e+02   1.0455e+01   3.5020e-02   1.6234e-02   3.3175e+02
20251213_16:00:00   6.9638e-01   1.3580e+02   1.0845e+01   1.9832e-02   3.2977e-03   3.3019e+02
20251213_17:00:00   7.1013e-01   1.3759e+02   1.1338e+01   1.2754e-02   3.6968e-03   3.2364e+02
20251213_18:00:00   7.2025e-01   1.3896e+02   1.1715e+01   7.5920e-03   1.3736e-02   3.1396e+02
20251213_19:00:00   7.6969e-01   1.4512e+02   1.2283e+01   1.3124e-02   4.5113e-02   3.0628e+02
20251213_20:00:00   8.1544e-01   1.5058e+02   1.2644e+01   2.2297e-02   1.8376e-02   3.0781e+02
20251213_21:00:00   8.7751e-01   1.5760e+02   1.3089e+01   3.6476e-02   1.6609e-02   3.1149e+02
20251213_22:00:00   8.6045e-01   1.5553e+02   1.3717e+01   8.4640e-03   9.3627e-02   3.1246e+02
20251213_23:00:00   8.2726e-01   1.5157e+02   1.3480e+01   3.0060e-04   1.0053e-01   3.1157e+02
20251214_00:00:00   8.0540e-01   1.4896e+02   1.3167e+01   7.2180e-04   9.9432e-02   3.1078e+02
20251214_01:00:00   7.8987e-01   1.4696e+02   1.2889e+01   1.4670e-03   6.0220e-02   3.1220e+02
20251214_02:00:00   7.7526e-01   1.4503e+02   1.2615e+01   2.8320e-03   3.6398e-02   3.1430e+02
20251214_03:00:00   7.5544e-01   1.4251e+02   1.2349e+01   1.3950e-03   2.3307e-02   3.1378e+02
20251214_04:00:00   7.5047e-01   1.4171e+02   1.2331e+01   1.2842e-04   4.0807e-02   3.1666e+02
20251214_05:00:00   7.6246e-01   1.4297e+02   1.2500e+01   0.0000e+00   1.1180e-01   3.1953e+02
20251214_06:00:00   7.4054e-01   1.4004e+02   1.2179e+01   0.0000e+00   8.7961e-02   3.2051e+02
20251214_07:00:00   7.0864e-01   1.3573e+02   1.1669e+01   0.0000e+00   1.0106e-01   3.1891e+02
20251214_08:00:00   6.5619e-01   1.2858e+02   1.0825e+01   6.1920e-06   5.1681e-02   3.1809e+02
20251214_09:00:00   5.6912e-01   1.1629e+02   9.2275e+00   0.0000e+00   1.7756e-02   3.1775e+02
20251214_10:00:00   4.8488e-01   1.0335e+02   7.6274e+00   0.0000e+00   1.2935e-02   3.2166e+02
20251214_11:00:00   3.5949e-01   8.2035e+01   5.3471e+00   0.0000e+00   1.1348e-02   3.2626e+02
20251214_12:00:00   2.7442e-01   6.5967e+01   3.8482e+00   0.0000e+00   1.2152e-02   3.3504e+02
20251214_13:00:00   2.3700e-01   5.8420e+01   3.1690e+00   0.0000e+00   1.4413e-02   3.3976e+02
20251214_14:00:00   1.9477e-01   4.9638e+01   2.5163e+00   0.0000e+00   8.9904e-03   3.4372e+02
20251214_15:00:00   1.5353e-01   4.0815e+01   1.9161e+00   2.6840e-06   5.7558e-03   3.5068e+02
20251214_16:00:00   1.4693e-01   3.9319e+01   1.7944e+00   1.4970e-05   3.4741e-03   3.5487e+02
20251214_17:00:00   1.5398e-01   4.0791e+01   1.8482e+00   6.6880e-04   7.5005e-03   3.6029e+02
20251214_18:00:00   1.5276e-01   4.0508e+01   1.8049e+00   6.1180e-05   1.1063e-02   3.7207e+02
20251214_19:00:00   1.5339e-01   4.0594e+01   1.7944e+00   0.0000e+00   9.6637e-03   3.8820e+02
20251214_20:00:00   1.6601e-01   4.3218e+01   1.9971e+00   7.4840e-06   6.9574e-03   3.8755e+02
20251214_21:00:00   1.6972e-01   4.3953e+01   2.0520e+00   0.0000e+00   8.7254e-03   3.8219e+02
20251214_22:00:00   1.7014e-01   4.3977e+01   2.0421e+00   0.0000e+00   1.4707e-02   3.7856e+02
20251214_23:00:00   1.7403e-01   4.4832e+01   2.1083e+00   0.0000e+00   1.1364e-02   3.7329e+02
20251215_00:00:00   1.7359e-01   4.4810e+01   2.1055e+00   0.0000e+00   7.8959e-03   3.8181e+02
20251215_01:00:00   1.8163e-01   4.6561e+01   2.2474e+00   0.0000e+00   8.9096e-03   3.7903e+02
20251215_02:00:00   1.8932e-01   4.8245e+01   2.3885e+00   0.0000e+00   9.1057e-03   3.7329e+02
20251215_03:00:00   1.8997e-01   4.8479e+01   2.4068e+00   0.0000e+00   8.6861e-03   3.5655e+02
20251215_04:00:00   1.8750e-01   4.8069e+01   2.3815e+00   0.0000e+00   6.7348e-03   3.3947e+02
20251215_05:00:00   1.7356e-01   4.5285e+01   2.1869e+00   0.0000e+00   1.9341e-03   3.4492e+02
20251215_06:00:00   1.6410e-01   4.3291e+01   2.0712e+00   0.0000e+00   1.5373e-03   3.2568e+02
20251215_07:00:00   1.6929e-01   4.4295e+01   2.1759e+00   7.0020e-04   4.1250e-03   3.1521e+02
20251215_08:00:00   1.7637e-01   4.5761e+01   2.3490e+00   1.4120e-03   3.1840e-03   3.2310e+02
20251215_09:00:00   1.9031e-01   4.8645e+01   2.6923e+00   8.6960e-04   3.8045e-03   3.2353e+02
20251215_10:00:00   2.0982e-01   5.2654e+01   3.1513e+00   1.7932e-04   2.9962e-03   3.1466e+02
20251215_11:00:00   2.2995e-01   5.6760e+01   3.6172e+00   3.4180e-05   1.0780e-03   3.1471e+02
20251215_12:00:00   2.4485e-01   5.9713e+01   3.9655e+00   0.0000e+00   2.4679e-03   3.1231e+02
20251215_13:00:00   2.6371e-01   6.3452e+01   4.3919e+00   0.0000e+00   6.9162e-04   3.0227e+02
20251215_14:00:00   2.9411e-01   6.9372e+01   5.0175e+00   0.0000e+00   1.7431e-03   2.9060e+02
20251215_15:00:00   3.2300e-01   7.4856e+01   5.6014e+00   0.0000e+00   1.3821e-02   2.8275e+02
20251215_16:00:00   3.4408e-01   7.8865e+01   5.9546e+00   0.0000e+00   1.7095e-01   2.8330e+02
20251215_17:00:00   3.3718e-01   7.7695e+01   5.8822e+00   0.0000e+00   8.6177e-02   2.8301e+02
20251215_18:00:00   3.5527e-01   8.1099e+01   6.1831e+00   0.0000e+00   1.1782e-01   2.8259e+02
20251215_19:00:00   4.1188e-01   9.1187e+01   7.1188e+00   0.0000e+00   1.4682e-01   2.8233e+02
20251215_20:00:00   4.2376e-01   9.3471e+01   7.3101e+00   0.0000e+00   2.8389e-02   2.8234e+02
20251215_21:00:00   4.3480e-01   9.5836e+01   7.2874e+00   0.0000e+00   1.4388e-02   2.8370e+02
20251215_22:00:00   4.1289e-01   9.2261e+01   6.7578e+00   0.0000e+00   5.1213e-03   2.8581e+02
20251215_23:00:00   4.2876e-01   9.5002e+01   6.9929e+00   0.0000e+00   5.1752e-03   2.8797e+02
20251216_00:00:00   4.1248e-01   9.2378e+01   6.7050e+00   0.0000e+00   1.1306e-03   2.9372e+02
20251216_03:00:00   3.5683e-01   8.2981e+01   5.7299e+00   0.0000e+00   1.4099e-03   2.9250e+02
20251216_06:00:00   3.5012e-01   8.1742e+01   5.7405e+00   0.0000e+00   4.2388e-04   2.8613e+02
20251216_09:00:00   3.2177e-01   7.6327e+01   5.3660e+00   0.0000e+00   3.8922e-03   2.9354e+02
20251216_12:00:00   2.6539e-01   6.5557e+01   4.1552e+00   0.0000e+00   0.0000e+00   2.8774e+02
20251216_15:00:00   2.5518e-01   6.4004e+01   3.9579e+00   0.0000e+00   1.8888e-04   2.8635e+02
20251216_18:00:00   3.6664e-01   8.5653e+01   6.2534e+00   0.0000e+00   1.5057e-02   2.8130e+02
20251216_21:00:00   4.6627e-01   1.0339e+02   8.0338e+00   0.0000e+00   3.5124e-02   2.7119e+02
20251217_00:00:00   5.6108e-01   1.1839e+02   9.5816e+00   0.0000e+00   1.1407e-04   2.7135e+02
20251217_03:00:00   5.9452e-01   1.2417e+02   1.0051e+01   0.0000e+00   2.5207e-07   2.6498e+02
20251217_06:00:00   5.7384e-01   1.2178e+02   9.4509e+00   0.0000e+00   0.0000e+00   2.6800e+02
20251217_09:00:00   5.3721e-01   1.1592e+02   8.6861e+00   0.0000e+00   0.0000e+00   2.6827e+02
20251217_12:00:00   1.2050e+00   1.9284e+02   1.1329e+01   1.9702e-01   1.7115e-03   2.6807e+02
20251217_15:00:00   1.0959e+00   1.8409e+02   1.3846e+01   8.6334e-02   1.5406e-02   2.7817e+02
20251217_18:00:00   1.1171e+00   1.8649e+02   1.5339e+01   5.8822e-02   3.4275e-03   2.8050e+02
20251217_21:00:00   2.0946e+00   2.4199e+02   1.6575e+01   4.1183e-01   1.1695e-03   2.8709e+02
20251218_00:00:00   1.9725e+00   2.3813e+02   1.7774e+01   3.2627e-01   2.3638e-03   2.8916e+02
20251218_03:00:00   1.9383e+00   2.3663e+02   1.9262e+01   2.8628e-01   1.5615e-03   2.8692e+02
20251218_06:00:00   1.7548e+00   2.2928e+02   1.9593e+01   1.9827e-01   5.6487e-04   2.8359e+02
20251218_09:00:00   2.5253e+00   2.5425e+02   1.9166e+01   5.4050e-01   1.3382e-02   2.8071e+02
20251218_12:00:00   1.4168e+00   2.0942e+02   1.7045e+01   1.4912e-01   1.2893e-03   2.7858e+02
20251218_15:00:00   1.6613e+00   2.2422e+02   1.5769e+01   2.8183e-01   2.7150e-04   2.8143e+02
20251218_18:00:00   7.7992e-01   1.5185e+02   1.3370e+01   7.7040e-04   1.6798e-04   2.7900e+02
20251218_21:00:00   6.9380e-01   1.4086e+02   1.1943e+01   0.0000e+00   1.0838e-03   2.7615e+02
20251219_00:00:00   2.2328e+00   2.4819e+02   1.8599e+01   4.2604e-01   1.9855e-05   2.7714e+02
20251219_03:00:00   2.9685e+00   2.6397e+02   2.0130e+01   6.7306e-01   5.2760e-05   2.7496e+02
20251219_06:00:00   2.6508e+00   2.5928e+02   2.0951e+01   5.1225e-01   3.2398e-04   2.7467e+02
20251219_09:00:00   2.9484e+00   2.6479e+02   1.9925e+01   6.4082e-01   4.0225e-04   2.7515e+02
20251219_12:00:00   3.5809e+00   2.7190e+02   1.8965e+01   9.1757e-01   7.5139e-04   2.7971e+02
20251219_15:00:00   6.4384e-01   1.3252e+02   1.0925e+01   0.0000e+00   0.0000e+00   2.8086e+02
20251219_18:00:00   4.3955e-01   9.9419e+01   7.9925e+00   0.0000e+00   5.8300e-05   2.8441e+02
20251219_21:00:00   4.6590e-01   1.0345e+02   8.4203e+00   0.0000e+00   4.2092e-03   2.8989e+02
20251220_00:00:00   5.2304e-01   1.1156e+02   9.5183e+00   0.0000e+00   1.3886e-02   2.8772e+02
20251220_03:00:00   6.0098e-01   1.2298e+02   1.0717e+01   3.2000e-04   3.8474e-01   2.8362e+02
20251220_06:00:00   1.4522e+00   2.0815e+02   1.6234e+01   2.0500e-01   6.9343e-01   2.8096e+02
20251220_09:00:00   2.0930e+00   2.3981e+02   2.0866e+01   3.1957e-01   3.6831e-01   2.7735e+02
20251220_12:00:00   3.8335e+00   2.6868e+02   2.1270e+01   1.0131e+00   1.7053e-01   2.7635e+02
20251220_15:00:00   3.3034e+00   2.6561e+02   2.2116e+01   7.6369e-01   8.6425e-02   2.7807e+02
20251220_18:00:00   4.5312e+00   2.7404e+02   2.2655e+01   1.2475e+00   1.5827e-02   2.7848e+02
20251220_21:00:00   2.2053e+00   2.4734e+02   2.1626e+01   3.1453e-01   1.7988e-03   2.7694e+02
20251221_00:00:00   3.0221e+00   2.6468e+02   2.3168e+01   6.1265e-01   3.7018e-03   2.7795e+02
20251221_03:00:00   2.5558e+00   2.5776e+02   2.5791e+01   3.6082e-01   1.0337e-01   2.7782e+02
20251221_06:00:00   3.5589e+00   2.7327e+02   2.6856e+01   7.1725e-01   4.6078e-02   2.7388e+02
20251221_09:00:00   4.1880e+00   2.7703e+02   2.6116e+01   9.7951e-01   3.3493e-02   2.7021e+02
20251221_12:00:00   5.8209e+00   2.7932e+02   2.6621e+01   1.6616e+00   1.6983e-01   2.6856e+02
20251221_15:00:00   1.6926e+00   2.2806e+02   2.2544e+01   9.2386e-02   1.8120e-02   2.7351e+02
20251221_18:00:00   2.6280e+00   2.5976e+02   2.2692e+01   4.5445e-01   3.3915e-02   2.7171e+02
20251221_21:00:00   1.8474e+00   2.3547e+02   2.0201e+01   2.0857e-01   6.4743e-03   2.7484e+02
20251222_00:00:00   1.2927e+00   2.0213e+02   1.8035e+01   5.0968e-02   1.0829e-03   2.7529e+02
20251222_03:00:00   1.3000e+00   2.0224e+02   1.7321e+01   7.6427e-02   3.1761e-03   2.7372e+02
20251222_06:00:00   1.6683e+00   2.2493e+02   1.7865e+01   2.1151e-01   3.8318e-02   2.7585e+02
20251222_09:00:00   2.0992e+00   2.4304e+02   1.6943e+01   3.9894e-01   9.0317e-03   2.8073e+02
20251222_12:00:00   1.8401e+00   2.3306e+02   1.5316e+01   3.3217e-01   0.0000e+00   2.8382e+02
20251222_15:00:00   1.9640e+00   2.3797e+02   1.5072e+01   3.9083e-01   2.5360e-05   2.8690e+02
20251222_18:00:00   1.8323e+00   2.3222e+02   1.4727e+01   3.4365e-01   0.0000e+00   2.9460e+02
20251222_21:00:00   1.9282e+00   2.3609e+02   1.5177e+01   3.6795e-01   8.9328e-03   2.9022e+02
20251223_00:00:00   2.4298e+00   2.5122e+02   1.6066e+01   5.5621e-01   5.6761e-04   2.8707e+02
20251223_03:00:00   2.7075e+00   2.5717e+02   1.7825e+01   6.1900e-01   5.0743e-02   2.8577e+02
20251223_06:00:00   1.7918e+00   2.2993e+02   1.8658e+01   2.3545e-01   3.4624e-04   2.8376e+02
20251223_09:00:00   2.1609e+00   2.4417e+02   1.9998e+01   3.5418e-01   1.1777e-04   2.8522e+02
20251223_12:00:00   2.3926e+00   2.5086e+02   2.1747e+01   4.0838e-01   4.3444e-02   2.8217e+02
20251223_15:00:00   2.2803e+00   2.4840e+02   2.0535e+01   3.7949e-01   1.8530e-03   2.7462e+02
20251223_18:00:00   2.3446e+00   2.5094e+02   2.0020e+01   4.1683e-01   3.6132e-03   2.7322e+02
20251223_21:00:00   2.0543e+00   2.4256e+02   1.8805e+01   3.3223e-01   2.2851e-04   2.7116e+02
20251224_00:00:00   2.2844e+00   2.5013e+02   1.8644e+01   4.2619e-01   0.0000e+00   2.7244e+02
20251224_03:00:00   2.3507e+00   2.5247e+02   1.8049e+01   4.6875e-01   0.0000e+00   2.7094e+02
20251224_06:00:00   2.4267e+00   2.5515e+02   1.8078e+01   4.9383e-01   1.8556e-03   2.6976e+02
20251224_09:00:00   1.6218e+00   2.2559e+02   1.8144e+01   1.7461e-01   1.6092e-04   2.7168e+02
20251224_12:00:00   2.3843e+00   2.5541e+02   1.9215e+01   4.4188e-01   1.4622e-02   2.6507e+02
20251224_15:00:00   1.4326e+00   2.1510e+02   1.9355e+01   6.2840e-02   5.8370e-03   2.6525e+02
20251224_18:00:00   1.7167e+00   2.3210e+02   1.9269e+01   1.6696e-01   2.1312e-02   2.6342e+02
20251224_21:00:00   2.0263e+00   2.4534e+02   2.3332e+01   1.7147e-01   1.1422e-02   2.6222e+02
20251225_00:00:00   2.0665e+00   2.4697e+02   2.4123e+01   1.7292e-01   1.3494e-02   2.6548e+02
20251225_03:00:00   2.6219e+00   2.6187e+02   2.4041e+01   3.8733e-01   1.7860e-04   2.6232e+02
20251225_06:00:00   2.4083e+00   2.5662e+02   2.4710e+01   2.8957e-01   0.0000e+00   2.6009e+02
20251225_09:00:00   2.7647e+00   2.6406e+02   2.6707e+01   3.8400e-01   1.6379e-03   2.5621e+02
20251225_12:00:00   4.1234e+00   2.7341e+02   2.5527e+01   1.0112e+00   2.0130e-02   2.5741e+02
20251225_15:00:00   3.9491e+00   2.7239e+02   2.5806e+01   9.3344e-01   5.6889e-02   2.6315e+02
20251225_18:00:00   4.7426e+00   2.7549e+02   2.6234e+01   1.2461e+00   1.0074e-01   2.6371e+02
20251225_21:00:00   4.7291e+00   2.7665e+02   2.6530e+01   1.2054e+00   1.0526e-01   2.6202e+02
20251226_00:00:00   5.5663e+00   2.7916e+02   2.5966e+01   1.5269e+00   1.7381e-02   2.6121e+02
20251226_03:00:00   4.0536e+00   2.7507e+02   2.3860e+01   9.6783e-01   4.2573e-04   2.6397e+02
20251226_06:00:00   2.3438e+00   2.5267e+02   1.9534e+01   4.1468e-01   2.9720e-04   2.6376e+02
20251226_09:00:00   2.0675e+00   2.4423e+02   1.8009e+01   3.4497e-01   0.0000e+00   2.6324e+02
20251226_12:00:00   2.3417e+00   2.5314e+02   1.6941e+01   4.7168e-01   0.0000e+00   2.6524e+02
20251226_15:00:00   1.5668e+00   2.2249e+02   1.8096e+01   1.4006e-01   1.1552e-04   2.6468e+02
20251226_18:00:00   1.3952e+00   2.1224e+02   1.8097e+01   7.6377e-02   3.4180e-05   2.6222e+02
20251226_21:00:00   1.3957e+00   2.1264e+02   1.8549e+01   8.0477e-02   1.6044e-04   2.5865e+02
20251227_00:00:00   1.4074e+00   2.1328e+02   2.1047e+01   2.4423e-02   0.0000e+00   2.5569e+02
