#            date       tau255        Tb[K]      pwv[mm] lwp[kg*m^-2] iwp[kg*m^-2]       o3[DU]
20251212_00:00:00   2.8883e-01   6.9170e+01   4.1909e+00   0.0000e+00   2.4920e-03   3.0583e+02
20251212_01:00:00   2.9827e-01   7.0879e+01   4.3835e+00   9.6000e-06   2.7091e-03   3.0134e+02
20251212_02:00:00   3.1317e-01   7.3542e+01   4.6906e+00   3.8400e-05   1.0401e-02   2.9566e+02
20251212_03:00:00   3.1878e-01   7.4561e+01   4.8422e+00   4.8000e-06   5.3883e-03   2.9930e+02
20251212_04:00:00   3.3046e-01   7.6608e+01   5.0908e+00   5.2800e-05   7.5806e-03   3.1005e+02
20251212_05:00:00   3.4498e-01   7.9270e+01   5.3780e+00   1.9526e-04   4.4965e-03   3.1447e+02
20251212_06:00:00   3.7288e-01   8.4110e+01   5.9092e+00   1.9738e-04   2.4536e-02   3.1327e+02
20251212_07:00:00   4.0005e-01   8.8852e+01   6.3930e+00   6.7780e-05   4.7011e-02   3.0832e+02
20251212_08:00:00   4.2131e-01   9.2406e+01   6.7386e+00   2.6420e-04   6.1271e-02   3.0615e+02
20251212_09:00:00   4.3910e-01   9.5365e+01   7.0318e+00   2.4760e-04   8.8302e-02   3.0577e+02
20251212_10:00:00   4.6055e-01   9.8820e+01   7.2977e+00   6.7780e-05   2.5628e-01   3.0491e+02
20251212_11:00:00   4.8265e-01   1.0245e+02   7.6430e+00   0.0000e+00   2.0361e-01   3.0454e+02
20251212_12:00:00   5.1147e-01   1.0697e+02   7.9821e+00   0.0000e+00   2.8709e-01   3.0118e+02
20251212_13:00:00   5.3550e-01   1.1077e+02   8.3409e+00   0.0000e+00   1.3536e-01   3.0218e+02
20251212_14:00:00   5.4518e-01   1.1236e+02   8.3791e+00   0.0000e+00   1.8123e-01   3.0537e+02
20251212_15:00:00   5.5265e-01   1.1374e+02   8.3929e+00   2.4720e-03   4.1141e-02   3.0758e+02
20251212_16:00:00   5.4007e-01   1.1221e+02   7.9905e+00   4.3120e-03   8.7798e-02   3.1748e+02
20251212_17:00:00   5.2987e-01   1.1095e+02   7.7828e+00   3.4380e-03   1.0120e-01   3.2089e+02
20251212_18:00:00   5.0780e-01   1.0795e+02   7.3760e+00   2.6418e-03   4.5441e-02   3.1997e+02
20251212_19:00:00   5.1930e-01   1.1011e+02   7.0005e+00   1.6440e-02   1.7817e-02   3.2377e+02
20251212_20:00:00   5.6603e-01   1.1755e+02   6.3507e+00   5.3906e-02   1.1431e-02   3.2544e+02
20251212_21:00:00   5.3822e-01   1.1353e+02   6.1814e+00   4.3922e-02   3.5486e-02   3.2674e+02
20251212_22:00:00   4.9519e-01   1.0693e+02   5.9924e+00   2.9340e-02   1.8081e-02   3.2884e+02
20251212_23:00:00   4.7677e-01   1.0398e+02   5.9023e+00   2.5259e-02   8.0227e-03   3.2780e+02
20251213_00:00:00   4.1981e-01   9.4468e+01   5.7509e+00   6.7824e-03   2.7258e-03   3.3037e+02
20251213_01:00:00   4.1766e-01   9.4158e+01   5.6962e+00   7.6403e-03   2.9227e-03   3.3522e+02
20251213_02:00:00   4.4709e-01   9.9221e+01   5.7351e+00   2.0298e-02   1.3949e-03   3.3676e+02
20251213_03:00:00   4.1273e-01   9.3442e+01   5.6958e+00   8.8971e-03   4.6455e-04   3.3876e+02
20251213_04:00:00   4.4189e-01   9.8432e+01   6.1042e+00   1.2679e-02   7.0111e-04   3.2746e+02
20251213_05:00:00   5.6868e-01   1.1858e+02   6.5442e+00   5.5875e-02   5.0016e-03   3.2473e+02
20251213_06:00:00   6.4581e-01   1.2980e+02   7.2361e+00   7.2118e-02   7.4631e-03   3.3013e+02
20251213_07:00:00   7.2674e-01   1.4064e+02   7.6630e+00   9.8279e-02   1.5565e-02   3.3779e+02
20251213_08:00:00   7.5209e-01   1.4381e+02   8.0651e+00   1.0184e-01   1.6124e-02   3.3430e+02
20251213_09:00:00   7.2030e-01   1.3967e+02   8.5581e+00   7.7920e-02   2.5361e-02   3.3099e+02
20251213_10:00:00   7.0409e-01   1.3757e+02   8.7545e+00   6.8175e-02   9.4773e-03   3.3043e+02
20251213_11:00:00   6.6521e-01   1.3243e+02   8.7684e+00   5.1501e-02   2.6213e-03   3.3264e+02
20251213_12:00:00   6.5684e-01   1.3105e+02   9.2502e+00   3.8415e-02   1.0431e-02   3.3054e+02
20251213_13:00:00   7.5611e-01   1.4402e+02   9.8116e+00   6.8312e-02   1.3731e-02   3.2886e+02
20251213_14:00:00   8.2654e-01   1.5253e+02   1.0149e+01   8.9840e-02   2.5372e-03   3.2692e+02
20251213_15:00:00   7.6870e-01   1.4551e+02   1.0461e+01   5.7639e-02   2.9022e-03   3.2419e+02
20251213_16:00:00   8.2600e-01   1.5233e+02   1.1141e+01   6.5678e-02   1.4045e-02   3.1655e+02
20251213_17:00:00   7.6708e-01   1.4518e+02   1.1682e+01   2.7559e-02   1.9714e-02   3.1374e+02
20251213_18:00:00   7.5278e-01   1.4345e+02   1.2082e+01   1.1712e-02   4.1877e-03   3.1158e+02
20251213_19:00:00   7.8090e-01   1.4695e+02   1.2614e+01   9.5520e-03   1.2288e-02   3.1197e+02
20251213_20:00:00   8.6902e-01   1.5715e+02   1.3361e+01   2.4280e-02   2.5371e-02   3.1171e+02
20251213_21:00:00   9.5953e-01   1.6658e+02   1.3327e+01   6.4320e-02   6.1987e-02   3.0990e+02
20251213_22:00:00   8.9300e-01   1.5951e+02   1.2899e+01   4.8082e-02   4.4176e-02   3.0949e+02
20251213_23:00:00   9.7785e-01   1.6818e+02   1.3027e+01   8.0555e-02   6.1538e-02   3.0867e+02
20251214_00:00:00   1.0306e+00   1.7319e+02   1.2976e+01   1.0347e-01   5.0984e-02   3.1067e+02
20251214_01:00:00   9.5073e-01   1.6521e+02   1.3153e+01   6.3403e-02   5.7273e-02   3.1432e+02
20251214_02:00:00   8.5985e-01   1.5519e+02   1.3293e+01   1.9076e-02   8.9840e-02   3.1651e+02
20251214_03:00:00   8.0938e-01   1.4916e+02   1.3170e+01   1.1466e-03   9.0765e-02   3.1791e+02
20251214_04:00:00   7.9492e-01   1.4723e+02   1.3007e+01   0.0000e+00   9.4370e-02   3.1944e+02
20251214_05:00:00   7.7070e-01   1.4415e+02   1.2615e+01   0.0000e+00   1.0693e-01   3.2046e+02
20251214_06:00:00   7.2722e-01   1.3857e+02   1.1931e+01   0.0000e+00   4.0854e-02   3.2031e+02
20251214_07:00:00   6.5908e-01   1.2940e+02   1.0829e+01   0.0000e+00   2.0987e-02   3.1925e+02
20251214_08:00:00   5.4214e-01   1.1284e+02   8.5812e+00   0.0000e+00   2.3856e-02   3.2371e+02
20251214_09:00:00   4.5494e-01   9.8884e+01   6.9455e+00   0.0000e+00   2.5200e-02   3.2569e+02
20251214_10:00:00   3.6750e-01   8.3619e+01   5.4320e+00   0.0000e+00   1.5902e-02   3.3050e+02
20251214_11:00:00   2.8893e-01   6.8868e+01   4.0606e+00   0.0000e+00   1.5838e-02   3.3472e+02
20251214_12:00:00   2.5473e-01   6.1957e+01   3.4771e+00   0.0000e+00   1.8974e-02   3.3866e+02
20251214_13:00:00   2.2129e-01   5.5066e+01   2.9486e+00   0.0000e+00   1.2226e-02   3.4309e+02
20251214_14:00:00   1.6400e-01   4.3047e+01   2.0450e+00   0.0000e+00   8.5288e-03   3.4771e+02
20251214_15:00:00   1.4884e-01   3.9717e+01   1.7796e+00   5.3700e-06   5.7983e-03   3.5720e+02
20251214_16:00:00   1.4937e-01   3.9792e+01   1.7648e+00   2.6840e-06   6.3274e-03   3.6834e+02
20251214_17:00:00   1.5157e-01   4.0235e+01   1.7878e+00   8.3640e-05   8.7232e-03   3.7145e+02
20251214_18:00:00   1.5755e-01   4.1485e+01   1.8714e+00   1.2886e-04   1.0575e-02   3.7099e+02
20251214_19:00:00   1.6253e-01   4.2546e+01   1.9459e+00   1.0242e-04   8.9296e-03   3.7151e+02
20251214_20:00:00   1.5985e-01   4.2013e+01   1.8971e+00   1.0738e-05   1.1534e-02   3.7188e+02
20251214_21:00:00   1.6419e-01   4.2966e+01   1.9613e+00   0.0000e+00   1.0697e-02   3.6858e+02
20251214_22:00:00   1.7378e-01   4.5027e+01   2.1251e+00   0.0000e+00   1.0167e-02   3.6192e+02
20251214_23:00:00   1.8433e-01   4.7310e+01   2.3221e+00   0.0000e+00   7.7237e-03   3.6335e+02
20251215_00:00:00   1.7987e-01   4.6461e+01   2.2523e+00   0.0000e+00   6.3575e-03   3.7735e+02
20251215_01:00:00   1.7850e-01   4.6219e+01   2.2203e+00   0.0000e+00   7.0335e-03   3.7120e+02
20251215_02:00:00   1.7457e-01   4.5439e+01   2.1712e+00   0.0000e+00   5.7510e-03   3.4773e+02
20251215_03:00:00   1.7147e-01   4.4851e+01   2.1481e+00   0.0000e+00   4.2466e-03   3.4203e+02
20251215_04:00:00   1.6565e-01   4.3682e+01   2.0839e+00   0.0000e+00   3.1254e-03   3.3008e+02
20251215_05:00:00   1.6509e-01   4.3592e+01   2.1252e+00   0.0000e+00   2.2899e-03   3.1342e+02
20251215_06:00:00   1.7644e-01   4.5946e+01   2.3040e+00   2.0680e-03   3.9148e-03   3.1627e+02
20251215_07:00:00   1.9550e-01   4.9838e+01   2.6851e+00   3.0660e-03   6.8323e-03   3.1954e+02
20251215_08:00:00   2.2246e-01   5.5245e+01   3.3312e+00   1.9186e-03   8.8689e-03   3.2270e+02
20251215_09:00:00   2.5671e-01   6.1989e+01   4.0792e+00   1.2582e-03   8.3537e-03   3.2402e+02
20251215_10:00:00   2.7635e-01   6.5953e+01   4.4574e+00   5.8360e-04   3.2124e-03   3.1463e+02
20251215_11:00:00   2.8421e-01   6.7508e+01   4.6472e+00   2.2940e-04   1.2618e-03   3.0767e+02
20251215_12:00:00   3.0878e-01   7.2148e+01   5.2019e+00   0.0000e+00   1.0293e-03   3.0165e+02
20251215_13:00:00   3.1873e-01   7.3913e+01   5.4885e+00   0.0000e+00   2.8926e-03   2.9380e+02
20251215_14:00:00   3.1463e-01   7.3281e+01   5.4336e+00   0.0000e+00   2.9212e-03   2.8869e+02
20251215_15:00:00   3.2646e-01   7.5645e+01   5.7333e+00   0.0000e+00   5.6827e-03   2.8573e+02
20251215_16:00:00   3.2511e-01   7.5614e+01   5.7326e+00   0.0000e+00   6.5507e-02   2.8258e+02
20251215_17:00:00   3.4562e-01   7.9592e+01   6.1293e+00   0.0000e+00   1.3379e-02   2.8127e+02
20251215_18:00:00   3.8178e-01   8.6327e+01   6.7601e+00   0.0000e+00   3.8543e-03   2.8026e+02
20251215_19:00:00   3.9621e-01   8.9143e+01   7.0384e+00   0.0000e+00   5.1783e-03   2.8352e+02
20251215_20:00:00   4.1229e-01   9.2271e+01   7.2894e+00   0.0000e+00   1.5537e-03   2.8202e+02
20251215_21:00:00   3.9853e-01   9.0142e+01   6.9712e+00   0.0000e+00   1.3925e-03   2.8121e+02
20251215_22:00:00   3.7845e-01   8.6607e+01   6.5264e+00   0.0000e+00   4.0637e-04   2.8243e+02
20251215_23:00:00   3.7647e-01   8.6257e+01   6.4601e+00   0.0000e+00   7.9859e-06   2.8702e+02
20251216_00:00:00   3.7978e-01   8.6967e+01   6.4242e+00   0.0000e+00   4.7219e-05   2.8831e+02
20251216_01:00:00   3.9432e-01   8.9736e+01   6.6440e+00   0.0000e+00   0.0000e+00   2.8943e+02
20251216_02:00:00   4.0242e-01   9.1233e+01   6.8033e+00   0.0000e+00   1.0927e-03   2.9018e+02
20251216_03:00:00   4.2153e-01   9.4733e+01   7.1914e+00   0.0000e+00   2.9370e-05   2.9071e+02
20251216_04:00:00   4.1623e-01   9.3943e+01   7.1147e+00   0.0000e+00   3.5400e-06   2.9297e+02
20251216_05:00:00   4.2136e-01   9.4741e+01   7.2698e+00   0.0000e+00   4.1816e-04   2.9046e+02
20251216_06:00:00   4.2164e-01   9.4693e+01   7.3495e+00   0.0000e+00   6.0493e-03   2.9243e+02
20251216_07:00:00   4.1078e-01   9.2751e+01   7.1063e+00   0.0000e+00   6.4314e-03   2.9238e+02
20251216_08:00:00   3.9253e-01   8.9546e+01   6.7227e+00   0.0000e+00   6.6362e-03   2.9089e+02
20251216_09:00:00   3.9881e-01   9.0516e+01   6.8425e+00   0.0000e+00   1.0180e-02   2.9236e+02
20251216_10:00:00   4.1197e-01   9.2728e+01   7.0940e+00   0.0000e+00   2.0375e-03   2.9347e+02
20251216_11:00:00   4.1903e-01   9.4019e+01   7.1788e+00   0.0000e+00   2.7220e-05   2.9445e+02
20251216_12:00:00   4.0692e-01   9.2027e+01   6.9083e+00   0.0000e+00   0.0000e+00   2.9106e+02
20251216_13:00:00   4.2349e-01   9.4980e+01   7.2541e+00   0.0000e+00   1.1674e-05   2.8923e+02
20251216_14:00:00   4.4597e-01   9.8977e+01   7.7129e+00   0.0000e+00   5.4105e-04   2.8899e+02
20251216_15:00:00   4.4984e-01   9.9821e+01   7.7403e+00   0.0000e+00   1.1560e-03   2.8833e+02
20251216_16:00:00   4.7444e-01   1.0407e+02   8.1616e+00   0.0000e+00   1.0238e-04   2.8666e+02
20251216_17:00:00   5.2365e-01   1.1209e+02   9.0158e+00   4.5560e-04   4.8662e-03   2.8181e+02
20251216_18:00:00   5.8840e-01   1.2212e+02   1.0158e+01   0.0000e+00   4.9664e-03   2.7983e+02
20251216_19:00:00   6.6562e-01   1.3339e+02   1.1502e+01   0.0000e+00   2.3740e-02   2.7707e+02
20251216_20:00:00   7.2492e-01   1.4166e+02   1.2447e+01   0.0000e+00   1.4541e-02   2.7419e+02
20251216_21:00:00   7.5006e-01   1.4520e+02   1.2720e+01   0.0000e+00   2.0798e-03   2.7302e+02
20251216_22:00:00   7.4921e-01   1.4497e+02   1.2689e+01   0.0000e+00   2.2361e-02   2.7267e+02
20251216_23:00:00   7.2671e-01   1.4227e+02   1.2191e+01   0.0000e+00   5.5197e-03   2.7081e+02
20251217_00:00:00   7.1430e-01   1.4062e+02   1.1902e+01   0.0000e+00   1.4883e-02   2.6923e+02
20251217_03:00:00   5.9244e-01   1.2407e+02   9.4921e+00   0.0000e+00   8.9943e-03   2.6806e+02
20251217_06:00:00   5.6029e-01   1.1949e+02   8.8300e+00   0.0000e+00   9.6000e-06   2.6673e+02
20251217_09:00:00   1.0188e+00   1.7675e+02   9.5496e+00   1.5982e-01   0.0000e+00   2.6950e+02
20251217_12:00:00   1.2944e+00   2.0039e+02   1.2107e+01   2.0570e-01   7.7275e-02   2.7456e+02
20251217_15:00:00   1.2840e+00   2.0043e+02   1.4007e+01   1.4904e-01   6.6820e-04   2.7988e+02
20251217_18:00:00   2.2807e+00   2.4915e+02   1.5295e+01   5.0402e-01   5.8513e-03   2.8260e+02
20251217_21:00:00   3.1209e+00   2.6541e+02   1.7701e+01   7.7716e-01   1.0255e-02   2.8456e+02
20251218_00:00:00   2.9191e+00   2.6289e+02   1.8179e+01   6.8630e-01   1.8727e-02   2.8292e+02
20251218_03:00:00   2.6259e+00   2.5757e+02   1.7012e+01   6.0448e-01   1.1910e-02   2.8126e+02
20251218_06:00:00   1.2306e+00   1.9734e+02   1.5952e+01   8.9814e-02   5.0694e-03   2.7698e+02
20251218_09:00:00   1.1619e+00   1.9142e+02   1.8423e+01   2.2123e-02   1.0984e-02   2.7683e+02
20251218_12:00:00   1.1688e+00   1.9220e+02   1.8443e+01   2.2599e-02   3.1667e-03   2.7285e+02
20251218_15:00:00   1.6429e+00   2.2511e+02   1.6756e+01   2.2011e-01   1.8263e-03   2.7455e+02
20251218_18:00:00   1.7252e+00   2.2991e+02   1.6935e+01   2.3959e-01   1.0186e-03   2.7528e+02
20251218_21:00:00   2.4407e+00   2.5566e+02   2.0014e+01   4.3648e-01   4.6958e-03   2.7492e+02
20251219_00:00:00   3.5103e+00   2.7092e+02   2.2808e+01   8.0114e-01   1.3739e-03   2.7178e+02
20251219_03:00:00   1.8747e+00   2.3670e+02   2.2108e+01   1.7740e-01   5.7372e-03   2.7318e+02
20251219_06:00:00   2.8890e+00   2.6293e+02   2.5027e+01   5.1660e-01   1.0050e-01   2.7625e+02
20251219_09:00:00   3.9270e+00   2.7395e+02   2.4902e+01   9.1772e-01   1.7386e-02   2.7479e+02
20251219_12:00:00   3.5189e+00   2.6979e+02   2.4993e+01   7.7500e-01   2.7444e-01   2.7352e+02
20251219_15:00:00   4.4069e+00   2.7651e+02   2.5993e+01   1.0875e+00   4.9207e-02   2.7446e+02
20251219_18:00:00   1.8029e+00   2.3530e+02   2.4678e+01   6.9330e-02   2.1749e-04   2.8235e+02
20251219_21:00:00   2.5381e+00   2.6030e+02   2.4691e+01   3.4023e-01   1.4630e-06   2.8465e+02
20251220_00:00:00   2.6308e+00   2.6199e+02   2.3159e+01   4.2148e-01   0.0000e+00   2.8341e+02
20251220_03:00:00   2.6732e+00   2.6262e+02   2.3016e+01   4.3714e-01   6.7620e-06   2.8103e+02
20251220_06:00:00   3.2699e+00   2.7150e+02   2.1218e+01   7.1235e-01   0.0000e+00   2.7744e+02
20251220_09:00:00   3.5329e+00   2.7323e+02   2.0669e+01   8.4404e-01   4.7311e-04   2.7795e+02
20251220_12:00:00   2.1587e+00   2.4913e+02   2.1039e+01   2.9058e-01   6.5826e-03   2.7893e+02
20251220_15:00:00   2.9983e+00   2.6685e+02   2.4552e+01   5.4549e-01   6.9854e-02   2.7387e+02
20251220_18:00:00   5.2172e+00   2.7932e+02   2.7763e+01   1.3782e+00   3.9597e-01   2.7304e+02
20251220_21:00:00   4.3272e+00   2.7663e+02   2.8275e+01   1.0074e+00   4.3469e-01   2.7184e+02
20251221_00:00:00   4.4040e+00   2.7742e+02   2.8466e+01   1.0226e+00   4.5724e-01   2.7101e+02
20251221_03:00:00   5.4055e+00   2.8018e+02   2.5713e+01   1.4712e+00   8.3983e-02   2.7332e+02
20251221_06:00:00   3.3707e+00   2.7104e+02   2.7549e+01   6.2255e-01   2.8129e-01   2.7334e+02
20251221_09:00:00   3.4813e+00   2.7230e+02   2.7180e+01   6.7353e-01   2.2491e-01   2.6928e+02
20251221_12:00:00   4.5311e+00   2.7840e+02   2.6808e+01   1.1030e+00   2.2292e-01   2.6992e+02
20251221_15:00:00   4.1276e+00   2.7726e+02   2.5679e+01   9.6214e-01   1.2287e-01   2.7281e+02
20251221_18:00:00   2.9062e+00   2.6516e+02   2.1086e+01   6.0728e-01   5.7092e-03   2.7451e+02
20251221_21:00:00   2.1300e+00   2.4596e+02   2.1884e+01   2.8070e-01   9.4632e-04   2.7858e+02
20251222_00:00:00   3.2660e+00   2.6691e+02   2.3094e+01   7.2490e-01   1.8446e-01   2.8191e+02
20251222_03:00:00   2.5642e+00   2.5399e+02   2.2569e+01   4.6043e-01   1.6131e+00   2.8416e+02
20251222_06:00:00   2.1430e+00   2.4414e+02   1.9266e+01   3.5807e-01   2.9209e-02   2.8994e+02
20251222_09:00:00   1.1674e+00   1.9203e+02   1.7280e+01   5.9484e-03   3.4255e-05   2.9003e+02
20251222_12:00:00   1.1348e+00   1.8958e+02   1.6357e+01   1.1184e-02   0.0000e+00   2.9138e+02
20251222_15:00:00   1.3548e+00   2.0761e+02   1.6532e+01   9.6353e-02   7.8097e-04   2.9307e+02
20251222_18:00:00   1.8793e+00   2.3745e+02   1.5904e+01   3.1914e-01   1.0147e-03   2.9742e+02
20251222_21:00:00   1.3478e+00   2.0816e+02   1.6387e+01   9.9451e-02   8.5840e-04   2.9421e+02
20251223_00:00:00   1.1990e+00   1.9628e+02   1.7686e+01   1.1351e-02   5.4270e-03   3.0305e+02
20251223_03:00:00   2.6840e+00   2.6049e+02   2.1952e+01   5.0003e-01   2.3228e-05   2.9742e+02
20251223_06:00:00   1.9936e+00   2.4221e+02   2.2072e+01   2.1113e-01   2.3621e-03   2.9557e+02
20251223_09:00:00   1.3991e+00   2.1266e+02   1.9552e+01   3.7501e-02   3.8320e-03   2.9084e+02
20251223_12:00:00   1.5636e+00   2.2341e+02   2.1075e+01   5.5848e-02   4.9615e-03   2.7939e+02
20251223_15:00:00   1.7162e+00   2.3218e+02   2.2155e+01   8.7404e-02   1.0220e-04   2.8125e+02
20251223_18:00:00   1.4223e+00   2.1632e+02   2.1770e+01   7.8580e-04   3.3683e-03   2.7795e+02
20251223_21:00:00   1.4197e+00   2.1624e+02   2.1490e+01   5.1880e-03   1.2500e-02   2.7339e+02
20251224_00:00:00   1.3925e+00   2.1403e+02   2.1274e+01   5.3900e-03   1.2424e-02   2.6954e+02
20251224_03:00:00   1.4032e+00   2.1483e+02   1.9722e+01   4.5446e-02   4.0109e-03   2.6808e+02
20251224_06:00:00   1.9336e+00   2.4316e+02   1.9317e+01   2.6523e-01   3.3825e-03   2.6795e+02
20251224_09:00:00   1.4836e+00   2.2020e+02   1.9477e+01   6.7740e-02   1.6011e-02   2.6018e+02
20251224_12:00:00   2.4772e+00   2.6008e+02   2.1439e+01   3.9583e-01   3.5451e-02   2.6166e+02
20251224_15:00:00   1.7016e+00   2.3274e+02   2.3619e+01   4.9614e-02   2.1677e-02   2.6037e+02
20251224_18:00:00   1.6809e+00   2.3195e+02   2.4086e+01   3.6010e-02   2.5134e-02   2.5866e+02
20251224_21:00:00   2.8255e+00   2.6787e+02   2.3959e+01   4.6619e-01   0.0000e+00   2.6075e+02
20251225_00:00:00   3.1315e+00   2.7042e+02   2.5944e+01   5.5584e-01   3.4780e-06   2.6124e+02
20251225_03:00:00   2.9455e+00   2.6696e+02   2.3026e+01   5.5854e-01   3.6580e-06   2.5888e+02
20251225_06:00:00   2.3444e+00   2.5392e+02   2.1907e+01   3.5114e-01   1.3034e-03   2.6021e+02
20251225_09:00:00   1.6079e+00   2.2434e+02   2.3546e+01   2.4281e-02   4.1266e-02   2.5989e+02
20251225_12:00:00   2.7685e+00   2.6294e+02   2.3930e+01   4.7577e-01   3.7403e-02   2.5840e+02
20251225_15:00:00   2.9554e+00   2.6609e+02   2.4792e+01   5.2440e-01   2.4990e-02   2.5827e+02
20251225_18:00:00   4.1019e+00   2.7462e+02   2.3456e+01   1.0100e+00   6.2217e-03   2.5421e+02
20251225_21:00:00   2.5998e+00   2.5875e+02   2.0252e+01   4.8912e-01   1.1136e-02   2.5478e+02
20251226_00:00:00   2.2244e+00   2.4905e+02   2.3260e+01   2.8320e-01   1.2338e-02   2.5410e+02
20251226_03:00:00   2.0770e+00   2.4430e+02   2.3960e+01   2.0875e-01   9.6318e-03   2.5320e+02
20251226_06:00:00   1.9650e+00   2.4081e+02   2.4245e+01   1.5854e-01   1.3910e-03   2.5040e+02
20251226_09:00:00   1.6395e+00   2.2708e+02   2.1467e+01   9.3379e-02   2.7810e-03   2.5210e+02
20251226_12:00:00   1.5461e+00   2.2274e+02   2.1983e+01   4.0367e-02   3.2366e-02   2.5238e+02
20251226_15:00:00   1.4981e+00   2.2086e+02   2.2648e+01   3.9018e-03   1.8156e-02   2.5417e+02
20251226_18:00:00   1.4724e+00   2.1977e+02   2.2753e+01   3.4478e-04   3.9441e-03   2.5096e+02
20251226_21:00:00   1.8752e+00   2.4078e+02   2.5161e+01   9.0715e-02   1.7576e-02   2.4993e+02
20251227_00:00:00   2.3726e+00   2.5703e+02   3.0225e+01   1.6558e-01   1.4872e-02   2.5043e+02
20251227_03:00:00   5.0394e+00   2.8037e+02   2.8767e+01   1.2627e+00   1.3713e-02   2.4947e+02
20251227_06:00:00   2.8215e+00   2.5795e+02   2.2061e+01   5.9414e-01   5.3956e-02   2.5250e+02
20251227_09:00:00   5.0350e-01   1.0894e+02   8.4780e+00   9.9920e-03   1.2140e-04   2.6019e+02
20251227_12:00:00   3.5855e-01   8.3916e+01   4.8985e+00   2.0400e-02   1.7137e-03   2.6244e+02
20251227_15:00:00   2.3854e-01   6.0335e+01   3.7630e+00   0.0000e+00   3.4643e-02   2.7065e+02
20251227_18:00:00   2.2030e-01   5.6753e+01   3.5692e+00   0.0000e+00   7.6203e-02   2.7668e+02
20251227_21:00:00   2.1455e-01   5.5494e+01   3.6112e+00   0.0000e+00   3.8124e-02   2.7683e+02
20251228_00:00:00   2.0918e-01   5.4605e+01   3.4183e+00   0.0000e+00   8.7221e-03   2.7959e+02
