#            date       tau255        Tb[K]      pwv[mm] lwp[kg*m^-2] iwp[kg*m^-2]       o3[DU]
20251203_00:00:00   1.1033e+00   1.8052e+02   1.5192e+01   4.1734e-02   4.5300e-01   3.6284e+02
20251203_01:00:00   1.0412e+00   1.7509e+02   1.4551e+01   2.9794e-02   2.9197e-01   3.6154e+02
20251203_02:00:00   9.3893e-01   1.6533e+02   1.2232e+01   3.9760e-02   2.2173e-01   3.5999e+02
20251203_03:00:00   8.0753e-01   1.5084e+02   1.1465e+01   3.2576e-03   1.5447e-01   3.5991e+02
20251203_04:00:00   7.6633e-01   1.4579e+02   1.0804e+01   4.1825e-03   1.1472e-01   3.6100e+02
20251203_05:00:00   7.4255e-01   1.4269e+02   1.0444e+01   3.8210e-03   1.1291e-01   3.6079e+02
20251203_06:00:00   7.1773e-01   1.3934e+02   1.0211e+01   1.2974e-04   9.8471e-02   3.5938e+02
20251203_07:00:00   6.9477e-01   1.3613e+02   9.9466e+00   0.0000e+00   5.8236e-02   3.5818e+02
20251203_08:00:00   6.4508e-01   1.2924e+02   9.2576e+00   0.0000e+00   3.7370e-02   3.5833e+02
20251203_09:00:00   5.7466e-01   1.1907e+02   8.3351e+00   0.0000e+00   1.5549e-03   3.5521e+02
20251203_10:00:00   4.5694e-01   1.0077e+02   6.6223e+00   0.0000e+00   9.6047e-06   3.5341e+02
20251203_11:00:00   3.5701e-01   8.3409e+01   5.1046e+00   0.0000e+00   6.3250e-06   3.4818e+02
20251203_12:00:00   3.0508e-01   7.3576e+01   4.3315e+00   0.0000e+00   4.0612e-06   3.4435e+02
20251203_13:00:00   2.8558e-01   6.9579e+01   4.1836e+00   0.0000e+00   6.3390e-06   3.4458e+02
20251203_14:00:00   2.8506e-01   6.9281e+01   4.3706e+00   0.0000e+00   2.1691e-05   3.4539e+02
20251203_15:00:00   3.0903e-01   7.3669e+01   4.9327e+00   0.0000e+00   7.5805e-04   3.4677e+02
20251203_16:00:00   3.3802e-01   7.8960e+01   5.5085e+00   0.0000e+00   8.5869e-03   3.4580e+02
20251203_17:00:00   3.6138e-01   8.3168e+01   5.9461e+00   0.0000e+00   2.4889e-02   3.4600e+02
20251203_18:00:00   3.7463e-01   8.5456e+01   6.2301e+00   0.0000e+00   2.3123e-02   3.4418e+02
20251203_19:00:00   3.5957e-01   8.2904e+01   5.9436e+00   0.0000e+00   1.3933e-03   3.4154e+02
20251203_20:00:00   3.5317e-01   8.1859e+01   5.8257e+00   0.0000e+00   2.2244e-04   3.4048e+02
20251203_21:00:00   3.5937e-01   8.2926e+01   5.9726e+00   0.0000e+00   1.6416e-03   3.4109e+02
20251203_22:00:00   3.6964e-01   8.4793e+01   6.1402e+00   0.0000e+00   7.0859e-03   3.4045e+02
20251203_23:00:00   3.8031e-01   8.6818e+01   6.3036e+00   0.0000e+00   3.6478e-03   3.4241e+02
20251204_00:00:00   3.9986e-01   9.0251e+01   6.6635e+00   0.0000e+00   5.0665e-03   3.4449e+02
20251204_01:00:00   4.2031e-01   9.3766e+01   7.0004e+00   0.0000e+00   1.6158e-02   3.4864e+02
20251204_02:00:00   4.9300e-01   1.0572e+02   8.2085e+00   0.0000e+00   5.0368e-02   3.5524e+02
20251204_03:00:00   5.6655e-01   1.1674e+02   9.3872e+00   0.0000e+00   1.6426e-01   3.6038e+02
20251204_04:00:00   6.1216e-01   1.2349e+02   9.9967e+00   0.0000e+00   2.4159e-01   3.6772e+02
20251204_05:00:00   6.3187e-01   1.2633e+02   1.0217e+01   0.0000e+00   2.6734e-01   3.7536e+02
20251204_06:00:00   6.5336e-01   1.2947e+02   1.0553e+01   0.0000e+00   1.0940e-01   3.7718e+02
20251204_07:00:00   6.4973e-01   1.2904e+02   1.0467e+01   0.0000e+00   3.8689e-02   3.7714e+02
20251204_08:00:00   6.8070e-01   1.3337e+02   1.0824e+01   0.0000e+00   2.1985e-03   3.7783e+02
20251204_09:00:00   7.3320e-01   1.4020e+02   1.1456e+01   0.0000e+00   4.0340e-03   3.8120e+02
20251204_10:00:00   7.0818e-01   1.3715e+02   1.0946e+01   0.0000e+00   2.5817e-03   3.7772e+02
20251204_11:00:00   6.8787e-01   1.3445e+02   1.0592e+01   0.0000e+00   1.1129e-03   3.7791e+02
20251204_12:00:00   6.6984e-01   1.3186e+02   1.0355e+01   0.0000e+00   7.3406e-03   3.7541e+02
20251204_13:00:00   6.5830e-01   1.3006e+02   1.0173e+01   0.0000e+00   4.4685e-03   3.7438e+02
20251204_14:00:00   6.6271e-01   1.3037e+02   1.0200e+01   0.0000e+00   2.0889e-02   3.7244e+02
20251204_15:00:00   6.6671e-01   1.3068e+02   1.0157e+01   0.0000e+00   1.0746e-01   3.6888e+02
20251204_16:00:00   6.4589e-01   1.2762e+02   9.5767e+00   3.6975e-03   2.2506e-01   3.6659e+02
20251204_17:00:00   5.6184e-01   1.1557e+02   8.3591e+00   2.0360e-04   2.2749e-01   3.7002e+02
20251204_18:00:00   4.3852e-01   9.6509e+01   6.2815e+00   1.0408e-05   7.2825e-02   3.7530e+02
20251204_19:00:00   3.6413e-01   8.3994e+01   4.8671e+00   8.3460e-07   5.7972e-03   3.7798e+02
20251204_20:00:00   3.6458e-01   8.3721e+01   4.8553e+00   0.0000e+00   5.0895e-03   3.6997e+02
20251204_21:00:00   3.5659e-01   8.1708e+01   4.6393e+00   1.5126e-04   6.2281e-02   3.6371e+02
20251204_22:00:00   2.3814e-01   5.8792e+01   3.0428e+00   0.0000e+00   1.8635e-05   3.6688e+02
20251204_23:00:00   2.0526e-01   5.1918e+01   2.4934e+00   0.0000e+00   1.0437e-05   3.7105e+02
20251205_00:00:00   1.7576e-01   4.5561e+01   2.0721e+00   0.0000e+00   9.3319e-06   3.7849e+02
20251205_01:00:00   1.7244e-01   4.4756e+01   2.0140e+00   0.0000e+00   2.4936e-05   3.7619e+02
20251205_02:00:00   1.5989e-01   4.2013e+01   1.8747e+00   0.0000e+00   4.9220e-05   3.7859e+02
20251205_03:00:00   1.6324e-01   4.2677e+01   1.9678e+00   0.0000e+00   8.5706e-05   3.8043e+02
20251205_04:00:00   1.6360e-01   4.2702e+01   2.0464e+00   0.0000e+00   9.1180e-06   3.8024e+02
20251205_05:00:00   1.6689e-01   4.3354e+01   2.1585e+00   0.0000e+00   9.4450e-06   3.8035e+02
20251205_06:00:00   1.6567e-01   4.3075e+01   2.2225e+00   0.0000e+00   3.3987e-06   3.7849e+02
20251205_07:00:00   1.7232e-01   4.4491e+01   2.4106e+00   0.0000e+00   6.3800e-07   3.7250e+02
20251205_08:00:00   1.8760e-01   4.7711e+01   2.7025e+00   0.0000e+00   3.2750e-07   3.6922e+02
20251205_09:00:00   2.0785e-01   5.1897e+01   3.0810e+00   0.0000e+00   1.6620e-09   3.6902e+02
20251205_10:00:00   2.2582e-01   5.5575e+01   3.4137e+00   0.0000e+00   0.0000e+00   3.6879e+02
20251205_11:00:00   2.2095e-01   5.4677e+01   3.3204e+00   0.0000e+00   6.1060e-06   3.6965e+02
20251205_12:00:00   1.8206e-01   4.6778e+01   2.5881e+00   0.0000e+00   1.2871e-03   3.7311e+02
20251205_13:00:00   1.7313e-01   4.4914e+01   2.4236e+00   0.0000e+00   5.4688e-04   3.7369e+02
20251205_14:00:00   1.6770e-01   4.3790e+01   2.3167e+00   0.0000e+00   7.6064e-04   3.6512e+02
20251205_15:00:00   1.6939e-01   4.4225e+01   2.3366e+00   0.0000e+00   6.5420e-04   3.5277e+02
20251205_16:00:00   1.8752e-01   4.8077e+01   2.6650e+00   0.0000e+00   1.3796e-03   3.4440e+02
20251205_17:00:00   1.9859e-01   5.0486e+01   2.8559e+00   0.0000e+00   1.3451e-03   3.4164e+02
20251205_18:00:00   2.1423e-01   5.3812e+01   3.0970e+00   0.0000e+00   1.0665e-03   3.3610e+02
20251205_19:00:00   2.3844e-01   5.8844e+01   3.4639e+00   0.0000e+00   1.2488e-03   3.3308e+02
20251205_20:00:00   2.6825e-01   6.4837e+01   3.9163e+00   0.0000e+00   1.3895e-03   3.3587e+02
20251205_21:00:00   2.8722e-01   6.8491e+01   4.1956e+00   0.0000e+00   7.6747e-03   3.3693e+02
20251205_22:00:00   3.1162e-01   7.3145e+01   4.5838e+00   0.0000e+00   3.8524e-03   3.3686e+02
20251205_23:00:00   3.2630e-01   7.6205e+01   4.7002e+00   0.0000e+00   5.4339e-04   3.3436e+02
20251206_00:00:00   3.1604e-01   7.4449e+01   4.5362e+00   0.0000e+00   1.1910e-04   3.3123e+02
20251206_01:00:00   3.2580e-01   7.6306e+01   4.7067e+00   0.0000e+00   3.1800e-05   3.2711e+02
20251206_02:00:00   3.2573e-01   7.6334e+01   4.7311e+00   0.0000e+00   1.7975e-04   3.2355e+02
20251206_03:00:00   3.4006e-01   7.8964e+01   4.9718e+00   0.0000e+00   1.9315e-04   3.1989e+02
20251206_04:00:00   3.4245e-01   7.9417e+01   5.0729e+00   0.0000e+00   2.0477e-04   3.1889e+02
20251206_05:00:00   3.4179e-01   7.9408e+01   5.1136e+00   0.0000e+00   2.2189e-04   3.1674e+02
20251206_06:00:00   3.5106e-01   8.1171e+01   5.3195e+00   0.0000e+00   2.3739e-04   3.1405e+02
20251206_07:00:00   3.7017e-01   8.4658e+01   5.6708e+00   0.0000e+00   2.2483e-04   3.1290e+02
20251206_08:00:00   3.8696e-01   8.7673e+01   5.9757e+00   0.0000e+00   4.9867e-04   3.1378e+02
20251206_09:00:00   4.0075e-01   9.0100e+01   6.2310e+00   0.0000e+00   2.5851e-03   3.1330e+02
20251206_10:00:00   4.0402e-01   9.0755e+01   6.2779e+00   0.0000e+00   8.3032e-03   3.1234e+02
20251206_11:00:00   3.9690e-01   8.9617e+01   6.1574e+00   0.0000e+00   2.3734e-03   3.1108e+02
20251206_12:00:00   4.0008e-01   9.0116e+01   6.2581e+00   0.0000e+00   2.2934e-03   3.1054e+02
20251206_13:00:00   3.8749e-01   8.8013e+01   6.0428e+00   0.0000e+00   4.6136e-03   3.1058e+02
20251206_14:00:00   3.9543e-01   8.9430e+01   6.1621e+00   0.0000e+00   6.0751e-03   3.0947e+02
20251206_15:00:00   4.1989e-01   9.3709e+01   6.5596e+00   0.0000e+00   4.2729e-03   3.0804e+02
20251206_16:00:00   4.5749e-01   1.0005e+02   7.1885e+00   0.0000e+00   1.3393e-02   3.0678e+02
20251206_17:00:00   4.9961e-01   1.0686e+02   7.8663e+00   0.0000e+00   2.1339e-02   3.0521e+02
20251206_18:00:00   5.1760e-01   1.0969e+02   8.1573e+00   0.0000e+00   5.3120e-02   3.0337e+02
20251206_19:00:00   5.2602e-01   1.1099e+02   8.3238e+00   0.0000e+00   2.3045e-02   3.0350e+02
20251206_20:00:00   5.2828e-01   1.1133e+02   8.3673e+00   0.0000e+00   3.6755e-02   3.0231e+02
20251206_21:00:00   5.3830e-01   1.1284e+02   8.4760e+00   0.0000e+00   7.6478e-02   3.0371e+02
20251206_22:00:00   5.4907e-01   1.1449e+02   8.5693e+00   0.0000e+00   1.5278e-01   3.0245e+02
20251206_23:00:00   5.5916e-01   1.1608e+02   8.6918e+00   0.0000e+00   1.7578e-01   3.0253e+02
20251207_00:00:00   5.7582e-01   1.1863e+02   8.9232e+00   0.0000e+00   9.5722e-02   3.0299e+02
20251207_01:00:00   6.1842e-01   1.2490e+02   9.4497e+00   0.0000e+00   1.3134e-01   3.0529e+02
20251207_02:00:00   6.9047e-01   1.3485e+02   1.0377e+01   0.0000e+00   1.7043e-01   3.0645e+02
20251207_03:00:00   7.2666e-01   1.3971e+02   1.0778e+01   0.0000e+00   7.5010e-02   3.0737e+02
20251207_04:00:00   6.6954e-01   1.3261e+02   9.8362e+00   0.0000e+00   1.5753e-03   3.1061e+02
20251207_05:00:00   6.1901e-01   1.2588e+02   8.9643e+00   0.0000e+00   8.1721e-05   3.1081e+02
20251207_06:00:00   5.4722e-01   1.1571e+02   7.7934e+00   0.0000e+00   4.3847e-05   3.1158e+02
20251207_07:00:00   5.0325e-01   1.0898e+02   7.0243e+00   1.4541e-03   1.3663e-04   3.1424e+02
20251207_08:00:00   4.7172e-01   1.0389e+02   6.4195e+00   5.8590e-03   2.9798e-04   3.1336e+02
20251207_09:00:00   4.5686e-01   1.0137e+02   6.0866e+00   1.0032e-02   3.1105e-04   3.1754e+02
20251207_10:00:00   4.2377e-01   9.5634e+01   5.8948e+00   2.9258e-03   1.1786e-04   3.2183e+02
20251207_11:00:00   3.8183e-01   8.8149e+01   5.4402e+00   0.0000e+00   6.1966e-06   3.2376e+02
20251207_12:00:00   3.6533e-01   8.4980e+01   5.2064e+00   0.0000e+00   2.4717e-04   3.2197e+02
20251207_13:00:00   3.3922e-01   8.0117e+01   4.7987e+00   0.0000e+00   1.1182e-03   3.2262e+02
20251207_14:00:00   3.1597e-01   7.5599e+01   4.5234e+00   0.0000e+00   2.9289e-04   3.2318e+02
20251207_15:00:00   3.2827e-01   7.7641e+01   4.8233e+00   1.5914e-05   2.9685e-03   3.2471e+02
20251207_16:00:00   3.5361e-01   8.2184e+01   5.2583e+00   0.0000e+00   5.8166e-03   3.2489e+02
20251207_17:00:00   3.6016e-01   8.3282e+01   5.3839e+00   0.0000e+00   1.1908e-02   3.2735e+02
20251207_18:00:00   3.6890e-01   8.4687e+01   5.5470e+00   3.5440e-05   3.1747e-02   3.3083e+02
20251207_19:00:00   3.6293e-01   8.3351e+01   5.5232e+00   0.0000e+00   2.2200e-02   3.3328e+02
20251207_20:00:00   3.5532e-01   8.1789e+01   5.4572e+00   0.0000e+00   6.4744e-03   3.3342e+02
20251207_21:00:00   3.4553e-01   7.9827e+01   5.3321e+00   0.0000e+00   3.0273e-03   3.3433e+02
20251207_22:00:00   3.3425e-01   7.7577e+01   5.1570e+00   0.0000e+00   5.3235e-03   3.3724e+02
20251207_23:00:00   3.2579e-01   7.5792e+01   5.0244e+00   0.0000e+00   1.5804e-02   3.3498e+02
20251208_00:00:00   3.1862e-01   7.4301e+01   4.9048e+00   0.0000e+00   1.4277e-02   3.3516e+02
20251208_03:00:00   2.7727e-01   6.6111e+01   4.1349e+00   0.0000e+00   6.1665e-02   3.2664e+02
20251208_06:00:00   1.8535e-01   4.7447e+01   2.5105e+00   0.0000e+00   1.9255e-02   3.2650e+02
20251208_09:00:00   1.6317e-01   4.2766e+01   2.0321e+00   0.0000e+00   3.3398e-03   3.3077e+02
20251208_12:00:00   1.2745e-01   3.4889e+01   1.4344e+00   0.0000e+00   2.5684e-03   3.5674e+02
20251208_15:00:00   1.2575e-01   3.4584e+01   1.4398e+00   0.0000e+00   2.7060e-03   3.5944e+02
20251208_18:00:00   1.3806e-01   3.7520e+01   1.6764e+00   0.0000e+00   3.2900e-03   3.5633e+02
20251208_21:00:00   1.6038e-01   4.2341e+01   2.0666e+00   0.0000e+00   1.0846e-02   3.5748e+02
20251209_00:00:00   1.5162e-01   4.0366e+01   1.9834e+00   0.0000e+00   9.8142e-03   3.5043e+02
20251209_03:00:00   1.6358e-01   4.2848e+01   2.2236e+00   0.0000e+00   4.5465e-03   3.5358e+02
20251209_06:00:00   1.9678e-01   4.9698e+01   2.8125e+00   0.0000e+00   2.6708e-05   3.5928e+02
20251209_09:00:00   1.9375e-01   4.9174e+01   2.7279e+00   0.0000e+00   8.1580e-06   3.6667e+02
20251209_12:00:00   2.0474e-01   5.1461e+01   2.9536e+00   0.0000e+00   8.1580e-06   3.6554e+02
20251209_15:00:00   2.4978e-01   6.0629e+01   3.7610e+00   0.0000e+00   1.1452e-02   3.6219e+02
20251209_18:00:00   3.2197e-01   7.4341e+01   4.9292e+00   0.0000e+00   7.7667e-02   3.6325e+02
20251209_21:00:00   3.4224e-01   7.8193e+01   5.1784e+00   0.0000e+00   1.0717e-01   3.6829e+02
20251210_00:00:00   3.1405e-01   7.2997e+01   4.7427e+00   0.0000e+00   2.1359e-01   3.7009e+02
20251210_03:00:00   5.1344e-01   1.0715e+02   7.4207e+00   0.0000e+00   2.8249e-01   3.8262e+02
20251210_06:00:00   5.3660e-01   1.1121e+02   7.6110e+00   0.0000e+00   1.6287e-01   4.0539e+02
20251210_09:00:00   4.6157e-01   9.9625e+01   6.5841e+00   0.0000e+00   3.0518e-04   4.0045e+02
20251210_12:00:00   4.1973e-01   9.2553e+01   6.0679e+00   0.0000e+00   7.7704e-03   3.7522e+02
20251210_15:00:00   4.0854e-01   9.1247e+01   5.7421e+00   0.0000e+00   2.9719e-05   3.5945e+02
20251210_18:00:00   3.6388e-01   8.4061e+01   4.9354e+00   9.1380e-04   6.1643e-04   3.5279e+02
20251210_21:00:00   3.1696e-01   7.5402e+01   4.3778e+00   0.0000e+00   7.1948e-04   3.4216e+02
20251211_00:00:00   3.2704e-01   7.6583e+01   4.7935e+00   0.0000e+00   1.7851e-02   3.5113e+02
20251211_03:00:00   4.2765e-01   9.3994e+01   6.5720e+00   0.0000e+00   1.2029e-01   3.4698e+02
20251211_06:00:00   5.8910e-01   1.1928e+02   8.8958e+00   5.3160e-06   2.9236e-01   3.4694e+02
20251211_09:00:00   6.8536e-01   1.3271e+02   9.9949e+00   0.0000e+00   4.4971e-01   3.3159e+02
20251211_12:00:00   6.7174e-01   1.3117e+02   9.6641e+00   0.0000e+00   3.2852e-01   3.3053e+02
20251211_15:00:00   6.3379e-01   1.2695e+02   8.9580e+00   1.4852e-03   3.0070e-02   3.2923e+02
20251211_18:00:00   6.8937e-01   1.3535e+02   8.8194e+00   3.3888e-02   9.3492e-03   3.1036e+02
20251211_21:00:00   9.6087e-01   1.6685e+02   9.7973e+00   1.2979e-01   3.9325e-02   2.9947e+02
20251212_00:00:00   9.6889e-01   1.6755e+02   1.1538e+01   9.2796e-02   3.2932e-02   2.9459e+02
20251212_03:00:00   9.2956e-01   1.6355e+02   1.2357e+01   5.2344e-02   5.5045e-03   2.8727e+02
20251212_06:00:00   1.0183e+00   1.7223e+02   1.5540e+01   2.8834e-04   5.8860e-01   2.7887e+02
20251212_09:00:00   1.0929e+00   1.7953e+02   1.6794e+01   2.1956e-04   4.8026e-01   2.7736e+02
20251212_12:00:00   2.0593e+00   2.3551e+02   1.7827e+01   3.7637e-01   1.2499e+00   2.7771e+02
20251212_15:00:00   3.2027e+00   2.6067e+02   2.0037e+01   7.8928e-01   1.2323e+00   2.7823e+02
20251212_18:00:00   5.2090e+00   2.7147e+02   1.9581e+01   1.6299e+00   7.9932e-02   2.8744e+02
20251212_21:00:00   2.7242e+00   2.5596e+02   1.6481e+01   6.5554e-01   1.3177e-03   3.0110e+02
20251213_00:00:00   1.8895e+00   2.3286e+02   1.2278e+01   4.1328e-01   2.9218e-03   3.1583e+02
20251213_03:00:00   1.4571e+00   2.0954e+02   9.7745e+00   3.1543e-01   2.8169e-03   3.2910e+02
20251213_06:00:00   8.2940e-01   1.5353e+02   9.7133e+00   6.3032e-02   2.9988e-03   3.3559e+02
20251213_09:00:00   6.2639e-01   1.2669e+02   9.1419e+00   4.1820e-04   3.6055e-04   3.3607e+02
20251213_12:00:00   5.8753e-01   1.2061e+02   8.6026e+00   0.0000e+00   1.7325e-04   3.4580e+02
20251213_15:00:00   5.7278e-01   1.1809e+02   8.4129e+00   0.0000e+00   3.9705e-04   3.5811e+02
20251213_18:00:00   5.7106e-01   1.1779e+02   8.2915e+00   1.9011e-03   3.6292e-03   3.5493e+02
20251213_21:00:00   5.3077e-01   1.1154e+02   7.7473e+00   0.0000e+00   4.6069e-04   3.5656e+02
20251214_00:00:00   5.2064e-01   1.1012e+02   7.6697e+00   0.0000e+00   2.4602e-04   3.5654e+02
20251214_03:00:00   4.6400e-01   1.0135e+02   6.6800e+00   0.0000e+00   8.4320e-06   3.4681e+02
20251214_06:00:00   3.4561e-01   8.1284e+01   4.9359e+00   0.0000e+00   6.4522e-06   3.3757e+02
20251214_09:00:00   2.4501e-01   6.1585e+01   3.5890e+00   0.0000e+00   1.4701e-06   3.3266e+02
20251214_12:00:00   1.8432e-01   4.8594e+01   2.7026e+00   0.0000e+00   3.2346e-04   3.1432e+02
20251214_15:00:00   2.6064e-01   6.4292e+01   4.2309e+00   0.0000e+00   2.2156e-04   3.1175e+02
20251214_18:00:00   5.2107e-01   1.1031e+02   8.8631e+00   0.0000e+00   3.9515e-02   2.9868e+02
20251214_21:00:00   8.2448e-01   1.5252e+02   1.3587e+01   0.0000e+00   1.3433e-01   2.9582e+02
20251215_00:00:00   6.8927e-01   1.3619e+02   1.1728e+01   0.0000e+00   1.1261e-02   2.9117e+02
20251215_03:00:00   6.3534e-01   1.2922e+02   1.0685e+01   2.3720e-03   2.8539e-02   2.8514e+02
20251215_06:00:00   7.2357e-01   1.4256e+02   1.2052e+01   2.3904e-04   1.7472e-02   2.8537e+02
20251215_09:00:00   8.5475e-01   1.6015e+02   1.4113e+01   0.0000e+00   2.6106e-02   2.8630e+02
20251215_12:00:00   8.2176e-01   1.5688e+02   1.3789e+01   0.0000e+00   5.2442e-03   2.7687e+02
20251215_15:00:00   8.6481e-01   1.6241e+02   1.4546e+01   0.0000e+00   3.8090e-03   2.7733e+02
20251215_18:00:00   1.0606e+00   1.8300e+02   1.5751e+01   4.6140e-02   5.3294e-03   2.7902e+02
20251215_21:00:00   1.1233e+00   1.8916e+02   1.8652e+01   2.3496e-04   7.2003e-02   2.7996e+02
20251216_00:00:00   1.7831e+00   2.3244e+02   2.7167e+01   2.0767e-02   4.9817e-01   2.7219e+02
20251216_03:00:00   3.0694e+00   2.6597e+02   3.1209e+01   4.1441e-01   2.9980e-01   2.6902e+02
20251216_06:00:00   3.9132e+00   2.7413e+02   3.0557e+01   7.5293e-01   1.4721e-03   2.7271e+02
20251216_09:00:00   2.8946e+00   2.6403e+02   3.2272e+01   3.0594e-01   2.2499e-02   2.8116e+02
20251216_12:00:00   3.5307e+00   2.7151e+02   3.2751e+01   5.5148e-01   2.4354e-01   2.9221e+02
20251216_15:00:00   2.7539e+00   2.6232e+02   3.0323e+01   3.0761e-01   1.3426e-02   2.9515e+02
20251216_18:00:00   1.9463e+00   2.4114e+02   2.7729e+01   7.3145e-02   3.1249e-02   2.9283e+02
20251216_21:00:00   3.9333e+00   2.7480e+02   3.0181e+01   7.7677e-01   3.1010e-02   2.9676e+02
20251217_00:00:00   2.7335e+00   2.5592e+02   2.0742e+01   6.0723e-01   7.3202e-02   3.0610e+02
20251217_03:00:00   9.5238e-01   1.6629e+02   1.1762e+01   1.1098e-01   2.6204e-01   3.0983e+02
20251217_06:00:00   4.0322e-01   9.1746e+01   6.5479e+00   2.1140e-05   5.6432e-02   3.1632e+02
20251217_09:00:00   3.4094e-01   8.0644e+01   4.9466e+00   0.0000e+00   6.9346e-03   3.2167e+02
20251217_12:00:00   3.8014e-01   8.7461e+01   5.5653e+00   0.0000e+00   4.5456e-06   3.0909e+02
20251217_15:00:00   4.0297e-01   9.1464e+01   5.7430e+00   0.0000e+00   1.6731e-05   3.3101e+02
20251217_18:00:00   4.0177e-01   9.1307e+01   5.5521e+00   0.0000e+00   1.3199e-05   3.2336e+02
20251217_21:00:00   4.2319e-01   9.4627e+01   5.7144e+00   0.0000e+00   3.0812e-02   3.0853e+02
20251218_00:00:00   3.3145e-01   7.8237e+01   4.3912e+00   0.0000e+00   8.8808e-06   3.0998e+02
20251218_03:00:00   3.0831e-01   7.3750e+01   4.0468e+00   0.0000e+00   7.7146e-06   3.1039e+02
20251218_06:00:00   2.4125e-01   6.0476e+01   3.1569e+00   0.0000e+00   3.7885e-06   3.1778e+02
20251218_09:00:00   2.4047e-01   6.0204e+01   3.2656e+00   0.0000e+00   2.1517e-06   3.1122e+02
20251218_12:00:00   2.5716e-01   6.3318e+01   3.7819e+00   0.0000e+00   1.7906e-06   3.0819e+02
20251218_15:00:00   3.0688e-01   7.2943e+01   4.8846e+00   0.0000e+00   1.2381e-05   3.0242e+02
20251218_18:00:00   4.1174e-01   9.2176e+01   6.8446e+00   0.0000e+00   2.6864e-05   2.9841e+02
20251218_21:00:00   5.0970e-01   1.0895e+02   8.4687e+00   0.0000e+00   5.0526e-05   2.9710e+02
20251219_00:00:00   4.9196e-01   1.0675e+02   8.1076e+00   0.0000e+00   4.0819e-05   2.9608e+02
