#            date       tau255        Tb[K]      pwv[mm] lwp[kg*m^-2] iwp[kg*m^-2]       o3[DU]
20251201_06:00:00   4.7656e-01   1.0503e+02   6.4458e+00   8.0880e-06   1.6500e-05   3.4025e+02
20251201_07:00:00   4.4375e-01   9.9271e+01   6.0088e+00   0.0000e+00   7.3994e-05   3.4575e+02
20251201_08:00:00   4.0915e-01   9.3046e+01   5.6098e+00   0.0000e+00   1.0449e-05   3.4649e+02
20251201_09:00:00   4.2333e-01   9.5292e+01   5.8049e+00   0.0000e+00   1.3282e-04   3.5115e+02
20251201_10:00:00   4.1109e-01   9.3094e+01   5.5976e+00   0.0000e+00   2.4574e-04   3.5389e+02
20251201_11:00:00   3.7343e-01   8.6459e+01   5.0519e+00   0.0000e+00   6.8908e-05   3.5701e+02
20251201_12:00:00   3.2600e-01   7.7529e+01   4.4153e+00   0.0000e+00   5.2196e-06   3.6409e+02
20251201_13:00:00   3.0373e-01   7.3088e+01   4.0931e+00   0.0000e+00   4.4307e-06   3.7544e+02
20251201_14:00:00   2.9385e-01   7.1118e+01   3.9041e+00   0.0000e+00   4.4952e-06   3.8589e+02
20251201_15:00:00   2.5717e-01   6.3996e+01   3.2703e+00   0.0000e+00   6.2715e-06   3.9513e+02
20251201_16:00:00   2.3111e-01   5.8728e+01   2.8936e+00   0.0000e+00   4.2934e-06   4.0078e+02
20251201_17:00:00   2.1741e-01   5.5891e+01   2.7262e+00   0.0000e+00   0.0000e+00   4.0181e+02
20251201_18:00:00   2.1184e-01   5.4699e+01   2.6800e+00   0.0000e+00   0.0000e+00   3.9936e+02
20251201_19:00:00   1.9324e-01   5.0745e+01   2.4467e+00   0.0000e+00   0.0000e+00   4.0105e+02
20251201_20:00:00   1.8884e-01   4.9765e+01   2.4065e+00   0.0000e+00   1.0970e-03   3.9657e+02
20251201_21:00:00   1.8506e-01   4.8809e+01   2.3932e+00   0.0000e+00   3.6745e-03   3.9355e+02
20251201_22:00:00   1.8319e-01   4.8137e+01   2.4583e+00   0.0000e+00   6.8004e-03   3.8992e+02
20251201_23:00:00   1.7865e-01   4.7011e+01   2.4390e+00   0.0000e+00   6.4413e-03   3.8793e+02
20251202_00:00:00   1.8519e-01   4.8237e+01   2.6255e+00   0.0000e+00   7.0290e-03   3.9093e+02
20251202_01:00:00   1.9339e-01   4.9841e+01   2.8490e+00   0.0000e+00   5.0776e-03   3.8753e+02
20251202_02:00:00   1.8934e-01   4.8969e+01   2.8422e+00   0.0000e+00   2.0074e-03   3.7965e+02
20251202_03:00:00   2.0334e-01   5.1836e+01   3.1451e+00   0.0000e+00   1.8797e-03   3.7438e+02
20251202_04:00:00   2.4726e-01   6.0672e+01   3.9983e+00   0.0000e+00   2.8346e-03   3.7465e+02
20251202_05:00:00   2.4318e-01   5.9865e+01   3.9527e+00   0.0000e+00   8.7007e-03   3.7455e+02
20251202_06:00:00   2.8371e-01   6.7831e+01   4.6833e+00   0.0000e+00   1.4375e-02   3.7361e+02
20251202_07:00:00   3.2325e-01   7.5397e+01   5.3629e+00   0.0000e+00   7.0206e-02   3.7472e+02
20251202_08:00:00   3.7824e-01   8.5473e+01   6.2972e+00   0.0000e+00   6.8207e-02   3.7631e+02
20251202_09:00:00   4.0679e-01   9.0506e+01   6.7128e+00   0.0000e+00   1.1153e-01   3.7764e+02
20251202_10:00:00   4.9602e-01   1.0541e+02   8.0717e+00   0.0000e+00   2.0554e-01   3.7530e+02
20251202_11:00:00   6.1631e-01   1.2350e+02   9.9378e+00   0.0000e+00   1.3260e-01   3.7091e+02
20251202_12:00:00   7.0380e-01   1.3549e+02   1.1209e+01   8.0200e-05   2.6153e-01   3.6445e+02
20251202_13:00:00   7.9576e-01   1.4703e+02   1.2422e+01   7.1800e-06   6.2855e-01   3.6091e+02
20251202_14:00:00   9.1805e-01   1.6103e+02   1.4103e+01   0.0000e+00   6.5681e-01   3.5707e+02
20251202_15:00:00   9.3147e-01   1.6256e+02   1.4246e+01   7.4483e-04   6.6334e-01   3.5722e+02
20251202_16:00:00   9.4590e-01   1.6414e+02   1.4385e+01   1.0655e-03   8.4107e-01   3.5648e+02
20251202_17:00:00   9.5076e-01   1.6474e+02   1.4416e+01   1.3625e-03   8.9451e-01   3.5680e+02
20251202_18:00:00   9.8897e-01   1.6894e+02   1.4999e+01   2.4808e-03   7.8758e-01   3.5971e+02
20251202_19:00:00   1.0359e+00   1.7370e+02   1.5448e+01   7.9629e-03   9.6029e-01   3.6060e+02
20251202_20:00:00   1.0631e+00   1.7643e+02   1.5808e+01   7.9069e-03   1.0935e+00   3.5894e+02
20251202_21:00:00   1.1188e+00   1.8151e+02   1.5901e+01   2.6383e-02   1.2758e+00   3.5761e+02
20251202_22:00:00   1.1211e+00   1.8192e+02   1.5914e+01   2.7805e-02   1.0882e+00   3.5670e+02
20251202_23:00:00   1.0733e+00   1.7772e+02   1.5993e+01   6.5432e-03   9.6350e-01   3.5884e+02
20251203_00:00:00   1.0335e+00   1.7405e+02   1.5474e+01   3.7746e-03   6.6802e-01   3.6263e+02
20251203_01:00:00   9.8806e-01   1.6954e+02   1.4590e+01   4.6008e-03   6.9675e-01   3.6288e+02
20251203_02:00:00   9.1917e-01   1.6251e+02   1.3593e+01   1.1277e-03   4.6352e-01   3.6415e+02
20251203_03:00:00   8.1599e-01   1.5127e+02   1.1806e+01   2.8409e-05   3.3644e-01   3.6644e+02
20251203_04:00:00   7.6647e-01   1.4522e+02   1.1021e+01   0.0000e+00   2.2106e-01   3.7122e+02
20251203_05:00:00   7.0843e-01   1.3780e+02   1.0146e+01   0.0000e+00   1.3282e-01   3.7186e+02
20251203_06:00:00   6.6862e-01   1.3225e+02   9.6280e+00   0.0000e+00   1.1441e-01   3.6893e+02
20251203_07:00:00   6.1058e-01   1.2403e+02   8.8652e+00   0.0000e+00   1.6751e-02   3.6977e+02
20251203_08:00:00   5.3139e-01   1.1233e+02   7.6495e+00   0.0000e+00   3.3102e-04   3.7009e+02
20251203_09:00:00   4.5011e-01   9.9337e+01   6.4137e+00   0.0000e+00   1.2586e-05   3.6764e+02
20251203_10:00:00   3.4719e-01   8.1473e+01   4.8449e+00   0.0000e+00   7.1020e-06   3.6254e+02
20251203_11:00:00   2.9411e-01   7.1341e+01   4.0686e+00   0.0000e+00   6.2630e-06   3.5282e+02
20251203_12:00:00   2.6823e-01   6.6115e+01   3.7854e+00   0.0000e+00   4.2127e-06   3.4329e+02
20251203_13:00:00   2.5851e-01   6.4073e+01   3.7637e+00   0.0000e+00   1.2258e-04   3.4433e+02
20251203_14:00:00   2.6518e-01   6.5261e+01   4.0443e+00   0.0000e+00   1.0222e-02   3.4683e+02
20251203_15:00:00   2.8662e-01   6.9348e+01   4.4789e+00   0.0000e+00   1.7763e-02   3.5064e+02
20251203_16:00:00   2.9079e-01   7.0146e+01   4.5904e+00   0.0000e+00   4.9845e-03   3.4951e+02
20251203_17:00:00   2.8655e-01   6.9461e+01   4.4648e+00   0.0000e+00   5.7899e-03   3.4247e+02
20251203_18:00:00   3.1783e-01   7.5432e+01   5.0611e+00   0.0000e+00   5.6989e-04   3.3942e+02
20251203_19:00:00   3.5123e-01   8.1658e+01   5.6788e+00   0.0000e+00   6.7439e-04   3.4004e+02
20251203_20:00:00   3.9242e-01   8.8900e+01   6.4777e+00   0.0000e+00   2.3579e-03   3.4189e+02
20251203_21:00:00   4.0424e-01   9.0801e+01   6.7036e+00   0.0000e+00   1.1355e-02   3.4176e+02
20251203_22:00:00   4.1160e-01   9.2086e+01   6.8043e+00   0.0000e+00   8.2324e-03   3.4402e+02
20251203_23:00:00   4.1762e-01   9.3173e+01   6.9099e+00   0.0000e+00   2.7190e-02   3.4864e+02
20251204_00:00:00   4.4197e-01   9.7180e+01   7.3884e+00   0.0000e+00   3.4449e-02   3.4924e+02
20251204_01:00:00   4.7168e-01   1.0196e+02   7.9543e+00   0.0000e+00   1.7737e-02   3.5705e+02
20251204_02:00:00   5.1255e-01   1.0845e+02   8.6072e+00   0.0000e+00   5.5357e-02   3.6214e+02
20251204_03:00:00   5.4924e-01   1.1410e+02   9.1460e+00   0.0000e+00   9.6923e-02   3.6402e+02
20251204_04:00:00   6.1564e-01   1.2385e+02   1.0093e+01   0.0000e+00   8.4854e-02   3.6904e+02
20251204_05:00:00   6.4858e-01   1.2888e+02   1.0409e+01   0.0000e+00   3.1738e-02   3.7148e+02
20251204_06:00:00   6.5528e-01   1.3016e+02   1.0444e+01   0.0000e+00   3.6442e-03   3.7395e+02
20251204_07:00:00   6.7518e-01   1.3288e+02   1.0686e+01   0.0000e+00   7.9664e-03   3.7399e+02
20251204_08:00:00   6.8543e-01   1.3419e+02   1.0879e+01   0.0000e+00   8.1521e-03   3.7268e+02
20251204_09:00:00   6.1334e-01   1.2407e+02   9.9275e+00   0.0000e+00   6.6962e-03   3.7447e+02
20251204_10:00:00   5.9652e-01   1.2150e+02   9.6892e+00   0.0000e+00   1.7957e-02   3.7615e+02
20251204_11:00:00   6.0013e-01   1.2200e+02   9.6852e+00   0.0000e+00   4.1190e-02   3.7197e+02
20251204_12:00:00   7.0066e-01   1.3576e+02   1.1055e+01   0.0000e+00   1.1265e-01   3.6697e+02
20251204_13:00:00   7.3124e-01   1.3957e+02   1.1331e+01   0.0000e+00   2.4171e-01   3.6716e+02
20251204_14:00:00   7.4467e-01   1.4119e+02   1.1413e+01   0.0000e+00   1.9564e-01   3.7042e+02
20251204_15:00:00   7.3066e-01   1.3935e+02   1.1101e+01   0.0000e+00   1.9171e-01   3.7067e+02
20251204_16:00:00   7.1910e-01   1.3785e+02   1.0768e+01   0.0000e+00   2.9487e-01   3.7008e+02
20251204_17:00:00   6.7886e-01   1.3258e+02   1.0061e+01   1.5220e-03   2.0824e-01   3.7386e+02
20251204_18:00:00   5.0490e-01   1.0786e+02   7.3636e+00   0.0000e+00   4.5085e-03   3.7729e+02
20251204_19:00:00   4.1319e-01   9.3094e+01   5.7385e+00   0.0000e+00   3.7667e-03   3.7138e+02
20251204_20:00:00   3.8819e-01   8.8525e+01   5.2237e+00   7.6060e-06   1.6559e-02   3.8031e+02
20251204_21:00:00   3.5800e-01   8.2563e+01   4.7275e+00   7.6060e-06   3.7028e-02   3.8643e+02
20251204_22:00:00   2.5468e-01   6.2436e+01   3.2437e+00   0.0000e+00   2.6149e-04   3.7192e+02
20251204_23:00:00   1.9776e-01   5.0494e+01   2.4259e+00   0.0000e+00   4.3515e-05   3.7103e+02
20251205_00:00:00   1.6579e-01   4.3538e+01   1.9627e+00   0.0000e+00   3.6882e-06   3.8050e+02
20251205_01:00:00   1.5304e-01   4.0666e+01   1.8016e+00   0.0000e+00   1.2009e-07   3.8890e+02
20251205_02:00:00   1.5410e-01   4.0815e+01   1.8394e+00   0.0000e+00   1.0995e-05   3.8700e+02
20251205_03:00:00   1.5979e-01   4.1994e+01   1.9457e+00   0.0000e+00   9.2390e-06   3.8639e+02
20251205_04:00:00   1.6048e-01   4.2123e+01   1.9886e+00   0.0000e+00   9.8320e-06   3.8625e+02
20251205_05:00:00   1.6115e-01   4.2218e+01   2.0618e+00   0.0000e+00   4.0077e-06   3.8170e+02
20251205_06:00:00   1.6406e-01   4.2809e+01   2.1842e+00   0.0000e+00   1.3808e-06   3.7823e+02
20251205_07:00:00   1.7187e-01   4.4442e+01   2.3601e+00   0.0000e+00   4.0040e-08   3.7352e+02
20251205_08:00:00   1.8286e-01   4.6755e+01   2.5802e+00   0.0000e+00   0.0000e+00   3.6985e+02
20251205_09:00:00   1.9776e-01   4.9855e+01   2.8580e+00   0.0000e+00   0.0000e+00   3.6624e+02
20251205_10:00:00   2.1406e-01   5.3200e+01   3.1473e+00   0.0000e+00   0.0000e+00   3.6496e+02
20251205_11:00:00   2.2521e-01   5.5472e+01   3.3456e+00   0.0000e+00   0.0000e+00   3.6733e+02
20251205_12:00:00   2.3611e-01   5.7662e+01   3.5514e+00   0.0000e+00   2.1870e-05   3.6970e+02
20251205_13:00:00   2.4903e-01   6.0237e+01   3.7987e+00   0.0000e+00   9.1185e-06   3.7121e+02
20251205_14:00:00   2.1631e-01   5.3816e+01   3.2230e+00   0.0000e+00   3.1521e-04   3.6848e+02
20251205_15:00:00   1.8919e-01   4.8423e+01   2.6880e+00   0.0000e+00   7.4272e-04   3.6172e+02
20251205_16:00:00   1.8060e-01   4.6765e+01   2.5051e+00   0.0000e+00   2.1662e-05   3.4883e+02
20251205_17:00:00   1.9505e-01   4.9874e+01   2.7442e+00   0.0000e+00   1.4576e-05   3.4321e+02
20251205_18:00:00   2.1186e-01   5.3417e+01   3.0217e+00   0.0000e+00   2.7836e-04   3.4086e+02
20251205_19:00:00   2.3140e-01   5.7481e+01   3.3020e+00   0.0000e+00   2.1929e-04   3.3983e+02
20251205_20:00:00   2.6392e-01   6.3963e+01   3.8043e+00   0.0000e+00   2.9460e-03   3.4202e+02
20251205_21:00:00   2.8157e-01   6.7433e+01   4.0577e+00   0.0000e+00   1.2819e-02   3.4042e+02
20251205_22:00:00   2.8851e-01   6.8795e+01   4.1792e+00   0.0000e+00   2.6801e-02   3.3654e+02
20251205_23:00:00   3.0672e-01   7.2226e+01   4.4986e+00   0.0000e+00   3.0720e-02   3.3405e+02
20251206_00:00:00   3.1448e-01   7.3785e+01   4.6151e+00   0.0000e+00   1.0278e-02   3.3464e+02
20251206_01:00:00   3.1022e-01   7.3127e+01   4.5175e+00   0.0000e+00   1.8950e-03   3.3161e+02
20251206_02:00:00   2.9619e-01   7.0664e+01   4.2537e+00   0.0000e+00   1.2013e-05   3.3127e+02
20251206_03:00:00   3.0106e-01   7.1628e+01   4.3784e+00   0.0000e+00   2.0310e-08   3.3247e+02
20251206_04:00:00   3.2115e-01   7.5487e+01   4.7343e+00   0.0000e+00   2.7080e-07   3.3289e+02
20251206_05:00:00   3.3922e-01   7.8920e+01   5.0622e+00   0.0000e+00   2.0963e-04   3.3135e+02
20251206_06:00:00   3.5846e-01   8.2583e+01   5.3698e+00   0.0000e+00   2.2798e-04   3.2891e+02
20251206_09:00:00   3.9953e-01   9.0314e+01   6.0723e+00   0.0000e+00   7.6621e-07   3.0731e+02
20251206_12:00:00   4.6032e-01   1.0053e+02   7.2323e+00   0.0000e+00   1.2616e-02   2.9435e+02
20251206_15:00:00   5.5681e-01   1.1590e+02   8.8272e+00   0.0000e+00   1.9491e-02   2.9618e+02
20251206_18:00:00   6.4514e-01   1.2905e+02   1.0145e+01   0.0000e+00   8.1121e-03   2.9462e+02
20251206_21:00:00   5.7028e-01   1.1855e+02   9.0078e+00   0.0000e+00   7.1463e-03   2.9182e+02
20251207_00:00:00   5.2838e-01   1.1222e+02   8.4190e+00   0.0000e+00   4.5544e-03   2.9494e+02
20251207_03:00:00   5.0532e-01   1.0819e+02   8.1383e+00   0.0000e+00   1.6741e-01   3.0234e+02
20251207_06:00:00   4.8133e-01   1.0449e+02   7.7632e+00   0.0000e+00   2.0488e-02   2.9557e+02
20251207_09:00:00   6.7051e-01   1.3251e+02   1.0621e+01   0.0000e+00   1.0201e-01   2.9357e+02
20251207_12:00:00   8.6105e-01   1.5633e+02   1.2985e+01   0.0000e+00   2.4070e-01   2.9507e+02
20251207_15:00:00   8.5055e-01   1.5538e+02   1.2594e+01   2.6178e-03   5.7568e-03   3.0149e+02
20251207_18:00:00   1.0893e+00   1.8012e+02   9.7533e+00   1.7221e-01   2.8873e-03   3.1650e+02
20251207_21:00:00   3.9280e-01   9.0411e+01   5.1346e+00   3.5913e-03   5.6057e-04   3.2074e+02
20251208_00:00:00   2.0465e-01   5.2423e+01   2.5989e+00   0.0000e+00   2.6690e-04   3.2099e+02
20251208_03:00:00   1.2403e-01   3.4233e+01   1.4563e+00   0.0000e+00   3.9449e-03   3.2737e+02
20251208_06:00:00   1.2024e-01   3.3389e+01   1.3425e+00   0.0000e+00   2.5079e-06   3.3945e+02
20251208_09:00:00   1.4250e-01   3.8248e+01   1.7108e+00   0.0000e+00   3.9068e-06   3.5090e+02
20251208_12:00:00   1.6302e-01   4.2603e+01   2.1031e+00   0.0000e+00   2.8460e-06   3.4380e+02
20251208_15:00:00   1.9546e-01   4.9396e+01   2.6899e+00   0.0000e+00   1.5982e-06   3.5215e+02
20251208_18:00:00   2.4050e-01   5.8723e+01   3.3609e+00   0.0000e+00   0.0000e+00   3.5293e+02
20251208_21:00:00   2.2569e-01   5.6139e+01   3.0663e+00   0.0000e+00   0.0000e+00   3.4932e+02
20251209_00:00:00   2.2056e-01   5.5171e+01   3.0367e+00   0.0000e+00   2.5640e-06   3.5947e+02
20251209_03:00:00   3.0786e-01   7.1935e+01   4.6310e+00   0.0000e+00   3.6965e-03   3.5641e+02
20251209_06:00:00   3.4474e-01   7.9200e+01   5.0951e+00   0.0000e+00   5.4215e-03   3.4868e+02
20251209_09:00:00   3.3477e-01   7.7492e+01   5.0397e+00   0.0000e+00   1.2991e-02   3.4506e+02
20251209_12:00:00   3.3663e-01   7.7631e+01   5.1734e+00   0.0000e+00   4.5674e-02   3.6197e+02
20251209_15:00:00   2.8505e-01   6.7855e+01   4.3175e+00   0.0000e+00   7.4057e-02   3.7153e+02
20251209_18:00:00   3.7343e-01   8.4507e+01   5.5245e+00   0.0000e+00   1.3681e-01   4.1633e+02
20251209_21:00:00   5.1113e-01   1.0778e+02   7.2214e+00   3.6460e-04   1.3695e-02   4.0906e+02
20251210_00:00:00   4.6757e-01   1.0146e+02   6.6482e+00   0.0000e+00   6.0603e-05   3.8166e+02
20251210_03:00:00   4.2098e-01   9.4222e+01   5.9308e+00   0.0000e+00   1.3003e-04   3.5953e+02
20251210_06:00:00   3.7212e-01   8.5546e+01   5.3934e+00   0.0000e+00   9.1170e-03   3.5344e+02
20251210_09:00:00   4.5132e-01   9.8726e+01   6.9614e+00   0.0000e+00   1.6831e-01   3.5399e+02
20251210_12:00:00   6.1164e-01   1.2340e+02   9.5901e+00   0.0000e+00   1.1392e-01   3.4939e+02
20251210_15:00:00   7.4053e-01   1.4103e+02   1.1508e+01   0.0000e+00   9.8458e-02   3.3892e+02
20251210_18:00:00   8.9449e-01   1.6006e+02   1.3301e+01   5.2212e-03   8.1905e-02   3.3606e+02
20251210_21:00:00   9.7597e-01   1.6894e+02   1.4209e+01   1.7090e-02   1.1117e-01   3.2387e+02
20251211_00:00:00   1.3085e+00   1.9868e+02   1.4688e+01   1.3280e-01   4.2972e-01   3.1750e+02
20251211_03:00:00   2.0911e+00   2.3911e+02   1.3824e+01   4.7589e-01   4.3752e-01   3.1871e+02
20251211_06:00:00   1.7144e+00   2.2330e+02   1.2621e+01   3.5112e-01   3.9716e-01   3.2981e+02
20251211_09:00:00   1.7022e+00   2.2284e+02   1.0881e+01   3.9135e-01   1.0842e-01   3.3727e+02
20251211_12:00:00   6.3262e-01   1.2777e+02   8.9069e+00   5.6554e-03   7.2662e-04   3.5548e+02
20251211_15:00:00   6.3854e-01   1.2851e+02   9.2758e+00   1.2759e-04   2.5757e-03   3.4745e+02
20251211_18:00:00   6.8830e-01   1.3588e+02   8.6172e+00   3.5391e-02   5.7303e-04   3.3239e+02
20251211_21:00:00   5.4307e-01   1.1509e+02   7.6431e+00   1.3564e-03   2.4907e-04   3.1688e+02
20251212_00:00:00   3.7395e-01   8.6820e+01   5.0359e+00   0.0000e+00   1.8219e-05   3.1746e+02
20251212_03:00:00   2.6147e-01   6.5160e+01   3.4768e+00   0.0000e+00   5.9570e-06   3.1302e+02
20251212_06:00:00   2.0860e-01   5.4006e+01   2.8621e+00   0.0000e+00   7.0495e-05   3.1220e+02
20251212_09:00:00   2.2759e-01   5.7411e+01   3.4521e+00   0.0000e+00   5.5883e-03   3.0956e+02
20251212_12:00:00   3.7971e-01   8.6221e+01   6.1306e+00   0.0000e+00   5.4212e-02   3.0795e+02
20251212_15:00:00   6.2826e-01   1.2642e+02   9.5668e+00   0.0000e+00   1.0501e-02   3.0039e+02
20251212_18:00:00   6.9905e-01   1.3712e+02   8.9319e+00   3.0330e-02   1.0563e-02   3.0612e+02
20251212_21:00:00   5.7574e-01   1.2056e+02   7.3597e+00   1.8072e-02   9.9544e-04   3.1233e+02
20251213_00:00:00   5.1268e-01   1.1020e+02   7.1247e+00   1.5425e-04   2.2918e-02   3.2179e+02
20251213_03:00:00   4.1884e-01   9.3851e+01   5.9767e+00   0.0000e+00   1.3325e-05   3.2247e+02
20251213_06:00:00   3.9848e-01   9.0444e+01   5.4638e+00   1.4176e-05   1.5550e-04   3.2915e+02
20251213_09:00:00   4.1787e-01   9.3753e+01   5.7756e+00   0.0000e+00   1.2797e-04   3.3630e+02
20251213_12:00:00   4.1347e-01   9.3041e+01   5.6335e+00   0.0000e+00   7.7941e-05   3.5449e+02
20251213_15:00:00   4.3802e-01   9.7146e+01   5.9353e+00   0.0000e+00   2.4432e-03   3.6338e+02
20251213_18:00:00   4.4772e-01   9.8662e+01   6.1175e+00   1.7390e-04   5.9253e-04   3.7171e+02
20251213_21:00:00   4.0976e-01   9.1629e+01   5.6567e+00   0.0000e+00   2.8082e-04   3.7196e+02
20251214_00:00:00   3.5613e-01   8.1727e+01   4.8881e+00   0.0000e+00   1.4712e-04   3.6289e+02
20251214_03:00:00   3.4847e-01   8.0190e+01   4.7745e+00   0.0000e+00   4.2365e-04   3.6682e+02
20251214_06:00:00   2.8889e-01   6.9203e+01   3.8587e+00   0.0000e+00   6.7686e-06   3.7112e+02
20251214_09:00:00   2.6473e-01   6.4455e+01   3.4973e+00   0.0000e+00   4.5126e-06   3.7702e+02
20251214_12:00:00   3.2600e-01   7.6041e+01   4.4587e+00   0.0000e+00   8.5776e-06   3.7410e+02
20251214_15:00:00   3.3741e-01   7.8383e+01   4.6260e+00   0.0000e+00   8.3407e-06   3.7073e+02
20251214_18:00:00   3.6370e-01   8.3274e+01   4.9630e+00   0.0000e+00   2.2547e-04   3.7208e+02
20251214_21:00:00   3.6833e-01   8.3997e+01   5.0417e+00   0.0000e+00   8.9749e-05   3.7743e+02
20251215_00:00:00   3.5334e-01   8.1072e+01   4.9130e+00   0.0000e+00   4.2976e-03   3.8215e+02
20251215_03:00:00   3.5746e-01   8.2087e+01   4.9510e+00   0.0000e+00   1.1575e-05   3.6869e+02
20251215_06:00:00   3.6355e-01   8.3348e+01   5.1036e+00   0.0000e+00   1.2144e-05   3.5624e+02
20251215_09:00:00   3.4447e-01   8.0204e+01   4.7947e+00   0.0000e+00   6.8693e-06   3.5704e+02
20251215_12:00:00   3.1727e-01   7.5467e+01   4.3566e+00   0.0000e+00   7.6020e-06   3.4795e+02
20251215_15:00:00   3.1759e-01   7.5737e+01   4.3278e+00   0.0000e+00   7.8120e-06   3.3624e+02
20251215_18:00:00   3.3234e-01   7.8668e+01   4.5646e+00   0.0000e+00   5.4776e-06   3.2798e+02
20251215_21:00:00   3.3229e-01   7.8595e+01   4.5750e+00   0.0000e+00   8.3780e-06   3.2057e+02
20251216_00:00:00   2.9969e-01   7.2462e+01   4.1366e+00   0.0000e+00   5.8918e-06   3.2511e+02
20251216_03:00:00   2.6816e-01   6.6266e+01   3.6950e+00   0.0000e+00   4.2357e-04   3.2097e+02
20251216_06:00:00   2.7728e-01   6.7869e+01   4.0517e+00   0.0000e+00   1.5574e-04   3.1793e+02
20251216_09:00:00   2.9251e-01   7.0713e+01   4.5013e+00   0.0000e+00   2.5725e-03   3.2172e+02
20251216_12:00:00   3.2715e-01   7.7134e+01   5.2448e+00   0.0000e+00   3.4031e-04   3.1449e+02
20251216_15:00:00   3.7319e-01   8.5634e+01   6.1472e+00   0.0000e+00   1.7062e-03   3.0430e+02
20251216_18:00:00   4.7144e-01   1.0264e+02   7.9484e+00   0.0000e+00   2.9637e-03   3.0369e+02
20251216_21:00:00   5.8751e-01   1.2078e+02   1.0017e+01   0.0000e+00   1.1896e-02   2.9612e+02
20251217_00:00:00   9.5940e-01   1.6709e+02   1.5491e+01   0.0000e+00   6.8796e-01   3.0443e+02
20251217_03:00:00   2.9734e+00   2.5711e+02   1.9807e+01   7.0591e-01   6.0405e-01   2.9500e+02
20251217_06:00:00   3.3113e+00   2.6170e+02   2.0742e+01   8.1600e-01   1.8483e-01   3.0374e+02
