#            date       tau255        Tb[K]      pwv[mm] lwp[kg*m^-2] iwp[kg*m^-2]       o3[DU]
20251202_00:00:00   1.9932e-01   5.1375e+01   2.8711e+00   0.0000e+00   5.6745e-03   3.8550e+02
20251202_01:00:00   1.9851e-01   5.1199e+01   2.8910e+00   0.0000e+00   1.9975e-03   3.8083e+02
20251202_02:00:00   2.0464e-01   5.2465e+01   3.0523e+00   0.0000e+00   1.1266e-03   3.7277e+02
20251202_03:00:00   2.2596e-01   5.6755e+01   3.4931e+00   0.0000e+00   3.9734e-04   3.6828e+02
20251202_04:00:00   2.6689e-01   6.4823e+01   4.2720e+00   0.0000e+00   1.0976e-03   3.6925e+02
20251202_05:00:00   2.5984e-01   6.3395e+01   4.1514e+00   0.0000e+00   1.0209e-02   3.7187e+02
20251202_06:00:00   3.1580e-01   7.4137e+01   5.1344e+00   0.0000e+00   5.1943e-02   3.7146e+02
20251202_07:00:00   3.6966e-01   8.4093e+01   6.0266e+00   0.0000e+00   4.6809e-02   3.7312e+02
20251202_08:00:00   4.5967e-01   9.9580e+01   7.4681e+00   0.0000e+00   7.6772e-02   3.7544e+02
20251202_09:00:00   5.2555e-01   1.1019e+02   8.4906e+00   0.0000e+00   8.6324e-02   3.7384e+02
20251202_10:00:00   6.3818e-01   1.2667e+02   9.9987e+00   5.0160e-03   2.1470e-01   3.7290e+02
20251202_11:00:00   7.3534e-01   1.3966e+02   1.1585e+01   0.0000e+00   3.3585e-01   3.7026e+02
20251202_12:00:00   8.2877e-01   1.5086e+02   1.2696e+01   1.1344e-03   5.1217e-01   3.7029e+02
20251202_13:00:00   8.2462e-01   1.5060e+02   1.2711e+01   3.0220e-04   5.4011e-01   3.6762e+02
20251202_14:00:00   8.8445e-01   1.5737e+02   1.3533e+01   7.6245e-04   6.7857e-01   3.6257e+02
20251202_15:00:00   9.3332e-01   1.6278e+02   1.4214e+01   7.4914e-04   7.1929e-01   3.6029e+02
20251202_16:00:00   9.5278e-01   1.6505e+02   1.4387e+01   4.8764e-03   6.4368e-01   3.6506e+02
20251202_17:00:00   9.7220e-01   1.6721e+02   1.4497e+01   8.0605e-03   6.6226e-01   3.6737e+02
20251202_18:00:00   1.0269e+00   1.7279e+02   1.4753e+01   2.4057e-02   7.3535e-01   3.6657e+02
20251202_19:00:00   1.1300e+00   1.8252e+02   1.5060e+01   5.7837e-02   7.7381e-01   3.6388e+02
20251202_20:00:00   1.2263e+00   1.9061e+02   1.5336e+01   8.9592e-02   9.2230e-01   3.6061e+02
20251202_21:00:00   1.2358e+00   1.9152e+02   1.5790e+01   8.1480e-02   8.9643e-01   3.5970e+02
20251202_22:00:00   1.2282e+00   1.9107e+02   1.6050e+01   7.2269e-02   7.1462e-01   3.5721e+02
20251202_23:00:00   1.2705e+00   1.9429e+02   1.6018e+01   9.1015e-02   7.8950e-01   3.5764e+02
20251203_00:00:00   1.3135e+00   1.9756e+02   1.5797e+01   1.1369e-01   6.9371e-01   3.5708e+02
20251203_01:00:00   1.2533e+00   1.9299e+02   1.5417e+01   9.6822e-02   8.1089e-01   3.5989e+02
20251203_02:00:00   1.0697e+00   1.7779e+02   1.3915e+01   5.6337e-02   3.5601e-01   3.6160e+02
20251203_03:00:00   9.2137e-01   1.6333e+02   1.2452e+01   2.7361e-02   2.8327e-01   3.6016e+02
20251203_04:00:00   7.9014e-01   1.4860e+02   1.1299e+01   3.0679e-03   1.1094e-01   3.6358e+02
20251203_05:00:00   7.5013e-01   1.4355e+02   1.0723e+01   1.4990e-03   8.8682e-02   3.6489e+02
20251203_06:00:00   7.1253e-01   1.3863e+02   1.0234e+01   1.9531e-04   4.0809e-02   3.6942e+02
20251203_07:00:00   6.6750e-01   1.3256e+02   9.5727e+00   0.0000e+00   8.0079e-03   3.6658e+02
20251203_08:00:00   6.0874e-01   1.2430e+02   8.7450e+00   0.0000e+00   9.5880e-04   3.6525e+02
20251203_09:00:00   5.1545e-01   1.1042e+02   7.3297e+00   0.0000e+00   1.0127e-04   3.6310e+02
20251203_10:00:00   4.3755e-01   9.7802e+01   6.1989e+00   0.0000e+00   1.5481e-05   3.5965e+02
20251203_11:00:00   3.8530e-01   8.8633e+01   5.5197e+00   0.0000e+00   5.4766e-06   3.5542e+02
20251203_12:00:00   3.3982e-01   8.0158e+01   4.9580e+00   0.0000e+00   4.0512e-06   3.4937e+02
20251203_13:00:00   3.2007e-01   7.6155e+01   4.8163e+00   0.0000e+00   2.0198e-04   3.5213e+02
20251203_14:00:00   3.1428e-01   7.4731e+01   4.9348e+00   0.0000e+00   3.0372e-03   3.5691e+02
20251203_15:00:00   3.1157e-01   7.4133e+01   4.9853e+00   0.0000e+00   1.5121e-03   3.5388e+02
20251203_16:00:00   3.3319e-01   7.8108e+01   5.4141e+00   0.0000e+00   8.2333e-03   3.5056e+02
20251203_17:00:00   3.4065e-01   7.9611e+01   5.5445e+00   0.0000e+00   7.2234e-03   3.4723e+02
20251203_18:00:00   3.6341e-01   8.3753e+01   5.9817e+00   0.0000e+00   1.0489e-02   3.4526e+02
20251203_19:00:00   3.9046e-01   8.8576e+01   6.4776e+00   0.0000e+00   6.2843e-03   3.4389e+02
20251203_20:00:00   3.9894e-01   9.0035e+01   6.6665e+00   0.0000e+00   2.0956e-03   3.4276e+02
20251203_21:00:00   4.1016e-01   9.1896e+01   6.8730e+00   0.0000e+00   7.1311e-03   3.4089e+02
20251203_22:00:00   4.2858e-01   9.5010e+01   7.2158e+00   0.0000e+00   6.6881e-03   3.4271e+02
20251203_23:00:00   4.4021e-01   9.7046e+01   7.3679e+00   0.0000e+00   3.5794e-03   3.4386e+02
20251204_00:00:00   4.5242e-01   9.9020e+01   7.5839e+00   0.0000e+00   3.2292e-03   3.4638e+02
20251204_01:00:00   4.7574e-01   1.0278e+02   7.9720e+00   0.0000e+00   1.6198e-02   3.4904e+02
20251204_02:00:00   5.2156e-01   1.1009e+02   8.6490e+00   0.0000e+00   4.4214e-02   3.5667e+02
20251204_03:00:00   6.0312e-01   1.2202e+02   9.9272e+00   0.0000e+00   2.7902e-01   3.5947e+02
20251204_04:00:00   6.4882e-01   1.2847e+02   1.0527e+01   0.0000e+00   2.8273e-01   3.6554e+02
20251204_05:00:00   6.6121e-01   1.3031e+02   1.0677e+01   0.0000e+00   1.0510e-01   3.7595e+02
20251204_06:00:00   6.7469e-01   1.3255e+02   1.0740e+01   0.0000e+00   7.3055e-03   3.8111e+02
20251204_07:00:00   6.9416e-01   1.3545e+02   1.0739e+01   0.0000e+00   2.5104e-03   3.8314e+02
20251204_08:00:00   6.7872e-01   1.3358e+02   1.0313e+01   0.0000e+00   3.3319e-05   3.8882e+02
20251204_09:00:00   6.4728e-01   1.2941e+02   9.8061e+00   0.0000e+00   8.2822e-04   3.9232e+02
20251204_10:00:00   6.1607e-01   1.2499e+02   9.3172e+00   0.0000e+00   2.6280e-03   3.8814e+02
20251204_11:00:00   6.0654e-01   1.2349e+02   9.1889e+00   0.0000e+00   8.0867e-03   3.8572e+02
20251204_12:00:00   5.9279e-01   1.2122e+02   9.0456e+00   0.0000e+00   1.5047e-02   3.8283e+02
20251204_13:00:00   5.9716e-01   1.2150e+02   9.1406e+00   0.0000e+00   3.8121e-02   3.7906e+02
20251204_14:00:00   5.9666e-01   1.2120e+02   9.0615e+00   0.0000e+00   6.5067e-02   3.7738e+02
20251204_15:00:00   5.0341e-01   1.0708e+02   7.5365e+00   2.5640e-06   1.4918e-01   3.7810e+02
20251204_16:00:00   4.8218e-01   1.0360e+02   7.0082e+00   4.0040e-07   2.2664e-01   3.7741e+02
20251204_17:00:00   4.0955e-01   9.1635e+01   5.8117e+00   7.6100e-05   1.2164e-01   3.8614e+02
20251204_18:00:00   3.6474e-01   8.3953e+01   5.0084e+00   0.0000e+00   6.1473e-03   3.9143e+02
20251204_19:00:00   3.7426e-01   8.5578e+01   5.0099e+00   1.4480e-07   4.6755e-02   3.8410e+02
20251204_20:00:00   3.3463e-01   7.8037e+01   4.4797e+00   0.0000e+00   3.8905e-02   3.7044e+02
20251204_21:00:00   2.6836e-01   6.5040e+01   3.4988e+00   0.0000e+00   4.5985e-04   3.7000e+02
20251204_22:00:00   2.1814e-01   5.4723e+01   2.7598e+00   0.0000e+00   9.6277e-05   3.7558e+02
20251204_23:00:00   1.8912e-01   4.8529e+01   2.3330e+00   0.0000e+00   8.6561e-06   3.8259e+02
20251205_00:00:00   1.7343e-01   4.5129e+01   2.0990e+00   0.0000e+00   6.9739e-06   3.9049e+02
20251205_01:00:00   1.6418e-01   4.3079e+01   2.0038e+00   0.0000e+00   2.5322e-06   3.9585e+02
20251205_02:00:00   1.6140e-01   4.2404e+01   2.0362e+00   0.0000e+00   1.5122e-06   3.9747e+02
20251205_03:00:00   1.6700e-01   4.3530e+01   2.1911e+00   0.0000e+00   7.2320e-07   3.9583e+02
20251205_04:00:00   1.7517e-01   4.5206e+01   2.3927e+00   0.0000e+00   0.0000e+00   3.8994e+02
20251205_05:00:00   1.8677e-01   4.7613e+01   2.6403e+00   0.0000e+00   0.0000e+00   3.8543e+02
20251205_06:00:00   2.0059e-01   5.0463e+01   2.9088e+00   0.0000e+00   0.0000e+00   3.7769e+02
20251205_07:00:00   2.1485e-01   5.3414e+01   3.1740e+00   0.0000e+00   5.9900e-06   3.6963e+02
20251205_08:00:00   2.2511e-01   5.5510e+01   3.3612e+00   0.0000e+00   5.9900e-06   3.6512e+02
20251205_09:00:00   2.2579e-01   5.5669e+01   3.3769e+00   0.0000e+00   6.1060e-06   3.6556e+02
20251205_10:00:00   1.9437e-01   4.9330e+01   2.8144e+00   0.0000e+00   8.1580e-06   3.6995e+02
20251205_11:00:00   1.7881e-01   4.6158e+01   2.5180e+00   0.0000e+00   2.4437e-05   3.7070e+02
20251205_12:00:00   1.6447e-01   4.3199e+01   2.2359e+00   0.0000e+00   0.0000e+00   3.6989e+02
20251205_13:00:00   1.6621e-01   4.3563e+01   2.2814e+00   0.0000e+00   0.0000e+00   3.6293e+02
20251205_14:00:00   1.7723e-01   4.5908e+01   2.5093e+00   0.0000e+00   0.0000e+00   3.5077e+02
20251205_15:00:00   1.9302e-01   4.9283e+01   2.8125e+00   0.0000e+00   0.0000e+00   3.4186e+02
20251205_16:00:00   2.2059e-01   5.5041e+01   3.2544e+00   0.0000e+00   1.4737e-04   3.3740e+02
20251205_17:00:00   2.4029e-01   5.9112e+01   3.5752e+00   0.0000e+00   4.4884e-04   3.3522e+02
20251205_18:00:00   2.7430e-01   6.5907e+01   4.0435e+00   0.0000e+00   2.0659e-03   3.3426e+02
20251205_19:00:00   2.9947e-01   7.0904e+01   4.3595e+00   2.2305e-04   4.0177e-03   3.3579e+02
20251205_20:00:00   3.1867e-01   7.4702e+01   4.6456e+00   0.0000e+00   1.1889e-03   3.3416e+02
20251205_21:00:00   3.2733e-01   7.6717e+01   4.6370e+00   0.0000e+00   1.8595e-03   3.2902e+02
20251205_22:00:00   3.3287e-01   7.7884e+01   4.7132e+00   0.0000e+00   4.0720e-04   3.2733e+02
20251205_23:00:00   3.5779e-01   8.2294e+01   5.2751e+00   0.0000e+00   2.3200e-03   3.2563e+02
20251206_00:00:00   3.7226e-01   8.4971e+01   5.5515e+00   0.0000e+00   1.7355e-03   3.2169e+02
20251206_01:00:00   3.8341e-01   8.7093e+01   5.7124e+00   0.0000e+00   1.9334e-02   3.2101e+02
20251206_02:00:00   3.8282e-01   8.7095e+01   5.6263e+00   0.0000e+00   3.2459e-02   3.1742e+02
20251206_03:00:00   3.5206e-01   8.1625e+01   5.0819e+00   0.0000e+00   1.8938e-02   3.1880e+02
20251206_04:00:00   3.3219e-01   7.7969e+01   4.7472e+00   0.0000e+00   2.1497e-02   3.1986e+02
20251206_05:00:00   3.1166e-01   7.4208e+01   4.4254e+00   0.0000e+00   2.2483e-03   3.1839e+02
20251206_06:00:00   3.1141e-01   7.4129e+01   4.4541e+00   0.0000e+00   2.6461e-03   3.1672e+02
20251206_07:00:00   3.2122e-01   7.6046e+01   4.6116e+00   0.0000e+00   1.7437e-03   3.1372e+02
20251206_08:00:00   3.3976e-01   7.9626e+01   4.9194e+00   0.0000e+00   3.5307e-04   3.1685e+02
20251206_09:00:00   4.0840e-01   9.1871e+01   6.0556e+00   0.0000e+00   9.0133e-04   3.1955e+02
20251206_10:00:00   4.8084e-01   1.0381e+02   7.1736e+00   0.0000e+00   1.2634e-03   3.1757e+02
20251206_11:00:00   4.7332e-01   1.0270e+02   7.0253e+00   0.0000e+00   9.6729e-04   3.1801e+02
20251206_12:00:00   4.7268e-01   1.0256e+02   7.0062e+00   0.0000e+00   7.5233e-04   3.2122e+02
20251206_13:00:00   4.6786e-01   1.0179e+02   6.9411e+00   0.0000e+00   5.9195e-04   3.2173e+02
20251206_14:00:00   4.7767e-01   1.0335e+02   7.1150e+00   0.0000e+00   6.8193e-05   3.1940e+02
20251206_15:00:00   5.0379e-01   1.0741e+02   7.5511e+00   0.0000e+00   3.2705e-04   3.1838e+02
20251206_16:00:00   5.2152e-01   1.1025e+02   7.8190e+00   0.0000e+00   3.4005e-04   3.1511e+02
20251206_17:00:00   5.2058e-01   1.1023e+02   7.7726e+00   7.7760e-06   4.5810e-04   3.1209e+02
20251206_18:00:00   5.1646e-01   1.0955e+02   7.7428e+00   4.8040e-06   2.1751e-03   3.0894e+02
20251206_19:00:00   5.1078e-01   1.0865e+02   7.6812e+00   0.0000e+00   7.0365e-03   3.0674e+02
20251206_20:00:00   5.3192e-01   1.1190e+02   7.9959e+00   0.0000e+00   1.3064e-02   3.0769e+02
20251206_21:00:00   5.4966e-01   1.1462e+02   8.2314e+00   0.0000e+00   2.1717e-03   3.0983e+02
20251206_22:00:00   5.5190e-01   1.1503e+02   8.2086e+00   0.0000e+00   2.1412e-05   3.0821e+02
20251206_23:00:00   5.3800e-01   1.1312e+02   7.9109e+00   0.0000e+00   2.3056e-05   3.0921e+02
20251207_00:00:00   5.0374e-01   1.0792e+02   7.3493e+00   0.0000e+00   1.1793e-05   3.1182e+02
20251207_03:00:00   4.4305e-01   9.8292e+01   6.4119e+00   0.0000e+00   9.2064e-06   3.1489e+02
20251207_06:00:00   3.8937e-01   8.9029e+01   5.6264e+00   0.0000e+00   5.0638e-03   3.1207e+02
20251207_09:00:00   3.8038e-01   8.6843e+01   5.6458e+00   0.0000e+00   2.4876e-02   3.2138e+02
20251207_12:00:00   3.8481e-01   8.7314e+01   5.8399e+00   0.0000e+00   6.3201e-02   3.2647e+02
20251207_15:00:00   4.5905e-01   9.9690e+01   7.0324e+00   0.0000e+00   9.9826e-02   3.3499e+02
20251207_18:00:00   5.6546e-01   1.1629e+02   8.5439e+00   0.0000e+00   6.5988e-02   3.4038e+02
20251207_21:00:00   5.9942e-01   1.2128e+02   8.8089e+00   4.2520e-05   1.3443e-02   3.4078e+02
20251208_00:00:00   3.9338e-01   8.9373e+01   5.2057e+00   3.5440e-05   1.0856e-02   3.3709e+02
20251208_03:00:00   2.2942e-01   5.7357e+01   2.8148e+00   4.8150e-04   3.0804e-03   3.3028e+02
20251208_06:00:00   1.5276e-01   4.0657e+01   1.8544e+00   0.0000e+00   5.8615e-06   3.2861e+02
20251208_09:00:00   1.4883e-01   3.9530e+01   1.9199e+00   0.0000e+00   1.3983e-03   3.5639e+02
20251208_12:00:00   1.5521e-01   4.0786e+01   2.0569e+00   0.0000e+00   8.3914e-03   3.6139e+02
20251208_15:00:00   1.9515e-01   4.9112e+01   2.7042e+00   0.0000e+00   9.7010e-03   3.6456e+02
20251208_18:00:00   2.4489e-01   5.9241e+01   3.4121e+00   0.0000e+00   6.6492e-04   3.9186e+02
20251208_21:00:00   2.4689e-01   5.9726e+01   3.4014e+00   0.0000e+00   9.7480e-06   3.9827e+02
20251209_00:00:00   2.6422e-01   6.2929e+01   3.6980e+00   0.0000e+00   3.4404e-05   4.0303e+02
20251209_03:00:00   2.7936e-01   6.5779e+01   3.9168e+00   0.0000e+00   1.4600e-04   4.2006e+02
20251209_06:00:00   3.0069e-01   6.9971e+01   4.1884e+00   0.0000e+00   4.1986e-05   4.0470e+02
20251209_09:00:00   3.3391e-01   7.6315e+01   4.5795e+00   0.0000e+00   1.1384e-04   4.2060e+02
20251209_12:00:00   3.5736e-01   8.0305e+01   5.0437e+00   0.0000e+00   1.7454e-03   4.2203e+02
20251209_15:00:00   3.4552e-01   7.8343e+01   4.9056e+00   0.0000e+00   7.2245e-03   4.3067e+02
20251209_18:00:00   3.9424e-01   8.7039e+01   5.6070e+00   0.0000e+00   3.7574e-02   4.2976e+02
20251209_21:00:00   4.5780e-01   9.7884e+01   6.4793e+00   0.0000e+00   7.5943e-02   4.1970e+02
20251210_00:00:00   4.9844e-01   1.0452e+02   7.0433e+00   0.0000e+00   1.8613e-01   3.9616e+02
20251210_03:00:00   5.2924e-01   1.0947e+02   7.4045e+00   0.0000e+00   4.8445e-01   3.8004e+02
20251210_06:00:00   5.2491e-01   1.0916e+02   7.4199e+00   0.0000e+00   2.0050e-01   3.7633e+02
20251210_09:00:00   4.9304e-01   1.0470e+02   6.9734e+00   1.0461e-03   7.7510e-03   3.6619e+02
20251210_12:00:00   5.1864e-01   1.0890e+02   7.0927e+00   7.0070e-03   8.8892e-03   3.7129e+02
20251210_15:00:00   5.1453e-01   1.0851e+02   7.2514e+00   2.9361e-03   1.4162e-02   3.6934e+02
20251210_18:00:00   5.9147e-01   1.2025e+02   7.9250e+00   2.1645e-02   7.1761e-02   3.5853e+02
20251210_21:00:00   6.1174e-01   1.2305e+02   9.0450e+00   1.6772e-03   2.1867e-02   3.4573e+02
20251211_00:00:00   6.6638e-01   1.3060e+02   1.0014e+01   4.1845e-04   1.9794e-02   3.3544e+02
20251211_03:00:00   7.4876e-01   1.4170e+02   1.0811e+01   1.0637e-02   8.3779e-03   3.2861e+02
20251211_06:00:00   9.1094e-01   1.6100e+02   1.1548e+01   5.5035e-02   5.5572e-02   3.2266e+02
20251211_09:00:00   9.0949e-01   1.6123e+02   1.3524e+01   4.8200e-03   6.7282e-02   3.1243e+02
20251211_12:00:00   2.5234e+00   2.4903e+02   1.4928e+01   6.3845e-01   4.9824e-01   3.0603e+02
20251211_15:00:00   2.0529e+00   2.3662e+02   1.6260e+01   4.0574e-01   3.4197e-01   3.0137e+02
20251211_18:00:00   2.1904e+00   2.4236e+02   1.6917e+01   4.4337e-01   2.3186e-01   2.9469e+02
20251211_21:00:00   2.9725e+00   2.6025e+02   1.6563e+01   7.6603e-01   5.5009e-02   2.9114e+02
20251212_00:00:00   2.2565e+00   2.4595e+02   1.9021e+01   4.0257e-01   1.6728e-01   2.8666e+02
20251212_03:00:00   3.3209e+00   2.6544e+02   2.0547e+01   8.0095e-01   1.9357e-01   2.8611e+02
20251212_06:00:00   4.0341e+00   2.7123e+02   2.1820e+01   1.0485e+00   5.4413e-01   2.8949e+02
20251212_09:00:00   3.5650e+00   2.6827e+02   2.2152e+01   8.5828e-01   7.4388e-01   2.9097e+02
20251212_12:00:00   3.1912e+00   2.6259e+02   2.1639e+01   7.3730e-01   1.0474e+00   2.8581e+02
20251212_15:00:00   1.1241e+00   1.8368e+02   1.6990e+01   2.6805e-02   1.0755e-01   2.9248e+02
20251212_18:00:00   7.3771e-01   1.4050e+02   1.1303e+01   3.6487e-03   4.5252e-01   3.0406e+02
20251212_21:00:00   3.7349e-01   8.6158e+01   5.1143e+00   0.0000e+00   5.6082e-05   3.2642e+02
20251213_00:00:00   4.4726e-01   9.7567e+01   6.3880e+00   0.0000e+00   7.9415e-04   3.4426e+02
20251213_03:00:00   4.2414e-01   9.3558e+01   6.0375e+00   7.0880e-06   1.4655e-03   3.3483e+02
20251213_06:00:00   3.8745e-01   8.7101e+01   5.4381e+00   0.0000e+00   6.9858e-03   3.4446e+02
20251213_09:00:00   4.1967e-01   9.2235e+01   5.8957e+00   0.0000e+00   3.6150e-02   3.7065e+02
20251213_12:00:00   4.2063e-01   9.2420e+01   5.8306e+00   0.0000e+00   6.7998e-02   3.8924e+02
20251213_15:00:00   4.2102e-01   9.2763e+01   5.8261e+00   0.0000e+00   5.4241e-02   3.9363e+02
20251213_18:00:00   4.3711e-01   9.5472e+01   6.1690e+00   8.7620e-05   2.0741e-02   3.8294e+02
20251213_21:00:00   4.6751e-01   1.0066e+02   6.5741e+00   3.6896e-03   6.2323e-02   3.7876e+02
20251214_00:00:00   4.7181e-01   1.0100e+02   6.7833e+00   2.2061e-03   4.1497e-02   3.6925e+02
20251214_03:00:00   4.5814e-01   9.8202e+01   6.6993e+00   0.0000e+00   7.1750e-02   3.7100e+02
20251214_06:00:00   4.6820e-01   9.9779e+01   7.0074e+00   4.2520e-05   2.2534e-02   3.6056e+02
20251214_09:00:00   4.2260e-01   9.2492e+01   6.2419e+00   7.1600e-04   4.8980e-03   3.6089e+02
20251214_12:00:00   4.0399e-01   8.9635e+01   5.9069e+00   0.0000e+00   2.4011e-03   3.5582e+02
20251214_15:00:00   3.7466e-01   8.5207e+01   5.3506e+00   0.0000e+00   2.2189e-04   3.5586e+02
20251214_18:00:00   3.5744e-01   8.2769e+01   4.9512e+00   0.0000e+00   2.9495e-04   3.2282e+02
20251214_21:00:00   3.5617e-01   8.2688e+01   5.1012e+00   0.0000e+00   3.5360e-04   3.1341e+02
20251215_00:00:00   3.4116e-01   7.9866e+01   5.0945e+00   0.0000e+00   3.9073e-06   2.9980e+02
20251215_03:00:00   3.0827e-01   7.3844e+01   4.5087e+00   0.0000e+00   2.8925e-05   2.9356e+02
20251215_06:00:00   3.3245e-01   7.8151e+01   5.0954e+00   0.0000e+00   7.0291e-05   2.8065e+02
20251215_09:00:00   3.4029e-01   7.9538e+01   5.3152e+00   0.0000e+00   2.2303e-05   2.7632e+02
20251215_12:00:00   4.1614e-01   9.3190e+01   6.4622e+00   0.0000e+00   5.2848e-04   2.7455e+02
20251215_15:00:00   4.8143e-01   1.0437e+02   7.2727e+00   0.0000e+00   2.2087e-03   2.7310e+02
20251215_18:00:00   4.7952e-01   1.0419e+02   7.0856e+00   4.4220e-04   1.0395e-04   2.7006e+02
20251215_21:00:00   4.0250e-01   9.1401e+01   5.9727e+00   0.0000e+00   2.4231e-03   2.6845e+02
20251216_00:00:00   3.0477e-01   7.3218e+01   4.6584e+00   0.0000e+00   2.8429e-03   2.6494e+02
20251216_03:00:00   2.5954e-01   6.3999e+01   4.0890e+00   0.0000e+00   1.1714e-02   2.7023e+02
20251216_06:00:00   2.3716e-01   5.9328e+01   3.7740e+00   0.0000e+00   8.2406e-03   2.7303e+02
20251216_09:00:00   2.1759e-01   5.5193e+01   3.5165e+00   0.0000e+00   3.6404e-03   2.7619e+02
20251216_12:00:00   2.5109e-01   6.2151e+01   4.1556e+00   0.0000e+00   3.0564e-05   2.8815e+02
20251216_15:00:00   3.2180e-01   7.6416e+01   5.2364e+00   0.0000e+00   2.7052e-03   2.9340e+02
20251216_18:00:00   5.8255e-01   1.2045e+02   9.5856e+00   0.0000e+00   1.4088e-03   2.8993e+02
20251216_21:00:00   1.8930e+00   2.3015e+02   1.6011e+01   3.6357e-01   3.0802e-02   2.8585e+02
20251217_00:00:00   2.0126e+00   2.3518e+02   1.8518e+01   3.3727e-01   3.4167e-01   2.9218e+02
20251217_03:00:00   4.5039e+00   2.6894e+02   2.0882e+01   1.3069e+00   4.8522e-01   2.9039e+02
20251217_06:00:00   2.5828e+00   2.5303e+02   2.2006e+01   4.6137e-01   4.6613e-01   2.8863e+02
20251217_09:00:00   1.5585e+00   2.1860e+02   2.0093e+01   8.2213e-02   2.5866e-02   2.8666e+02
20251217_12:00:00   1.4128e+00   2.1050e+02   1.9865e+01   4.0772e-02   5.2247e-02   2.8680e+02
20251217_15:00:00   1.5006e+00   2.1639e+02   2.2786e+01   6.2810e-03   1.7108e-01   2.8715e+02
20251217_18:00:00   2.0109e+00   2.4128e+02   2.6822e+01   9.0262e-02   1.9575e-01   2.8944e+02
20251217_21:00:00   1.7546e+00   2.3047e+02   2.5599e+01   2.7018e-02   1.4108e-01   2.8541e+02
20251218_00:00:00   1.9332e+00   2.3842e+02   2.6682e+01   7.4966e-02   2.2865e-01   2.8545e+02
