#            date       tau255        Tb[K]      pwv[mm] lwp[kg*m^-2] iwp[kg*m^-2]       o3[DU]
20251211_06:00:00   6.5187e-01   1.3132e+02   7.8516e+00   3.9232e-02   9.5870e-04   3.4483e+02
20251211_07:00:00   6.3274e-01   1.2834e+02   7.9979e+00   2.8226e-02   1.2395e-03   3.5040e+02
20251211_08:00:00   6.7088e-01   1.3311e+02   7.9965e+00   4.5388e-02   2.2091e-02   3.5186e+02
20251211_09:00:00   4.9705e-01   1.0641e+02   7.2895e+00   0.0000e+00   3.8371e-04   3.4832e+02
20251211_10:00:00   4.5137e-01   9.8485e+01   6.6763e+00   0.0000e+00   1.0336e-04   3.4624e+02
20251211_11:00:00   3.2811e-01   7.7126e+01   4.5792e+00   0.0000e+00   7.3116e-04   3.4546e+02
20251211_12:00:00   2.9329e-01   7.0426e+01   3.9236e+00   0.0000e+00   1.8103e-03   3.3934e+02
20251211_13:00:00   2.4253e-01   6.0086e+01   3.1950e+00   0.0000e+00   1.2643e-03   3.4207e+02
20251211_14:00:00   2.0189e-01   5.1540e+01   2.6100e+00   0.0000e+00   1.6452e-05   3.4796e+02
20251211_15:00:00   1.8712e-01   4.8388e+01   2.3686e+00   0.0000e+00   6.4769e-06   3.6196e+02
20251211_16:00:00   1.9957e-01   5.0925e+01   2.5111e+00   0.0000e+00   8.6134e-06   3.6388e+02
20251211_17:00:00   2.0938e-01   5.2881e+01   2.6076e+00   0.0000e+00   1.0834e-04   3.7353e+02
20251211_18:00:00   2.1679e-01   5.4293e+01   2.7196e+00   0.0000e+00   3.2297e-05   3.8310e+02
20251211_19:00:00   2.2759e-01   5.6374e+01   2.8778e+00   0.0000e+00   2.7457e-04   3.8159e+02
20251211_20:00:00   2.3327e-01   5.7424e+01   2.9541e+00   0.0000e+00   4.4529e-04   3.8523e+02
20251211_21:00:00   2.3325e-01   5.7306e+01   2.9540e+00   0.0000e+00   3.1974e-04   3.8894e+02
20251211_22:00:00   2.3121e-01   5.6834e+01   2.9360e+00   0.0000e+00   3.3266e-04   3.8953e+02
20251211_23:00:00   2.2703e-01   5.5970e+01   2.8826e+00   0.0000e+00   1.8957e-04   3.8185e+02
20251212_00:00:00   2.2874e-01   5.6252e+01   2.9015e+00   0.0000e+00   1.5385e-04   3.8696e+02
20251212_01:00:00   2.3787e-01   5.7974e+01   3.0395e+00   0.0000e+00   7.6903e-05   3.8705e+02
20251212_02:00:00   2.4705e-01   5.9744e+01   3.1826e+00   0.0000e+00   2.6803e-05   3.8967e+02
20251212_03:00:00   2.5899e-01   6.2045e+01   3.3699e+00   0.0000e+00   2.2964e-04   3.8534e+02
20251212_04:00:00   2.6765e-01   6.3727e+01   3.5159e+00   0.0000e+00   2.9340e-04   3.8058e+02
20251212_05:00:00   2.6556e-01   6.3391e+01   3.4979e+00   0.0000e+00   4.6070e-04   3.7628e+02
20251212_06:00:00   2.6228e-01   6.2858e+01   3.4545e+00   0.0000e+00   1.5676e-04   3.8512e+02
20251212_07:00:00   2.6596e-01   6.3622e+01   3.5063e+00   0.0000e+00   1.3521e-04   3.7899e+02
20251212_08:00:00   2.6346e-01   6.3172e+01   3.4739e+00   0.0000e+00   5.5149e-05   3.7846e+02
20251212_09:00:00   2.6361e-01   6.3205e+01   3.4990e+00   0.0000e+00   1.8332e-05   3.7761e+02
20251212_10:00:00   2.6855e-01   6.4178e+01   3.5968e+00   0.0000e+00   1.7315e-05   3.7779e+02
20251212_11:00:00   2.6214e-01   6.2979e+01   3.5421e+00   0.0000e+00   6.2455e-06   3.7445e+02
20251212_12:00:00   2.2012e-01   5.4694e+01   2.9338e+00   0.0000e+00   6.0405e-06   3.7222e+02
20251212_13:00:00   2.2279e-01   5.5325e+01   2.9738e+00   0.0000e+00   2.5397e-06   3.6844e+02
20251212_14:00:00   2.4242e-01   5.9406e+01   3.2645e+00   0.0000e+00   5.4880e-07   3.6058e+02
20251212_15:00:00   2.6336e-01   6.3749e+01   3.5393e+00   0.0000e+00   6.9779e-06   3.6387e+02
20251212_16:00:00   2.7936e-01   6.7084e+01   3.7474e+00   0.0000e+00   5.0713e-06   3.6222e+02
20251212_17:00:00   2.9521e-01   7.0292e+01   3.9606e+00   0.0000e+00   4.7469e-06   3.5386e+02
20251212_18:00:00   3.1189e-01   7.3571e+01   4.2015e+00   0.0000e+00   1.8906e-05   3.4820e+02
20251212_19:00:00   3.2654e-01   7.6397e+01   4.4171e+00   0.0000e+00   1.5026e-04   3.4942e+02
20251212_20:00:00   3.3925e-01   7.8823e+01   4.5977e+00   0.0000e+00   3.6443e-04   3.5755e+02
20251212_21:00:00   3.5075e-01   8.0890e+01   4.7688e+00   0.0000e+00   4.9716e-04   3.6115e+02
20251212_22:00:00   3.5552e-01   8.1778e+01   4.8389e+00   0.0000e+00   2.7398e-04   3.7002e+02
20251212_23:00:00   3.5316e-01   8.1426e+01   4.8030e+00   0.0000e+00   2.3798e-04   3.7142e+02
20251213_00:00:00   3.4923e-01   8.0818e+01   4.7543e+00   0.0000e+00   4.4346e-05   3.6780e+02
20251213_01:00:00   3.5049e-01   8.1058e+01   4.7902e+00   0.0000e+00   9.3505e-06   3.6876e+02
20251213_02:00:00   3.4532e-01   8.0118e+01   4.7113e+00   0.0000e+00   6.4903e-06   3.7360e+02
20251213_03:00:00   3.3946e-01   7.9059e+01   4.6358e+00   0.0000e+00   6.4467e-06   3.6613e+02
20251213_04:00:00   3.3381e-01   7.8028e+01   4.5737e+00   0.0000e+00   6.4461e-06   3.6005e+02
20251213_05:00:00   3.2590e-01   7.6523e+01   4.4683e+00   0.0000e+00   2.6055e-04   3.6925e+02
20251213_06:00:00   3.2660e-01   7.6542e+01   4.5288e+00   0.0000e+00   2.6817e-03   3.6418e+02
20251213_07:00:00   3.1802e-01   7.4985e+01   4.4358e+00   0.0000e+00   2.3615e-02   3.7261e+02
20251213_08:00:00   3.2301e-01   7.5923e+01   4.5246e+00   0.0000e+00   1.3746e-02   3.7914e+02
20251213_09:00:00   3.2030e-01   7.5461e+01   4.4759e+00   0.0000e+00   3.4845e-03   3.8053e+02
20251213_10:00:00   3.2546e-01   7.6358e+01   4.5566e+00   0.0000e+00   1.7080e-03   3.8484e+02
20251213_11:00:00   3.3258e-01   7.7608e+01   4.6894e+00   0.0000e+00   2.7438e-03   3.8936e+02
20251213_12:00:00   3.3855e-01   7.8511e+01   4.8464e+00   0.0000e+00   3.3803e-03   3.8553e+02
20251213_13:00:00   3.4294e-01   7.9280e+01   4.9514e+00   0.0000e+00   2.3956e-03   3.8727e+02
20251213_14:00:00   3.8608e-01   8.6821e+01   5.6673e+00   0.0000e+00   2.6777e-02   3.7839e+02
20251213_15:00:00   4.5656e-01   9.8799e+01   6.7348e+00   0.0000e+00   2.3337e-02   3.7533e+02
20251213_16:00:00   5.3954e-01   1.1206e+02   7.8464e+00   0.0000e+00   3.0320e-02   3.7709e+02
20251213_17:00:00   5.7856e-01   1.1785e+02   8.3310e+00   6.2210e-05   6.6883e-02   3.7521e+02
20251213_18:00:00   5.8768e-01   1.1937e+02   8.3684e+00   2.0825e-03   5.0364e-02   3.7451e+02
20251213_19:00:00   5.4226e-01   1.1307e+02   7.7334e+00   6.4690e-05   7.9504e-03   3.6655e+02
20251213_20:00:00   5.0737e-01   1.0795e+02   7.1691e+00   9.3210e-04   5.0422e-03   3.5589e+02
20251213_21:00:00   4.6248e-01   1.0076e+02   6.5289e+00   7.9034e-04   1.0381e-02   3.5345e+02
20251213_22:00:00   4.5134e-01   9.8882e+01   6.4423e+00   0.0000e+00   1.9744e-02   3.5200e+02
20251213_23:00:00   4.3527e-01   9.6144e+01   6.3205e+00   0.0000e+00   1.2598e-02   3.5207e+02
20251214_00:00:00   4.6360e-01   1.0078e+02   6.6898e+00   0.0000e+00   1.7330e-02   3.5071e+02
20251214_01:00:00   4.4542e-01   9.7279e+01   6.5066e+00   0.0000e+00   2.7069e-02   3.4663e+02
20251214_02:00:00   4.0683e-01   9.0140e+01   6.1238e+00   0.0000e+00   5.0201e-02   3.4356e+02
20251214_03:00:00   3.6397e-01   8.2201e+01   5.6420e+00   0.0000e+00   1.1974e-01   3.4265e+02
20251214_04:00:00   3.2312e-01   7.4482e+01   5.1604e+00   0.0000e+00   6.7865e-02   3.4496e+02
20251214_05:00:00   3.4481e-01   7.8373e+01   5.4603e+00   0.0000e+00   5.6253e-02   3.4604e+02
20251214_06:00:00   3.6876e-01   8.2746e+01   5.7044e+00   0.0000e+00   3.2765e-02   3.4689e+02
20251214_07:00:00   3.6739e-01   8.2602e+01   5.5643e+00   0.0000e+00   5.7896e-03   3.4859e+02
20251214_08:00:00   3.4974e-01   7.9466e+01   5.2183e+00   0.0000e+00   1.0780e-03   3.4956e+02
20251214_09:00:00   3.2745e-01   7.5444e+01   4.8003e+00   0.0000e+00   6.0451e-04   3.4884e+02
20251214_10:00:00   2.9619e-01   6.9664e+01   4.2379e+00   0.0000e+00   4.2668e-04   3.4937e+02
20251214_11:00:00   2.6199e-01   6.3152e+01   3.6242e+00   0.0000e+00   1.3242e-04   3.4880e+02
20251214_12:00:00   2.3839e-01   5.8527e+01   3.2037e+00   0.0000e+00   9.3363e-06   3.4792e+02
20251214_13:00:00   2.1723e-01   5.4307e+01   2.8397e+00   0.0000e+00   5.8689e-06   3.5662e+02
20251214_14:00:00   2.0496e-01   5.1842e+01   2.6147e+00   0.0000e+00   5.1476e-06   3.5752e+02
20251214_15:00:00   2.0400e-01   5.1660e+01   2.5814e+00   0.0000e+00   2.8278e-06   3.5880e+02
20251214_16:00:00   2.0640e-01   5.2173e+01   2.6051e+00   0.0000e+00   7.0880e-07   3.6658e+02
20251214_17:00:00   2.0704e-01   5.2297e+01   2.6218e+00   0.0000e+00   0.0000e+00   3.6418e+02
20251214_18:00:00   2.1741e-01   5.4429e+01   2.7568e+00   0.0000e+00   7.8196e-06   3.6105e+02
20251214_19:00:00   2.3041e-01   5.7065e+01   2.9280e+00   0.0000e+00   8.4470e-05   3.6718e+02
20251214_20:00:00   2.3767e-01   5.8511e+01   2.9944e+00   0.0000e+00   3.5743e-05   3.6773e+02
20251214_21:00:00   2.4331e-01   5.9505e+01   3.0385e+00   0.0000e+00   1.7611e-05   3.7697e+02
20251214_22:00:00   2.3349e-01   5.7431e+01   2.8905e+00   0.0000e+00   1.4782e-05   3.6536e+02
20251214_23:00:00   2.3503e-01   5.7723e+01   2.8927e+00   0.0000e+00   1.6675e-05   3.6641e+02
20251215_00:00:00   2.2444e-01   5.5614e+01   2.7495e+00   0.0000e+00   1.9162e-05   3.7071e+02
20251215_01:00:00   2.2707e-01   5.6059e+01   2.8152e+00   0.0000e+00   1.7203e-05   3.7805e+02
20251215_02:00:00   2.3957e-01   5.8503e+01   3.0091e+00   0.0000e+00   1.9475e-05   3.7185e+02
20251215_03:00:00   2.5749e-01   6.2011e+01   3.2698e+00   0.0000e+00   1.9499e-05   3.6983e+02
20251215_04:00:00   2.6604e-01   6.3634e+01   3.4248e+00   0.0000e+00   1.5492e-05   3.6676e+02
20251215_05:00:00   2.7284e-01   6.4958e+01   3.5554e+00   0.0000e+00   2.5773e-05   3.5807e+02
20251215_06:00:00   2.8608e-01   6.7456e+01   3.7794e+00   0.0000e+00   2.9579e-05   3.4725e+02
20251215_07:00:00   2.9008e-01   6.8161e+01   3.8679e+00   0.0000e+00   7.7636e-05   3.5557e+02
20251215_08:00:00   2.6629e-01   6.3674e+01   3.5076e+00   0.0000e+00   5.9490e-05   3.6306e+02
20251215_09:00:00   2.4672e-01   5.9914e+01   3.2039e+00   0.0000e+00   1.6438e-05   3.6093e+02
20251215_10:00:00   2.3901e-01   5.8390e+01   3.0704e+00   0.0000e+00   1.1315e-05   3.7314e+02
20251215_11:00:00   2.3797e-01   5.8190e+01   3.0473e+00   0.0000e+00   3.0417e-05   3.8136e+02
20251215_12:00:00   2.2977e-01   5.6607e+01   2.9389e+00   0.0000e+00   1.1503e-05   3.8572e+02
20251215_13:00:00   2.2275e-01   5.5206e+01   2.8517e+00   0.0000e+00   8.6505e-06   3.6743e+02
20251215_14:00:00   2.0823e-01   5.2295e+01   2.6559e+00   0.0000e+00   3.4088e-05   3.4642e+02
20251215_15:00:00   1.9657e-01   4.9978e+01   2.4904e+00   0.0000e+00   1.9707e-05   3.2855e+02
20251215_16:00:00   1.8987e-01   4.8651e+01   2.4073e+00   0.0000e+00   0.0000e+00   3.2373e+02
20251215_17:00:00   1.9076e-01   4.8872e+01   2.4462e+00   0.0000e+00   0.0000e+00   3.1873e+02
20251215_18:00:00   1.9856e-01   5.0498e+01   2.6157e+00   0.0000e+00   0.0000e+00   3.1065e+02
20251215_19:00:00   2.1254e-01   5.3347e+01   2.9045e+00   0.0000e+00   3.3816e-03   3.0347e+02
20251215_20:00:00   2.2817e-01   5.6517e+01   3.1940e+00   0.0000e+00   2.0792e-04   2.9829e+02
20251215_21:00:00   2.4728e-01   6.0325e+01   3.5030e+00   0.0000e+00   1.2472e-05   2.9487e+02
20251215_22:00:00   2.5703e-01   6.2148e+01   3.7064e+00   0.0000e+00   2.7980e-03   2.9643e+02
20251215_23:00:00   2.7942e-01   6.6452e+01   4.0874e+00   0.0000e+00   3.5438e-03   3.0362e+02
20251216_00:00:00   3.0321e-01   7.0910e+01   4.4920e+00   0.0000e+00   9.2165e-03   3.0480e+02
20251216_01:00:00   3.1947e-01   7.3851e+01   4.7677e+00   0.0000e+00   3.3020e-02   3.0797e+02
20251216_02:00:00   3.6325e-01   8.1753e+01   5.4335e+00   0.0000e+00   2.6091e-02   3.0985e+02
20251216_03:00:00   4.2323e-01   9.2053e+01   6.2212e+00   0.0000e+00   1.5243e-01   3.0802e+02
20251216_04:00:00   4.4996e-01   9.6543e+01   6.5371e+00   0.0000e+00   2.2539e-01   3.0691e+02
20251216_05:00:00   4.7549e-01   1.0068e+02   6.8299e+00   0.0000e+00   2.4593e-01   3.0741e+02
20251216_06:00:00   4.8000e-01   1.0147e+02   6.8808e+00   0.0000e+00   1.5638e-01   3.1313e+02
20251216_09:00:00   4.3257e-01   9.4214e+01   6.0630e+00   0.0000e+00   8.7861e-03   3.4525e+02
20251216_12:00:00   3.5045e-01   8.0447e+01   4.6883e+00   0.0000e+00   2.8695e-05   3.4903e+02
20251216_15:00:00   2.8111e-01   6.7997e+01   3.7271e+00   0.0000e+00   1.5838e-05   3.3056e+02
20251216_18:00:00   3.0224e-01   7.2307e+01   4.1708e+00   1.3720e-03   7.2934e-04   3.0745e+02
20251216_21:00:00   3.2455e-01   7.6400e+01   4.9345e+00   0.0000e+00   2.8347e-03   2.8943e+02
20251217_00:00:00   3.5452e-01   8.1615e+01   5.7525e+00   0.0000e+00   1.1461e-01   2.7600e+02
20251217_03:00:00   3.8970e-01   8.7783e+01   6.4144e+00   0.0000e+00   1.7385e-01   2.7236e+02
20251217_06:00:00   6.5736e-01   1.3060e+02   1.0766e+01   0.0000e+00   1.0991e-02   2.6948e+02
20251217_09:00:00   6.7174e-01   1.3400e+02   1.0712e+01   0.0000e+00   1.8328e-03   2.7166e+02
20251217_12:00:00   8.3557e-01   1.5624e+02   1.3118e+01   0.0000e+00   4.3733e-03   2.7401e+02
20251217_15:00:00   8.3724e-01   1.5683e+02   1.3347e+01   0.0000e+00   8.6149e-03   2.7774e+02
20251217_18:00:00   1.0727e+00   1.8107e+02   1.4367e+01   6.1279e-02   9.4521e-02   2.8484e+02
20251217_21:00:00   1.1124e+00   1.8471e+02   1.5345e+01   5.3582e-02   5.3297e-02   2.9047e+02
20251218_00:00:00   1.0232e+00   1.7673e+02   1.5064e+01   3.2164e-02   1.7337e-02   2.9603e+02
20251218_03:00:00   1.0770e+00   1.8282e+02   1.5884e+01   2.4276e-02   1.6238e-03   2.9576e+02
20251218_06:00:00   1.0198e+00   1.7694e+02   1.2533e+01   8.8362e-02   8.9703e-02   2.9554e+02
20251218_09:00:00   1.0570e+00   1.8029e+02   1.6936e+01   2.9740e-03   2.0173e-02   2.9489e+02
20251218_12:00:00   1.7430e+00   2.2741e+02   2.1314e+01   1.4112e-01   2.5610e-01   2.9793e+02
20251218_15:00:00   2.3615e+00   2.5095e+02   2.1317e+01   3.8013e-01   4.3183e-02   3.0291e+02
20251218_18:00:00   1.4628e+00   2.1340e+02   2.1582e+01   1.2356e-02   2.9899e-02   3.0690e+02
20251218_21:00:00   2.1398e+00   2.4476e+02   2.2147e+01   2.6738e-01   4.3814e-03   3.0370e+02
20251219_00:00:00   1.1658e+00   1.9177e+02   1.7696e+01   3.5440e-05   4.2905e-04   2.9935e+02
20251219_03:00:00   1.5260e+00   2.1770e+02   1.7658e+01   1.2808e-01   2.6365e-03   2.9595e+02
20251219_06:00:00   1.4923e+00   2.1539e+02   1.7861e+01   1.2253e-01   2.6386e-02   3.0014e+02
20251219_09:00:00   1.3885e+00   2.0834e+02   1.8342e+01   7.3483e-02   3.9541e-02   3.1018e+02
20251219_12:00:00   1.2234e+00   1.9582e+02   1.7222e+01   3.7512e-02   6.3992e-03   3.1234e+02
20251219_15:00:00   5.1037e-01   1.1199e+02   8.1667e+00   0.0000e+00   1.9727e-03   3.1338e+02
20251219_18:00:00   4.3846e-01   9.8873e+01   6.1143e+00   4.5320e-03   1.7043e-03   3.1887e+02
20251219_21:00:00   2.6702e-01   6.5855e+01   3.7254e+00   0.0000e+00   6.5792e-06   3.1191e+02
20251220_00:00:00   1.9750e-01   5.1379e+01   2.8067e+00   0.0000e+00   0.0000e+00   3.1380e+02
20251220_03:00:00   2.0494e-01   5.2537e+01   3.1641e+00   0.0000e+00   6.7436e-03   3.1291e+02
20251220_06:00:00   2.2795e-01   5.6909e+01   3.8389e+00   0.0000e+00   1.3473e-02   3.1001e+02
20251220_09:00:00   3.0612e-01   7.1996e+01   5.3389e+00   0.0000e+00   2.7984e-01   3.0526e+02
20251220_12:00:00   5.1705e-01   1.0876e+02   8.9808e+00   0.0000e+00   4.3306e-01   3.0253e+02
20251220_15:00:00   9.9663e-01   1.6944e+02   1.3575e+01   7.9185e-02   7.1078e-01   3.0297e+02
20251220_18:00:00   2.9624e+00   2.5577e+02   1.9506e+01   7.2033e-01   6.2706e-01   3.0044e+02
20251220_21:00:00   3.8413e+00   2.6639e+02   2.1072e+01   1.0289e+00   4.0680e-01   2.9519e+02
20251221_00:00:00   2.0387e+00   2.3828e+02   2.0298e+01   2.9225e-01   3.5430e-01   3.0148e+02
20251221_03:00:00   1.0937e+00   1.8275e+02   7.5669e+00   2.2767e-01   1.5579e-01   3.0463e+02
20251221_06:00:00   3.5944e-01   8.4773e+01   4.8886e+00   0.0000e+00   1.1758e-05   3.0738e+02
20251221_09:00:00   2.9955e-01   7.2625e+01   3.9225e+00   0.0000e+00   1.2028e-05   3.1921e+02
20251221_12:00:00   2.4005e-01   6.0647e+01   3.0122e+00   0.0000e+00   7.9714e-06   3.2651e+02
20251221_15:00:00   2.5700e-01   6.4066e+01   3.2957e+00   0.0000e+00   7.0928e-06   3.2608e+02
20251221_18:00:00   2.7393e-01   6.7515e+01   3.5940e+00   0.0000e+00   4.9347e-06   3.2126e+02
20251221_21:00:00   2.1726e-01   5.5810e+01   2.8590e+00   0.0000e+00   1.6530e-06   3.2150e+02
20251222_00:00:00   2.1390e-01   5.4783e+01   2.9826e+00   0.0000e+00   1.9806e-06   3.2032e+02
20251222_03:00:00   2.1783e-01   5.5316e+01   3.1946e+00   0.0000e+00   2.6480e-03   3.1436e+02
20251222_06:00:00   2.3372e-01   5.8533e+01   3.4868e+00   0.0000e+00   1.9165e-04   3.0791e+02
20251222_09:00:00   2.8092e-01   6.7724e+01   4.4174e+00   0.0000e+00   7.7118e-04   3.0743e+02
20251222_12:00:00   4.0092e-01   8.9990e+01   6.3832e+00   0.0000e+00   1.0289e-02   3.0553e+02
20251222_15:00:00   7.0975e-01   1.3779e+02   9.2069e+00   4.8537e-02   1.8177e-02   3.2276e+02
20251222_18:00:00   1.4739e+00   2.0904e+02   1.2025e+01   2.9077e-01   7.4962e-02   3.2621e+02
20251222_21:00:00   2.3997e+00   2.4845e+02   1.7028e+01   5.1737e-01   6.9848e-02   3.2106e+02
20251223_00:00:00   1.6867e+00   2.2347e+02   1.6961e+01   2.1956e-01   1.7396e-03   3.1999e+02
20251223_03:00:00   9.0085e-01   1.6365e+02   1.3327e+01   4.6670e-03   7.4161e-03   3.2224e+02
20251223_06:00:00   7.9944e-01   1.5146e+02   1.2220e+01   5.6926e-03   1.8996e-02   3.1929e+02
20251223_09:00:00   7.1311e-01   1.4012e+02   1.1652e+01   0.0000e+00   6.7898e-02   3.1043e+02
20251223_12:00:00   7.8543e-01   1.4935e+02   1.2894e+01   0.0000e+00   3.0720e-02   3.1165e+02
20251223_15:00:00   9.3642e-01   1.6660e+02   1.4889e+01   1.3394e-03   8.4006e-03   3.1576e+02
20251223_18:00:00   3.3436e+00   2.6390e+02   2.1891e+01   7.8979e-01   1.3214e-01   3.1002e+02
20251223_21:00:00   3.5528e+00   2.6665e+02   2.3889e+01   8.0343e-01   7.2194e-03   3.0098e+02
20251224_00:00:00   3.4510e+00   2.6713e+02   2.4860e+01   7.1713e-01   6.0786e-03   2.9717e+02
20251224_03:00:00   3.7353e+00   2.7045e+02   2.3850e+01   8.5282e-01   4.0526e-02   3.0166e+02
20251224_06:00:00   3.3887e+00   2.6966e+02   2.3527e+01   7.0677e-01   3.1154e-02   2.9362e+02
20251224_09:00:00   2.3866e+00   2.5651e+02   2.1446e+01   3.6826e-01   2.9874e-03   2.8285e+02
20251224_12:00:00   2.6857e+00   2.6455e+02   2.1473e+01   4.7501e-01   8.1685e-03   2.7743e+02
20251224_15:00:00   2.3758e+00   2.5805e+02   2.1056e+01   3.7205e-01   4.1116e-03   2.7422e+02
20251224_18:00:00   1.8286e+00   2.3916e+02   2.1183e+01   1.5799e-01   6.7005e-03   2.8258e+02
20251224_21:00:00   1.7810e+00   2.3759e+02   2.0450e+01   1.5234e-01   1.2301e-02   2.7561e+02
20251225_00:00:00   1.8737e+00   2.4182e+02   2.1537e+01   1.5026e-01   2.2765e-02   2.7577e+02
20251225_03:00:00   1.7969e+00   2.3854e+02   2.1973e+01   1.0216e-01   3.7622e-04   2.7772e+02
20251225_06:00:00   1.7436e+00   2.3595e+02   2.2114e+01   7.5943e-02   1.5112e-04   2.7322e+02
20251225_09:00:00   1.8307e+00   2.4021e+02   2.2758e+01   8.2143e-02   1.5322e-04   2.6962e+02
20251225_12:00:00   1.7803e+00   2.3825e+02   2.5321e+01   9.4136e-03   3.9552e-04   2.7220e+02
20251225_15:00:00   2.4119e+00   2.5954e+02   3.4235e+01   2.8502e-02   6.2229e-04   2.7417e+02
20251225_18:00:00   3.2779e+00   2.7361e+02   3.6250e+01   3.3151e-01   6.5098e-03   2.7225e+02
20251225_21:00:00   2.8615e+00   2.6492e+02   3.2986e+01   2.7156e-01   1.0122e-02   2.7115e+02
20251226_00:00:00   1.8386e+00   2.3443e+02   2.7729e+01   1.7279e-02   1.9130e-02   2.7804e+02
20251226_03:00:00   8.1992e-01   1.5589e+02   1.3225e+01   0.0000e+00   8.2075e-02   2.8131e+02
20251226_06:00:00   6.0429e-01   1.2614e+02   9.9694e+00   0.0000e+00   6.1256e-02   2.7956e+02
20251226_09:00:00   7.1850e-01   1.4168e+02   1.1613e+01   7.8052e-03   2.2619e-02   2.7875e+02
20251226_12:00:00   1.5708e+00   2.1721e+02   1.7563e+01   1.9226e-01   2.1868e-03   2.7677e+02
20251226_15:00:00   2.3905e+00   2.4952e+02   2.5167e+01   3.0946e-01   2.7304e-04   2.7871e+02
20251226_18:00:00   5.0696e+00   2.7319e+02   2.7492e+01   1.3244e+00   2.4356e-02   2.7306e+02
20251226_21:00:00   4.9894e+00   2.7335e+02   2.8806e+01   1.2632e+00   7.1887e-02   2.7220e+02
20251227_00:00:00   4.8572e+00   2.7328e+02   2.9068e+01   1.1889e+00   4.5973e-02   2.7548e+02
20251227_03:00:00   3.8473e+00   2.6995e+02   2.6618e+01   8.3464e-01   4.9514e-02   2.7816e+02
20251227_06:00:00   3.2152e+00   2.6563e+02   2.4243e+01   6.3822e-01   6.9716e-02   2.6851e+02
