#            date       tau255        Tb[K]      pwv[mm] lwp[kg*m^-2] iwp[kg*m^-2]       o3[DU]
20251204_06:00:00   6.6055e-01   1.3035e+02   1.0580e+01   0.0000e+00   1.3078e-01   3.7080e+02
20251204_07:00:00   6.7547e-01   1.3257e+02   1.0778e+01   0.0000e+00   2.5756e-02   3.6973e+02
20251204_08:00:00   7.2000e-01   1.3854e+02   1.1278e+01   0.0000e+00   8.6665e-03   3.7467e+02
20251204_09:00:00   7.3964e-01   1.4104e+02   1.1421e+01   0.0000e+00   3.5460e-03   3.6775e+02
20251204_10:00:00   7.0716e-01   1.3700e+02   1.0854e+01   1.2010e-06   8.2479e-05   3.6596e+02
20251204_11:00:00   6.7680e-01   1.3301e+02   1.0318e+01   0.0000e+00   9.0561e-05   3.6969e+02
20251204_12:00:00   6.4659e-01   1.2882e+02   9.8502e+00   0.0000e+00   6.1462e-03   3.7149e+02
20251204_13:00:00   6.1802e-01   1.2471e+02   9.3943e+00   0.0000e+00   8.4090e-03   3.7563e+02
20251204_14:00:00   5.9885e-01   1.2177e+02   9.0902e+00   0.0000e+00   9.0362e-02   3.7342e+02
20251204_15:00:00   5.8542e-01   1.1962e+02   8.8675e+00   0.0000e+00   7.1491e-02   3.7097e+02
20251204_16:00:00   5.5036e-01   1.1427e+02   8.2493e+00   2.3820e-05   1.1175e-01   3.6871e+02
20251204_17:00:00   4.0418e-01   9.1007e+01   5.7400e+00   1.7642e-04   4.8298e-02   3.6671e+02
20251204_18:00:00   3.6272e-01   8.4071e+01   4.8871e+00   0.0000e+00   1.9208e-04   3.8157e+02
20251204_19:00:00   3.7253e-01   8.5496e+01   4.9743e+00   0.0000e+00   4.6786e-03   3.8180e+02
20251204_20:00:00   3.2326e-01   7.6015e+01   4.2599e+00   0.0000e+00   6.4603e-03   3.7214e+02
20251204_21:00:00   2.9238e-01   6.9802e+01   3.7423e+00   0.0000e+00   5.2856e-02   3.7261e+02
20251204_22:00:00   2.2991e-01   5.7004e+01   2.8626e+00   0.0000e+00   7.3979e-04   3.7368e+02
20251204_23:00:00   1.7140e-01   4.4670e+01   2.0060e+00   0.0000e+00   1.7005e-04   3.7580e+02
20251205_00:00:00   1.5642e-01   4.1255e+01   1.7728e+00   0.0000e+00   2.9001e-04   3.8162e+02
20251205_01:00:00   1.5459e-01   4.0807e+01   1.7515e+00   0.0000e+00   1.1010e-03   3.7922e+02
20251205_02:00:00   1.4253e-01   3.8158e+01   1.6386e+00   0.0000e+00   7.9607e-06   3.7765e+02
20251205_03:00:00   1.4140e-01   3.7865e+01   1.6973e+00   0.0000e+00   8.8260e-07   3.7895e+02
20251205_04:00:00   1.4818e-01   3.9286e+01   1.8806e+00   0.0000e+00   0.0000e+00   3.7927e+02
20251205_05:00:00   1.6384e-01   4.2610e+01   2.2060e+00   0.0000e+00   0.0000e+00   3.7600e+02
20251205_06:00:00   1.8082e-01   4.6161e+01   2.5541e+00   0.0000e+00   0.0000e+00   3.7327e+02
20251205_07:00:00   2.0203e-01   5.0536e+01   2.9519e+00   0.0000e+00   1.4260e-05   3.7139e+02
20251205_08:00:00   2.1514e-01   5.3250e+01   3.1732e+00   0.0000e+00   8.6324e-06   3.6864e+02
20251205_09:00:00   2.1871e-01   5.4059e+01   3.2200e+00   0.0000e+00   1.0762e-03   3.6489e+02
20251205_10:00:00   2.1519e-01   5.3473e+01   3.1314e+00   0.0000e+00   1.1021e-03   3.6350e+02
20251205_11:00:00   2.0944e-01   5.2371e+01   3.0141e+00   0.0000e+00   6.6124e-04   3.6634e+02
20251205_12:00:00   1.9909e-01   5.0262e+01   2.8335e+00   0.0000e+00   5.1597e-05   3.6762e+02
20251205_13:00:00   1.8657e-01   4.7643e+01   2.6436e+00   0.0000e+00   3.6540e-04   3.6785e+02
20251205_14:00:00   1.8039e-01   4.6361e+01   2.5542e+00   0.0000e+00   6.2758e-04   3.6779e+02
20251205_15:00:00   1.7854e-01   4.6034e+01   2.5387e+00   0.0000e+00   7.4942e-04   3.6124e+02
20251205_16:00:00   1.8766e-01   4.7982e+01   2.6939e+00   0.0000e+00   2.4246e-04   3.5422e+02
20251205_17:00:00   2.0200e-01   5.1021e+01   2.9515e+00   0.0000e+00   3.3392e-04   3.4681e+02
20251205_18:00:00   2.1924e-01   5.4648e+01   3.2241e+00   0.0000e+00   1.4526e-03   3.4745e+02
20251205_19:00:00   2.3703e-01   5.8305e+01   3.5055e+00   0.0000e+00   6.0002e-03   3.4468e+02
20251205_20:00:00   2.4735e-01   6.0418e+01   3.6765e+00   0.0000e+00   1.0797e-02   3.4264e+02
20251205_21:00:00   2.5235e-01   6.1377e+01   3.7928e+00   0.0000e+00   1.3337e-02   3.4383e+02
20251205_22:00:00   2.5059e-01   6.1035e+01   3.7860e+00   0.0000e+00   3.1184e-02   3.4248e+02
20251205_23:00:00   2.6276e-01   6.3493e+01   3.9917e+00   0.0000e+00   2.9203e-02   3.4356e+02
20251206_00:00:00   2.8344e-01   6.7641e+01   4.2998e+00   0.0000e+00   1.6638e-02   3.3869e+02
20251206_01:00:00   3.0244e-01   7.1367e+01   4.5657e+00   0.0000e+00   4.2273e-02   3.3694e+02
20251206_02:00:00   3.1783e-01   7.4377e+01   4.7852e+00   0.0000e+00   3.0042e-02   3.3267e+02
20251206_03:00:00   3.3204e-01   7.7129e+01   5.0085e+00   0.0000e+00   9.5797e-03   3.3121e+02
20251206_04:00:00   3.3922e-01   7.8579e+01   5.0882e+00   0.0000e+00   2.3487e-04   3.3272e+02
20251206_05:00:00   3.4055e-01   7.9016e+01   5.0408e+00   0.0000e+00   1.1797e-05   3.3274e+02
20251206_06:00:00   3.3450e-01   7.8143e+01   4.9075e+00   0.0000e+00   4.1919e-06   3.3272e+02
20251206_07:00:00   3.4685e-01   8.0477e+01   5.0551e+00   0.0000e+00   4.1766e-05   3.2935e+02
20251206_08:00:00   3.4991e-01   8.1059e+01   5.1423e+00   0.0000e+00   5.7913e-05   3.2779e+02
20251206_09:00:00   3.5832e-01   8.2595e+01   5.3164e+00   0.0000e+00   1.5344e-03   3.2577e+02
20251206_10:00:00   3.8369e-01   8.7122e+01   5.6882e+00   0.0000e+00   1.1789e-02   3.2083e+02
20251206_11:00:00   3.9095e-01   8.8487e+01   5.8524e+00   0.0000e+00   3.4269e-03   3.1656e+02
20251206_12:00:00   4.1944e-01   9.3344e+01   6.3364e+00   0.0000e+00   2.2063e-02   3.1135e+02
20251206_13:00:00   4.6446e-01   1.0092e+02   7.0652e+00   3.3340e-05   4.7538e-02   3.1049e+02
20251206_14:00:00   5.1114e-01   1.0843e+02   7.7755e+00   1.1767e-03   8.4506e-02   3.1047e+02
20251206_15:00:00   5.5163e-01   1.1481e+02   8.3020e+00   4.0478e-03   8.6950e-02   3.0729e+02
20251206_16:00:00   5.6563e-01   1.1703e+02   8.4829e+00   4.6122e-03   1.0203e-01   3.0729e+02
20251206_17:00:00   5.6394e-01   1.1683e+02   8.5341e+00   3.2537e-03   9.8657e-02   3.0665e+02
20251206_18:00:00   5.6264e-01   1.1664e+02   8.6232e+00   8.4735e-04   9.6579e-02   3.0820e+02
20251206_19:00:00   5.6563e-01   1.1708e+02   8.6989e+00   5.8278e-05   1.3400e-01   3.0644e+02
20251206_20:00:00   5.7967e-01   1.1914e+02   8.9089e+00   0.0000e+00   1.7464e-01   3.0350e+02
20251206_21:00:00   6.1380e-01   1.2408e+02   9.4297e+00   0.0000e+00   9.5630e-02   3.0531e+02
20251206_22:00:00   6.6622e-01   1.3144e+02   1.0148e+01   0.0000e+00   1.0047e-01   3.1009e+02
20251206_23:00:00   6.9709e-01   1.3566e+02   1.0504e+01   0.0000e+00   1.3093e-01   3.1203e+02
20251207_00:00:00   7.0939e-01   1.3731e+02   1.0594e+01   0.0000e+00   1.1089e-01   3.1555e+02
20251207_01:00:00   7.0912e-01   1.3729e+02   1.0547e+01   0.0000e+00   1.0810e-01   3.1833e+02
20251207_02:00:00   6.9227e-01   1.3512e+02   1.0287e+01   0.0000e+00   1.0615e-01   3.1852e+02
20251207_03:00:00   6.6574e-01   1.3157e+02   9.9146e+00   0.0000e+00   4.0816e-02   3.1882e+02
20251207_04:00:00   6.3201e-01   1.2710e+02   9.3590e+00   0.0000e+00   3.8226e-03   3.2182e+02
20251207_05:00:00   5.8911e-01   1.2121e+02   8.6005e+00   0.0000e+00   4.6096e-05   3.2388e+02
20251207_06:00:00   5.1586e-01   1.1054e+02   7.3432e+00   0.0000e+00   3.1857e-05   3.2515e+02
20251207_07:00:00   4.4186e-01   9.8690e+01   6.1885e+00   0.0000e+00   1.1871e-05   3.2828e+02
20251207_08:00:00   3.9516e-01   9.0557e+01   5.5804e+00   0.0000e+00   5.5011e-06   3.2983e+02
20251207_09:00:00   3.6820e-01   8.5682e+01   5.2125e+00   0.0000e+00   6.1206e-06   3.3147e+02
20251207_10:00:00   3.7922e-01   8.7578e+01   5.4092e+00   0.0000e+00   6.1801e-06   3.3086e+02
20251207_11:00:00   3.9102e-01   8.9577e+01   5.5997e+00   0.0000e+00   6.5551e-06   3.3164e+02
20251207_12:00:00   4.0628e-01   9.2063e+01   5.8583e+00   0.0000e+00   2.5193e-03   3.3374e+02
20251207_13:00:00   4.1410e-01   9.3192e+01   6.0226e+00   0.0000e+00   1.0277e-02   3.3563e+02
20251207_14:00:00   4.0826e-01   9.2087e+01   5.9815e+00   0.0000e+00   2.9131e-03   3.3157e+02
20251207_15:00:00   3.9973e-01   9.0608e+01   5.8761e+00   0.0000e+00   2.5492e-05   3.2509e+02
20251207_16:00:00   4.1022e-01   9.2314e+01   6.0774e+00   0.0000e+00   2.6203e-04   3.2421e+02
20251207_17:00:00   4.1486e-01   9.3069e+01   6.1995e+00   0.0000e+00   1.1549e-03   3.2212e+02
20251207_18:00:00   4.1745e-01   9.3473e+01   6.2623e+00   0.0000e+00   3.0370e-03   3.1956e+02
20251207_19:00:00   4.2485e-01   9.4688e+01   6.3906e+00   0.0000e+00   3.3291e-02   3.1611e+02
20251207_20:00:00   4.2637e-01   9.4935e+01   6.3999e+00   0.0000e+00   2.1251e-02   3.2031e+02
20251207_21:00:00   4.3755e-01   9.6673e+01   6.5662e+00   0.0000e+00   2.5661e-02   3.1860e+02
20251207_22:00:00   4.4079e-01   9.7080e+01   6.6142e+00   0.0000e+00   1.1341e-02   3.1320e+02
20251207_23:00:00   4.3539e-01   9.6151e+01   6.4873e+00   0.0000e+00   1.6890e-02   3.1632e+02
20251208_00:00:00   4.6307e-01   1.0058e+02   6.8306e+00   1.2789e-03   6.2581e-02   3.1786e+02
20251208_01:00:00   5.5412e-01   1.1489e+02   7.4668e+00   2.2621e-02   4.9935e-02   3.2368e+02
20251208_02:00:00   6.5764e-01   1.2964e+02   8.5657e+00   3.3733e-02   1.2091e-01   3.2167e+02
20251208_03:00:00   6.6806e-01   1.3099e+02   9.5643e+00   7.6735e-03   6.5199e-02   3.2518e+02
20251208_04:00:00   7.2398e-01   1.3827e+02   1.0218e+01   6.0074e-03   4.5229e-01   3.2896e+02
20251208_05:00:00   7.1227e-01   1.3691e+02   1.0227e+01   7.0986e-04   3.3913e-01   3.2826e+02
20251208_06:00:00   7.2514e-01   1.3867e+02   1.0333e+01   3.9653e-04   5.3965e-01   3.3422e+02
20251208_07:00:00   7.2503e-01   1.3872e+02   1.0308e+01   1.1750e-06   5.9568e-01   3.3628e+02
20251208_08:00:00   7.3982e-01   1.4063e+02   1.0388e+01   3.1818e-03   6.8186e-01   3.3402e+02
20251208_09:00:00   7.2697e-01   1.3919e+02   1.0240e+01   2.4711e-03   5.2280e-01   3.3354e+02
20251208_10:00:00   7.0104e-01   1.3608e+02   9.8382e+00   6.1074e-04   4.6030e-01   3.3737e+02
20251208_11:00:00   7.8707e-01   1.4705e+02   9.1394e+00   5.6712e-02   3.5890e-01   3.4053e+02
20251208_12:00:00   8.0059e-01   1.4889e+02   8.2619e+00   8.6628e-02   1.6850e-01   3.5066e+02
20251208_13:00:00   7.6797e-01   1.4490e+02   7.3997e+00   9.7844e-02   4.0553e-02   3.4928e+02
20251208_14:00:00   5.3836e-01   1.1275e+02   6.5876e+00   2.2024e-02   9.8483e-02   3.5436e+02
20251208_15:00:00   4.1888e-01   9.2784e+01   5.6361e+00   6.6620e-04   1.5641e-02   3.5878e+02
20251208_16:00:00   3.4889e-01   8.0103e+01   4.6851e+00   0.0000e+00   1.1418e-03   3.5628e+02
20251208_17:00:00   2.9955e-01   7.0790e+01   3.9689e+00   0.0000e+00   3.3690e-04   3.5577e+02
20251208_18:00:00   2.5503e-01   6.2146e+01   3.3077e+00   0.0000e+00   1.8333e-05   3.5292e+02
20251208_19:00:00   2.2519e-01   5.6148e+01   2.8350e+00   0.0000e+00   7.1081e-05   3.4789e+02
20251208_20:00:00   1.9227e-01   4.9365e+01   2.3081e+00   0.0000e+00   6.3375e-05   3.4340e+02
20251208_21:00:00   1.6336e-01   4.3148e+01   1.8632e+00   0.0000e+00   3.1288e-05   3.4017e+02
20251208_22:00:00   1.4692e-01   3.9491e+01   1.6451e+00   0.0000e+00   7.1764e-06   3.4054e+02
20251208_23:00:00   1.5019e-01   4.0131e+01   1.7232e+00   0.0000e+00   5.3293e-06   3.4216e+02
20251209_00:00:00   1.5254e-01   4.0613e+01   1.7802e+00   0.0000e+00   7.5619e-06   3.4515e+02
20251209_01:00:00   1.5951e-01   4.2036e+01   1.9195e+00   0.0000e+00   4.5436e-06   3.5833e+02
20251209_02:00:00   1.6539e-01   4.3225e+01   2.0481e+00   0.0000e+00   4.0435e-06   3.6165e+02
20251209_03:00:00   1.7319e-01   4.4829e+01   2.2018e+00   0.0000e+00   6.0798e-06   3.6249e+02
20251209_04:00:00   1.8258e-01   4.6767e+01   2.3806e+00   0.0000e+00   3.3672e-06   3.5986e+02
20251209_05:00:00   1.9405e-01   4.9078e+01   2.5995e+00   0.0000e+00   3.3405e-06   3.6255e+02
20251209_06:00:00   1.9988e-01   5.0245e+01   2.7280e+00   0.0000e+00   7.7961e-05   3.5955e+02
20251209_09:00:00   2.2573e-01   5.5443e+01   3.2180e+00   0.0000e+00   1.5010e-05   3.5840e+02
20251209_12:00:00   2.4390e-01   5.8958e+01   3.5257e+00   0.0000e+00   1.0096e-02   3.6763e+02
20251209_15:00:00   2.2940e-01   5.6113e+01   3.3211e+00   0.0000e+00   1.3626e-02   3.9581e+02
20251209_18:00:00   2.6569e-01   6.3508e+01   3.9313e+00   0.0000e+00   2.5326e-02   4.2458e+02
20251209_21:00:00   3.4241e-01   7.8299e+01   5.1486e+00   0.0000e+00   6.1922e-03   4.1410e+02
20251210_00:00:00   4.0381e-01   8.9240e+01   6.1914e+00   0.0000e+00   7.3935e-02   3.9651e+02
20251210_03:00:00   5.2478e-01   1.0924e+02   7.9431e+00   0.0000e+00   1.3712e-01   3.7571e+02
20251210_06:00:00   5.7212e-01   1.1673e+02   8.6486e+00   0.0000e+00   1.5787e-01   3.6072e+02
20251210_09:00:00   6.3527e-01   1.2627e+02   9.6723e+00   0.0000e+00   4.1770e-02   3.6005e+02
20251210_12:00:00   6.9895e-01   1.3554e+02   1.0651e+01   0.0000e+00   2.9533e-02   3.5487e+02
20251210_15:00:00   6.6813e-01   1.3201e+02   1.0402e+01   0.0000e+00   9.3129e-03   3.4886e+02
20251210_18:00:00   7.1106e-01   1.3805e+02   1.1092e+01   0.0000e+00   9.3250e-02   3.5195e+02
20251210_21:00:00   8.2839e-01   1.5313e+02   1.2717e+01   1.4925e-04   2.0668e-01   3.4457e+02
20251211_00:00:00   1.3196e+00   2.0007e+02   1.3547e+01   1.6972e-01   3.8543e-01   3.4272e+02
20251211_03:00:00   2.2554e+00   2.4392e+02   1.6560e+01   4.7246e-01   5.3957e-01   3.3932e+02
20251211_06:00:00   3.0434e+00   2.6124e+02   1.6659e+01   7.8453e-01   3.1268e-01   3.3792e+02
20251211_09:00:00   2.7754e+00   2.5643e+02   1.3822e+01   7.5432e-01   3.4503e-02   3.4085e+02
20251211_12:00:00   1.6811e+00   2.2243e+02   1.0764e+01   3.8368e-01   2.2092e-04   3.5584e+02
20251211_15:00:00   7.8857e-01   1.4929e+02   9.3357e+00   6.1603e-02   1.1110e-04   3.3486e+02
20251211_18:00:00   6.7032e-01   1.3319e+02   9.6643e+00   1.2732e-03   1.7696e-04   3.3383e+02
20251211_21:00:00   5.8466e-01   1.2031e+02   8.4667e+00   2.0326e-03   8.6230e-04   3.2878e+02
20251212_00:00:00   1.5999e-01   4.3239e+01   2.0103e+00   0.0000e+00   0.0000e+00   3.2480e+02
20251212_03:00:00   1.5270e-01   4.1288e+01   1.9407e+00   0.0000e+00   0.0000e+00   3.1317e+02
20251212_06:00:00   1.9969e-01   5.1148e+01   2.6801e+00   0.0000e+00   4.3313e-05   3.1424e+02
20251212_09:00:00   2.0644e-01   5.2403e+01   2.7919e+00   0.0000e+00   0.0000e+00   3.1821e+02
20251212_12:00:00   2.4475e-01   6.0185e+01   3.2871e+00   0.0000e+00   2.7146e-03   3.2765e+02
20251212_15:00:00   2.9266e-01   6.9472e+01   3.9471e+00   0.0000e+00   3.4530e-03   3.2681e+02
20251212_18:00:00   3.2515e-01   7.5607e+01   4.4524e+00   0.0000e+00   4.7768e-03   3.3685e+02
20251212_21:00:00   3.2440e-01   7.5457e+01   4.3952e+00   0.0000e+00   2.9195e-03   3.3248e+02
20251213_00:00:00   2.1543e-01   5.4238e+01   2.7987e+00   0.0000e+00   2.0371e-06   3.4259e+02
20251213_03:00:00   1.6636e-01   4.3694e+01   2.1517e+00   0.0000e+00   3.6902e-05   3.4754e+02
20251213_06:00:00   2.2383e-01   5.5921e+01   2.9902e+00   0.0000e+00   8.4590e-06   3.5056e+02
20251213_09:00:00   2.7076e-01   6.5309e+01   3.8769e+00   0.0000e+00   7.1460e-04   3.3886e+02
20251213_12:00:00   3.5428e-01   8.1136e+01   5.2916e+00   0.0000e+00   9.1757e-04   3.3350e+02
20251213_15:00:00   4.5785e-01   9.9077e+01   7.0890e+00   0.0000e+00   1.5745e-03   3.3098e+02
20251213_18:00:00   5.3285e-01   1.1153e+02   8.2348e+00   0.0000e+00   2.6650e-03   3.2877e+02
20251213_21:00:00   5.0756e-01   1.0806e+02   7.6823e+00   0.0000e+00   2.4631e-05   3.1816e+02
20251214_00:00:00   4.5087e-01   9.9034e+01   6.8505e+00   0.0000e+00   3.2904e-04   3.0936e+02
20251214_03:00:00   3.1296e-01   7.4618e+01   4.7524e+00   0.0000e+00   1.2032e-05   3.0571e+02
20251214_06:00:00   2.4077e-01   6.0189e+01   3.7057e+00   0.0000e+00   5.1623e-05   2.9861e+02
20251214_09:00:00   2.3259e-01   5.8723e+01   3.5734e+00   0.0000e+00   1.3338e-04   2.9440e+02
20251214_12:00:00   2.8238e-01   6.8514e+01   4.5514e+00   0.0000e+00   2.6698e-04   2.9396e+02
20251214_15:00:00   3.5495e-01   8.2203e+01   5.9046e+00   0.0000e+00   2.0623e-03   2.9414e+02
20251214_18:00:00   4.5012e-01   9.8856e+01   7.6077e+00   0.0000e+00   3.2936e-03   2.9247e+02
20251214_21:00:00   5.4111e-01   1.1365e+02   8.9733e+00   0.0000e+00   6.9319e-02   2.8970e+02
20251215_00:00:00   6.4693e-01   1.2903e+02   1.0522e+01   0.0000e+00   3.5311e-01   2.9064e+02
20251215_03:00:00   1.0178e+00   1.7242e+02   1.3034e+01   8.5088e-02   1.6010e-01   2.8879e+02
20251215_06:00:00   1.0990e+00   1.7998e+02   1.4860e+01   5.3924e-02   2.5707e-01   2.8461e+02
20251215_09:00:00   1.8571e+00   2.2784e+02   1.3768e+01   3.9895e-01   6.7213e-02   2.8137e+02
20251215_12:00:00   1.9430e+00   2.3123e+02   1.2919e+01   4.5553e-01   8.0475e-02   2.8142e+02
20251215_15:00:00   2.0565e+00   2.3491e+02   1.3556e+01   4.8999e-01   1.4474e-01   2.8767e+02
20251215_18:00:00   1.9335e+00   2.2981e+02   1.2822e+01   4.6185e-01   1.2189e-01   2.9448e+02
20251215_21:00:00   8.2834e-01   1.5118e+02   1.1818e+01   1.2212e-02   5.4174e-01   3.0852e+02
20251216_00:00:00   6.8356e-01   1.3281e+02   9.9691e+00   0.0000e+00   3.4263e-01   3.3167e+02
20251216_03:00:00   6.0223e-01   1.2102e+02   8.6212e+00   0.0000e+00   4.3481e-01   3.6213e+02
20251216_06:00:00   5.2225e-01   1.0883e+02   7.3941e+00   0.0000e+00   2.3471e-01   3.6072e+02
20251216_09:00:00   4.6312e-01   9.9171e+01   6.5950e+00   0.0000e+00   4.5209e-02   3.7207e+02
20251216_12:00:00   4.3214e-01   9.3910e+01   6.1449e+00   0.0000e+00   5.9849e-03   3.6714e+02
20251216_15:00:00   4.1345e-01   9.0719e+01   5.8531e+00   0.0000e+00   4.4977e-03   3.7185e+02
20251216_18:00:00   4.0926e-01   9.0106e+01   5.7506e+00   0.0000e+00   9.0828e-03   3.7936e+02
20251216_21:00:00   3.5259e-01   8.0052e+01   4.9275e+00   0.0000e+00   5.1805e-03   3.6209e+02
20251217_00:00:00   2.9632e-01   6.9555e+01   4.1118e+00   0.0000e+00   3.3176e-04   3.4682e+02
20251217_03:00:00   2.5304e-01   6.1204e+01   3.4404e+00   0.0000e+00   1.2673e-04   3.5570e+02
20251217_06:00:00   2.3531e-01   5.7613e+01   3.1794e+00   0.0000e+00   5.2191e-04   3.6793e+02
20251217_09:00:00   2.3421e-01   5.7378e+01   3.1469e+00   0.0000e+00   1.1649e-04   3.6467e+02
20251217_12:00:00   2.2848e-01   5.6287e+01   3.0254e+00   0.0000e+00   7.1150e-06   3.7590e+02
20251217_15:00:00   2.5878e-01   6.2443e+01   3.4712e+00   0.0000e+00   1.0004e-05   3.9461e+02
20251217_18:00:00   3.0487e-01   7.1427e+01   4.1597e+00   0.0000e+00   3.5479e-04   4.0764e+02
20251217_21:00:00   3.0152e-01   7.0788e+01   4.1149e+00   0.0000e+00   7.0182e-06   3.7688e+02
20251218_00:00:00   3.0036e-01   7.0657e+01   4.1135e+00   0.0000e+00   8.6163e-06   3.4608e+02
20251218_03:00:00   2.9958e-01   7.0615e+01   4.1345e+00   0.0000e+00   8.5907e-06   3.5076e+02
20251218_06:00:00   2.7918e-01   6.6911e+01   3.8576e+00   0.0000e+00   1.1820e-04   3.4720e+02
20251218_09:00:00   2.8572e-01   6.8106e+01   4.0688e+00   0.0000e+00   2.7221e-03   3.4182e+02
20251218_12:00:00   2.9588e-01   6.9815e+01   4.2573e+00   0.0000e+00   6.2323e-02   3.4023e+02
20251218_15:00:00   3.3172e-01   7.6256e+01   4.8057e+00   0.0000e+00   1.4811e-01   3.5406e+02
20251218_18:00:00   3.7685e-01   8.4288e+01   5.4301e+00   0.0000e+00   6.1544e-02   3.5315e+02
20251218_21:00:00   3.8839e-01   8.6301e+01   5.5701e+00   0.0000e+00   9.9581e-03   3.7421e+02
20251219_00:00:00   3.9726e-01   8.7831e+01   5.6867e+00   0.0000e+00   3.4035e-03   3.9664e+02
20251219_03:00:00   3.8531e-01   8.5993e+01   5.4527e+00   0.0000e+00   6.2483e-05   4.0720e+02
20251219_06:00:00   3.7905e-01   8.4940e+01   5.3597e+00   0.0000e+00   4.6245e-03   3.9612e+02
20251219_09:00:00   4.3265e-01   9.3770e+01   6.3280e+00   0.0000e+00   6.5924e-02   3.8135e+02
20251219_12:00:00   4.8080e-01   1.0142e+02   6.8407e+00   0.0000e+00   2.6542e-01   3.5755e+02
20251219_15:00:00   4.8218e-01   1.0185e+02   6.6996e+00   1.2010e-06   3.3680e-01   3.5912e+02
20251219_18:00:00   4.7081e-01   1.0041e+02   6.4921e+00   7.1780e-04   1.2225e-01   3.7268e+02
20251219_21:00:00   4.5806e-01   9.8438e+01   6.2552e+00   0.0000e+00   7.0466e-02   3.9647e+02
20251220_00:00:00   3.7767e-01   8.5048e+01   5.0919e+00   0.0000e+00   2.6330e-05   3.6628e+02
20251220_03:00:00   3.2561e-01   7.5808e+01   4.4327e+00   0.0000e+00   2.5238e-04   3.6613e+02
20251220_06:00:00   3.0953e-01   7.2648e+01   4.4135e+00   0.0000e+00   1.8041e-03   3.4637e+02
