#            date       tau255        Tb[K]      pwv[mm] lwp[kg*m^-2] iwp[kg*m^-2]       o3[DU]
20251208_12:00:00   1.7556e-01   4.5558e+01   2.0513e+00   0.0000e+00   8.7197e-05   3.4986e+02
20251208_13:00:00   1.6808e-01   4.3893e+01   1.9482e+00   0.0000e+00   4.5579e-05   3.4875e+02
20251208_14:00:00   1.5406e-01   4.0864e+01   1.7735e+00   0.0000e+00   8.0461e-05   3.4730e+02
20251208_15:00:00   1.3103e-01   3.5781e+01   1.4879e+00   0.0000e+00   5.4700e-04   3.4653e+02
20251208_16:00:00   1.2501e-01   3.4418e+01   1.4258e+00   0.0000e+00   5.0984e-04   3.4659e+02
20251208_17:00:00   1.2882e-01   3.5271e+01   1.4944e+00   0.0000e+00   1.1022e-03   3.5300e+02
20251208_18:00:00   1.3387e-01   3.6409e+01   1.5788e+00   0.0000e+00   1.6446e-03   3.5487e+02
20251208_19:00:00   1.3972e-01   3.7712e+01   1.6714e+00   0.0000e+00   1.9786e-03   3.5164e+02
20251208_20:00:00   1.4745e-01   3.9414e+01   1.7880e+00   0.0000e+00   2.7985e-03   3.5610e+02
20251208_21:00:00   1.5327e-01   4.0657e+01   1.8766e+00   0.0000e+00   3.1119e-03   3.5245e+02
20251208_22:00:00   1.5655e-01   4.1310e+01   1.9332e+00   0.0000e+00   3.5839e-03   3.4620e+02
20251208_23:00:00   1.5651e-01   4.1243e+01   1.9456e+00   0.0000e+00   3.2624e-03   3.4340e+02
20251209_00:00:00   1.5724e-01   4.1355e+01   1.9659e+00   0.0000e+00   2.5035e-03   3.4862e+02
20251209_01:00:00   1.5893e-01   4.1695e+01   2.0036e+00   0.0000e+00   2.7891e-03   3.5540e+02
20251209_02:00:00   1.5797e-01   4.1483e+01   1.9977e+00   0.0000e+00   3.5783e-03   3.5511e+02
20251209_03:00:00   1.5816e-01   4.1481e+01   2.0248e+00   0.0000e+00   3.2520e-03   3.5952e+02
20251209_04:00:00   1.5727e-01   4.1261e+01   2.0395e+00   0.0000e+00   1.0587e-03   3.6489e+02
20251209_05:00:00   1.5815e-01   4.1424e+01   2.0758e+00   0.0000e+00   2.2805e-04   3.7208e+02
20251209_06:00:00   1.6098e-01   4.2019e+01   2.1392e+00   0.0000e+00   1.4195e-05   3.7143e+02
20251209_07:00:00   1.6452e-01   4.2785e+01   2.2094e+00   0.0000e+00   5.6700e-06   3.7756e+02
20251209_08:00:00   1.7012e-01   4.3999e+01   2.3071e+00   0.0000e+00   0.0000e+00   3.8533e+02
20251209_09:00:00   1.7728e-01   4.5517e+01   2.4257e+00   0.0000e+00   6.6115e-06   3.8792e+02
20251209_10:00:00   1.7891e-01   4.5900e+01   2.4478e+00   0.0000e+00   6.6136e-06   3.9379e+02
20251209_11:00:00   1.7582e-01   4.5249e+01   2.3926e+00   0.0000e+00   9.3810e-07   4.1272e+02
20251209_12:00:00   1.7218e-01   4.4433e+01   2.3326e+00   0.0000e+00   2.9818e-06   4.2131e+02
20251209_13:00:00   1.7391e-01   4.4831e+01   2.3702e+00   0.0000e+00   8.1580e-06   4.2205e+02
20251209_14:00:00   1.7432e-01   4.4967e+01   2.3839e+00   0.0000e+00   1.1212e-05   4.2839e+02
20251209_15:00:00   1.5991e-01   4.1996e+01   2.1474e+00   0.0000e+00   6.1060e-06   4.2290e+02
20251209_16:00:00   1.5257e-01   4.0514e+01   2.0077e+00   0.0000e+00   0.0000e+00   4.2133e+02
20251209_17:00:00   1.5685e-01   4.1488e+01   2.0953e+00   0.0000e+00   6.9720e-04   4.1794e+02
20251209_18:00:00   1.6975e-01   4.4318e+01   2.3008e+00   0.0000e+00   5.3581e-03   4.0562e+02
20251209_19:00:00   1.7433e-01   4.5288e+01   2.3848e+00   0.0000e+00   2.2654e-02   3.9637e+02
20251209_20:00:00   1.8729e-01   4.7932e+01   2.6022e+00   0.0000e+00   6.4551e-02   3.9659e+02
20251209_21:00:00   1.9960e-01   5.0404e+01   2.7965e+00   0.0000e+00   1.1394e-01   4.0124e+02
20251209_22:00:00   1.9578e-01   4.9652e+01   2.7797e+00   0.0000e+00   3.5317e-02   4.0082e+02
20251209_23:00:00   2.8279e-01   6.7225e+01   4.2341e+00   0.0000e+00   3.2158e-02   3.9236e+02
20251210_00:00:00   3.4411e-01   7.8628e+01   5.1615e+00   0.0000e+00   1.1563e-01   3.9225e+02
20251210_01:00:00   4.9231e-01   1.0391e+02   7.1903e+00   0.0000e+00   1.4096e-01   3.8854e+02
20251210_02:00:00   5.2944e-01   1.1010e+02   7.6167e+00   0.0000e+00   7.9780e-02   3.9017e+02
20251210_03:00:00   5.5045e-01   1.1371e+02   7.7371e+00   0.0000e+00   1.4663e-01   3.8559e+02
20251210_04:00:00   5.6816e-01   1.1667e+02   7.9547e+00   0.0000e+00   1.5441e-01   3.7571e+02
20251210_05:00:00   5.5419e-01   1.1496e+02   7.7687e+00   0.0000e+00   6.4551e-02   3.6572e+02
20251210_06:00:00   5.6193e-01   1.1630e+02   7.9399e+00   5.8575e-04   6.4892e-02   3.6457e+02
20251210_07:00:00   5.5025e-01   1.1472e+02   7.8416e+00   2.0550e-03   7.0237e-02   3.5696e+02
20251210_08:00:00   5.3458e-01   1.1218e+02   7.9050e+00   0.0000e+00   1.3651e-01   3.5489e+02
20251210_09:00:00   5.7388e-01   1.1804e+02   8.6814e+00   0.0000e+00   1.0763e-01   3.5060e+02
20251210_10:00:00   5.7608e-01   1.1838e+02   8.7298e+00   0.0000e+00   6.6060e-02   3.5084e+02
20251210_11:00:00   5.9677e-01   1.2150e+02   9.1408e+00   0.0000e+00   2.6379e-02   3.5608e+02
20251210_12:00:00   5.9108e-01   1.2079e+02   9.0372e+00   0.0000e+00   5.9678e-02   3.6138e+02
20251210_13:00:00   6.9468e-01   1.3527e+02   1.0626e+01   0.0000e+00   6.6595e-02   3.6185e+02
20251210_14:00:00   8.1514e-01   1.5039e+02   1.2256e+01   0.0000e+00   1.0533e-01   3.6026e+02
20251210_15:00:00   8.5652e-01   1.5546e+02   1.2753e+01   8.5360e-05   1.8221e-01   3.5472e+02
20251210_16:00:00   8.8048e-01   1.5824e+02   1.3083e+01   5.7700e-05   3.1813e-01   3.5280e+02
20251210_17:00:00   9.1163e-01   1.6175e+02   1.3497e+01   4.0577e-04   4.8651e-01   3.5232e+02
20251210_18:00:00   9.2042e-01   1.6282e+02   1.3746e+01   7.7480e-05   5.9163e-01   3.5030e+02
20251210_19:00:00   1.1456e+00   1.8504e+02   1.4106e+01   7.8821e-02   7.5996e-01   3.4726e+02
20251210_20:00:00   1.6534e+00   2.2030e+02   1.4498e+01   2.7724e-01   7.4940e-01   3.4735e+02
20251210_21:00:00   1.9376e+00   2.3360e+02   1.4600e+01   3.9235e-01   6.1205e-01   3.4497e+02
20251210_22:00:00   2.0325e+00   2.3729e+02   1.4429e+01   4.3733e-01   4.0654e-01   3.4591e+02
20251210_23:00:00   2.1788e+00   2.4230e+02   1.3996e+01   5.0839e-01   3.4308e-01   3.4617e+02
20251211_00:00:00   2.0640e+00   2.3841e+02   1.3582e+01   4.6967e-01   4.7923e-01   3.4605e+02
20251211_01:00:00   2.0497e+00   2.3762e+02   1.3042e+01   4.8093e-01   3.5483e-01   3.4773e+02
20251211_02:00:00   2.2649e+00   2.4447e+02   1.2304e+01   5.8950e-01   1.3361e-01   3.4805e+02
20251211_03:00:00   2.3448e+00   2.4661e+02   1.1907e+01   6.3310e-01   1.1865e-01   3.5053e+02
20251211_04:00:00   2.3401e+00   2.4640e+02   1.1367e+01   6.4702e-01   2.1292e-02   3.5550e+02
20251211_05:00:00   2.1532e+00   2.4082e+02   1.1144e+01   5.7671e-01   5.3989e-02   3.4922e+02
20251211_06:00:00   1.5481e+00   2.1432e+02   1.0864e+01   3.3395e-01   2.3741e-02   3.6782e+02
20251211_07:00:00   1.3916e+00   2.0448e+02   1.0761e+01   2.7104e-01   1.2400e-02   3.6319e+02
20251211_08:00:00   1.3886e+00   2.0361e+02   1.0915e+01   2.6844e-01   5.7677e-02   3.5474e+02
20251211_09:00:00   1.7184e+00   2.2253e+02   1.0631e+01   4.1636e-01   1.8804e-02   3.4587e+02
20251211_10:00:00   1.6943e+00   2.2048e+02   9.4726e+00   4.4058e-01   1.0940e-02   3.4879e+02
20251211_11:00:00   6.1009e-01   1.2430e+02   7.8253e+00   2.4434e-02   3.9356e-03   3.5286e+02
20251211_12:00:00   4.3730e-01   9.6977e+01   6.0759e+00   1.0632e-05   4.4332e-04   3.6629e+02
20251211_13:00:00   3.1609e-01   7.5284e+01   4.2642e+00   0.0000e+00   1.2360e-05   3.7076e+02
20251211_14:00:00   2.1673e-01   5.5438e+01   2.7973e+00   0.0000e+00   5.6532e-06   3.7319e+02
20251211_15:00:00   2.3411e-01   5.8981e+01   3.1051e+00   0.0000e+00   3.2510e-07   3.7337e+02
20251211_16:00:00   2.2933e-01   5.8036e+01   2.9906e+00   0.0000e+00   2.2018e-06   3.7235e+02
20251211_17:00:00   2.1571e-01   5.5137e+01   2.7989e+00   0.0000e+00   1.0493e-07   3.6917e+02
20251211_18:00:00   2.2220e-01   5.6331e+01   2.9099e+00   0.0000e+00   0.0000e+00   3.6950e+02
20251211_19:00:00   2.5252e-01   6.2368e+01   3.3432e+00   0.0000e+00   2.9208e-05   3.6955e+02
20251211_20:00:00   2.6933e-01   6.5741e+01   3.5652e+00   0.0000e+00   4.6012e-05   3.7413e+02
20251211_21:00:00   2.8811e-01   6.9365e+01   3.8431e+00   0.0000e+00   3.2153e-04   3.7222e+02
20251211_22:00:00   2.9870e-01   7.1370e+01   4.0126e+00   0.0000e+00   2.8863e-04   3.6834e+02
20251211_23:00:00   3.1738e-01   7.4833e+01   4.2983e+00   0.0000e+00   7.8942e-04   3.6010e+02
20251212_00:00:00   3.3615e-01   7.8179e+01   4.6122e+00   0.0000e+00   3.6721e-03   3.5439e+02
20251212_01:00:00   3.5622e-01   8.1707e+01   4.9341e+00   0.0000e+00   6.8676e-03   3.5202e+02
20251212_02:00:00   3.8285e-01   8.6305e+01   5.3173e+00   0.0000e+00   6.1922e-03   3.5171e+02
20251212_03:00:00   3.9576e-01   8.8413e+01   5.4985e+00   1.4480e-07   5.6589e-03   3.5245e+02
20251212_04:00:00   3.9662e-01   8.8405e+01   5.5077e+00   2.7380e-05   8.8822e-03   3.5977e+02
20251212_05:00:00   3.8676e-01   8.6545e+01   5.3640e+00   1.4480e-06   1.2844e-02   3.6730e+02
20251212_06:00:00   3.6031e-01   8.1824e+01   4.9884e+00   0.0000e+00   4.0308e-04   3.7300e+02
20251212_07:00:00   3.2848e-01   7.6132e+01   4.4988e+00   0.0000e+00   1.7195e-05   3.7103e+02
20251212_08:00:00   2.7903e-01   6.6941e+01   3.7408e+00   0.0000e+00   7.4615e-06   3.7180e+02
20251212_09:00:00   2.2091e-01   5.5454e+01   2.8594e+00   0.0000e+00   5.4339e-06   3.7011e+02
20251212_10:00:00   1.8373e-01   4.7687e+01   2.2940e+00   0.0000e+00   2.9650e-06   3.6672e+02
20251212_11:00:00   1.7497e-01   4.5769e+01   2.1587e+00   0.0000e+00   1.6152e-06   3.6249e+02
20251212_12:00:00   1.7353e-01   4.5424e+01   2.1419e+00   0.0000e+00   5.7320e-07   3.6150e+02
20251212_13:00:00   1.7008e-01   4.4686e+01   2.0964e+00   0.0000e+00   5.5600e-07   3.6404e+02
20251212_14:00:00   1.7347e-01   4.5456e+01   2.1477e+00   0.0000e+00   0.0000e+00   3.6321e+02
20251212_15:00:00   1.7633e-01   4.6174e+01   2.1809e+00   0.0000e+00   0.0000e+00   3.6550e+02
20251212_16:00:00   1.8059e-01   4.7146e+01   2.2459e+00   0.0000e+00   0.0000e+00   3.5859e+02
20251212_17:00:00   1.8462e-01   4.8050e+01   2.3174e+00   0.0000e+00   0.0000e+00   3.5580e+02
20251212_18:00:00   1.9095e-01   4.9458e+01   2.4062e+00   0.0000e+00   0.0000e+00   3.5903e+02
20251212_19:00:00   1.9839e-01   5.1055e+01   2.5163e+00   0.0000e+00   0.0000e+00   3.5991e+02
20251212_20:00:00   2.0874e-01   5.3229e+01   2.6727e+00   0.0000e+00   0.0000e+00   3.6558e+02
20251212_21:00:00   2.2135e-01   5.5868e+01   2.8508e+00   0.0000e+00   2.6970e-07   3.6596e+02
20251212_22:00:00   2.3551e-01   5.8847e+01   3.0278e+00   0.0000e+00   2.0295e-06   3.6587e+02
20251212_23:00:00   2.3542e-01   5.8916e+01   2.9933e+00   0.0000e+00   5.0974e-06   3.6334e+02
20251213_00:00:00   2.3582e-01   5.9054e+01   2.9999e+00   0.0000e+00   6.5641e-06   3.6618e+02
20251213_01:00:00   2.6235e-01   6.4334e+01   3.4202e+00   0.0000e+00   6.8450e-06   3.5710e+02
20251213_02:00:00   2.7146e-01   6.6122e+01   3.5904e+00   0.0000e+00   6.8306e-06   3.5275e+02
20251213_03:00:00   2.8210e-01   6.8130e+01   3.7849e+00   0.0000e+00   7.1350e-06   3.5181e+02
20251213_04:00:00   2.7938e-01   6.7582e+01   3.8219e+00   0.0000e+00   2.6180e-03   3.5202e+02
20251213_05:00:00   2.9712e-01   7.0899e+01   4.1525e+00   0.0000e+00   1.0354e-02   3.5729e+02
20251213_06:00:00   3.3400e-01   7.7608e+01   4.7679e+00   0.0000e+00   2.8038e-02   3.6683e+02
20251213_07:00:00   3.6945e-01   8.3966e+01   5.3179e+00   0.0000e+00   4.2791e-02   3.7721e+02
20251213_08:00:00   3.9414e-01   8.8289e+01   5.6663e+00   0.0000e+00   5.8564e-02   3.7809e+02
20251213_09:00:00   4.3149e-01   9.4546e+01   6.2140e+00   0.0000e+00   7.7204e-02   3.7349e+02
20251213_10:00:00   4.5461e-01   9.8401e+01   6.5181e+00   0.0000e+00   2.9071e-02   3.8074e+02
20251213_11:00:00   4.5837e-01   9.9049e+01   6.5324e+00   0.0000e+00   6.8669e-03   3.8125e+02
20251213_12:00:00   4.5765e-01   9.8978e+01   6.5032e+00   0.0000e+00   5.0373e-03   3.7305e+02
20251213_15:00:00   4.0917e-01   9.1582e+01   5.5127e+00   0.0000e+00   2.7055e-04   3.6716e+02
20251213_18:00:00   3.4239e-01   7.9924e+01   4.5890e+00   0.0000e+00   6.1048e-04   3.4966e+02
20251213_21:00:00   3.1765e-01   7.4589e+01   4.6725e+00   0.0000e+00   1.1115e-02   3.3933e+02
20251214_00:00:00   3.6552e-01   8.2870e+01   5.6234e+00   0.0000e+00   9.7831e-02   3.3442e+02
20251214_03:00:00   5.1638e-01   1.0768e+02   8.0508e+00   0.0000e+00   2.4751e-01   3.2852e+02
20251214_06:00:00   6.2415e-01   1.2326e+02   9.4585e+00   0.0000e+00   4.2926e-01   3.2593e+02
20251214_09:00:00   6.2414e-01   1.2323e+02   9.3719e+00   0.0000e+00   4.9669e-01   3.2889e+02
20251214_12:00:00   6.1408e-01   1.2192e+02   9.1337e+00   0.0000e+00   4.8197e-01   3.3168e+02
20251214_15:00:00   5.5577e-01   1.1391e+02   7.9722e+00   2.5639e-04   3.2077e-01   3.3463e+02
20251214_18:00:00   4.9254e-01   1.0421e+02   6.8024e+00   1.7984e-04   3.2121e-01   3.5411e+02
20251214_21:00:00   4.0415e-01   8.9566e+01   5.4783e+00   0.0000e+00   3.0209e-02   3.6945e+02
20251215_00:00:00   3.4826e-01   7.9635e+01   4.5933e+00   0.0000e+00   7.1376e-03   3.8285e+02
20251215_03:00:00   3.1547e-01   7.3134e+01   4.0734e+00   0.0000e+00   2.0730e-02   3.7796e+02
20251215_06:00:00   2.5296e-01   6.0640e+01   3.1935e+00   0.0000e+00   1.4596e-02   3.7761e+02
20251215_09:00:00   1.9086e-01   4.7910e+01   2.3299e+00   0.0000e+00   6.7605e-03   3.5783e+02
20251215_12:00:00   1.4327e-01   3.7878e+01   1.6580e+00   0.0000e+00   3.1883e-05   3.6871e+02
20251215_15:00:00   1.9361e-01   4.8672e+01   2.3845e+00   0.0000e+00   3.0198e-06   3.7824e+02
20251215_18:00:00   2.1911e-01   5.4158e+01   2.7329e+00   0.0000e+00   2.8566e-05   4.0640e+02
20251215_21:00:00   2.0424e-01   5.1394e+01   2.5415e+00   0.0000e+00   8.8080e-06   3.2960e+02
20251216_00:00:00   2.1176e-01   5.3055e+01   2.7390e+00   0.0000e+00   5.0536e-06   3.0027e+02
20251216_03:00:00   2.0925e-01   5.2700e+01   2.7166e+00   0.0000e+00   7.0420e-06   3.0579e+02
20251216_06:00:00   2.1595e-01   5.4012e+01   2.9036e+00   0.0000e+00   7.3558e-03   3.0964e+02
20251216_09:00:00   2.3036e-01   5.6815e+01   3.1550e+00   0.0000e+00   7.0687e-03   3.1331e+02
20251216_12:00:00   2.7970e-01   6.6125e+01   3.9962e+00   0.0000e+00   3.4294e-03   3.1638e+02
20251216_15:00:00   2.9773e-01   6.9509e+01   4.2762e+00   0.0000e+00   8.8476e-03   3.2530e+02
20251216_18:00:00   2.9405e-01   6.9108e+01   4.1454e+00   0.0000e+00   5.4821e-04   3.3758e+02
20251216_21:00:00   2.7404e-01   6.5560e+01   3.7166e+00   0.0000e+00   8.1608e-06   3.4093e+02
20251217_00:00:00   2.3410e-01   5.7865e+01   3.0783e+00   0.0000e+00   5.3348e-06   3.4390e+02
20251217_03:00:00   2.6344e-01   6.3525e+01   3.6500e+00   0.0000e+00   1.4373e-05   3.3493e+02
20251217_06:00:00   2.7403e-01   6.5721e+01   3.9408e+00   0.0000e+00   7.2394e-06   3.1576e+02
20251217_09:00:00   2.7500e-01   6.6231e+01   4.0699e+00   0.0000e+00   3.0664e-06   3.1092e+02
20251217_12:00:00   2.9402e-01   7.0196e+01   4.5176e+00   0.0000e+00   3.5982e-04   3.1369e+02
20251217_15:00:00   3.1369e-01   7.4313e+01   4.9688e+00   0.0000e+00   1.0549e-02   3.0991e+02
20251217_18:00:00   3.5013e-01   8.1210e+01   5.7269e+00   0.0000e+00   4.6277e-03   3.0733e+02
20251217_21:00:00   4.1295e-01   9.2412e+01   6.9741e+00   0.0000e+00   1.4178e-02   3.0856e+02
20251218_00:00:00   2.9836e-01   7.1825e+01   4.8374e+00   0.0000e+00   6.1133e-03   3.0727e+02
20251218_03:00:00   3.9436e-01   8.9495e+01   6.5938e+00   0.0000e+00   4.8269e-02   3.1436e+02
20251218_06:00:00   3.5722e-01   8.3088e+01   5.9052e+00   0.0000e+00   1.4059e-02   3.0546e+02
20251218_09:00:00   3.4944e-01   8.1767e+01   5.7855e+00   0.0000e+00   5.9985e-03   3.0800e+02
20251218_12:00:00   3.5662e-01   8.3158e+01   5.9600e+00   0.0000e+00   6.2557e-03   3.1206e+02
20251218_15:00:00   3.7002e-01   8.5960e+01   6.1905e+00   0.0000e+00   3.5822e-05   3.1334e+02
20251218_18:00:00   4.9526e-01   1.0824e+02   8.1477e+00   0.0000e+00   2.4110e-03   3.1190e+02
20251218_21:00:00   7.6194e-01   1.4668e+02   1.2181e+01   0.0000e+00   2.9900e-05   3.2405e+02
20251219_00:00:00   6.7617e-01   1.3573e+02   1.0678e+01   0.0000e+00   2.5656e-03   3.2444e+02
20251219_03:00:00   7.2228e-01   1.4147e+02   1.1529e+01   0.0000e+00   3.6113e-02   3.2593e+02
20251219_06:00:00   7.1414e-01   1.4044e+02   1.1466e+01   0.0000e+00   2.6680e-02   3.1561e+02
20251219_09:00:00   7.2362e-01   1.4181e+02   1.1469e+01   0.0000e+00   2.4261e-02   3.1434e+02
20251219_12:00:00   6.1022e-01   1.2561e+02   1.0341e+01   0.0000e+00   6.9561e-02   3.1901e+02
20251219_15:00:00   7.3142e-01   1.4287e+02   1.2053e+01   0.0000e+00   3.0521e-02   3.1597e+02
20251219_18:00:00   8.5497e-01   1.5718e+02   1.3492e+01   0.0000e+00   2.8695e-01   3.2031e+02
20251219_21:00:00   6.8425e-01   1.3579e+02   1.0664e+01   0.0000e+00   8.4074e-02   3.2995e+02
20251220_00:00:00   9.0384e-01   1.6204e+02   1.1206e+01   6.2474e-02   1.8174e-01   3.6174e+02
20251220_03:00:00   5.7013e-01   1.1883e+02   7.4932e+00   1.0147e-02   1.5390e-01   3.9079e+02
20251220_06:00:00   4.7797e-01   1.0373e+02   6.0264e+00   1.7712e-02   8.0265e-03   3.7595e+02
20251220_09:00:00   3.9590e-01   9.0032e+01   5.4729e+00   0.0000e+00   2.9292e-05   3.5703e+02
20251220_12:00:00   3.5260e-01   8.1510e+01   4.9027e+00   0.0000e+00   4.9672e-03   3.5937e+02
20251220_15:00:00   2.8994e-01   6.9157e+01   4.3159e+00   0.0000e+00   1.1042e-04   3.5204e+02
20251220_18:00:00   3.2037e-01   7.4488e+01   4.9223e+00   0.0000e+00   1.2501e-03   3.3112e+02
20251220_21:00:00   3.1251e-01   7.2870e+01   4.7947e+00   0.0000e+00   3.4263e-04   3.3885e+02
20251221_00:00:00   3.1497e-01   7.3132e+01   4.7887e+00   0.0000e+00   3.2480e-04   3.2981e+02
20251221_03:00:00   2.9393e-01   6.9068e+01   4.4542e+00   0.0000e+00   3.1406e-03   3.3817e+02
20251221_06:00:00   3.0308e-01   7.0706e+01   4.6519e+00   0.0000e+00   3.4557e-03   3.3951e+02
20251221_09:00:00   3.3080e-01   7.5603e+01   5.1922e+00   0.0000e+00   4.1350e-02   3.1097e+02
20251221_12:00:00   3.5221e-01   7.9418e+01   5.5415e+00   0.0000e+00   7.6277e-02   3.1581e+02
20251221_15:00:00   2.9227e-01   6.9066e+01   4.3195e+00   0.0000e+00   1.1683e-03   3.0810e+02
20251221_18:00:00   2.7719e-01   6.6599e+01   3.9324e+00   0.0000e+00   7.2840e-04   2.9449e+02
20251221_21:00:00   2.6926e-01   6.5379e+01   3.7283e+00   0.0000e+00   2.0162e-05   2.9516e+02
20251222_00:00:00   2.7648e-01   6.6734e+01   3.9583e+00   0.0000e+00   5.3294e-04   3.0097e+02
20251222_03:00:00   3.1380e-01   7.3752e+01   4.6585e+00   0.0000e+00   4.8370e-03   3.1277e+02
20251222_06:00:00   4.2069e-01   9.2677e+01   6.5264e+00   0.0000e+00   1.2382e-01   3.0974e+02
20251222_09:00:00   7.4179e-01   1.3982e+02   1.1534e+01   0.0000e+00   3.2713e-01   3.1048e+02
20251222_12:00:00   8.4596e-01   1.5268e+02   1.2915e+01   0.0000e+00   5.8984e-01   3.1352e+02
20251222_15:00:00   9.0310e-01   1.5944e+02   1.3738e+01   0.0000e+00   7.0326e-01   3.1641e+02
20251222_18:00:00   9.2644e-01   1.6222e+02   1.4189e+01   1.2276e-06   5.0262e-01   3.2103e+02
20251222_21:00:00   9.2293e-01   1.6231e+02   1.4049e+01   2.8756e-05   3.1372e-01   3.2158e+02
20251223_00:00:00   1.0243e+00   1.7285e+02   1.4198e+01   4.2563e-02   3.5690e-02   3.2501e+02
20251223_03:00:00   1.2407e+00   1.9136e+02   1.4977e+01   1.1457e-01   8.5424e-02   3.2955e+02
20251223_06:00:00   1.9572e+00   2.3140e+02   1.5716e+01   3.9366e-01   3.4342e-01   3.2641e+02
20251223_09:00:00   2.0822e+00   2.3549e+02   1.3266e+01   5.0758e-01   2.8617e-01   3.3200e+02
20251223_12:00:00   3.1997e+00   2.5858e+02   1.4760e+01   9.4227e-01   7.0945e-02   3.3494e+02
20251223_15:00:00   2.2462e+00   2.4205e+02   1.7207e+01   4.7128e-01   4.5407e-01   3.4287e+02
20251223_18:00:00   3.8077e+00   2.6722e+02   2.0736e+01   1.0186e+00   9.3556e-01   3.4815e+02
20251223_21:00:00   1.5865e+00   2.1835e+02   1.5199e+01   2.3737e-01   7.7739e-04   3.5494e+02
20251224_00:00:00   3.4069e-01   8.0706e+01   4.6140e+00   2.0800e-04   2.6945e-03   3.5896e+02
20251224_03:00:00   2.4435e-01   6.0768e+01   3.2753e+00   0.0000e+00   6.4468e-06   3.5332e+02
20251224_06:00:00   2.2207e-01   5.5933e+01   2.8792e+00   0.0000e+00   1.2538e-04   3.5136e+02
20251224_09:00:00   2.1223e-01   5.3737e+01   2.6820e+00   0.0000e+00   2.7215e-04   3.5603e+02
20251224_12:00:00   2.2656e-01   5.6355e+01   2.8757e+00   0.0000e+00   4.1622e-03   3.6050e+02
