#            date       tau255        Tb[K]      pwv[mm] lwp[kg*m^-2] iwp[kg*m^-2]       o3[DU]
20251212_00:00:00   2.4098e-01   5.8653e+01   3.0812e+00   0.0000e+00   1.1909e-04   3.7819e+02
20251212_01:00:00   2.5403e-01   6.1174e+01   3.2694e+00   0.0000e+00   3.3867e-04   3.8063e+02
20251212_02:00:00   2.5835e-01   6.2044e+01   3.3360e+00   0.0000e+00   3.5957e-04   3.8196e+02
20251212_03:00:00   2.5952e-01   6.2274e+01   3.3623e+00   0.0000e+00   2.4787e-04   3.8071e+02
20251212_04:00:00   2.5752e-01   6.1881e+01   3.3455e+00   0.0000e+00   6.1851e-05   3.8162e+02
20251212_05:00:00   2.5581e-01   6.1556e+01   3.3441e+00   0.0000e+00   4.1271e-05   3.7443e+02
20251212_06:00:00   2.5529e-01   6.1487e+01   3.3428e+00   0.0000e+00   2.1271e-05   3.8155e+02
20251212_07:00:00   2.5721e-01   6.1894e+01   3.3758e+00   0.0000e+00   1.8971e-05   3.7869e+02
20251212_08:00:00   2.5898e-01   6.2237e+01   3.4159e+00   0.0000e+00   1.4919e-05   3.7097e+02
20251212_09:00:00   2.6554e-01   6.3482e+01   3.5524e+00   0.0000e+00   2.0774e-05   3.6315e+02
20251212_10:00:00   2.6616e-01   6.3648e+01   3.5957e+00   0.0000e+00   1.4434e-05   3.6855e+02
20251212_11:00:00   2.3376e-01   5.7340e+01   3.1384e+00   0.0000e+00   6.2177e-06   3.6428e+02
20251212_12:00:00   2.4454e-01   5.9571e+01   3.2945e+00   0.0000e+00   8.7333e-06   3.6087e+02
20251212_13:00:00   2.6626e-01   6.3941e+01   3.6017e+00   0.0000e+00   8.0843e-06   3.5411e+02
20251212_14:00:00   2.8874e-01   6.8458e+01   3.9048e+00   0.0000e+00   8.4336e-06   3.4437e+02
20251212_15:00:00   3.0447e-01   7.1643e+01   4.1169e+00   0.0000e+00   1.5125e-05   3.4797e+02
20251212_16:00:00   3.1977e-01   7.4671e+01   4.3391e+00   0.0000e+00   2.8600e-05   3.4327e+02
20251212_17:00:00   3.3508e-01   7.7714e+01   4.5594e+00   0.0000e+00   1.2124e-04   3.4178e+02
20251212_18:00:00   3.5130e-01   8.0847e+01   4.7788e+00   0.0000e+00   5.3937e-04   3.4826e+02
20251212_19:00:00   3.6565e-01   8.3540e+01   4.9624e+00   2.3400e-04   1.9623e-03   3.5096e+02
20251212_20:00:00   3.7126e-01   8.4590e+01   5.0553e+00   0.0000e+00   9.5673e-04   3.5546e+02
20251212_21:00:00   3.7640e-01   8.5526e+01   5.1379e+00   0.0000e+00   4.6590e-04   3.6556e+02
20251212_22:00:00   3.7474e-01   8.5260e+01   5.1202e+00   0.0000e+00   2.9594e-04   3.7120e+02
20251212_23:00:00   3.6815e-01   8.4099e+01   5.0315e+00   0.0000e+00   1.8131e-04   3.6577e+02
20251213_00:00:00   3.6028e-01   8.2657e+01   4.9291e+00   0.0000e+00   1.3667e-04   3.5821e+02
20251213_01:00:00   3.6401e-01   8.3299e+01   4.9859e+00   0.0000e+00   1.4097e-04   3.5345e+02
20251213_02:00:00   3.5964e-01   8.2566e+01   4.9154e+00   0.0000e+00   2.3602e-05   3.5535e+02
20251213_03:00:00   3.4289e-01   7.9653e+01   4.6457e+00   0.0000e+00   9.7621e-06   3.5450e+02
20251213_04:00:00   3.2911e-01   7.7224e+01   4.4345e+00   0.0000e+00   5.7398e-06   3.4760e+02
20251213_05:00:00   3.2549e-01   7.6572e+01   4.3867e+00   0.0000e+00   6.8558e-06   3.5043e+02
20251213_06:00:00   3.3568e-01   7.8414e+01   4.5708e+00   0.0000e+00   7.8668e-06   3.5666e+02
20251213_07:00:00   3.4856e-01   8.0705e+01   4.8067e+00   0.0000e+00   2.6479e-03   3.5859e+02
20251213_08:00:00   3.4719e-01   8.0415e+01   4.7980e+00   0.0000e+00   4.1090e-03   3.7309e+02
20251213_09:00:00   3.2706e-01   7.6751e+01   4.5141e+00   0.0000e+00   1.1173e-02   3.7124e+02
20251213_10:00:00   3.0938e-01   7.3267e+01   4.3232e+00   0.0000e+00   3.6250e-02   3.7369e+02
20251213_11:00:00   3.2365e-01   7.5657e+01   4.6177e+00   0.0000e+00   4.7925e-02   3.8188e+02
20251213_12:00:00   3.1444e-01   7.3893e+01   4.5132e+00   0.0000e+00   8.8231e-03   3.7632e+02
20251213_13:00:00   3.0079e-01   7.1367e+01   4.3055e+00   0.0000e+00   9.8472e-03   3.7942e+02
20251213_14:00:00   3.1992e-01   7.4954e+01   4.6290e+00   0.0000e+00   1.0772e-02   3.7831e+02
20251213_15:00:00   4.1059e-01   9.1094e+01   6.0297e+00   0.0000e+00   2.8906e-02   3.7570e+02
20251213_16:00:00   5.3347e-01   1.1099e+02   7.7461e+00   0.0000e+00   7.8968e-02   3.7202e+02
20251213_17:00:00   5.7161e-01   1.1678e+02   8.2988e+00   0.0000e+00   9.9566e-02   3.7028e+02
20251213_18:00:00   5.7208e-01   1.1711e+02   8.3411e+00   0.0000e+00   2.4895e-02   3.6630e+02
20251213_19:00:00   5.7761e-01   1.1796e+02   8.5004e+00   0.0000e+00   4.7399e-02   3.5986e+02
20251213_20:00:00   5.7714e-01   1.1810e+02   8.5391e+00   0.0000e+00   2.3929e-02   3.5390e+02
20251213_21:00:00   5.7450e-01   1.1776e+02   8.5075e+00   0.0000e+00   1.6917e-02   3.4968e+02
20251213_22:00:00   5.5080e-01   1.1418e+02   8.2538e+00   0.0000e+00   3.0655e-02   3.5259e+02
20251213_23:00:00   5.5457e-01   1.1470e+02   8.3511e+00   0.0000e+00   3.9636e-02   3.5259e+02
20251214_00:00:00   5.6562e-01   1.1631e+02   8.5410e+00   0.0000e+00   7.5778e-02   3.4593e+02
20251214_01:00:00   6.1481e-01   1.2332e+02   9.1897e+00   0.0000e+00   2.5354e-01   3.4465e+02
20251214_02:00:00   6.6391e-01   1.2990e+02   9.7886e+00   0.0000e+00   3.3717e-01   3.4447e+02
20251214_03:00:00   6.3745e-01   1.2595e+02   9.5034e+00   2.0020e-06   2.6353e-01   3.4242e+02
20251214_04:00:00   5.9588e-01   1.1966e+02   9.0150e+00   0.0000e+00   2.0065e-01   3.4013e+02
20251214_05:00:00   5.6884e-01   1.1554e+02   8.6545e+00   0.0000e+00   1.5529e-01   3.4089e+02
20251214_06:00:00   5.3944e-01   1.1104e+02   8.2636e+00   0.0000e+00   1.5150e-01   3.4284e+02
20251214_07:00:00   5.1197e-01   1.0683e+02   7.8299e+00   0.0000e+00   1.2021e-01   3.4258e+02
20251214_08:00:00   4.8571e-01   1.0269e+02   7.4436e+00   0.0000e+00   3.4564e-02   3.4691e+02
20251214_09:00:00   4.5550e-01   9.7855e+01   6.9058e+00   0.0000e+00   1.4239e-02   3.4585e+02
20251214_10:00:00   4.2830e-01   9.3340e+01   6.4371e+00   0.0000e+00   5.4552e-03   3.4474e+02
20251214_11:00:00   3.8977e-01   8.6877e+01   5.7130e+00   0.0000e+00   2.6532e-03   3.4815e+02
20251214_12:00:00   3.5712e-01   8.1164e+01   5.0852e+00   0.0000e+00   6.8164e-04   3.4790e+02
20251214_13:00:00   3.3846e-01   7.7756e+01   4.7493e+00   0.0000e+00   3.2414e-05   3.4672e+02
20251214_14:00:00   3.2193e-01   7.4680e+01   4.4799e+00   0.0000e+00   2.8940e-05   3.5863e+02
20251214_15:00:00   2.9758e-01   7.0182e+01   4.0571e+00   0.0000e+00   1.2606e-05   3.6863e+02
20251214_16:00:00   2.5949e-01   6.3004e+01   3.4032e+00   1.6874e-04   2.8448e-04   3.6785e+02
20251214_17:00:00   2.4301e-01   5.9872e+01   3.0898e+00   4.2920e-05   1.3145e-03   3.6419e+02
20251214_18:00:00   2.5967e-01   6.3083e+01   3.1288e+00   6.6280e-03   4.5407e-03   3.7402e+02
20251214_19:00:00   2.4546e-01   6.0258e+01   3.0959e+00   1.1620e-04   1.6594e-02   3.7811e+02
20251214_20:00:00   2.4625e-01   6.0284e+01   3.1039e+00   0.0000e+00   2.4083e-03   3.8032e+02
20251214_21:00:00   2.4347e-01   5.9575e+01   3.0589e+00   0.0000e+00   3.8944e-04   3.7343e+02
20251214_22:00:00   2.5896e-01   6.2469e+01   3.2581e+00   0.0000e+00   1.3132e-03   3.6583e+02
20251214_23:00:00   2.5540e-01   6.1681e+01   3.2216e+00   0.0000e+00   2.0478e-05   3.6183e+02
20251215_00:00:00   2.3375e-01   5.7352e+01   2.9241e+00   0.0000e+00   1.0945e-05   3.6484e+02
20251215_01:00:00   2.4484e-01   5.9526e+01   3.0431e+00   0.0000e+00   2.5673e-04   3.6223e+02
20251215_02:00:00   2.2871e-01   5.6290e+01   2.8170e+00   0.0000e+00   1.6644e-04   3.6047e+02
20251215_03:00:00   2.2511e-01   5.5523e+01   2.7689e+00   0.0000e+00   2.8933e-05   3.5564e+02
20251215_04:00:00   2.4810e-01   5.9964e+01   3.1278e+00   0.0000e+00   1.8191e-05   3.5917e+02
20251215_05:00:00   2.4590e-01   5.9579e+01   3.1065e+00   0.0000e+00   1.8825e-05   3.5411e+02
20251215_06:00:00   2.4212e-01   5.8918e+01   3.0654e+00   0.0000e+00   1.5433e-05   3.5831e+02
20251215_07:00:00   2.3724e-01   5.8089e+01   3.0031e+00   0.0000e+00   1.4209e-05   3.6809e+02
20251215_08:00:00   2.3979e-01   5.8683e+01   3.0760e+00   0.0000e+00   1.1116e-05   3.8401e+02
20251215_09:00:00   2.4674e-01   6.0067e+01   3.2205e+00   0.0000e+00   1.2051e-05   3.9711e+02
20251215_10:00:00   2.4960e-01   6.0697e+01   3.2692e+00   0.0000e+00   1.1616e-05   3.6519e+02
20251215_11:00:00   2.3513e-01   5.7908e+01   3.0544e+00   0.0000e+00   8.6060e-06   3.6633e+02
20251215_12:00:00   2.3050e-01   5.7003e+01   3.0043e+00   0.0000e+00   8.9530e-06   3.6017e+02
20251215_13:00:00   2.1935e-01   5.4776e+01   2.8576e+00   0.0000e+00   8.9230e-06   3.4167e+02
20251215_14:00:00   2.1760e-01   5.4371e+01   2.8732e+00   0.0000e+00   8.9080e-06   3.3051e+02
20251215_15:00:00   2.1262e-01   5.3341e+01   2.8567e+00   0.0000e+00   2.5398e-04   3.2512e+02
20251215_16:00:00   2.1368e-01   5.3417e+01   2.9728e+00   0.0000e+00   2.4238e-03   3.0758e+02
20251215_17:00:00   2.2463e-01   5.5595e+01   3.2338e+00   0.0000e+00   5.8915e-03   3.0019e+02
20251215_18:00:00   2.4785e-01   6.0218e+01   3.6548e+00   0.0000e+00   9.5360e-03   3.0500e+02
20251215_19:00:00   2.7619e-01   6.5734e+01   4.1193e+00   0.0000e+00   6.5469e-03   3.0831e+02
20251215_20:00:00   3.0076e-01   7.0369e+01   4.5277e+00   0.0000e+00   7.3167e-03   3.0843e+02
20251215_21:00:00   3.2851e-01   7.5445e+01   4.9674e+00   0.0000e+00   5.2976e-02   3.0662e+02
20251215_22:00:00   3.6809e-01   8.2504e+01   5.5057e+00   0.0000e+00   2.0533e-01   3.0708e+02
20251215_23:00:00   3.9982e-01   8.8049e+01   5.9659e+00   0.0000e+00   1.8311e-01   3.0754e+02
20251216_00:00:00   4.0942e-01   8.9693e+01   6.1133e+00   0.0000e+00   1.2637e-01   3.0758e+02
20251216_01:00:00   4.2853e-01   9.2930e+01   6.3626e+00   0.0000e+00   1.3604e-01   3.0730e+02
20251216_02:00:00   4.3272e-01   9.3696e+01   6.4137e+00   0.0000e+00   6.9226e-02   3.1288e+02
20251216_03:00:00   4.2675e-01   9.2918e+01   6.1901e+00   0.0000e+00   6.1950e-02   3.2100e+02
20251216_04:00:00   4.1429e-01   9.1019e+01   5.9289e+00   0.0000e+00   2.4038e-02   3.2521e+02
20251216_05:00:00   4.2988e-01   9.3706e+01   6.1221e+00   0.0000e+00   1.3133e-02   3.3261e+02
20251216_06:00:00   4.2911e-01   9.3619e+01   6.0622e+00   0.0000e+00   1.6059e-02   3.4454e+02
20251216_07:00:00   4.1083e-01   9.0749e+01   5.7690e+00   0.0000e+00   1.0069e-02   3.4440e+02
20251216_08:00:00   3.9669e-01   8.8399e+01   5.5628e+00   0.0000e+00   3.8567e-03   3.4659e+02
20251216_09:00:00   3.8845e-01   8.6987e+01   5.4346e+00   0.0000e+00   3.5580e-03   3.4550e+02
20251216_10:00:00   3.6755e-01   8.3445e+01   5.1215e+00   0.0000e+00   4.0480e-03   3.4713e+02
20251216_11:00:00   3.5176e-01   8.0824e+01   4.8444e+00   0.0000e+00   1.8702e-05   3.4201e+02
20251216_12:00:00   3.1993e-01   7.5203e+01   4.3136e+00   0.0000e+00   1.8711e-05   3.3230e+02
20251216_13:00:00   2.9087e-01   6.9837e+01   3.8928e+00   0.0000e+00   1.5254e-05   3.2874e+02
20251216_14:00:00   2.7640e-01   6.7135e+01   3.7065e+00   0.0000e+00   8.0893e-06   3.3003e+02
20251216_15:00:00   2.6538e-01   6.5052e+01   3.5889e+00   0.0000e+00   5.0961e-06   3.2493e+02
20251216_16:00:00   2.7276e-01   6.6582e+01   3.7351e+00   0.0000e+00   7.2484e-06   3.1892e+02
20251216_17:00:00   2.7843e-01   6.7774e+01   3.8598e+00   0.0000e+00   2.8356e-06   3.1629e+02
20251216_18:00:00   2.8055e-01   6.8271e+01   3.9252e+00   0.0000e+00   1.1222e-04   3.0917e+02
20251216_19:00:00   2.8059e-01   6.8350e+01   3.9622e+00   0.0000e+00   7.9572e-06   3.0714e+02
20251216_20:00:00   2.7399e-01   6.7158e+01   3.8570e+00   0.0000e+00   4.2534e-06   3.0695e+02
20251216_21:00:00   2.6599e-01   6.5645e+01   3.7150e+00   0.0000e+00   4.4934e-06   3.0213e+02
20251216_22:00:00   2.5375e-01   6.3229e+01   3.5338e+00   0.0000e+00   2.2462e-06   2.9562e+02
20251216_23:00:00   2.4252e-01   6.1023e+01   3.3896e+00   0.0000e+00   4.9042e-06   2.9072e+02
20251217_00:00:00   2.4338e-01   6.1239e+01   3.3930e+00   0.0000e+00   4.0123e-03   2.8440e+02
20251217_03:00:00   2.8381e-01   6.9181e+01   4.2591e+00   0.0000e+00   2.3940e-02   2.8033e+02
20251217_06:00:00   4.2238e-01   9.4241e+01   6.9719e+00   0.0000e+00   2.4397e-02   2.7848e+02
20251217_09:00:00   5.5354e-01   1.1637e+02   9.0497e+00   0.0000e+00   8.4978e-03   2.7909e+02
20251217_12:00:00   7.5926e-01   1.4558e+02   1.2223e+01   0.0000e+00   1.0276e-02   2.7742e+02
20251217_15:00:00   7.6185e-01   1.4656e+02   1.2570e+01   0.0000e+00   1.1682e-01   2.8129e+02
20251217_18:00:00   1.0157e+00   1.7552e+02   1.6345e+01   2.6340e-04   2.4263e-02   2.8741e+02
20251217_21:00:00   9.5083e-01   1.6958e+02   1.5052e+01   1.0000e-04   1.1287e-02   2.8494e+02
20251218_00:00:00   9.4159e-01   1.6866e+02   1.3962e+01   2.9735e-02   1.5759e-02   2.8503e+02
20251218_03:00:00   1.0464e+00   1.7868e+02   1.6590e+01   1.0907e-02   7.8159e-02   2.9254e+02
20251218_06:00:00   1.1747e+00   1.9000e+02   1.8463e+01   5.6741e-03   9.3133e-02   2.9611e+02
20251218_09:00:00   1.2551e+00   1.9643e+02   1.6908e+01   7.1955e-02   1.4425e-01   2.9583e+02
20251218_12:00:00   1.3684e+00   2.0532e+02   1.9061e+01   4.3039e-02   8.2031e-03   2.9932e+02
20251218_15:00:00   1.3494e+00   2.0474e+02   1.7218e+01   9.2503e-02   7.0337e-03   2.9984e+02
20251218_18:00:00   1.3318e+00   2.0461e+02   1.4908e+01   1.2309e-01   1.1138e-04   2.9903e+02
20251218_21:00:00   8.6135e-01   1.6121e+02   1.1365e+01   3.1288e-02   4.4661e-03   2.9564e+02
20251219_00:00:00   7.7179e-01   1.5033e+02   1.1644e+01   7.0360e-04   2.0860e-06   2.9290e+02
20251219_03:00:00   4.7395e-01   1.0731e+02   6.8898e+00   0.0000e+00   0.0000e+00   2.9826e+02
20251219_06:00:00   2.8451e-01   7.1679e+01   3.9993e+00   0.0000e+00   7.3302e-05   2.9757e+02
20251219_09:00:00   2.2941e-01   5.9845e+01   3.2093e+00   0.0000e+00   1.7044e-04   2.9787e+02
20251219_12:00:00   1.9671e-01   5.2561e+01   2.7715e+00   0.0000e+00   1.4642e-05   3.0853e+02
20251219_15:00:00   2.3755e-01   6.0605e+01   3.8226e+00   0.0000e+00   4.4899e-03   3.1562e+02
20251219_18:00:00   3.9340e-01   9.0114e+01   6.6844e+00   0.0000e+00   2.1354e-01   3.1812e+02
20251219_21:00:00   7.2890e-01   1.4137e+02   1.2101e+01   0.0000e+00   2.1315e-01   3.1885e+02
20251220_00:00:00   1.0645e+00   1.7862e+02   1.6657e+01   2.5535e-03   4.6605e-01   3.1871e+02
20251220_03:00:00   1.0898e+00   1.8142e+02   1.5040e+01   5.2791e-02   1.3578e-01   3.1730e+02
20251220_06:00:00   1.4878e+00   2.0990e+02   1.1362e+01   3.2961e-01   6.4020e-02   3.1473e+02
20251220_09:00:00   4.6141e-01   1.0274e+02   7.1140e+00   0.0000e+00   1.7678e-03   3.1707e+02
20251220_12:00:00   4.5216e-01   1.0111e+02   6.6038e+00   0.0000e+00   7.0214e-03   3.1640e+02
20251220_15:00:00   3.1568e-01   7.5988e+01   4.7470e+00   0.0000e+00   8.7729e-03   3.1615e+02
20251220_18:00:00   3.8226e-01   8.7919e+01   6.0589e+00   0.0000e+00   5.9570e-02   3.1659e+02
20251220_21:00:00   4.4121e-01   9.7648e+01   7.2287e+00   0.0000e+00   1.1065e-01   3.2265e+02
20251221_00:00:00   5.3680e-01   1.1265e+02   8.8389e+00   0.0000e+00   3.8724e-01   3.2902e+02
20251221_03:00:00   7.4783e-01   1.4230e+02   1.1879e+01   1.4476e-03   2.2504e-01   3.1888e+02
20251221_06:00:00   1.4461e+00   2.0649e+02   1.3412e+01   2.4364e-01   1.8380e-01   3.0602e+02
20251221_09:00:00   1.1104e+00   1.8168e+02   1.4952e+01   5.0020e-02   2.1399e-01   3.0190e+02
20251221_12:00:00   1.5188e+00   2.1129e+02   1.5431e+01   2.1044e-01   2.5802e-01   3.0322e+02
20251221_15:00:00   2.8100e+00   2.5481e+02   1.4955e+01   7.6086e-01   1.8467e-01   3.0091e+02
20251221_18:00:00   3.1818e+00   2.6069e+02   1.5693e+01   8.9279e-01   9.1338e-02   2.9982e+02
20251221_21:00:00   2.8250e+00   2.5686e+02   1.4238e+01   7.6872e-01   2.7183e-02   3.0378e+02
20251222_00:00:00   1.3643e+00   2.0387e+02   1.2663e+01   2.1027e-01   1.6760e-02   3.0602e+02
20251222_03:00:00   6.8477e-01   1.3624e+02   9.2940e+00   2.9457e-02   2.7521e-02   3.0424e+02
20251222_06:00:00   5.3615e-01   1.1376e+02   8.4086e+00   0.0000e+00   7.5736e-02   3.0894e+02
20251222_09:00:00   5.3586e-01   1.1368e+02   8.3118e+00   0.0000e+00   7.1435e-03   3.1597e+02
20251222_12:00:00   4.0164e-01   9.1369e+01   6.2032e+00   0.0000e+00   2.2325e-03   3.2389e+02
20251222_15:00:00   3.8443e-01   8.8769e+01   5.9511e+00   0.0000e+00   0.0000e+00   3.3081e+02
20251222_18:00:00   5.1109e-01   1.0999e+02   7.9824e+00   1.1633e-05   6.4988e-03   3.2683e+02
20251222_21:00:00   5.4349e-01   1.1495e+02   8.5715e+00   0.0000e+00   1.7337e-02   3.2246e+02
20251223_00:00:00   6.2500e-01   1.2737e+02   9.9315e+00   0.0000e+00   5.7235e-04   3.1933e+02
20251223_03:00:00   7.3148e-01   1.4200e+02   1.1644e+01   0.0000e+00   1.4227e-02   3.1282e+02
20251223_06:00:00   9.1022e-01   1.6295e+02   1.4580e+01   0.0000e+00   1.3340e-01   3.1780e+02
20251223_09:00:00   1.0188e+00   1.7431e+02   1.6146e+01   0.0000e+00   1.9180e-01   3.1334e+02
20251223_12:00:00   1.1381e+00   1.8538e+02   1.7883e+01   2.7980e-04   3.5618e-02   3.1262e+02
20251223_15:00:00   3.1347e+00   2.6036e+02   2.1388e+01   7.2266e-01   8.4367e-01   3.0964e+02
20251223_18:00:00   3.4807e+00   2.6553e+02   2.4073e+01   7.8095e-01   8.4766e-01   3.0809e+02
20251223_21:00:00   3.6582e+00   2.6797e+02   2.5134e+01   8.0658e-01   1.2659e-01   3.0668e+02
20251224_00:00:00   3.2134e+00   2.6539e+02   2.7219e+01   5.7213e-01   4.7586e-01   3.0251e+02
20251224_03:00:00   2.8053e+00   2.6086e+02   2.6931e+01   4.0499e-01   3.3522e-01   3.0376e+02
20251224_06:00:00   3.4129e+00   2.7000e+02   2.9701e+01   5.7934e-01   6.7564e-01   3.0034e+02
20251224_09:00:00   2.6216e+00   2.6160e+02   3.0155e+01   2.3018e-01   1.6620e-01   3.0605e+02
20251224_12:00:00   2.0937e+00   2.4823e+02   2.9406e+01   4.1922e-02   1.0507e-01   3.0180e+02
20251224_15:00:00   4.6640e+00   2.8026e+02   2.9241e+01   1.0514e+00   1.8587e-01   2.9191e+02
20251224_18:00:00   1.6008e+00   2.2259e+02   2.3945e+01   2.9636e-02   3.6444e-02   2.8220e+02
20251224_21:00:00   1.2586e+00   1.9724e+02   1.9106e+01   2.9246e-02   1.9057e-02   2.7980e+02
20251225_00:00:00   9.3828e-01   1.6605e+02   1.5373e+01   7.6527e-04   3.1388e-03   2.8182e+02
20251225_03:00:00   4.6963e-01   1.0302e+02   7.6334e+00   0.0000e+00   1.2176e-03   2.8671e+02
20251225_06:00:00   3.0358e-01   7.2857e+01   4.7774e+00   0.0000e+00   2.6774e-03   2.8145e+02
20251225_09:00:00   2.2338e-01   5.6679e+01   3.3956e+00   0.0000e+00   3.7562e-03   2.8599e+02
20251225_12:00:00   1.8851e-01   4.9278e+01   2.7885e+00   0.0000e+00   3.3149e-03   2.9684e+02
20251225_15:00:00   1.8944e-01   4.9476e+01   2.8803e+00   0.0000e+00   8.7382e-03   2.9747e+02
20251225_18:00:00   2.5547e-01   6.3283e+01   4.0958e+00   0.0000e+00   2.7186e-03   2.9027e+02
20251225_21:00:00   3.6840e-01   8.4666e+01   6.1074e+00   0.0000e+00   3.3261e-02   2.7480e+02
20251226_00:00:00   4.6733e-01   1.0143e+02   7.9912e+00   0.0000e+00   1.7512e-01   2.6871e+02
20251226_03:00:00   8.5763e-01   1.5551e+02   1.4044e+01   5.8960e-05   2.7052e-01   2.6232e+02
20251226_06:00:00   2.6066e+00   2.5068e+02   1.9621e+01   5.6338e-01   6.1841e-01   2.6073e+02
20251226_09:00:00   4.5953e+00   2.6940e+02   2.3740e+01   1.2663e+00   6.1537e-01   2.5458e+02
20251226_12:00:00   3.3372e+00   2.6546e+02   2.7186e+01   6.3599e-01   2.4263e-01   2.5440e+02
20251226_15:00:00   2.6212e+00   2.5774e+02   2.8681e+01   2.9747e-01   1.5043e-02   2.5415e+02
20251226_18:00:00   2.2008e+00   2.4909e+02   2.7556e+01   1.5606e-01   4.8917e-02   2.5603e+02
20251226_21:00:00   2.4902e+00   2.5738e+02   2.9293e+01   2.1672e-01   9.7481e-02   2.5829e+02
20251227_00:00:00   3.5109e+00   2.7251e+02   2.9676e+01   6.0590e-01   2.1529e-01   2.6297e+02
20251227_03:00:00   3.5565e+00   2.7117e+02   2.7160e+01   7.0563e-01   7.2230e-01   2.6545e+02
20251227_06:00:00   1.0996e+00   1.8204e+02   1.5448e+01   6.6307e-02   1.1893e-01   2.7357e+02
20251227_09:00:00   3.1515e-01   7.5815e+01   4.3479e+00   7.0880e-06   4.4293e-03   2.8730e+02
20251227_12:00:00   1.8792e-01   4.8788e+01   2.2133e+00   0.0000e+00   8.2895e-05   3.3947e+02
20251227_15:00:00   1.3071e-01   3.5749e+01   1.3703e+00   0.0000e+00   5.1389e-06   3.5798e+02
20251227_18:00:00   1.1236e-01   3.1726e+01   1.2431e+00   0.0000e+00   0.0000e+00   3.4341e+02
20251227_21:00:00   1.3686e-01   3.7301e+01   1.7931e+00   0.0000e+00   0.0000e+00   3.2448e+02
20251228_00:00:00   1.9409e-01   4.9650e+01   2.8977e+00   0.0000e+00   0.0000e+00   3.3538e+02
