#            date       tau255        Tb[K]      pwv[mm] lwp[kg*m^-2] iwp[kg*m^-2]       o3[DU]
20251209_06:00:00   1.5808e-01   4.1339e+01   2.0925e+00   0.0000e+00   8.4713e-05   3.6832e+02
20251209_07:00:00   1.6023e-01   4.1794e+01   2.1359e+00   0.0000e+00   1.1012e-05   3.7270e+02
20251209_08:00:00   1.6580e-01   4.2996e+01   2.2307e+00   0.0000e+00   0.0000e+00   3.7853e+02
20251209_09:00:00   1.7513e-01   4.4957e+01   2.3826e+00   0.0000e+00   1.9053e-05   3.7903e+02
20251209_10:00:00   1.8119e-01   4.6242e+01   2.4769e+00   0.0000e+00   1.7254e-05   3.8081e+02
20251209_11:00:00   1.8255e-01   4.6558e+01   2.5039e+00   0.0000e+00   1.7252e-05   3.9732e+02
20251209_12:00:00   1.8000e-01   4.6051e+01   2.4690e+00   0.0000e+00   1.7134e-05   4.0183e+02
20251209_13:00:00   1.8139e-01   4.6333e+01   2.5045e+00   0.0000e+00   9.0918e-06   4.0910e+02
20251209_14:00:00   1.8990e-01   4.8138e+01   2.6603e+00   0.0000e+00   1.6316e-05   4.2794e+02
20251209_15:00:00   1.9134e-01   4.8530e+01   2.6920e+00   0.0000e+00   1.2236e-05   4.3033e+02
20251209_16:00:00   1.8971e-01   4.8305e+01   2.6595e+00   0.0000e+00   4.3600e-07   4.2505e+02
20251209_17:00:00   1.7116e-01   4.4489e+01   2.3537e+00   0.0000e+00   2.9624e-04   4.2026e+02
20251209_18:00:00   1.7869e-01   4.6143e+01   2.4702e+00   0.0000e+00   3.2785e-03   4.0702e+02
20251209_19:00:00   1.8533e-01   4.7564e+01   2.5805e+00   0.0000e+00   1.0412e-02   3.9262e+02
20251209_20:00:00   1.9276e-01   4.9061e+01   2.7087e+00   0.0000e+00   3.9691e-02   3.9506e+02
20251209_21:00:00   2.1409e-01   5.3380e+01   3.0298e+00   0.0000e+00   1.2036e-01   3.9902e+02
20251209_22:00:00   2.4197e-01   5.8973e+01   3.5253e+00   0.0000e+00   5.6499e-02   3.9367e+02
20251209_23:00:00   2.7036e-01   6.4656e+01   4.0301e+00   0.0000e+00   9.0646e-02   3.9137e+02
20251210_00:00:00   3.4176e-01   7.8172e+01   5.1615e+00   0.0000e+00   1.4820e-01   3.8844e+02
20251210_01:00:00   4.0458e-01   8.9545e+01   6.0949e+00   0.0000e+00   4.0296e-02   3.8520e+02
20251210_02:00:00   4.6945e-01   1.0054e+02   7.0078e+00   0.0000e+00   2.4205e-02   3.7999e+02
20251210_03:00:00   4.7577e-01   1.0181e+02   7.0650e+00   0.0000e+00   3.5332e-02   3.7278e+02
20251210_04:00:00   4.8397e-01   1.0322e+02   7.2433e+00   0.0000e+00   5.8674e-02   3.6263e+02
20251210_05:00:00   5.2470e-01   1.0955e+02   7.9090e+00   6.0940e-05   1.6204e-01   3.6112e+02
20251210_06:00:00   5.6793e-01   1.1632e+02   8.5776e+00   0.0000e+00   2.3714e-01   3.6247e+02
20251210_07:00:00   6.1023e-01   1.2286e+02   9.2233e+00   0.0000e+00   1.6509e-01   3.5764e+02
20251210_08:00:00   5.8084e-01   1.1890e+02   8.8297e+00   0.0000e+00   1.2735e-01   3.5022e+02
20251210_09:00:00   6.1324e-01   1.2368e+02   9.3533e+00   0.0000e+00   5.6274e-02   3.4604e+02
20251210_10:00:00   6.7745e-01   1.3256e+02   1.0293e+01   0.0000e+00   8.5462e-02   3.5541e+02
20251210_11:00:00   7.4415e-01   1.4134e+02   1.1193e+01   0.0000e+00   1.2051e-01   3.5582e+02
20251210_12:00:00   7.3107e-01   1.3991e+02   1.1120e+01   0.0000e+00   1.0459e-02   3.5892e+02
20251210_13:00:00   7.8517e-01   1.4679e+02   1.1926e+01   0.0000e+00   4.6972e-02   3.6310e+02
20251210_14:00:00   8.2476e-01   1.5175e+02   1.2421e+01   0.0000e+00   1.3550e-01   3.6075e+02
20251210_15:00:00   7.9644e-01   1.4867e+02   1.2212e+01   0.0000e+00   9.9829e-02   3.5328e+02
20251210_16:00:00   8.3377e-01   1.5306e+02   1.2711e+01   0.0000e+00   4.8406e-01   3.4777e+02
20251210_17:00:00   8.9440e-01   1.5986e+02   1.3456e+01   0.0000e+00   6.2957e-01   3.4452e+02
20251210_18:00:00   9.0496e-01   1.6094e+02   1.3537e+01   1.4692e-03   6.2779e-01   3.4309e+02
20251210_19:00:00   1.0693e+00   1.7805e+02   1.3907e+01   6.0228e-02   4.1433e-01   3.3980e+02
20251210_20:00:00   1.4645e+00   2.0911e+02   1.4037e+01   2.1745e-01   3.8960e-01   3.3731e+02
20251210_21:00:00   1.7533e+00   2.2519e+02   1.3739e+01   3.4370e-01   3.4139e-01   3.3836e+02
20251210_22:00:00   1.7566e+00   2.2536e+02   1.3281e+01   3.5818e-01   1.9921e-01   3.4343e+02
20251210_23:00:00   1.8833e+00   2.3090e+02   1.3015e+01   4.1754e-01   1.2408e-01   3.4619e+02
20251211_00:00:00   2.1063e+00   2.3923e+02   1.2597e+01   5.2261e-01   4.8373e-02   3.4495e+02
20251211_01:00:00   1.8082e+00   2.2755e+02   1.2307e+01   4.0602e-01   1.5032e-01   3.4249e+02
20251211_02:00:00   1.4552e+00   2.0865e+02   1.1703e+01   2.7606e-01   3.0906e-02   3.3772e+02
20251211_03:00:00   1.4324e+00   2.0717e+02   1.1395e+01   2.7263e-01   4.0901e-02   3.4175e+02
20251211_04:00:00   1.6590e+00   2.2057e+02   1.0759e+01   3.8089e-01   1.5323e-02   3.4719e+02
20251211_05:00:00   1.5252e+00   2.1293e+02   9.6324e+00   3.5533e-01   4.6437e-03   3.5420e+02
20251211_06:00:00   7.5880e-01   1.4522e+02   9.1779e+00   4.6781e-02   6.8466e-03   3.6398e+02
20251211_07:00:00   1.4694e+00   2.0917e+02   9.1873e+00   3.4552e-01   5.5279e-02   3.5968e+02
20251211_08:00:00   6.1000e-01   1.2408e+02   8.6158e+00   7.7445e-03   1.7549e-03   3.5192e+02
20251211_09:00:00   5.4529e-01   1.1398e+02   8.0208e+00   1.2096e-03   8.1810e-04   3.5057e+02
20251211_10:00:00   3.3700e-01   7.8959e+01   4.7568e+00   0.0000e+00   3.9912e-03   3.5396e+02
20251211_11:00:00   2.5084e-01   6.2060e+01   3.3552e+00   0.0000e+00   6.6596e-03   3.4641e+02
20251211_12:00:00   2.2793e-01   5.7046e+01   3.0814e+00   0.0000e+00   1.9295e-03   3.4753e+02
20251211_13:00:00   2.1182e-01   5.3420e+01   2.8973e+00   0.0000e+00   6.6126e-03   3.4631e+02
20251211_14:00:00   1.9293e-01   4.9513e+01   2.5202e+00   0.0000e+00   1.6638e-03   3.5866e+02
20251211_15:00:00   1.9906e-01   5.0829e+01   2.5432e+00   0.0000e+00   2.3984e-04   3.7222e+02
20251211_16:00:00   2.1143e-01   5.3422e+01   2.6538e+00   0.0000e+00   7.4423e-05   3.8189e+02
20251211_17:00:00   2.2575e-01   5.6257e+01   2.8410e+00   0.0000e+00   2.0094e-04   3.8774e+02
20251211_18:00:00   2.3837e-01   5.8602e+01   3.0437e+00   0.0000e+00   2.7884e-04   3.9780e+02
20251211_19:00:00   2.3795e-01   5.8406e+01   3.0556e+00   0.0000e+00   8.7444e-05   3.9877e+02
20251211_20:00:00   2.3906e-01   5.8559e+01   3.0806e+00   0.0000e+00   8.2884e-05   3.9415e+02
20251211_21:00:00   2.3778e-01   5.8218e+01   3.0729e+00   0.0000e+00   3.1637e-05   3.9175e+02
20251211_22:00:00   2.4128e-01   5.8825e+01   3.1453e+00   0.0000e+00   5.0621e-04   3.9244e+02
20251211_23:00:00   2.5624e-01   6.1681e+01   3.3834e+00   0.0000e+00   1.5712e-03   3.9230e+02
20251212_00:00:00   2.6898e-01   6.4116e+01   3.5813e+00   0.0000e+00   1.1894e-03   3.9505e+02
20251212_01:00:00   2.7908e-01   6.6057e+01   3.7399e+00   0.0000e+00   6.0056e-04   3.9269e+02
20251212_02:00:00   2.8397e-01   6.7032e+01   3.8190e+00   0.0000e+00   2.5463e-04   3.9013e+02
20251212_03:00:00   2.8352e-01   6.7054e+01   3.8101e+00   0.0000e+00   9.3112e-05   3.8594e+02
20251212_04:00:00   2.8267e-01   6.6964e+01   3.7973e+00   0.0000e+00   5.9302e-05   3.8692e+02
20251212_05:00:00   2.8193e-01   6.6885e+01   3.7890e+00   0.0000e+00   3.0880e-05   3.8892e+02
20251212_06:00:00   2.7794e-01   6.6190e+01   3.7319e+00   0.0000e+00   1.9909e-05   3.8899e+02
20251212_07:00:00   2.7584e-01   6.5845e+01   3.7036e+00   0.0000e+00   3.0734e-05   3.8664e+02
20251212_08:00:00   2.8060e-01   6.6757e+01   3.7937e+00   0.0000e+00   1.4622e-05   3.8584e+02
20251212_09:00:00   2.8080e-01   6.6846e+01   3.8132e+00   0.0000e+00   5.2883e-06   3.8837e+02
20251212_10:00:00   2.7821e-01   6.6414e+01   3.7814e+00   0.0000e+00   8.2680e-06   3.8925e+02
20251212_11:00:00   2.7311e-01   6.5529e+01   3.7067e+00   0.0000e+00   6.2755e-06   3.8792e+02
20251212_12:00:00   2.6362e-01   6.3806e+01   3.5683e+00   0.0000e+00   6.2628e-06   3.8214e+02
20251212_13:00:00   2.5628e-01   6.2416e+01   3.4562e+00   0.0000e+00   1.2200e-06   3.7872e+02
20251212_14:00:00   2.4357e-01   5.9978e+01   3.2626e+00   0.0000e+00   0.0000e+00   3.7438e+02
20251212_15:00:00   2.3343e-01   5.8083e+01   3.1149e+00   0.0000e+00   0.0000e+00   3.7323e+02
20251212_16:00:00   2.2724e-01   5.6924e+01   3.0312e+00   0.0000e+00   0.0000e+00   3.6803e+02
20251212_17:00:00   2.1439e-01   5.4410e+01   2.8254e+00   0.0000e+00   5.2720e-06   3.6403e+02
20251212_18:00:00   2.0391e-01   5.2297e+01   2.6319e+00   0.0000e+00   8.8620e-06   3.5769e+02
20251212_19:00:00   2.0123e-01   5.1743e+01   2.5809e+00   0.0000e+00   1.9746e-05   3.5887e+02
20251212_20:00:00   2.1403e-01   5.4400e+01   2.7882e+00   0.0000e+00   0.0000e+00   3.5983e+02
20251212_21:00:00   2.5202e-01   6.2167e+01   3.3575e+00   0.0000e+00   1.5906e-06   3.5984e+02
20251212_22:00:00   2.7757e-01   6.7342e+01   3.7029e+00   0.0000e+00   5.6372e-06   3.6982e+02
20251212_23:00:00   2.8151e-01   6.8211e+01   3.7455e+00   0.0000e+00   6.4030e-06   3.7273e+02
20251213_00:00:00   2.8321e-01   6.8583e+01   3.7693e+00   0.0000e+00   6.2623e-06   3.6842e+02
20251213_01:00:00   2.8074e-01   6.8170e+01   3.7376e+00   0.0000e+00   6.7532e-06   3.6480e+02
20251213_02:00:00   2.7769e-01   6.7640e+01   3.7142e+00   0.0000e+00   3.8568e-06   3.6642e+02
20251213_03:00:00   2.8398e-01   6.8867e+01   3.8268e+00   0.0000e+00   4.1873e-06   3.5593e+02
20251213_04:00:00   3.0212e-01   7.2261e+01   4.1500e+00   0.0000e+00   3.4988e-04   3.5086e+02
20251213_05:00:00   3.1927e-01   7.5366e+01   4.4789e+00   0.0000e+00   1.5281e-03   3.5678e+02
20251213_06:00:00   3.3155e-01   7.7575e+01   4.7319e+00   0.0000e+00   1.5289e-04   3.6085e+02
20251213_07:00:00   3.4476e-01   7.9919e+01   4.9722e+00   0.0000e+00   6.5418e-03   3.5832e+02
20251213_08:00:00   3.6627e-01   8.3681e+01   5.3521e+00   0.0000e+00   1.2482e-02   3.7205e+02
20251213_09:00:00   3.9360e-01   8.8358e+01   5.7501e+00   0.0000e+00   9.4192e-02   3.7448e+02
20251213_10:00:00   4.3737e-01   9.5646e+01   6.3821e+00   0.0000e+00   1.4866e-01   3.8025e+02
20251213_11:00:00   4.8819e-01   1.0393e+02   6.9902e+00   0.0000e+00   1.5646e-01   3.8158e+02
20251213_12:00:00   5.2215e-01   1.0928e+02   7.3989e+00   0.0000e+00   1.0038e-01   3.7964e+02
20251213_13:00:00   5.3306e-01   1.1105e+02   7.4887e+00   0.0000e+00   5.3061e-02   3.7246e+02
20251213_14:00:00   5.2653e-01   1.1028e+02   7.3368e+00   0.0000e+00   7.9312e-03   3.7276e+02
20251213_15:00:00   5.1235e-01   1.0843e+02   7.0405e+00   1.3412e-03   8.9867e-04   3.7204e+02
20251213_16:00:00   4.9314e-01   1.0582e+02   6.5502e+00   6.7780e-03   6.9180e-04   3.6450e+02
20251213_17:00:00   4.6813e-01   1.0197e+02   6.2890e+00   4.8002e-03   1.1808e-03   3.5155e+02
20251213_18:00:00   4.7847e-01   1.0351e+02   6.3696e+00   9.2865e-03   1.0284e-02   3.4836e+02
20251213_19:00:00   4.5346e-01   9.9457e+01   6.3945e+00   2.4692e-04   4.3878e-03   3.4606e+02
20251213_20:00:00   4.1230e-01   9.2461e+01   5.9248e+00   0.0000e+00   1.2512e-03   3.4309e+02
20251213_21:00:00   3.8049e-01   8.6656e+01   5.5473e+00   0.0000e+00   5.3742e-03   3.4586e+02
20251213_22:00:00   3.8772e-01   8.7747e+01   5.7507e+00   0.0000e+00   8.2417e-03   3.4771e+02
20251213_23:00:00   4.3165e-01   9.5151e+01   6.4410e+00   0.0000e+00   6.4629e-03   3.4819e+02
20251214_00:00:00   4.1621e-01   9.2137e+01   6.3838e+00   0.0000e+00   2.2247e-02   3.4697e+02
20251214_01:00:00   3.9470e-01   8.8024e+01   6.2032e+00   0.0000e+00   7.4736e-02   3.4440e+02
20251214_02:00:00   4.4201e-01   9.5898e+01   6.9040e+00   0.0000e+00   2.3766e-01   3.4208e+02
20251214_03:00:00   4.9522e-01   1.0436e+02   7.6884e+00   0.0000e+00   2.9616e-01   3.3565e+02
20251214_04:00:00   5.3163e-01   1.0989e+02   8.1910e+00   0.0000e+00   2.3411e-01   3.3059e+02
20251214_05:00:00   5.5139e-01   1.1272e+02   8.4246e+00   0.0000e+00   2.0928e-01   3.3157e+02
20251214_06:00:00   5.5637e-01   1.1340e+02   8.4131e+00   0.0000e+00   2.1194e-01   3.3305e+02
20251214_09:00:00   4.6671e-01   9.9833e+01   6.8285e+00   0.0000e+00   3.4915e-03   3.3623e+02
20251214_12:00:00   4.1160e-01   9.0614e+01   5.8574e+00   0.0000e+00   1.4119e-02   3.4784e+02
20251214_15:00:00   3.8403e-01   8.5724e+01   5.3235e+00   0.0000e+00   2.0552e-02   3.5861e+02
20251214_18:00:00   3.6174e-01   8.1762e+01   4.8132e+00   0.0000e+00   1.0927e-01   3.7581e+02
20251214_21:00:00   2.7265e-01   6.5130e+01   3.5451e+00   0.0000e+00   2.0361e-03   3.8254e+02
20251215_00:00:00   2.1313e-01   5.2952e+01   2.6370e+00   0.0000e+00   2.1968e-04   3.7943e+02
20251215_03:00:00   1.9929e-01   4.9889e+01   2.4134e+00   0.0000e+00   1.4313e-05   3.5930e+02
20251215_06:00:00   2.1280e-01   5.2590e+01   2.6080e+00   0.0000e+00   7.4234e-05   3.6900e+02
20251215_09:00:00   2.2681e-01   5.5582e+01   2.8682e+00   0.0000e+00   1.6720e-05   3.6225e+02
20251215_12:00:00   2.3989e-01   5.8397e+01   3.1287e+00   0.0000e+00   1.0860e-05   3.7763e+02
20251215_15:00:00   2.1913e-01   5.4609e+01   2.8256e+00   0.0000e+00   6.4353e-06   3.4665e+02
20251215_18:00:00   2.2456e-01   5.5951e+01   2.9164e+00   0.0000e+00   6.5798e-06   3.0246e+02
20251215_21:00:00   2.5672e-01   6.2260e+01   3.4880e+00   0.0000e+00   8.0191e-04   2.9877e+02
20251216_00:00:00   2.7973e-01   6.6469e+01   4.0034e+00   0.0000e+00   5.1917e-03   2.9463e+02
20251216_03:00:00   2.8535e-01   6.7193e+01   4.1063e+00   0.0000e+00   1.7422e-01   2.9089e+02
20251216_06:00:00   3.1029e-01   7.1704e+01   4.4695e+00   0.0000e+00   1.5390e-01   3.0373e+02
20251216_09:00:00   3.1383e-01   7.2635e+01   4.4707e+00   0.0000e+00   8.1766e-04   3.1333e+02
20251216_12:00:00   2.9114e-01   6.8963e+01   4.0172e+00   0.0000e+00   1.6954e-05   3.0867e+02
20251216_15:00:00   2.8457e-01   6.8216e+01   3.9416e+00   0.0000e+00   0.0000e+00   2.9899e+02
20251216_18:00:00   3.4746e-01   7.9914e+01   5.2785e+00   0.0000e+00   7.4833e-03   2.9425e+02
20251216_21:00:00   3.5915e-01   8.2487e+01   5.3657e+00   0.0000e+00   7.8473e-03   2.9158e+02
20251217_00:00:00   3.4456e-01   8.0208e+01   5.1052e+00   0.0000e+00   5.2749e-02   2.8603e+02
20251217_03:00:00   4.1758e-01   9.3105e+01   6.4230e+00   0.0000e+00   7.5011e-02   2.9150e+02
20251217_06:00:00   6.6490e-01   1.3044e+02   1.0285e+01   0.0000e+00   2.9456e-01   2.9390e+02
20251217_09:00:00   7.1549e-01   1.3785e+02   1.0878e+01   0.0000e+00   6.2428e-03   2.8726e+02
20251217_12:00:00   7.4029e-01   1.4185e+02   1.1132e+01   0.0000e+00   2.8168e-05   2.9152e+02
20251217_15:00:00   7.3441e-01   1.4230e+02   1.0902e+01   0.0000e+00   1.3269e-05   2.9011e+02
20251217_18:00:00   6.9715e-01   1.3844e+02   1.0531e+01   0.0000e+00   6.4849e-06   2.8175e+02
20251217_21:00:00   7.0560e-01   1.4009e+02   1.0718e+01   0.0000e+00   3.8600e-06   2.8291e+02
20251218_00:00:00   8.5527e-01   1.5863e+02   1.3391e+01   0.0000e+00   2.1807e-03   2.8634e+02
20251218_03:00:00   9.3795e-01   1.6808e+02   1.4489e+01   1.7576e-03   4.6505e-04   2.8527e+02
20251218_06:00:00   9.7734e-01   1.7172e+02   1.5850e+01   9.5698e-04   4.5607e-02   2.7936e+02
20251218_09:00:00   1.5095e+00   2.1534e+02   1.9043e+01   1.0832e-01   1.6568e-02   2.8202e+02
20251218_12:00:00   4.5480e+00   2.7429e+02   2.3688e+01   1.2079e+00   6.6588e-02   2.7710e+02
20251218_15:00:00   3.6588e+00   2.7059e+02   2.5591e+01   7.9772e-01   7.2728e-02   2.7845e+02
20251218_18:00:00   4.6432e+00   2.7638e+02   2.7265e+01   1.1500e+00   7.2870e-02   2.8272e+02
20251218_21:00:00   4.3535e+00   2.7646e+02   2.8868e+01   9.8057e-01   1.5490e-01   2.8435e+02
20251219_00:00:00   4.8696e+00   2.7868e+02   3.0041e+01   1.1543e+00   8.1085e-01   2.9070e+02
20251219_03:00:00   4.5175e+00   2.7768e+02   2.9617e+01   1.0374e+00   7.0442e-01   3.0588e+02
20251219_06:00:00   2.5144e+00   2.4971e+02   2.1922e+01   4.8117e-01   1.0426e+00   3.2108e+02
20251219_09:00:00   8.4230e-01   1.5433e+02   1.1714e+01   4.2124e-02   4.0085e-01   3.3091e+02
20251219_12:00:00   3.2490e-01   7.7757e+01   4.2733e+00   0.0000e+00   1.7172e-05   3.6298e+02
20251219_15:00:00   2.6790e-01   6.6071e+01   3.6722e+00   0.0000e+00   1.7963e-06   3.3537e+02
20251219_18:00:00   4.0562e-01   9.1004e+01   6.2861e+00   0.0000e+00   7.5101e-02   3.4609e+02
20251219_21:00:00   5.1877e-01   1.0961e+02   8.1503e+00   0.0000e+00   2.3381e-03   3.4639e+02
20251220_00:00:00   5.8461e-01   1.1948e+02   9.1985e+00   0.0000e+00   2.3097e-02   3.4398e+02
20251220_03:00:00   6.5303e-01   1.2941e+02   1.0040e+01   0.0000e+00   1.1198e-01   3.4480e+02
20251220_06:00:00   6.6272e-01   1.3179e+02   9.6740e+00   0.0000e+00   2.0065e-04   3.3362e+02
20251220_09:00:00   7.0565e-01   1.3753e+02   1.0776e+01   0.0000e+00   3.9990e-03   3.2058e+02
20251220_12:00:00   9.1914e-01   1.6259e+02   1.4073e+01   0.0000e+00   2.3515e-01   3.0713e+02
20251220_15:00:00   9.4953e-01   1.6642e+02   1.4469e+01   5.2120e-06   3.1441e-03   3.0733e+02
20251220_18:00:00   1.0250e+00   1.7431e+02   1.5115e+01   1.2023e-02   8.9127e-02   3.0910e+02
20251220_21:00:00   9.7581e-01   1.7013e+02   1.3734e+01   1.8494e-02   2.6606e-04   3.0848e+02
20251221_00:00:00   8.1571e-01   1.5320e+02   1.1989e+01   0.0000e+00   1.8326e-03   3.0762e+02
20251221_03:00:00   8.8800e-01   1.6171e+02   1.3377e+01   2.5640e-06   1.4315e-02   3.0738e+02
20251221_06:00:00   1.1396e+00   1.8600e+02   1.7489e+01   0.0000e+00   1.7001e-01   3.1572e+02
20251221_09:00:00   2.7888e+00   2.5779e+02   1.9926e+01   6.0920e-01   7.2964e-02   3.0974e+02
20251221_12:00:00   1.0711e+00   1.8149e+02   1.7080e+01   0.0000e+00   1.3282e-02   3.1236e+02
20251221_15:00:00   9.7306e-01   1.7221e+02   1.5644e+01   0.0000e+00   6.9460e-03   3.1510e+02
20251221_18:00:00   1.4615e+00   2.1153e+02   1.7052e+01   1.3696e-01   1.0280e-01   3.1835e+02
20251221_21:00:00   1.1432e+00   1.8673e+02   1.4312e+01   8.0032e-02   2.9581e-01   3.3293e+02
20251222_00:00:00   5.4076e-01   1.1398e+02   7.9089e+00   5.2753e-03   5.0904e-03   3.4267e+02
20251222_03:00:00   3.0296e-01   7.2434e+01   3.9703e+00   0.0000e+00   1.2329e-03   3.6934e+02
20251222_06:00:00   2.4418e-01   6.0009e+01   3.1627e+00   0.0000e+00   2.1596e-05   3.7794e+02
20251222_09:00:00   2.3140e-01   5.6869e+01   2.9779e+00   0.0000e+00   1.8911e-04   4.1524e+02
20251222_12:00:00   2.1441e-01   5.3260e+01   2.6749e+00   0.0000e+00   8.8511e-04   4.2224e+02
20251222_15:00:00   1.9621e-01   4.9671e+01   2.4276e+00   0.0000e+00   7.0422e-05   3.8759e+02
20251222_18:00:00   2.1566e-01   5.3660e+01   2.7724e+00   0.0000e+00   9.5710e-04   3.6337e+02
20251222_21:00:00   2.1806e-01   5.4268e+01   2.8509e+00   0.0000e+00   4.8858e-06   3.5464e+02
20251223_00:00:00   2.7192e-01   6.5092e+01   3.6220e+00   0.0000e+00   1.8204e-03   3.5923e+02
20251223_03:00:00   2.7902e-01   6.6626e+01   3.8150e+00   0.0000e+00   1.9715e-04   3.5854e+02
20251223_06:00:00   2.7079e-01   6.5213e+01   3.6130e+00   0.0000e+00   4.7656e-04   3.6021e+02
20251223_09:00:00   2.3964e-01   5.9311e+01   3.0414e+00   0.0000e+00   1.1897e-05   3.5678e+02
20251223_12:00:00   2.3167e-01   5.7728e+01   3.0026e+00   0.0000e+00   9.4160e-06   3.5839e+02
20251223_15:00:00   3.6301e-01   8.2585e+01   5.1983e+00   0.0000e+00   1.5777e-03   3.5691e+02
20251223_18:00:00   4.3580e-01   9.5633e+01   6.2071e+00   0.0000e+00   3.0409e-03   3.5626e+02
20251223_21:00:00   4.5506e-01   9.9484e+01   6.4493e+00   0.0000e+00   1.1143e-04   3.5365e+02
20251224_00:00:00   4.8801e-01   1.0530e+02   6.9175e+00   0.0000e+00   4.2555e-04   3.5715e+02
20251224_03:00:00   4.8323e-01   1.0490e+02   6.9827e+00   0.0000e+00   1.2496e-05   3.5204e+02
20251224_06:00:00   5.3588e-01   1.1361e+02   7.8258e+00   0.0000e+00   3.4566e-04   3.4950e+02
20251224_09:00:00   6.4291e-01   1.2970e+02   9.3502e+00   0.0000e+00   8.2416e-04   3.4966e+02
20251224_12:00:00   8.0265e-01   1.5074e+02   9.7561e+00   5.0860e-02   9.4177e-03   3.4155e+02
20251224_15:00:00   7.5147e-01   1.4528e+02   1.0631e+01   1.8948e-04   1.4132e-02   3.3590e+02
20251224_18:00:00   7.9317e-01   1.5102e+02   1.1204e+01   5.3160e-06   1.2259e-03   3.2668e+02
20251224_21:00:00   8.8245e-01   1.6150e+02   1.2531e+01   0.0000e+00   4.1976e-03   3.2452e+02
20251225_00:00:00   1.0975e+00   1.8322e+02   1.4591e+01   3.8159e-02   1.0438e-04   3.2221e+02
20251225_03:00:00   2.0131e+00   2.3796e+02   1.6607e+01   3.6612e-01   1.0551e-03   3.1866e+02
20251225_06:00:00   2.2236e+00   2.4443e+02   1.8483e+01   4.0955e-01   9.3200e-03   3.1942e+02
