#            date       tau255        Tb[K]      pwv[mm] lwp[kg*m^-2] iwp[kg*m^-2]       o3[DU]
20251207_18:00:00   5.7184e-01   1.1781e+02   7.4494e+00   2.5640e-02   7.8327e-02   3.3768e+02
20251207_19:00:00   5.3604e-01   1.1245e+02   7.6783e+00   2.8640e-03   1.0764e-01   3.3187e+02
20251207_20:00:00   5.5709e-01   1.1560e+02   8.0780e+00   5.3340e-04   5.9539e-02   3.2985e+02
20251207_21:00:00   5.7876e-01   1.1880e+02   8.3239e+00   2.6442e-04   4.7519e-02   3.2874e+02
20251207_22:00:00   6.0394e-01   1.2246e+02   8.5998e+00   5.9120e-05   6.3433e-02   3.3268e+02
20251207_23:00:00   6.4970e-01   1.2889e+02   9.0336e+00   4.9740e-03   7.5348e-02   3.2796e+02
20251208_00:00:00   6.1479e-01   1.2420e+02   8.6983e+00   2.0020e-07   1.1610e-02   3.2604e+02
20251208_01:00:00   5.4771e-01   1.1469e+02   7.6432e+00   0.0000e+00   2.5086e-04   3.2857e+02
20251208_02:00:00   4.8166e-01   1.0447e+02   6.6370e+00   0.0000e+00   4.5869e-05   3.3627e+02
20251208_03:00:00   4.5791e-01   1.0054e+02   6.2743e+00   0.0000e+00   2.2567e-04   3.4021e+02
20251208_04:00:00   4.5364e-01   9.9734e+01   6.1108e+00   0.0000e+00   4.9965e-03   3.3807e+02
20251208_05:00:00   4.1297e-01   9.2640e+01   5.4467e+00   1.4176e-05   1.5326e-02   3.3636e+02
20251208_06:00:00   2.9055e-01   7.0005e+01   3.8017e+00   0.0000e+00   1.0284e-05   3.4196e+02
20251208_07:00:00   2.5890e-01   6.3446e+01   3.2878e+00   0.0000e+00   9.9996e-06   3.4732e+02
20251208_08:00:00   2.3123e-01   5.7600e+01   2.8790e+00   0.0000e+00   2.4443e-05   3.4832e+02
20251208_09:00:00   2.0992e-01   5.3132e+01   2.5391e+00   0.0000e+00   1.0283e-03   3.5409e+02
20251208_10:00:00   2.0441e-01   5.1885e+01   2.4406e+00   0.0000e+00   6.7825e-03   3.5641e+02
20251208_11:00:00   1.8914e-01   4.8569e+01   2.2327e+00   0.0000e+00   7.5742e-04   3.5072e+02
20251208_12:00:00   1.6368e-01   4.3027e+01   1.8912e+00   0.0000e+00   6.5248e-05   3.4761e+02
20251208_13:00:00   1.5679e-01   4.1451e+01   1.7947e+00   0.0000e+00   2.9990e-05   3.4480e+02
20251208_14:00:00   1.4721e-01   3.9332e+01   1.6761e+00   0.0000e+00   1.9646e-05   3.4506e+02
20251208_15:00:00   1.3129e-01   3.5782e+01   1.4834e+00   0.0000e+00   2.9400e-04   3.4943e+02
20251208_16:00:00   1.2443e-01   3.4258e+01   1.4097e+00   0.0000e+00   1.0564e-03   3.4725e+02
20251208_17:00:00   1.2991e-01   3.5500e+01   1.5023e+00   0.0000e+00   9.0751e-04   3.5182e+02
20251208_18:00:00   1.3903e-01   3.7537e+01   1.6459e+00   0.0000e+00   1.1878e-03   3.4816e+02
20251208_19:00:00   1.4483e-01   3.8821e+01   1.7467e+00   0.0000e+00   1.5786e-03   3.4865e+02
20251208_20:00:00   1.4966e-01   3.9872e+01   1.8334e+00   0.0000e+00   2.6009e-03   3.5281e+02
20251208_21:00:00   1.5190e-01   4.0357e+01   1.8698e+00   0.0000e+00   2.3589e-03   3.5422e+02
20251208_22:00:00   1.5372e-01   4.0726e+01   1.9010e+00   0.0000e+00   2.8843e-03   3.5391e+02
20251208_23:00:00   1.5137e-01   4.0168e+01   1.8894e+00   0.0000e+00   3.3318e-03   3.5388e+02
20251209_00:00:00   1.4605e-01   3.8940e+01   1.8472e+00   0.0000e+00   3.4901e-03   3.5647e+02
20251209_01:00:00   1.4722e-01   3.9163e+01   1.8818e+00   0.0000e+00   4.2512e-03   3.6221e+02
20251209_02:00:00   1.5442e-01   4.0680e+01   2.0198e+00   0.0000e+00   4.5732e-03   3.6186e+02
20251209_03:00:00   1.6041e-01   4.1902e+01   2.1449e+00   0.0000e+00   3.1090e-03   3.6798e+02
20251209_04:00:00   1.6646e-01   4.3139e+01   2.2684e+00   0.0000e+00   2.4776e-03   3.7627e+02
20251209_05:00:00   1.7124e-01   4.4110e+01   2.3545e+00   0.0000e+00   2.1188e-03   3.7613e+02
20251209_06:00:00   1.7506e-01   4.4928e+01   2.4227e+00   0.0000e+00   2.0740e-04   3.7469e+02
20251209_07:00:00   1.7603e-01   4.5173e+01   2.4338e+00   0.0000e+00   2.9822e-05   3.7984e+02
20251209_08:00:00   1.7653e-01   4.5310e+01   2.4338e+00   0.0000e+00   1.6316e-05   3.8917e+02
20251209_09:00:00   1.7573e-01   4.5183e+01   2.4162e+00   0.0000e+00   8.1580e-06   3.9227e+02
20251209_10:00:00   1.6848e-01   4.3717e+01   2.2865e+00   0.0000e+00   5.9900e-06   3.9689e+02
20251209_11:00:00   1.6704e-01   4.3375e+01   2.2592e+00   0.0000e+00   8.0420e-06   4.2251e+02
20251209_12:00:00   1.6766e-01   4.3498e+01   2.2673e+00   0.0000e+00   8.1580e-06   4.2379e+02
20251209_13:00:00   1.7115e-01   4.4261e+01   2.3430e+00   0.0000e+00   8.1580e-06   4.2349e+02
20251209_14:00:00   1.7037e-01   4.4157e+01   2.3417e+00   0.0000e+00   8.1580e-06   4.3168e+02
20251209_15:00:00   1.6379e-01   4.2863e+01   2.2384e+00   0.0000e+00   0.0000e+00   4.2926e+02
20251209_16:00:00   1.5992e-01   4.2189e+01   2.1467e+00   0.0000e+00   1.4176e-05   4.2647e+02
20251209_17:00:00   1.6436e-01   4.3223e+01   2.2206e+00   0.0000e+00   3.1673e-03   4.1389e+02
20251209_18:00:00   1.7318e-01   4.5088e+01   2.3868e+00   0.0000e+00   1.7262e-02   4.0565e+02
20251209_19:00:00   1.8798e-01   4.8081e+01   2.6339e+00   0.0000e+00   8.5198e-02   4.0352e+02
20251209_20:00:00   1.9233e-01   4.8864e+01   2.7341e+00   0.0000e+00   1.1598e-01   4.0548e+02
20251209_21:00:00   2.1745e-01   5.3907e+01   3.2079e+00   0.0000e+00   1.0553e-01   4.0251e+02
20251209_22:00:00   2.9254e-01   6.8887e+01   4.4302e+00   0.0000e+00   1.2247e-01   3.9610e+02
20251209_23:00:00   3.6861e-01   8.3075e+01   5.5583e+00   0.0000e+00   6.0671e-02   3.8114e+02
20251210_00:00:00   5.1487e-01   1.0749e+02   7.4830e+00   0.0000e+00   2.1973e-01   3.8431e+02
20251210_01:00:00   5.6065e-01   1.1484e+02   7.9727e+00   0.0000e+00   2.4292e-01   3.8365e+02
20251210_02:00:00   5.5608e-01   1.1477e+02   7.8034e+00   0.0000e+00   1.1295e-01   3.9096e+02
20251210_03:00:00   5.7270e-01   1.1754e+02   7.9856e+00   8.3580e-05   1.1532e-01   3.9265e+02
20251210_04:00:00   5.7496e-01   1.1828e+02   7.9976e+00   1.4576e-05   7.7178e-02   3.8750e+02
20251210_05:00:00   5.7520e-01   1.1846e+02   7.8816e+00   4.9807e-03   4.4361e-02   3.7881e+02
20251210_06:00:00   5.1658e-01   1.0978e+02   7.3321e+00   6.9961e-05   1.4335e-03   3.7085e+02
20251210_07:00:00   4.8308e-01   1.0455e+02   6.8836e+00   0.0000e+00   4.3313e-03   3.6511e+02
20251210_08:00:00   4.6356e-01   1.0139e+02   6.6653e+00   0.0000e+00   1.0465e-02   3.5798e+02
20251210_09:00:00   4.5534e-01   1.0001e+02   6.6213e+00   0.0000e+00   1.6585e-02   3.5553e+02
20251210_10:00:00   4.6010e-01   1.0074e+02   6.7595e+00   0.0000e+00   3.3320e-02   3.5567e+02
20251210_11:00:00   4.8110e-01   1.0405e+02   7.1995e+00   0.0000e+00   3.8556e-02   3.5708e+02
20251210_12:00:00   5.1903e-01   1.0989e+02   7.8937e+00   0.0000e+00   1.2134e-01   3.6164e+02
20251210_13:00:00   5.6532e-01   1.1694e+02   8.6825e+00   0.0000e+00   1.8994e-01   3.5969e+02
20251210_14:00:00   5.6940e-01   1.1761e+02   8.7910e+00   0.0000e+00   1.5943e-01   3.5568e+02
20251210_15:00:00   6.2458e-01   1.2568e+02   9.6778e+00   0.0000e+00   2.4171e-01   3.5467e+02
20251210_16:00:00   6.9084e-01   1.3482e+02   1.0730e+01   0.0000e+00   1.2590e-01   3.5177e+02
20251210_17:00:00   8.7495e-01   1.5726e+02   1.2932e+01   2.4969e-03   5.1639e-01   3.4906e+02
20251210_18:00:00   9.1882e-01   1.6235e+02   1.3601e+01   2.6085e-03   4.2298e-01   3.4823e+02
20251210_19:00:00   1.1525e+00   1.8529e+02   1.4090e+01   8.3760e-02   6.4742e-01   3.4666e+02
20251210_20:00:00   1.4108e+00   2.0534e+02   1.4626e+01   1.7614e-01   6.2075e-01   3.4736e+02
20251210_21:00:00   2.1847e+00   2.4186e+02   1.4934e+01   4.8555e-01   7.1929e-01   3.4297e+02
20251210_22:00:00   1.8611e+00   2.3016e+02   1.4942e+01   3.5329e-01   6.3271e-01   3.4376e+02
20251210_23:00:00   1.6021e+00   2.1766e+02   1.4992e+01   2.4521e-01   6.1806e-01   3.4121e+02
20251211_00:00:00   1.8768e+00   2.3108e+02   1.4699e+01   3.6727e-01   5.2156e-01   3.4156e+02
20251211_01:00:00   1.7232e+00   2.2412e+02   1.4097e+01   3.2097e-01   4.2942e-01   3.4125e+02
20251211_02:00:00   1.6569e+00   2.2060e+02   1.3632e+01   3.0612e-01   2.8103e-01   3.4092e+02
20251211_03:00:00   1.8735e+00   2.3087e+02   1.3008e+01   4.0939e-01   2.0792e-01   3.4243e+02
20251211_04:00:00   2.0484e+00   2.3793e+02   1.1124e+01   5.2700e-01   1.7795e-02   3.4546e+02
20251211_05:00:00   1.7092e+00   2.2355e+02   1.0746e+01   3.9819e-01   1.8012e-02   3.4597e+02
20251211_06:00:00   1.3257e+00   2.0031e+02   1.0146e+01   2.5648e-01   9.4196e-04   3.5209e+02
20251211_07:00:00   7.6282e-01   1.4621e+02   8.8558e+00   5.6684e-02   1.0945e-03   3.5268e+02
20251211_08:00:00   9.1410e-01   1.6373e+02   8.3849e+00   1.3287e-01   6.2131e-03   3.5204e+02
20251211_09:00:00   6.5781e-01   1.3206e+02   8.7524e+00   2.0322e-02   2.0611e-03   3.5237e+02
20251211_10:00:00   6.6091e-01   1.3179e+02   9.4052e+00   8.0753e-03   1.6896e-03   3.4195e+02
20251211_11:00:00   1.1553e+00   1.8484e+02   9.3401e+00   2.2396e-01   7.7340e-03   3.2821e+02
20251211_12:00:00   6.7364e-01   1.3293e+02   8.7561e+00   3.3432e-02   1.0470e-02   3.2131e+02
20251211_13:00:00   4.3909e-01   9.7889e+01   6.1387e+00   0.0000e+00   4.3538e-05   3.1917e+02
20251211_14:00:00   3.0557e-01   7.3737e+01   4.1041e+00   0.0000e+00   6.3701e-06   3.2477e+02
20251211_15:00:00   2.5813e-01   6.4263e+01   3.4415e+00   0.0000e+00   6.3505e-06   3.2726e+02
20251211_16:00:00   2.1908e-01   5.6055e+01   2.8916e+00   0.0000e+00   2.6340e-06   3.2341e+02
20251211_17:00:00   1.8491e-01   4.8657e+01   2.3872e+00   0.0000e+00   7.0430e-05   3.2392e+02
20251211_18:00:00   1.8021e-01   4.7455e+01   2.3367e+00   0.0000e+00   8.0507e-03   3.2413e+02
20251211_19:00:00   1.9943e-01   5.1246e+01   2.6784e+00   0.0000e+00   2.6517e-02   3.1934e+02
20251211_20:00:00   2.0784e-01   5.2932e+01   2.7968e+00   0.0000e+00   2.0336e-02   3.2292e+02
20251211_21:00:00   2.0823e-01   5.2984e+01   2.7893e+00   0.0000e+00   3.1556e-03   3.2903e+02
20251211_22:00:00   2.1335e-01   5.4141e+01   2.8062e+00   0.0000e+00   1.5507e-05   3.3088e+02
20251211_23:00:00   2.1921e-01   5.5516e+01   2.8298e+00   0.0000e+00   5.1766e-06   3.2937e+02
20251212_00:00:00   2.2994e-01   5.7851e+01   2.9635e+00   0.0000e+00   5.2157e-06   3.2993e+02
20251212_01:00:00   2.6270e-01   6.4474e+01   3.4270e+00   0.0000e+00   4.8202e-05   3.3279e+02
20251212_02:00:00   2.7136e-01   6.6169e+01   3.5617e+00   0.0000e+00   2.3933e-03   3.3808e+02
20251212_03:00:00   2.8886e-01   6.9515e+01   3.8325e+00   0.0000e+00   7.0308e-03   3.4525e+02
20251212_04:00:00   3.1282e-01   7.3990e+01   4.1752e+00   0.0000e+00   8.5497e-03   3.4310e+02
20251212_05:00:00   3.1532e-01   7.4394e+01   4.2398e+00   0.0000e+00   1.0711e-02   3.4925e+02
20251212_06:00:00   3.0735e-01   7.2853e+01   4.1608e+00   0.0000e+00   8.0130e-03   3.5486e+02
20251212_07:00:00   2.9279e-01   6.9986e+01   3.9880e+00   0.0000e+00   3.2357e-03   3.5289e+02
20251212_08:00:00   2.7489e-01   6.6439e+01   3.7457e+00   0.0000e+00   1.7711e-03   3.4714e+02
20251212_09:00:00   2.5329e-01   6.2123e+01   3.4316e+00   0.0000e+00   1.2821e-03   3.4233e+02
20251212_10:00:00   2.2805e-01   5.6970e+01   3.0686e+00   0.0000e+00   8.7041e-04   3.4627e+02
20251212_11:00:00   2.0918e-01   5.3013e+01   2.7875e+00   0.0000e+00   8.5737e-04   3.4766e+02
20251212_12:00:00   1.9474e-01   4.9972e+01   2.5761e+00   0.0000e+00   6.7332e-04   3.4365e+02
20251212_13:00:00   1.8407e-01   4.7699e+01   2.4218e+00   0.0000e+00   2.6614e-04   3.4407e+02
20251212_14:00:00   1.7902e-01   4.6626e+01   2.3534e+00   0.0000e+00   1.6506e-04   3.5372e+02
20251212_15:00:00   1.8464e-01   4.7838e+01   2.4400e+00   0.0000e+00   3.6743e-04   3.5112e+02
20251212_16:00:00   1.8602e-01   4.8186e+01   2.4588e+00   0.0000e+00   1.0740e-04   3.5054e+02
20251212_17:00:00   1.8930e-01   4.8982e+01   2.4997e+00   0.0000e+00   4.5900e-05   3.5474e+02
20251212_18:00:00   1.9372e-01   4.9982e+01   2.5704e+00   0.0000e+00   7.0880e-06   3.5619e+02
20251212_21:00:00   2.0155e-01   5.1589e+01   2.7171e+00   0.0000e+00   1.4576e-05   3.5070e+02
20251213_00:00:00   2.4906e-01   6.0876e+01   3.6116e+00   0.0000e+00   1.0209e-05   3.5477e+02
20251213_03:00:00   3.1358e-01   7.3301e+01   4.5845e+00   0.0000e+00   3.5145e-04   3.5634e+02
20251213_06:00:00   4.5800e-01   9.8776e+01   6.5212e+00   0.0000e+00   3.9549e-02   3.6937e+02
20251213_09:00:00   4.9674e-01   1.0545e+02   6.7659e+00   0.0000e+00   2.0121e-01   3.8729e+02
20251213_12:00:00   4.4414e-01   9.7263e+01   5.8614e+00   8.4149e-05   1.4173e-01   3.8506e+02
20251213_15:00:00   3.5230e-01   8.0896e+01   4.5468e+00   7.8232e-04   3.0813e-02   3.8565e+02
20251213_18:00:00   2.2005e-01   5.4907e+01   2.7347e+00   0.0000e+00   2.4570e-05   3.9427e+02
20251213_21:00:00   2.4094e-01   5.9120e+01   3.0047e+00   0.0000e+00   3.9906e-04   3.8845e+02
20251214_00:00:00   2.1502e-01   5.4115e+01   2.6185e+00   0.0000e+00   1.0036e-05   3.5706e+02
20251214_03:00:00   2.4941e-01   6.1022e+01   3.2947e+00   0.0000e+00   8.3151e-06   3.3815e+02
20251214_06:00:00   2.4882e-01   6.0779e+01   3.5011e+00   0.0000e+00   3.2704e-03   3.3658e+02
20251214_09:00:00   2.5266e-01   6.1359e+01   3.6395e+00   0.0000e+00   4.2443e-03   3.3197e+02
20251214_12:00:00   2.6914e-01   6.4517e+01   3.8759e+00   0.0000e+00   6.9426e-03   3.3239e+02
20251214_15:00:00   2.8959e-01   6.8464e+01   4.1706e+00   0.0000e+00   7.7716e-03   3.4119e+02
20251214_18:00:00   3.2296e-01   7.4765e+01   4.6525e+00   0.0000e+00   2.6020e-02   3.5609e+02
20251214_21:00:00   3.2677e-01   7.5436e+01   4.6576e+00   0.0000e+00   6.2918e-03   3.5115e+02
20251215_00:00:00   3.1581e-01   7.3312e+01   4.3520e+00   0.0000e+00   6.9609e-03   3.7110e+02
20251215_03:00:00   3.2372e-01   7.4654e+01   4.4249e+00   0.0000e+00   6.1603e-03   3.6146e+02
20251215_06:00:00   3.1241e-01   7.2350e+01   4.2731e+00   0.0000e+00   2.9699e-02   3.6698e+02
20251215_09:00:00   2.9446e-01   6.8988e+01   3.9987e+00   0.0000e+00   2.2411e-03   3.5355e+02
20251215_12:00:00   2.5420e-01   6.1572e+01   3.2916e+00   0.0000e+00   1.3560e-05   3.8439e+02
20251215_15:00:00   2.4065e-01   5.9172e+01   3.0594e+00   0.0000e+00   8.8100e-06   3.4877e+02
20251215_18:00:00   2.4813e-01   6.0866e+01   3.1976e+00   0.0000e+00   5.3171e-05   3.2769e+02
20251215_21:00:00   2.5414e-01   6.1972e+01   3.4057e+00   0.0000e+00   1.8171e-04   3.1426e+02
20251216_00:00:00   2.7190e-01   6.4956e+01   3.8530e+00   0.0000e+00   1.9972e-02   3.0560e+02
20251216_03:00:00   2.8570e-01   6.7362e+01   4.0678e+00   0.0000e+00   8.5478e-02   3.0474e+02
20251216_06:00:00   3.0816e-01   7.1410e+01   4.3657e+00   0.0000e+00   5.4924e-02   3.0658e+02
20251216_09:00:00   3.1701e-01   7.3045e+01   4.4044e+00   0.0000e+00   3.5098e-02   3.2076e+02
20251216_12:00:00   3.2419e-01   7.4338e+01   4.4830e+00   0.0000e+00   2.2015e-02   3.2551e+02
20251216_15:00:00   3.2691e-01   7.4974e+01   4.5121e+00   0.0000e+00   3.4779e-03   3.4020e+02
20251216_18:00:00   3.1393e-01   7.2959e+01   4.3261e+00   0.0000e+00   9.5046e-05   3.5519e+02
20251216_21:00:00   2.6734e-01   6.4633e+01   3.4747e+00   0.0000e+00   5.4093e-06   3.8486e+02
20251217_00:00:00   2.7957e-01   6.6573e+01   3.9174e+00   0.0000e+00   3.2030e-04   3.7340e+02
20251217_03:00:00   3.2437e-01   7.5056e+01   4.7345e+00   0.0000e+00   3.3465e-05   3.2376e+02
20251217_06:00:00   3.7872e-01   8.4978e+01   5.7053e+00   0.0000e+00   2.3903e-03   3.1284e+02
20251217_09:00:00   4.5810e-01   9.8840e+01   6.9697e+00   0.0000e+00   4.7054e-04   3.1969e+02
20251217_12:00:00   4.4361e-01   9.6699e+01   6.9451e+00   0.0000e+00   6.1978e-03   3.1933e+02
20251217_15:00:00   5.2446e-01   1.0999e+02   8.3065e+00   0.0000e+00   3.3526e-02   3.2567e+02
20251217_18:00:00   5.0172e-01   1.0654e+02   7.9374e+00   0.0000e+00   2.3685e-01   3.2717e+02
20251217_21:00:00   4.8912e-01   1.0482e+02   7.9840e+00   0.0000e+00   1.3729e-01   3.3772e+02
20251218_00:00:00   4.3027e-01   9.6304e+01   7.0073e+00   0.0000e+00   7.4522e-05   3.3089e+02
20251218_03:00:00   4.8892e-01   1.0671e+02   8.0322e+00   0.0000e+00   9.3358e-04   3.2484e+02
20251218_06:00:00   5.2216e-01   1.1227e+02   8.4320e+00   0.0000e+00   4.4137e-03   3.2407e+02
20251218_09:00:00   5.7312e-01   1.2025e+02   9.0998e+00   0.0000e+00   1.2459e-03   3.2854e+02
20251218_12:00:00   5.9620e-01   1.2373e+02   9.3484e+00   0.0000e+00   2.0235e-04   3.2868e+02
20251218_15:00:00   6.7499e-01   1.3457e+02   1.0665e+01   0.0000e+00   3.9323e-03   3.2133e+02
20251218_18:00:00   8.3940e-01   1.5431e+02   1.3255e+01   5.8460e-04   7.5567e-02   3.2764e+02
20251218_21:00:00   8.6096e-01   1.5644e+02   1.3370e+01   0.0000e+00   1.2097e-01   3.3678e+02
20251219_00:00:00   7.5730e-01   1.4435e+02   1.1609e+01   2.8960e-07   2.7861e-03   3.4724e+02
20251219_03:00:00   7.8818e-01   1.4810e+02   1.2187e+01   2.4800e-05   3.2591e-02   3.3814e+02
20251219_06:00:00   1.0279e+00   1.7387e+02   1.5794e+01   1.4278e-03   5.0061e-01   3.3169e+02
20251219_09:00:00   9.7002e-01   1.6948e+02   1.3735e+01   4.8087e-02   1.0409e-01   3.2596e+02
20251219_12:00:00   1.0734e+00   1.7973e+02   1.2436e+01   1.0299e-01   4.1700e-02   3.3335e+02
20251219_15:00:00   1.2974e+00   1.9799e+02   1.0808e+01   2.4045e-01   7.8705e-02   3.2855e+02
20251219_18:00:00   1.1112e+00   1.8289e+02   9.5994e+00   1.8727e-01   9.9546e-02   3.4096e+02
20251219_21:00:00   5.1099e-01   1.0965e+02   7.0816e+00   0.0000e+00   6.3976e-02   3.5396e+02
20251220_00:00:00   4.0219e-01   9.0499e+01   5.3820e+00   2.6060e-03   7.2282e-02   3.9230e+02
20251220_03:00:00   3.3755e-01   7.8146e+01   4.6858e+00   0.0000e+00   1.0375e-03   4.0284e+02
20251220_06:00:00   3.1560e-01   7.3738e+01   4.2903e+00   0.0000e+00   3.8005e-03   3.9837e+02
20251220_09:00:00   2.6996e-01   6.5085e+01   3.5362e+00   0.0000e+00   1.1768e-03   3.9481e+02
20251220_12:00:00   1.8320e-01   4.7372e+01   2.2031e+00   0.0000e+00   4.5702e-05   4.0020e+02
20251220_15:00:00   1.5274e-01   4.0797e+01   1.8144e+00   0.0000e+00   0.0000e+00   4.2458e+02
20251220_18:00:00   1.6691e-01   4.4053e+01   2.0228e+00   0.0000e+00   0.0000e+00   4.2073e+02
20251220_21:00:00   1.5029e-01   4.0291e+01   1.8690e+00   0.0000e+00   0.0000e+00   3.8571e+02
20251221_00:00:00   1.6713e-01   4.3789e+01   2.3644e+00   0.0000e+00   4.0601e-03   3.8045e+02
20251221_03:00:00   2.6964e-01   6.4520e+01   4.4610e+00   0.0000e+00   3.9711e-02   3.6806e+02
20251221_06:00:00   4.3032e-01   9.3776e+01   7.3077e+00   0.0000e+00   1.0725e-01   3.3704e+02
20251221_09:00:00   5.8509e-01   1.1873e+02   9.8150e+00   0.0000e+00   2.5223e-01   3.0236e+02
20251221_12:00:00   6.0966e-01   1.2388e+02   1.0244e+01   1.3903e-03   1.5013e-02   2.9635e+02
20251221_15:00:00   5.5492e-01   1.1759e+02   8.7273e+00   0.0000e+00   3.2436e-03   2.9261e+02
20251221_18:00:00   5.7142e-01   1.2094e+02   8.8956e+00   0.0000e+00   3.5128e-04   3.0102e+02
20251221_21:00:00   8.3557e-01   1.5600e+02   1.0183e+01   7.3254e-02   2.7817e-03   3.0108e+02
20251222_00:00:00   1.0452e+00   1.7858e+02   1.0914e+01   1.3969e-01   2.7777e-02   2.9336e+02
20251222_03:00:00   1.5137e+00   2.1421e+02   1.3352e+01   2.6315e-01   7.0874e-03   2.8878e+02
20251222_06:00:00   1.5368e+00   2.1491e+02   1.5147e+01   2.3233e-01   4.7645e-02   2.8769e+02
20251222_09:00:00   1.3186e+00   1.9972e+02   1.6306e+01   1.1043e-01   1.4480e-01   2.9764e+02
20251222_12:00:00   1.7895e+00   2.2694e+02   1.7588e+01   2.5987e-01   3.0176e-01   3.0748e+02
20251222_15:00:00   4.5433e+00   2.7043e+02   1.8510e+01   1.3776e+00   3.8987e-01   3.1394e+02
20251222_18:00:00   4.2365e+00   2.6981e+02   1.8522e+01   1.2398e+00   2.4362e-01   3.2019e+02
20251222_21:00:00   2.2677e+00   2.4698e+02   1.8558e+01   4.0832e-01   1.9031e-01   3.1737e+02
20251223_00:00:00   2.1964e+00   2.4637e+02   1.5138e+01   4.7589e-01   4.5290e-02   3.2791e+02
20251223_03:00:00   1.1788e+00   1.9121e+02   1.3830e+01   1.0235e-01   5.2683e-02   3.3871e+02
20251223_06:00:00   3.7302e-01   8.7031e+01   5.3889e+00   0.0000e+00   5.4218e-05   3.4571e+02
20251223_09:00:00   3.5589e-01   8.3009e+01   5.0796e+00   0.0000e+00   4.9933e-06   3.5158e+02
20251223_12:00:00   3.0115e-01   7.2819e+01   3.9789e+00   0.0000e+00   7.1217e-06   3.6962e+02
20251223_15:00:00   3.0901e-01   7.3600e+01   4.0316e+00   0.0000e+00   1.0989e-02   3.7995e+02
20251223_18:00:00   2.8259e-01   6.8155e+01   3.6489e+00   3.5440e-05   2.1565e-03   3.7696e+02
