#            date       tau255        Tb[K]      pwv[mm] lwp[kg*m^-2] iwp[kg*m^-2]       o3[DU]
20251206_06:00:00   3.7925e-01   8.6462e+01   5.3814e+00   0.0000e+00   5.0375e-03   3.3264e+02
20251206_07:00:00   4.0963e-01   9.1858e+01   5.8367e+00   0.0000e+00   4.4623e-03   3.3266e+02
20251206_08:00:00   4.6147e-01   1.0047e+02   6.6582e+00   0.0000e+00   2.2538e-02   3.3285e+02
20251206_09:00:00   5.1296e-01   1.0865e+02   7.5036e+00   0.0000e+00   3.6213e-02   3.2903e+02
20251206_10:00:00   5.5678e-01   1.1523e+02   8.2074e+00   0.0000e+00   7.7645e-02   3.2440e+02
20251206_11:00:00   5.8755e-01   1.1967e+02   8.7552e+00   0.0000e+00   5.8687e-02   3.2103e+02
20251206_12:00:00   5.9711e-01   1.2106e+02   8.9139e+00   2.1720e-07   6.3312e-02   3.1776e+02
20251206_13:00:00   5.9768e-01   1.2130e+02   8.8896e+00   1.5339e-05   4.6553e-02   3.1633e+02
20251206_14:00:00   5.9905e-01   1.2161e+02   8.8427e+00   7.0280e-04   3.9708e-02   3.1990e+02
20251206_15:00:00   6.2341e-01   1.2521e+02   8.8371e+00   1.0804e-02   5.1284e-02   3.2101e+02
20251206_16:00:00   6.3681e-01   1.2736e+02   8.4779e+00   2.6896e-02   3.6442e-02   3.2149e+02
20251206_17:00:00   6.4010e-01   1.2793e+02   8.0357e+00   4.1722e-02   3.2618e-02   3.1669e+02
20251206_18:00:00   5.8008e-01   1.1949e+02   7.6825e+00   2.5719e-02   9.9672e-03   3.1475e+02
20251206_19:00:00   5.9913e-01   1.2256e+02   7.8449e+00   2.7360e-02   2.4833e-03   3.1213e+02
20251206_20:00:00   5.7204e-01   1.1882e+02   7.9146e+00   1.0952e-02   4.2928e-04   3.1414e+02
20251206_21:00:00   5.4302e-01   1.1450e+02   7.8572e+00   0.0000e+00   2.3980e-05   3.1408e+02
20251206_22:00:00   5.2190e-01   1.1112e+02   7.5958e+00   0.0000e+00   1.6635e-05   3.1569e+02
20251206_23:00:00   5.2370e-01   1.1138e+02   7.6373e+00   0.0000e+00   1.9151e-05   3.1706e+02
20251207_00:00:00   5.3874e-01   1.1357e+02   7.8461e+00   0.0000e+00   2.1826e-05   3.1871e+02
20251207_01:00:00   5.2385e-01   1.1137e+02   7.5972e+00   0.0000e+00   2.2235e-05   3.2044e+02
20251207_02:00:00   4.7784e-01   1.0428e+02   6.8308e+00   0.0000e+00   1.5168e-05   3.2147e+02
20251207_03:00:00   4.2706e-01   9.5918e+01   5.9877e+00   0.0000e+00   1.0456e-05   3.2330e+02
20251207_04:00:00   3.8713e-01   8.8921e+01   5.4421e+00   0.0000e+00   6.1865e-06   3.2158e+02
20251207_05:00:00   3.7828e-01   8.7243e+01   5.3212e+00   0.0000e+00   6.1784e-06   3.2172e+02
20251207_06:00:00   3.8038e-01   8.7489e+01   5.4158e+00   0.0000e+00   2.4943e-04   3.2550e+02
20251207_07:00:00   3.9982e-01   9.0765e+01   5.7559e+00   0.0000e+00   2.0288e-03   3.2531e+02
20251207_08:00:00   4.1259e-01   9.2891e+01   6.0036e+00   0.0000e+00   3.3043e-03   3.2937e+02
20251207_09:00:00   4.2914e-01   9.5599e+01   6.2984e+00   0.0000e+00   1.2142e-02   3.3059e+02
20251207_10:00:00   4.3000e-01   9.5635e+01   6.3219e+00   0.0000e+00   1.0256e-02   3.3727e+02
20251207_11:00:00   4.0353e-01   9.0973e+01   5.9489e+00   0.0000e+00   1.3321e-03   3.4019e+02
20251207_12:00:00   3.9681e-01   8.9703e+01   5.8511e+00   0.0000e+00   4.7215e-05   3.4040e+02
20251207_13:00:00   3.9680e-01   8.9709e+01   5.8322e+00   0.0000e+00   4.6122e-04   3.4287e+02
20251207_14:00:00   4.0085e-01   9.0419e+01   5.9129e+00   0.0000e+00   4.0014e-03   3.4288e+02
20251207_15:00:00   4.2146e-01   9.3847e+01   6.2540e+00   0.0000e+00   1.2850e-02   3.4424e+02
20251207_16:00:00   4.3199e-01   9.5549e+01   6.4402e+00   0.0000e+00   3.9497e-02   3.4183e+02
20251207_17:00:00   4.4717e-01   9.8019e+01   6.6575e+00   0.0000e+00   8.5410e-02   3.3997e+02
20251207_18:00:00   4.6738e-01   1.0133e+02   6.9531e+00   0.0000e+00   8.2594e-02   3.4250e+02
20251207_19:00:00   4.9296e-01   1.0544e+02   7.3151e+00   0.0000e+00   7.7975e-02   3.3874e+02
20251207_20:00:00   4.9989e-01   1.0663e+02   7.3303e+00   0.0000e+00   5.4459e-02   3.3711e+02
20251207_21:00:00   5.1127e-01   1.0839e+02   7.4266e+00   0.0000e+00   9.0328e-02   3.3293e+02
20251207_22:00:00   5.3660e-01   1.1238e+02   7.7128e+00   0.0000e+00   4.4252e-02   3.3183e+02
20251207_23:00:00   5.6898e-01   1.1725e+02   8.1226e+00   0.0000e+00   2.8244e-02   3.3211e+02
20251208_00:00:00   5.7158e-01   1.1777e+02   8.0589e+00   0.0000e+00   1.9897e-02   3.3474e+02
20251208_01:00:00   5.3482e-01   1.1243e+02   7.4417e+00   0.0000e+00   3.1144e-04   3.3740e+02
20251208_02:00:00   4.8331e-01   1.0446e+02   6.6800e+00   0.0000e+00   1.9371e-05   3.4157e+02
20251208_03:00:00   4.4467e-01   9.8209e+01   6.0917e+00   0.0000e+00   1.9285e-05   3.4155e+02
20251208_04:00:00   4.2561e-01   9.5156e+01   5.7132e+00   0.0000e+00   1.8962e-05   3.4027e+02
20251208_05:00:00   3.8429e-01   8.7951e+01   5.0734e+00   0.0000e+00   6.1226e-04   3.4182e+02
20251208_06:00:00   3.8970e-01   8.8475e+01   5.0686e+00   2.5640e-06   2.1690e-02   3.4881e+02
20251208_07:00:00   2.9934e-01   7.1560e+01   3.8191e+00   0.0000e+00   7.0014e-04   3.6105e+02
20251208_08:00:00   2.6699e-01   6.4881e+01   3.3526e+00   0.0000e+00   2.0690e-04   3.6279e+02
20251208_09:00:00   2.4931e-01   6.1050e+01   3.0989e+00   0.0000e+00   3.3280e-05   3.6450e+02
20251208_10:00:00   2.0686e-01   5.2235e+01   2.5127e+00   0.0000e+00   9.1010e-06   3.5893e+02
20251208_11:00:00   1.9217e-01   4.9095e+01   2.2768e+00   0.0000e+00   1.1979e-05   3.5733e+02
20251208_12:00:00   1.8836e-01   4.8181e+01   2.1930e+00   0.0000e+00   1.4347e-04   3.5767e+02
20251208_13:00:00   1.5892e-01   4.1884e+01   1.7854e+00   0.0000e+00   8.0524e-06   3.5621e+02
20251208_14:00:00   1.4439e-01   3.8721e+01   1.5894e+00   0.0000e+00   7.1912e-06   3.5694e+02
20251208_15:00:00   1.4143e-01   3.8054e+01   1.5689e+00   0.0000e+00   4.4934e-06   3.5674e+02
20251208_16:00:00   1.5013e-01   3.9960e+01   1.7084e+00   0.0000e+00   0.0000e+00   3.5462e+02
20251208_17:00:00   1.5338e-01   4.0719e+01   1.7850e+00   0.0000e+00   0.0000e+00   3.5726e+02
20251208_18:00:00   1.5728e-01   4.1590e+01   1.8760e+00   0.0000e+00   0.0000e+00   3.5604e+02
20251208_19:00:00   1.5501e-01   4.1131e+01   1.8823e+00   0.0000e+00   0.0000e+00   3.5803e+02
20251208_20:00:00   1.6080e-01   4.2388e+01   1.9715e+00   0.0000e+00   0.0000e+00   3.5772e+02
20251208_21:00:00   1.6632e-01   4.3557e+01   2.0688e+00   0.0000e+00   5.1280e-06   3.5832e+02
20251208_22:00:00   1.6877e-01   4.4049e+01   2.1347e+00   0.0000e+00   1.8305e-04   3.5609e+02
20251208_23:00:00   1.7226e-01   4.4707e+01   2.2430e+00   0.0000e+00   9.6782e-04   3.6257e+02
20251209_00:00:00   1.7467e-01   4.5094e+01   2.3424e+00   0.0000e+00   1.6641e-03   3.6264e+02
20251209_01:00:00   1.8029e-01   4.6172e+01   2.4836e+00   0.0000e+00   2.9661e-03   3.6453e+02
20251209_02:00:00   1.8942e-01   4.7999e+01   2.6638e+00   0.0000e+00   9.5712e-03   3.6140e+02
20251209_03:00:00   1.9859e-01   4.9870e+01   2.8230e+00   0.0000e+00   1.3825e-02   3.5669e+02
20251209_04:00:00   2.0337e-01   5.0869e+01   2.9012e+00   0.0000e+00   5.9583e-03   3.5972e+02
20251209_05:00:00   2.0928e-01   5.2060e+01   2.9935e+00   0.0000e+00   6.3391e-03   3.6750e+02
20251209_06:00:00   2.1071e-01   5.2364e+01   3.0159e+00   0.0000e+00   1.0304e-03   3.6881e+02
20251209_07:00:00   2.0817e-01   5.1883e+01   2.9736e+00   0.0000e+00   3.2632e-05   3.7302e+02
20251209_08:00:00   2.0725e-01   5.1707e+01   2.9616e+00   0.0000e+00   3.2952e-05   3.8427e+02
20251209_09:00:00   2.0733e-01   5.1711e+01   2.9636e+00   0.0000e+00   3.0464e-05   3.9165e+02
20251209_10:00:00   2.0419e-01   5.1055e+01   2.9090e+00   0.0000e+00   2.4472e-05   4.0485e+02
20251209_11:00:00   2.0707e-01   5.1615e+01   2.9693e+00   0.0000e+00   1.6432e-05   4.2578e+02
20251209_12:00:00   1.9664e-01   4.9500e+01   2.8093e+00   0.0000e+00   2.1345e-05   4.2894e+02
20251209_13:00:00   2.0143e-01   5.0480e+01   2.9141e+00   0.0000e+00   1.2929e-03   4.3385e+02
20251209_14:00:00   1.9918e-01   5.0144e+01   2.8698e+00   0.0000e+00   2.9744e-03   4.3809e+02
20251209_15:00:00   2.0340e-01   5.1049e+01   2.9681e+00   0.0000e+00   2.4383e-03   4.2874e+02
20251209_16:00:00   2.1202e-01   5.2873e+01   3.1424e+00   0.0000e+00   4.1512e-03   4.1796e+02
20251209_17:00:00   2.2976e-01   5.6577e+01   3.4254e+00   0.0000e+00   5.5619e-03   4.0994e+02
20251209_18:00:00   2.4566e-01   5.9823e+01   3.6690e+00   0.0000e+00   1.5624e-02   3.9958e+02
20251209_19:00:00   2.8775e-01   6.8064e+01   4.3822e+00   0.0000e+00   3.7397e-02   3.8584e+02
20251209_20:00:00   3.2014e-01   7.4317e+01   4.9001e+00   0.0000e+00   6.0249e-02   3.8018e+02
20251209_21:00:00   3.3220e-01   7.6811e+01   5.0123e+00   0.0000e+00   9.4189e-02   3.7920e+02
20251209_22:00:00   3.8085e-01   8.5615e+01   5.7315e+00   0.0000e+00   1.4884e-01   3.7890e+02
20251209_23:00:00   4.3697e-01   9.5309e+01   6.5277e+00   0.0000e+00   1.8677e-01   3.8245e+02
20251210_00:00:00   5.0618e-01   1.0667e+02   7.5294e+00   0.0000e+00   1.3807e-01   3.8988e+02
20251210_01:00:00   5.5732e-01   1.1470e+02   8.1363e+00   0.0000e+00   1.8835e-01   3.8896e+02
20251210_02:00:00   5.9499e-01   1.2053e+02   8.4509e+00   0.0000e+00   2.1368e-01   3.8118e+02
20251210_03:00:00   5.3127e-01   1.1157e+02   7.4282e+00   2.4020e-06   2.8626e-02   3.7680e+02
20251210_04:00:00   5.2420e-01   1.1062e+02   7.3639e+00   2.1977e-04   7.7448e-03   3.6945e+02
20251210_05:00:00   4.9422e-01   1.0609e+02   7.0698e+00   0.0000e+00   1.3176e-04   3.6728e+02
20251210_06:00:00   4.9874e-01   1.0681e+02   7.2750e+00   0.0000e+00   1.4682e-03   3.6377e+02
20251210_07:00:00   5.0427e-01   1.0777e+02   7.4583e+00   0.0000e+00   2.9503e-03   3.6163e+02
20251210_08:00:00   4.9206e-01   1.0598e+02   7.3508e+00   0.0000e+00   3.0619e-02   3.5866e+02
20251210_09:00:00   4.5807e-01   1.0057e+02   6.8268e+00   0.0000e+00   1.2735e-01   3.5727e+02
20251210_10:00:00   4.3767e-01   9.7263e+01   6.5606e+00   0.0000e+00   1.0136e-01   3.5655e+02
20251210_11:00:00   4.6358e-01   1.0140e+02   7.0261e+00   0.0000e+00   1.3909e-01   3.5871e+02
20251210_12:00:00   5.1419e-01   1.0935e+02   7.9286e+00   0.0000e+00   1.4975e-01   3.5824e+02
20251210_13:00:00   5.5799e-01   1.1605e+02   8.7826e+00   0.0000e+00   1.0112e-01   3.5165e+02
20251210_14:00:00   7.3728e-01   1.4113e+02   1.1586e+01   0.0000e+00   6.6460e-02   3.4876e+02
20251210_15:00:00   9.2395e-01   1.6341e+02   1.3987e+01   0.0000e+00   5.3734e-02   3.5049e+02
20251210_16:00:00   8.8945e-01   1.5971e+02   1.3631e+01   0.0000e+00   1.1875e-01   3.5330e+02
20251210_17:00:00   8.5684e-01   1.5607e+02   1.3287e+01   0.0000e+00   1.3199e-01   3.5014e+02
20251210_18:00:00   8.7848e-01   1.5864e+02   1.3574e+01   0.0000e+00   3.4983e-01   3.4543e+02
20251210_19:00:00   8.5763e-01   1.5651e+02   1.3341e+01   0.0000e+00   3.3560e-01   3.4434e+02
20251210_20:00:00   8.9057e-01   1.6042e+02   1.3802e+01   0.0000e+00   3.4204e-01   3.4423e+02
20251210_21:00:00   8.9025e-01   1.6045e+02   1.3770e+01   2.1043e-04   2.0669e-01   3.4336e+02
20251210_22:00:00   9.5011e-01   1.6684e+02   1.4341e+01   4.6346e-03   3.1813e-01   3.4261e+02
20251210_23:00:00   9.7755e-01   1.6963e+02   1.4640e+01   3.7997e-03   2.8002e-01   3.3950e+02
20251211_00:00:00   1.1750e+00   1.8801e+02   1.5076e+01   6.6920e-02   4.8649e-01   3.3513e+02
20251211_01:00:00   1.1032e+00   1.8184e+02   1.4722e+01   4.8526e-02   1.9844e-01   3.3397e+02
20251211_02:00:00   1.3262e+00   2.0020e+02   1.4229e+01   1.4876e-01   2.6020e-01   3.3408e+02
20251211_03:00:00   1.3428e+00   2.0175e+02   1.2719e+01   1.9543e-01   4.9919e-02   3.4095e+02
20251211_04:00:00   1.4424e+00   2.0866e+02   1.0832e+01   2.8510e-01   1.2285e-04   3.3472e+02
20251211_05:00:00   1.4036e+00   2.0588e+02   1.0236e+01   2.8474e-01   7.7485e-04   3.2784e+02
20251211_06:00:00   9.5174e-01   1.6778e+02   1.0681e+01   8.7684e-02   5.6029e-04   3.2903e+02
20251211_09:00:00   1.0555e+00   1.7804e+02   1.0022e+01   1.4687e-01   7.9683e-04   3.2809e+02
20251211_12:00:00   1.1193e+00   1.8300e+02   9.8400e+00   1.8868e-01   1.2650e-03   3.1566e+02
20251211_15:00:00   5.0288e-01   1.0975e+02   7.1205e+00   4.4220e-05   5.4462e-05   3.0800e+02
20251211_18:00:00   4.9566e-01   1.0778e+02   7.4570e+00   8.3560e-04   1.3792e-02   2.9371e+02
20251211_21:00:00   5.5347e-01   1.1605e+02   8.8472e+00   0.0000e+00   2.0988e-01   2.9305e+02
20251212_00:00:00   7.0735e-01   1.3758e+02   1.1634e+01   0.0000e+00   1.0614e-01   2.9290e+02
20251212_03:00:00   1.0131e+00   1.7194e+02   1.5635e+01   0.0000e+00   6.4418e-01   2.8376e+02
20251212_06:00:00   1.0790e+00   1.7858e+02   1.6319e+01   7.4808e-04   7.4542e-01   2.8488e+02
20251212_09:00:00   3.5507e+00   2.6455e+02   1.4928e+01   1.0620e+00   2.7337e-02   2.8943e+02
20251212_12:00:00   2.0936e+00   2.3995e+02   1.0036e+01   5.6312e-01   2.6148e-03   3.0053e+02
20251212_15:00:00   1.1074e+00   1.8352e+02   7.5448e+00   2.3273e-01   6.8135e-04   3.1043e+02
20251212_18:00:00   6.6222e-01   1.3319e+02   6.7322e+00   7.6752e-02   7.3528e-04   3.1239e+02
20251212_21:00:00   8.0617e-01   1.5063e+02   6.7323e+00   1.4104e-01   2.4380e-03   3.1345e+02
20251213_00:00:00   4.6353e-01   1.0215e+02   6.5449e+00   0.0000e+00   1.6328e-05   3.1038e+02
20251213_03:00:00   4.2407e-01   9.5109e+01   5.8756e+00   0.0000e+00   1.5585e-05   3.1561e+02
20251213_06:00:00   3.7927e-01   8.7026e+01   5.1930e+00   0.0000e+00   9.5922e-06   3.1976e+02
20251213_09:00:00   3.2644e-01   7.7042e+01   4.4716e+00   0.0000e+00   6.5255e-06   3.4696e+02
20251213_12:00:00   3.2016e-01   7.5532e+01   4.3840e+00   0.0000e+00   6.5494e-06   3.5283e+02
20251213_15:00:00   3.4304e-01   7.9802e+01   4.6150e+00   0.0000e+00   6.5625e-05   3.5446e+02
20251213_18:00:00   3.5931e-01   8.2651e+01   4.6604e+00   1.0681e-03   2.4971e-02   3.6951e+02
20251213_21:00:00   3.1161e-01   7.3483e+01   4.0675e+00   0.0000e+00   3.7483e-05   3.7121e+02
20251214_00:00:00   3.1212e-01   7.3111e+01   4.0536e+00   0.0000e+00   1.0068e-03   3.8090e+02
20251214_03:00:00   2.7928e-01   6.6340e+01   3.6026e+00   0.0000e+00   4.0316e-04   3.8739e+02
20251214_06:00:00   2.9110e-01   6.8172e+01   3.8464e+00   0.0000e+00   3.2731e-04   3.9033e+02
20251214_09:00:00   2.4408e-01   5.9168e+01   3.1815e+00   0.0000e+00   6.7090e-06   3.9149e+02
20251214_12:00:00   2.2880e-01   5.6191e+01   2.9213e+00   0.0000e+00   6.7698e-06   3.9207e+02
20251214_15:00:00   2.3299e-01   5.7230e+01   2.9075e+00   0.0000e+00   2.2385e-05   3.9222e+02
20251214_18:00:00   2.3827e-01   5.8492e+01   3.0122e+00   0.0000e+00   2.3632e-04   3.5887e+02
20251214_21:00:00   2.5027e-01   6.0694e+01   3.4569e+00   0.0000e+00   3.2974e-03   3.4060e+02
20251215_00:00:00   2.7912e-01   6.6082e+01   4.2481e+00   0.0000e+00   1.2387e-02   3.2772e+02
20251215_03:00:00   3.9549e-01   8.7174e+01   6.1507e+00   0.0000e+00   1.0127e-01   3.2369e+02
20251215_06:00:00   5.1684e-01   1.0700e+02   7.8549e+00   0.0000e+00   3.3926e-01   3.2193e+02
20251215_09:00:00   5.4145e-01   1.1091e+02   8.1631e+00   0.0000e+00   2.5413e-01   3.0751e+02
20251215_12:00:00   4.2828e-01   9.3832e+01   6.1498e+00   0.0000e+00   8.9180e-04   3.1070e+02
20251215_15:00:00   3.2339e-01   7.6043e+01   4.4218e+00   0.0000e+00   8.3171e-06   3.1404e+02
20251215_18:00:00   3.2878e-01   7.7362e+01   4.4256e+00   1.7576e-03   8.5678e-04   3.1239e+02
20251215_21:00:00   3.8445e-01   8.7293e+01   5.2277e+00   2.5640e-06   4.0244e-03   3.3055e+02
20251216_00:00:00   3.8209e-01   8.6617e+01   5.1159e+00   0.0000e+00   4.4426e-03   3.3774e+02
20251216_03:00:00   3.3445e-01   7.6567e+01   4.5341e+00   0.0000e+00   2.3422e-02   3.5603e+02
20251216_06:00:00   2.8446e-01   6.7014e+01   3.8057e+00   0.0000e+00   1.1261e-03   3.7457e+02
20251216_09:00:00   2.8093e-01   6.6589e+01   3.7164e+00   0.0000e+00   1.8610e-04   3.6043e+02
20251216_12:00:00   2.7140e-01   6.5172e+01   3.5843e+00   0.0000e+00   1.0085e-05   3.4376e+02
20251216_15:00:00   2.7322e-01   6.5677e+01   3.5798e+00   0.0000e+00   1.2560e-05   3.6781e+02
20251216_18:00:00   2.5848e-01   6.2870e+01   3.2984e+00   0.0000e+00   6.7938e-04   3.9275e+02
20251216_21:00:00   2.1210e-01   5.3247e+01   2.6637e+00   0.0000e+00   4.8694e-04   3.7631e+02
20251217_00:00:00   2.2114e-01   5.4969e+01   2.7916e+00   0.0000e+00   2.7265e-03   3.7175e+02
20251217_03:00:00   2.2145e-01   5.5004e+01   2.7657e+00   0.0000e+00   9.0501e-04   4.1124e+02
20251217_06:00:00   2.1960e-01   5.4430e+01   2.7560e+00   0.0000e+00   1.4362e-04   4.2358e+02
20251217_09:00:00   2.2653e-01   5.5612e+01   2.8648e+00   0.0000e+00   4.9851e-04   4.1413e+02
20251217_12:00:00   2.1047e-01   5.2333e+01   2.6218e+00   0.0000e+00   6.9622e-06   4.1617e+02
20251217_15:00:00   2.0115e-01   5.0647e+01   2.4382e+00   0.0000e+00   7.1190e-06   4.0501e+02
20251217_18:00:00   2.2015e-01   5.4486e+01   2.7898e+00   0.0000e+00   6.2011e-04   3.7847e+02
20251217_21:00:00   2.4662e-01   5.9453e+01   3.3499e+00   0.0000e+00   3.5472e-03   3.7181e+02
20251218_00:00:00   2.5608e-01   6.1075e+01   3.5757e+00   0.0000e+00   5.0419e-03   3.8749e+02
20251218_03:00:00   2.8963e-01   6.7299e+01   4.1551e+00   0.0000e+00   2.0229e-02   3.8443e+02
20251218_06:00:00   3.0815e-01   7.0716e+01   4.5367e+00   0.0000e+00   1.0879e-02   3.7265e+02
20251218_09:00:00   3.1104e-01   7.1255e+01   4.6568e+00   0.0000e+00   2.6059e-02   3.6782e+02
20251218_12:00:00   3.3947e-01   7.6456e+01   5.1114e+00   0.0000e+00   3.8232e-02   3.7521e+02
20251218_15:00:00   3.9748e-01   8.6707e+01   5.8273e+00   0.0000e+00   2.6394e-01   3.6706e+02
20251218_18:00:00   4.6145e-01   9.7565e+01   6.5815e+00   0.0000e+00   4.5058e-01   3.6538e+02
20251218_21:00:00   4.7286e-01   9.9569e+01   6.7076e+00   0.0000e+00   4.8175e-01   3.3584e+02
20251219_00:00:00   4.7291e-01   9.9683e+01   6.6279e+00   0.0000e+00   5.2622e-01   3.3113e+02
20251219_03:00:00   4.6512e-01   9.8767e+01   6.4366e+00   0.0000e+00   3.8971e-01   3.2121e+02
20251219_06:00:00   4.5187e-01   9.7012e+01   6.1114e+00   0.0000e+00   3.4882e-01   3.1882e+02
20251219_09:00:00   4.3183e-01   9.3991e+01   5.7861e+00   0.0000e+00   2.5998e-01   3.1473e+02
20251219_12:00:00   4.1938e-01   9.2079e+01   5.6713e+00   0.0000e+00   1.4601e-01   3.1270e+02
20251219_15:00:00   4.4613e-01   9.6290e+01   6.3102e+00   1.2820e-06   1.2829e-01   3.1578e+02
20251219_18:00:00   4.6547e-01   9.9340e+01   6.6736e+00   1.5390e-04   2.1876e-01   3.2053e+02
20251219_21:00:00   4.9629e-01   1.0386e+02   7.2001e+00   0.0000e+00   3.3386e-01   3.2479e+02
20251220_00:00:00   5.2103e-01   1.0743e+02   7.7003e+00   0.0000e+00   1.7870e-01   3.3119e+02
20251220_03:00:00   5.3555e-01   1.0963e+02   7.8371e+00   0.0000e+00   3.5004e-01   3.3220e+02
20251220_06:00:00   5.1943e-01   1.0732e+02   7.5336e+00   0.0000e+00   2.6496e-01   3.2071e+02
20251220_09:00:00   4.7204e-01   1.0051e+02   6.5462e+00   0.0000e+00   2.1111e-01   3.1910e+02
20251220_12:00:00   4.3498e-01   9.4879e+01   5.7917e+00   0.0000e+00   2.3739e-01   3.1777e+02
20251220_15:00:00   4.4833e-01   9.7301e+01   5.9331e+00   0.0000e+00   2.9468e-01   3.1854e+02
20251220_18:00:00   4.5072e-01   9.7863e+01   5.9866e+00   2.7680e-04   2.1219e-01   3.1830e+02
20251220_21:00:00   4.4611e-01   9.7049e+01   5.9071e+00   0.0000e+00   2.7996e-01   3.2665e+02
20251221_00:00:00   4.2593e-01   9.3614e+01   5.5884e+00   0.0000e+00   2.6406e-01   3.4063e+02
20251221_03:00:00   4.1917e-01   9.2453e+01   5.4954e+00   0.0000e+00   2.4826e-01   3.3486e+02
20251221_06:00:00   4.2034e-01   9.2674e+01   5.5981e+00   0.0000e+00   1.7948e-01   3.3794e+02
20251221_09:00:00   4.0965e-01   9.0800e+01   5.5592e+00   0.0000e+00   7.1894e-02   3.3658e+02
20251221_12:00:00   3.7945e-01   8.5462e+01   5.1872e+00   0.0000e+00   8.9608e-03   3.3667e+02
20251221_15:00:00   3.2363e-01   7.5554e+01   4.3263e+00   0.0000e+00   6.6562e-04   3.4055e+02
20251221_18:00:00   2.7148e-01   6.5898e+01   3.5443e+00   8.1988e-06   5.6021e-04   3.3380e+02
20251221_21:00:00   2.4025e-01   5.9702e+01   3.2250e+00   0.0000e+00   4.3680e-06   3.3211e+02
20251222_00:00:00   1.9785e-01   5.0895e+01   2.6901e+00   0.0000e+00   2.1604e-06   3.2899e+02
20251222_03:00:00   1.9879e-01   5.1124e+01   2.7873e+00   0.0000e+00   1.7240e-08   3.3755e+02
20251222_06:00:00   2.1465e-01   5.4487e+01   3.1154e+00   0.0000e+00   1.8170e-08   3.3016e+02
