#            date       tau255        Tb[K]      pwv[mm] lwp[kg*m^-2] iwp[kg*m^-2]       o3[DU]
20251210_06:00:00   6.1841e-01   1.2366e+02   9.1809e+00   0.0000e+00   2.7033e-01   3.5591e+02
20251210_07:00:00   6.3413e-01   1.2618e+02   9.4365e+00   0.0000e+00   2.1754e-01   3.5382e+02
20251210_08:00:00   5.9098e-01   1.2025e+02   8.9021e+00   0.0000e+00   1.3668e-01   3.4958e+02
20251210_09:00:00   5.8750e-01   1.1980e+02   8.9284e+00   0.0000e+00   5.9034e-02   3.4598e+02
20251210_10:00:00   5.8417e-01   1.1947e+02   8.9367e+00   0.0000e+00   1.5549e-02   3.5426e+02
20251210_11:00:00   5.7856e-01   1.1869e+02   8.9194e+00   0.0000e+00   5.0250e-02   3.5816e+02
20251210_12:00:00   6.0884e-01   1.2323e+02   9.4134e+00   0.0000e+00   1.2568e-01   3.5918e+02
20251210_13:00:00   6.7674e-01   1.3279e+02   1.0400e+01   0.0000e+00   8.9995e-02   3.5902e+02
20251210_14:00:00   7.4665e-01   1.4230e+02   1.1388e+01   0.0000e+00   8.1927e-03   3.5331e+02
20251210_15:00:00   7.5910e-01   1.4406e+02   1.1660e+01   0.0000e+00   1.6736e-02   3.4553e+02
20251210_16:00:00   8.1427e-01   1.5088e+02   1.2440e+01   0.0000e+00   1.1553e-01   3.4360e+02
20251210_17:00:00   8.6487e-01   1.5705e+02   1.3230e+01   4.1860e-04   5.9723e-02   3.4416e+02
20251210_18:00:00   8.6872e-01   1.5711e+02   1.3232e+01   0.0000e+00   4.9009e-01   3.4578e+02
20251210_19:00:00   8.5256e-01   1.5541e+02   1.3189e+01   0.0000e+00   2.4552e-01   3.4535e+02
20251210_20:00:00   9.2917e-01   1.6385e+02   1.3931e+01   5.1806e-03   4.6138e-01   3.4582e+02
20251210_21:00:00   9.5112e-01   1.6616e+02   1.4328e+01   1.5971e-03   4.0551e-01   3.4817e+02
20251210_22:00:00   1.1733e+00   1.8751e+02   1.4420e+01   8.8070e-02   4.0365e-01   3.4356e+02
20251210_23:00:00   1.5069e+00   2.1167e+02   1.4021e+01   2.3471e-01   4.9886e-01   3.4264e+02
20251211_00:00:00   1.5802e+00   2.1604e+02   1.3734e+01   2.7370e-01   2.6469e-01   3.3969e+02
20251211_01:00:00   1.8434e+00   2.2913e+02   1.3269e+01   3.9357e-01   2.8159e-01   3.3397e+02
20251211_02:00:00   1.9647e+00   2.3398e+02   1.2853e+01   4.5420e-01   3.6337e-01   3.3334e+02
20251211_03:00:00   1.8622e+00   2.2989e+02   1.2298e+01   4.2630e-01   2.3946e-01   3.3985e+02
20251211_04:00:00   1.8041e+00   2.2737e+02   1.1925e+01   4.0783e-01   3.4157e-01   3.4726e+02
20251211_05:00:00   1.7899e+00   2.2683e+02   1.1039e+01   4.2732e-01   1.8206e-01   3.4167e+02
20251211_06:00:00   2.1104e+00   2.3955e+02   1.0042e+01   5.8651e-01   3.6175e-02   3.5789e+02
20251211_07:00:00   1.5958e+00   2.1748e+02   8.6122e+00   4.0987e-01   1.9286e-03   3.5627e+02
20251211_08:00:00   8.0475e-01   1.5136e+02   7.7354e+00   1.0459e-01   6.3499e-04   3.5250e+02
20251211_09:00:00   7.6095e-01   1.4520e+02   8.2821e+00   7.4290e-02   8.6410e-03   3.4801e+02
20251211_10:00:00   6.5740e-01   1.3083e+02   8.5052e+00   2.9547e-02   1.9938e-02   3.3948e+02
20251211_11:00:00   5.0540e-01   1.0761e+02   7.4253e+00   0.0000e+00   2.4713e-04   3.4119e+02
20251211_12:00:00   3.9346e-01   8.9171e+01   5.5683e+00   0.0000e+00   6.6625e-04   3.4459e+02
20251211_13:00:00   3.0406e-01   7.2522e+01   4.1893e+00   0.0000e+00   3.7699e-04   3.4802e+02
20251211_14:00:00   2.5484e-01   6.2502e+01   3.4635e+00   0.0000e+00   3.9785e-04   3.4811e+02
20251211_15:00:00   2.3041e-01   5.7281e+01   3.1485e+00   0.0000e+00   8.7729e-04   3.5394e+02
20251211_16:00:00   2.2376e-01   5.5882e+01   3.0075e+00   0.0000e+00   3.1368e-04   3.6450e+02
20251211_17:00:00   2.0707e-01   5.2555e+01   2.6564e+00   0.0000e+00   1.4209e-05   3.7630e+02
20251211_18:00:00   2.1315e-01   5.3773e+01   2.6747e+00   0.0000e+00   9.9480e-06   3.8100e+02
20251211_19:00:00   2.1982e-01   5.4966e+01   2.7684e+00   0.0000e+00   8.1734e-06   3.9206e+02
20251211_20:00:00   2.2509e-01   5.5888e+01   2.8495e+00   0.0000e+00   3.9323e-06   3.9521e+02
20251211_21:00:00   2.3387e-01   5.7516e+01   2.9742e+00   0.0000e+00   1.7398e-04   3.9856e+02
20251211_22:00:00   2.4808e-01   6.0227e+01   3.1714e+00   0.0000e+00   6.7919e-04   3.9952e+02
20251211_23:00:00   2.4773e-01   6.0139e+01   3.1659e+00   0.0000e+00   6.9589e-04   3.9756e+02
20251212_00:00:00   2.3457e-01   5.7524e+01   2.9862e+00   0.0000e+00   2.8659e-04   3.9575e+02
20251212_01:00:00   2.2430e-01   5.5425e+01   2.8473e+00   0.0000e+00   1.8590e-04   3.9549e+02
20251212_02:00:00   2.1868e-01   5.4249e+01   2.7826e+00   0.0000e+00   8.8309e-05   3.9663e+02
20251212_03:00:00   2.1952e-01   5.4361e+01   2.8207e+00   0.0000e+00   1.1194e-04   3.9609e+02
20251212_04:00:00   2.2746e-01   5.5903e+01   2.9688e+00   0.0000e+00   5.3343e-04   3.9438e+02
20251212_05:00:00   2.4465e-01   5.9294e+01   3.2344e+00   0.0000e+00   8.4386e-04   3.8993e+02
20251212_06:00:00   2.6308e-01   6.2935e+01   3.5024e+00   0.0000e+00   1.9836e-04   3.8994e+02
20251212_07:00:00   2.7200e-01   6.4742e+01   3.6337e+00   0.0000e+00   8.0572e-05   3.8721e+02
20251212_08:00:00   2.7207e-01   6.4901e+01   3.6356e+00   0.0000e+00   2.4010e-05   3.8634e+02
20251212_09:00:00   2.7239e-01   6.5068e+01   3.6497e+00   0.0000e+00   1.8275e-05   3.8620e+02
20251212_10:00:00   2.7197e-01   6.5085e+01   3.6358e+00   0.0000e+00   3.1175e-05   3.9049e+02
20251212_11:00:00   2.7082e-01   6.4947e+01   3.6107e+00   0.0000e+00   4.6049e-05   3.9002e+02
20251212_12:00:00   2.7011e-01   6.4845e+01   3.5974e+00   0.0000e+00   2.5195e-05   3.9180e+02
20251212_13:00:00   2.7130e-01   6.5090e+01   3.6179e+00   0.0000e+00   1.9693e-05   3.8323e+02
20251212_14:00:00   2.7381e-01   6.5631e+01   3.6664e+00   0.0000e+00   9.1072e-06   3.7825e+02
20251212_15:00:00   2.6837e-01   6.4656e+01   3.6151e+00   0.0000e+00   6.0320e-06   3.8103e+02
20251212_16:00:00   2.6359e-01   6.3824e+01   3.5709e+00   0.0000e+00   1.8859e-06   3.8135e+02
20251212_17:00:00   2.6414e-01   6.4002e+01   3.5907e+00   0.0000e+00   1.2642e-06   3.8151e+02
20251212_18:00:00   2.6874e-01   6.4946e+01   3.6574e+00   0.0000e+00   4.3271e-06   3.7800e+02
20251212_19:00:00   2.7534e-01   6.6307e+01   3.7469e+00   0.0000e+00   4.9718e-06   3.6619e+02
20251212_20:00:00   2.7824e-01   6.6908e+01   3.7816e+00   0.0000e+00   6.2020e-06   3.6011e+02
20251212_21:00:00   2.7395e-01   6.6078e+01   3.6994e+00   0.0000e+00   7.2230e-06   3.7004e+02
20251212_22:00:00   2.5083e-01   6.1560e+01   3.3342e+00   0.0000e+00   7.0020e-06   3.7501e+02
20251212_23:00:00   2.3283e-01   5.7911e+01   3.0789e+00   0.0000e+00   4.9259e-06   3.7954e+02
20251213_00:00:00   2.4421e-01   6.0298e+01   3.2113e+00   0.0000e+00   3.2894e-05   3.7615e+02
20251213_01:00:00   2.9292e-01   6.9946e+01   3.9059e+00   0.0000e+00   1.0762e-04   3.7340e+02
20251213_02:00:00   3.1290e-01   7.3819e+01   4.1874e+00   0.0000e+00   4.4779e-05   3.6829e+02
20251213_03:00:00   3.0503e-01   7.2450e+01   4.0894e+00   0.0000e+00   4.9900e-06   3.6306e+02
20251213_04:00:00   3.0295e-01   7.2138e+01   4.0591e+00   0.0000e+00   5.4993e-06   3.6710e+02
20251213_05:00:00   3.1576e-01   7.4505e+01   4.2649e+00   0.0000e+00   5.5608e-06   3.6400e+02
20251213_06:00:00   3.1413e-01   7.4270e+01   4.2481e+00   0.0000e+00   5.5601e-06   3.6903e+02
20251213_07:00:00   2.9573e-01   7.0904e+01   3.9936e+00   0.0000e+00   3.4172e-06   3.6792e+02
20251213_08:00:00   2.8234e-01   6.8354e+01   3.8162e+00   0.0000e+00   2.7265e-05   3.7503e+02
20251213_09:00:00   2.8610e-01   6.9049e+01   3.8928e+00   0.0000e+00   7.7233e-04   3.7851e+02
20251213_10:00:00   2.9543e-01   7.0767e+01   4.0627e+00   0.0000e+00   2.9195e-03   3.8179e+02
20251213_11:00:00   3.1456e-01   7.4286e+01   4.3908e+00   0.0000e+00   4.6777e-03   3.8478e+02
20251213_12:00:00   3.5160e-01   8.0972e+01   4.9674e+00   0.0000e+00   5.1863e-03   3.9168e+02
20251213_13:00:00   3.6668e-01   8.3676e+01   5.1873e+00   0.0000e+00   2.1696e-02   3.8267e+02
20251213_14:00:00   3.9624e-01   8.8767e+01   5.6501e+00   0.0000e+00   1.7500e-02   3.8380e+02
20251213_15:00:00   4.0934e-01   9.1011e+01   5.8075e+00   0.0000e+00   3.4466e-02   3.8843e+02
20251213_16:00:00   4.2064e-01   9.2987e+01   5.9426e+00   0.0000e+00   2.3044e-02   3.8529e+02
20251213_17:00:00   4.4026e-01   9.6323e+01   6.1795e+00   0.0000e+00   2.3355e-02   3.8529e+02
20251213_18:00:00   4.4811e-01   9.7726e+01   6.2520e+00   0.0000e+00   1.3921e-02   3.8890e+02
20251213_19:00:00   4.6411e-01   1.0037e+02   6.4248e+00   0.0000e+00   4.3717e-02   3.8881e+02
20251213_20:00:00   4.6909e-01   1.0139e+02   6.3985e+00   0.0000e+00   1.5683e-02   3.8447e+02
20251213_21:00:00   4.6558e-01   1.0099e+02   6.2662e+00   0.0000e+00   4.6610e-03   3.7693e+02
20251213_22:00:00   4.3971e-01   9.6769e+01   5.8868e+00   0.0000e+00   1.7431e-03   3.7563e+02
20251213_23:00:00   4.2473e-01   9.4326e+01   5.6551e+00   0.0000e+00   1.0439e-03   3.7965e+02
20251214_00:00:00   4.2769e-01   9.4894e+01   5.6520e+00   0.0000e+00   1.0812e-02   3.7165e+02
20251214_01:00:00   3.8892e-01   8.8284e+01   5.1410e+00   0.0000e+00   1.9838e-04   3.6632e+02
20251214_02:00:00   3.7691e-01   8.6078e+01   5.0248e+00   0.0000e+00   1.3031e-04   3.6217e+02
20251214_03:00:00   3.4433e-01   7.9908e+01   4.6568e+00   0.0000e+00   4.5004e-05   3.6094e+02
20251214_04:00:00   3.0841e-01   7.2919e+01   4.2780e+00   0.0000e+00   8.1116e-04   3.5575e+02
20251214_05:00:00   2.9210e-01   6.9541e+01   4.1759e+00   0.0000e+00   1.6422e-03   3.5621e+02
20251214_06:00:00   2.8005e-01   6.7085e+01   4.0392e+00   0.0000e+00   3.9019e-03   3.5141e+02
20251214_07:00:00   2.9036e-01   6.8964e+01   4.2029e+00   0.0000e+00   8.4149e-03   3.4806e+02
20251214_08:00:00   3.0243e-01   7.1187e+01   4.4030e+00   0.0000e+00   1.1749e-02   3.4915e+02
20251214_09:00:00   3.1242e-01   7.3035e+01   4.5723e+00   0.0000e+00   1.6030e-02   3.4293e+02
20251214_10:00:00   3.2157e-01   7.4715e+01   4.7087e+00   0.0000e+00   1.7963e-02   3.3659e+02
20251214_11:00:00   3.3037e-01   7.6296e+01   4.8465e+00   0.0000e+00   7.6319e-03   3.4769e+02
20251214_12:00:00   3.3270e-01   7.6698e+01   4.8468e+00   0.0000e+00   1.1590e-02   3.5606e+02
20251214_13:00:00   3.3586e-01   7.7237e+01   4.8813e+00   0.0000e+00   1.6107e-02   3.5983e+02
20251214_14:00:00   3.3830e-01   7.7643e+01   4.8924e+00   0.0000e+00   3.5930e-02   3.6000e+02
20251214_15:00:00   3.4291e-01   7.8484e+01   4.9160e+00   0.0000e+00   4.7781e-02   3.6829e+02
20251214_16:00:00   3.5012e-01   7.9757e+01   4.9820e+00   0.0000e+00   4.8640e-02   3.7384e+02
20251214_17:00:00   3.5988e-01   8.1523e+01   5.0557e+00   0.0000e+00   5.4073e-02   3.8035e+02
20251214_18:00:00   3.6277e-01   8.2005e+01   5.0476e+00   0.0000e+00   4.7291e-02   3.7916e+02
20251214_19:00:00   3.5959e-01   8.1479e+01   4.9718e+00   0.0000e+00   3.4224e-02   3.6721e+02
20251214_20:00:00   3.5788e-01   8.1205e+01   4.9149e+00   0.0000e+00   2.1179e-02   3.6689e+02
20251214_21:00:00   3.6043e-01   8.1625e+01   4.9083e+00   0.0000e+00   1.1439e-02   3.6901e+02
20251214_22:00:00   3.4940e-01   7.9605e+01   4.7378e+00   0.0000e+00   2.9278e-03   3.7135e+02
20251214_23:00:00   3.3947e-01   7.7762e+01   4.5848e+00   0.0000e+00   3.4250e-03   3.7524e+02
20251215_00:00:00   3.3217e-01   7.6428e+01   4.4755e+00   0.0000e+00   3.9867e-03   3.7129e+02
20251215_01:00:00   3.1972e-01   7.4189e+01   4.2818e+00   0.0000e+00   5.7589e-03   3.6418e+02
20251215_02:00:00   3.1348e-01   7.3019e+01   4.1907e+00   0.0000e+00   6.0223e-03   3.6142e+02
20251215_03:00:00   3.0529e-01   7.1530e+01   4.0663e+00   0.0000e+00   3.4812e-03   3.6237e+02
20251215_04:00:00   2.9890e-01   7.0397e+01   3.9365e+00   0.0000e+00   1.2111e-03   3.6767e+02
20251215_05:00:00   2.8890e-01   6.8585e+01   3.7494e+00   0.0000e+00   6.2800e-05   3.6915e+02
20251215_06:00:00   2.8435e-01   6.7724e+01   3.6517e+00   0.0000e+00   8.5901e-05   3.6647e+02
20251215_09:00:00   2.9337e-01   6.9258e+01   3.8499e+00   0.0000e+00   1.6538e-05   3.5510e+02
20251215_12:00:00   2.6960e-01   6.4531e+01   3.5643e+00   0.0000e+00   1.1482e-05   3.5462e+02
20251215_15:00:00   2.3666e-01   5.8227e+01   3.0423e+00   0.0000e+00   1.0002e-05   3.6360e+02
20251215_18:00:00   2.2863e-01   5.6776e+01   2.8838e+00   0.0000e+00   1.1885e-04   2.9916e+02
20251215_21:00:00   2.3622e-01   5.8182e+01   3.0915e+00   0.0000e+00   1.1695e-05   3.0526e+02
20251216_00:00:00   2.6657e-01   6.3941e+01   3.6946e+00   0.0000e+00   1.8560e-03   3.0671e+02
20251216_03:00:00   2.7191e-01   6.4868e+01   3.8453e+00   0.0000e+00   1.5455e-03   3.0310e+02
20251216_06:00:00   2.4983e-01   6.0649e+01   3.5250e+00   0.0000e+00   7.0563e-04   3.0257e+02
20251216_09:00:00   3.1108e-01   7.2123e+01   4.5705e+00   0.0000e+00   4.4070e-02   3.1288e+02
20251216_12:00:00   4.2118e-01   9.1659e+01   6.0259e+00   0.0000e+00   1.3873e-01   3.2178e+02
20251216_15:00:00   3.8587e-01   8.6312e+01   5.3018e+00   0.0000e+00   3.2783e-03   3.2361e+02
20251216_18:00:00   3.6730e-01   8.3539e+01   4.9734e+00   4.2947e-04   2.0575e-03   3.3147e+02
20251216_21:00:00   3.1837e-01   7.5088e+01   4.1912e+00   0.0000e+00   4.7172e-04   3.2987e+02
20251217_00:00:00   3.2038e-01   7.5571e+01   4.3530e+00   0.0000e+00   8.7227e-04   3.0096e+02
20251217_03:00:00   3.4258e-01   7.9597e+01   5.0995e+00   0.0000e+00   9.0414e-04   2.8002e+02
20251217_06:00:00   3.8669e-01   8.7225e+01   6.2866e+00   0.0000e+00   2.2791e-02   2.7836e+02
20251217_09:00:00   3.4931e-01   8.0768e+01   5.7123e+00   0.0000e+00   5.4569e-02   2.7177e+02
20251217_12:00:00   3.8322e-01   8.7259e+01   6.3510e+00   0.0000e+00   2.4988e-02   2.7004e+02
20251217_15:00:00   5.3405e-01   1.1339e+02   8.7160e+00   0.0000e+00   1.2328e-03   2.6706e+02
20251217_18:00:00   9.0665e-01   1.6232e+02   1.4532e+01   0.0000e+00   1.2468e-02   2.6753e+02
20251217_21:00:00   9.1045e-01   1.6382e+02   1.4388e+01   0.0000e+00   7.6110e-04   2.6393e+02
20251218_00:00:00   9.1581e-01   1.6526e+02   1.4228e+01   0.0000e+00   0.0000e+00   2.7657e+02
20251218_03:00:00   1.0048e+00   1.7447e+02   1.5712e+01   0.0000e+00   1.6582e-04   2.7466e+02
20251218_06:00:00   1.0920e+00   1.8287e+02   1.6963e+01   4.7756e-03   5.2942e-03   2.7497e+02
20251218_09:00:00   1.4758e+00   2.1190e+02   1.8362e+01   1.2474e-01   1.8491e-01   2.7376e+02
20251218_12:00:00   2.4933e+00   2.5190e+02   2.0208e+01   4.8366e-01   1.2548e-01   2.7876e+02
20251218_15:00:00   1.2219e+00   1.9366e+02   1.8883e+01   2.6763e-03   4.2231e-02   2.8469e+02
20251218_18:00:00   8.9041e-01   1.6220e+02   1.4803e+01   0.0000e+00   1.3656e-02   2.9143e+02
20251218_21:00:00   1.1372e+00   1.8653e+02   1.8275e+01   1.1232e-04   3.0591e-01   2.9438e+02
20251219_00:00:00   3.1424e+00   2.6378e+02   2.0824e+01   7.2884e-01   4.0926e-03   3.0701e+02
20251219_03:00:00   2.1361e+00   2.4425e+02   2.1542e+01   2.7278e-01   2.2816e-03   3.1188e+02
20251219_06:00:00   3.8700e+00   2.7234e+02   2.4877e+01   8.7529e-01   5.5638e-01   3.1532e+02
20251219_09:00:00   3.9032e+00   2.7330e+02   2.5872e+01   8.6704e-01   6.7383e-01   3.1505e+02
20251219_12:00:00   4.1630e+00   2.7629e+02   2.1869e+01   1.0585e+00   7.9454e-02   3.1669e+02
20251219_15:00:00   2.2596e+00   2.4326e+02   1.6477e+01   5.1409e-01   1.6569e-01   3.1849e+02
20251219_18:00:00   4.4755e-01   1.0055e+02   6.5266e+00   0.0000e+00   9.8127e-04   3.2416e+02
20251219_21:00:00   3.1898e-01   7.7146e+01   4.2567e+00   0.0000e+00   1.2009e-07   3.3859e+02
20251220_00:00:00   3.4706e-01   8.1696e+01   4.6840e+00   4.4420e-04   2.2589e-03   3.4678e+02
20251220_03:00:00   2.5460e-01   6.3257e+01   3.3519e+00   0.0000e+00   1.0401e-06   3.5967e+02
20251220_06:00:00   3.3763e-01   7.8515e+01   4.4985e+00   0.0000e+00   1.0946e-02   3.9596e+02
20251220_09:00:00   3.5915e-01   8.2129e+01   4.8128e+00   0.0000e+00   2.5013e-02   4.3144e+02
20251220_12:00:00   3.7532e-01   8.4391e+01   5.3571e+00   0.0000e+00   1.2663e-03   4.1276e+02
20251220_15:00:00   2.3032e-01   5.7792e+01   2.9701e+00   0.0000e+00   1.4547e-05   3.7933e+02
20251220_18:00:00   2.1080e-01   5.4171e+01   2.7201e+00   0.0000e+00   0.0000e+00   3.4617e+02
20251220_21:00:00   2.4673e-01   6.1557e+01   3.4592e+00   0.0000e+00   0.0000e+00   3.2671e+02
20251221_00:00:00   2.5521e-01   6.3264e+01   3.6948e+00   0.0000e+00   1.0669e-03   3.2714e+02
20251221_03:00:00   2.6224e-01   6.4214e+01   4.1247e+00   0.0000e+00   1.9333e-03   3.3311e+02
20251221_06:00:00   3.2007e-01   7.5007e+01   5.2582e+00   0.0000e+00   1.8090e-02   3.2721e+02
20251221_09:00:00   4.1638e-01   9.2658e+01   6.8593e+00   0.0000e+00   1.0409e-04   3.3226e+02
20251221_12:00:00   5.7816e-01   1.1976e+02   9.2457e+00   0.0000e+00   1.2673e-05   3.3712e+02
20251221_15:00:00   5.6495e-01   1.1881e+02   9.0363e+00   0.0000e+00   3.2098e-04   3.3271e+02
20251221_18:00:00   6.4297e-01   1.3052e+02   1.0462e+01   0.0000e+00   1.6630e-02   3.3099e+02
20251221_21:00:00   1.0443e+00   1.7664e+02   1.6583e+01   0.0000e+00   1.7601e-01   3.2762e+02
20251222_00:00:00   1.7925e+00   2.2816e+02   1.8262e+01   2.4900e-01   1.3405e-01   3.2541e+02
20251222_03:00:00   9.7814e-01   1.7178e+02   1.5586e+01   0.0000e+00   1.2118e-03   3.1547e+02
20251222_06:00:00   1.0170e+00   1.7605e+02   1.6483e+01   0.0000e+00   1.2020e-03   3.0025e+02
20251222_09:00:00   1.2660e+00   1.9801e+02   1.9632e+01   1.7317e-02   9.0551e-02   2.9152e+02
20251222_12:00:00   1.2453e+00   1.9741e+02   1.9067e+01   1.6827e-02   1.0006e-01   2.9159e+02
20251222_15:00:00   1.9558e+00   2.3905e+02   1.9889e+01   2.6675e-01   2.9017e-03   2.9579e+02
20251222_18:00:00   1.3219e+00   2.0440e+02   1.9770e+01   1.3617e-02   2.9482e-04   2.9683e+02
20251222_21:00:00   1.4001e+00   2.0956e+02   2.1614e+01   7.0880e-06   3.9395e-02   2.8851e+02
20251223_00:00:00   1.2745e+00   2.0127e+02   1.7631e+01   3.7440e-02   6.7944e-04   2.8588e+02
20251223_03:00:00   1.1483e+00   1.9140e+02   1.7522e+01   0.0000e+00   9.9824e-03   2.8024e+02
20251223_06:00:00   1.4629e+00   2.1550e+02   1.6646e+01   1.4170e-01   1.0699e-02   2.7968e+02
20251223_09:00:00   1.8691e+00   2.3791e+02   1.6515e+01   2.9818e-01   1.3377e-02   2.7737e+02
20251223_12:00:00   1.6093e+00   2.2578e+02   1.8604e+01   1.3799e-01   3.1978e-03   2.8619e+02
20251223_15:00:00   2.4369e+00   2.5651e+02   2.5293e+01   2.7917e-01   2.0414e-03   2.8612e+02
20251223_18:00:00   2.2457e+00   2.5126e+02   2.5157e+01   2.1328e-01   4.7809e-03   2.8553e+02
20251223_21:00:00   2.6450e+00   2.5981e+02   2.6628e+01   3.5659e-01   3.5240e-01   2.8955e+02
20251224_00:00:00   2.4145e+00   2.5419e+02   2.6798e+01   2.4692e-01   4.9789e-01   2.9591e+02
20251224_03:00:00   4.0634e+00   2.7412e+02   2.6729e+01   9.3350e-01   2.2031e-01   3.0640e+02
20251224_06:00:00   3.9473e+00   2.7317e+02   2.5961e+01   8.9727e-01   2.0480e-01   3.1689e+02
20251224_09:00:00   2.8159e+00   2.5813e+02   2.0483e+01   6.0541e-01   2.8737e-02   3.2506e+02
20251224_12:00:00   9.2690e-01   1.6555e+02   1.4755e+01   1.8097e-03   1.5012e-01   3.2511e+02
20251224_15:00:00   6.1011e-01   1.2474e+02   1.0185e+01   0.0000e+00   8.0914e-02   3.1553e+02
20251224_18:00:00   5.4233e-01   1.1404e+02   9.2266e+00   0.0000e+00   2.3720e-01   3.1241e+02
20251224_21:00:00   5.8824e-01   1.2082e+02   1.0089e+01   0.0000e+00   2.3528e-01   3.1219e+02
20251225_00:00:00   1.0148e+00   1.7300e+02   1.3872e+01   6.5711e-02   2.3986e-01   3.1864e+02
20251225_03:00:00   2.1028e+00   2.3749e+02   1.6352e+01   4.5791e-01   2.6837e-01   3.1823e+02
20251225_06:00:00   3.8364e+00   2.6506e+02   1.8753e+01   1.1015e+00   1.1737e-01   3.2410e+02
20251225_09:00:00   2.6013e+00   2.5134e+02   2.2079e+01   4.9001e-01   4.2107e-01   3.0928e+02
20251225_12:00:00   4.3416e+00   2.6943e+02   2.3770e+01   1.1483e+00   5.4877e-02   2.9736e+02
20251225_15:00:00   3.7143e+00   2.6771e+02   2.5712e+01   8.2121e-01   5.9405e-02   2.8544e+02
20251225_18:00:00   4.1206e+00   2.7147e+02   2.8604e+01   8.8889e-01   1.7653e-03   2.7601e+02
20251225_21:00:00   3.5537e+00   2.6904e+02   2.9434e+01   6.4044e-01   1.1145e-02   2.8305e+02
20251226_00:00:00   3.1233e+00   2.6707e+02   2.8909e+01   4.5159e-01   3.9107e-03   2.8668e+02
20251226_03:00:00   3.3754e+00   2.7244e+02   3.0937e+01   4.8723e-01   1.7287e-02   2.7877e+02
20251226_06:00:00   3.8465e+00   2.7750e+02   3.2213e+01   6.3978e-01   2.5943e-04   2.6761e+02
