#            date       tau255        Tb[K]      pwv[mm] lwp[kg*m^-2] iwp[kg*m^-2]       o3[DU]
20251210_00:00:00   3.4743e-01   7.9185e+01   5.2198e+00   0.0000e+00   1.9325e-01   3.8951e+02
20251210_01:00:00   4.2870e-01   9.3675e+01   6.4408e+00   0.0000e+00   1.3533e-02   3.8586e+02
20251210_02:00:00   5.2237e-01   1.0885e+02   7.6748e+00   0.0000e+00   1.2784e-01   3.8187e+02
20251210_03:00:00   5.1969e-01   1.0873e+02   7.6819e+00   0.0000e+00   2.9535e-02   3.7312e+02
20251210_04:00:00   5.2919e-01   1.1028e+02   7.8516e+00   0.0000e+00   1.1199e-01   3.6463e+02
20251210_05:00:00   5.6852e-01   1.1614e+02   8.4879e+00   2.0018e-05   2.0633e-01   3.5803e+02
20251210_06:00:00   6.2663e-01   1.2479e+02   9.2810e+00   0.0000e+00   2.7150e-01   3.5687e+02
20251210_07:00:00   6.5707e-01   1.2930e+02   9.7269e+00   0.0000e+00   2.3509e-01   3.5528e+02
20251210_08:00:00   6.1613e-01   1.2382e+02   9.2487e+00   0.0000e+00   1.2980e-01   3.5056e+02
20251210_09:00:00   6.0964e-01   1.2299e+02   9.2298e+00   0.0000e+00   5.5295e-02   3.4619e+02
20251210_10:00:00   6.0978e-01   1.2322e+02   9.2851e+00   0.0000e+00   1.6556e-02   3.5446e+02
20251210_11:00:00   6.0715e-01   1.2288e+02   9.3118e+00   0.0000e+00   3.9282e-02   3.5802e+02
20251210_12:00:00   6.4669e-01   1.2859e+02   9.9309e+00   0.0000e+00   1.2424e-01   3.5857e+02
20251210_13:00:00   7.1638e-01   1.3809e+02   1.0917e+01   0.0000e+00   4.9501e-02   3.5580e+02
20251210_14:00:00   8.0541e-01   1.4950e+02   1.2067e+01   0.0000e+00   3.4532e-02   3.4923e+02
20251210_15:00:00   8.3683e-01   1.5337e+02   1.2574e+01   1.0234e-03   5.4975e-02   3.4185e+02
20251210_16:00:00   8.4880e-01   1.5473e+02   1.2837e+01   0.0000e+00   1.6119e-01   3.3762e+02
20251210_17:00:00   9.3326e-01   1.6435e+02   1.3914e+01   2.9254e-03   2.4150e-01   3.3995e+02
20251210_18:00:00   8.7237e-01   1.5752e+02   1.3297e+01   0.0000e+00   5.0073e-01   3.4318e+02
20251210_19:00:00   9.0392e-01   1.6110e+02   1.3807e+01   2.5640e-06   4.1903e-01   3.4233e+02
20251210_20:00:00   9.4876e-01   1.6595e+02   1.3879e+01   1.4689e-02   5.7913e-01   3.4540e+02
20251210_21:00:00   1.0209e+00   1.7324e+02   1.4374e+01   2.7454e-02   5.3301e-01   3.4649e+02
20251210_22:00:00   1.3583e+00   2.0197e+02   1.4190e+01   1.6900e-01   4.7957e-01   3.4272e+02
20251210_23:00:00   1.5755e+00   2.1580e+02   1.3987e+01   2.6463e-01   4.2120e-01   3.3916e+02
20251211_00:00:00   1.6779e+00   2.2143e+02   1.3623e+01   3.1655e-01   2.3699e-01   3.3730e+02
20251211_01:00:00   1.7413e+00   2.2432e+02   1.3062e+01   3.5874e-01   1.9966e-01   3.3303e+02
20251211_02:00:00   1.8940e+00   2.3113e+02   1.2813e+01   4.2688e-01   3.4807e-01   3.3169e+02
20251211_03:00:00   1.7747e+00   2.2595e+02   1.2310e+01   3.8716e-01   4.3076e-01   3.4011e+02
20251211_04:00:00   1.7147e+00   2.2312e+02   1.1743e+01   3.7575e-01   3.4290e-01   3.4029e+02
20251211_05:00:00   1.8967e+00   2.3154e+02   1.0399e+01   4.8996e-01   1.0426e-01   3.3989e+02
20251211_06:00:00   1.8632e+00   2.3046e+02   8.6147e+00   5.2006e-01   1.2742e-03   3.4911e+02
20251211_07:00:00   1.0151e+00   1.7419e+02   8.0821e+00   1.8357e-01   4.8135e-04   3.5710e+02
20251211_08:00:00   7.7943e-01   1.4772e+02   8.3894e+00   7.9101e-02   1.1176e-03   3.5177e+02
20251211_09:00:00   8.1208e-01   1.5098e+02   8.8691e+00   8.1201e-02   3.7296e-02   3.5441e+02
20251211_10:00:00   5.7649e-01   1.1862e+02   8.3772e+00   1.9557e-03   5.5984e-03   3.5140e+02
20251211_11:00:00   4.7852e-01   1.0345e+02   6.9181e+00   0.0000e+00   1.2028e-03   3.5231e+02
20251211_12:00:00   3.1788e-01   7.5476e+01   4.3663e+00   0.0000e+00   2.4446e-04   3.5027e+02
20251211_13:00:00   2.6296e-01   6.4375e+01   3.5593e+00   0.0000e+00   6.5125e-04   3.5074e+02
20251211_14:00:00   2.2289e-01   5.5928e+01   3.0318e+00   0.0000e+00   4.9398e-04   3.5126e+02
20251211_15:00:00   2.1111e-01   5.3287e+01   2.8754e+00   0.0000e+00   2.1048e-03   3.6010e+02
20251211_16:00:00   2.0685e-01   5.2453e+01   2.7097e+00   0.0000e+00   3.9950e-04   3.7386e+02
20251211_17:00:00   2.1497e-01   5.4127e+01   2.7550e+00   0.0000e+00   7.2168e-05   3.7853e+02
20251211_18:00:00   2.2011e-01   5.5123e+01   2.7799e+00   0.0000e+00   7.7250e-05   3.9221e+02
20251211_19:00:00   2.4241e-01   5.9415e+01   3.0889e+00   0.0000e+00   3.6713e-04   3.9399e+02
20251211_20:00:00   2.4312e-01   5.9463e+01   3.1033e+00   0.0000e+00   3.8863e-04   3.9081e+02
20251211_21:00:00   2.3998e-01   5.8725e+01   3.0652e+00   0.0000e+00   3.0499e-04   3.9922e+02
20251211_22:00:00   2.4166e-01   5.8960e+01   3.0972e+00   0.0000e+00   3.4250e-04   4.0179e+02
20251211_23:00:00   2.4553e-01   5.9670e+01   3.1656e+00   0.0000e+00   2.6712e-04   3.9985e+02
20251212_00:00:00   2.5258e-01   6.0971e+01   3.2894e+00   0.0000e+00   6.1004e-04   3.9825e+02
20251212_01:00:00   2.6291e-01   6.2884e+01   3.4627e+00   0.0000e+00   2.3411e-03   3.9677e+02
20251212_02:00:00   2.7505e-01   6.5178e+01   3.6529e+00   0.0000e+00   4.3711e-03   3.9098e+02
20251212_03:00:00   2.8602e-01   6.7270e+01   3.8231e+00   0.0000e+00   6.3906e-03   3.8792e+02
20251212_04:00:00   2.9331e-01   6.8700e+01   3.9382e+00   0.0000e+00   4.2356e-03   3.8678e+02
20251212_05:00:00   2.9281e-01   6.8708e+01   3.9351e+00   0.0000e+00   8.5626e-04   3.8873e+02
20251212_06:00:00   2.9043e-01   6.8383e+01   3.9030e+00   0.0000e+00   1.4954e-04   3.8920e+02
20251212_07:00:00   2.9082e-01   6.8526e+01   3.9202e+00   0.0000e+00   1.0820e-04   3.8886e+02
20251212_08:00:00   2.9289e-01   6.8979e+01   3.9549e+00   0.0000e+00   1.2092e-04   3.8864e+02
20251212_09:00:00   2.9189e-01   6.8867e+01   3.9413e+00   0.0000e+00   1.4782e-04   3.8450e+02
20251212_10:00:00   2.9023e-01   6.8607e+01   3.9191e+00   0.0000e+00   1.4472e-04   3.8527e+02
20251212_11:00:00   2.8800e-01   6.8185e+01   3.8975e+00   0.0000e+00   8.9902e-05   3.8511e+02
20251212_12:00:00   2.8243e-01   6.7160e+01   3.8240e+00   0.0000e+00   1.4006e-05   3.8726e+02
20251212_13:00:00   2.7092e-01   6.4939e+01   3.6863e+00   0.0000e+00   7.0378e-06   3.8803e+02
20251212_14:00:00   2.6163e-01   6.3149e+01   3.5847e+00   0.0000e+00   6.6488e-06   3.8408e+02
20251212_15:00:00   2.4049e-01   5.9062e+01   3.2981e+00   0.0000e+00   0.0000e+00   3.8470e+02
20251212_16:00:00   2.3414e-01   5.7862e+01   3.2099e+00   0.0000e+00   0.0000e+00   3.8439e+02
20251212_17:00:00   2.4433e-01   5.9991e+01   3.3609e+00   0.0000e+00   0.0000e+00   3.7713e+02
20251212_18:00:00   2.6727e-01   6.4601e+01   3.6782e+00   0.0000e+00   0.0000e+00   3.8339e+02
20251212_19:00:00   2.6232e-01   6.3740e+01   3.5686e+00   0.0000e+00   4.1961e-06   3.7525e+02
20251212_20:00:00   2.3308e-01   5.8114e+01   3.0498e+00   0.0000e+00   6.1956e-06   3.6779e+02
20251212_21:00:00   2.6739e-01   6.4972e+01   3.5668e+00   0.0000e+00   6.9420e-06   3.7537e+02
20251212_22:00:00   3.0272e-01   7.1772e+01   4.0856e+00   0.0000e+00   6.9225e-06   3.8086e+02
20251212_23:00:00   3.2324e-01   7.5723e+01   4.3577e+00   0.0000e+00   6.7186e-05   3.7757e+02
20251213_00:00:00   3.3458e-01   7.7934e+01   4.5144e+00   0.0000e+00   1.2343e-04   3.7705e+02
20251213_01:00:00   3.4272e-01   7.9492e+01   4.6266e+00   0.0000e+00   1.1419e-04   3.7134e+02
20251213_02:00:00   3.4076e-01   7.9209e+01   4.5920e+00   0.0000e+00   6.7894e-05   3.7179e+02
20251213_03:00:00   3.4195e-01   7.9478e+01   4.6137e+00   0.0000e+00   2.0325e-05   3.6687e+02
20251213_04:00:00   3.4227e-01   7.9567e+01   4.6185e+00   0.0000e+00   1.7210e-05   3.6571e+02
20251213_05:00:00   3.3684e-01   7.8638e+01   4.5509e+00   0.0000e+00   6.4838e-06   3.6137e+02
20251213_06:00:00   3.3040e-01   7.7515e+01   4.4708e+00   0.0000e+00   7.2564e-06   3.5370e+02
20251213_07:00:00   3.2229e-01   7.6007e+01   4.3950e+00   0.0000e+00   3.7074e-04   3.6086e+02
20251213_08:00:00   3.2416e-01   7.6253e+01   4.4708e+00   0.0000e+00   3.6968e-03   3.7404e+02
20251213_09:00:00   3.2192e-01   7.5850e+01   4.4515e+00   0.0000e+00   1.5110e-03   3.8112e+02
20251213_10:00:00   3.3358e-01   7.7918e+01   4.6661e+00   0.0000e+00   2.6662e-03   3.8408e+02
20251213_11:00:00   3.4935e-01   8.0769e+01   4.9256e+00   0.0000e+00   1.4981e-02   3.8895e+02
20251213_12:00:00   3.8600e-01   8.7069e+01   5.5335e+00   0.0000e+00   4.0201e-02   3.9203e+02
20251213_13:00:00   3.9617e-01   8.8867e+01   5.6487e+00   0.0000e+00   1.5740e-02   3.9095e+02
20251213_14:00:00   4.0735e-01   9.0786e+01   5.7657e+00   0.0000e+00   3.3634e-02   3.8699e+02
20251213_15:00:00   4.3248e-01   9.4956e+01   6.1167e+00   0.0000e+00   5.0909e-02   3.8909e+02
20251213_16:00:00   4.4385e-01   9.6883e+01   6.2598e+00   0.0000e+00   3.9262e-02   3.9239e+02
20251213_17:00:00   4.6058e-01   9.9697e+01   6.4607e+00   0.0000e+00   1.8822e-02   3.9116e+02
20251213_18:00:00   4.7240e-01   1.0170e+02   6.5594e+00   0.0000e+00   3.3395e-02   3.9208e+02
20251213_19:00:00   4.6879e-01   1.0125e+02   6.4814e+00   3.0912e-05   1.3174e-02   3.8586e+02
20251213_20:00:00   4.7645e-01   1.0259e+02   6.5123e+00   1.5551e-04   1.3772e-02   3.8338e+02
20251213_21:00:00   4.8714e-01   1.0441e+02   6.5511e+00   0.0000e+00   7.3210e-02   3.8770e+02
20251213_22:00:00   4.5954e-01   1.0011e+02   6.1514e+00   3.8460e-06   5.2394e-03   3.7895e+02
20251213_23:00:00   4.4391e-01   9.7524e+01   5.9374e+00   0.0000e+00   2.9053e-04   3.7635e+02
20251214_00:00:00   4.3139e-01   9.5414e+01   5.7668e+00   0.0000e+00   1.4584e-03   3.7424e+02
20251214_01:00:00   4.1859e-01   9.3256e+01   5.5592e+00   0.0000e+00   3.3813e-04   3.6690e+02
20251214_02:00:00   3.4457e-01   8.0061e+01   4.5863e+00   0.0000e+00   1.4977e-05   3.6448e+02
20251214_03:00:00   2.9691e-01   7.0989e+01   3.9574e+00   0.0000e+00   9.2996e-06   3.6265e+02
20251214_04:00:00   2.8609e-01   6.8795e+01   3.8616e+00   0.0000e+00   2.8342e-06   3.5985e+02
20251214_05:00:00   2.7438e-01   6.6403e+01   3.7416e+00   0.0000e+00   5.0730e-04   3.5822e+02
20251214_06:00:00   2.9431e-01   7.0062e+01   4.1002e+00   0.0000e+00   2.4898e-03   3.4603e+02
20251214_07:00:00   3.1519e-01   7.3850e+01   4.4633e+00   0.0000e+00   5.9962e-03   3.3688e+02
20251214_08:00:00   3.1869e-01   7.4394e+01   4.5789e+00   0.0000e+00   9.0247e-03   3.3488e+02
20251214_09:00:00   3.0904e-01   7.2559e+01   4.4500e+00   0.0000e+00   2.6393e-02   3.4106e+02
20251214_10:00:00   3.1135e-01   7.2935e+01   4.4638e+00   0.0000e+00   3.3327e-02   3.4703e+02
20251214_11:00:00   3.1262e-01   7.3151e+01   4.4727e+00   0.0000e+00   2.2235e-02   3.4905e+02
20251214_12:00:00   3.2562e-01   7.5451e+01   4.6624e+00   0.0000e+00   2.8629e-02   3.5773e+02
20251214_13:00:00   3.3536e-01   7.7167e+01   4.7852e+00   0.0000e+00   3.2198e-02   3.6149e+02
20251214_14:00:00   3.4766e-01   7.9336e+01   4.9478e+00   0.0000e+00   3.5904e-02   3.6776e+02
20251214_15:00:00   3.5059e-01   7.9858e+01   4.9648e+00   0.0000e+00   3.6428e-02   3.7422e+02
20251214_16:00:00   3.6035e-01   8.1560e+01   5.0567e+00   0.0000e+00   4.8159e-02   3.7370e+02
20251214_17:00:00   3.6551e-01   8.2445e+01   5.0642e+00   0.0000e+00   7.6381e-02   3.7286e+02
20251214_18:00:00   3.7006e-01   8.3192e+01   5.0904e+00   1.5384e-05   8.0197e-02   3.7847e+02
20251214_19:00:00   3.7222e-01   8.3541e+01   5.0803e+00   1.6302e-04   5.0302e-02   3.6702e+02
20251214_20:00:00   3.7178e-01   8.3446e+01   5.0500e+00   0.0000e+00   3.3098e-02   3.6960e+02
20251214_21:00:00   3.5483e-01   8.0367e+01   4.8058e+00   0.0000e+00   1.0143e-02   3.7003e+02
20251214_22:00:00   3.3538e-01   7.6852e+01   4.5165e+00   0.0000e+00   5.9617e-03   3.7185e+02
20251214_23:00:00   3.3012e-01   7.5923e+01   4.4166e+00   0.0000e+00   7.8704e-03   3.6570e+02
20251215_00:00:00   3.2749e-01   7.5514e+01   4.3449e+00   0.0000e+00   3.4101e-03   3.6787e+02
20251215_03:00:00   2.7219e-01   6.5238e+01   3.5213e+00   0.0000e+00   3.0591e-04   3.7004e+02
20251215_06:00:00   2.8648e-01   6.7991e+01   3.6970e+00   0.0000e+00   7.3129e-05   3.7123e+02
20251215_09:00:00   2.7646e-01   6.5923e+01   3.6085e+00   0.0000e+00   1.8784e-05   3.7025e+02
20251215_12:00:00   2.4974e-01   6.0691e+01   3.2299e+00   0.0000e+00   2.5676e-05   3.8490e+02
20251215_15:00:00   2.1811e-01   5.4547e+01   2.7799e+00   0.0000e+00   6.4372e-06   3.3672e+02
20251215_18:00:00   2.5885e-01   6.2976e+01   3.3714e+00   4.2520e-05   6.0980e-04   3.0278e+02
20251215_21:00:00   2.3817e-01   5.8893e+01   3.1188e+00   0.0000e+00   5.5848e-06   3.0112e+02
20251216_00:00:00   2.3569e-01   5.8264e+01   3.1987e+00   0.0000e+00   2.5307e-03   2.9650e+02
20251216_03:00:00   2.5082e-01   6.1075e+01   3.4983e+00   0.0000e+00   2.6551e-03   2.9601e+02
20251216_06:00:00   2.9416e-01   6.9368e+01   4.2073e+00   0.0000e+00   1.6594e-02   2.9818e+02
20251216_09:00:00   4.0260e-01   8.8831e+01   5.9237e+00   0.0000e+00   1.0880e-02   3.0800e+02
20251216_12:00:00   4.7586e-01   1.0081e+02   6.9765e+00   0.0000e+00   1.6056e-01   3.0908e+02
20251216_15:00:00   5.1407e-01   1.0693e+02   7.3176e+00   0.0000e+00   3.7782e-01   3.2775e+02
20251216_18:00:00   4.9474e-01   1.0437e+02   7.1538e+00   7.2700e-05   1.3255e-02   3.4059e+02
20251216_21:00:00   4.4110e-01   9.6585e+01   6.3164e+00   0.0000e+00   1.7669e-05   3.0755e+02
20251217_00:00:00   3.3498e-01   7.8506e+01   4.6842e+00   0.0000e+00   1.3518e-05   2.9191e+02
20251217_03:00:00   3.4351e-01   8.0071e+01   5.1276e+00   0.0000e+00   3.3510e-03   2.8051e+02
20251217_06:00:00   4.1527e-01   9.2439e+01   6.7462e+00   0.0000e+00   2.1948e-02   2.6795e+02
20251217_09:00:00   4.8610e-01   1.0449e+02   8.0938e+00   0.0000e+00   5.9355e-04   2.5716e+02
20251217_12:00:00   5.1937e-01   1.1024e+02   8.6772e+00   0.0000e+00   1.8099e-04   2.5685e+02
20251217_15:00:00   6.5370e-01   1.3105e+02   1.0396e+01   0.0000e+00   1.6586e-05   2.5775e+02
20251217_18:00:00   7.9913e-01   1.5050e+02   1.2272e+01   4.1704e-03   2.5454e-03   2.5840e+02
20251217_21:00:00   8.2644e-01   1.5425e+02   1.2778e+01   3.6840e-03   2.5463e-03   2.5861e+02
20251218_00:00:00   1.1081e+00   1.8398e+02   1.4346e+01   7.8181e-02   2.1942e-03   2.6108e+02
20251218_03:00:00   1.3253e+00   2.0156e+02   1.9350e+01   4.5656e-02   1.8000e-02   2.6588e+02
20251218_06:00:00   9.6293e-01   1.7041e+02   1.5902e+01   0.0000e+00   2.5142e-02   2.6520e+02
20251218_09:00:00   7.7175e-01   1.4807e+02   1.3368e+01   0.0000e+00   1.7690e-03   2.6409e+02
20251218_12:00:00   1.7965e+00   2.2864e+02   1.9425e+01   2.4787e-01   1.8339e-02   2.6780e+02
20251218_15:00:00   2.8570e+00   2.5933e+02   2.2688e+01   5.6749e-01   7.0693e-03   2.7545e+02
20251218_18:00:00   2.1313e+00   2.4229e+02   2.2645e+01   2.6453e-01   1.0380e-01   2.7488e+02
20251218_21:00:00   2.7859e+00   2.5826e+02   2.2313e+01   5.3699e-01   1.5890e-01   2.8332e+02
20251219_00:00:00   2.9477e+00   2.6123e+02   2.2298e+01   5.9483e-01   4.3875e-01   2.9630e+02
20251219_03:00:00   2.4384e+00   2.5174e+02   2.1024e+01   4.2315e-01   2.7706e-01   3.0883e+02
20251219_06:00:00   3.0807e+00   2.6325e+02   1.9740e+01   7.1219e-01   1.3975e-01   3.1961e+02
20251219_09:00:00   1.8529e+00   2.3289e+02   1.6995e+01   2.7828e-01   1.4648e-02   3.1109e+02
20251219_12:00:00   1.0375e+00   1.7862e+02   1.2831e+01   6.0913e-02   3.8465e-03   3.2134e+02
20251219_15:00:00   4.9468e-01   1.0892e+02   7.1525e+00   0.0000e+00   7.1911e-03   3.3964e+02
20251219_18:00:00   4.3392e-01   9.8604e+01   6.2615e+00   0.0000e+00   1.2277e-05   3.4577e+02
20251219_21:00:00   4.6890e-01   1.0461e+02   6.6588e+00   1.3461e-04   6.8860e-05   3.5397e+02
20251220_00:00:00   4.6101e-01   1.0300e+02   6.7468e+00   0.0000e+00   6.7143e-05   3.3879e+02
20251220_03:00:00   4.6960e-01   1.0427e+02   7.0911e+00   4.8001e-04   6.1996e-05   3.3218e+02
20251220_06:00:00   4.2670e-01   9.7196e+01   6.4865e+00   0.0000e+00   1.3785e-02   3.3149e+02
20251220_09:00:00   4.7889e-01   1.0605e+02   7.5324e+00   0.0000e+00   7.2649e-05   3.3494e+02
20251220_12:00:00   5.9090e-01   1.2287e+02   9.8816e+00   0.0000e+00   1.1055e-02   3.2056e+02
20251220_15:00:00   7.7229e-01   1.4839e+02   1.2522e+01   0.0000e+00   3.1561e-06   3.1778e+02
20251220_18:00:00   8.1922e-01   1.5531e+02   1.3379e+01   0.0000e+00   9.2602e-04   3.1035e+02
20251220_21:00:00   9.4761e-01   1.6994e+02   1.5493e+01   0.0000e+00   4.7976e-03   3.0253e+02
20251221_00:00:00   1.0060e+00   1.7615e+02   1.6576e+01   0.0000e+00   1.4203e-02   3.0052e+02
20251221_03:00:00   1.1757e+00   1.9171e+02   1.9330e+01   0.0000e+00   4.9369e-02   3.0147e+02
20251221_06:00:00   1.1892e+00   1.9357e+02   1.9386e+01   0.0000e+00   1.0070e-02   2.9562e+02
20251221_09:00:00   1.1476e+00   1.9016e+02   1.8939e+01   0.0000e+00   7.8822e-03   2.9651e+02
20251221_12:00:00   1.0317e+00   1.7955e+02   1.7083e+01   0.0000e+00   9.6706e-03   2.9787e+02
20251221_15:00:00   9.6841e-01   1.7385e+02   1.4959e+01   0.0000e+00   0.0000e+00   3.0554e+02
20251221_18:00:00   9.1208e-01   1.6793e+02   1.3841e+01   3.3540e-03   0.0000e+00   2.9709e+02
20251221_21:00:00   6.5356e-01   1.3515e+02   9.7638e+00   0.0000e+00   1.7696e-03   2.9077e+02
20251222_00:00:00   5.9428e-01   1.2577e+02   9.2298e+00   0.0000e+00   1.5266e-05   2.9162e+02
20251222_03:00:00   6.7053e-01   1.3618e+02   1.1038e+01   0.0000e+00   1.7655e-02   2.9138e+02
20251222_06:00:00   7.9316e-01   1.5259e+02   1.2921e+01   0.0000e+00   1.6730e-02   2.7861e+02
20251222_09:00:00   9.3949e-01   1.6941e+02   1.4643e+01   0.0000e+00   2.3905e-02   2.8029e+02
20251222_12:00:00   1.0575e+00   1.8205e+02   1.6193e+01   0.0000e+00   1.5631e-02   2.8176e+02
20251222_15:00:00   1.1093e+00   1.8745e+02   1.6952e+01   5.8201e-04   8.3401e-03   2.8028e+02
20251222_18:00:00   1.1349e+00   1.9001e+02   1.7312e+01   0.0000e+00   4.5097e-03   2.8012e+02
20251222_21:00:00   1.2634e+00   2.0005e+02   1.6400e+01   6.4826e-02   1.3324e-02   2.7555e+02
20251223_00:00:00   1.2989e+00   2.0176e+02   1.6063e+01   8.3310e-02   1.8497e-02   2.8536e+02
20251223_03:00:00   2.1526e+00   2.4391e+02   1.5797e+01   4.3205e-01   1.3736e-02   3.0336e+02
20251223_06:00:00   2.0874e+00   2.4091e+02   1.4414e+01   4.5200e-01   2.3023e-02   3.0672e+02
20251223_09:00:00   3.4087e+00   2.6586e+02   1.6193e+01   9.3744e-01   2.0861e-02   3.1137e+02
20251223_12:00:00   3.2226e+00   2.6473e+02   1.9256e+01   7.7958e-01   3.2925e-01   3.2189e+02
20251223_15:00:00   2.1509e+00   2.3971e+02   1.1553e+01   5.7690e-01   8.0505e-02   3.3713e+02
20251223_18:00:00   3.9370e-01   8.8594e+01   5.5780e+00   0.0000e+00   2.1384e-03   3.6736e+02
20251223_21:00:00   3.5364e-01   8.0194e+01   5.0624e+00   0.0000e+00   9.5293e-04   4.0462e+02
20251224_00:00:00   2.8133e-01   6.6869e+01   3.8832e+00   0.0000e+00   1.2444e-04   4.2492e+02
20251224_03:00:00   2.3606e-01   5.7658e+01   3.1406e+00   0.0000e+00   1.2011e-04   4.1512e+02
20251224_06:00:00   1.4130e-01   3.7715e+01   1.6686e+00   0.0000e+00   0.0000e+00   4.3068e+02
20251224_09:00:00   1.1285e-01   3.1423e+01   1.1522e+00   0.0000e+00   0.0000e+00   4.3864e+02
20251224_12:00:00   1.2216e-01   3.3464e+01   1.3115e+00   0.0000e+00   0.0000e+00   4.3144e+02
20251224_15:00:00   1.4610e-01   3.8774e+01   1.6863e+00   0.0000e+00   0.0000e+00   4.2642e+02
20251224_18:00:00   1.6606e-01   4.3136e+01   2.0278e+00   0.0000e+00   4.9140e-05   4.1424e+02
20251224_21:00:00   1.9621e-01   4.9401e+01   2.5453e+00   0.0000e+00   6.7737e-05   3.9280e+02
20251225_00:00:00   2.2450e-01   5.5079e+01   2.9960e+00   0.0000e+00   2.5460e-03   3.7233e+02
20251225_03:00:00   2.6272e-01   6.2497e+01   3.5416e+00   0.0000e+00   4.2286e-02   3.7043e+02
20251225_06:00:00   3.1063e-01   7.1579e+01   4.1677e+00   0.0000e+00   4.4575e-02   3.7211e+02
20251225_09:00:00   3.2619e-01   7.4685e+01   4.3052e+00   0.0000e+00   3.3975e-02   3.6893e+02
20251225_12:00:00   3.3873e-01   7.7384e+01   4.4218e+00   0.0000e+00   2.1957e-03   3.4939e+02
20251225_15:00:00   2.7736e-01   6.6564e+01   3.5487e+00   0.0000e+00   5.7501e-05   3.4535e+02
20251225_18:00:00   2.2888e-01   5.7344e+01   2.9576e+00   0.0000e+00   0.0000e+00   3.4381e+02
20251225_21:00:00   2.2682e-01   5.6966e+01   3.0529e+00   0.0000e+00   0.0000e+00   3.3529e+02
20251226_00:00:00   2.6813e-01   6.4844e+01   3.9031e+00   0.0000e+00   1.0442e-02   3.2714e+02
