#            date       tau255        Tb[K]      pwv[mm] lwp[kg*m^-2] iwp[kg*m^-2]       o3[DU]
20251212_06:00:00   2.5798e-01   6.2039e+01   3.3834e+00   0.0000e+00   2.3004e-05   3.8139e+02
20251212_07:00:00   2.5944e-01   6.2351e+01   3.4083e+00   0.0000e+00   1.5933e-05   3.7790e+02
20251212_08:00:00   2.6026e-01   6.2493e+01   3.4352e+00   0.0000e+00   1.5584e-05   3.7156e+02
20251212_09:00:00   2.6622e-01   6.3618e+01   3.5633e+00   0.0000e+00   2.3948e-05   3.6317e+02
20251212_10:00:00   2.6722e-01   6.3848e+01   3.6125e+00   0.0000e+00   2.6156e-05   3.6819e+02
20251212_11:00:00   2.3975e-01   5.8538e+01   3.2357e+00   0.0000e+00   2.1315e-05   3.6554e+02
20251212_12:00:00   2.4914e-01   6.0477e+01   3.3728e+00   0.0000e+00   3.8864e-05   3.5918e+02
20251212_13:00:00   2.7081e-01   6.4812e+01   3.6850e+00   0.0000e+00   2.7000e-05   3.5315e+02
20251212_14:00:00   2.9185e-01   6.9037e+01   3.9677e+00   0.0000e+00   1.0229e-05   3.4506e+02
20251212_15:00:00   3.0433e-01   7.1594e+01   4.1310e+00   0.0000e+00   1.4241e-05   3.5158e+02
20251212_16:00:00   3.1819e-01   7.4353e+01   4.3175e+00   0.0000e+00   6.6762e-05   3.4828e+02
20251212_17:00:00   3.3813e-01   7.8223e+01   4.5892e+00   0.0000e+00   3.7736e-04   3.4013e+02
20251212_18:00:00   3.6464e-01   8.3179e+01   4.9714e+00   0.0000e+00   9.6147e-04   3.3790e+02
20251212_19:00:00   3.8511e-01   8.6891e+01   5.2436e+00   1.1038e-03   2.2979e-03   3.4702e+02
20251212_20:00:00   3.8676e-01   8.7253e+01   5.3301e+00   0.0000e+00   5.5696e-04   3.5137e+02
20251212_21:00:00   3.8301e-01   8.6639e+01   5.2868e+00   0.0000e+00   1.6075e-04   3.5967e+02
20251212_22:00:00   3.7674e-01   8.5601e+01   5.1932e+00   0.0000e+00   2.1775e-05   3.6707e+02
20251212_23:00:00   3.7231e-01   8.4822e+01   5.1277e+00   0.0000e+00   1.1427e-05   3.6927e+02
20251213_00:00:00   3.6952e-01   8.4317e+01   5.0709e+00   0.0000e+00   2.7539e-05   3.6516e+02
20251213_01:00:00   3.6697e-01   8.3818e+01   5.0415e+00   0.0000e+00   5.1925e-06   3.5975e+02
20251213_02:00:00   3.6203e-01   8.2946e+01   4.9781e+00   0.0000e+00   5.0580e-06   3.5562e+02
20251213_03:00:00   3.4422e-01   7.9854e+01   4.6895e+00   0.0000e+00   6.1966e-06   3.5690e+02
20251213_04:00:00   3.2643e-01   7.6730e+01   4.4043e+00   0.0000e+00   5.1773e-06   3.4720e+02
20251213_05:00:00   3.1889e-01   7.5400e+01   4.2829e+00   0.0000e+00   6.8210e-06   3.5136e+02
20251213_06:00:00   3.2332e-01   7.6279e+01   4.3416e+00   0.0000e+00   7.8655e-06   3.6168e+02
20251213_07:00:00   3.3691e-01   7.8816e+01   4.5648e+00   0.0000e+00   1.5377e-04   3.6075e+02
20251213_08:00:00   3.4616e-01   8.0418e+01   4.7439e+00   0.0000e+00   2.6746e-03   3.7366e+02
20251213_09:00:00   3.3882e-01   7.9040e+01   4.6592e+00   0.0000e+00   3.2922e-03   3.7784e+02
20251213_10:00:00   3.2190e-01   7.5834e+01   4.4687e+00   0.0000e+00   9.1442e-03   3.7419e+02
20251213_11:00:00   3.1978e-01   7.5287e+01   4.4911e+00   0.0000e+00   1.6325e-02   3.8128e+02
20251213_12:00:00   3.2381e-01   7.5879e+01   4.6131e+00   0.0000e+00   6.6227e-03   3.7575e+02
20251213_13:00:00   3.2833e-01   7.6647e+01   4.7170e+00   0.0000e+00   1.6050e-02   3.7381e+02
20251213_14:00:00   3.5757e-01   8.1868e+01   5.2135e+00   0.0000e+00   2.1014e-02   3.7111e+02
20251213_15:00:00   4.4130e-01   9.6234e+01   6.5062e+00   0.0000e+00   4.2965e-02   3.7368e+02
20251213_16:00:00   5.5784e-01   1.1459e+02   8.0380e+00   0.0000e+00   2.0082e-01   3.6843e+02
20251213_17:00:00   5.8536e-01   1.1881e+02   8.4568e+00   2.1795e-04   1.2498e-01   3.6503e+02
20251213_18:00:00   5.7971e-01   1.1829e+02   8.3944e+00   9.1970e-04   2.2984e-02   3.6450e+02
20251213_19:00:00   5.8502e-01   1.1911e+02   8.6027e+00   0.0000e+00   4.0917e-02   3.6273e+02
20251213_20:00:00   5.7974e-01   1.1853e+02   8.5596e+00   0.0000e+00   2.4778e-02   3.5657e+02
20251213_21:00:00   5.6466e-01   1.1645e+02   8.3351e+00   0.0000e+00   1.8588e-02   3.5171e+02
20251213_22:00:00   5.5018e-01   1.1423e+02   8.2263e+00   0.0000e+00   2.6331e-02   3.4972e+02
20251213_23:00:00   5.6056e-01   1.1567e+02   8.3983e+00   0.0000e+00   9.0535e-02   3.4717e+02
20251214_00:00:00   5.6472e-01   1.1628e+02   8.5155e+00   0.0000e+00   1.0389e-01   3.4490e+02
20251214_01:00:00   6.1539e-01   1.2350e+02   9.1846e+00   0.0000e+00   2.8421e-01   3.4425e+02
20251214_02:00:00   6.7748e-01   1.3186e+02   9.9715e+00   1.1112e-04   3.4855e-01   3.4093e+02
20251214_03:00:00   6.7190e-01   1.3091e+02   9.9134e+00   1.0254e-03   1.9882e-01   3.3932e+02
20251214_04:00:00   6.0777e-01   1.2156e+02   9.2186e+00   3.2580e-07   9.5408e-02   3.3728e+02
20251214_05:00:00   5.8239e-01   1.1760e+02   8.8916e+00   0.0000e+00   1.0668e-01   3.3855e+02
20251214_06:00:00   5.4543e-01   1.1198e+02   8.4199e+00   0.0000e+00   9.2635e-02   3.3674e+02
20251214_07:00:00   5.1087e-01   1.0670e+02   7.8690e+00   0.0000e+00   8.2754e-02   3.4238e+02
20251214_08:00:00   4.8217e-01   1.0224e+02   7.3926e+00   0.0000e+00   5.3302e-02   3.4363e+02
20251214_09:00:00   4.5279e-01   9.7532e+01   6.8501e+00   0.0000e+00   5.7887e-03   3.4337e+02
20251214_10:00:00   4.2103e-01   9.2284e+01   6.2732e+00   0.0000e+00   1.1465e-03   3.4041e+02
20251214_11:00:00   3.8361e-01   8.5931e+01   5.5725e+00   0.0000e+00   7.5937e-04   3.3980e+02
20251214_12:00:00   3.5838e-01   8.1455e+01   5.1098e+00   0.0000e+00   4.7829e-04   3.3733e+02
20251214_13:00:00   3.3498e-01   7.7164e+01   4.7126e+00   0.0000e+00   3.4329e-05   3.4499e+02
20251214_14:00:00   2.9791e-01   7.0288e+01   4.1435e+00   0.0000e+00   1.1172e-05   3.4946e+02
20251214_15:00:00   2.6545e-01   6.4078e+01   3.6370e+00   0.0000e+00   3.8004e-06   3.5855e+02
20251214_16:00:00   2.3819e-01   5.8784e+01   3.1443e+00   1.4176e-05   1.7302e-04   3.6299e+02
20251214_17:00:00   2.3900e-01   5.8995e+01   3.0833e+00   2.1260e-05   1.2419e-03   3.6074e+02
20251214_18:00:00   2.5836e-01   6.2781e+01   3.1297e+00   6.2360e-03   5.1466e-03   3.6489e+02
20251214_19:00:00   2.4497e-01   6.0142e+01   3.0595e+00   6.1700e-04   1.9383e-02   3.7618e+02
20251214_20:00:00   2.5133e-01   6.1308e+01   3.1625e+00   0.0000e+00   2.4658e-03   3.7658e+02
20251214_21:00:00   2.4793e-01   6.0437e+01   3.1228e+00   0.0000e+00   2.4797e-03   3.7714e+02
20251214_22:00:00   2.5316e-01   6.1294e+01   3.2001e+00   0.0000e+00   2.7745e-04   3.6973e+02
20251214_23:00:00   2.6602e-01   6.3726e+01   3.3610e+00   0.0000e+00   6.6243e-04   3.6556e+02
20251215_00:00:00   2.4072e-01   5.8775e+01   3.0045e+00   0.0000e+00   1.3621e-05   3.6038e+02
20251215_01:00:00   2.4243e-01   5.9039e+01   3.0183e+00   0.0000e+00   1.6921e-05   3.6173e+02
20251215_02:00:00   2.3300e-01   5.7131e+01   2.8811e+00   0.0000e+00   2.1009e-05   3.6517e+02
20251215_03:00:00   2.1066e-01   5.2538e+01   2.5944e+00   0.0000e+00   6.7634e-06   3.6484e+02
20251215_04:00:00   2.5568e-01   6.1301e+01   3.2661e+00   0.0000e+00   3.1830e-05   3.5875e+02
20251215_05:00:00   2.5116e-01   6.0561e+01   3.1930e+00   0.0000e+00   2.0597e-05   3.5344e+02
20251215_06:00:00   2.4404e-01   5.9238e+01   3.0858e+00   0.0000e+00   1.6698e-05   3.5056e+02
20251215_07:00:00   2.4212e-01   5.8978e+01   3.0882e+00   0.0000e+00   1.1692e-05   3.6528e+02
20251215_08:00:00   2.5808e-01   6.2098e+01   3.3760e+00   0.0000e+00   1.1295e-05   3.7800e+02
20251215_09:00:00   2.6880e-01   6.4223e+01   3.5514e+00   0.0000e+00   1.4665e-05   3.9372e+02
20251215_10:00:00   2.5876e-01   6.2413e+01   3.4008e+00   0.0000e+00   1.4195e-05   3.7641e+02
20251215_11:00:00   2.4179e-01   5.9177e+01   3.1674e+00   0.0000e+00   8.6261e-06   3.6940e+02
20251215_12:00:00   2.3292e-01   5.7461e+01   3.0338e+00   0.0000e+00   8.6563e-06   3.5838e+02
20251215_13:00:00   2.1913e-01   5.4775e+01   2.8306e+00   0.0000e+00   8.6056e-06   3.4472e+02
20251215_14:00:00   2.1154e-01   5.3287e+01   2.7304e+00   0.0000e+00   8.1991e-06   3.2869e+02
20251215_15:00:00   2.1557e-01   5.4070e+01   2.8441e+00   0.0000e+00   6.4075e-04   3.1589e+02
20251215_16:00:00   2.0693e-01   5.2317e+01   2.7744e+00   0.0000e+00   1.6178e-06   3.0853e+02
20251215_17:00:00   2.0335e-01   5.1480e+01   2.8254e+00   0.0000e+00   1.8847e-03   3.0229e+02
20251215_18:00:00   2.1748e-01   5.4248e+01   3.1426e+00   0.0000e+00   1.8108e-02   3.0865e+02
20251215_19:00:00   2.3570e-01   5.7809e+01   3.4897e+00   0.0000e+00   2.7259e-02   3.0630e+02
20251215_20:00:00   2.5535e-01   6.1625e+01   3.8341e+00   0.0000e+00   5.5083e-02   3.0002e+02
20251215_21:00:00   2.8936e-01   6.8151e+01   4.3623e+00   0.0000e+00   1.2666e-01   2.9908e+02
20251215_22:00:00   3.2318e-01   7.4464e+01   4.9061e+00   0.0000e+00   1.3735e-01   3.0287e+02
20251215_23:00:00   3.6940e-01   8.2761e+01   5.5900e+00   0.0000e+00   1.7915e-01   3.0528e+02
20251216_00:00:00   4.1672e-01   9.0965e+01   6.2634e+00   0.0000e+00   1.8052e-01   3.0567e+02
20251216_01:00:00   4.5110e-01   9.6697e+01   6.6617e+00   0.0000e+00   2.1843e-01   3.0329e+02
20251216_02:00:00   4.6750e-01   9.9425e+01   6.8663e+00   0.0000e+00   1.1644e-01   3.0755e+02
20251216_03:00:00   4.6401e-01   9.8852e+01   6.7961e+00   0.0000e+00   1.3081e-01   3.0980e+02
20251216_04:00:00   4.4524e-01   9.6138e+01   6.4239e+00   0.0000e+00   1.5091e-02   3.1602e+02
20251216_05:00:00   4.4285e-01   9.5913e+01   6.3200e+00   0.0000e+00   8.3587e-03   3.2420e+02
20251216_06:00:00   4.5168e-01   9.7236e+01   6.5012e+00   0.0000e+00   3.4558e-02   3.2773e+02
20251216_07:00:00   4.3865e-01   9.5227e+01   6.3030e+00   0.0000e+00   2.2677e-02   3.2979e+02
20251216_08:00:00   4.1597e-01   9.1554e+01   5.9278e+00   0.0000e+00   5.7518e-02   3.4196e+02
20251216_09:00:00   3.9005e-01   8.7314e+01   5.5056e+00   0.0000e+00   5.6406e-03   3.4581e+02
20251216_10:00:00   3.6201e-01   8.2619e+01   4.9848e+00   0.0000e+00   3.8451e-04   3.5187e+02
20251216_11:00:00   3.2107e-01   7.5444e+01   4.2362e+00   0.0000e+00   1.6506e-05   3.6093e+02
20251216_12:00:00   2.8676e-01   6.9004e+01   3.7460e+00   0.0000e+00   1.6096e-05   3.3737e+02
20251216_13:00:00   2.6331e-01   6.4494e+01   3.4583e+00   0.0000e+00   1.2638e-05   3.3595e+02
20251216_14:00:00   2.5384e-01   6.2693e+01   3.3736e+00   0.0000e+00   1.1803e-05   3.3963e+02
20251216_15:00:00   2.6554e-01   6.5027e+01   3.6169e+00   0.0000e+00   7.9223e-06   3.2474e+02
20251216_16:00:00   2.6491e-01   6.5032e+01   3.6752e+00   0.0000e+00   2.2273e-05   3.0959e+02
20251216_17:00:00   2.6565e-01   6.5284e+01   3.7482e+00   0.0000e+00   1.2090e-05   3.0202e+02
20251216_18:00:00   2.7422e-01   6.7046e+01   3.9249e+00   0.0000e+00   7.9572e-06   2.9840e+02
20251216_19:00:00   2.7969e-01   6.8203e+01   4.0478e+00   0.0000e+00   4.1046e-06   2.9789e+02
20251216_20:00:00   2.8854e-01   6.9939e+01   4.2247e+00   0.0000e+00   1.0010e-04   2.9871e+02
20251216_21:00:00   2.9627e-01   7.1292e+01   4.4426e+00   0.0000e+00   3.6451e-03   2.9425e+02
20251216_22:00:00   2.9839e-01   7.1554e+01   4.5753e+00   0.0000e+00   1.7338e-02   2.9453e+02
20251216_23:00:00   3.1606e-01   7.4795e+01   4.9607e+00   0.0000e+00   3.5248e-02   2.9014e+02
20251217_00:00:00   3.3756e-01   7.8751e+01   5.4033e+00   0.0000e+00   6.7308e-02   2.9037e+02
20251217_01:00:00   3.4488e-01   8.0141e+01   5.5643e+00   0.0000e+00   2.4888e-02   2.8990e+02
20251217_02:00:00   3.2436e-01   7.6422e+01   5.1722e+00   0.0000e+00   2.2258e-02   2.9075e+02
20251217_03:00:00   3.7661e-01   8.5841e+01   6.1461e+00   0.0000e+00   3.2618e-02   2.8876e+02
20251217_04:00:00   3.8078e-01   8.6759e+01   6.2341e+00   0.0000e+00   1.4865e-02   2.7881e+02
20251217_05:00:00   3.5940e-01   8.3429e+01   5.7872e+00   0.0000e+00   3.5088e-04   2.8026e+02
20251217_06:00:00   4.6212e-01   1.0142e+02   7.5690e+00   0.0000e+00   1.3339e-04   2.7940e+02
20251217_09:00:00   5.2140e-01   1.1177e+02   8.5160e+00   0.0000e+00   1.7724e-03   2.7483e+02
20251217_12:00:00   6.8703e-01   1.3585e+02   1.1235e+01   0.0000e+00   1.0403e-02   2.7691e+02
20251217_15:00:00   9.5628e-01   1.6769e+02   1.5532e+01   0.0000e+00   2.5958e-01   2.8278e+02
20251217_18:00:00   1.0366e+00   1.7777e+02   1.5350e+01   1.2203e-02   6.3009e-03   2.8837e+02
20251217_21:00:00   7.7310e-01   1.4906e+02   1.0339e+01   3.6854e-02   2.7636e-02   2.9090e+02
20251218_00:00:00   5.6966e-01   1.2040e+02   8.7888e+00   5.8560e-05   9.5627e-02   2.9763e+02
20251218_03:00:00   5.3204e-01   1.1383e+02   8.4248e+00   0.0000e+00   4.5434e-02   2.9871e+02
20251218_06:00:00   5.6861e-01   1.1861e+02   9.1968e+00   0.0000e+00   2.4662e-01   3.0842e+02
20251218_09:00:00   6.7890e-01   1.3403e+02   1.1063e+01   0.0000e+00   1.0184e-01   3.0430e+02
20251218_12:00:00   7.6798e-01   1.4579e+02   1.2261e+01   0.0000e+00   8.7557e-02   3.0908e+02
20251218_15:00:00   9.5291e-01   1.6720e+02   1.4767e+01   0.0000e+00   3.3601e-01   3.1265e+02
20251218_18:00:00   2.5848e+00   2.5212e+02   1.5760e+01   6.1953e-01   1.1780e-01   3.0807e+02
20251218_21:00:00   2.0482e+00   2.3950e+02   1.3625e+01   4.3868e-01   2.5336e-04   2.9905e+02
20251219_00:00:00   1.1815e+00   1.9220e+02   1.2366e+01   1.2345e-01   9.1322e-04   2.9823e+02
20251219_03:00:00   6.9306e-01   1.4017e+02   9.0569e+00   1.8870e-02   0.0000e+00   3.0244e+02
20251219_06:00:00   4.6094e-01   1.0460e+02   6.6402e+00   0.0000e+00   1.3444e-04   3.0354e+02
20251219_09:00:00   5.9273e-01   1.2533e+02   9.1894e+00   0.0000e+00   1.1638e-03   3.0495e+02
20251219_12:00:00   6.1780e-01   1.2861e+02   9.2775e+00   0.0000e+00   1.0632e-06   3.0802e+02
20251219_15:00:00   4.4668e-01   1.0076e+02   6.2951e+00   2.3460e-03   1.5443e-04   3.1529e+02
20251219_18:00:00   3.9322e-01   9.1126e+01   5.6346e+00   0.0000e+00   5.8520e-04   3.1744e+02
20251219_21:00:00   3.6103e-01   8.5179e+01   5.0012e+00   0.0000e+00   2.2184e-03   3.2309e+02
20251220_00:00:00   2.8952e-01   7.1139e+01   4.1222e+00   0.0000e+00   2.7269e-03   3.1879e+02
20251220_03:00:00   3.1169e-01   7.4854e+01   4.8458e+00   0.0000e+00   6.0645e-02   3.1606e+02
20251220_06:00:00   3.4250e-01   7.9976e+01   5.6245e+00   0.0000e+00   1.7427e-01   3.1331e+02
20251220_09:00:00   4.0850e-01   9.1683e+01   6.9270e+00   0.0000e+00   9.5496e-02   3.1615e+02
20251220_12:00:00   9.3338e-01   1.6412e+02   1.3484e+01   4.5386e-02   4.5982e-01   3.1117e+02
20251220_15:00:00   2.4963e+00   2.4795e+02   1.9029e+01   5.3129e-01   7.8814e-01   3.0296e+02
20251220_18:00:00   4.3253e+00   2.6764e+02   1.9999e+01   1.2563e+00   6.5226e-02   2.9620e+02
20251220_21:00:00   2.5774e+00   2.5268e+02   2.2117e+01   4.6537e-01   3.3483e-01   2.9728e+02
20251221_00:00:00   2.7812e+00   2.5824e+02   2.2653e+01   5.1664e-01   1.7251e-01   3.0134e+02
20251221_03:00:00   2.5473e+00   2.5374e+02   2.3255e+01   4.3070e-01   1.8910e-01   2.9716e+02
20251221_06:00:00   3.3279e+00   2.6496e+02   2.3278e+01   7.5056e-01   2.8717e-01   2.9511e+02
20251221_09:00:00   3.2318e+00   2.6349e+02   2.2182e+01   7.4285e-01   2.1022e-01   2.9877e+02
20251221_12:00:00   1.2669e+00   1.9691e+02   1.7450e+01   6.9948e-02   1.4381e-01   3.0306e+02
20251221_15:00:00   5.6803e-01   1.1982e+02   8.0947e+00   1.8773e-02   6.3408e-02   3.0680e+02
20251221_18:00:00   3.5679e-01   8.4516e+01   4.9798e+00   1.7548e-04   1.2047e-02   3.0967e+02
20251221_21:00:00   3.0303e-01   7.3828e+01   4.3735e+00   0.0000e+00   1.2748e-02   3.0629e+02
20251222_00:00:00   2.5757e-01   6.4374e+01   3.8763e+00   0.0000e+00   1.1508e-02   3.1404e+02
20251222_03:00:00   2.5270e-01   6.3062e+01   3.9362e+00   0.0000e+00   6.2109e-03   3.2320e+02
20251222_06:00:00   2.7314e-01   6.6941e+01   4.2973e+00   0.0000e+00   1.5819e-06   3.2983e+02
20251222_09:00:00   2.7886e-01   6.8459e+01   4.2153e+00   3.9700e-06   6.3975e-06   3.2521e+02
20251222_12:00:00   3.7245e-01   8.6030e+01   5.7481e+00   0.0000e+00   2.1259e-03   3.3565e+02
20251222_15:00:00   4.5623e-01   1.0000e+02   7.4549e+00   0.0000e+00   1.0454e-01   3.2152e+02
20251222_18:00:00   6.2072e-01   1.2561e+02   1.0218e+01   3.0820e-05   1.0254e-02   3.2615e+02
20251222_21:00:00   7.3728e-01   1.4146e+02   1.1959e+01   6.3811e-04   2.6064e-01   3.1927e+02
20251223_00:00:00   1.0458e+00   1.7659e+02   1.3745e+01   8.7261e-02   2.6241e-02   3.1061e+02
20251223_03:00:00   2.4617e+00   2.5011e+02   2.0873e+01   4.5336e-01   1.9671e-01   3.1153e+02
20251223_06:00:00   3.0439e+00   2.6328e+02   2.2157e+01   6.4271e-01   6.5696e-02   3.1365e+02
20251223_09:00:00   2.5373e+00   2.5488e+02   1.6515e+01   5.6498e-01   1.6054e-02   3.1265e+02
20251223_12:00:00   7.9210e-01   1.5083e+02   7.6096e+00   9.9765e-02   2.8644e-04   3.2173e+02
20251223_15:00:00   4.7643e-01   1.0484e+02   6.1622e+00   8.7322e-03   2.0554e-03   3.3153e+02
20251223_18:00:00   2.6234e-01   6.5379e+01   3.4111e+00   0.0000e+00   0.0000e+00   3.3906e+02
20251223_21:00:00   2.4253e-01   6.0606e+01   3.0956e+00   0.0000e+00   0.0000e+00   3.3251e+02
20251224_00:00:00   1.9721e-01   5.0789e+01   2.4007e+00   0.0000e+00   6.5804e-06   3.2611e+02
20251224_03:00:00   1.5383e-01   4.1295e+01   1.8855e+00   0.0000e+00   2.1534e-06   3.2084e+02
20251224_06:00:00   1.4844e-01   4.0049e+01   1.9635e+00   0.0000e+00   0.0000e+00   3.1930e+02
20251224_09:00:00   1.9056e-01   4.9144e+01   2.7798e+00   0.0000e+00   0.0000e+00   3.1912e+02
20251224_12:00:00   2.2662e-01   5.6561e+01   3.5057e+00   0.0000e+00   9.4540e-07   3.1896e+02
20251224_15:00:00   2.7867e-01   6.6806e+01   4.4870e+00   0.0000e+00   3.9804e-04   3.0600e+02
20251224_18:00:00   3.6345e-01   8.2779e+01   6.1100e+00   0.0000e+00   1.3830e-03   3.1032e+02
20251224_21:00:00   4.8013e-01   1.0286e+02   8.0285e+00   0.0000e+00   1.6734e-01   3.1308e+02
20251225_00:00:00   5.0178e-01   1.0638e+02   8.6055e+00   0.0000e+00   1.8873e-01   3.1318e+02
20251225_03:00:00   1.0447e+00   1.7416e+02   1.2706e+01   1.1882e-01   4.2399e-01   3.0517e+02
20251225_06:00:00   3.1418e+00   2.5845e+02   1.8848e+01   8.0584e-01   6.6636e-01   2.9809e+02
20251225_09:00:00   4.0867e+00   2.6871e+02   2.1941e+01   1.0920e+00   3.0926e-02   2.8410e+02
20251225_12:00:00   3.6598e+00   2.6862e+02   2.4322e+01   8.3231e-01   1.8306e-01   2.8708e+02
20251225_15:00:00   3.9352e+00   2.7160e+02   2.5557e+01   9.0299e-01   1.5368e-01   2.7752e+02
20251225_18:00:00   2.3232e+00   2.5045e+02   2.5936e+01   2.3989e-01   6.1639e-01   2.8070e+02
20251225_21:00:00   3.2779e+00   2.6838e+02   2.6263e+01   5.9896e-01   3.0368e-01   2.8250e+02
20251226_00:00:00   2.5478e+00   2.5809e+02   2.5332e+01   3.1509e-01   7.4918e-05   2.9005e+02
20251226_03:00:00   2.6921e+00   2.6225e+02   2.4371e+01   3.9661e-01   2.5312e-03   2.8217e+02
20251226_06:00:00   2.4951e+00   2.5845e+02   2.6120e+01   2.7316e-01   9.3742e-05   2.7724e+02
20251226_09:00:00   2.8813e+00   2.6664e+02   2.6854e+01   4.1767e-01   3.3133e-03   2.7475e+02
20251226_12:00:00   3.0396e+00   2.6941e+02   2.6763e+01   4.8421e-01   3.1756e-04   2.7913e+02
20251226_15:00:00   5.7938e+00   2.8091e+02   2.7868e+01   1.5783e+00   5.2333e-02   2.8140e+02
20251226_18:00:00   1.7467e+00   2.2562e+02   2.0648e+01   1.7202e-01   5.9843e-01   2.8780e+02
20251226_21:00:00   7.0797e-01   1.3660e+02   1.1330e+01   3.3252e-05   7.5340e-01   3.1331e+02
20251227_00:00:00   3.0081e-01   7.2217e+01   3.8972e+00   0.0000e+00   2.8834e-04   3.5403e+02
20251227_03:00:00   2.8641e-01   6.8524e+01   3.6081e+00   0.0000e+00   3.1273e-02   3.6506e+02
20251227_06:00:00   1.9933e-01   5.0515e+01   2.4599e+00   0.0000e+00   3.9026e-04   3.4787e+02
20251227_09:00:00   1.7517e-01   4.5411e+01   2.0879e+00   0.0000e+00   9.1020e-06   3.6293e+02
20251227_12:00:00   1.5800e-01   4.1797e+01   1.8539e+00   0.0000e+00   4.7334e-06   3.6272e+02
20251227_15:00:00   1.5903e-01   4.2100e+01   2.0713e+00   0.0000e+00   0.0000e+00   3.5724e+02
20251227_18:00:00   1.6287e-01   4.3170e+01   2.3490e+00   0.0000e+00   0.0000e+00   3.3698e+02
20251227_21:00:00   1.8975e-01   4.9188e+01   2.8362e+00   0.0000e+00   0.0000e+00   3.4608e+02
20251228_00:00:00   2.3271e-01   5.8248e+01   3.6470e+00   0.0000e+00   3.3041e-04   3.3929e+02
20251228_03:00:00   3.1212e-01   7.3760e+01   5.1378e+00   0.0000e+00   1.3912e-04   3.3231e+02
20251228_06:00:00   3.6511e-01   8.3605e+01   6.0151e+00   0.0000e+00   8.1580e-06   3.2905e+02
