#            date       tau255        Tb[K]      pwv[mm] lwp[kg*m^-2] iwp[kg*m^-2]       o3[DU]
20251208_18:00:00   1.3148e-01   3.5876e+01   1.5506e+00   0.0000e+00   1.7660e-03   3.5310e+02
20251208_19:00:00   1.3750e-01   3.7216e+01   1.6459e+00   0.0000e+00   2.1674e-03   3.4991e+02
20251208_20:00:00   1.4701e-01   3.9292e+01   1.7882e+00   0.0000e+00   3.0596e-03   3.5414e+02
20251208_21:00:00   1.5406e-01   4.0790e+01   1.8975e+00   0.0000e+00   3.7804e-03   3.5053e+02
20251208_22:00:00   1.5785e-01   4.1545e+01   1.9642e+00   0.0000e+00   4.7189e-03   3.4405e+02
20251208_23:00:00   1.5767e-01   4.1444e+01   1.9750e+00   0.0000e+00   4.4127e-03   3.4188e+02
20251209_00:00:00   1.5615e-01   4.1065e+01   1.9660e+00   0.0000e+00   3.8274e-03   3.4452e+02
20251209_01:00:00   1.5661e-01   4.1124e+01   1.9864e+00   0.0000e+00   3.5056e-03   3.5178e+02
20251209_02:00:00   1.5453e-01   4.0674e+01   1.9603e+00   0.0000e+00   5.5138e-03   3.5184e+02
20251209_03:00:00   1.5410e-01   4.0552e+01   1.9744e+00   0.0000e+00   6.8202e-03   3.5172e+02
20251209_04:00:00   1.5350e-01   4.0387e+01   1.9906e+00   0.0000e+00   3.9932e-03   3.5797e+02
20251209_05:00:00   1.5505e-01   4.0696e+01   2.0314e+00   0.0000e+00   8.6120e-04   3.6605e+02
20251209_06:00:00   1.5782e-01   4.1278e+01   2.0916e+00   0.0000e+00   1.0011e-04   3.6763e+02
20251209_07:00:00   1.6068e-01   4.1889e+01   2.1512e+00   0.0000e+00   8.3028e-06   3.7634e+02
20251209_08:00:00   1.6600e-01   4.3022e+01   2.2474e+00   0.0000e+00   6.9245e-06   3.8388e+02
20251209_09:00:00   1.7484e-01   4.4878e+01   2.3978e+00   0.0000e+00   2.1074e-05   3.8904e+02
20251209_10:00:00   1.7847e-01   4.5657e+01   2.4525e+00   0.0000e+00   2.2924e-05   3.8936e+02
20251209_11:00:00   1.7583e-01   4.5126e+01   2.4037e+00   0.0000e+00   1.6316e-05   4.0661e+02
20251209_12:00:00   1.7265e-01   4.4446e+01   2.3553e+00   0.0000e+00   1.5996e-05   4.1856e+02
20251209_13:00:00   1.7015e-01   4.3951e+01   2.3211e+00   0.0000e+00   1.0484e-05   4.2085e+02
20251209_14:00:00   1.7077e-01   4.4137e+01   2.3346e+00   0.0000e+00   8.1580e-06   4.3379e+02
20251209_15:00:00   1.6133e-01   4.2228e+01   2.1790e+00   0.0000e+00   6.1060e-06   4.2932e+02
20251209_16:00:00   1.5793e-01   4.1600e+01   2.1097e+00   0.0000e+00   3.2020e-07   4.2395e+02
20251209_17:00:00   1.6606e-01   4.3425e+01   2.2438e+00   0.0000e+00   2.8356e-05   4.2457e+02
20251209_18:00:00   1.7867e-01   4.6142e+01   2.4559e+00   0.0000e+00   4.2737e-03   4.1161e+02
20251209_19:00:00   1.8691e-01   4.7893e+01   2.5879e+00   0.0000e+00   1.4032e-02   3.9587e+02
20251209_20:00:00   1.8816e-01   4.8069e+01   2.6251e+00   0.0000e+00   5.6172e-02   3.9559e+02
20251209_21:00:00   1.9909e-01   5.0229e+01   2.7936e+00   0.0000e+00   1.3082e-01   3.9802e+02
20251209_22:00:00   2.1668e-01   5.3858e+01   3.1515e+00   0.0000e+00   3.7622e-02   3.9528e+02
20251209_23:00:00   2.5571e-01   6.1882e+01   3.8225e+00   0.0000e+00   8.9348e-03   3.9525e+02
20251210_00:00:00   3.2595e-01   7.5311e+01   4.9066e+00   0.0000e+00   1.3697e-01   3.9093e+02
20251210_01:00:00   4.5988e-01   9.8745e+01   6.8584e+00   0.0000e+00   5.9961e-02   3.8651e+02
20251210_02:00:00   5.4879e-01   1.1301e+02   7.9548e+00   0.0000e+00   1.0927e-01   3.8552e+02
20251210_03:00:00   5.6633e-01   1.1611e+02   8.0513e+00   0.0000e+00   9.6796e-02   3.8216e+02
20251210_04:00:00   5.6762e-01   1.1656e+02   8.1008e+00   1.7389e-04   5.5613e-02   3.7600e+02
20251210_05:00:00   5.8715e-01   1.1962e+02   8.3438e+00   3.8223e-03   7.4080e-02   3.6769e+02
20251210_06:00:00   6.0374e-01   1.2210e+02   8.8524e+00   1.2009e-06   1.2759e-01   3.6522e+02
20251210_07:00:00   6.1988e-01   1.2448e+02   9.2672e+00   1.2010e-06   1.7524e-01   3.6065e+02
20251210_08:00:00   6.0014e-01   1.2180e+02   9.0461e+00   0.0000e+00   1.5711e-01   3.5437e+02
20251210_09:00:00   5.8856e-01   1.2028e+02   8.9186e+00   0.0000e+00   1.0259e-01   3.4760e+02
20251210_10:00:00   5.7056e-01   1.1779e+02   8.6443e+00   0.0000e+00   6.2541e-02   3.4805e+02
20251210_11:00:00   6.6378e-01   1.3098e+02   1.0130e+01   0.0000e+00   3.1113e-02   3.5456e+02
20251210_12:00:00   7.2359e-01   1.3893e+02   1.0998e+01   0.0000e+00   5.9157e-02   3.5875e+02
20251210_13:00:00   7.8773e-01   1.4710e+02   1.1880e+01   0.0000e+00   7.1696e-02   3.6062e+02
20251210_14:00:00   8.5732e-01   1.5539e+02   1.2706e+01   0.0000e+00   2.8625e-01   3.5929e+02
20251210_15:00:00   8.8546e-01   1.5882e+02   1.3179e+01   6.2940e-04   1.3750e-01   3.6010e+02
20251210_16:00:00   8.9740e-01   1.6027e+02   1.3349e+01   3.5440e-06   4.4679e-01   3.5750e+02
20251210_17:00:00   9.0510e-01   1.6125e+02   1.3633e+01   0.0000e+00   3.5335e-01   3.4769e+02
20251210_18:00:00   9.2825e-01   1.6358e+02   1.3854e+01   1.4112e-03   6.1449e-01   3.4762e+02
20251210_19:00:00   9.8007e-01   1.6921e+02   1.4294e+01   1.6542e-02   3.3423e-01   3.4576e+02
20251210_20:00:00   1.1243e+00   1.8326e+02   1.4785e+01   5.6866e-02   5.4802e-01   3.4541e+02
20251210_21:00:00   1.7622e+00   2.2580e+02   1.4398e+01   3.2855e-01   4.0438e-01   3.4630e+02
20251210_22:00:00   1.9650e+00   2.3439e+02   1.3949e+01   4.2544e-01   3.3773e-01   3.4683e+02
20251210_23:00:00   1.8699e+00   2.3043e+02   1.3779e+01   3.9054e-01   4.8786e-01   3.4416e+02
20251211_00:00:00   2.0568e+00   2.3777e+02   1.3357e+01   4.7671e-01   4.0249e-01   3.4689e+02
20251211_01:00:00   2.0531e+00   2.3773e+02   1.2752e+01   4.9151e-01   1.7129e-01   3.4110e+02
20251211_02:00:00   2.2344e+00   2.4360e+02   1.2126e+01   5.8071e-01   1.5402e-01   3.4226e+02
20251211_03:00:00   2.1674e+00   2.4177e+02   1.0710e+01   5.8952e-01   1.4467e-03   3.4907e+02
20251211_04:00:00   1.6863e+00   2.2150e+02   1.0470e+01   4.0252e-01   1.7609e-03   3.4965e+02
20251211_05:00:00   9.0727e-01   1.6215e+02   1.0494e+01   7.7909e-02   1.7988e-03   3.5064e+02
20251211_06:00:00   8.5598e-01   1.5632e+02   1.0485e+01   5.6926e-02   5.2666e-03   3.6328e+02
20251211_07:00:00   1.3120e+00   1.9804e+02   1.0569e+01   2.4689e-01   6.7325e-02   3.6149e+02
20251211_08:00:00   9.1907e-01   1.6239e+02   9.9635e+00   1.0306e-01   1.7354e-02   3.5833e+02
20251211_09:00:00   7.4836e-01   1.4239e+02   8.9764e+00   5.9014e-02   7.1127e-03   3.5874e+02
20251211_10:00:00   4.3087e-01   9.5933e+01   6.1245e+00   0.0000e+00   8.2835e-05   3.5628e+02
20251211_11:00:00   3.2609e-01   7.7167e+01   4.4589e+00   0.0000e+00   6.6360e-06   3.4854e+02
20251211_12:00:00   2.2224e-01   5.6583e+01   2.8641e+00   0.0000e+00   5.4197e-06   3.4670e+02
20251211_13:00:00   1.9637e-01   5.0978e+01   2.5094e+00   0.0000e+00   2.3385e-06   3.5485e+02
20251211_14:00:00   1.9514e-01   5.0618e+01   2.5215e+00   0.0000e+00   1.7609e-06   3.5688e+02
20251211_15:00:00   2.0141e-01   5.1907e+01   2.6337e+00   0.0000e+00   5.9310e-07   3.6150e+02
20251211_16:00:00   2.0834e-01   5.3314e+01   2.7245e+00   0.0000e+00   0.0000e+00   3.7074e+02
20251211_17:00:00   2.3129e-01   5.8019e+01   3.0200e+00   0.0000e+00   2.8754e-06   3.7289e+02
20251211_18:00:00   2.5236e-01   6.2252e+01   3.2886e+00   0.0000e+00   2.6622e-04   3.7308e+02
20251211_19:00:00   2.6533e-01   6.4840e+01   3.4770e+00   0.0000e+00   6.1224e-04   3.7326e+02
20251211_20:00:00   2.8397e-01   6.8500e+01   3.7366e+00   0.0000e+00   2.7739e-03   3.6514e+02
20251211_21:00:00   3.0672e-01   7.2821e+01   4.0595e+00   0.0000e+00   5.9555e-03   3.6671e+02
20251211_22:00:00   3.3529e-01   7.8104e+01   4.4409e+00   0.0000e+00   2.0940e-02   3.7058e+02
20251211_23:00:00   3.3896e-01   7.8726e+01   4.4962e+00   0.0000e+00   3.0928e-02   3.7484e+02
20251212_00:00:00   3.3388e-01   7.7626e+01   4.4476e+00   0.0000e+00   1.5099e-02   3.7272e+02
20251212_01:00:00   3.2199e-01   7.5175e+01   4.3132e+00   0.0000e+00   1.1486e-02   3.7387e+02
20251212_02:00:00   3.1219e-01   7.3129e+01   4.2031e+00   0.0000e+00   4.1181e-03   3.7238e+02
20251212_03:00:00   3.0203e-01   7.1047e+01   4.0643e+00   0.0000e+00   1.5132e-04   3.7152e+02
20251212_04:00:00   2.8169e-01   6.7120e+01   3.7454e+00   0.0000e+00   6.6473e-05   3.7898e+02
20251212_05:00:00   2.3030e-01   5.7046e+01   2.9648e+00   0.0000e+00   1.3129e-05   3.8089e+02
20251212_06:00:00   1.9198e-01   4.9236e+01   2.3656e+00   0.0000e+00   6.2214e-06   3.8366e+02
20251212_07:00:00   1.8062e-01   4.6825e+01   2.2093e+00   0.0000e+00   2.9253e-06   3.8168e+02
20251212_08:00:00   1.7985e-01   4.6658e+01   2.2098e+00   0.0000e+00   1.8629e-06   3.8019e+02
20251212_09:00:00   1.7917e-01   4.6536e+01   2.2194e+00   0.0000e+00   0.0000e+00   3.7751e+02
20251212_10:00:00   1.8420e-01   4.7660e+01   2.3022e+00   0.0000e+00   0.0000e+00   3.6957e+02
20251212_11:00:00   1.9436e-01   4.9813e+01   2.4512e+00   0.0000e+00   0.0000e+00   3.6554e+02
20251212_12:00:00   2.0762e-01   5.2569e+01   2.6435e+00   0.0000e+00   0.0000e+00   3.6529e+02
20251212_13:00:00   2.0742e-01   5.2580e+01   2.6227e+00   0.0000e+00   5.3500e-07   3.6352e+02
20251212_14:00:00   2.0138e-01   5.1432e+01   2.5159e+00   0.0000e+00   2.7700e-07   3.6276e+02
20251212_15:00:00   1.9646e-01   5.0507e+01   2.4416e+00   0.0000e+00   0.0000e+00   3.6291e+02
20251212_16:00:00   1.9768e-01   5.0815e+01   2.4724e+00   0.0000e+00   0.0000e+00   3.6146e+02
20251212_17:00:00   2.1062e-01   5.3576e+01   2.6534e+00   0.0000e+00   2.0516e-06   3.5980e+02
20251212_18:00:00   2.3777e-01   5.9227e+01   3.0194e+00   0.0000e+00   3.9516e-05   3.5756e+02
20251212_19:00:00   2.4777e-01   6.1328e+01   3.1586e+00   0.0000e+00   7.7040e-05   3.5471e+02
20251212_20:00:00   2.4577e-01   6.0958e+01   3.1322e+00   0.0000e+00   1.6841e-05   3.6385e+02
20251212_21:00:00   2.3515e-01   5.8840e+01   2.9855e+00   0.0000e+00   6.6213e-06   3.6366e+02
20251212_22:00:00   2.4150e-01   6.0140e+01   3.0765e+00   0.0000e+00   5.0197e-06   3.6657e+02
20251212_23:00:00   2.4837e-01   6.1568e+01   3.1661e+00   0.0000e+00   5.1354e-06   3.6899e+02
20251213_00:00:00   2.4819e-01   6.1591e+01   3.1661e+00   0.0000e+00   5.0164e-06   3.6824e+02
20251213_01:00:00   2.5352e-01   6.2644e+01   3.2671e+00   0.0000e+00   2.1208e-06   3.6689e+02
20251213_02:00:00   2.6593e-01   6.5065e+01   3.4789e+00   0.0000e+00   3.8587e-05   3.6678e+02
20251213_03:00:00   2.8787e-01   6.9331e+01   3.8274e+00   0.0000e+00   1.3643e-04   3.5148e+02
20251213_04:00:00   3.0150e-01   7.1882e+01   4.0917e+00   0.0000e+00   1.3552e-04   3.4960e+02
20251213_05:00:00   3.1541e-01   7.4353e+01   4.3815e+00   0.0000e+00   1.2231e-02   3.5931e+02
20251213_06:00:00   3.3853e-01   7.8551e+01   4.7703e+00   0.0000e+00   3.7695e-02   3.6428e+02
20251213_07:00:00   3.6685e-01   8.3595e+01   5.2453e+00   0.0000e+00   3.8258e-02   3.7243e+02
20251213_08:00:00   3.9871e-01   8.9141e+01   5.7678e+00   0.0000e+00   2.1593e-02   3.7667e+02
20251213_09:00:00   4.1820e-01   9.2373e+01   6.0659e+00   0.0000e+00   1.5592e-02   3.7766e+02
20251213_10:00:00   4.3510e-01   9.5240e+01   6.2841e+00   0.0000e+00   1.4058e-02   3.7975e+02
20251213_11:00:00   4.6288e-01   9.9871e+01   6.6865e+00   0.0000e+00   7.2291e-03   3.8084e+02
20251213_12:00:00   4.9309e-01   1.0478e+02   7.0493e+00   0.0000e+00   2.9874e-02   3.7513e+02
20251213_13:00:00   4.6738e-01   1.0110e+02   6.5429e+00   0.0000e+00   2.8682e-04   3.6702e+02
20251213_14:00:00   4.4278e-01   9.7308e+01   6.0924e+00   0.0000e+00   8.3192e-04   3.6498e+02
20251213_15:00:00   4.3008e-01   9.5254e+01   5.8338e+00   3.0720e-04   2.4391e-03   3.6456e+02
20251213_16:00:00   3.9420e-01   8.9294e+01   5.2974e+00   5.0920e-04   6.1132e-03   3.5568e+02
20251213_17:00:00   3.9191e-01   8.8896e+01   5.3240e+00   7.7260e-05   9.9292e-03   3.5083e+02
20251213_18:00:00   3.7318e-01   8.5544e+01   5.1839e+00   0.0000e+00   4.7758e-03   3.5252e+02
20251213_21:00:00   3.3588e-01   7.8214e+01   4.8989e+00   0.0000e+00   1.8776e-02   3.4536e+02
20251214_00:00:00   3.0776e-01   7.2120e+01   4.7905e+00   0.0000e+00   2.1282e-02   3.4329e+02
20251214_03:00:00   4.0099e-01   8.8688e+01   6.2290e+00   0.0000e+00   2.4515e-01   3.3036e+02
20251214_06:00:00   5.0330e-01   1.0542e+02   7.7464e+00   0.0000e+00   2.2306e-01   3.2926e+02
20251214_09:00:00   5.2636e-01   1.0896e+02   7.8071e+00   0.0000e+00   2.0584e-01   3.2605e+02
20251214_12:00:00   4.8627e-01   1.0277e+02   6.8516e+00   0.0000e+00   2.4115e-01   3.4256e+02
20251214_15:00:00   4.0329e-01   8.9170e+01   5.5053e+00   2.6762e-05   4.7385e-02   3.5445e+02
20251214_18:00:00   3.7027e-01   8.3294e+01   4.7833e+00   9.6140e-03   4.3787e-03   3.6080e+02
20251214_21:00:00   2.9194e-01   6.8893e+01   3.9090e+00   0.0000e+00   2.8366e-05   3.7680e+02
20251215_00:00:00   2.6206e-01   6.2897e+01   3.3260e+00   0.0000e+00   8.8252e-03   3.8035e+02
20251215_03:00:00   2.5928e-01   6.2054e+01   3.2916e+00   0.0000e+00   1.6915e-03   3.6902e+02
20251215_06:00:00   2.7282e-01   6.4576e+01   3.5311e+00   0.0000e+00   3.2259e-03   3.6597e+02
20251215_09:00:00   2.4086e-01   5.8578e+01   3.0634e+00   0.0000e+00   1.0632e-05   3.6568e+02
20251215_12:00:00   2.1640e-01   5.3850e+01   2.7237e+00   0.0000e+00   7.1770e-06   3.7353e+02
20251215_15:00:00   2.2991e-01   5.6743e+01   2.9603e+00   0.0000e+00   5.2733e-06   3.5609e+02
20251215_18:00:00   2.2921e-01   5.6781e+01   2.9349e+00   0.0000e+00   2.5768e-04   3.2190e+02
20251215_21:00:00   2.1145e-01   5.3238e+01   2.7384e+00   0.0000e+00   1.3919e-03   3.0485e+02
20251216_00:00:00   2.3851e-01   5.8535e+01   3.2450e+00   0.0000e+00   2.1150e-02   3.0643e+02
20251216_03:00:00   2.7612e-01   6.5550e+01   3.9279e+00   0.0000e+00   4.8349e-02   3.0101e+02
20251216_06:00:00   3.0014e-01   6.9896e+01   4.2727e+00   0.0000e+00   2.7757e-02   3.1483e+02
20251216_09:00:00   3.1613e-01   7.2722e+01   4.4839e+00   0.0000e+00   3.1196e-02   3.3081e+02
20251216_12:00:00   3.1803e-01   7.3010e+01   4.4838e+00   0.0000e+00   2.3631e-02   3.3900e+02
20251216_15:00:00   3.2113e-01   7.3653e+01   4.4923e+00   0.0000e+00   9.9080e-03   3.5890e+02
20251216_18:00:00   3.0818e-01   7.1706e+01   4.2104e+00   0.0000e+00   4.4695e-05   3.7434e+02
20251216_21:00:00   2.7534e-01   6.6088e+01   3.6315e+00   0.0000e+00   5.8469e-06   3.8975e+02
20251217_00:00:00   2.8502e-01   6.7871e+01   4.0489e+00   0.0000e+00   1.6566e-05   3.4593e+02
20251217_03:00:00   3.4344e-01   7.8983e+01   5.1728e+00   0.0000e+00   2.0443e-05   3.1082e+02
20251217_06:00:00   3.7867e-01   8.5642e+01   5.9958e+00   0.0000e+00   4.9369e-03   3.0148e+02
20251217_09:00:00   3.5803e-01   8.2160e+01   5.8067e+00   0.0000e+00   4.9790e-02   3.0228e+02
20251217_12:00:00   4.0322e-01   9.0283e+01   6.7403e+00   0.0000e+00   5.6075e-02   2.9514e+02
20251217_15:00:00   3.6384e-01   8.3544e+01   6.0543e+00   0.0000e+00   1.1166e-01   2.9728e+02
20251217_18:00:00   4.3260e-01   9.5965e+01   7.2554e+00   0.0000e+00   1.4311e-01   2.9519e+02
20251217_21:00:00   6.0453e-01   1.2354e+02   1.0215e+01   0.0000e+00   7.8582e-02   2.9997e+02
20251218_00:00:00   5.9359e-01   1.2301e+02   9.8245e+00   0.0000e+00   6.0714e-04   3.0463e+02
20251218_03:00:00   6.7707e-01   1.3565e+02   1.0914e+01   6.9500e-06   3.6211e-03   3.0051e+02
20251218_06:00:00   7.6132e-01   1.4596e+02   1.2414e+01   0.0000e+00   1.6260e-02   3.1055e+02
20251218_09:00:00   7.7557e-01   1.4814e+02   1.1819e+01   6.0247e-03   7.7211e-03   3.1781e+02
20251218_12:00:00   9.7019e-01   1.6969e+02   1.0790e+01   1.0684e-01   1.1295e-03   3.2472e+02
20251218_15:00:00   8.6183e-01   1.5781e+02   1.1618e+01   3.9564e-02   3.4917e-03   3.2159e+02
20251218_18:00:00   8.8569e-01   1.6004e+02   1.2593e+01   2.3256e-02   8.1611e-02   3.2899e+02
20251218_21:00:00   8.1883e-01   1.5253e+02   1.2370e+01   2.2053e-04   9.4821e-03   3.3280e+02
20251219_00:00:00   9.1230e-01   1.6313e+02   1.2687e+01   2.5052e-02   8.8245e-02   3.3347e+02
20251219_03:00:00   1.5015e+00   2.1206e+02   8.8321e+00   3.6427e-01   4.7645e-03   3.3785e+02
20251219_06:00:00   5.9951e-01   1.2437e+02   8.3362e+00   9.9177e-03   1.0078e-02   3.4637e+02
20251219_09:00:00   6.9905e-01   1.3717e+02   8.9666e+00   3.7459e-02   8.6543e-03   3.7593e+02
20251219_12:00:00   5.5276e-01   1.1611e+02   6.6743e+00   3.4200e-02   4.7234e-02   4.0579e+02
20251219_15:00:00   2.5649e-01   6.4589e+01   3.2922e+00   0.0000e+00   2.5880e-06   4.0687e+02
20251219_18:00:00   3.0925e-01   7.4826e+01   4.3002e+00   0.0000e+00   1.8320e-06   3.8082e+02
20251219_21:00:00   3.1250e-01   7.5270e+01   4.6235e+00   0.0000e+00   2.1100e-05   3.5873e+02
20251220_00:00:00   3.5835e-01   8.3564e+01   5.7763e+00   0.0000e+00   1.4885e-05   3.1954e+02
20251220_03:00:00   5.9523e-01   1.2182e+02   1.0128e+01   0.0000e+00   7.5905e-03   3.1169e+02
20251220_06:00:00   8.4014e-01   1.5512e+02   1.4033e+01   0.0000e+00   6.9394e-02   3.1437e+02
20251220_09:00:00   1.0420e+00   1.7755e+02   1.6839e+01   0.0000e+00   7.7451e-02   3.0657e+02
20251220_12:00:00   1.0884e+00   1.8321e+02   1.4726e+01   6.1837e-02   5.9940e-05   2.9799e+02
20251220_15:00:00   9.8463e-01   1.7422e+02   1.4782e+01   1.7074e-02   6.8298e-04   2.8806e+02
20251220_18:00:00   1.1000e+00   1.8553e+02   1.5730e+01   3.0836e-02   5.5002e-05   2.9106e+02
20251220_21:00:00   1.1815e+00   1.9193e+02   1.6106e+01   5.7014e-02   6.3136e-03   2.9314e+02
20251221_00:00:00   1.7754e+00   2.2831e+02   1.6377e+01   2.9517e-01   9.7662e-02   2.9036e+02
20251221_03:00:00   1.3352e+00   2.0212e+02   1.6892e+01   1.0886e-01   3.1868e-03   2.8898e+02
20251221_06:00:00   1.4281e+00   2.0817e+02   1.7623e+01   1.2999e-01   4.7478e-02   2.8710e+02
20251221_09:00:00   1.4216e+00   2.0793e+02   1.8436e+01   1.0137e-01   2.9025e-01   2.9701e+02
20251221_12:00:00   1.7864e+00   2.2829e+02   1.9392e+01   2.1898e-01   6.2042e-02   2.9861e+02
20251221_15:00:00   2.2746e+00   2.4685e+02   1.9225e+01   4.1633e-01   2.5953e-02   3.0007e+02
20251221_18:00:00   3.3110e+00   2.6611e+02   1.9481e+01   8.1773e-01   1.1958e-02   2.9517e+02
20251221_21:00:00   1.8063e+00   2.3167e+02   1.8644e+01   2.2257e-01   2.1798e-02   2.9689e+02
20251222_00:00:00   2.4103e+00   2.5188e+02   1.9497e+01   4.4849e-01   1.7374e-03   3.1151e+02
20251222_03:00:00   1.2038e+00   1.9465e+02   1.7454e+01   1.4093e-02   1.5362e-03   3.0944e+02
20251222_06:00:00   1.0410e+00   1.7807e+02   1.5567e+01   1.0942e-02   1.0206e-02   3.1540e+02
20251222_09:00:00   6.8374e-01   1.3482e+02   1.1277e+01   0.0000e+00   3.5582e-02   3.2051e+02
20251222_12:00:00   4.3995e-01   9.6798e+01   7.4793e+00   0.0000e+00   1.0781e-02   3.2484e+02
20251222_15:00:00   4.2005e-01   9.3214e+01   6.9847e+00   0.0000e+00   7.9131e-03   3.2229e+02
20251222_18:00:00   3.9813e-01   8.9187e+01   6.6975e+00   0.0000e+00   3.3831e-03   3.1846e+02
20251222_21:00:00   4.2884e-01   9.4012e+01   7.3129e+00   0.0000e+00   6.7187e-03   3.0503e+02
20251223_00:00:00   4.6999e-01   1.0044e+02   7.9808e+00   0.0000e+00   1.3935e-01   3.0528e+02
20251223_03:00:00   5.7018e-01   1.1576e+02   9.4101e+00   0.0000e+00   3.3421e-01   3.0929e+02
20251223_06:00:00   6.1755e-01   1.2244e+02   1.0072e+01   0.0000e+00   3.6317e-01   3.0957e+02
20251223_09:00:00   7.1189e-01   1.3486e+02   1.1177e+01   0.0000e+00   6.0931e-01   3.0921e+02
20251223_12:00:00   7.3993e-01   1.3849e+02   1.1577e+01   0.0000e+00   6.8429e-01   3.1549e+02
20251223_15:00:00   7.6261e-01   1.4152e+02   1.1911e+01   0.0000e+00   7.0226e-01   3.2298e+02
20251223_18:00:00   1.1248e+00   1.7890e+02   1.2744e+01   1.3663e-01   1.0699e+00   3.2893e+02
20251223_21:00:00   1.6083e+00   2.1258e+02   1.4199e+01   3.0787e-01   1.1203e+00   3.3453e+02
20251224_00:00:00   2.8269e+00   2.5166e+02   1.6178e+01   7.6662e-01   9.8665e-01   3.3734e+02
20251224_03:00:00   3.2933e+00   2.5846e+02   1.7076e+01   9.3612e-01   8.8573e-01   3.3844e+02
20251224_06:00:00   2.6254e+00   2.4933e+02   1.4636e+01   6.9983e-01   1.4207e-01   3.5163e+02
20251224_09:00:00   2.3354e+00   2.4214e+02   9.7871e+00   7.0654e-01   7.5554e-02   3.5979e+02
20251224_12:00:00   2.3553e+00   2.4096e+02   6.8770e+00   8.1103e-01   8.1370e-02   3.6447e+02
20251224_15:00:00   7.8438e-01   1.4556e+02   6.7103e+00   1.3545e-01   2.5492e-01   3.9402e+02
20251224_18:00:00   4.4340e-01   9.6737e+01   6.1862e+00   1.4478e-05   1.3923e-01   3.9943e+02
