#            date       tau255        Tb[K]      pwv[mm] lwp[kg*m^-2] iwp[kg*m^-2]       o3[DU]
20251208_06:00:00   2.7669e-01   6.7169e+01   3.6333e+00   0.0000e+00   7.0104e-06   3.4531e+02
20251208_07:00:00   2.4506e-01   6.0623e+01   3.1066e+00   0.0000e+00   9.4420e-06   3.4520e+02
20251208_08:00:00   2.1944e-01   5.5168e+01   2.7108e+00   0.0000e+00   4.4759e-05   3.4479e+02
20251208_09:00:00   1.9903e-01   5.0835e+01   2.3947e+00   0.0000e+00   6.8959e-05   3.5089e+02
20251208_10:00:00   1.8591e-01   4.7973e+01   2.2063e+00   0.0000e+00   3.7757e-04   3.5530e+02
20251208_11:00:00   1.8776e-01   4.8232e+01   2.2162e+00   0.0000e+00   7.8236e-04   3.5295e+02
20251208_12:00:00   1.7212e-01   4.4797e+01   2.0048e+00   0.0000e+00   1.4800e-04   3.4971e+02
20251208_13:00:00   1.6553e-01   4.3305e+01   1.9155e+00   0.0000e+00   1.5962e-04   3.4571e+02
20251208_14:00:00   1.5336e-01   4.0663e+01   1.7630e+00   0.0000e+00   1.1661e-04   3.4310e+02
20251208_15:00:00   1.3394e-01   3.6371e+01   1.5241e+00   0.0000e+00   4.4878e-04   3.4412e+02
20251208_16:00:00   1.2867e-01   3.5197e+01   1.4710e+00   0.0000e+00   3.5628e-04   3.4708e+02
20251208_17:00:00   1.3210e-01   3.5971e+01   1.5320e+00   0.0000e+00   1.0245e-03   3.5098e+02
20251208_18:00:00   1.3729e-01   3.7145e+01   1.6164e+00   0.0000e+00   1.6097e-03   3.5232e+02
20251208_19:00:00   1.4197e-01   3.8192e+01   1.6921e+00   0.0000e+00   2.0377e-03   3.4875e+02
20251208_20:00:00   1.4725e-01   3.9357e+01   1.7746e+00   0.0000e+00   2.7100e-03   3.5348e+02
20251208_21:00:00   1.5092e-01   4.0143e+01   1.8341e+00   0.0000e+00   2.7667e-03   3.4870e+02
20251208_22:00:00   1.5466e-01   4.0909e+01   1.8975e+00   0.0000e+00   3.3029e-03   3.4422e+02
20251208_23:00:00   1.5423e-01   4.0754e+01   1.9057e+00   0.0000e+00   2.6527e-03   3.4489e+02
20251209_00:00:00   1.5368e-01   4.0583e+01   1.9131e+00   0.0000e+00   2.6538e-03   3.5275e+02
20251209_01:00:00   1.5414e-01   4.0676e+01   1.9281e+00   0.0000e+00   2.6741e-03   3.5875e+02
20251209_02:00:00   1.5562e-01   4.0977e+01   1.9691e+00   0.0000e+00   2.9917e-03   3.5791e+02
20251209_03:00:00   1.5687e-01   4.1221e+01   2.0089e+00   0.0000e+00   1.8996e-03   3.5975e+02
20251209_04:00:00   1.5691e-01   4.1205e+01   2.0355e+00   0.0000e+00   5.2036e-04   3.6587e+02
20251209_05:00:00   1.5954e-01   4.1739e+01   2.1035e+00   0.0000e+00   1.2841e-04   3.6846e+02
20251209_06:00:00   1.6373e-01   4.2609e+01   2.1876e+00   0.0000e+00   1.4260e-05   3.6533e+02
20251209_07:00:00   1.6673e-01   4.3272e+01   2.2465e+00   0.0000e+00   0.0000e+00   3.7066e+02
20251209_08:00:00   1.7183e-01   4.4376e+01   2.3351e+00   0.0000e+00   2.8534e-06   3.7996e+02
20251209_09:00:00   1.7495e-01   4.5078e+01   2.3821e+00   0.0000e+00   9.4430e-07   3.8680e+02
20251209_10:00:00   1.7613e-01   4.5305e+01   2.3946e+00   0.0000e+00   9.4120e-07   3.9400e+02
20251209_11:00:00   1.7282e-01   4.4599e+01   2.3418e+00   0.0000e+00   6.6061e-06   4.1716e+02
20251209_12:00:00   1.7300e-01   4.4644e+01   2.3513e+00   0.0000e+00   6.9248e-06   4.2217e+02
20251209_13:00:00   1.7162e-01   4.4367e+01   2.3469e+00   0.0000e+00   8.1580e-06   4.2066e+02
20251209_14:00:00   1.6044e-01   4.2022e+01   2.1687e+00   0.0000e+00   8.1580e-06   4.2729e+02
20251209_15:00:00   1.5168e-01   4.0198e+01   2.0247e+00   0.0000e+00   3.2020e-07   4.2637e+02
20251209_16:00:00   1.5293e-01   4.0576e+01   2.0321e+00   0.0000e+00   0.0000e+00   4.2542e+02
20251209_17:00:00   1.5675e-01   4.1500e+01   2.0918e+00   0.0000e+00   2.2740e-03   4.1992e+02
20251209_18:00:00   1.6880e-01   4.4158e+01   2.2749e+00   0.0000e+00   9.5146e-03   4.1424e+02
20251209_19:00:00   1.7771e-01   4.5975e+01   2.4534e+00   0.0000e+00   2.7553e-02   4.0078e+02
20251209_20:00:00   1.9004e-01   4.8428e+01   2.6506e+00   0.0000e+00   1.1105e-01   3.9675e+02
20251209_21:00:00   1.9486e-01   4.9378e+01   2.7693e+00   0.0000e+00   5.3283e-02   4.0038e+02
20251209_22:00:00   1.8393e-01   4.7060e+01   2.6033e+00   0.0000e+00   5.5187e-02   4.0046e+02
20251209_23:00:00   2.4822e-01   6.0329e+01   3.7041e+00   0.0000e+00   4.9438e-02   3.8883e+02
20251210_00:00:00   3.6702e-01   8.2756e+01   5.4992e+00   0.0000e+00   5.1651e-02   3.9258e+02
20251210_01:00:00   4.9577e-01   1.0443e+02   7.1736e+00   0.0000e+00   2.3701e-01   3.9028e+02
20251210_02:00:00   5.5049e-01   1.1320e+02   7.7539e+00   0.0000e+00   3.1742e-01   3.9245e+02
20251210_03:00:00   5.4837e-01   1.1330e+02   7.6133e+00   0.0000e+00   2.7433e-01   3.9080e+02
20251210_04:00:00   5.5406e-01   1.1448e+02   7.6748e+00   0.0000e+00   2.3573e-01   3.8235e+02
20251210_05:00:00   5.7608e-01   1.1800e+02   8.0305e+00   1.4901e-03   8.4628e-02   3.6750e+02
20251210_06:00:00   5.7068e-01   1.1745e+02   7.9785e+00   3.4257e-03   6.9364e-03   3.6392e+02
20251210_07:00:00   5.3979e-01   1.1294e+02   7.7316e+00   2.8517e-05   1.8698e-03   3.6011e+02
20251210_08:00:00   5.0698e-01   1.0790e+02   7.3856e+00   0.0000e+00   1.4002e-02   3.5652e+02
20251210_09:00:00   4.9535e-01   1.0610e+02   7.3081e+00   0.0000e+00   3.2498e-02   3.5289e+02
20251210_10:00:00   4.9648e-01   1.0626e+02   7.4485e+00   0.0000e+00   2.5227e-02   3.5819e+02
20251210_11:00:00   5.1480e-01   1.0912e+02   7.8012e+00   0.0000e+00   5.7244e-02   3.6579e+02
20251210_12:00:00   5.0630e-01   1.0790e+02   7.7169e+00   0.0000e+00   4.0954e-02   3.6274e+02
20251210_13:00:00   5.2643e-01   1.1103e+02   8.0528e+00   0.0000e+00   1.0903e-01   3.6157e+02
20251210_14:00:00   5.6205e-01   1.1651e+02   8.6631e+00   0.0000e+00   1.9800e-01   3.6196e+02
20251210_15:00:00   6.4901e-01   1.2916e+02   1.0049e+01   0.0000e+00   7.5283e-02   3.6199e+02
20251210_16:00:00   8.4180e-01   1.5358e+02   1.2521e+01   3.5600e-04   2.5281e-01   3.6054e+02
20251210_17:00:00   8.9599e-01   1.5971e+02   1.3153e+01   2.9607e-03   5.2216e-01   3.5417e+02
20251210_18:00:00   9.3570e-01   1.6417e+02   1.3545e+01   9.2370e-03   5.5264e-01   3.4838e+02
20251210_19:00:00   1.0532e+00   1.7620e+02   1.3985e+01   4.5488e-02   7.0074e-01   3.4443e+02
20251210_20:00:00   1.6926e+00   2.2173e+02   1.4230e+01   3.0214e-01   8.3760e-01   3.4706e+02
20251210_21:00:00   2.3075e+00   2.4542e+02   1.4454e+01   5.5139e-01   5.8435e-01   3.4911e+02
20251210_22:00:00   2.2088e+00   2.4286e+02   1.4197e+01   5.1528e-01   4.9587e-01   3.5023e+02
20251210_23:00:00   2.0690e+00   2.3857e+02   1.4402e+01   4.5344e-01   4.1905e-01   3.4260e+02
20251211_00:00:00   2.2617e+00   2.4469e+02   1.3933e+01   5.4534e-01   2.9962e-01   3.4394e+02
20251211_01:00:00   2.4097e+00   2.4889e+02   1.3317e+01   6.2066e-01   1.6589e-01   3.4234e+02
20251211_02:00:00   2.3462e+00   2.4688e+02   1.3221e+01   6.0028e-01   1.1638e-01   3.3545e+02
20251211_03:00:00   2.4257e+00   2.4886e+02   1.2179e+01   6.6070e-01   6.5814e-02   3.3483e+02
20251211_04:00:00   2.3671e+00   2.4730e+02   1.1537e+01   6.5228e-01   1.3354e-02   3.4232e+02
20251211_05:00:00   2.2342e+00   2.4358e+02   1.1177e+01   6.0587e-01   2.4439e-02   3.4926e+02
20251211_06:00:00   2.1989e+00   2.4277e+02   1.0630e+01   6.0308e-01   1.5622e-03   3.5960e+02
20251211_07:00:00   1.9764e+00   2.3514e+02   1.0689e+01   5.0989e-01   2.2219e-03   3.7189e+02
20251211_08:00:00   1.5429e+00   2.1460e+02   1.0857e+01   3.2703e-01   2.3610e-02   3.5985e+02
20251211_09:00:00   1.8328e+00   2.2899e+02   1.1162e+01   4.3921e-01   6.1509e-02   3.5955e+02
20251211_10:00:00   1.9388e+00   2.3333e+02   1.1146e+01   4.8556e-01   5.0514e-02   3.4711e+02
20251211_11:00:00   2.0180e+00   2.3647e+02   1.1052e+01   5.1922e-01   7.5829e-02   3.4597e+02
20251211_12:00:00   1.4287e+00   2.0701e+02   1.0539e+01   2.8914e-01   1.7085e-02   3.4821e+02
20251211_13:00:00   9.6592e-01   1.6776e+02   9.4721e+00   1.2766e-01   1.0313e-02   3.5868e+02
20251211_14:00:00   5.4409e-01   1.1430e+02   7.7862e+00   1.7027e-05   1.3709e-04   3.5578e+02
20251211_15:00:00   4.7986e-01   1.0405e+02   6.8946e+00   0.0000e+00   2.0360e-05   3.5167e+02
20251211_16:00:00   3.5403e-01   8.2565e+01   4.9860e+00   1.5384e-05   7.2991e-05   3.5069e+02
20251211_17:00:00   3.3009e-01   7.8373e+01   4.4472e+00   0.0000e+00   1.0841e-05   3.6811e+02
20251211_18:00:00   3.1634e-01   7.5729e+01   4.2145e+00   0.0000e+00   6.2702e-05   3.7036e+02
20251211_19:00:00   2.4118e-01   6.0505e+01   3.2216e+00   0.0000e+00   2.6967e-04   3.6500e+02
20251211_20:00:00   2.5690e-01   6.3401e+01   3.4936e+00   0.0000e+00   5.4990e-03   3.6328e+02
20251211_21:00:00   2.7260e-01   6.6176e+01   3.7772e+00   0.0000e+00   1.2118e-02   3.5439e+02
20251211_22:00:00   2.9790e-01   7.0863e+01   4.1985e+00   0.0000e+00   4.3895e-03   3.5712e+02
20251211_23:00:00   3.3952e-01   7.8537e+01   4.8018e+00   0.0000e+00   2.0773e-04   3.5211e+02
20251212_00:00:00   3.6406e-01   8.2878e+01   5.1294e+00   0.0000e+00   1.1115e-03   3.4934e+02
20251212_01:00:00   3.8389e-01   8.6307e+01   5.3725e+00   0.0000e+00   2.0976e-04   3.4730e+02
20251212_02:00:00   4.0590e-01   9.0081e+01   5.6382e+00   0.0000e+00   8.7809e-04   3.4653e+02
20251212_03:00:00   4.0272e-01   8.9737e+01   5.4691e+00   0.0000e+00   5.0459e-03   3.5313e+02
20251212_04:00:00   3.8360e-01   8.6580e+01   5.0768e+00   0.0000e+00   2.0775e-02   3.6330e+02
20251212_05:00:00   3.6186e-01   8.2761e+01   4.7383e+00   0.0000e+00   1.0014e-02   3.7004e+02
20251212_06:00:00   3.1833e-01   7.4805e+01   4.0700e+00   0.0000e+00   1.7674e-02   3.7761e+02
20251212_07:00:00   2.2788e-01   5.6987e+01   2.8640e+00   0.0000e+00   2.3950e-05   3.8276e+02
20251212_08:00:00   2.0409e-01   5.1879e+01   2.5554e+00   0.0000e+00   2.9615e-06   3.8200e+02
20251212_09:00:00   2.0664e-01   5.2261e+01   2.6128e+00   0.0000e+00   2.1830e-06   3.7553e+02
20251212_10:00:00   1.9661e-01   5.0072e+01   2.4711e+00   0.0000e+00   2.1691e-06   3.6722e+02
20251212_11:00:00   1.8729e-01   4.8063e+01   2.3381e+00   0.0000e+00   5.5230e-07   3.6104e+02
20251212_12:00:00   1.8210e-01   4.6948e+01   2.2670e+00   0.0000e+00   5.3380e-07   3.5669e+02
20251212_13:00:00   1.8168e-01   4.6894e+01   2.2628e+00   0.0000e+00   0.0000e+00   3.6010e+02
20251212_14:00:00   1.8564e-01   4.7806e+01   2.3159e+00   0.0000e+00   0.0000e+00   3.5880e+02
20251212_15:00:00   2.0737e-01   5.2472e+01   2.6179e+00   0.0000e+00   0.0000e+00   3.5684e+02
20251212_16:00:00   2.2436e-01   5.6104e+01   2.8477e+00   0.0000e+00   1.3633e-05   3.6078e+02
20251212_17:00:00   2.3743e-01   5.8900e+01   3.0244e+00   0.0000e+00   6.1248e-05   3.6580e+02
20251212_18:00:00   2.5931e-01   6.3358e+01   3.3417e+00   0.0000e+00   2.4318e-04   3.6717e+02
20251212_19:00:00   2.8487e-01   6.8440e+01   3.7455e+00   0.0000e+00   5.3408e-04   3.5945e+02
20251212_20:00:00   2.9726e-01   7.0888e+01   3.9605e+00   0.0000e+00   1.3043e-04   3.5870e+02
20251212_21:00:00   2.9952e-01   7.1382e+01   4.0183e+00   0.0000e+00   2.0819e-05   3.5836e+02
20251212_22:00:00   3.0331e-01   7.2148e+01   4.1031e+00   0.0000e+00   7.2040e-06   3.5651e+02
20251212_23:00:00   3.1909e-01   7.5092e+01   4.3528e+00   0.0000e+00   8.2650e-06   3.5998e+02
20251213_00:00:00   3.3046e-01   7.7172e+01   4.5624e+00   0.0000e+00   7.1940e-06   3.6042e+02
20251213_01:00:00   3.2689e-01   7.6555e+01   4.5445e+00   0.0000e+00   7.2997e-06   3.6442e+02
20251213_02:00:00   3.1981e-01   7.5313e+01   4.4492e+00   0.0000e+00   3.9885e-05   3.6111e+02
20251213_03:00:00   3.2072e-01   7.5460e+01   4.4687e+00   0.0000e+00   4.5092e-03   3.5970e+02
20251213_04:00:00   3.4125e-01   7.9095e+01   4.8064e+00   0.0000e+00   2.0685e-02   3.5597e+02
20251213_05:00:00   3.5481e-01   8.1433e+01   5.0547e+00   0.0000e+00   5.4607e-02   3.5428e+02
20251213_06:00:00   3.6589e-01   8.3322e+01   5.2434e+00   0.0000e+00   6.3825e-02   3.5719e+02
20251213_09:00:00   4.2448e-01   9.3057e+01   6.1340e+00   0.0000e+00   8.5514e-02   3.7800e+02
20251213_12:00:00   4.9291e-01   1.0459e+02   6.8979e+00   1.7504e-04   1.7464e-03   3.7491e+02
20251213_15:00:00   4.5765e-01   9.9545e+01   6.1264e+00   4.5482e-03   9.7159e-04   3.6958e+02
20251213_18:00:00   3.6339e-01   8.3774e+01   4.8272e+00   1.9220e-04   3.9358e-03   3.7740e+02
20251213_21:00:00   3.2710e-01   7.6689e+01   4.2957e+00   0.0000e+00   5.7143e-03   3.7249e+02
20251214_00:00:00   1.9906e-01   5.0942e+01   2.4444e+00   0.0000e+00   4.8550e-06   3.7362e+02
20251214_03:00:00   2.4295e-01   5.9471e+01   3.0243e+00   0.0000e+00   1.9064e-04   3.6828e+02
20251214_06:00:00   2.2308e-01   5.5439e+01   2.7083e+00   0.0000e+00   2.9842e-04   3.6797e+02
20251214_09:00:00   2.2330e-01   5.5579e+01   2.7102e+00   0.0000e+00   6.8794e-04   3.4606e+02
20251214_12:00:00   2.1019e-01   5.2949e+01   2.6092e+00   0.0000e+00   7.2634e-06   3.5535e+02
20251214_15:00:00   2.3318e-01   5.7702e+01   2.9594e+00   0.0000e+00   6.9715e-06   3.6797e+02
20251214_18:00:00   2.6779e-01   6.4525e+01   3.4658e+00   0.0000e+00   1.8154e-04   3.6766e+02
20251214_21:00:00   2.7768e-01   6.6257e+01   3.5908e+00   0.0000e+00   1.3867e-05   3.7977e+02
20251215_00:00:00   2.7698e-01   6.5980e+01   3.6257e+00   0.0000e+00   9.7160e-06   3.8012e+02
20251215_03:00:00   2.7794e-01   6.6082e+01   3.6572e+00   0.0000e+00   9.7220e-06   3.6044e+02
20251215_06:00:00   2.5735e-01   6.2099e+01   3.3771e+00   0.0000e+00   9.6710e-06   3.5004e+02
20251215_09:00:00   2.3435e-01   5.7642e+01   3.0218e+00   0.0000e+00   8.7420e-06   3.5377e+02
20251215_12:00:00   2.1408e-01   5.3630e+01   2.7041e+00   0.0000e+00   8.6820e-06   3.6433e+02
20251215_15:00:00   2.0800e-01   5.2480e+01   2.6063e+00   0.0000e+00   8.1730e-06   3.5204e+02
20251215_18:00:00   2.2210e-01   5.5522e+01   2.8200e+00   0.0000e+00   9.8532e-05   3.3177e+02
20251215_21:00:00   2.3079e-01   5.7186e+01   3.0725e+00   0.0000e+00   1.0118e-03   2.9513e+02
20251216_00:00:00   2.6133e-01   6.2848e+01   3.8678e+00   0.0000e+00   9.6582e-03   2.9519e+02
20251216_03:00:00   3.0347e-01   7.0738e+01   4.6747e+00   0.0000e+00   3.6296e-02   2.9303e+02
20251216_06:00:00   3.3649e-01   7.6737e+01   5.2307e+00   0.0000e+00   4.6949e-02   2.8452e+02
20251216_09:00:00   3.6628e-01   8.1985e+01   5.6697e+00   0.0000e+00   3.5245e-02   2.8976e+02
20251216_12:00:00   3.7243e-01   8.3166e+01   5.6227e+00   0.0000e+00   1.6336e-02   3.1088e+02
20251216_15:00:00   3.7592e-01   8.3873e+01   5.6270e+00   0.0000e+00   7.5604e-03   3.1644e+02
20251216_18:00:00   4.0870e-01   8.9610e+01   6.0905e+00   0.0000e+00   1.8393e-02   3.2286e+02
20251216_21:00:00   4.2037e-01   9.1582e+01   6.1914e+00   0.0000e+00   1.3496e-02   3.5792e+02
20251217_00:00:00   4.1385e-01   9.0245e+01   5.9466e+00   0.0000e+00   1.2575e-01   3.5159e+02
20251217_03:00:00   3.8202e-01   8.4937e+01   5.2611e+00   0.0000e+00   7.5578e-02   3.5735e+02
20251217_06:00:00   3.1839e-01   7.3844e+01   4.2181e+00   0.0000e+00   3.6635e-05   3.5698e+02
20251217_09:00:00   2.1786e-01   5.4561e+01   2.7960e+00   0.0000e+00   2.7524e-06   3.3981e+02
20251217_12:00:00   1.8375e-01   4.7596e+01   2.3640e+00   0.0000e+00   1.2037e-06   3.2316e+02
20251217_15:00:00   1.8887e-01   4.8822e+01   2.5585e+00   0.0000e+00   0.0000e+00   3.0108e+02
20251217_18:00:00   2.2588e-01   5.6711e+01   3.2409e+00   0.0000e+00   0.0000e+00   2.9817e+02
20251217_21:00:00   2.6161e-01   6.4036e+01   3.9828e+00   0.0000e+00   0.0000e+00   3.0043e+02
20251218_00:00:00   2.9716e-01   7.1047e+01   4.7254e+00   0.0000e+00   1.7140e-05   3.0052e+02
20251218_03:00:00   3.7867e-01   8.5843e+01   6.3736e+00   0.0000e+00   1.1824e-04   3.0281e+02
20251218_06:00:00   4.6283e-01   1.0029e+02   7.8315e+00   0.0000e+00   9.8287e-05   3.0305e+02
20251218_09:00:00   4.3591e-01   9.6190e+01   7.3897e+00   0.0000e+00   7.5528e-03   3.0767e+02
20251218_12:00:00   4.0147e-01   9.0549e+01   6.7759e+00   0.0000e+00   8.5860e-05   3.0999e+02
20251218_15:00:00   3.1797e-01   7.5803e+01   5.0891e+00   0.0000e+00   2.0426e-03   3.2595e+02
20251218_18:00:00   4.3997e-01   9.7546e+01   6.5366e+00   0.0000e+00   4.9519e-03   3.3789e+02
20251218_21:00:00   4.6447e-01   1.0175e+02   6.6178e+00   0.0000e+00   1.8158e-05   3.4488e+02
20251219_00:00:00   5.3886e-01   1.1297e+02   7.3231e+00   8.6060e-03   2.6784e-02   3.5723e+02
20251219_03:00:00   5.2421e-01   1.0991e+02   7.3963e+00   4.4940e-03   5.3577e-03   3.8152e+02
20251219_06:00:00   4.4291e-01   9.6230e+01   6.4046e+00   0.0000e+00   1.4650e-03   3.9304e+02
20251219_09:00:00   3.7486e-01   8.4974e+01   5.2553e+00   0.0000e+00   3.0601e-04   4.1474e+02
20251219_12:00:00   2.3835e-01   5.9736e+01   3.2279e+00   0.0000e+00   1.7130e-06   3.8805e+02
20251219_15:00:00   2.3980e-01   5.9836e+01   3.6586e+00   0.0000e+00   7.0355e-03   3.7841e+02
20251219_18:00:00   2.9244e-01   6.9720e+01   4.6588e+00   0.0000e+00   1.9678e-01   3.6108e+02
20251219_21:00:00   3.8529e-01   8.6539e+01   6.4049e+00   0.0000e+00   1.0308e-01   3.5612e+02
20251220_00:00:00   6.5466e-01   1.3011e+02   1.0457e+01   0.0000e+00   1.3192e-01   3.2435e+02
20251220_03:00:00   7.2526e-01   1.3973e+02   1.1911e+01   0.0000e+00   1.1442e-01   3.1912e+02
20251220_06:00:00   9.1049e-01   1.6272e+02   1.4443e+01   2.3156e-05   3.4083e-02   3.1047e+02
20251220_09:00:00   9.9754e-01   1.7227e+02   1.5999e+01   0.0000e+00   2.5949e-02   3.0834e+02
20251220_12:00:00   9.9193e-01   1.7279e+02   1.5804e+01   0.0000e+00   1.0413e-01   3.0601e+02
20251220_15:00:00   9.7010e-01   1.7195e+02   1.4758e+01   8.2120e-03   2.1268e-06   2.8628e+02
20251220_18:00:00   1.0019e+00   1.7603e+02   1.4335e+01   3.2170e-02   5.4180e-06   2.8602e+02
20251220_21:00:00   9.6204e-01   1.7254e+02   1.5374e+01   0.0000e+00   2.0333e-03   2.8131e+02
20251221_00:00:00   8.8163e-01   1.6397e+02   1.4949e+01   0.0000e+00   2.0353e-03   2.7839e+02
20251221_03:00:00   7.4943e-01   1.4860e+02   1.2295e+01   7.9710e-04   0.0000e+00   2.8723e+02
20251221_06:00:00   9.8816e-01   1.7653e+02   1.2940e+01   6.4220e-02   1.8560e-08   2.8683e+02
20251221_09:00:00   1.0286e+00   1.8066e+02   1.1306e+01   9.8700e-02   1.1788e-03   2.8368e+02
20251221_12:00:00   1.1552e+00   1.9352e+02   1.5952e+01   1.6837e-02   5.7481e-03   2.8479e+02
20251221_15:00:00   1.3389e+00   2.0838e+02   1.9281e+01   5.1380e-04   1.3615e-02   2.8031e+02
20251221_18:00:00   1.3010e+00   2.0552e+02   1.9454e+01   0.0000e+00   1.4624e-02   2.8197e+02
20251221_21:00:00   1.2597e+00   2.0194e+02   1.9676e+01   0.0000e+00   6.7557e-03   2.8361e+02
20251222_00:00:00   8.7150e-01   1.6422e+02   1.4231e+01   0.0000e+00   1.2568e-02   2.8129e+02
20251222_03:00:00   8.3158e-01   1.5746e+02   1.4178e+01   0.0000e+00   6.9425e-02   2.8537e+02
20251222_06:00:00   1.3759e+00   2.0902e+02   2.2668e+01   0.0000e+00   3.0019e-01   2.8789e+02
20251222_09:00:00   9.3870e-01   1.7013e+02   1.6089e+01   0.0000e+00   6.0674e-02   2.8864e+02
20251222_12:00:00   1.2177e+00   1.9746e+02   2.0163e+01   0.0000e+00   1.3197e-02   2.8409e+02
20251222_15:00:00   2.5437e+00   2.5721e+02   2.7935e+01   3.0472e-01   5.8384e-02   2.7871e+02
20251222_18:00:00   2.3437e+00   2.5232e+02   2.7556e+01   2.2140e-01   2.3847e-02   2.7683e+02
20251222_21:00:00   2.0707e+00   2.4428e+02   2.4859e+01   1.7442e-01   2.8573e-03   2.7494e+02
20251223_00:00:00   2.7572e+00   2.6040e+02   2.6874e+01   4.0425e-01   1.1860e-01   2.7913e+02
20251223_03:00:00   5.3913e+00   2.7661e+02   2.8529e+01   1.4391e+00   1.9937e-01   2.8062e+02
20251223_06:00:00   6.1442e+00   2.7843e+02   3.0217e+01   1.6759e+00   3.9617e-01   2.8011e+02
20251223_09:00:00   6.1569e+00   2.7939e+02   3.1950e+01   1.6335e+00   3.7221e-01   2.8182e+02
20251223_12:00:00   3.6103e+00   2.7429e+02   3.1109e+01   5.7050e-01   4.7892e-04   2.7633e+02
20251223_15:00:00   2.7393e+00   2.6595e+02   2.8186e+01   3.0974e-01   2.4840e-05   2.7391e+02
20251223_18:00:00   2.7476e+00   2.6634e+02   2.5290e+01   3.9202e-01   2.5521e-05   2.7810e+02
20251223_21:00:00   2.9240e+00   2.6991e+02   2.6823e+01   4.1035e-01   5.3381e-03   2.7321e+02
20251224_00:00:00   2.8308e+00   2.6837e+02   2.5453e+01   4.2025e-01   5.1799e-03   2.7507e+02
20251224_03:00:00   2.4785e+00   2.6119e+02   2.4347e+01   3.1797e-01   1.8618e-02   2.7596e+02
20251224_06:00:00   3.6998e+00   2.7807e+02   3.2219e+01   5.8954e-01   4.0039e-03   2.7229e+02
