#            date       tau255        Tb[K]      pwv[mm] lwp[kg*m^-2] iwp[kg*m^-2]       o3[DU]
20251209_12:00:00   1.8049e-01   4.6125e+01   2.4713e+00   0.0000e+00   1.7131e-05   4.0091e+02
20251209_13:00:00   1.8345e-01   4.6728e+01   2.5308e+00   0.0000e+00   1.5078e-05   4.0804e+02
20251209_14:00:00   1.9580e-01   4.9315e+01   2.7486e+00   0.0000e+00   1.6316e-05   4.2467e+02
20251209_15:00:00   2.0173e-01   5.0623e+01   2.8586e+00   0.0000e+00   1.2236e-05   4.2338e+02
20251209_16:00:00   2.0306e-01   5.0999e+01   2.8780e+00   0.0000e+00   1.1981e-05   4.1811e+02
20251209_17:00:00   1.7661e-01   4.5569e+01   2.4560e+00   0.0000e+00   5.7990e-04   4.1941e+02
20251209_18:00:00   1.7615e-01   4.5550e+01   2.4209e+00   0.0000e+00   3.8135e-03   4.0638e+02
20251209_19:00:00   1.8568e-01   4.7558e+01   2.5870e+00   0.0000e+00   9.8825e-03   3.9039e+02
20251209_20:00:00   1.9671e-01   4.9749e+01   2.7832e+00   0.0000e+00   4.6483e-02   3.9183e+02
20251209_21:00:00   2.1127e-01   5.2741e+01   2.9883e+00   0.0000e+00   9.5772e-02   3.9985e+02
20251209_22:00:00   2.3642e-01   5.7836e+01   3.4265e+00   0.0000e+00   4.5671e-02   3.9833e+02
20251209_23:00:00   2.6528e-01   6.3557e+01   3.8910e+00   0.0000e+00   1.9237e-01   3.9686e+02
20251210_00:00:00   3.3604e-01   7.7053e+01   5.0578e+00   0.0000e+00   1.7075e-01   3.9424e+02
20251210_01:00:00   4.0032e-01   8.8720e+01   6.0296e+00   0.0000e+00   2.6040e-02   3.8872e+02
20251210_02:00:00   4.8576e-01   1.0306e+02   7.1749e+00   0.0000e+00   4.4539e-02   3.8381e+02
20251210_03:00:00   5.0114e-01   1.0570e+02   7.3728e+00   0.0000e+00   3.2862e-02   3.7506e+02
20251210_04:00:00   5.3211e-01   1.1061e+02   7.8526e+00   0.0000e+00   1.0306e-01   3.6353e+02
20251210_05:00:00   5.8615e-01   1.1863e+02   8.6841e+00   4.0040e-07   2.1843e-01   3.6245e+02
20251210_06:00:00   6.4457e-01   1.2724e+02   9.4851e+00   0.0000e+00   2.9561e-01   3.6172e+02
20251210_07:00:00   6.7579e-01   1.3193e+02   9.9695e+00   0.0000e+00   2.2955e-01   3.5568e+02
20251210_08:00:00   6.2821e-01   1.2572e+02   9.4298e+00   0.0000e+00   8.5209e-02   3.4856e+02
20251210_09:00:00   6.1360e-01   1.2376e+02   9.2736e+00   0.0000e+00   5.1529e-02   3.4158e+02
20251210_10:00:00   6.3944e-01   1.2743e+02   9.7128e+00   0.0000e+00   6.8972e-02   3.5040e+02
20251210_11:00:00   7.1315e-01   1.3737e+02   1.0782e+01   0.0000e+00   1.7019e-01   3.5583e+02
20251210_12:00:00   7.7529e-01   1.4530e+02   1.1628e+01   0.0000e+00   1.3047e-01   3.5792e+02
20251210_13:00:00   8.1446e-01   1.5029e+02   1.2175e+01   0.0000e+00   9.9701e-02   3.5894e+02
20251210_14:00:00   8.3786e-01   1.5337e+02   1.2501e+01   0.0000e+00   1.9996e-01   3.5612e+02
20251210_15:00:00   7.9221e-01   1.4787e+02   1.2130e+01   0.0000e+00   2.0552e-01   3.4820e+02
20251210_16:00:00   8.4696e-01   1.5461e+02   1.2944e+01   0.0000e+00   2.6747e-01   3.4574e+02
20251210_17:00:00   8.6173e-01   1.5631e+02   1.3114e+01   0.0000e+00   5.0604e-01   3.4502e+02
20251210_18:00:00   9.0283e-01   1.6078e+02   1.3628e+01   8.5060e-05   5.6681e-01   3.4494e+02
20251210_19:00:00   9.6964e-01   1.6791e+02   1.4010e+01   1.8242e-02   4.6455e-01   3.4379e+02
20251210_20:00:00   1.1739e+00   1.8758e+02   1.4077e+01   9.7779e-02   3.7709e-01   3.3865e+02
20251210_21:00:00   1.5299e+00   2.1311e+02   1.3999e+01   2.4539e-01   4.9408e-01   3.4025e+02
20251210_22:00:00   1.5950e+00   2.1685e+02   1.3766e+01   2.8091e-01   2.3829e-01   3.4300e+02
20251210_23:00:00   1.6420e+00   2.1930e+02   1.3418e+01   3.0912e-01   2.3360e-01   3.4632e+02
20251211_00:00:00   1.7295e+00   2.2351e+02   1.3191e+01   3.5145e-01   3.5089e-01   3.3984e+02
20251211_01:00:00   1.6850e+00   2.2147e+02   1.2801e+01   3.4022e-01   2.4800e-01   3.4125e+02
20251211_02:00:00   1.6596e+00   2.2027e+02   1.2279e+01   3.4010e-01   4.2551e-01   3.4363e+02
20251211_03:00:00   1.6682e+00   2.2089e+02   1.1854e+01   3.5515e-01   1.9044e-01   3.4533e+02
20251211_04:00:00   1.7422e+00   2.2477e+02   1.0291e+01   4.2986e-01   1.5523e-02   3.4256e+02
20251211_05:00:00   1.3768e+00   2.0379e+02   9.1994e+00   3.0564e-01   1.1182e-03   3.4975e+02
20251211_06:00:00   9.7392e-01   1.6985e+02   8.7900e+00   1.4960e-01   2.7779e-04   3.5695e+02
20251211_07:00:00   8.2088e-01   1.5253e+02   9.1428e+00   7.7958e-02   3.9380e-04   3.6995e+02
20251211_08:00:00   8.7683e-01   1.5843e+02   9.6122e+00   8.9600e-02   3.8753e-02   3.5622e+02
20251211_09:00:00   1.0626e+00   1.7698e+02   9.5988e+00   1.6844e-01   1.2775e-01   3.5474e+02
20251211_10:00:00   5.1055e-01   1.0866e+02   7.4043e+00   0.0000e+00   2.9691e-04   3.4700e+02
20251211_11:00:00   3.6687e-01   8.4535e+01   5.1423e+00   0.0000e+00   2.4310e-04   3.4626e+02
20251211_12:00:00   2.8504e-01   6.8838e+01   3.8825e+00   0.0000e+00   5.2317e-04   3.4621e+02
20251211_13:00:00   2.4119e-01   5.9764e+01   3.2696e+00   0.0000e+00   2.5171e-04   3.4899e+02
20251211_14:00:00   2.2694e-01   5.6633e+01   3.0417e+00   0.0000e+00   1.5671e-05   3.5286e+02
20251211_15:00:00   2.2160e-01   5.5569e+01   2.8403e+00   0.0000e+00   1.1984e-04   3.6636e+02
20251211_16:00:00   2.2865e-01   5.6955e+01   2.8783e+00   0.0000e+00   3.9000e-04   3.7681e+02
20251211_17:00:00   2.5070e-01   6.1167e+01   3.1837e+00   0.0000e+00   1.0732e-03   3.8927e+02
20251211_18:00:00   2.7205e-01   6.5184e+01   3.5024e+00   0.0000e+00   2.2754e-03   3.9655e+02
20251211_19:00:00   2.7860e-01   6.6374e+01   3.6158e+00   0.0000e+00   1.7410e-03   4.0135e+02
20251211_20:00:00   2.7888e-01   6.6368e+01   3.6338e+00   0.0000e+00   1.4532e-03   4.0176e+02
20251211_21:00:00   2.7602e-01   6.5720e+01   3.6119e+00   0.0000e+00   1.3036e-03   4.0054e+02
20251211_22:00:00   2.7870e-01   6.6119e+01   3.6665e+00   0.0000e+00   1.5531e-03   3.9608e+02
20251211_23:00:00   2.8789e-01   6.7772e+01   3.8145e+00   0.0000e+00   2.1898e-03   4.0022e+02
20251212_00:00:00   2.9933e-01   6.9862e+01   3.9995e+00   0.0000e+00   2.8569e-03   3.9585e+02
20251212_01:00:00   3.0814e-01   7.1482e+01   4.1423e+00   0.0000e+00   3.4246e-03   3.9375e+02
20251212_02:00:00   3.1365e-01   7.2550e+01   4.2293e+00   0.0000e+00   4.6369e-03   3.9029e+02
20251212_03:00:00   3.1465e-01   7.2824e+01   4.2574e+00   0.0000e+00   1.8076e-03   3.8777e+02
20251212_04:00:00   3.1116e-01   7.2298e+01   4.2100e+00   0.0000e+00   5.7244e-04   3.8637e+02
20251212_05:00:00   3.0861e-01   7.1886e+01   4.1781e+00   0.0000e+00   2.9672e-04   3.8683e+02
20251212_06:00:00   3.0395e-01   7.1094e+01   4.1160e+00   0.0000e+00   1.9396e-04   3.8781e+02
20251212_07:00:00   2.9868e-01   7.0182e+01   4.0561e+00   0.0000e+00   7.9281e-05   3.8760e+02
20251212_08:00:00   3.0238e-01   7.0896e+01   4.1232e+00   0.0000e+00   1.5353e-04   3.8591e+02
20251212_09:00:00   3.0028e-01   7.0540e+01   4.0958e+00   0.0000e+00   1.8959e-04   3.8308e+02
20251212_10:00:00   2.9240e-01   6.9120e+01   3.9840e+00   0.0000e+00   6.3556e-05   3.8482e+02
20251212_11:00:00   2.8342e-01   6.7511e+01   3.8499e+00   0.0000e+00   1.3392e-05   3.8546e+02
20251212_12:00:00   2.7169e-01   6.5344e+01   3.6771e+00   0.0000e+00   6.2810e-06   3.7716e+02
20251212_13:00:00   2.5909e-01   6.2976e+01   3.4982e+00   0.0000e+00   2.5507e-06   3.6799e+02
20251212_14:00:00   2.5230e-01   6.1777e+01   3.3963e+00   0.0000e+00   3.0420e-07   3.6826e+02
20251212_15:00:00   2.4565e-01   6.0561e+01   3.2995e+00   0.0000e+00   0.0000e+00   3.6850e+02
20251212_16:00:00   2.3862e-01   5.9226e+01   3.2256e+00   0.0000e+00   2.6660e-05   3.6977e+02
20251212_17:00:00   2.4704e-01   6.0878e+01   3.3794e+00   0.0000e+00   1.3695e-04   3.6685e+02
20251212_18:00:00   2.5353e-01   6.2192e+01   3.4789e+00   0.0000e+00   1.1268e-03   3.6360e+02
20251212_19:00:00   2.5829e-01   6.3173e+01   3.5184e+00   0.0000e+00   8.8155e-03   3.5880e+02
20251212_20:00:00   2.5249e-01   6.2007e+01   3.4201e+00   0.0000e+00   1.2919e-02   3.5576e+02
20251212_21:00:00   2.4845e-01   6.1126e+01   3.3540e+00   0.0000e+00   1.2549e-02   3.6132e+02
20251212_22:00:00   2.4057e-01   5.9489e+01   3.2398e+00   0.0000e+00   6.8152e-03   3.7058e+02
20251212_23:00:00   2.3557e-01   5.8462e+01   3.1836e+00   0.0000e+00   8.9088e-04   3.7085e+02
20251213_00:00:00   2.3451e-01   5.8259e+01   3.2001e+00   0.0000e+00   1.1594e-05   3.6969e+02
20251213_01:00:00   2.4925e-01   6.1295e+01   3.4422e+00   0.0000e+00   1.8897e-06   3.6806e+02
20251213_02:00:00   2.7888e-01   6.7240e+01   3.8744e+00   0.0000e+00   2.5918e-06   3.6213e+02
20251213_03:00:00   2.9953e-01   7.1322e+01   4.1713e+00   0.0000e+00   4.1245e-06   3.5418e+02
20251213_04:00:00   3.1499e-01   7.4235e+01   4.4311e+00   0.0000e+00   2.9091e-04   3.6268e+02
20251213_05:00:00   3.3365e-01   7.7592e+01   4.7823e+00   0.0000e+00   1.3988e-03   3.5552e+02
20251213_06:00:00   3.4806e-01   8.0212e+01   5.0404e+00   0.0000e+00   3.5212e-04   3.5823e+02
20251213_07:00:00   3.7418e-01   8.4821e+01   5.4423e+00   0.0000e+00   4.6253e-03   3.5921e+02
20251213_08:00:00   3.8976e-01   8.7524e+01   5.7117e+00   0.0000e+00   5.7647e-02   3.7306e+02
20251213_09:00:00   4.0902e-01   9.0862e+01   6.0020e+00   0.0000e+00   1.1076e-01   3.7972e+02
20251213_10:00:00   4.4056e-01   9.6060e+01   6.3765e+00   0.0000e+00   1.1444e-01   3.9051e+02
20251213_11:00:00   4.8032e-01   1.0253e+02   6.8456e+00   0.0000e+00   1.3328e-01   3.9085e+02
20251213_12:00:00   4.9810e-01   1.0541e+02   7.0514e+00   0.0000e+00   7.8251e-02   3.8649e+02
20251213_13:00:00   5.0837e-01   1.0710e+02   7.1318e+00   0.0000e+00   5.4075e-02   3.8617e+02
20251213_14:00:00   5.1109e-01   1.0766e+02   7.1123e+00   0.0000e+00   4.4313e-02   3.7977e+02
20251213_15:00:00   4.9710e-01   1.0574e+02   6.8300e+00   5.8500e-04   7.1660e-03   3.7129e+02
20251213_16:00:00   4.9033e-01   1.0496e+02   6.4846e+00   6.7500e-03   1.6814e-03   3.7476e+02
20251213_17:00:00   4.6046e-01   1.0035e+02   6.2398e+00   6.7650e-04   8.8564e-04   3.7192e+02
20251213_18:00:00   4.4185e-01   9.7459e+01   5.8584e+00   3.5540e-03   1.7392e-03   3.6476e+02
20251213_19:00:00   4.4718e-01   9.8465e+01   5.8341e+00   5.4842e-03   7.2904e-03   3.6052e+02
20251213_20:00:00   4.0253e-01   9.0841e+01   5.4260e+00   0.0000e+00   4.6481e-05   3.5978e+02
20251213_21:00:00   3.8805e-01   8.8149e+01   5.2791e+00   0.0000e+00   1.0105e-04   3.6087e+02
20251213_22:00:00   3.7812e-01   8.6195e+01   5.1899e+00   0.0000e+00   5.1952e-03   3.5889e+02
20251213_23:00:00   3.4165e-01   7.9458e+01   4.7639e+00   0.0000e+00   1.0659e-05   3.5466e+02
20251214_00:00:00   3.4750e-01   8.0434e+01   4.9024e+00   0.0000e+00   9.8826e-05   3.4954e+02
20251214_01:00:00   3.3876e-01   7.8691e+01   4.8783e+00   0.0000e+00   3.4835e-03   3.4885e+02
20251214_02:00:00   3.3369e-01   7.7539e+01   4.9050e+00   0.0000e+00   1.3787e-02   3.4729e+02
20251214_03:00:00   3.4623e-01   7.9522e+01   5.1267e+00   0.0000e+00   1.3797e-01   3.4749e+02
20251214_04:00:00   3.7271e-01   8.4124e+01   5.5776e+00   0.0000e+00   1.4253e-01   3.4573e+02
20251214_05:00:00   3.8739e-01   8.6620e+01   5.7794e+00   0.0000e+00   1.2624e-01   3.4271e+02
20251214_06:00:00   4.0301e-01   8.9313e+01   5.9735e+00   0.0000e+00   8.5502e-02   3.4042e+02
20251214_07:00:00   4.2237e-01   9.2643e+01   6.1990e+00   0.0000e+00   4.4363e-02   3.3764e+02
20251214_08:00:00   4.3044e-01   9.3943e+01   6.2871e+00   0.0000e+00   2.4326e-02   3.3928e+02
20251214_09:00:00   4.3002e-01   9.3874e+01   6.1446e+00   0.0000e+00   1.0475e-02   3.3660e+02
20251214_10:00:00   4.3058e-01   9.3867e+01   6.1067e+00   0.0000e+00   9.2044e-03   3.3276e+02
20251214_11:00:00   4.2460e-01   9.2870e+01   5.9294e+00   0.0000e+00   1.2134e-02   3.3969e+02
20251214_12:00:00   4.1369e-01   9.0998e+01   5.7251e+00   0.0000e+00   7.7977e-03   3.4475e+02
20251214_15:00:00   3.7379e-01   8.3946e+01   5.1602e+00   0.0000e+00   4.3151e-03   3.6084e+02
20251214_18:00:00   3.7034e-01   8.3345e+01   4.9794e+00   9.3160e-04   3.8089e-02   3.7023e+02
20251214_21:00:00   3.2366e-01   7.4889e+01   4.2927e+00   0.0000e+00   1.1426e-02   3.7285e+02
20251215_00:00:00   2.4394e-01   5.9347e+01   3.1131e+00   0.0000e+00   2.9487e-04   3.7622e+02
20251215_03:00:00   2.7379e-01   6.4752e+01   3.5535e+00   0.0000e+00   5.4620e-04   3.5686e+02
20251215_06:00:00   2.8623e-01   6.7086e+01   3.7495e+00   0.0000e+00   1.6582e-02   3.6629e+02
20251215_09:00:00   2.9231e-01   6.8355e+01   3.8622e+00   0.0000e+00   1.9251e-02   3.7145e+02
20251215_12:00:00   2.6544e-01   6.3632e+01   3.4739e+00   0.0000e+00   4.6720e-04   3.7388e+02
20251215_15:00:00   2.4181e-01   5.9360e+01   3.1097e+00   0.0000e+00   8.0986e-06   3.4328e+02
20251215_18:00:00   2.4268e-01   5.9750e+01   3.1556e+00   0.0000e+00   3.2516e-06   3.1992e+02
20251215_21:00:00   2.4195e-01   5.9412e+01   3.1570e+00   0.0000e+00   6.5493e-06   3.1072e+02
20251216_00:00:00   2.4297e-01   5.9423e+01   3.2552e+00   0.0000e+00   1.6219e-03   3.1026e+02
20251216_03:00:00   2.5863e-01   6.2358e+01   3.4975e+00   0.0000e+00   1.0189e-02   3.1193e+02
20251216_06:00:00   2.8000e-01   6.6206e+01   3.8417e+00   0.0000e+00   2.0632e-02   3.1451e+02
20251216_09:00:00   3.0660e-01   7.1140e+01   4.1889e+00   0.0000e+00   1.3720e-02   3.2675e+02
20251216_12:00:00   2.9717e-01   6.9517e+01   3.9867e+00   0.0000e+00   3.0753e-05   3.3317e+02
20251216_15:00:00   2.3074e-01   5.6856e+01   3.0141e+00   0.0000e+00   5.5170e-06   3.2716e+02
20251216_18:00:00   2.2868e-01   5.6811e+01   2.9541e+00   0.0000e+00   7.0880e-07   3.3383e+02
20251216_21:00:00   2.2805e-01   5.6881e+01   2.9394e+00   0.0000e+00   5.0277e-06   3.2649e+02
20251217_00:00:00   2.0124e-01   5.1461e+01   2.6643e+00   0.0000e+00   3.4107e-03   2.9675e+02
20251217_03:00:00   2.1291e-01   5.3810e+01   3.0526e+00   0.0000e+00   2.1349e-02   2.8984e+02
20251217_06:00:00   3.5010e-01   8.0017e+01   5.6373e+00   0.0000e+00   2.2927e-02   2.8079e+02
20251217_09:00:00   4.0773e-01   9.0360e+01   6.6907e+00   0.0000e+00   3.9992e-02   2.7651e+02
20251217_12:00:00   6.4953e-01   1.2781e+02   1.0550e+01   0.0000e+00   1.2608e-02   2.6984e+02
20251217_15:00:00   7.7759e-01   1.4514e+02   1.2457e+01   0.0000e+00   5.4531e-03   2.6658e+02
20251217_18:00:00   8.8207e-01   1.5812e+02   1.3980e+01   0.0000e+00   9.5368e-03   2.6546e+02
20251217_21:00:00   8.2073e-01   1.5237e+02   1.2362e+01   1.2500e-02   2.7023e-03   2.7514e+02
20251218_00:00:00   1.4212e+00   2.0656e+02   1.5498e+01   1.6976e-01   1.0348e-01   2.8287e+02
20251218_03:00:00   1.1756e+00   1.8770e+02   1.7621e+01   6.0783e-03   3.5922e-01   2.9366e+02
20251218_06:00:00   1.1485e+00   1.8616e+02   1.5193e+01   6.2121e-02   6.4433e-02   3.0532e+02
20251218_09:00:00   9.8720e-01   1.7242e+02   9.2863e+00   1.3435e-01   3.0804e-04   3.1352e+02
20251218_12:00:00   7.5276e-01   1.4621e+02   9.0379e+00   4.6497e-02   1.6083e-04   3.1233e+02
20251218_15:00:00   6.1636e-01   1.2803e+02   8.8310e+00   4.3605e-04   9.5422e-05   3.1094e+02
20251218_18:00:00   6.2784e-01   1.3023e+02   8.8329e+00   0.0000e+00   6.4955e-03   3.1093e+02
20251218_21:00:00   8.0587e-01   1.5418e+02   1.1502e+01   3.9359e-03   1.5351e-03   3.1103e+02
20251219_00:00:00   1.1892e+00   1.9271e+02   1.5571e+01   5.0998e-02   2.2782e-04   3.1342e+02
20251219_03:00:00   1.1342e+00   1.8812e+02   1.6854e+01   2.4939e-03   5.2049e-03   3.0832e+02
20251219_06:00:00   3.5106e+00   2.6986e+02   2.1413e+01   8.1503e-01   1.3879e-02   3.0772e+02
20251219_09:00:00   3.9769e+00   2.7265e+02   2.6100e+01   9.0038e-01   5.1036e-01   3.0672e+02
20251219_12:00:00   4.9101e+00   2.7716e+02   2.7791e+01   1.2337e+00   3.7949e-01   3.1224e+02
20251219_15:00:00   6.0456e+00   2.8176e+02   2.5123e+01   1.6878e+00   5.7733e-05   3.1518e+02
20251219_18:00:00   3.4687e+00   2.7464e+02   2.0886e+01   7.7962e-01   0.0000e+00   3.1487e+02
20251219_21:00:00   9.6178e-01   1.7136e+02   1.2048e+01   7.5139e-02   1.8353e-02   3.2832e+02
20251220_00:00:00   4.4415e-01   1.0013e+02   6.5522e+00   0.0000e+00   2.4680e-05   3.3605e+02
20251220_03:00:00   4.3769e-01   9.8083e+01   6.6409e+00   0.0000e+00   3.8600e-06   3.3668e+02
20251220_06:00:00   4.4856e-01   9.9100e+01   6.5822e+00   0.0000e+00   1.7437e-03   3.4536e+02
20251220_09:00:00   4.6376e-01   1.0137e+02   6.7593e+00   0.0000e+00   6.0419e-04   3.4842e+02
20251220_12:00:00   4.2090e-01   9.3779e+01   6.0615e+00   0.0000e+00   9.2779e-04   3.5357e+02
20251220_15:00:00   2.9105e-01   7.0535e+01   3.9488e+00   0.0000e+00   5.1548e-06   3.5659e+02
20251220_18:00:00   2.2107e-01   5.6804e+01   3.0089e+00   0.0000e+00   0.0000e+00   3.5603e+02
20251220_21:00:00   2.5718e-01   6.3854e+01   3.8781e+00   0.0000e+00   0.0000e+00   3.4592e+02
20251221_00:00:00   3.1219e-01   7.4213e+01   5.0910e+00   0.0000e+00   1.6350e-03   3.5041e+02
20251221_03:00:00   3.8478e-01   8.7289e+01   6.5011e+00   0.0000e+00   1.8869e-02   3.3875e+02
20251221_06:00:00   4.7524e-01   1.0245e+02   7.9924e+00   0.0000e+00   1.8903e-01   3.1324e+02
20251221_09:00:00   6.5769e-01   1.3099e+02   1.0923e+01   0.0000e+00   1.0294e-02   3.0250e+02
20251221_12:00:00   5.7175e-01   1.1835e+02   9.8276e+00   0.0000e+00   2.5324e-01   2.9436e+02
20251221_15:00:00   7.3215e-01   1.4086e+02   1.2240e+01   0.0000e+00   3.0964e-01   2.9335e+02
20251221_18:00:00   7.3918e-01   1.4254e+02   1.2266e+01   0.0000e+00   2.6522e-02   2.9551e+02
20251221_21:00:00   1.0824e+00   1.8072e+02   1.6071e+01   2.8730e-02   5.2946e-02   2.9663e+02
20251222_00:00:00   1.8575e+00   2.3052e+02   1.8306e+01   2.7597e-01   2.2365e-01   3.0122e+02
20251222_03:00:00   2.5253e+00   2.5189e+02   1.8590e+01   5.4214e-01   1.1788e-01   2.9736e+02
20251222_06:00:00   1.2194e+00   1.9419e+02   1.8557e+01   4.3187e-03   3.4834e-02   2.9602e+02
20251222_09:00:00   1.7768e+00   2.2877e+02   2.1103e+01   1.6834e-01   5.2448e-02   2.9595e+02
20251222_12:00:00   1.2467e+00   1.9786e+02   1.9147e+01   0.0000e+00   4.9524e-02   2.8799e+02
20251222_15:00:00   1.2983e+00   2.0188e+02   2.0112e+01   0.0000e+00   2.6808e-01   2.9282e+02
20251222_18:00:00   1.6508e+00   2.2446e+02   2.2699e+01   5.8908e-02   2.2335e-01   2.9346e+02
20251222_21:00:00   2.9535e+00   2.6183e+02   2.3911e+01   5.6660e-01   7.0579e-02   2.9082e+02
20251223_00:00:00   1.5063e+00   2.1480e+02   1.6298e+01   1.7163e-01   1.0711e-02   2.9348e+02
20251223_03:00:00   7.3932e-01   1.4457e+02   8.5908e+00   6.4303e-02   4.1862e-03   2.9661e+02
20251223_06:00:00   3.9830e-01   9.0999e+01   6.1387e+00   1.3300e-03   6.1911e-03   2.9308e+02
20251223_09:00:00   4.3704e-01   9.6961e+01   7.1110e+00   0.0000e+00   1.0935e-02   2.9616e+02
20251223_12:00:00   4.9095e-01   1.0548e+02   8.3594e+00   0.0000e+00   2.7111e-02   2.9135e+02
20251223_15:00:00   4.6373e-01   1.0105e+02   8.2997e+00   0.0000e+00   5.0367e-03   2.7586e+02
20251223_18:00:00   4.8460e-01   1.0489e+02   8.6888e+00   0.0000e+00   6.4568e-03   2.7368e+02
20251223_21:00:00   4.6918e-01   1.0260e+02   8.4936e+00   0.0000e+00   4.6059e-03   2.6830e+02
20251224_00:00:00   4.7921e-01   1.0440e+02   8.6114e+00   0.0000e+00   4.0048e-02   2.6982e+02
20251224_03:00:00   7.6819e-01   1.4609e+02   1.2760e+01   0.0000e+00   8.6768e-02   2.7135e+02
20251224_06:00:00   1.4692e+00   2.0944e+02   1.8608e+01   1.3708e-01   2.4032e-01   2.6526e+02
20251224_09:00:00   2.7058e+00   2.5464e+02   2.1561e+01   5.5776e-01   1.0787e-01   2.6396e+02
20251224_12:00:00   3.6208e+00   2.6563e+02   2.3858e+01   8.6316e-01   5.0394e-02   2.5899e+02
20251224_15:00:00   4.4216e+00   2.7095e+02   2.5761e+01   1.1325e+00   3.7681e-03   2.5807e+02
20251224_18:00:00   2.6084e+00   2.5440e+02   2.3520e+01   4.3395e-01   4.5681e-03   2.5520e+02
20251224_21:00:00   2.4056e+00   2.5133e+02   2.2019e+01   3.8073e-01   1.1708e-02   2.4874e+02
20251225_00:00:00   2.5927e+00   2.5702e+02   2.3455e+01   4.1509e-01   4.2595e-02   2.4872e+02
20251225_03:00:00   2.1385e+00   2.4608e+02   2.1886e+01   2.7034e-01   1.1817e-02   2.5618e+02
20251225_06:00:00   2.3253e+00   2.5227e+02   2.1745e+01   3.4548e-01   1.4235e-02   2.5630e+02
20251225_09:00:00   2.6700e+00   2.6176e+02   2.0681e+01   4.8023e-01   1.2304e-02   2.6756e+02
20251225_12:00:00   2.2866e+00   2.5391e+02   1.9746e+01   3.4559e-01   2.4393e-02   2.6662e+02
