#            date       tau255        Tb[K]      pwv[mm] lwp[kg*m^-2] iwp[kg*m^-2]       o3[DU]
20251203_12:00:00   2.8889e-01   7.0349e+01   4.0788e+00   0.0000e+00   4.0932e-06   3.4362e+02
20251203_13:00:00   2.7821e-01   6.8057e+01   4.0694e+00   0.0000e+00   2.4397e-05   3.4562e+02
20251203_14:00:00   2.8182e-01   6.8577e+01   4.3153e+00   0.0000e+00   1.3795e-05   3.4662e+02
20251203_15:00:00   3.0350e-01   7.2610e+01   4.8350e+00   0.0000e+00   2.7372e-04   3.4688e+02
20251203_16:00:00   3.3371e-01   7.8212e+01   5.4194e+00   0.0000e+00   7.1606e-03   3.4399e+02
20251203_17:00:00   3.6263e-01   8.3448e+01   5.9654e+00   0.0000e+00   1.6671e-02   3.4304e+02
20251203_18:00:00   3.6312e-01   8.3541e+01   5.9965e+00   0.0000e+00   6.9832e-03   3.4069e+02
20251203_19:00:00   3.4115e-01   7.9574e+01   5.5933e+00   0.0000e+00   9.3217e-04   3.3867e+02
20251203_20:00:00   3.2153e-01   7.6037e+01   5.2186e+00   0.0000e+00   4.2825e-04   3.3921e+02
20251203_21:00:00   3.3619e-01   7.8685e+01   5.5357e+00   0.0000e+00   1.8294e-03   3.4137e+02
20251203_22:00:00   3.5467e-01   8.2115e+01   5.8453e+00   0.0000e+00   5.0209e-03   3.4038e+02
20251203_23:00:00   3.5184e-01   8.1786e+01   5.7454e+00   0.0000e+00   3.9901e-03   3.3894e+02
20251204_00:00:00   3.8398e-01   8.7573e+01   6.3280e+00   0.0000e+00   3.5404e-03   3.4085e+02
20251204_01:00:00   4.2011e-01   9.3813e+01   6.9387e+00   0.0000e+00   7.7299e-03   3.4864e+02
20251204_02:00:00   5.0403e-01   1.0753e+02   8.3219e+00   0.0000e+00   2.8895e-02   3.5590e+02
20251204_03:00:00   5.7594e-01   1.1815e+02   9.4803e+00   0.0000e+00   1.6525e-01   3.6501e+02
20251204_04:00:00   6.3965e-01   1.2723e+02   1.0369e+01   0.0000e+00   2.5947e-01   3.6813e+02
20251204_05:00:00   7.0665e-01   1.3638e+02   1.1164e+01   0.0000e+00   3.7529e-01   3.7265e+02
20251204_06:00:00   7.0668e-01   1.3655e+02   1.1223e+01   0.0000e+00   1.0951e-01   3.7617e+02
20251204_07:00:00   7.2195e-01   1.3870e+02   1.1381e+01   0.0000e+00   1.2955e-02   3.7610e+02
20251204_08:00:00   7.2554e-01   1.3928e+02   1.1282e+01   0.0000e+00   1.8665e-04   3.8063e+02
20251204_09:00:00   7.1827e-01   1.3841e+02   1.1043e+01   0.0000e+00   4.3125e-05   3.7892e+02
20251204_10:00:00   6.9842e-01   1.3587e+02   1.0722e+01   0.0000e+00   5.5972e-04   3.7692e+02
20251204_11:00:00   6.7894e-01   1.3317e+02   1.0403e+01   0.0000e+00   1.1551e-04   3.7458e+02
20251204_12:00:00   6.5110e-01   1.2930e+02   1.0035e+01   0.0000e+00   3.5449e-03   3.7407e+02
20251204_13:00:00   6.4150e-01   1.2774e+02   9.8809e+00   0.0000e+00   1.3325e-02   3.7249e+02
20251204_14:00:00   6.4221e-01   1.2762e+02   9.8721e+00   0.0000e+00   6.0042e-02   3.6943e+02
20251204_15:00:00   6.5273e-01   1.2881e+02   9.9174e+00   0.0000e+00   1.5878e-01   3.6584e+02
20251204_16:00:00   6.4559e-01   1.2760e+02   9.6741e+00   4.6334e-04   2.2539e-01   3.6657e+02
20251204_17:00:00   5.9997e-01   1.2103e+02   8.8867e+00   9.4860e-04   2.3986e-01   3.6511e+02
20251204_18:00:00   4.3787e-01   9.6408e+01   6.2989e+00   0.0000e+00   7.1167e-02   3.7619e+02
20251204_19:00:00   3.9937e-01   9.0245e+01   5.2755e+00   1.2616e-03   5.5933e-02   3.8131e+02
20251204_20:00:00   3.4863e-01   8.0934e+01   4.6243e+00   0.0000e+00   5.5514e-03   3.7142e+02
20251204_21:00:00   3.5747e-01   8.2153e+01   4.6737e+00   0.0000e+00   6.0675e-02   3.6343e+02
20251204_22:00:00   3.0006e-01   7.0950e+01   3.8195e+00   0.0000e+00   6.9582e-02   3.6343e+02
20251204_23:00:00   1.9730e-01   5.0320e+01   2.4015e+00   0.0000e+00   5.6959e-06   3.6879e+02
20251205_00:00:00   1.8244e-01   4.7023e+01   2.1409e+00   0.0000e+00   1.0313e-05   3.7251e+02
20251205_01:00:00   1.6401e-01   4.2901e+01   1.8955e+00   0.0000e+00   1.1575e-05   3.7698e+02
20251205_02:00:00   1.5010e-01   3.9869e+01   1.7223e+00   0.0000e+00   5.1362e-05   3.7425e+02
20251205_03:00:00   1.5869e-01   4.1641e+01   1.8801e+00   0.0000e+00   7.2706e-04   3.7652e+02
20251205_04:00:00   1.5367e-01   4.0521e+01   1.8905e+00   0.0000e+00   8.9030e-06   3.8088e+02
20251205_05:00:00   1.5398e-01   4.0541e+01   1.9673e+00   0.0000e+00   2.7215e-06   3.7938e+02
20251205_06:00:00   1.6018e-01   4.1866e+01   2.1335e+00   0.0000e+00   6.2360e-07   3.7941e+02
20251205_07:00:00   1.7466e-01   4.4946e+01   2.4283e+00   0.0000e+00   2.0150e-08   3.7146e+02
20251205_08:00:00   1.9103e-01   4.8393e+01   2.7494e+00   0.0000e+00   0.0000e+00   3.6726e+02
20251205_09:00:00   2.0650e-01   5.1603e+01   3.0452e+00   0.0000e+00   2.0520e-06   3.6780e+02
20251205_10:00:00   2.2052e-01   5.4475e+01   3.2961e+00   0.0000e+00   2.1669e-06   3.6675e+02
20251205_11:00:00   2.3755e-01   5.7868e+01   3.5872e+00   0.0000e+00   8.1580e-06   3.6695e+02
20251205_12:00:00   2.0697e-01   5.1815e+01   3.0293e+00   0.0000e+00   8.1580e-06   3.6698e+02
20251205_13:00:00   1.7776e-01   4.5789e+01   2.4959e+00   0.0000e+00   5.6485e-04   3.7068e+02
20251205_14:00:00   1.6636e-01   4.3407e+01   2.2998e+00   0.0000e+00   1.7610e-03   3.6096e+02
20251205_15:00:00   1.6198e-01   4.2512e+01   2.2200e+00   0.0000e+00   1.2985e-03   3.5225e+02
20251205_16:00:00   1.6387e-01   4.2997e+01   2.2462e+00   0.0000e+00   1.1612e-03   3.4531e+02
20251205_17:00:00   1.7251e-01   4.4912e+01   2.3768e+00   0.0000e+00   2.6488e-03   3.4427e+02
20251205_18:00:00   1.8980e-01   4.8618e+01   2.6667e+00   0.0000e+00   1.2311e-02   3.4238e+02
20251205_19:00:00   2.1504e-01   5.3957e+01   3.0577e+00   0.0000e+00   1.3853e-02   3.4267e+02
20251205_20:00:00   2.4562e-01   6.0247e+01   3.5464e+00   0.0000e+00   9.4363e-03   3.4424e+02
20251205_21:00:00   2.6931e-01   6.4963e+01   3.9022e+00   0.0000e+00   2.1423e-02   3.4137e+02
20251205_22:00:00   2.7589e-01   6.6328e+01   3.9843e+00   0.0000e+00   3.1086e-02   3.4195e+02
20251205_23:00:00   2.8619e-01   6.8399e+01   4.1504e+00   0.0000e+00   2.6813e-02   3.3980e+02
20251206_00:00:00   3.0791e-01   7.2620e+01   4.4764e+00   0.0000e+00   2.4848e-02   3.3796e+02
20251206_01:00:00   3.1414e-01   7.3727e+01   4.6253e+00   0.0000e+00   4.0796e-02   3.3852e+02
20251206_02:00:00   3.2085e-01   7.5037e+01   4.7435e+00   0.0000e+00   2.1834e-02   3.3533e+02
20251206_03:00:00   3.2840e-01   7.6643e+01   4.7989e+00   0.0000e+00   1.0365e-03   3.3042e+02
20251206_04:00:00   3.4839e-01   8.0323e+01   5.1193e+00   0.0000e+00   5.4109e-05   3.2708e+02
20251206_05:00:00   3.5899e-01   8.2366e+01   5.2775e+00   0.0000e+00   1.2147e-05   3.2425e+02
20251206_06:00:00   3.5431e-01   8.1635e+01   5.3033e+00   0.0000e+00   2.1100e-04   3.2044e+02
20251206_07:00:00   3.6639e-01   8.3766e+01   5.5158e+00   0.0000e+00   3.7751e-03   3.2222e+02
20251206_08:00:00   3.5459e-01   8.1786e+01   5.3717e+00   0.0000e+00   5.5524e-03   3.2041e+02
20251206_09:00:00   3.6784e-01   8.4120e+01   5.6589e+00   0.0000e+00   7.0910e-03   3.1863e+02
20251206_10:00:00   3.8355e-01   8.6858e+01   5.9798e+00   0.0000e+00   5.3996e-03   3.1678e+02
20251206_11:00:00   3.8340e-01   8.6885e+01   6.0005e+00   0.0000e+00   7.7645e-03   3.1495e+02
20251206_12:00:00   3.9402e-01   8.8792e+01   6.1419e+00   0.0000e+00   2.3997e-02   3.1442e+02
20251206_13:00:00   4.2875e-01   9.4847e+01   6.6945e+00   0.0000e+00   5.7610e-02   3.1351e+02
20251206_14:00:00   4.8606e-01   1.0439e+02   7.5996e+00   2.3894e-05   3.0743e-02   3.1432e+02
20251206_15:00:00   5.3764e-01   1.1261e+02   8.3502e+00   6.1741e-04   3.1796e-02   3.1118e+02
20251206_16:00:00   5.7993e-01   1.1918e+02   8.8164e+00   3.5794e-03   4.6830e-02   3.0699e+02
20251206_17:00:00   6.0409e-01   1.2292e+02   8.9691e+00   7.4303e-03   5.4660e-02   3.0447e+02
20251206_18:00:00   6.0246e-01   1.2296e+02   8.8671e+00   8.8753e-03   4.6614e-02   3.0472e+02
20251206_19:00:00   5.8943e-01   1.2108e+02   8.7061e+00   7.8901e-03   5.9594e-02   3.0546e+02
20251206_20:00:00   5.6114e-01   1.1679e+02   8.5170e+00   2.7661e-03   5.7106e-02   3.0672e+02
20251206_21:00:00   5.5553e-01   1.1578e+02   8.5364e+00   2.2468e-04   1.0150e-01   3.0893e+02
20251206_22:00:00   5.8129e-01   1.1952e+02   8.8757e+00   1.0829e-04   1.5226e-01   3.0898e+02
20251206_23:00:00   5.9652e-01   1.2180e+02   9.0682e+00   1.5184e-04   1.0338e-01   3.1080e+02
20251207_00:00:00   6.0607e-01   1.2321e+02   9.2179e+00   6.6372e-05   8.8739e-02   3.1179e+02
20251207_01:00:00   6.3371e-01   1.2725e+02   9.5818e+00   6.8537e-05   4.5900e-02   3.1355e+02
20251207_02:00:00   6.8118e-01   1.3398e+02   1.0124e+01   2.4800e-05   9.7071e-03   3.1556e+02
20251207_03:00:00   6.7654e-01   1.3358e+02   9.9067e+00   2.8360e-05   1.0524e-03   3.1192e+02
20251207_04:00:00   6.4345e-01   1.2926e+02   9.3233e+00   9.9240e-05   7.2827e-04   3.1253e+02
20251207_05:00:00   6.2012e-01   1.2610e+02   8.8731e+00   4.3268e-04   5.0220e-04   3.1368e+02
20251207_06:00:00   5.6964e-01   1.1892e+02   8.1268e+00   6.8015e-04   9.1805e-05   3.1954e+02
20251207_07:00:00   5.4233e-01   1.1479e+02   7.7874e+00   8.9339e-05   6.3438e-05   3.1552e+02
20251207_08:00:00   5.3640e-01   1.1372e+02   7.6972e+00   1.2076e-03   1.2890e-04   3.1663e+02
20251207_09:00:00   5.3117e-01   1.1283e+02   7.4130e+00   8.0330e-03   4.3354e-04   3.1662e+02
20251207_10:00:00   4.9312e-01   1.0685e+02   6.9945e+00   4.2820e-03   2.0880e-04   3.1813e+02
20251207_11:00:00   4.3784e-01   9.7871e+01   6.2373e+00   0.0000e+00   2.4362e-04   3.2144e+02
20251207_12:00:00   4.2146e-01   9.5061e+01   5.9140e+00   0.0000e+00   1.9461e-05   3.2463e+02
20251207_13:00:00   4.1272e-01   9.3481e+01   5.7881e+00   0.0000e+00   1.2617e-05   3.2717e+02
20251207_14:00:00   4.0536e-01   9.2226e+01   5.7169e+00   0.0000e+00   6.9590e-06   3.3029e+02
20251207_15:00:00   4.0238e-01   9.1654e+01   5.6961e+00   1.5388e-05   1.7987e-05   3.3160e+02
20251207_16:00:00   3.9921e-01   9.1092e+01   5.6622e+00   0.0000e+00   6.2980e-05   3.3362e+02
20251207_17:00:00   4.0431e-01   9.1920e+01   5.7292e+00   0.0000e+00   7.3332e-05   3.3424e+02
20251207_18:00:00   4.0874e-01   9.2591e+01   5.8010e+00   1.3588e-04   9.6209e-05   3.3432e+02
20251207_19:00:00   4.1903e-01   9.4158e+01   5.9604e+00   3.8720e-04   1.2247e-04   3.3475e+02
20251207_20:00:00   4.0119e-01   9.0861e+01   5.7225e+00   2.1960e-04   1.3611e-04   3.3419e+02
20251207_21:00:00   3.6299e-01   8.3790e+01   5.1954e+00   0.0000e+00   1.3392e-05   3.3120e+02
20251207_22:00:00   3.1841e-01   7.5348e+01   4.5351e+00   0.0000e+00   1.1740e-05   3.2485e+02
20251207_23:00:00   2.7562e-01   6.6968e+01   3.8648e+00   0.0000e+00   4.3911e-06   3.2513e+02
20251208_00:00:00   2.6066e-01   6.3926e+01   3.5509e+00   0.0000e+00   1.8500e-05   3.2697e+02
20251208_01:00:00   2.5096e-01   6.1766e+01   3.3672e+00   0.0000e+00   2.3329e-04   3.2652e+02
20251208_02:00:00   2.3303e-01   5.7869e+01   3.1106e+00   0.0000e+00   2.0059e-03   3.2588e+02
20251208_03:00:00   2.1293e-01   5.3485e+01   2.8742e+00   0.0000e+00   3.7916e-03   3.2399e+02
20251208_04:00:00   1.9260e-01   4.9081e+01   2.5869e+00   0.0000e+00   2.1484e-03   3.2589e+02
20251208_05:00:00   1.7407e-01   4.5023e+01   2.3115e+00   0.0000e+00   2.0565e-03   3.3000e+02
20251208_06:00:00   1.6213e-01   4.2382e+01   2.1144e+00   0.0000e+00   1.3509e-03   3.4238e+02
20251208_07:00:00   1.5936e-01   4.1753e+01   2.0313e+00   0.0000e+00   5.1636e-04   3.5140e+02
20251208_08:00:00   1.5109e-01   3.9983e+01   1.8342e+00   0.0000e+00   1.3854e-05   3.5096e+02
20251208_09:00:00   1.4218e-01   3.8070e+01   1.6355e+00   0.0000e+00   2.7375e-05   3.5208e+02
20251208_10:00:00   1.3935e-01   3.7444e+01   1.5530e+00   0.0000e+00   5.4847e-06   3.5651e+02
20251208_11:00:00   1.3938e-01   3.7447e+01   1.5029e+00   0.0000e+00   7.1722e-06   3.6510e+02
20251208_12:00:00   1.3989e-01   3.7520e+01   1.4839e+00   0.0000e+00   4.5525e-05   3.6844e+02
20251208_15:00:00   1.3436e-01   3.6421e+01   1.4358e+00   0.0000e+00   2.0192e-06   3.7429e+02
20251208_18:00:00   1.3685e-01   3.7212e+01   1.4998e+00   0.0000e+00   0.0000e+00   3.6999e+02
20251208_21:00:00   1.4303e-01   3.8534e+01   1.6794e+00   0.0000e+00   0.0000e+00   3.6136e+02
20251209_00:00:00   1.5160e-01   4.0238e+01   1.9095e+00   0.0000e+00   0.0000e+00   3.5995e+02
20251209_03:00:00   1.9103e-01   4.8413e+01   2.5954e+00   0.0000e+00   0.0000e+00   3.6013e+02
20251209_06:00:00   2.1586e-01   5.3362e+01   3.0704e+00   0.0000e+00   5.6989e-04   3.6334e+02
20251209_09:00:00   1.6812e-01   4.3516e+01   2.3144e+00   0.0000e+00   3.2135e-04   3.7389e+02
20251209_12:00:00   1.8191e-01   4.6368e+01   2.6028e+00   0.0000e+00   2.8783e-05   3.9181e+02
20251209_15:00:00   1.9644e-01   4.9568e+01   2.8820e+00   0.0000e+00   1.5679e-02   4.0533e+02
20251209_18:00:00   2.6997e-01   6.4720e+01   4.0225e+00   0.0000e+00   1.1417e-02   3.9968e+02
20251209_21:00:00   3.8042e-01   8.5447e+01   5.8281e+00   0.0000e+00   1.1802e-02   4.0041e+02
20251210_00:00:00   4.9255e-01   1.0454e+02   7.5607e+00   0.0000e+00   9.1871e-02   3.9593e+02
20251210_03:00:00   6.4012e-01   1.2632e+02   9.3414e+00   0.0000e+00   5.4130e-01   3.8575e+02
20251210_06:00:00   5.8747e-01   1.2003e+02   8.3538e+00   5.5329e-03   5.0858e-02   3.8134e+02
20251210_09:00:00   5.0827e-01   1.0870e+02   7.3600e+00   0.0000e+00   3.2424e-02   3.8159e+02
20251210_12:00:00   4.8190e-01   1.0456e+02   7.0843e+00   0.0000e+00   3.4094e-02   3.4923e+02
20251210_15:00:00   5.4306e-01   1.1401e+02   8.1509e+00   0.0000e+00   1.5874e-02   3.4926e+02
20251210_18:00:00   6.1913e-01   1.2524e+02   9.4857e+00   1.6749e-05   3.2146e-02   3.4708e+02
20251210_21:00:00   7.8901e-01   1.4742e+02   1.1923e+01   0.0000e+00   1.3024e-01   3.4734e+02
20251211_00:00:00   9.0336e-01   1.6122e+02   1.3256e+01   4.8220e-04   1.2295e-01   3.3642e+02
20251211_03:00:00   1.3319e+00   1.9984e+02   1.4044e+01   1.6206e-01   7.0651e-02   3.3423e+02
20251211_06:00:00   1.9304e+00   2.3292e+02   1.4987e+01   3.7763e-01   5.1963e-01   3.2997e+02
20251211_09:00:00   3.0523e+00   2.6015e+02   1.4907e+01   8.4475e-01   3.5654e-01   3.2467e+02
20251211_12:00:00   2.5432e+00   2.5146e+02   1.3226e+01   6.7857e-01   1.4865e-01   3.3072e+02
20251211_15:00:00   1.7330e+00   2.2496e+02   1.1569e+01   3.8440e-01   1.5005e-02   3.3791e+02
20251211_18:00:00   1.3944e+00   2.0395e+02   1.0667e+01   2.7880e-01   5.1842e-03   3.2843e+02
20251211_21:00:00   8.5923e-01   1.5646e+02   1.0291e+01   6.6246e-02   3.0254e-03   3.2638e+02
20251212_00:00:00   9.5742e-01   1.6642e+02   9.9511e+00   1.1798e-01   5.2065e-03   3.2539e+02
20251212_03:00:00   4.5703e-01   9.9440e+01   6.7818e+00   0.0000e+00   1.7751e-05   3.1932e+02
20251212_06:00:00   3.3300e-01   7.7935e+01   4.5300e+00   0.0000e+00   4.1323e-04   3.1342e+02
20251212_09:00:00   2.3334e-01   5.8680e+01   2.9943e+00   0.0000e+00   5.3193e-06   3.1836e+02
20251212_12:00:00   1.9861e-01   5.1384e+01   2.5519e+00   0.0000e+00   7.8160e-07   3.1346e+02
20251212_15:00:00   2.2735e-01   5.7434e+01   3.0612e+00   0.0000e+00   1.7625e-06   3.1259e+02
20251212_18:00:00   2.2316e-01   5.7045e+01   2.9680e+00   0.0000e+00   9.6460e-08   3.1153e+02
20251212_21:00:00   2.2812e-01   5.7613e+01   3.2461e+00   0.0000e+00   7.1779e-04   2.9599e+02
20251213_00:00:00   2.7619e-01   6.6724e+01   4.4323e+00   0.0000e+00   3.5944e-05   2.9773e+02
20251213_03:00:00   3.3241e-01   7.7542e+01   5.5246e+00   0.0000e+00   0.0000e+00   2.9511e+02
20251213_06:00:00   4.6180e-01   1.0056e+02   7.8041e+00   0.0000e+00   1.1633e-03   2.8416e+02
20251213_09:00:00   6.1101e-01   1.2384e+02   1.0131e+01   9.1120e-04   1.8374e-02   2.7615e+02
20251213_12:00:00   8.6494e-01   1.5670e+02   1.2893e+01   2.6987e-02   1.2124e-01   2.7712e+02
20251213_15:00:00   1.9168e+00   2.3135e+02   1.5027e+01   4.0079e-01   6.3757e-02   2.7896e+02
20251213_18:00:00   1.4937e+00   2.1178e+02   1.5775e+01   2.0078e-01   1.5204e-03   2.7799e+02
20251213_21:00:00   1.2576e+00   1.9646e+02   1.6358e+01   8.4361e-02   4.7618e-03   2.7853e+02
20251214_00:00:00   2.6374e+00   2.5515e+02   1.9213e+01   5.5817e-01   6.2110e-03   2.8068e+02
20251214_03:00:00   2.9705e+00   2.6096e+02   2.2767e+01   5.9960e-01   1.0432e-01   2.7872e+02
20251214_06:00:00   2.4680e+00   2.5240e+02   2.2292e+01   3.9678e-01   2.5644e-03   2.7732e+02
20251214_09:00:00   3.9666e+00   2.7023e+02   2.3182e+01   9.9484e-01   4.6974e-02   2.8085e+02
20251214_12:00:00   3.1770e+00   2.6550e+02   2.3851e+01   6.3154e-01   3.2565e-03   2.7956e+02
20251214_15:00:00   3.7498e+00   2.7179e+02   2.4978e+01   8.2116e-01   2.4393e-03   2.7706e+02
20251214_18:00:00   2.5926e+00   2.5884e+02   2.4950e+01   3.5320e-01   2.7152e-02   2.7207e+02
20251214_21:00:00   1.3993e+00   2.1179e+02   1.8763e+01   3.9561e-02   1.1685e-02   2.7179e+02
20251215_00:00:00   1.7372e+00   2.3120e+02   2.3982e+01   5.8641e-02   7.6721e-02   2.7246e+02
20251215_03:00:00   1.9260e+00   2.3934e+02   2.8421e+01   1.0034e-02   6.2790e-01   2.7446e+02
20251215_06:00:00   3.8591e+00   2.7436e+02   3.0375e+01   7.2797e-01   7.3569e-01   2.7283e+02
20251215_09:00:00   4.2020e+00   2.7693e+02   2.6026e+01   9.4669e-01   4.4118e-03   2.7771e+02
20251215_12:00:00   3.2232e+00   2.7129e+02   1.9509e+01   7.2881e-01   7.1250e-03   2.7594e+02
20251215_15:00:00   3.3022e+00   2.7256e+02   2.0952e+01   7.1547e-01   4.2345e-03   2.7920e+02
20251215_18:00:00   8.7898e-01   1.6512e+02   1.3102e+01   0.0000e+00   3.0022e-04   2.8973e+02
20251215_21:00:00   7.8939e-01   1.5096e+02   1.0123e+01   3.2775e-02   4.6213e-04   3.1778e+02
20251216_00:00:00   5.7628e-01   1.1989e+02   8.7304e+00   0.0000e+00   1.5953e-03   3.6302e+02
20251216_03:00:00   5.2271e-01   1.1150e+02   7.7730e+00   0.0000e+00   1.1140e-03   3.6292e+02
20251216_06:00:00   3.4136e-01   8.0721e+01   4.7899e+00   0.0000e+00   5.5523e-06   3.3549e+02
20251216_09:00:00   2.7043e-01   6.6840e+01   3.7388e+00   0.0000e+00   3.6132e-06   3.2279e+02
20251216_12:00:00   2.7924e-01   6.7825e+01   4.2995e+00   0.0000e+00   5.9551e-03   3.2452e+02
20251216_15:00:00   3.0554e-01   7.2419e+01   4.9620e+00   0.0000e+00   2.4695e-02   3.2079e+02
20251216_18:00:00   3.8841e-01   8.7633e+01   6.4508e+00   0.0000e+00   2.5860e-02   3.2244e+02
20251216_21:00:00   3.9573e-01   8.8831e+01   6.6758e+00   0.0000e+00   2.3041e-01   3.0534e+02
20251217_00:00:00   4.6371e-01   1.0027e+02   7.9765e+00   0.0000e+00   4.0954e-01   2.9523e+02
20251217_03:00:00   1.2402e+00   1.8990e+02   1.2717e+01   2.0796e-01   2.5869e-01   3.1093e+02
20251217_06:00:00   2.1118e+00   2.3676e+02   1.7650e+01   4.1895e-01   3.5995e-01   3.0961e+02
20251217_09:00:00   3.9244e+00   2.6590e+02   1.9673e+01   1.1052e+00   3.4081e-01   2.8611e+02
20251217_12:00:00   5.6402e+00   2.7152e+02   2.1302e+01   1.7513e+00   1.2723e-01   2.7101e+02
20251217_15:00:00   3.0247e+00   2.6077e+02   2.1086e+01   6.8014e-01   1.3809e-01   2.7332e+02
20251217_18:00:00   3.1083e+00   2.6195e+02   2.0695e+01   7.3306e-01   1.1137e-01   2.7305e+02
20251217_21:00:00   3.3499e+00   2.6373e+02   1.9675e+01   8.9318e-01   1.0300e-01   2.7543e+02
20251218_00:00:00   1.0497e+00   1.7827e+02   1.3396e+01   9.6774e-02   4.0278e-02   2.7693e+02
20251218_03:00:00   4.7431e-01   1.0418e+02   7.4121e+00   0.0000e+00   1.2788e-03   2.7667e+02
20251218_06:00:00   3.6516e-01   8.4461e+01   5.7682e+00   0.0000e+00   1.9876e-05   2.7989e+02
20251218_09:00:00   3.2186e-01   7.6028e+01   5.1034e+00   0.0000e+00   1.2483e-04   2.8112e+02
20251218_12:00:00   3.3172e-01   7.7534e+01   5.1727e+00   0.0000e+00   2.1313e-03   2.8536e+02
20251218_15:00:00   3.2432e-01   7.6130e+01   4.7348e+00   0.0000e+00   2.0407e-03   2.8996e+02
20251218_18:00:00   2.7230e-01   6.6422e+01   3.6407e+00   0.0000e+00   7.0038e-06   3.1236e+02
20251218_21:00:00   2.4432e-01   6.0766e+01   3.2465e+00   0.0000e+00   5.2738e-06   3.1659e+02
20251219_00:00:00   2.1280e-01   5.4071e+01   2.9006e+00   0.0000e+00   1.0234e-06   3.1593e+02
20251219_03:00:00   2.1421e-01   5.3938e+01   3.0535e+00   0.0000e+00   2.1053e-02   3.2151e+02
20251219_06:00:00   2.4225e-01   5.9360e+01   3.5689e+00   0.0000e+00   6.5576e-02   3.3220e+02
20251219_09:00:00   3.2412e-01   7.5034e+01   4.7578e+00   0.0000e+00   1.0947e-01   3.4985e+02
20251219_12:00:00   3.9628e-01   8.8201e+01   5.6787e+00   0.0000e+00   4.3443e-02   3.4484e+02
