#            date       tau255        Tb[K]      pwv[mm] lwp[kg*m^-2] iwp[kg*m^-2]       o3[DU]
20251206_12:00:00   6.0250e-01   1.2185e+02   8.9711e+00   5.5970e-05   6.0773e-02   3.1851e+02
20251206_13:00:00   6.0598e-01   1.2251e+02   8.9779e+00   1.7716e-04   4.4258e-02   3.1685e+02
20251206_14:00:00   6.1637e-01   1.2412e+02   9.0381e+00   1.3264e-03   4.2377e-02   3.1885e+02
20251206_15:00:00   6.4409e-01   1.2813e+02   9.1385e+00   9.4157e-03   6.2883e-02   3.1821e+02
20251206_16:00:00   6.7940e-01   1.3323e+02   8.9221e+00   3.0712e-02   3.3547e-02   3.1785e+02
20251206_17:00:00   7.1025e-01   1.3750e+02   8.4543e+00   5.7740e-02   1.8533e-02   3.1336e+02
20251206_18:00:00   6.2680e-01   1.2632e+02   8.1271e+00   3.1279e-02   6.6748e-03   3.1346e+02
20251206_19:00:00   6.1333e-01   1.2466e+02   8.1949e+00   2.2070e-02   1.6473e-03   3.1183e+02
20251206_20:00:00   5.7637e-01   1.1947e+02   8.2103e+00   3.5472e-03   5.0446e-04   3.1239e+02
20251206_21:00:00   5.6700e-01   1.1818e+02   8.1452e+00   9.1030e-05   3.6931e-05   3.1410e+02
20251206_22:00:00   5.4306e-01   1.1450e+02   7.8513e+00   0.0000e+00   1.6915e-05   3.1550e+02
20251206_23:00:00   5.4075e-01   1.1405e+02   7.8532e+00   0.0000e+00   2.0524e-05   3.1515e+02
20251207_00:00:00   5.4130e-01   1.1397e+02   7.8705e+00   0.0000e+00   2.6564e-05   3.1442e+02
20251207_01:00:00   5.1235e-01   1.0964e+02   7.3726e+00   0.0000e+00   1.8409e-05   3.1779e+02
20251207_02:00:00   4.3024e-01   9.6465e+01   6.0554e+00   0.0000e+00   1.1448e-05   3.1895e+02
20251207_03:00:00   3.8084e-01   8.7800e+01   5.2934e+00   0.0000e+00   6.1508e-06   3.2107e+02
20251207_04:00:00   3.6606e-01   8.5074e+01   5.1171e+00   0.0000e+00   6.1204e-06   3.2206e+02
20251207_05:00:00   3.7661e-01   8.6831e+01   5.3211e+00   0.0000e+00   5.1763e-06   3.2195e+02
20251207_06:00:00   3.8998e-01   8.9118e+01   5.5743e+00   0.0000e+00   5.7101e-05   3.2676e+02
20251207_07:00:00   4.0808e-01   9.2128e+01   5.8924e+00   0.0000e+00   2.0623e-03   3.2691e+02
20251207_08:00:00   4.1269e-01   9.2760e+01   6.0193e+00   0.0000e+00   1.0199e-02   3.3394e+02
20251207_09:00:00   4.2691e-01   9.5053e+01   6.2831e+00   0.0000e+00   1.7922e-02   3.3681e+02
20251207_10:00:00   4.3539e-01   9.6359e+01   6.4418e+00   0.0000e+00   1.3377e-02   3.4051e+02
20251207_11:00:00   4.0659e-01   9.1302e+01   6.0082e+00   0.0000e+00   1.4172e-03   3.4281e+02
20251207_12:00:00   4.0025e-01   9.0139e+01   5.8632e+00   0.0000e+00   1.9262e-04   3.4181e+02
20251207_13:00:00   3.9681e-01   8.9579e+01   5.8057e+00   0.0000e+00   6.7806e-04   3.4259e+02
20251207_14:00:00   3.9691e-01   8.9687e+01   5.8273e+00   0.0000e+00   3.6465e-04   3.4277e+02
20251207_15:00:00   4.2127e-01   9.3780e+01   6.2203e+00   0.0000e+00   4.9888e-03   3.4516e+02
20251207_16:00:00   4.3546e-01   9.6062e+01   6.4503e+00   0.0000e+00   2.0864e-02   3.4703e+02
20251207_17:00:00   4.4062e-01   9.6920e+01   6.5454e+00   0.0000e+00   4.8987e-02   3.4433e+02
20251207_18:00:00   4.5881e-01   9.9937e+01   6.7987e+00   0.0000e+00   7.3657e-02   3.4537e+02
20251207_19:00:00   4.7788e-01   1.0308e+02   7.0844e+00   0.0000e+00   6.8187e-02   3.4038e+02
20251207_20:00:00   5.2240e-01   1.0999e+02   7.6920e+00   0.0000e+00   1.3750e-01   3.3686e+02
20251207_21:00:00   5.0940e-01   1.0814e+02   7.3726e+00   4.0040e-07   4.0581e-02   3.3214e+02
20251207_22:00:00   5.4830e-01   1.1402e+02   7.8810e+00   1.3116e-04   7.9620e-02   3.2946e+02
20251207_23:00:00   6.0983e-01   1.2306e+02   8.6805e+00   2.2700e-04   9.5907e-02   3.3106e+02
20251208_00:00:00   6.1052e-01   1.2326e+02   8.6125e+00   0.0000e+00   7.1998e-02   3.3149e+02
20251208_01:00:00   5.5198e-01   1.1499e+02   7.7171e+00   0.0000e+00   9.7888e-04   3.3317e+02
20251208_02:00:00   4.9019e-01   1.0558e+02   6.7834e+00   0.0000e+00   2.5841e-05   3.3627e+02
20251208_03:00:00   4.7045e-01   1.0250e+02   6.4581e+00   0.0000e+00   2.3533e-05   3.4056e+02
20251208_04:00:00   4.5504e-01   1.0008e+02   6.1622e+00   0.0000e+00   5.0086e-05   3.4120e+02
20251208_05:00:00   4.1026e-01   9.2538e+01   5.4440e+00   0.0000e+00   6.5327e-04   3.4046e+02
20251208_06:00:00   3.6515e-01   8.4365e+01   4.7054e+00   1.5330e-03   3.4751e-03   3.4399e+02
20251208_07:00:00   2.8203e-01   6.8393e+01   3.5936e+00   0.0000e+00   9.2619e-05   3.5533e+02
20251208_08:00:00   2.5465e-01   6.2536e+01   3.1931e+00   0.0000e+00   4.6024e-05   3.5975e+02
20251208_09:00:00   2.4206e-01   5.9706e+01   2.9933e+00   0.0000e+00   1.7374e-05   3.6387e+02
20251208_10:00:00   2.2202e-01   5.5386e+01   2.7014e+00   0.0000e+00   1.6184e-05   3.6283e+02
20251208_11:00:00   2.0171e-01   5.1072e+01   2.3891e+00   0.0000e+00   6.9053e-05   3.5719e+02
20251208_12:00:00   1.6513e-01   4.3264e+01   1.8842e+00   0.0000e+00   7.7432e-06   3.5627e+02
20251208_13:00:00   1.4419e-01   3.8705e+01   1.5882e+00   0.0000e+00   7.2180e-06   3.5736e+02
20251208_14:00:00   1.3981e-01   3.7732e+01   1.5373e+00   0.0000e+00   7.1528e-06   3.4972e+02
20251208_15:00:00   1.3518e-01   3.6711e+01   1.4998e+00   0.0000e+00   0.0000e+00   3.4942e+02
20251208_16:00:00   1.3460e-01   3.6597e+01   1.5189e+00   0.0000e+00   0.0000e+00   3.5250e+02
20251208_17:00:00   1.3389e-01   3.6478e+01   1.5408e+00   0.0000e+00   0.0000e+00   3.5629e+02
20251208_18:00:00   1.4183e-01   3.8236e+01   1.6894e+00   0.0000e+00   0.0000e+00   3.5065e+02
20251208_19:00:00   1.5149e-01   4.0347e+01   1.8459e+00   0.0000e+00   0.0000e+00   3.4671e+02
20251208_20:00:00   1.5960e-01   4.2109e+01   1.9832e+00   0.0000e+00   5.4180e-06   3.4632e+02
20251208_21:00:00   1.6672e-01   4.3633e+01   2.1031e+00   0.0000e+00   2.7077e-05   3.4747e+02
20251208_22:00:00   1.7470e-01   4.5281e+01   2.2475e+00   0.0000e+00   5.3740e-05   3.4732e+02
20251208_23:00:00   1.8150e-01   4.6619e+01   2.3915e+00   0.0000e+00   2.2948e-04   3.5314e+02
20251209_00:00:00   1.8945e-01   4.8143e+01   2.5752e+00   0.0000e+00   1.1750e-03   3.5960e+02
20251209_01:00:00   1.9351e-01   4.8959e+01   2.6568e+00   0.0000e+00   2.6291e-03   3.6152e+02
20251209_02:00:00   2.0097e-01   5.0470e+01   2.7938e+00   0.0000e+00   2.5469e-03   3.6374e+02
20251209_03:00:00   2.0436e-01   5.1150e+01   2.8584e+00   0.0000e+00   8.0518e-04   3.6407e+02
20251209_04:00:00   2.0719e-01   5.1706e+01   2.9170e+00   0.0000e+00   1.0441e-04   3.6437e+02
20251209_05:00:00   2.0815e-01   5.1868e+01   2.9446e+00   0.0000e+00   1.2284e-04   3.6995e+02
20251209_06:00:00   2.0818e-01   5.1869e+01   2.9520e+00   0.0000e+00   3.8299e-05   3.7287e+02
20251209_07:00:00   2.0857e-01   5.1942e+01   2.9622e+00   0.0000e+00   2.7182e-05   3.7439e+02
20251209_08:00:00   2.0835e-01   5.1883e+01   2.9637e+00   0.0000e+00   3.0144e-05   3.8392e+02
20251209_09:00:00   2.0869e-01   5.1945e+01   2.9667e+00   0.0000e+00   3.0464e-05   3.9259e+02
20251209_10:00:00   2.0776e-01   5.1718e+01   2.9578e+00   0.0000e+00   7.2965e-05   4.0175e+02
20251209_11:00:00   2.1117e-01   5.2386e+01   3.0104e+00   0.0000e+00   7.7612e-04   4.2420e+02
20251209_12:00:00   2.2155e-01   5.4500e+01   3.1603e+00   0.0000e+00   6.0736e-03   4.3488e+02
20251209_13:00:00   2.3088e-01   5.6418e+01   3.3177e+00   0.0000e+00   4.0865e-03   4.3404e+02
20251209_14:00:00   2.2688e-01   5.5684e+01   3.2775e+00   0.0000e+00   1.0558e-03   4.3612e+02
20251209_15:00:00   2.2705e-01   5.5765e+01   3.3178e+00   0.0000e+00   2.0249e-04   4.3361e+02
20251209_16:00:00   2.3368e-01   5.7226e+01   3.4334e+00   0.0000e+00   3.2515e-05   4.2503e+02
20251209_17:00:00   2.4422e-01   5.9467e+01   3.6240e+00   0.0000e+00   5.3546e-05   4.1141e+02
20251209_18:00:00   2.6319e-01   6.3296e+01   3.9420e+00   0.0000e+00   3.9146e-05   4.0325e+02
20251209_19:00:00   2.8454e-01   6.7466e+01   4.2869e+00   0.0000e+00   2.5321e-03   3.9527e+02
20251209_20:00:00   3.0409e-01   7.1161e+01   4.6333e+00   0.0000e+00   1.4226e-02   3.9121e+02
20251209_21:00:00   3.4485e-01   7.8739e+01   5.2522e+00   0.0000e+00   1.0408e-01   3.9501e+02
20251209_22:00:00   3.5608e-01   8.0836e+01   5.4134e+00   0.0000e+00   1.8606e-01   3.9801e+02
20251209_23:00:00   3.9617e-01   8.8028e+01   5.9918e+00   0.0000e+00   1.9207e-01   3.9250e+02
20251210_00:00:00   4.5907e-01   9.8863e+01   6.8547e+00   0.0000e+00   1.6129e-01   3.8756e+02
20251210_01:00:00   5.6060e-01   1.1490e+02   8.1204e+00   0.0000e+00   2.5070e-01   3.8500e+02
20251210_02:00:00   5.8304e-01   1.1849e+02   8.3424e+00   0.0000e+00   1.4778e-01   3.8707e+02
20251210_03:00:00   5.2255e-01   1.1000e+02   7.3455e+00   7.2060e-06   1.5167e-02   3.8776e+02
20251210_04:00:00   5.1558e-01   1.0909e+02   7.2677e+00   2.1083e-04   5.2540e-03   3.7013e+02
20251210_05:00:00   5.0100e-01   1.0693e+02   7.2111e+00   0.0000e+00   3.4584e-03   3.6088e+02
20251210_06:00:00   5.0113e-01   1.0689e+02   7.4367e+00   0.0000e+00   6.2066e-03   3.6181e+02
20251210_07:00:00   5.3171e-01   1.1170e+02   8.0656e+00   0.0000e+00   4.2976e-02   3.6484e+02
20251210_08:00:00   5.0565e-01   1.0796e+02   7.6681e+00   0.0000e+00   1.1401e-01   3.6349e+02
20251210_09:00:00   4.8887e-01   1.0548e+02   7.4216e+00   0.0000e+00   1.1548e-01   3.5852e+02
20251210_10:00:00   4.8429e-01   1.0472e+02   7.4055e+00   0.0000e+00   1.3817e-01   3.5238e+02
20251210_11:00:00   5.2929e-01   1.1164e+02   8.2218e+00   0.0000e+00   1.2956e-01   3.5069e+02
20251210_12:00:00   5.7320e-01   1.1828e+02   8.9999e+00   0.0000e+00   1.2532e-01   3.5090e+02
20251210_13:00:00   7.3320e-01   1.4057e+02   1.1460e+01   0.0000e+00   1.0089e-01   3.5245e+02
20251210_14:00:00   8.7161e-01   1.5739e+02   1.3343e+01   0.0000e+00   4.2496e-02   3.5790e+02
20251210_15:00:00   9.4419e-01   1.6558e+02   1.4239e+01   0.0000e+00   2.1337e-01   3.5722e+02
20251210_16:00:00   9.1119e-01   1.6213e+02   1.3998e+01   0.0000e+00   1.6220e-01   3.5409e+02
20251210_17:00:00   9.6632e-01   1.6816e+02   1.4743e+01   0.0000e+00   2.4806e-01   3.5031e+02
20251210_18:00:00   1.0726e+00   1.7887e+02   1.5644e+01   1.4256e-02   3.6182e-01   3.4982e+02
20251210_19:00:00   1.0339e+00   1.7499e+02   1.5427e+01   5.6147e-03   3.1642e-01   3.4731e+02
20251210_20:00:00   1.0046e+00   1.7218e+02   1.5270e+01   4.1443e-04   2.8482e-01   3.4613e+02
20251210_21:00:00   1.0773e+00   1.7920e+02   1.5546e+01   2.1442e-02   2.7454e-01   3.4325e+02
20251210_22:00:00   1.1976e+00   1.8987e+02   1.5399e+01   7.6257e-02   1.8697e-01   3.4171e+02
20251210_23:00:00   1.3987e+00   2.0486e+02   1.5592e+01   1.4995e-01   4.0954e-01   3.3211e+02
20251211_00:00:00   1.5722e+00   2.1565e+02   1.5112e+01   2.3404e-01   4.5807e-01   3.2644e+02
20251211_01:00:00   1.7371e+00   2.2440e+02   1.4903e+01   3.0779e-01   3.7048e-01   3.2308e+02
20251211_02:00:00   1.7837e+00   2.2673e+02   1.4304e+01   3.4234e-01   3.9835e-01   3.2662e+02
20251211_03:00:00   1.7756e+00   2.2693e+02   1.1803e+01   4.0171e-01   4.4061e-02   3.3308e+02
20251211_04:00:00   1.6852e+00   2.2279e+02   9.8395e+00   4.1266e-01   2.1708e-02   3.3185e+02
20251211_05:00:00   1.2907e+00   1.9805e+02   9.2088e+00   2.6826e-01   2.3485e-03   3.3789e+02
20251211_06:00:00   7.1268e-01   1.4027e+02   9.1592e+00   2.6846e-02   4.1033e-05   3.3770e+02
20251211_07:00:00   1.0776e+00   1.8029e+02   9.3379e+00   1.7487e-01   2.8763e-03   3.3312e+02
20251211_08:00:00   9.4350e-01   1.6708e+02   9.1637e+00   1.2741e-01   8.8078e-03   3.2795e+02
20251211_09:00:00   7.0773e-01   1.3904e+02   8.6590e+00   4.1466e-02   7.3741e-04   3.2282e+02
20251211_10:00:00   6.3750e-01   1.2886e+02   8.7970e+00   1.3087e-02   5.7717e-04   3.1679e+02
20251211_11:00:00   8.4341e-01   1.5397e+02   9.8752e+00   7.6920e-02   2.0368e-03   3.1444e+02
20251211_12:00:00   6.6016e-01   1.3057e+02   9.6024e+00   6.2220e-03   1.3987e-02   3.1525e+02
20251211_15:00:00   3.7539e-01   8.6611e+01   5.1487e+00   0.0000e+00   1.0652e-05   3.2468e+02
20251211_18:00:00   2.3409e-01   5.9701e+01   3.0834e+00   0.0000e+00   2.3363e-05   3.1863e+02
20251211_21:00:00   2.6395e-01   6.4971e+01   3.8925e+00   0.0000e+00   2.7992e-02   2.9834e+02
20251212_00:00:00   3.4851e-01   8.0617e+01   5.5541e+00   0.0000e+00   2.6455e-02   2.9696e+02
20251212_03:00:00   4.5213e-01   9.8274e+01   7.3938e+00   0.0000e+00   1.4044e-01   2.9129e+02
20251212_06:00:00   5.1705e-01   1.0868e+02   8.4059e+00   0.0000e+00   2.6360e-01   2.9449e+02
20251212_09:00:00   6.8629e-01   1.3275e+02   1.0632e+01   0.0000e+00   7.0257e-01   3.0107e+02
20251212_12:00:00   7.7105e-01   1.4358e+02   1.1702e+01   1.9801e-03   5.4736e-01   2.9836e+02
20251212_15:00:00   8.6094e-01   1.5440e+02   1.1927e+01   3.2448e-02   5.3033e-01   3.0084e+02
20251212_18:00:00   7.1660e-01   1.3762e+02   9.7680e+00   1.9635e-02   3.5467e-01   3.0420e+02
20251212_21:00:00   6.0585e-01   1.2282e+02   8.6142e+00   5.3310e-05   6.3165e-02   3.0902e+02
20251213_00:00:00   5.4280e-01   1.1303e+02   7.7670e+00   0.0000e+00   7.4492e-03   3.1562e+02
20251213_03:00:00   3.9642e-01   8.8696e+01   5.8402e+00   0.0000e+00   2.6948e-05   3.2470e+02
20251213_06:00:00   1.9184e-01   4.9426e+01   2.6490e+00   0.0000e+00   9.6780e-07   3.4272e+02
20251213_09:00:00   1.4744e-01   3.9863e+01   1.8469e+00   0.0000e+00   8.0770e-07   3.4183e+02
20251213_12:00:00   1.7814e-01   4.6454e+01   2.3129e+00   0.0000e+00   1.9666e-05   3.4730e+02
20251213_15:00:00   2.1203e-01   5.3483e+01   2.8431e+00   0.0000e+00   3.4194e-03   3.6378e+02
20251213_18:00:00   2.5355e-01   6.1963e+01   3.4078e+00   0.0000e+00   7.3276e-03   3.7133e+02
20251213_21:00:00   2.6650e-01   6.4448e+01   3.5587e+00   0.0000e+00   6.7351e-03   3.7979e+02
20251214_00:00:00   2.5803e-01   6.2646e+01   3.4460e+00   0.0000e+00   1.5804e-03   3.7290e+02
20251214_03:00:00   2.4209e-01   5.9487e+01   3.1982e+00   0.0000e+00   7.4139e-05   3.6891e+02
20251214_06:00:00   2.5159e-01   6.1133e+01   3.3725e+00   0.0000e+00   2.0300e-03   3.7452e+02
20251214_09:00:00   2.5992e-01   6.2625e+01   3.5260e+00   0.0000e+00   6.3818e-03   3.6896e+02
20251214_12:00:00   2.5847e-01   6.2338e+01   3.4849e+00   0.0000e+00   3.3629e-03   3.7016e+02
20251214_15:00:00   2.7294e-01   6.5279e+01   3.6705e+00   0.0000e+00   3.5966e-05   3.8100e+02
20251214_18:00:00   2.7083e-01   6.5289e+01   3.5824e+00   0.0000e+00   1.1202e-04   3.8216e+02
20251214_21:00:00   2.7695e-01   6.6426e+01   3.6134e+00   0.0000e+00   8.3579e-06   3.8759e+02
20251215_00:00:00   2.6594e-01   6.4188e+01   3.4506e+00   0.0000e+00   3.8858e-05   3.8347e+02
20251215_03:00:00   2.4902e-01   6.0715e+01   3.2047e+00   0.0000e+00   1.2864e-05   3.6947e+02
20251215_06:00:00   2.2550e-01   5.6064e+01   2.8344e+00   0.0000e+00   8.9420e-06   3.6941e+02
20251215_09:00:00   1.8912e-01   4.8689e+01   2.3308e+00   0.0000e+00   7.6364e-06   3.3038e+02
20251215_12:00:00   1.7075e-01   4.4659e+01   2.1509e+00   0.0000e+00   1.8439e-05   3.2545e+02
20251215_15:00:00   1.6826e-01   4.3976e+01   2.2316e+00   0.0000e+00   1.6265e-03   3.2993e+02
20251215_18:00:00   2.0326e-01   5.1306e+01   2.7771e+00   0.0000e+00   1.0923e-02   3.3441e+02
20251215_21:00:00   2.3380e-01   5.7424e+01   3.1889e+00   0.0000e+00   2.6270e-02   3.4013e+02
20251216_00:00:00   2.7462e-01   6.5267e+01   3.7635e+00   0.0000e+00   3.6137e-02   3.4729e+02
20251216_03:00:00   3.1605e-01   7.2908e+01   4.3091e+00   0.0000e+00   4.3404e-02   3.8731e+02
20251216_06:00:00   3.1686e-01   7.2999e+01   4.2534e+00   0.0000e+00   3.1996e-02   3.9843e+02
20251216_09:00:00   2.8482e-01   6.7048e+01   3.8020e+00   0.0000e+00   1.7497e-04   4.1329e+02
20251216_12:00:00   2.3003e-01   5.6479e+01   3.0104e+00   0.0000e+00   5.0253e-05   3.6073e+02
20251216_15:00:00   1.9842e-01   5.0330e+01   2.6023e+00   0.0000e+00   0.0000e+00   3.4350e+02
20251216_18:00:00   2.2956e-01   5.7074e+01   3.1668e+00   0.0000e+00   0.0000e+00   3.0969e+02
20251216_21:00:00   3.0806e-01   7.2037e+01   4.6700e+00   0.0000e+00   4.8212e-03   2.9341e+02
20251217_00:00:00   4.1983e-01   9.1638e+01   6.1807e+00   0.0000e+00   3.2689e-01   2.9012e+02
20251217_03:00:00   4.6627e-01   9.9594e+01   6.8078e+00   0.0000e+00   2.2467e-02   2.9273e+02
20251217_06:00:00   4.8170e-01   1.0248e+02   6.9671e+00   0.0000e+00   5.6988e-03   2.7223e+02
20251217_09:00:00   4.0836e-01   9.0860e+01   5.8348e+00   0.0000e+00   7.4702e-04   2.6451e+02
20251217_12:00:00   3.6369e-01   8.3152e+01   5.3382e+00   0.0000e+00   1.0487e-04   2.5322e+02
20251217_15:00:00   3.8482e-01   8.6910e+01   5.9801e+00   0.0000e+00   4.0555e-04   2.6069e+02
20251217_18:00:00   4.6297e-01   1.0035e+02   7.3742e+00   0.0000e+00   2.3774e-03   2.6402e+02
20251217_21:00:00   4.4637e-01   9.7849e+01   7.2113e+00   0.0000e+00   6.3731e-03   2.6624e+02
20251218_00:00:00   4.1584e-01   9.2500e+01   6.7246e+00   0.0000e+00   8.2861e-03   2.7110e+02
20251218_03:00:00   3.4561e-01   7.9906e+01   5.5820e+00   0.0000e+00   7.6849e-03   2.6674e+02
20251218_06:00:00   3.4752e-01   8.0124e+01   5.7592e+00   0.0000e+00   6.7335e-03   2.6467e+02
20251218_09:00:00   3.1347e-01   7.3974e+01   5.1262e+00   0.0000e+00   1.4741e-03   2.6717e+02
20251218_12:00:00   3.3189e-01   7.7338e+01   5.4827e+00   0.0000e+00   4.5952e-03   2.7231e+02
20251218_15:00:00   5.2972e-01   1.1104e+02   8.5669e+00   0.0000e+00   6.0936e-03   2.6770e+02
20251218_18:00:00   7.0075e-01   1.3547e+02   1.1191e+01   0.0000e+00   1.8993e-02   2.6747e+02
20251218_21:00:00   8.0497e-01   1.4872e+02   1.2654e+01   0.0000e+00   1.2185e-01   2.6893e+02
20251219_00:00:00   7.7637e-01   1.4596e+02   1.2000e+01   6.1770e-03   1.7397e-02   2.7796e+02
20251219_03:00:00   7.6121e-01   1.4445e+02   1.2110e+01   5.9548e-04   7.6482e-03   2.7682e+02
20251219_06:00:00   7.8003e-01   1.4775e+02   1.2267e+01   1.4712e-03   6.3589e-03   2.7574e+02
20251219_09:00:00   8.8155e-01   1.6023e+02   1.3652e+01   1.4570e-02   2.2205e-03   2.7900e+02
20251219_12:00:00   6.3682e-01   1.2991e+02   1.0577e+01   0.0000e+00   9.4314e-03   2.7449e+02
20251219_15:00:00   1.0703e+00   1.8141e+02   1.6349e+01   9.7380e-04   1.2843e-03   2.7314e+02
20251219_18:00:00   2.4300e+00   2.5211e+02   1.9851e+01   4.4480e-01   1.0211e-02   2.7779e+02
20251219_21:00:00   3.1084e+00   2.6535e+02   2.3888e+01   6.1907e-01   2.2886e-01   2.7693e+02
20251220_00:00:00   3.7770e+00   2.7348e+02   2.8564e+01   7.4418e-01   8.0252e-01   2.7812e+02
20251220_03:00:00   5.3429e+00   2.7977e+02   3.0040e+01   1.3455e+00   1.7189e-01   2.7292e+02
20251220_06:00:00   4.4543e+00   2.7851e+02   3.0796e+01   9.6092e-01   4.5502e-01   2.7424e+02
20251220_09:00:00   3.5235e+00   2.6944e+02   2.3916e+01   8.1444e-01   2.5127e-01   2.7953e+02
20251220_12:00:00   2.6133e+00   2.5492e+02   1.6440e+01   6.2912e-01   8.1316e-02   2.8335e+02
20251220_15:00:00   3.7917e-01   8.7618e+01   5.5722e+00   0.0000e+00   3.2025e-02   2.9341e+02
20251220_18:00:00   3.1781e-01   7.5741e+01   4.5890e+00   0.0000e+00   4.3934e-06   3.0853e+02
20251220_21:00:00   2.6087e-01   6.4132e+01   3.6683e+00   0.0000e+00   1.2393e-05   3.1482e+02
20251221_00:00:00   2.1609e-01   5.4534e+01   2.8955e+00   0.0000e+00   6.3979e-04   3.2087e+02
20251221_03:00:00   1.9550e-01   4.9886e+01   2.6184e+00   0.0000e+00   3.9037e-04   3.4706e+02
20251221_06:00:00   1.2530e-01   3.4645e+01   1.4785e+00   0.0000e+00   0.0000e+00   3.5706e+02
20251221_09:00:00   1.5096e-01   3.9954e+01   2.0848e+00   0.0000e+00   4.5360e-05   3.5802e+02
20251221_12:00:00   1.8107e-01   4.6167e+01   2.6085e+00   0.0000e+00   2.9371e-03   3.6483e+02
20251221_15:00:00   1.8370e-01   4.6733e+01   2.6278e+00   0.0000e+00   5.2371e-03   3.6916e+02
20251221_18:00:00   1.8152e-01   4.6405e+01   2.5793e+00   0.0000e+00   4.3202e-05   3.6791e+02
20251221_21:00:00   2.0023e-01   5.0253e+01   2.8465e+00   0.0000e+00   1.5284e-03   3.7818e+02
20251222_00:00:00   1.9824e-01   4.9875e+01   2.7695e+00   0.0000e+00   2.6297e-03   3.6352e+02
20251222_03:00:00   1.7369e-01   4.4912e+01   2.2854e+00   0.0000e+00   9.6200e-05   3.8464e+02
20251222_06:00:00   1.4947e-01   3.9838e+01   1.8655e+00   0.0000e+00   1.0834e-06   3.8916e+02
20251222_09:00:00   1.2205e-01   3.3989e+01   1.4047e+00   0.0000e+00   0.0000e+00   3.8483e+02
20251222_12:00:00   1.1460e-01   3.2378e+01   1.3040e+00   0.0000e+00   0.0000e+00   3.6664e+02
