#            date       tau255        Tb[K]      pwv[mm] lwp[kg*m^-2] iwp[kg*m^-2]       o3[DU]
20251205_12:00:00   1.8589e-01   4.7514e+01   2.6579e+00   0.0000e+00   0.0000e+00   3.6616e+02
20251205_13:00:00   1.7793e-01   4.5884e+01   2.5235e+00   0.0000e+00   0.0000e+00   3.6505e+02
20251205_14:00:00   1.7966e-01   4.6237e+01   2.5519e+00   0.0000e+00   0.0000e+00   3.6091e+02
20251205_15:00:00   1.8282e-01   4.6959e+01   2.6276e+00   0.0000e+00   4.3720e-05   3.5072e+02
20251205_16:00:00   1.9219e-01   4.8980e+01   2.7984e+00   0.0000e+00   5.9900e-06   3.4171e+02
20251205_17:00:00   2.0290e-01   5.1322e+01   2.9711e+00   0.0000e+00   0.0000e+00   3.3953e+02
20251205_18:00:00   2.1501e-01   5.3887e+01   3.1638e+00   0.0000e+00   0.0000e+00   3.3784e+02
20251205_19:00:00   2.2187e-01   5.5367e+01   3.2704e+00   0.0000e+00   6.0241e-04   3.3494e+02
20251205_20:00:00   2.2853e-01   5.6759e+01   3.3680e+00   0.0000e+00   4.6153e-03   3.3273e+02
20251205_21:00:00   2.3090e-01   5.7225e+01   3.4279e+00   0.0000e+00   1.1394e-02   3.3252e+02
20251205_22:00:00   2.3192e-01   5.7435e+01   3.4521e+00   0.0000e+00   1.6069e-02   3.3402e+02
20251205_23:00:00   2.4839e-01   6.0851e+01   3.7338e+00   0.0000e+00   8.8983e-03   3.3329e+02
20251206_00:00:00   2.7875e-01   6.7067e+01   4.1634e+00   0.0000e+00   1.1284e-03   3.3183e+02
20251206_01:00:00   2.9626e-01   7.0557e+01   4.3637e+00   0.0000e+00   7.1697e-04   3.3276e+02
20251206_02:00:00   3.0047e-01   7.1424e+01   4.4065e+00   0.0000e+00   9.2415e-03   3.3192e+02
20251206_03:00:00   3.0534e-01   7.2409e+01   4.4536e+00   0.0000e+00   2.7610e-02   3.3482e+02
20251206_04:00:00   3.0827e-01   7.3137e+01   4.4585e+00   0.0000e+00   1.3994e-03   3.3946e+02
20251206_05:00:00   3.2551e-01   7.6398e+01   4.7137e+00   0.0000e+00   7.0186e-05   3.3847e+02
20251206_06:00:00   3.4034e-01   7.9205e+01   4.9456e+00   0.0000e+00   2.0508e-03   3.3125e+02
20251206_07:00:00   3.5781e-01   8.2451e+01   5.2145e+00   0.0000e+00   1.7522e-03   3.3436e+02
20251206_08:00:00   3.9266e-01   8.8601e+01   5.7662e+00   0.0000e+00   2.9329e-03   3.3465e+02
20251206_09:00:00   4.2987e-01   9.4953e+01   6.4196e+00   0.0000e+00   1.0674e-02   3.3163e+02
20251206_10:00:00   4.7334e-01   1.0204e+02   7.1437e+00   0.0000e+00   2.6159e-02   3.2745e+02
20251206_11:00:00   5.1065e-01   1.0787e+02   7.7440e+00   0.0000e+00   1.9664e-02   3.2418e+02
20251206_12:00:00   5.4314e-01   1.1282e+02   8.2317e+00   0.0000e+00   4.2885e-02   3.2030e+02
20251206_13:00:00   5.7270e-01   1.1731e+02   8.6610e+00   0.0000e+00   3.9891e-02   3.2021e+02
20251206_14:00:00   5.8569e-01   1.1931e+02   8.8147e+00   0.0000e+00   5.9117e-02   3.2582e+02
20251206_15:00:00   5.8269e-01   1.1902e+02   8.7293e+00   4.0440e-04   4.4362e-02   3.3000e+02
20251206_16:00:00   5.7057e-01   1.1740e+02   8.5158e+00   1.3722e-03   4.5070e-02   3.3191e+02
20251206_17:00:00   5.5987e-01   1.1586e+02   8.3858e+00   1.5102e-03   3.5604e-02   3.2255e+02
20251206_18:00:00   5.5937e-01   1.1588e+02   8.2739e+00   4.6739e-03   2.4109e-02   3.2014e+02
20251206_19:00:00   5.5703e-01   1.1580e+02   8.1098e+00   6.1185e-03   1.4287e-02   3.1741e+02
20251206_20:00:00   5.6139e-01   1.1673e+02   8.1335e+00   4.5436e-03   5.0716e-03   3.1511e+02
20251206_21:00:00   5.6173e-01   1.1700e+02   8.1509e+00   1.3489e-03   4.3858e-04   3.1594e+02
20251206_22:00:00   5.8385e-01   1.2040e+02   8.2494e+00   6.2710e-03   1.0964e-04   3.1976e+02
20251206_23:00:00   5.6862e-01   1.1813e+02   8.2613e+00   1.8091e-04   4.3607e-05   3.1921e+02
20251207_00:00:00   5.8145e-01   1.1996e+02   8.4664e+00   0.0000e+00   3.4057e-05   3.1633e+02
20251207_01:00:00   5.7910e-01   1.1957e+02   8.4462e+00   0.0000e+00   3.4435e-05   3.1784e+02
20251207_02:00:00   5.6242e-01   1.1721e+02   8.2044e+00   0.0000e+00   2.9062e-05   3.1755e+02
20251207_03:00:00   5.3577e-01   1.1337e+02   7.7216e+00   0.0000e+00   1.8782e-05   3.2145e+02
20251207_04:00:00   4.8401e-01   1.0547e+02   6.8961e+00   0.0000e+00   1.5613e-05   3.2137e+02
20251207_05:00:00   4.4577e-01   9.9221e+01   6.2860e+00   0.0000e+00   1.0376e-05   3.2297e+02
20251207_06:00:00   4.0434e-01   9.2102e+01   5.6884e+00   0.0000e+00   6.2327e-06   3.2464e+02
20251207_07:00:00   3.8240e-01   8.8066e+01   5.4130e+00   0.0000e+00   5.4920e-06   3.2289e+02
20251207_08:00:00   3.7814e-01   8.7112e+01   5.4004e+00   0.0000e+00   1.6637e-04   3.2121e+02
20251207_09:00:00   3.8136e-01   8.7494e+01   5.5680e+00   0.0000e+00   8.3022e-04   3.2419e+02
20251207_10:00:00   3.9310e-01   8.9389e+01   5.8297e+00   0.0000e+00   1.0350e-02   3.2406e+02
20251207_11:00:00   4.0223e-01   9.0940e+01   5.9845e+00   0.0000e+00   1.3682e-02   3.3049e+02
20251207_12:00:00   4.1306e-01   9.2711e+01   6.1460e+00   0.0000e+00   7.6972e-03   3.3348e+02
20251207_13:00:00   4.2296e-01   9.4389e+01   6.2762e+00   0.0000e+00   2.6933e-03   3.3227e+02
20251207_14:00:00   4.2817e-01   9.5279e+01   6.3580e+00   0.0000e+00   1.2145e-03   3.2981e+02
20251207_15:00:00   4.4137e-01   9.7471e+01   6.5506e+00   1.5946e-05   1.4696e-03   3.3066e+02
20251207_16:00:00   4.6303e-01   1.0096e+02   6.9228e+00   0.0000e+00   3.8926e-03   3.2796e+02
20251207_17:00:00   4.6589e-01   1.0144e+02   6.9848e+00   0.0000e+00   3.0873e-02   3.2660e+02
20251207_18:00:00   4.6366e-01   1.0112e+02   6.9064e+00   0.0000e+00   7.6239e-02   3.2731e+02
20251207_19:00:00   4.8816e-01   1.0496e+02   7.2772e+00   0.0000e+00   5.7863e-02   3.2694e+02
20251207_20:00:00   5.0532e-01   1.0765e+02   7.4938e+00   0.0000e+00   4.9889e-02   3.2732e+02
20251207_21:00:00   5.2567e-01   1.1075e+02   7.7438e+00   2.3588e-04   4.6672e-02   3.2366e+02
20251207_22:00:00   5.5752e-01   1.1548e+02   7.9135e+00   7.5640e-03   2.8630e-02   3.2281e+02
20251207_23:00:00   6.3920e-01   1.2706e+02   8.4490e+00   2.6577e-02   5.3740e-02   3.2631e+02
20251208_00:00:00   6.5845e-01   1.2946e+02   9.0739e+00   1.3806e-02   1.1316e-01   3.3331e+02
20251208_01:00:00   6.4456e-01   1.2758e+02   9.2348e+00   1.1647e-04   1.5341e-01   3.4104e+02
20251208_02:00:00   6.3219e-01   1.2593e+02   8.8897e+00   0.0000e+00   3.3544e-01   3.4133e+02
20251208_03:00:00   6.0951e-01   1.2289e+02   8.4988e+00   0.0000e+00   2.7928e-01   3.4147e+02
20251208_04:00:00   5.9216e-01   1.2051e+02   8.2555e+00   0.0000e+00   1.2935e-01   3.4326e+02
20251208_05:00:00   5.6371e-01   1.1653e+02   7.7702e+00   0.0000e+00   7.4184e-02   3.4367e+02
20251208_06:00:00   5.5510e-01   1.1527e+02   7.4779e+00   2.9550e-03   4.6713e-02   3.5388e+02
20251208_07:00:00   5.4030e-01   1.1303e+02   7.0512e+00   7.3861e-03   9.6651e-02   3.5811e+02
20251208_08:00:00   4.5059e-01   9.8290e+01   5.9116e+00   2.1125e-03   9.0829e-02   3.6119e+02
20251208_09:00:00   3.6181e-01   8.2532e+01   4.7439e+00   0.0000e+00   5.6987e-03   3.5831e+02
20251208_10:00:00   2.8355e-01   6.7812e+01   3.6013e+00   0.0000e+00   7.7288e-04   3.6203e+02
20251208_11:00:00   1.9814e-01   5.0533e+01   2.3846e+00   0.0000e+00   6.8290e-06   3.6059e+02
20251208_12:00:00   1.7665e-01   4.5888e+01   2.0469e+00   0.0000e+00   9.4082e-06   3.6085e+02
20251208_13:00:00   1.6246e-01   4.2722e+01   1.8327e+00   0.0000e+00   7.3266e-06   3.6581e+02
20251208_14:00:00   1.4609e-01   3.9143e+01   1.6003e+00   0.0000e+00   5.8380e-06   3.6090e+02
20251208_15:00:00   1.3974e-01   3.7753e+01   1.5248e+00   0.0000e+00   4.1497e-06   3.5681e+02
20251208_16:00:00   1.3529e-01   3.6780e+01   1.4963e+00   0.0000e+00   3.0354e-06   3.5640e+02
20251208_17:00:00   1.4101e-01   3.8073e+01   1.6107e+00   0.0000e+00   0.0000e+00   3.5303e+02
20251208_18:00:00   1.5048e-01   4.0159e+01   1.7789e+00   0.0000e+00   0.0000e+00   3.5286e+02
20251208_19:00:00   1.5812e-01   4.1827e+01   1.9117e+00   0.0000e+00   0.0000e+00   3.5275e+02
20251208_20:00:00   1.6684e-01   4.3686e+01   2.0771e+00   0.0000e+00   0.0000e+00   3.5463e+02
20251208_21:00:00   1.7368e-01   4.5079e+01   2.2086e+00   0.0000e+00   0.0000e+00   3.6397e+02
20251208_22:00:00   1.8069e-01   4.6444e+01   2.3620e+00   0.0000e+00   2.5929e-05   3.6371e+02
20251208_23:00:00   1.8630e-01   4.7493e+01   2.5145e+00   0.0000e+00   2.9632e-03   3.6295e+02
20251209_00:00:00   1.8988e-01   4.8188e+01   2.6051e+00   0.0000e+00   1.1757e-02   3.7352e+02
20251209_01:00:00   2.0026e-01   5.0243e+01   2.8098e+00   0.0000e+00   2.1442e-02   3.7833e+02
20251209_02:00:00   2.1125e-01   5.2427e+01   3.0051e+00   0.0000e+00   2.1768e-02   3.6558e+02
20251209_03:00:00   2.1412e-01   5.2976e+01   3.0484e+00   0.0000e+00   1.7575e-02   3.6834e+02
20251209_04:00:00   2.1206e-01   5.2512e+01   3.0132e+00   0.0000e+00   1.9198e-02   3.7276e+02
20251209_05:00:00   2.1505e-01   5.3073e+01   3.0576e+00   0.0000e+00   3.0543e-02   3.8172e+02
20251209_06:00:00   1.9744e-01   4.9502e+01   2.7726e+00   0.0000e+00   2.2041e-02   3.9410e+02
20251209_07:00:00   1.9834e-01   4.9676e+01   2.7809e+00   0.0000e+00   2.1230e-02   3.9974e+02
20251209_08:00:00   1.9722e-01   4.9447e+01   2.7613e+00   0.0000e+00   9.7201e-03   4.0346e+02
20251209_09:00:00   1.8861e-01   4.7701e+01   2.6069e+00   0.0000e+00   8.8772e-03   4.2699e+02
20251209_10:00:00   1.8917e-01   4.7828e+01   2.6133e+00   0.0000e+00   8.4254e-03   4.2998e+02
20251209_11:00:00   2.0246e-01   5.0616e+01   2.8261e+00   0.0000e+00   6.2626e-03   4.3135e+02
20251209_12:00:00   2.1230e-01   5.2775e+01   2.9482e+00   0.0000e+00   5.9848e-03   4.3802e+02
20251209_13:00:00   1.9166e-01   4.8725e+01   2.5964e+00   0.0000e+00   2.7399e-04   4.3586e+02
20251209_14:00:00   1.9100e-01   4.8784e+01   2.5664e+00   0.0000e+00   1.8654e-04   4.2946e+02
20251209_15:00:00   2.0979e-01   5.2834e+01   2.8608e+00   0.0000e+00   4.6182e-04   4.2808e+02
20251209_16:00:00   2.4441e-01   5.9870e+01   3.4615e+00   0.0000e+00   3.0707e-03   4.2793e+02
20251209_17:00:00   3.3812e-01   7.7405e+01   5.1011e+00   0.0000e+00   2.1929e-02   4.2145e+02
20251209_18:00:00   3.8637e-01   8.6044e+01   5.7897e+00   0.0000e+00   1.7442e-01   4.1930e+02
20251209_19:00:00   4.0357e-01   8.9180e+01   6.0576e+00   0.0000e+00   1.7358e-01   4.1958e+02
20251209_20:00:00   4.4092e-01   9.5715e+01   6.6142e+00   0.0000e+00   9.1650e-02   4.1699e+02
20251209_21:00:00   4.9801e-01   1.0512e+02   7.3456e+00   0.0000e+00   1.8376e-01   4.0350e+02
20251209_22:00:00   5.5056e-01   1.1347e+02   8.0107e+00   0.0000e+00   2.1578e-01   3.9373e+02
20251209_23:00:00   5.9889e-01   1.2080e+02   8.5232e+00   0.0000e+00   3.2987e-01   3.8626e+02
20251210_00:00:00   4.9197e-01   1.0526e+02   6.9352e+00   0.0000e+00   5.1850e-03   3.8262e+02
20251210_01:00:00   4.1777e-01   9.3374e+01   5.8475e+00   0.0000e+00   3.3088e-04   3.7667e+02
20251210_02:00:00   3.9127e-01   8.9012e+01   5.4858e+00   0.0000e+00   1.3110e-04   3.7247e+02
20251210_03:00:00   3.8212e-01   8.7530e+01   5.3921e+00   0.0000e+00   6.5684e-04   3.6883e+02
20251210_04:00:00   3.8475e-01   8.8044e+01   5.5163e+00   0.0000e+00   1.8317e-02   3.6407e+02
20251210_05:00:00   3.9371e-01   8.9555e+01   5.7656e+00   0.0000e+00   5.5519e-02   3.5879e+02
20251210_06:00:00   4.2084e-01   9.4097e+01   6.3104e+00   0.0000e+00   9.3308e-02   3.5463e+02
20251210_07:00:00   4.4058e-01   9.7479e+01   6.6690e+00   0.0000e+00   1.0813e-01   3.4967e+02
20251210_08:00:00   4.2875e-01   9.5757e+01   6.4375e+00   0.0000e+00   9.3600e-02   3.5044e+02
20251210_09:00:00   5.6053e-01   1.1708e+02   8.5402e+00   0.0000e+00   5.7093e-02   3.5269e+02
20251210_10:00:00   6.6386e-01   1.3188e+02   1.0147e+01   0.0000e+00   3.9091e-02   3.4927e+02
20251210_11:00:00   7.1391e-01   1.3846e+02   1.0985e+01   0.0000e+00   3.3370e-02   3.4781e+02
20251210_12:00:00   7.0092e-01   1.3673e+02   1.0891e+01   0.0000e+00   3.8149e-02   3.4810e+02
20251210_15:00:00   6.7089e-01   1.3267e+02   1.0547e+01   0.0000e+00   1.8789e-01   3.5225e+02
20251210_18:00:00   7.3902e-01   1.4249e+02   1.1228e+01   2.5774e-03   3.0568e-01   3.4512e+02
20251210_21:00:00   3.8390e+00   2.6826e+02   1.5828e+01   1.1644e+00   8.7090e-02   3.4916e+02
20251211_00:00:00   1.1973e+00   1.9143e+02   1.4699e+01   8.2749e-02   7.5103e-02   3.5508e+02
20251211_03:00:00   8.3499e-01   1.5524e+02   9.2200e+00   8.0923e-02   1.7298e-04   3.5415e+02
20251211_06:00:00   6.6988e-01   1.3357e+02   9.6693e+00   1.3521e-03   1.5631e-03   3.3739e+02
20251211_09:00:00   1.0386e+00   1.7616e+02   8.4937e+00   1.8082e-01   3.0543e-02   3.3334e+02
20251211_12:00:00   4.3805e-01   9.7107e+01   6.4598e+00   0.0000e+00   8.8309e-04   3.3686e+02
20251211_15:00:00   3.9031e-01   8.8545e+01   5.4970e+00   0.0000e+00   2.8368e-04   3.4132e+02
20251211_18:00:00   3.9222e-01   8.8466e+01   5.5210e+00   0.0000e+00   2.5715e-04   3.4708e+02
20251211_21:00:00   3.6472e-01   8.3292e+01   5.1382e+00   0.0000e+00   1.2561e-04   3.4444e+02
20251212_00:00:00   2.9080e-01   6.9680e+01   4.0277e+00   0.0000e+00   7.1380e-06   3.3596e+02
20251212_03:00:00   1.6717e-01   4.4283e+01   2.2366e+00   0.0000e+00   1.2139e-04   3.2082e+02
20251212_06:00:00   2.1288e-01   5.3436e+01   3.4862e+00   0.0000e+00   4.6958e-02   3.0602e+02
20251212_09:00:00   4.1225e-01   9.0908e+01   7.2018e+00   0.0000e+00   1.2965e-01   2.9660e+02
20251212_12:00:00   8.4101e-01   1.5205e+02   1.3390e+01   0.0000e+00   5.8820e-01   2.8749e+02
20251212_15:00:00   1.3117e+00   1.9569e+02   1.4708e+01   1.6146e-01   5.3012e-01   2.8922e+02
20251212_18:00:00   1.9333e+00   2.3133e+02   1.5983e+01   3.7631e-01   4.3031e-01   2.8548e+02
20251212_21:00:00   8.9759e-01   1.6162e+02   9.0316e+00   1.0988e-01   3.7544e-02   2.9018e+02
20251213_00:00:00   3.1794e-01   7.5892e+01   4.4004e+00   0.0000e+00   6.9030e-05   2.9241e+02
20251213_03:00:00   2.4735e-01   6.0975e+01   3.1763e+00   0.0000e+00   3.0088e-05   3.0479e+02
20251213_06:00:00   1.3897e-01   3.7986e+01   1.6140e+00   0.0000e+00   3.5950e-08   3.1736e+02
20251213_09:00:00   1.4948e-01   4.0247e+01   1.8287e+00   0.0000e+00   0.0000e+00   3.3503e+02
20251213_12:00:00   2.0693e-01   5.2652e+01   2.6528e+00   0.0000e+00   2.8952e-06   3.3563e+02
20251213_15:00:00   2.4267e-01   6.0048e+01   3.1847e+00   0.0000e+00   2.0573e-03   3.3892e+02
20251213_18:00:00   3.1715e-01   7.4523e+01   4.2629e+00   1.4999e-04   2.3427e-02   3.6294e+02
20251213_21:00:00   3.4657e-01   7.9864e+01   4.7113e+00   0.0000e+00   2.9792e-02   3.6964e+02
20251214_00:00:00   3.0894e-01   7.2741e+01   4.1413e+00   0.0000e+00   1.6214e-02   3.6684e+02
20251214_03:00:00   3.1858e-01   7.4329e+01   4.3358e+00   0.0000e+00   1.3480e-03   3.6271e+02
20251214_06:00:00   3.5482e-01   8.0636e+01   4.9765e+00   0.0000e+00   1.2394e-01   3.6588e+02
20251214_09:00:00   4.4201e-01   9.5526e+01   6.0636e+00   0.0000e+00   2.5305e-01   3.6888e+02
20251214_12:00:00   3.9765e-01   8.8343e+01   5.2915e+00   7.0880e-06   1.2306e-02   3.7204e+02
20251214_15:00:00   3.4761e-01   7.9654e+01   4.5372e+00   2.1268e-05   8.8216e-03   3.7971e+02
20251214_18:00:00   2.5345e-01   6.1765e+01   3.2111e+00   0.0000e+00   2.7858e-05   3.8245e+02
20251214_21:00:00   2.6978e-01   6.4886e+01   3.4744e+00   0.0000e+00   6.4562e-05   3.8367e+02
20251215_00:00:00   2.4032e-01   5.8918e+01   3.0842e+00   0.0000e+00   5.9445e-06   3.9081e+02
20251215_03:00:00   2.6575e-01   6.3730e+01   3.4905e+00   0.0000e+00   7.0357e-06   4.2888e+02
20251215_06:00:00   2.8276e-01   6.6901e+01   3.7689e+00   0.0000e+00   4.8614e-05   4.3724e+02
20251215_09:00:00   2.8212e-01   6.6803e+01   3.7661e+00   0.0000e+00   2.5227e-05   4.2606e+02
20251215_12:00:00   2.5790e-01   6.2176e+01   3.3765e+00   0.0000e+00   1.0383e-05   4.0255e+02
20251215_15:00:00   2.4279e-01   5.9327e+01   3.1281e+00   0.0000e+00   5.1479e-05   3.7170e+02
20251215_18:00:00   2.8033e-01   6.6770e+01   3.6161e+00   0.0000e+00   4.3923e-04   3.6914e+02
20251215_21:00:00   2.8412e-01   6.7590e+01   3.6427e+00   0.0000e+00   4.8639e-04   3.5765e+02
20251216_00:00:00   2.5675e-01   6.2144e+01   3.3016e+00   0.0000e+00   1.5411e-05   3.4443e+02
20251216_03:00:00   2.5098e-01   6.0961e+01   3.2605e+00   0.0000e+00   1.4023e-05   3.4733e+02
20251216_06:00:00   2.4914e-01   6.0572e+01   3.2329e+00   0.0000e+00   1.4009e-05   3.5843e+02
20251216_09:00:00   2.4066e-01   5.8827e+01   3.1086e+00   0.0000e+00   1.0778e-05   3.5477e+02
20251216_12:00:00   2.2228e-01   5.5104e+01   2.8286e+00   0.0000e+00   3.0606e-05   3.4183e+02
20251216_15:00:00   2.3523e-01   5.7780e+01   2.9936e+00   0.0000e+00   1.3646e-05   3.6040e+02
20251216_18:00:00   2.5461e-01   6.1731e+01   3.2461e+00   0.0000e+00   9.2205e-04   3.5481e+02
20251216_21:00:00   2.5690e-01   6.2113e+01   3.2570e+00   0.0000e+00   2.2411e-05   3.5471e+02
20251217_00:00:00   2.4712e-01   5.9939e+01   3.1245e+00   0.0000e+00   1.5599e-05   3.7634e+02
20251217_03:00:00   2.6933e-01   6.4094e+01   3.4337e+00   0.0000e+00   9.9430e-04   3.9104e+02
20251217_06:00:00   2.7487e-01   6.5085e+01   3.4608e+00   0.0000e+00   3.2432e-03   3.9729e+02
20251217_09:00:00   2.4578e-01   5.9297e+01   3.0319e+00   0.0000e+00   5.1797e-04   4.0005e+02
20251217_12:00:00   2.1668e-01   5.3333e+01   2.6570e+00   0.0000e+00   1.3961e-04   4.0699e+02
20251217_15:00:00   2.2952e-01   5.6056e+01   2.8768e+00   0.0000e+00   1.4871e-04   4.0742e+02
20251217_18:00:00   2.6372e-01   6.3017e+01   3.3915e+00   4.3240e-04   8.1358e-04   4.0017e+02
20251217_21:00:00   2.6132e-01   6.2673e+01   3.4084e+00   0.0000e+00   3.0521e-04   4.0160e+02
20251218_00:00:00   2.5031e-01   6.0685e+01   3.2865e+00   0.0000e+00   9.5290e-06   4.0357e+02
20251218_03:00:00   2.2994e-01   5.6996e+01   2.9363e+00   0.0000e+00   9.4920e-06   4.1017e+02
20251218_06:00:00   2.1903e-01   5.5045e+01   2.7825e+00   0.0000e+00   8.5680e-06   4.0675e+02
20251218_09:00:00   3.0760e-01   7.2680e+01   4.1978e+00   0.0000e+00   9.3890e-06   3.6833e+02
20251218_12:00:00   3.2589e-01   7.6171e+01   4.5315e+00   0.0000e+00   5.6838e-06   3.3795e+02
20251218_15:00:00   3.1346e-01   7.4242e+01   4.2841e+00   0.0000e+00   5.6228e-06   3.2061e+02
20251218_18:00:00   3.1332e-01   7.4447e+01   4.3299e+00   0.0000e+00   3.8853e-06   3.0953e+02
20251218_21:00:00   2.8935e-01   6.9852e+01   4.0772e+00   0.0000e+00   6.4432e-05   3.0434e+02
20251219_00:00:00   3.0188e-01   7.2010e+01   4.4813e+00   0.0000e+00   4.4233e-03   3.0141e+02
20251219_03:00:00   3.2054e-01   7.5214e+01   4.9695e+00   0.0000e+00   6.0938e-02   2.9420e+02
20251219_06:00:00   3.5378e-01   8.1088e+01   5.5833e+00   0.0000e+00   2.8565e-02   3.0362e+02
20251219_09:00:00   3.5180e-01   8.1265e+01   5.5258e+00   0.0000e+00   8.3895e-06   3.0163e+02
20251219_12:00:00   3.5724e-01   8.2450e+01   5.6854e+00   0.0000e+00   9.6201e-06   2.9766e+02
20251219_15:00:00   3.6661e-01   8.4700e+01   5.6875e+00   0.0000e+00   7.4804e-03   3.0257e+02
20251219_18:00:00   5.8430e-01   1.1959e+02   9.6268e+00   0.0000e+00   4.6633e-02   2.9917e+02
20251219_21:00:00   8.2171e-01   1.5130e+02   1.2734e+01   0.0000e+00   1.6927e-01   2.9982e+02
20251220_00:00:00   7.8276e-01   1.4739e+02   1.1648e+01   0.0000e+00   4.8138e-03   3.0280e+02
20251220_03:00:00   6.1416e-01   1.2559e+02   8.8200e+00   0.0000e+00   2.0865e-02   3.0372e+02
20251220_06:00:00   4.4926e-01   1.0001e+02   6.3600e+00   2.0836e-03   5.2069e-02   3.0314e+02
20251220_09:00:00   3.9755e-01   9.0796e+01   6.0350e+00   0.0000e+00   5.1352e-02   3.0618e+02
20251220_12:00:00   4.5532e-01   1.0036e+02   7.2344e+00   0.0000e+00   7.6869e-02   3.1239e+02
20251220_15:00:00   5.0032e-01   1.0765e+02   8.1088e+00   0.0000e+00   3.1244e-02   3.0824e+02
20251220_18:00:00   5.3143e-01   1.1254e+02   8.6458e+00   0.0000e+00   7.7920e-02   3.0803e+02
20251220_21:00:00   5.8117e-01   1.1985e+02   9.5384e+00   0.0000e+00   6.8064e-02   3.0172e+02
20251221_00:00:00   4.9861e-01   1.0755e+02   8.1220e+00   0.0000e+00   1.3792e-03   3.0451e+02
20251221_03:00:00   4.6253e-01   1.0167e+02   7.5089e+00   0.0000e+00   2.5089e-03   2.9410e+02
20251221_06:00:00   4.9543e-01   1.0631e+02   8.1534e+00   0.0000e+00   4.9140e-02   2.9585e+02
20251221_09:00:00   7.7375e-01   1.4540e+02   1.2373e+01   0.0000e+00   1.4501e-01   3.0821e+02
20251221_12:00:00   8.6399e-01   1.5636e+02   1.2421e+01   1.6894e-02   1.6117e-01   3.1316e+02
