#            date       tau255        Tb[K]      pwv[mm] lwp[kg*m^-2] iwp[kg*m^-2]       o3[DU]
20251203_06:00:00   7.1903e-01   1.3948e+02   1.0232e+01   1.0356e-04   1.0427e-01   3.5937e+02
20251203_07:00:00   6.9460e-01   1.3608e+02   9.9357e+00   8.3460e-07   8.0851e-02   3.5846e+02
20251203_08:00:00   6.4252e-01   1.2884e+02   9.1999e+00   0.0000e+00   5.4911e-02   3.5810e+02
20251203_09:00:00   5.6485e-01   1.1758e+02   8.1722e+00   0.0000e+00   6.4120e-04   3.5499e+02
20251203_10:00:00   4.4252e-01   9.8367e+01   6.3785e+00   0.0000e+00   9.7628e-06   3.5229e+02
20251203_11:00:00   3.4515e-01   8.1214e+01   4.9042e+00   0.0000e+00   6.3230e-06   3.4679e+02
20251203_12:00:00   2.9757e-01   7.2100e+01   4.2109e+00   0.0000e+00   4.0992e-06   3.4378e+02
20251203_13:00:00   2.8234e-01   6.8921e+01   4.1289e+00   0.0000e+00   8.8990e-06   3.4550e+02
20251203_14:00:00   2.8409e-01   6.9069e+01   4.3495e+00   0.0000e+00   1.2794e-04   3.4644e+02
20251203_15:00:00   3.0328e-01   7.2592e+01   4.8319e+00   0.0000e+00   4.5436e-05   3.4676e+02
20251203_16:00:00   3.2474e-01   7.6575e+01   5.2565e+00   0.0000e+00   5.8786e-03   3.4474e+02
20251203_17:00:00   3.4791e-01   8.0796e+01   5.7073e+00   0.0000e+00   1.7302e-02   3.4346e+02
20251203_18:00:00   3.5052e-01   8.1242e+01   5.7857e+00   0.0000e+00   1.0102e-02   3.4092e+02
20251203_19:00:00   3.4547e-01   8.0373e+01   5.6838e+00   0.0000e+00   1.7805e-03   3.3835e+02
20251203_20:00:00   3.3847e-01   7.9205e+01   5.5475e+00   0.0000e+00   5.6241e-05   3.3853e+02
20251203_21:00:00   3.5401e-01   8.2007e+01   5.8501e+00   0.0000e+00   1.2268e-03   3.3932e+02
20251203_22:00:00   3.6942e-01   8.4796e+01   6.1105e+00   0.0000e+00   3.8988e-03   3.3943e+02
20251203_23:00:00   3.6913e-01   8.4861e+01   6.0877e+00   0.0000e+00   8.2179e-03   3.3887e+02
20251204_00:00:00   3.7909e-01   8.6674e+01   6.2848e+00   0.0000e+00   6.3227e-03   3.3831e+02
20251204_01:00:00   4.0277e-01   9.0830e+01   6.6786e+00   0.0000e+00   1.1672e-02   3.4300e+02
20251204_02:00:00   4.7960e-01   1.0362e+02   7.9597e+00   0.0000e+00   4.0915e-02   3.4987e+02
20251204_03:00:00   5.6104e-01   1.1591e+02   9.3090e+00   0.0000e+00   1.5791e-01   3.5756e+02
20251204_04:00:00   6.2157e-01   1.2470e+02   1.0141e+01   0.0000e+00   2.9287e-01   3.6533e+02
20251204_05:00:00   6.7530e-01   1.3227e+02   1.0779e+01   0.0000e+00   3.9457e-01   3.7225e+02
20251204_06:00:00   6.8662e-01   1.3393e+02   1.1002e+01   0.0000e+00   8.6721e-02   3.7636e+02
20251204_07:00:00   6.9618e-01   1.3546e+02   1.1071e+01   0.0000e+00   1.0215e-02   3.7681e+02
20251204_08:00:00   7.1746e-01   1.3824e+02   1.1204e+01   0.0000e+00   2.8821e-04   3.7916e+02
20251204_09:00:00   7.2670e-01   1.3950e+02   1.1237e+01   0.0000e+00   2.6131e-04   3.7822e+02
20251204_10:00:00   6.9972e-01   1.3608e+02   1.0799e+01   0.0000e+00   3.3549e-05   3.7700e+02
20251204_11:00:00   6.7165e-01   1.3235e+02   1.0332e+01   0.0000e+00   7.4351e-04   3.7285e+02
20251204_12:00:00   6.5162e-01   1.2942e+02   1.0070e+01   0.0000e+00   2.3996e-03   3.7097e+02
20251204_13:00:00   6.4198e-01   1.2784e+02   9.9332e+00   0.0000e+00   8.0753e-03   3.6853e+02
20251204_14:00:00   6.4827e-01   1.2843e+02   1.0006e+01   0.0000e+00   5.3245e-02   3.6506e+02
20251204_15:00:00   6.6989e-01   1.3103e+02   1.0213e+01   0.0000e+00   1.9673e-01   3.6198e+02
20251204_16:00:00   6.5686e-01   1.2901e+02   9.7609e+00   2.0620e-03   3.7421e-01   3.6236e+02
20251204_17:00:00   5.9235e-01   1.1984e+02   8.7884e+00   6.5860e-04   3.1902e-01   3.6412e+02
20251204_18:00:00   4.3567e-01   9.5915e+01   6.3058e+00   0.0000e+00   4.0558e-02   3.7121e+02
20251204_19:00:00   4.0942e-01   9.1981e+01   5.5312e+00   0.0000e+00   3.2213e-02   3.7612e+02
20251204_20:00:00   3.5310e-01   8.1821e+01   4.6743e+00   0.0000e+00   3.6655e-02   3.7440e+02
20251204_21:00:00   3.7128e-01   8.4521e+01   4.8249e+00   0.0000e+00   1.5811e-01   3.6463e+02
20251204_22:00:00   2.6957e-01   6.5118e+01   3.4567e+00   3.5900e-05   3.2317e-02   3.6668e+02
20251204_23:00:00   1.9347e-01   4.9521e+01   2.3358e+00   0.0000e+00   2.6716e-05   3.7054e+02
20251205_00:00:00   1.7853e-01   4.6163e+01   2.1069e+00   0.0000e+00   4.4294e-05   3.7707e+02
20251205_01:00:00   1.7271e-01   4.4791e+01   2.0151e+00   0.0000e+00   4.4289e-05   3.7389e+02
20251205_02:00:00   1.6272e-01   4.2602e+01   1.9262e+00   0.0000e+00   9.5567e-05   3.7445e+02
20251205_03:00:00   1.7293e-01   4.4694e+01   2.1299e+00   0.0000e+00   6.3581e-04   3.7856e+02
20251205_04:00:00   1.6623e-01   4.3224e+01   2.1165e+00   0.0000e+00   8.7940e-06   3.8302e+02
20251205_05:00:00   1.6804e-01   4.3543e+01   2.2200e+00   0.0000e+00   3.3790e-06   3.8108e+02
20251205_06:00:00   1.7135e-01   4.4253e+01   2.3432e+00   0.0000e+00   2.2572e-06   3.7974e+02
20251205_07:00:00   1.7738e-01   4.5590e+01   2.4803e+00   0.0000e+00   3.5030e-07   3.7290e+02
20251205_08:00:00   1.9218e-01   4.8708e+01   2.7653e+00   0.0000e+00   1.5680e-09   3.7098e+02
20251205_09:00:00   2.1416e-01   5.3187e+01   3.1746e+00   0.0000e+00   0.0000e+00   3.6608e+02
20251205_10:00:00   2.2990e-01   5.6370e+01   3.4594e+00   0.0000e+00   0.0000e+00   3.6947e+02
20251205_11:00:00   2.3508e-01   5.7402e+01   3.5559e+00   0.0000e+00   6.4261e-06   3.6843e+02
20251205_12:00:00   1.9847e-01   5.0086e+01   2.8853e+00   0.0000e+00   5.9900e-06   3.7004e+02
20251205_13:00:00   1.7948e-01   4.6223e+01   2.5257e+00   0.0000e+00   7.2060e-07   3.6819e+02
20251205_14:00:00   1.7092e-01   4.4434e+01   2.3726e+00   0.0000e+00   1.0272e-03   3.6427e+02
20251205_15:00:00   1.6731e-01   4.3723e+01   2.3035e+00   0.0000e+00   8.1774e-04   3.5374e+02
20251205_16:00:00   1.7022e-01   4.4442e+01   2.3331e+00   0.0000e+00   1.2368e-03   3.4750e+02
20251205_17:00:00   1.7966e-01   4.6521e+01   2.4903e+00   0.0000e+00   8.0126e-04   3.4468e+02
20251205_18:00:00   1.9785e-01   5.0390e+01   2.8116e+00   0.0000e+00   1.3379e-03   3.4057e+02
20251205_19:00:00   2.2399e-01   5.5876e+01   3.2080e+00   0.0000e+00   1.8588e-03   3.3513e+02
20251205_20:00:00   2.5147e-01   6.1515e+01   3.6009e+00   0.0000e+00   4.5793e-03   3.3326e+02
20251205_21:00:00   2.6741e-01   6.4736e+01   3.8343e+00   0.0000e+00   4.6902e-03   3.3339e+02
20251205_22:00:00   2.7775e-01   6.6807e+01   3.9694e+00   0.0000e+00   3.6160e-03   3.3522e+02
20251205_23:00:00   3.0754e-01   7.2527e+01   4.4466e+00   0.0000e+00   6.6921e-03   3.3607e+02
20251206_00:00:00   3.1325e-01   7.3646e+01   4.5670e+00   0.0000e+00   1.0079e-03   3.3306e+02
20251206_01:00:00   3.1305e-01   7.3639e+01   4.5678e+00   0.0000e+00   3.0980e-04   3.3025e+02
20251206_02:00:00   3.1624e-01   7.4308e+01   4.6136e+00   0.0000e+00   2.5847e-04   3.2802e+02
20251206_03:00:00   3.2746e-01   7.6411e+01   4.8326e+00   0.0000e+00   8.5960e-05   3.2753e+02
20251206_04:00:00   3.4511e-01   7.9638e+01   5.1462e+00   0.0000e+00   1.5289e-04   3.2520e+02
20251206_05:00:00   3.4151e-01   7.9085e+01   5.1300e+00   0.0000e+00   1.9864e-04   3.2472e+02
20251206_06:00:00   3.5010e-01   8.0735e+01   5.3068e+00   0.0000e+00   2.4085e-04   3.2252e+02
20251206_07:00:00   3.6721e-01   8.3909e+01   5.6509e+00   0.0000e+00   3.0729e-04   3.1970e+02
20251206_08:00:00   3.8555e-01   8.7241e+01   5.9774e+00   0.0000e+00   1.5859e-04   3.2041e+02
20251206_09:00:00   3.8943e-01   8.8085e+01   6.0510e+00   0.0000e+00   1.5685e-04   3.1727e+02
20251206_10:00:00   4.0289e-01   9.0422e+01   6.2743e+00   0.0000e+00   6.6894e-04   3.1430e+02
20251206_11:00:00   4.1294e-01   9.2162e+01   6.4647e+00   0.0000e+00   7.9115e-03   3.1204e+02
20251206_12:00:00   4.1179e-01   9.2089e+01   6.4370e+00   0.0000e+00   4.8994e-03   3.1262e+02
20251206_13:00:00   4.1613e-01   9.2873e+01   6.5525e+00   0.0000e+00   6.0392e-03   3.1106e+02
20251206_14:00:00   4.1679e-01   9.3008e+01   6.5771e+00   0.0000e+00   2.3217e-02   3.0898e+02
20251206_15:00:00   4.1638e-01   9.3026e+01   6.5592e+00   0.0000e+00   2.3769e-02   3.0795e+02
20251206_16:00:00   4.1026e-01   9.2180e+01   6.4215e+00   0.0000e+00   2.7483e-02   3.0769e+02
20251206_17:00:00   4.4131e-01   9.7520e+01   6.9138e+00   0.0000e+00   2.6966e-02   3.0540e+02
20251206_18:00:00   4.7499e-01   1.0313e+02   7.4545e+00   0.0000e+00   2.4361e-02   3.0347e+02
20251206_19:00:00   4.8557e-01   1.0488e+02   7.6443e+00   0.0000e+00   3.2483e-02   3.0316e+02
20251206_20:00:00   4.9347e-01   1.0611e+02   7.8079e+00   0.0000e+00   4.7083e-02   3.0194e+02
20251206_21:00:00   5.1268e-01   1.0908e+02   8.1020e+00   0.0000e+00   8.7671e-02   3.0378e+02
20251206_22:00:00   5.3159e-01   1.1191e+02   8.3658e+00   0.0000e+00   1.4841e-01   3.0662e+02
20251206_23:00:00   5.4247e-01   1.1356e+02   8.5019e+00   0.0000e+00   1.2140e-01   3.0768e+02
20251207_00:00:00   5.4462e-01   1.1400e+02   8.4811e+00   0.0000e+00   9.9999e-02   3.0687e+02
20251207_01:00:00   5.4982e-01   1.1486e+02   8.5483e+00   0.0000e+00   8.6417e-02   3.0512e+02
20251207_02:00:00   5.5280e-01   1.1546e+02   8.5366e+00   0.0000e+00   3.7817e-02   3.0448e+02
20251207_03:00:00   5.5588e-01   1.1599e+02   8.5660e+00   0.0000e+00   8.3267e-03   3.0419e+02
20251207_04:00:00   5.7076e-01   1.1825e+02   8.7456e+00   0.0000e+00   3.5423e-03   3.0357e+02
20251207_05:00:00   6.0052e-01   1.2286e+02   9.0832e+00   0.0000e+00   1.3433e-03   3.0666e+02
20251207_06:00:00   6.2292e-01   1.2633e+02   9.2178e+00   0.0000e+00   5.8559e-04   3.0724e+02
20251207_07:00:00   6.3641e-01   1.2833e+02   9.3144e+00   0.0000e+00   6.3896e-04   3.1016e+02
20251207_08:00:00   5.8905e-01   1.2189e+02   8.5235e+00   0.0000e+00   6.3344e-05   3.1263e+02
20251207_09:00:00   5.4483e-01   1.1540e+02   7.8265e+00   0.0000e+00   1.6867e-05   3.1619e+02
20251207_10:00:00   4.8588e-01   1.0628e+02   6.9021e+00   0.0000e+00   1.0438e-05   3.1682e+02
20251207_11:00:00   4.4127e-01   9.8890e+01   6.1984e+00   0.0000e+00   9.2648e-06   3.1817e+02
20251207_12:00:00   4.1062e-01   9.3523e+01   5.6974e+00   0.0000e+00   8.2580e-06   3.2096e+02
20251207_13:00:00   3.8628e-01   8.9200e+01   5.3530e+00   0.0000e+00   1.0373e-05   3.2482e+02
20251207_14:00:00   3.8887e-01   8.9646e+01   5.4193e+00   0.0000e+00   6.3298e-06   3.2566e+02
20251207_15:00:00   3.8367e-01   8.8758e+01   5.3139e+00   3.8460e-06   1.9408e-05   3.2664e+02
20251207_16:00:00   3.7731e-01   8.7629e+01   5.1312e+00   2.0867e-03   3.0708e-04   3.2903e+02
20251207_17:00:00   3.5809e-01   8.4085e+01   4.9563e+00   1.0860e-06   7.8309e-05   3.3104e+02
20251207_18:00:00   3.4153e-01   8.0892e+01   4.7382e+00   0.0000e+00   7.3237e-04   3.3236e+02
20251207_19:00:00   3.1075e-01   7.4910e+01   4.2907e+00   0.0000e+00   1.6458e-03   3.3149e+02
20251207_20:00:00   2.8417e-01   6.9531e+01   3.9085e+00   0.0000e+00   3.4350e-03   3.3464e+02
20251207_21:00:00   2.6435e-01   6.5292e+01   3.6243e+00   0.0000e+00   7.0893e-03   3.3845e+02
20251207_22:00:00   2.5136e-01   6.2394e+01   3.4540e+00   0.0000e+00   5.1866e-03   3.3859e+02
20251207_23:00:00   2.4816e-01   6.1511e+01   3.4149e+00   0.0000e+00   9.6965e-03   3.3754e+02
20251208_00:00:00   2.4099e-01   5.9945e+01   3.2932e+00   0.0000e+00   7.6045e-03   3.3460e+02
20251208_01:00:00   2.3992e-01   5.9514e+01   3.2999e+00   0.0000e+00   1.0588e-02   3.3342e+02
20251208_02:00:00   2.3760e-01   5.8866e+01   3.2628e+00   0.0000e+00   9.3978e-03   3.3119e+02
20251208_03:00:00   2.3308e-01   5.7820e+01   3.1700e+00   0.0000e+00   1.2707e-02   3.3209e+02
20251208_04:00:00   2.3068e-01   5.7138e+01   3.1705e+00   0.0000e+00   1.2567e-02   3.3000e+02
20251208_05:00:00   2.3137e-01   5.7051e+01   3.2596e+00   0.0000e+00   1.1855e-02   3.2787e+02
20251208_06:00:00   2.1682e-01   5.3961e+01   3.0521e+00   0.0000e+00   6.9973e-03   3.2633e+02
20251208_09:00:00   1.6780e-01   4.3674e+01   2.1291e+00   0.0000e+00   3.9243e-03   3.3190e+02
20251208_12:00:00   1.3948e-01   3.7492e+01   1.6183e+00   0.0000e+00   7.5036e-04   3.5360e+02
20251208_15:00:00   1.5140e-01   4.0124e+01   1.7665e+00   0.0000e+00   1.9662e-05   3.6293e+02
20251208_18:00:00   1.6967e-01   4.4135e+01   2.0160e+00   0.0000e+00   1.5856e-04   3.5347e+02
20251208_21:00:00   1.5569e-01   4.1217e+01   1.8553e+00   0.0000e+00   0.0000e+00   3.5649e+02
20251209_00:00:00   1.4620e-01   3.9021e+01   1.8179e+00   0.0000e+00   0.0000e+00   3.5615e+02
20251209_03:00:00   1.6059e-01   4.2060e+01   2.1025e+00   0.0000e+00   0.0000e+00   3.5900e+02
20251209_06:00:00   1.9714e-01   4.9564e+01   2.7279e+00   0.0000e+00   2.1660e-06   3.9491e+02
20251209_09:00:00   2.2333e-01   5.4820e+01   3.1678e+00   0.0000e+00   2.8872e-05   3.8631e+02
20251209_12:00:00   2.2450e-01   5.5068e+01   3.2069e+00   0.0000e+00   3.8026e-05   3.9060e+02
20251209_15:00:00   2.4005e-01   5.8316e+01   3.5252e+00   0.0000e+00   7.3895e-05   3.9487e+02
20251209_18:00:00   2.8255e-01   6.6840e+01   4.2290e+00   0.0000e+00   1.5525e-02   3.9507e+02
20251209_21:00:00   3.3945e-01   7.7738e+01   5.1139e+00   0.0000e+00   2.9214e-02   3.8660e+02
20251210_00:00:00   4.0258e-01   8.9122e+01   6.1356e+00   0.0000e+00   1.6700e-01   3.8686e+02
20251210_03:00:00   6.1439e-01   1.2275e+02   8.9760e+00   0.0000e+00   4.1396e-01   3.8447e+02
20251210_06:00:00   6.1003e-01   1.2256e+02   8.9450e+00   5.1371e-04   1.5939e-01   3.6900e+02
20251210_09:00:00   5.2725e-01   1.1116e+02   7.5147e+00   2.8503e-03   4.3807e-02   3.6127e+02
20251210_12:00:00   4.9714e-01   1.0679e+02   7.3900e+00   0.0000e+00   8.1116e-03   3.5175e+02
20251210_15:00:00   5.3530e-01   1.1271e+02   8.2463e+00   0.0000e+00   6.0396e-02   3.5386e+02
20251210_18:00:00   7.1644e-01   1.3840e+02   1.1133e+01   6.8780e-04   1.1110e-01   3.4269e+02
20251210_21:00:00   1.0038e+00   1.7139e+02   1.4811e+01   7.5648e-03   3.1239e-01   3.3539e+02
20251211_00:00:00   1.3649e+00   2.0211e+02   1.5725e+01   1.3095e-01   5.3392e-01   3.3242e+02
20251211_03:00:00   1.1178e+00   1.8337e+02   1.5607e+01   4.2505e-02   3.7930e-01   3.3246e+02
20251211_06:00:00   1.5280e+00   2.1378e+02   1.5670e+01   2.1110e-01   1.5042e-01   3.2326e+02
20251211_09:00:00   2.3345e+00   2.4683e+02   1.7053e+01   4.9139e-01   7.2639e-01   3.1895e+02
20251211_12:00:00   1.6570e+00   2.2108e+02   1.4936e+01   2.7294e-01   1.0722e-01   3.2485e+02
20251211_15:00:00   1.0441e+00   1.7749e+02   1.2522e+01   8.5392e-02   1.0036e-01   3.2258e+02
20251211_18:00:00   1.9157e+00   2.3361e+02   1.2280e+01   4.3036e-01   1.7138e-01   3.3772e+02
20251211_21:00:00   9.7300e-01   1.7026e+02   1.0162e+01   1.0713e-01   7.8012e-04   3.1751e+02
20251212_00:00:00   4.4099e-01   9.8915e+01   6.0417e+00   2.6592e-04   5.0121e-04   3.1076e+02
20251212_03:00:00   3.1903e-01   7.6275e+01   4.5495e+00   0.0000e+00   4.7042e-03   3.0082e+02
20251212_06:00:00   3.7694e-01   8.6277e+01   5.7166e+00   0.0000e+00   3.0073e-02   2.9135e+02
20251212_09:00:00   3.8924e-01   8.7822e+01   6.0850e+00   0.0000e+00   7.7191e-02   2.9004e+02
20251212_12:00:00   4.2619e-01   9.4054e+01   6.6337e+00   0.0000e+00   2.0938e-02   2.9740e+02
20251212_15:00:00   4.1121e-01   9.1779e+01   6.2616e+00   0.0000e+00   3.1007e-03   2.9881e+02
20251212_18:00:00   3.3285e-01   7.8508e+01   4.7749e+00   0.0000e+00   3.6248e-06   2.9558e+02
20251212_21:00:00   3.3665e-01   7.9219e+01   4.8083e+00   0.0000e+00   6.7218e-06   3.0406e+02
20251213_00:00:00   3.6104e-01   8.3169e+01   5.2620e+00   0.0000e+00   2.0853e-02   3.1397e+02
20251213_03:00:00   4.1375e-01   9.2113e+01   6.0180e+00   0.0000e+00   6.5940e-03   3.1930e+02
20251213_06:00:00   4.5002e-01   9.8010e+01   6.4804e+00   0.0000e+00   3.4037e-03   3.2874e+02
20251213_09:00:00   4.7252e-01   1.0169e+02   6.6696e+00   0.0000e+00   9.4605e-03   3.4343e+02
20251213_12:00:00   4.5537e-01   9.8890e+01   6.3634e+00   0.0000e+00   2.5365e-02   3.5693e+02
20251213_15:00:00   4.7054e-01   1.0142e+02   6.4843e+00   0.0000e+00   2.0623e-02   3.6165e+02
20251213_18:00:00   4.7274e-01   1.0200e+02   6.4083e+00   6.5439e-04   4.2832e-02   3.7379e+02
20251213_21:00:00   4.2790e-01   9.4595e+01   5.8027e+00   0.0000e+00   9.3599e-03   3.8385e+02
20251214_00:00:00   4.1343e-01   9.1846e+01   5.5665e+00   0.0000e+00   1.1172e-02   3.8185e+02
20251214_03:00:00   4.3370e-01   9.5035e+01   5.7517e+00   0.0000e+00   6.1386e-02   3.8017e+02
20251214_06:00:00   4.0926e-01   9.0637e+01   5.4026e+00   0.0000e+00   1.0904e-01   3.8575e+02
20251214_09:00:00   3.3364e-01   7.6949e+01   4.4311e+00   0.0000e+00   3.8890e-03   3.9280e+02
20251214_12:00:00   2.7779e-01   6.6237e+01   3.6572e+00   0.0000e+00   3.0710e-04   3.9304e+02
20251214_15:00:00   2.5591e-01   6.1920e+01   3.3344e+00   0.0000e+00   5.4748e-05   4.0174e+02
20251214_18:00:00   2.5885e-01   6.2656e+01   3.3310e+00   0.0000e+00   3.6106e-04   3.9904e+02
20251214_21:00:00   2.5948e-01   6.2781e+01   3.2915e+00   0.0000e+00   3.4360e-04   4.0474e+02
20251215_00:00:00   2.5111e-01   6.0784e+01   3.1768e+00   0.0000e+00   2.5611e-05   4.0308e+02
20251215_03:00:00   2.5320e-01   6.1003e+01   3.2173e+00   0.0000e+00   4.3046e-05   3.9872e+02
20251215_06:00:00   2.6052e-01   6.2441e+01   3.3299e+00   0.0000e+00   3.7070e-05   3.9815e+02
20251215_09:00:00   2.5102e-01   6.0582e+01   3.2226e+00   0.0000e+00   1.2019e-05   4.2294e+02
20251215_12:00:00   2.4529e-01   5.9699e+01   3.1307e+00   0.0000e+00   1.2833e-05   4.1832e+02
20251215_15:00:00   2.3402e-01   5.7805e+01   2.9928e+00   0.0000e+00   4.9237e-05   3.9485e+02
20251215_18:00:00   2.5310e-01   6.2030e+01   3.2762e+00   0.0000e+00   3.5936e-04   3.7102e+02
20251215_21:00:00   2.4475e-01   6.0536e+01   3.2477e+00   0.0000e+00   9.1924e-04   3.3276e+02
20251216_00:00:00   2.3391e-01   5.7967e+01   3.4513e+00   0.0000e+00   1.0999e-02   3.1041e+02
20251216_03:00:00   2.7954e-01   6.6851e+01   4.4472e+00   0.0000e+00   2.1908e-02   2.9166e+02
20251216_06:00:00   4.5812e-01   9.8850e+01   7.6162e+00   0.0000e+00   8.2424e-02   2.8014e+02
20251216_09:00:00   6.0268e-01   1.2232e+02   1.0105e+01   0.0000e+00   5.5818e-02   2.6351e+02
20251216_12:00:00   6.7594e-01   1.3423e+02   1.1151e+01   0.0000e+00   1.0999e-02   2.5699e+02
20251216_15:00:00   7.7523e-01   1.4828e+02   1.2638e+01   0.0000e+00   3.6947e-03   2.5809e+02
20251216_18:00:00   9.2049e-01   1.6656e+02   1.4497e+01   0.0000e+00   2.8323e-02   2.5724e+02
20251216_21:00:00   1.3422e+00   2.0403e+02   1.6440e+01   1.1028e-01   2.5314e-02   2.6361e+02
20251217_00:00:00   1.3682e+00   2.0554e+02   1.5151e+01   1.6083e-01   1.6143e-02   2.6970e+02
20251217_03:00:00   1.3409e+00   2.0328e+02   1.3039e+01   2.0577e-01   4.9734e-03   2.7616e+02
20251217_06:00:00   1.0965e+00   1.8316e+02   1.3479e+01   9.6919e-02   1.1958e-02   2.8236e+02
20251217_09:00:00   8.8033e-01   1.6084e+02   1.2151e+01   5.2458e-02   5.8386e-02   2.9008e+02
20251217_12:00:00   7.0508e-01   1.3889e+02   1.1462e+01   5.7690e-06   2.0142e-01   2.9700e+02
20251217_15:00:00   9.8445e-01   1.7069e+02   1.4262e+01   3.8429e-02   3.0031e-01   2.9528e+02
20251217_18:00:00   1.9789e+00   2.3542e+02   1.7497e+01   3.4794e-01   4.8912e-01   2.9016e+02
20251217_21:00:00   2.8731e+00   2.5781e+02   1.7439e+01   7.1648e-01   4.8382e-03   2.9018e+02
20251218_00:00:00   3.1642e+00   2.6197e+02   1.3902e+01   9.1979e-01   7.0939e-03   2.8947e+02
20251218_03:00:00   2.7899e+00   2.5636e+02   1.1842e+01   8.2066e-01   6.6296e-03   2.9069e+02
20251218_06:00:00   5.0952e-01   1.0951e+02   7.5739e+00   0.0000e+00   2.9263e-04   2.8930e+02
20251218_09:00:00   4.1221e-01   9.2486e+01   6.5737e+00   0.0000e+00   4.5289e-04   2.8781e+02
20251218_12:00:00   3.1587e-01   7.4801e+01   5.1109e+00   0.0000e+00   1.0033e-03   2.8575e+02
20251218_15:00:00   3.2246e-01   7.5903e+01   5.3392e+00   0.0000e+00   8.4204e-06   2.7911e+02
20251218_18:00:00   3.9022e-01   8.8164e+01   6.5180e+00   0.0000e+00   1.5996e-05   2.7781e+02
20251218_21:00:00   4.4103e-01   9.6870e+01   7.4307e+00   0.0000e+00   2.2742e-05   2.8050e+02
20251219_00:00:00   5.0419e-01   1.0693e+02   8.6009e+00   0.0000e+00   2.4863e-03   2.7761e+02
20251219_03:00:00   6.0627e-01   1.2212e+02   1.0208e+01   0.0000e+00   2.3444e-02   2.7019e+02
20251219_06:00:00   7.9365e-01   1.4670e+02   1.2653e+01   0.0000e+00   2.6430e-01   2.7100e+02
