#            date       tau255        Tb[K]      pwv[mm] lwp[kg*m^-2] iwp[kg*m^-2]       o3[DU]
20251203_18:00:00   3.7105e-01   8.4894e+01   6.1431e+00   0.0000e+00   1.2191e-02   3.3928e+02
20251203_19:00:00   3.5081e-01   8.1271e+01   5.7778e+00   0.0000e+00   2.3313e-03   3.3686e+02
20251203_20:00:00   3.3207e-01   7.7913e+01   5.4290e+00   0.0000e+00   5.6441e-04   3.3726e+02
20251203_21:00:00   3.4572e-01   8.0365e+01   5.7229e+00   0.0000e+00   2.6651e-03   3.3822e+02
20251203_22:00:00   3.5887e-01   8.2869e+01   5.9211e+00   0.0000e+00   3.0603e-03   3.3737e+02
20251203_23:00:00   3.5391e-01   8.2153e+01   5.7744e+00   0.0000e+00   1.6415e-03   3.3575e+02
20251204_00:00:00   3.8472e-01   8.7660e+01   6.3353e+00   0.0000e+00   1.1000e-03   3.3675e+02
20251204_01:00:00   4.2215e-01   9.4085e+01   6.9798e+00   0.0000e+00   5.4468e-03   3.4557e+02
20251204_02:00:00   4.9620e-01   1.0628e+02   8.1813e+00   0.0000e+00   2.7788e-02   3.5290e+02
20251204_03:00:00   5.6245e-01   1.1612e+02   9.2662e+00   0.0000e+00   1.7309e-01   3.6366e+02
20251204_04:00:00   6.1587e-01   1.2394e+02   9.9850e+00   0.0000e+00   2.3161e-01   3.6969e+02
20251204_05:00:00   6.6924e-01   1.3144e+02   1.0683e+01   0.0000e+00   3.0485e-01   3.7072e+02
20251204_06:00:00   6.8375e-01   1.3349e+02   1.0897e+01   0.0000e+00   1.0661e-01   3.7483e+02
20251204_07:00:00   6.9400e-01   1.3504e+02   1.1016e+01   0.0000e+00   1.0084e-02   3.7484e+02
20251204_08:00:00   7.1398e-01   1.3770e+02   1.1158e+01   0.0000e+00   1.2219e-03   3.8184e+02
20251204_09:00:00   7.1426e-01   1.3779e+02   1.1059e+01   0.0000e+00   6.4616e-04   3.7454e+02
20251204_10:00:00   6.9514e-01   1.3532e+02   1.0747e+01   0.0000e+00   1.8700e-03   3.6990e+02
20251204_11:00:00   6.7584e-01   1.3269e+02   1.0403e+01   0.0000e+00   2.9271e-04   3.7076e+02
20251204_12:00:00   6.4929e-01   1.2895e+02   9.9973e+00   0.0000e+00   7.4369e-03   3.6896e+02
20251204_13:00:00   6.2804e-01   1.2591e+02   9.6594e+00   0.0000e+00   1.7520e-02   3.7109e+02
20251204_14:00:00   6.2558e-01   1.2536e+02   9.5897e+00   0.0000e+00   7.3408e-02   3.6836e+02
20251204_15:00:00   6.3171e-01   1.2595e+02   9.6014e+00   0.0000e+00   1.1359e-01   3.6526e+02
20251204_16:00:00   6.2093e-01   1.2431e+02   9.2908e+00   8.4490e-04   1.0463e-01   3.6636e+02
20251204_17:00:00   5.7625e-01   1.1771e+02   8.5629e+00   1.1274e-04   1.7724e-01   3.6370e+02
20251204_18:00:00   3.8523e-01   8.7695e+01   5.4056e+00   0.0000e+00   2.8408e-03   3.7931e+02
20251204_19:00:00   3.3639e-01   7.9149e+01   4.4630e+00   0.0000e+00   2.7022e-03   3.8708e+02
20251204_20:00:00   3.5106e-01   8.1292e+01   4.6334e+00   0.0000e+00   1.1006e-02   3.7828e+02
20251204_21:00:00   3.1172e-01   7.3579e+01   4.0287e+00   0.0000e+00   4.9227e-02   3.7411e+02
20251204_22:00:00   2.5910e-01   6.2872e+01   3.2514e+00   0.0000e+00   2.5923e-02   3.7621e+02
20251204_23:00:00   1.9931e-01   5.0607e+01   2.3828e+00   0.0000e+00   4.4805e-04   3.7456e+02
20251205_00:00:00   1.7130e-01   4.4493e+01   1.9784e+00   0.0000e+00   5.7284e-05   3.8028e+02
20251205_01:00:00   1.5240e-01   4.0345e+01   1.7169e+00   0.0000e+00   8.1771e-05   3.8112e+02
20251205_02:00:00   1.4336e-01   3.8313e+01   1.6174e+00   0.0000e+00   2.1829e-04   3.7441e+02
20251205_03:00:00   1.4007e-01   3.7572e+01   1.6241e+00   0.0000e+00   6.6248e-06   3.7754e+02
20251205_04:00:00   1.4425e-01   3.8454e+01   1.7640e+00   0.0000e+00   3.2596e-06   3.7833e+02
20251205_05:00:00   1.5391e-01   4.0502e+01   1.9824e+00   0.0000e+00   8.8110e-07   3.7921e+02
20251205_06:00:00   1.6290e-01   4.2430e+01   2.1904e+00   0.0000e+00   3.5120e-07   3.7770e+02
20251205_07:00:00   1.7291e-01   4.4582e+01   2.4063e+00   0.0000e+00   0.0000e+00   3.7215e+02
20251205_08:00:00   1.8690e-01   4.7536e+01   2.6872e+00   0.0000e+00   0.0000e+00   3.7062e+02
20251205_09:00:00   2.0263e-01   5.0796e+01   2.9868e+00   0.0000e+00   0.0000e+00   3.6880e+02
20251205_10:00:00   2.1699e-01   5.3726e+01   3.2370e+00   0.0000e+00   0.0000e+00   3.6917e+02
20251205_11:00:00   2.3311e-01   5.6992e+01   3.5213e+00   0.0000e+00   1.2010e-06   3.6883e+02
20251205_12:00:00   2.3709e-01   5.7769e+01   3.6085e+00   0.0000e+00   1.5559e-04   3.6607e+02
20251205_13:00:00   1.7836e-01   4.5940e+01   2.5222e+00   0.0000e+00   1.5735e-05   3.6523e+02
20251205_14:00:00   1.6165e-01   4.2429e+01   2.2175e+00   0.0000e+00   1.6642e-04   3.5829e+02
20251205_15:00:00   1.5942e-01   4.1999e+01   2.1720e+00   0.0000e+00   4.5437e-04   3.4885e+02
20251205_16:00:00   1.6100e-01   4.2404e+01   2.1860e+00   0.0000e+00   9.2518e-04   3.4254e+02
20251205_17:00:00   1.6853e-01   4.4113e+01   2.2968e+00   0.0000e+00   2.1592e-03   3.4106e+02
20251205_18:00:00   1.8285e-01   4.7250e+01   2.5354e+00   0.0000e+00   2.4075e-03   3.4194e+02
20251205_19:00:00   2.1034e-01   5.3030e+01   2.9858e+00   0.0000e+00   2.9811e-03   3.4145e+02
20251205_20:00:00   2.3852e-01   5.8846e+01   3.4175e+00   0.0000e+00   6.9675e-03   3.4251e+02
20251205_21:00:00   2.5460e-01   6.2116e+01   3.6543e+00   0.0000e+00   1.1752e-02   3.4145e+02
20251205_22:00:00   2.5873e-01   6.3002e+01   3.7211e+00   0.0000e+00   2.8117e-02   3.4045e+02
20251205_23:00:00   2.6552e-01   6.4399e+01   3.8361e+00   0.0000e+00   3.7718e-02   3.3623e+02
20251206_00:00:00   2.8627e-01   6.8501e+01   4.1517e+00   0.0000e+00   3.8601e-02   3.3468e+02
20251206_01:00:00   3.0467e-01   7.2073e+01   4.4309e+00   0.0000e+00   3.4944e-02   3.3392e+02
20251206_02:00:00   3.0398e-01   7.2002e+01   4.4316e+00   0.0000e+00   2.2847e-02   3.3427e+02
20251206_03:00:00   3.2130e-01   7.5306e+01   4.6977e+00   0.0000e+00   8.8770e-03   3.3531e+02
20251206_04:00:00   3.4905e-01   8.0525e+01   5.1016e+00   0.0000e+00   6.2788e-04   3.3227e+02
20251206_05:00:00   3.7167e-01   8.4821e+01   5.3905e+00   0.0000e+00   2.0756e-05   3.3018e+02
20251206_06:00:00   3.9666e-01   8.9458e+01   5.6556e+00   0.0000e+00   1.8660e-04   3.2573e+02
20251206_07:00:00   3.9617e-01   8.9539e+01   5.6433e+00   0.0000e+00   4.4536e-05   3.2189e+02
20251206_08:00:00   3.9709e-01   8.9704e+01   5.6930e+00   0.0000e+00   7.1862e-04   3.2252e+02
20251206_09:00:00   3.9501e-01   8.9386e+01   5.6993e+00   0.0000e+00   2.4523e-03   3.2274e+02
20251206_10:00:00   4.2455e-01   9.4334e+01   6.1921e+00   0.0000e+00   8.7298e-03   3.1978e+02
20251206_11:00:00   4.5948e-01   1.0016e+02   6.7699e+00   0.0000e+00   1.5421e-02   3.1653e+02
20251206_12:00:00   5.0072e-01   1.0678e+02   7.4385e+00   1.7416e-04   2.1510e-02   3.1625e+02
20251206_13:00:00   5.3749e-01   1.1256e+02   8.0560e+00   3.7640e-06   2.5282e-02   3.1468e+02
20251206_14:00:00   5.9824e-01   1.2172e+02   8.6803e+00   8.4578e-03   4.1360e-02   3.1224e+02
20251206_15:00:00   7.7271e-01   1.4518e+02   9.3296e+00   6.5167e-02   4.3596e-02   3.1259e+02
20251206_16:00:00   8.0028e-01   1.4875e+02   9.7370e+00   6.4163e-02   4.5134e-02   3.1200e+02
20251206_17:00:00   1.2404e+00   1.9162e+02   9.8749e+00   2.4734e-01   4.6884e-02   3.0971e+02
20251206_18:00:00   1.2241e+00   1.9078e+02   9.7621e+00   2.4096e-01   6.2720e-02   3.0986e+02
20251206_19:00:00   1.0844e+00   1.7919e+02   9.7145e+00   1.8306e-01   6.1706e-02   3.0961e+02
20251206_20:00:00   9.1968e-01   1.6288e+02   1.0026e+01   1.0531e-01   9.2046e-02   3.1121e+02
20251206_21:00:00   8.2183e-01   1.5172e+02   9.9828e+00   6.5524e-02   1.5563e-01   3.1214e+02
20251206_22:00:00   7.0119e-01   1.3650e+02   9.7980e+00   1.9917e-02   2.1694e-01   3.1252e+02
20251206_23:00:00   6.7794e-01   1.3334e+02   9.7863e+00   9.2838e-03   1.9063e-01   3.1254e+02
20251207_00:00:00   6.7373e-01   1.3286e+02   9.6875e+00   1.0271e-02   1.0867e-01   3.1493e+02
20251207_01:00:00   6.7394e-01   1.3301e+02   9.8550e+00   3.6724e-03   2.0787e-02   3.1522e+02
20251207_02:00:00   6.6980e-01   1.3277e+02   9.6227e+00   3.3671e-03   3.9313e-03   3.1733e+02
20251207_03:00:00   6.4523e-01   1.2968e+02   8.9787e+00   9.2693e-03   2.1525e-04   3.1724e+02
20251207_04:00:00   6.3484e-01   1.2828e+02   8.6132e+00   1.5247e-02   6.4040e-05   3.1626e+02
20251207_05:00:00   6.2060e-01   1.2617e+02   8.5632e+00   1.1177e-02   1.5407e-04   3.1773e+02
20251207_06:00:00   5.7579e-01   1.1967e+02   8.2085e+00   2.7116e-03   5.9711e-05   3.2395e+02
20251207_07:00:00   5.2916e-01   1.1266e+02   7.6567e+00   0.0000e+00   1.8419e-05   3.2536e+02
20251207_08:00:00   4.8133e-01   1.0524e+02   6.9520e+00   0.0000e+00   6.7205e-06   3.2895e+02
20251207_09:00:00   4.4976e-01   1.0010e+02   6.4160e+00   0.0000e+00   8.7462e-06   3.2937e+02
20251207_10:00:00   4.1862e-01   9.4834e+01   5.9076e+00   0.0000e+00   5.1154e-06   3.2643e+02
20251207_11:00:00   4.0838e-01   9.2907e+01   5.7541e+00   0.0000e+00   6.1941e-06   3.2669e+02
20251207_12:00:00   3.9285e-01   9.0033e+01   5.5615e+00   5.5510e-05   8.2113e-05   3.2785e+02
20251207_13:00:00   3.9763e-01   9.0719e+01   5.6607e+00   1.4659e-05   7.2674e-04   3.2963e+02
20251207_14:00:00   4.0545e-01   9.1964e+01   5.8624e+00   0.0000e+00   7.2672e-03   3.2822e+02
20251207_15:00:00   4.0848e-01   9.2436e+01   5.9744e+00   0.0000e+00   1.1848e-02   3.2702e+02
20251207_16:00:00   4.1523e-01   9.3500e+01   6.1234e+00   0.0000e+00   3.8401e-02   3.3288e+02
20251207_17:00:00   4.3334e-01   9.6419e+01   6.4459e+00   0.0000e+00   5.1046e-02   3.3237e+02
20251207_18:00:00   4.5614e-01   1.0012e+02   6.8100e+00   0.0000e+00   1.8780e-02   3.3210e+02
20251207_19:00:00   4.7111e-01   1.0260e+02   6.9631e+00   7.2213e-04   2.4350e-02   3.2976e+02
20251207_20:00:00   4.9215e-01   1.0594e+02   7.1982e+00   2.3787e-03   7.9985e-03   3.2974e+02
20251207_21:00:00   4.8597e-01   1.0473e+02   7.1259e+00   1.7520e-03   3.3125e-03   3.2636e+02
20251207_22:00:00   4.5711e-01   9.9839e+01   6.6065e+00   6.0429e-03   1.4777e-03   3.2153e+02
20251207_23:00:00   4.2227e-01   9.3955e+01   6.1868e+00   3.0930e-03   8.1467e-05   3.2205e+02
20251208_00:00:00   3.9927e-01   8.9932e+01   5.9017e+00   0.0000e+00   2.9245e-05   3.2105e+02
20251208_01:00:00   4.0524e-01   9.0788e+01   5.9863e+00   0.0000e+00   1.1108e-04   3.1823e+02
20251208_02:00:00   4.2131e-01   9.3356e+01   6.2025e+00   0.0000e+00   2.0709e-03   3.2266e+02
20251208_03:00:00   4.4809e-01   9.7652e+01   6.5435e+00   0.0000e+00   8.3907e-03   3.2153e+02
20251208_04:00:00   4.5897e-01   9.9259e+01   6.6506e+00   0.0000e+00   1.2376e-02   3.2139e+02
20251208_05:00:00   4.2907e-01   9.4113e+01   6.1542e+00   0.0000e+00   1.1041e-02   3.2445e+02
20251208_06:00:00   3.8378e-01   8.6176e+01   5.4804e+00   0.0000e+00   2.7215e-03   3.2967e+02
20251208_07:00:00   3.2529e-01   7.5552e+01   4.5740e+00   0.0000e+00   1.0712e-04   3.3171e+02
20251208_08:00:00   2.5901e-01   6.2844e+01   3.5364e+00   0.0000e+00   4.6895e-06   3.3361e+02
20251208_09:00:00   1.9772e-01   5.0351e+01   2.5390e+00   0.0000e+00   3.5250e-07   3.4031e+02
20251208_10:00:00   1.6555e-01   4.3468e+01   1.9745e+00   0.0000e+00   2.8218e-06   3.4752e+02
20251208_11:00:00   1.5164e-01   4.0389e+01   1.7087e+00   0.0000e+00   7.7520e-06   3.6011e+02
20251208_12:00:00   1.3945e-01   3.7656e+01   1.5101e+00   0.0000e+00   8.6710e-06   3.6639e+02
20251208_13:00:00   1.3743e-01   3.7190e+01   1.4580e+00   0.0000e+00   4.6073e-05   3.6764e+02
20251208_14:00:00   1.3688e-01   3.7097e+01   1.4468e+00   0.0000e+00   8.9620e-06   3.6696e+02
20251208_15:00:00   1.3970e-01   3.7765e+01   1.5062e+00   0.0000e+00   5.8001e-06   3.6658e+02
20251208_16:00:00   1.4416e-01   3.8781e+01   1.5835e+00   0.0000e+00   2.8960e-08   3.6795e+02
20251208_17:00:00   1.5042e-01   4.0187e+01   1.6881e+00   0.0000e+00   0.0000e+00   3.7077e+02
20251208_18:00:00   1.5791e-01   4.1830e+01   1.8116e+00   0.0000e+00   0.0000e+00   3.7103e+02
20251208_21:00:00   1.6843e-01   4.4028e+01   2.0084e+00   0.0000e+00   0.0000e+00   3.6394e+02
20251209_00:00:00   1.7851e-01   4.5963e+01   2.2813e+00   0.0000e+00   0.0000e+00   3.6420e+02
20251209_03:00:00   1.8736e-01   4.7809e+01   2.4677e+00   0.0000e+00   0.0000e+00   3.6574e+02
20251209_06:00:00   2.3602e-01   5.7740e+01   3.2876e+00   0.0000e+00   7.4880e-06   3.6402e+02
20251209_09:00:00   2.1267e-01   5.3073e+01   2.9769e+00   0.0000e+00   6.0219e-04   3.6012e+02
20251209_12:00:00   2.4206e-01   5.8744e+01   3.6128e+00   0.0000e+00   1.8793e-02   3.6155e+02
20251209_15:00:00   2.5228e-01   6.0723e+01   3.8327e+00   0.0000e+00   6.5796e-02   3.6566e+02
20251209_18:00:00   3.2344e-01   7.4748e+01   4.8350e+00   0.0000e+00   1.1221e-01   3.6518e+02
20251209_21:00:00   4.4373e-01   9.6500e+01   6.5467e+00   0.0000e+00   2.4374e-02   3.5548e+02
20251210_00:00:00   6.7023e-01   1.3116e+02   9.5362e+00   4.2750e-04   3.8696e-01   3.9184e+02
20251210_03:00:00   7.1283e-01   1.3794e+02   9.9790e+00   4.6170e-03   5.7963e-02   4.0992e+02
20251210_06:00:00   7.0519e-01   1.3719e+02   9.7344e+00   8.9870e-03   5.0092e-02   3.9758e+02
20251210_09:00:00   5.6826e-01   1.1820e+02   8.2122e+00   0.0000e+00   1.6423e-02   3.7407e+02
20251210_12:00:00   4.9820e-01   1.0750e+02   7.3406e+00   0.0000e+00   4.2020e-02   3.5796e+02
20251210_15:00:00   5.0937e-01   1.0941e+02   7.6777e+00   0.0000e+00   3.1970e-03   3.5098e+02
20251210_18:00:00   5.3798e-01   1.1377e+02   8.3079e+00   6.6530e-04   1.3567e-03   3.4404e+02
20251210_21:00:00   5.5015e-01   1.1538e+02   8.6279e+00   0.0000e+00   7.8623e-03   3.4233e+02
20251211_00:00:00   5.9143e-01   1.2132e+02   9.4336e+00   0.0000e+00   1.1742e-01   3.4467e+02
20251211_03:00:00   6.8887e-01   1.3480e+02   1.0912e+01   0.0000e+00   1.7939e-02   3.4523e+02
20251211_06:00:00   7.7361e-01   1.4529e+02   1.1896e+01   2.0950e-05   3.9051e-01   3.4238e+02
20251211_09:00:00   9.8062e-01   1.6889e+02   1.3665e+01   2.4280e-02   5.4164e-01   3.3617e+02
20251211_12:00:00   3.1244e+00   2.5973e+02   1.3502e+01   9.1704e-01   4.0396e-01   3.3034e+02
20251211_15:00:00   3.4188e+00   2.6409e+02   1.3651e+01   1.0258e+00   5.3016e-01   3.2157e+02
20251211_18:00:00   1.4772e+00   2.1067e+02   1.0392e+01   3.1195e-01   8.6277e-03   3.3148e+02
20251211_21:00:00   6.2613e-01   1.2735e+02   8.6977e+00   8.9310e-03   1.8967e-04   3.2592e+02
20251212_00:00:00   6.6341e-01   1.3180e+02   9.5401e+00   0.0000e+00   2.1088e-02   3.1280e+02
20251212_03:00:00   6.2117e-01   1.2574e+02   9.0718e+00   0.0000e+00   2.8359e-04   3.1433e+02
20251212_06:00:00   5.7491e-01   1.1953e+02   8.3162e+00   0.0000e+00   6.6373e-05   3.1304e+02
20251212_09:00:00   5.3476e-01   1.1348e+02   7.6617e+00   0.0000e+00   1.3794e-04   3.0679e+02
20251212_12:00:00   4.4378e-01   9.8931e+01   6.2222e+00   0.0000e+00   1.1059e-05   3.0291e+02
20251212_15:00:00   3.6072e-01   8.4754e+01   4.9837e+00   0.0000e+00   5.8383e-06   2.9802e+02
20251212_18:00:00   3.3983e-01   8.0851e+01   4.7408e+00   0.0000e+00   5.3533e-06   2.9039e+02
20251212_21:00:00   3.4816e-01   8.2037e+01   5.1729e+00   0.0000e+00   2.6944e-03   2.8926e+02
20251213_00:00:00   3.6600e-01   8.4878e+01   5.9146e+00   0.0000e+00   4.9850e-06   2.8514e+02
20251213_03:00:00   4.2989e-01   9.5750e+01   7.3874e+00   0.0000e+00   3.9472e-03   2.8139e+02
20251213_06:00:00   6.0243e-01   1.2305e+02   1.0415e+01   0.0000e+00   1.0599e-02   2.7768e+02
20251213_09:00:00   8.8699e-01   1.6018e+02   1.4635e+01   8.7217e-04   7.7725e-02   2.7903e+02
20251213_12:00:00   3.1548e+00   2.6163e+02   1.8110e+01   8.2894e-01   1.1874e-02   2.7861e+02
20251213_15:00:00   3.5485e+00   2.6640e+02   2.0053e+01   9.1053e-01   7.3539e-02   2.7656e+02
20251213_18:00:00   1.1997e+00   1.9324e+02   1.6572e+01   3.0883e-02   6.8579e-04   2.7497e+02
20251213_21:00:00   9.0837e-01   1.6540e+02   1.2665e+01   2.7570e-02   5.3837e-03   2.7529e+02
20251214_00:00:00   7.2706e-01   1.4264e+02   1.1258e+01   1.0324e-03   8.8558e-02   2.7633e+02
20251214_03:00:00   6.6801e-01   1.3395e+02   1.0650e+01   0.0000e+00   1.7009e-01   2.7859e+02
20251214_06:00:00   6.5232e-01   1.3145e+02   1.0627e+01   0.0000e+00   6.8600e-03   2.7792e+02
20251214_09:00:00   6.8978e-01   1.3620e+02   1.1416e+01   0.0000e+00   7.1172e-03   2.7804e+02
20251214_12:00:00   8.8902e-01   1.6023e+02   1.3660e+01   2.0266e-02   1.1463e-01   2.7837e+02
20251214_15:00:00   2.6642e+00   2.5268e+02   1.8227e+01   6.3004e-01   1.4898e-01   2.7695e+02
20251214_18:00:00   3.6100e+00   2.6477e+02   2.0593e+01   9.3452e-01   5.4484e-01   2.7751e+02
20251214_21:00:00   3.7306e+00   2.6588e+02   2.0832e+01   9.7244e-01   3.5350e-01   2.7712e+02
20251215_00:00:00   4.3048e+00   2.6897e+02   2.0561e+01   1.2181e+00   1.2315e-01   2.8303e+02
20251215_03:00:00   4.1011e+00   2.6875e+02   2.0151e+01   1.1346e+00   3.8852e-02   2.7862e+02
20251215_06:00:00   2.7715e+00   2.5699e+02   1.8473e+01   6.2430e-01   5.1445e-03   2.8941e+02
20251215_09:00:00   1.6139e+00   2.2072e+02   1.5446e+01   2.2752e-01   1.0647e-03   2.8944e+02
20251215_12:00:00   1.3801e+00   2.0651e+02   1.4372e+01   1.6516e-01   7.5911e-03   2.8816e+02
20251215_15:00:00   1.4637e+00   2.1159e+02   1.4916e+01   1.9269e-01   3.6479e-02   2.9015e+02
20251215_18:00:00   2.5836e+00   2.5401e+02   1.7099e+01   5.8701e-01   4.0235e-02   2.9377e+02
20251215_21:00:00   2.4582e+00   2.5118e+02   1.8613e+01   4.9378e-01   3.4842e-02   2.8984e+02
20251216_00:00:00   3.9671e+00   2.6951e+02   2.0329e+01   1.0659e+00   9.9944e-03   2.8424e+02
20251216_03:00:00   4.8132e+00   2.7332e+02   2.3646e+01   1.3250e+00   8.8579e-02   2.7391e+02
20251216_06:00:00   6.7446e+00   2.7677e+02   2.5599e+01   2.0462e+00   1.9281e-01   2.7370e+02
20251216_09:00:00   4.0995e+00   2.7389e+02   2.6765e+01   9.1692e-01   5.4131e-02   2.7771e+02
20251216_12:00:00   2.4686e+00   2.5685e+02   2.7155e+01   2.5351e-01   6.3604e-01   2.7855e+02
20251216_15:00:00   3.1899e+00   2.6842e+02   2.5824e+01   6.0086e-01   2.5581e-01   2.8399e+02
20251216_18:00:00   4.9886e-01   1.0911e+02   8.9370e+00   0.0000e+00   2.4456e-01   2.8180e+02
20251216_21:00:00   5.4166e-01   1.1543e+02   8.9820e+00   0.0000e+00   2.6257e-01   2.8410e+02
20251217_00:00:00   4.3834e-01   9.8394e+01   6.7025e+00   0.0000e+00   8.3820e-02   2.9264e+02
20251217_03:00:00   3.7081e-01   8.6023e+01   5.1754e+00   0.0000e+00   6.1374e-05   3.1130e+02
20251217_06:00:00   4.4489e-01   9.7943e+01   6.0208e+00   1.8069e-04   1.2143e-02   3.2216e+02
20251217_09:00:00   2.6599e-01   6.4672e+01   3.7229e+00   0.0000e+00   7.7147e-06   3.1946e+02
20251217_12:00:00   1.7555e-01   4.5948e+01   2.3040e+00   0.0000e+00   3.7128e-03   3.2153e+02
20251217_15:00:00   1.9182e-01   4.9402e+01   2.6876e+00   0.0000e+00   3.6263e-03   3.1584e+02
20251217_18:00:00   2.2728e-01   5.6719e+01   3.3647e+00   0.0000e+00   2.5684e-02   3.0398e+02
20251217_21:00:00   2.9056e-01   6.8816e+01   4.6261e+00   0.0000e+00   2.5898e-01   2.8593e+02
20251218_00:00:00   2.7073e-01   6.5062e+01   4.3966e+00   0.0000e+00   1.6832e-02   3.0011e+02
20251218_03:00:00   2.2694e-01   5.6346e+01   3.6351e+00   0.0000e+00   3.4642e-03   3.0618e+02
20251218_06:00:00   2.6131e-01   6.3420e+01   4.0652e+00   0.0000e+00   7.2287e-04   3.1133e+02
20251218_09:00:00   2.8719e-01   6.8370e+01   4.5197e+00   0.0000e+00   8.4979e-03   3.0154e+02
20251218_12:00:00   3.2567e-01   7.5602e+01   5.2682e+00   0.0000e+00   1.3697e-02   2.9066e+02
20251218_15:00:00   4.1215e-01   9.1359e+01   6.6677e+00   0.0000e+00   9.4706e-03   2.7839e+02
20251218_18:00:00   5.1175e-01   1.0808e+02   8.2790e+00   0.0000e+00   3.7354e-02   2.7565e+02
20251218_21:00:00   7.9756e-01   1.4738e+02   1.2542e+01   2.4020e-06   1.3623e-01   2.7563e+02
20251219_00:00:00   8.7765e-01   1.5667e+02   1.3630e+01   0.0000e+00   3.1737e-01   2.7800e+02
20251219_03:00:00   8.5834e-01   1.5496e+02   1.3104e+01   5.0997e-04   2.4301e-01   2.7963e+02
20251219_06:00:00   8.2739e-01   1.5155e+02   1.2438e+01   2.4575e-03   2.8527e-01   2.8091e+02
20251219_09:00:00   6.1914e-01   1.2521e+02   9.1668e+00   0.0000e+00   1.1706e-03   2.9823e+02
20251219_12:00:00   4.2984e-01   9.6099e+01   5.9366e+00   7.6370e-06   4.7391e-04   3.0583e+02
20251219_15:00:00   3.9731e-01   9.0239e+01   5.4439e+00   0.0000e+00   4.7913e-04   3.1620e+02
20251219_18:00:00   3.6953e-01   8.5063e+01   4.9855e+00   0.0000e+00   1.1047e-03   3.1815e+02
