#            date       tau255        Tb[K]      pwv[mm] lwp[kg*m^-2] iwp[kg*m^-2]       o3[DU]
20251204_12:00:00   1.1400e+00   1.8453e+02   1.7591e+01   8.1561e-03   4.7071e-02   3.0782e+02
20251204_13:00:00   1.1617e+00   1.8628e+02   1.7757e+01   1.2445e-02   8.7767e-02   3.0634e+02
20251204_14:00:00   1.1556e+00   1.8582e+02   1.7784e+01   8.9539e-03   4.7938e-02   3.0431e+02
20251204_15:00:00   1.1553e+00   1.8585e+02   1.7795e+01   8.9137e-03   5.0892e-02   3.0334e+02
20251204_16:00:00   1.1521e+00   1.8562e+02   1.7770e+01   8.8069e-03   3.9399e-02   3.0344e+02
20251204_17:00:00   1.1619e+00   1.8646e+02   1.7808e+01   1.0285e-02   1.1379e-01   3.0212e+02
20251204_18:00:00   1.1515e+00   1.8568e+02   1.7759e+01   6.9523e-03   1.0101e-01   3.0049e+02
20251204_19:00:00   1.1660e+00   1.8691e+02   1.7822e+01   9.2270e-03   1.4553e-01   3.0413e+02
20251204_20:00:00   1.1640e+00   1.8682e+02   1.7870e+01   4.1356e-03   2.3484e-01   3.0333e+02
20251204_21:00:00   1.1529e+00   1.8593e+02   1.7633e+01   7.0787e-03   8.9333e-02   3.0312e+02
20251204_22:00:00   1.1045e+00   1.8200e+02   1.6988e+01   4.3294e-03   5.9792e-03   3.0669e+02
20251204_23:00:00   1.1025e+00   1.8186e+02   1.6708e+01   9.4440e-03   1.1220e-02   3.0513e+02
20251205_00:00:00   1.0997e+00   1.8164e+02   1.6356e+01   1.7506e-02   7.5271e-03   3.0309e+02
20251205_01:00:00   1.0759e+00   1.7952e+02   1.5870e+01   1.7626e-02   2.1500e-04   3.0448e+02
20251205_02:00:00   1.0795e+00   1.7983e+02   1.5589e+01   2.4500e-02   1.9770e-03   3.0432e+02
20251205_03:00:00   1.0561e+00   1.7770e+02   1.5401e+01   1.9124e-02   2.0174e-03   3.0540e+02
20251205_04:00:00   1.0114e+00   1.7359e+02   1.4874e+01   1.1513e-02   1.0240e-03   3.0764e+02
20251205_05:00:00   9.8256e-01   1.7091e+02   1.4333e+01   1.0252e-02   3.4419e-03   3.0750e+02
20251205_06:00:00   9.6788e-01   1.6947e+02   1.4167e+01   7.1020e-03   3.9286e-03   3.0675e+02
20251205_07:00:00   9.4388e-01   1.6707e+02   1.3980e+01   2.0560e-03   2.3748e-03   3.0803e+02
20251205_08:00:00   9.2886e-01   1.6559e+02   1.3827e+01   8.0640e-04   1.0778e-03   3.0895e+02
20251205_09:00:00   9.0772e-01   1.6340e+02   1.3556e+01   0.0000e+00   3.2085e-05   3.0969e+02
20251205_10:00:00   8.8818e-01   1.6121e+02   1.3290e+01   0.0000e+00   2.3395e-04   3.1084e+02
20251205_11:00:00   8.7460e-01   1.5958e+02   1.3090e+01   0.0000e+00   2.2936e-03   3.1013e+02
20251205_12:00:00   8.8749e-01   1.6083e+02   1.3335e+01   0.0000e+00   1.0922e-02   3.0917e+02
20251205_13:00:00   9.8786e-01   1.7092e+02   1.5058e+01   1.9016e-03   5.8899e-02   3.1038e+02
20251205_14:00:00   1.1739e+00   1.8778e+02   1.6346e+01   4.2939e-02   7.4548e-02   3.1456e+02
20251205_15:00:00   1.5104e+00   2.1159e+02   1.6427e+01   1.8005e-01   8.3110e-02   3.1421e+02
20251205_16:00:00   1.8502e+00   2.2868e+02   1.5968e+01   3.3282e-01   1.3173e-01   3.1539e+02
20251205_17:00:00   2.0034e+00   2.3456e+02   1.6766e+01   3.8025e-01   1.8086e-01   3.1807e+02
20251205_18:00:00   1.8910e+00   2.3015e+02   1.6979e+01   3.2617e-01   3.0032e-01   3.2129e+02
20251205_19:00:00   1.6514e+00   2.1930e+02   1.7047e+01   2.2590e-01   1.4809e-01   3.2341e+02
20251205_20:00:00   1.3509e+00   2.0137e+02   1.6891e+01   1.0275e-01   2.3200e-01   3.2864e+02
20251205_21:00:00   1.2723e+00   1.9594e+02   1.6472e+01   8.1840e-02   5.3575e-02   3.2820e+02
20251205_22:00:00   1.1769e+00   1.8890e+02   1.5313e+01   6.3754e-02   5.4129e-02   3.2945e+02
20251205_23:00:00   1.0617e+00   1.7911e+02   1.4470e+01   3.9181e-02   1.3729e-02   3.2795e+02
20251206_00:00:00   9.7914e-01   1.7129e+02   1.3756e+01   2.5506e-02   4.8134e-03   3.2425e+02
20251206_01:00:00   9.1112e-01   1.6430e+02   1.2960e+01   1.9402e-02   2.1224e-04   3.2011e+02
20251206_02:00:00   9.7214e-01   1.7058e+02   1.3532e+01   2.6368e-02   3.0731e-03   3.1867e+02
20251206_03:00:00   1.1025e+00   1.8291e+02   1.3779e+01   7.0244e-02   1.5798e-02   3.2032e+02
20251206_04:00:00   1.0364e+00   1.7688e+02   1.3306e+01   5.4983e-02   9.6015e-03   3.2561e+02
20251206_05:00:00   1.1052e+00   1.8334e+02   1.3315e+01   8.3426e-02   8.0911e-04   3.3026e+02
20251206_06:00:00   1.0806e+00   1.8119e+02   1.3117e+01   7.7326e-02   1.1004e-04   3.3423e+02
20251206_07:00:00   1.1075e+00   1.8352e+02   1.3522e+01   7.7300e-02   5.1445e-04   3.3847e+02
20251206_08:00:00   1.0384e+00   1.7709e+02   1.3606e+01   4.6749e-02   3.2731e-03   3.3972e+02
20251206_09:00:00   9.8222e-01   1.7165e+02   1.3242e+01   3.2182e-02   6.4082e-05   3.3742e+02
20251206_10:00:00   9.0094e-01   1.6322e+02   1.2643e+01   1.6409e-02   1.1802e-03   3.3258e+02
20251206_11:00:00   8.6694e-01   1.5961e+02   1.2326e+01   1.3749e-02   6.6663e-05   3.2575e+02
20251206_12:00:00   8.5916e-01   1.5882e+02   1.2212e+01   1.5532e-02   1.8383e-04   3.2484e+02
20251206_13:00:00   9.0522e-01   1.6375e+02   1.2549e+01   2.5767e-02   3.2865e-03   3.2377e+02
20251206_14:00:00   9.2450e-01   1.6562e+02   1.2740e+01   2.7695e-02   3.8395e-03   3.2151e+02
20251206_15:00:00   9.3004e-01   1.6606e+02   1.2790e+01   2.8578e-02   3.3967e-03   3.2174e+02
20251206_16:00:00   9.3498e-01   1.6651e+02   1.2908e+01   2.7022e-02   6.8322e-03   3.2403e+02
20251206_17:00:00   9.8219e-01   1.7144e+02   1.3070e+01   4.0957e-02   2.1324e-02   3.2364e+02
20251206_18:00:00   9.6705e-01   1.7003e+02   1.2932e+01   3.7054e-02   2.0967e-02   3.2530e+02
20251206_19:00:00   8.7026e-01   1.5994e+02   1.2311e+01   1.1548e-02   1.2476e-02   3.2496e+02
20251206_20:00:00   8.0488e-01   1.5274e+02   1.1581e+01   1.3038e-03   4.3915e-03   3.2510e+02
20251206_21:00:00   7.8974e-01   1.5112e+02   1.1424e+01   3.0290e-04   1.5864e-03   3.2230e+02
20251206_22:00:00   7.9250e-01   1.5140e+02   1.1561e+01   0.0000e+00   8.7360e-06   3.2021e+02
20251206_23:00:00   8.1003e-01   1.5337e+02   1.1831e+01   0.0000e+00   5.2790e-06   3.1904e+02
20251207_00:00:00   8.0144e-01   1.5219e+02   1.1713e+01   0.0000e+00   3.3032e-03   3.1884e+02
20251207_01:00:00   7.9606e-01   1.5157e+02   1.1535e+01   5.8880e-04   5.4485e-03   3.1751e+02
20251207_02:00:00   7.8957e-01   1.5077e+02   1.1383e+01   2.2649e-03   1.3208e-03   3.1757e+02
20251207_03:00:00   8.0446e-01   1.5261e+02   1.1332e+01   9.1570e-03   3.8788e-04   3.1737e+02
20251207_04:00:00   7.7038e-01   1.4855e+02   1.0870e+01   9.0754e-03   1.6672e-03   3.1686e+02
20251207_05:00:00   7.5459e-01   1.4665e+02   1.0579e+01   8.6050e-03   3.0358e-03   3.1976e+02
20251207_06:00:00   7.5274e-01   1.4629e+02   1.0654e+01   5.4110e-03   7.0248e-03   3.2080e+02
20251207_07:00:00   7.4147e-01   1.4477e+02   1.0702e+01   8.3061e-04   7.6331e-03   3.2415e+02
20251207_08:00:00   7.2340e-01   1.4239e+02   1.0513e+01   2.6420e-05   6.1724e-03   3.2646e+02
20251207_09:00:00   7.2313e-01   1.4220e+02   1.0555e+01   5.5700e-05   4.2417e-03   3.2602e+02
20251207_10:00:00   7.3878e-01   1.4406e+02   1.0787e+01   5.0700e-05   1.8062e-03   3.2475e+02
20251207_11:00:00   7.3531e-01   1.4344e+02   1.0794e+01   5.6000e-05   2.7399e-03   3.2367e+02
20251207_12:00:00   7.6959e-01   1.4748e+02   1.1430e+01   4.9280e-05   4.1951e-03   3.2475e+02
20251207_13:00:00   8.2345e-01   1.5357e+02   1.2526e+01   1.0856e-05   4.8826e-03   3.2650e+02
20251207_14:00:00   8.6265e-01   1.5804e+02   1.3019e+01   0.0000e+00   7.4123e-03   3.2893e+02
20251207_15:00:00   9.1955e-01   1.6412e+02   1.3549e+01   8.3860e-03   9.9776e-03   3.3402e+02
20251207_16:00:00   9.4705e-01   1.6692e+02   1.4141e+01   1.0998e-03   4.3090e-02   3.3975e+02
20251207_17:00:00   1.0462e+00   1.7704e+02   1.4224e+01   3.6221e-02   5.1042e-02   3.4028e+02
20251207_18:00:00   1.2659e+00   1.9567e+02   1.4651e+01   1.1757e-01   7.3639e-02   3.3927e+02
20251207_19:00:00   1.4053e+00   2.0568e+02   1.4889e+01   1.6887e-01   2.6092e-02   3.4103e+02
20251207_20:00:00   1.5367e+00   2.1377e+02   1.6004e+01   1.9179e-01   1.6654e-01   3.3917e+02
20251207_21:00:00   1.5272e+00   2.1343e+02   1.5397e+01   2.0059e-01   2.5565e-02   3.4393e+02
20251207_22:00:00   1.4330e+00   2.0786e+02   1.5141e+01   1.6264e-01   3.4817e-02   3.4070e+02
20251207_23:00:00   1.6352e+00   2.1969e+02   1.4687e+01   2.5626e-01   1.0986e-02   3.3240e+02
20251208_00:00:00   1.5121e+00   2.1300e+02   1.4544e+01   2.0889e-01   2.5465e-03   3.2994e+02
20251208_01:00:00   1.4206e+00   2.0747e+02   1.3956e+01   1.8415e-01   7.8525e-04   3.3427e+02
20251208_02:00:00   1.6059e+00   2.1804e+02   1.5490e+01   2.2242e-01   1.6873e-01   3.3330e+02
20251208_03:00:00   1.4771e+00   2.1090e+02   1.4530e+01   1.9047e-01   6.0836e-02   3.2295e+02
20251208_04:00:00   9.9785e-01   1.7374e+02   1.2262e+01   5.3446e-02   9.7724e-05   3.2493e+02
20251208_05:00:00   8.9118e-01   1.6266e+02   1.1692e+01   2.5383e-02   1.6975e-05   3.2301e+02
20251208_06:00:00   8.2552e-01   1.5505e+02   1.1239e+01   1.1941e-02   1.1129e-04   3.2173e+02
20251208_07:00:00   8.1664e-01   1.5389e+02   1.1535e+01   4.2109e-03   1.1561e-03   3.2103e+02
20251208_08:00:00   8.5530e-01   1.5812e+02   1.2340e+01   6.0306e-03   5.5710e-03   3.1557e+02
20251208_09:00:00   9.1135e-01   1.6418e+02   1.3212e+01   1.1168e-02   2.4923e-02   3.0954e+02
20251208_10:00:00   9.8052e-01   1.7134e+02   1.3659e+01   3.0026e-02   9.1045e-02   3.0835e+02
20251208_11:00:00   9.8670e-01   1.7177e+02   1.4138e+01   2.3218e-02   1.3331e-01   3.0778e+02
20251208_12:00:00   1.0153e+00   1.7435e+02   1.4721e+01   2.3420e-02   1.4347e-01   3.1189e+02
20251208_13:00:00   1.0186e+00   1.7433e+02   1.4815e+01   2.7839e-02   1.6530e-01   3.1503e+02
20251208_14:00:00   1.0505e+00   1.7708e+02   1.5581e+01   2.5355e-02   6.5816e-02   3.1772e+02
20251208_15:00:00   1.1047e+00   1.8213e+02   1.6259e+01   2.5465e-02   7.1161e-02   3.1859e+02
20251208_16:00:00   1.1040e+00   1.8222e+02   1.6450e+01   1.8346e-02   2.3896e-02   3.1471e+02
20251208_17:00:00   1.1816e+00   1.8887e+02   1.7356e+01   2.5441e-02   3.2693e-02   3.1635e+02
20251208_18:00:00   1.2671e+00   1.9577e+02   1.8060e+01   4.4001e-02   6.7503e-02   3.2182e+02
20251208_19:00:00   1.3000e+00   1.9828e+02   1.8840e+01   3.4775e-02   1.5815e-01   3.2052e+02
20251208_20:00:00   1.3643e+00   2.0297e+02   1.9333e+01   4.3975e-02   2.1412e-01   3.2110e+02
20251208_21:00:00   1.5282e+00   2.1385e+02   1.9568e+01   1.0431e-01   1.9565e-01   3.1991e+02
20251208_22:00:00   1.8897e+00   2.3219e+02   1.9650e+01   2.5260e-01   6.0096e-02   3.1817e+02
20251208_23:00:00   2.1553e+00   2.4200e+02   1.9371e+01   3.7024e-01   2.4048e-02   3.1433e+02
20251209_00:00:00   2.0085e+00   2.3723e+02   1.9003e+01   3.1720e-01   1.1380e-02   3.1353e+02
20251209_01:00:00   1.8554e+00   2.3126e+02   1.9414e+01   2.4359e-01   4.5701e-02   3.1837e+02
20251209_02:00:00   1.7095e+00   2.2487e+02   1.9498e+01   1.7996e-01   4.0844e-02   3.2213e+02
20251209_03:00:00   1.6544e+00   2.2224e+02   2.0081e+01   1.4294e-01   1.0400e-01   3.1944e+02
20251209_04:00:00   1.5692e+00   2.1772e+02   2.0514e+01   9.8012e-02   2.1483e-01   3.1356e+02
20251209_05:00:00   1.5640e+00   2.1749e+02   2.0393e+01   9.5445e-02   2.5869e-01   3.1170e+02
20251209_06:00:00   1.4832e+00   2.1252e+02   2.0391e+01   6.0966e-02   2.3543e-01   3.0988e+02
20251209_07:00:00   1.2539e+00   1.9695e+02   1.8162e+01   2.9686e-02   4.7905e-02   3.1044e+02
20251209_08:00:00   1.0427e+00   1.7886e+02   1.5941e+01   6.9370e-03   2.8496e-02   3.1659e+02
20251209_09:00:00   8.8394e-01   1.6247e+02   1.3636e+01   6.2532e-03   2.1991e-02   3.1659e+02
20251209_10:00:00   8.1727e-01   1.5452e+02   1.2641e+01   5.0010e-03   1.4492e-02   3.1968e+02
20251209_11:00:00   6.9626e-01   1.3891e+02   1.0729e+01   3.5080e-03   1.2625e-02   3.2685e+02
20251209_12:00:00   5.3644e-01   1.1589e+02   8.1867e+00   9.3780e-05   3.2681e-03   3.3417e+02
20251209_15:00:00   4.9430e-01   1.0840e+02   7.6327e+00   0.0000e+00   5.6549e-03   3.2819e+02
20251209_18:00:00   5.6169e-01   1.1884e+02   8.5938e+00   0.0000e+00   6.0881e-03   3.2656e+02
20251209_21:00:00   5.9357e-01   1.2397e+02   9.1599e+00   0.0000e+00   7.7511e-02   3.2391e+02
20251210_00:00:00   6.6393e-01   1.3373e+02   1.0386e+01   0.0000e+00   1.3281e-02   3.2063e+02
20251210_03:00:00   7.6337e-01   1.4614e+02   1.2117e+01   0.0000e+00   4.4953e-02   3.1443e+02
20251210_06:00:00   9.6541e-01   1.6813e+02   1.5336e+01   0.0000e+00   2.6246e-01   3.1178e+02
20251210_09:00:00   1.2831e+00   1.9603e+02   1.8127e+01   4.7243e-02   3.6744e-01   3.2077e+02
20251210_12:00:00   2.0243e+00   2.3569e+02   1.8998e+01   3.3475e-01   7.6554e-01   3.2527e+02
20251210_15:00:00   1.2836e+00   1.9613e+02   1.8618e+01   3.7497e-02   5.4377e-01   3.2682e+02
20251210_18:00:00   8.4736e-01   1.5730e+02   1.2069e+01   1.5891e-02   9.5760e-03   3.3940e+02
20251210_21:00:00   5.5504e-01   1.1977e+02   6.8563e+00   2.9670e-02   5.5270e-06   3.4540e+02
20251211_00:00:00   4.5621e-01   1.0318e+02   6.4588e+00   3.3440e-04   2.8560e-07   3.4657e+02
20251211_03:00:00   4.1516e-01   9.5339e+01   5.8244e+00   4.7420e-04   4.8980e-06   3.4626e+02
20251211_06:00:00   4.2296e-01   9.6113e+01   6.0513e+00   0.0000e+00   7.8940e-03   3.4656e+02
20251211_09:00:00   5.0725e-01   1.0920e+02   7.6708e+00   0.0000e+00   2.4823e-02   3.4354e+02
20251211_12:00:00   5.5091e-01   1.1555e+02   8.4213e+00   0.0000e+00   1.5090e-02   3.3668e+02
20251211_15:00:00   5.6330e-01   1.1718e+02   8.7088e+00   0.0000e+00   2.4718e-03   3.3639e+02
20251211_18:00:00   6.8089e-01   1.3368e+02   1.0781e+01   0.0000e+00   1.6309e-02   3.3446e+02
20251211_21:00:00   7.8104e-01   1.4658e+02   1.2451e+01   0.0000e+00   8.9264e-03   3.2317e+02
20251212_00:00:00   8.8673e-01   1.5846e+02   1.4030e+01   0.0000e+00   2.6725e-01   3.2204e+02
20251212_03:00:00   1.0394e+00   1.7405e+02   1.6141e+01   0.0000e+00   4.0322e-01   3.1998e+02
20251212_06:00:00   1.1158e+00   1.8147e+02   1.7362e+01   0.0000e+00   4.5706e-01   3.2110e+02
20251212_09:00:00   1.2570e+00   1.9373e+02   1.7485e+01   5.5876e-02   3.0490e-01   3.2194e+02
20251212_12:00:00   1.7877e+00   2.2606e+02   1.7016e+01   2.8442e-01   1.5319e-01   3.2137e+02
20251212_15:00:00   2.3000e+00   2.4517e+02   1.8281e+01   4.5864e-01   9.9627e-02   3.1743e+02
20251212_18:00:00   2.6486e+00   2.5389e+02   1.9306e+01   5.7852e-01   5.0943e-02   3.2187e+02
20251212_21:00:00   1.9304e+00   2.3497e+02   1.9443e+01   2.6722e-01   2.6016e-02   3.1668e+02
20251213_00:00:00   1.6635e+00   2.2307e+02   1.8578e+01   1.7637e-01   4.4036e-02   3.1624e+02
20251213_03:00:00   9.7533e-01   1.7132e+02   1.4023e+01   2.7091e-02   9.4071e-02   3.3965e+02
20251213_06:00:00   6.1173e-01   1.2705e+02   8.4095e+00   1.0296e-02   3.2224e-05   3.5159e+02
20251213_09:00:00   4.2095e-01   9.5001e+01   6.0525e+00   1.7144e-05   8.1430e-05   3.6259e+02
20251213_12:00:00   3.6508e-01   8.4547e+01   5.1477e+00   0.0000e+00   0.0000e+00   3.6488e+02
20251213_15:00:00   3.9743e-01   8.9909e+01   5.6416e+00   0.0000e+00   7.6247e-05   3.6450e+02
20251213_18:00:00   4.3339e-01   9.6436e+01   6.1453e+00   0.0000e+00   7.5935e-04   3.5478e+02
20251213_21:00:00   5.7114e-01   1.1820e+02   8.1230e+00   0.0000e+00   3.1362e-02   3.5618e+02
20251214_00:00:00   5.0368e-01   1.0823e+02   7.0294e+00   1.8351e-03   5.0184e-04   3.5913e+02
20251214_03:00:00   5.6539e-01   1.1689e+02   7.8005e+00   7.2420e-03   9.0754e-03   3.6462e+02
20251214_06:00:00   5.9280e-01   1.2072e+02   8.3463e+00   3.4520e-04   8.9127e-03   3.6574e+02
20251214_09:00:00   6.1996e-01   1.2463e+02   8.1221e+00   1.9824e-02   1.7207e-02   3.5743e+02
20251214_12:00:00   6.7098e-01   1.3182e+02   8.4125e+00   3.2460e-02   4.8271e-03   3.5402e+02
20251214_15:00:00   7.7459e-01   1.4510e+02   9.1434e+00   5.5850e-02   4.0327e-02   3.4961e+02
20251214_18:00:00   9.2444e-01   1.6211e+02   1.0105e+01   9.3141e-02   2.2604e-01   3.4954e+02
20251214_21:00:00   7.7210e-01   1.4524e+02   1.0941e+01   4.5730e-05   4.8488e-01   3.4364e+02
20251215_00:00:00   8.8580e-01   1.5896e+02   1.1508e+01   3.4134e-02   3.1703e-01   3.4321e+02
20251215_03:00:00   8.5920e-01   1.5612e+02   1.2102e+01   3.9067e-03   5.7503e-01   3.4684e+02
20251215_06:00:00   1.4003e+00   2.0398e+02   1.1769e+01   2.4251e-01   2.5940e-01   3.4295e+02
20251215_09:00:00   7.4384e-01   1.4302e+02   9.1792e+00   4.1215e-02   4.0590e-03   3.4846e+02
20251215_12:00:00   5.1456e-01   1.1013e+02   7.2026e+00   5.1003e-03   1.0384e-02   3.5626e+02
20251215_15:00:00   5.1072e-01   1.0922e+02   7.1767e+00   2.5993e-03   5.2611e-04   3.5921e+02
20251215_18:00:00   4.5881e-01   1.0099e+02   6.5405e+00   2.2140e-05   3.7114e-03   3.5863e+02
20251215_21:00:00   4.7028e-01   1.0342e+02   6.6511e+00   0.0000e+00   2.6977e-05   3.5369e+02
20251216_00:00:00   4.5728e-01   1.0089e+02   6.5044e+00   0.0000e+00   2.0404e-04   3.4544e+02
20251216_03:00:00   4.3650e-01   9.7117e+01   6.1447e+00   1.9738e-04   9.1330e-04   3.3652e+02
20251216_06:00:00   4.7911e-01   1.0396e+02   6.5331e+00   6.0766e-03   2.5529e-03   3.3258e+02
20251216_09:00:00   4.6479e-01   1.0155e+02   6.5491e+00   4.4560e-04   9.4615e-04   3.2283e+02
20251216_12:00:00   5.8534e-01   1.2020e+02   7.2060e+00   3.2736e-02   1.0252e-02   3.2515e+02
20251216_15:00:00   6.0504e-01   1.2315e+02   8.5439e+00   2.1306e-03   5.1046e-02   3.2847e+02
20251216_18:00:00   6.8250e-01   1.3397e+02   9.5916e+00   2.6360e-03   1.9441e-01   3.2949e+02
20251216_21:00:00   6.8542e-01   1.3458e+02   9.6342e+00   3.8661e-03   5.9561e-02   3.3979e+02
20251217_00:00:00   9.8282e-01   1.6838e+02   1.1021e+01   9.4923e-02   1.3878e-01   3.5686e+02
20251217_03:00:00   1.4268e+00   2.0435e+02   1.1641e+01   2.6515e-01   4.0454e-01   3.5867e+02
20251217_06:00:00   5.1159e-01   1.0962e+02   7.2585e+00   3.8430e-04   4.9024e-02   3.7961e+02
20251217_09:00:00   4.9330e-01   1.0590e+02   6.9337e+00   3.3624e-03   9.9686e-03   3.8414e+02
20251217_12:00:00   5.9754e-01   1.2126e+02   7.8362e+00   1.9882e-02   1.6909e-01   4.1022e+02
20251217_15:00:00   5.1331e-01   1.0875e+02   7.0532e+00   6.4017e-03   3.3745e-02   4.1829e+02
20251217_18:00:00   5.0976e-01   1.0841e+02   6.6916e+00   1.1991e-02   2.5805e-03   4.2902e+02
20251217_21:00:00   5.2258e-01   1.1046e+02   7.3731e+00   1.5424e-04   6.0589e-02   4.3172e+02
20251218_00:00:00   5.3236e-01   1.1182e+02   7.3832e+00   1.9367e-03   1.4512e-03   4.2571e+02
20251218_03:00:00   5.8036e-01   1.1893e+02   7.3623e+00   2.2240e-02   5.5712e-03   4.2668e+02
20251218_06:00:00   5.5610e-01   1.1514e+02   7.6539e+00   2.8780e-03   1.9973e-02   4.2207e+02
20251218_09:00:00   5.3256e-01   1.1126e+02   7.4417e+00   4.3200e-04   6.2915e-03   4.2100e+02
20251218_12:00:00   5.3504e-01   1.1144e+02   7.5021e+00   1.2856e-05   3.2793e-02   4.2329e+02
20251218_15:00:00   5.6233e-01   1.1570e+02   7.7916e+00   0.0000e+00   4.5847e-02   4.2552e+02
20251218_18:00:00   4.9146e-01   1.0526e+02   6.7342e+00   0.0000e+00   1.0227e-04   4.2119e+02
20251218_21:00:00   4.5004e-01   9.9214e+01   6.0788e+00   0.0000e+00   1.7572e-05   4.1201e+02
20251219_00:00:00   3.9874e-01   9.0251e+01   5.3465e+00   0.0000e+00   1.3256e-05   4.1574e+02
20251219_03:00:00   3.5348e-01   8.1811e+01   4.6976e+00   0.0000e+00   4.0133e-05   4.2356e+02
20251219_06:00:00   3.2712e-01   7.6628e+01   4.3413e+00   0.0000e+00   3.0475e-03   4.0870e+02
20251219_09:00:00   3.2731e-01   7.6375e+01   4.4628e+00   0.0000e+00   1.4691e-02   4.0280e+02
20251219_12:00:00   3.7662e-01   8.4897e+01   5.4742e+00   0.0000e+00   1.8118e-02   3.8858e+02
20251219_15:00:00   4.4554e-01   9.6348e+01   6.8624e+00   0.0000e+00   1.1344e-02   3.8072e+02
20251219_18:00:00   5.2591e-01   1.0911e+02   8.4888e+00   0.0000e+00   6.9204e-02   3.7973e+02
20251219_21:00:00   6.8481e-01   1.3195e+02   1.1206e+01   0.0000e+00   5.0888e-01   3.6275e+02
20251220_00:00:00   8.2367e-01   1.4948e+02   1.3372e+01   0.0000e+00   5.8759e-01   3.4847e+02
20251220_03:00:00   8.9366e-01   1.5741e+02   1.4177e+01   0.0000e+00   7.6321e-01   3.5546e+02
20251220_06:00:00   8.5478e-01   1.5392e+02   1.2151e+01   2.7701e-02   2.2187e-01   3.6119e+02
20251220_09:00:00   8.9637e-01   1.5868e+02   1.4013e+01   3.3140e-04   1.7335e-01   3.4846e+02
20251220_12:00:00   8.7631e-01   1.5673e+02   1.3596e+01   1.8383e-03   4.9302e-02   3.3999e+02
