#            date       tau255        Tb[K]      pwv[mm] lwp[kg*m^-2] iwp[kg*m^-2]       o3[DU]
20251212_12:00:00   2.0519e+00   2.3945e+02   1.6659e+01   3.9415e-01   6.8904e-03   3.1743e+02
20251212_13:00:00   1.8716e+00   2.3263e+02   1.6450e+01   3.2384e-01   5.4411e-03   3.1590e+02
20251212_14:00:00   1.7196e+00   2.2583e+02   1.7074e+01   2.5185e-01   3.5121e-03   3.1419e+02
20251212_15:00:00   1.3220e+00   2.0208e+02   1.6193e+01   1.1092e-01   2.2830e-03   3.1487e+02
20251212_16:00:00   1.2354e+00   1.9554e+02   1.6320e+01   7.4210e-02   1.2151e-03   3.1033e+02
20251212_17:00:00   1.1459e+00   1.8844e+02   1.6580e+01   2.9156e-02   1.1396e-03   3.0398e+02
20251212_18:00:00   1.1161e+00   1.8600e+02   1.7335e+01   3.5508e-03   1.1453e-03   2.9951e+02
20251212_19:00:00   1.0819e+00   1.8316e+02   1.6913e+01   8.8295e-04   5.6489e-03   2.9997e+02
20251212_20:00:00   1.0881e+00   1.8397e+02   1.7030e+01   4.5000e-04   2.0414e-03   3.0204e+02
20251212_21:00:00   1.0535e+00   1.8105e+02   1.6349e+01   2.0860e-04   1.0853e-03   3.0492e+02
20251212_22:00:00   1.0546e+00   1.8126e+02   1.6402e+01   1.1770e-05   2.5090e-03   3.0826e+02
20251212_23:00:00   1.0697e+00   1.8270e+02   1.6291e+01   3.5380e-03   2.2068e-03   3.1084e+02
20251213_00:00:00   1.0624e+00   1.8191e+02   1.6261e+01   2.9180e-03   2.8138e-03   3.0543e+02
20251213_01:00:00   1.0405e+00   1.7999e+02   1.5884e+01   2.7940e-03   2.7541e-03   3.0443e+02
20251213_02:00:00   1.0534e+00   1.8118e+02   1.6196e+01   2.5580e-03   2.9505e-03   3.0061e+02
20251213_03:00:00   1.0660e+00   1.8231e+02   1.6488e+01   1.8360e-03   2.9507e-03   2.9442e+02
20251213_04:00:00   1.0859e+00   1.8422e+02   1.6983e+01   0.0000e+00   1.5921e-03   2.8602e+02
20251213_05:00:00   1.1134e+00   1.8683e+02   1.7448e+01   0.0000e+00   1.6090e-03   2.8502e+02
20251213_06:00:00   1.1546e+00   1.9030e+02   1.8261e+01   0.0000e+00   2.8917e-03   2.8421e+02
20251213_07:00:00   1.0932e+00   1.8522e+02   1.6936e+01   0.0000e+00   3.0048e-03   2.8330e+02
20251213_08:00:00   1.0842e+00   1.8429e+02   1.6659e+01   0.0000e+00   3.7901e-03   2.8199e+02
20251213_09:00:00   1.0732e+00   1.8314e+02   1.6466e+01   0.0000e+00   3.2699e-03   2.8175e+02
20251213_10:00:00   1.0493e+00   1.8094e+02   1.5987e+01   2.0690e-06   2.6564e-03   2.8415e+02
20251213_11:00:00   1.0234e+00   1.7842e+02   1.5541e+01   0.0000e+00   2.1509e-02   2.8296e+02
20251213_12:00:00   9.7805e-01   1.7398e+02   1.4746e+01   0.0000e+00   7.8218e-02   2.8077e+02
20251213_13:00:00   9.3409e-01   1.6944e+02   1.4078e+01   0.0000e+00   3.0088e-02   2.8138e+02
20251213_14:00:00   9.0729e-01   1.6649e+02   1.3686e+01   0.0000e+00   2.0799e-02   2.8125e+02
20251213_15:00:00   8.7324e-01   1.6267e+02   1.3159e+01   0.0000e+00   2.6325e-02   2.8321e+02
20251213_16:00:00   8.4336e-01   1.5927e+02   1.2626e+01   0.0000e+00   2.6538e-02   2.8279e+02
20251213_17:00:00   8.2164e-01   1.5686e+02   1.2192e+01   0.0000e+00   1.5254e-02   2.8223e+02
20251213_18:00:00   8.1189e-01   1.5582e+02   1.2070e+01   0.0000e+00   4.9309e-03   2.8217e+02
20251213_19:00:00   7.9682e-01   1.5420e+02   1.1869e+01   0.0000e+00   1.7964e-03   2.8093e+02
20251213_20:00:00   7.8616e-01   1.5311e+02   1.1692e+01   0.0000e+00   4.8623e-04   2.8266e+02
20251213_21:00:00   7.8186e-01   1.5276e+02   1.1632e+01   0.0000e+00   2.6756e-05   2.8246e+02
20251213_22:00:00   7.9148e-01   1.5402e+02   1.1775e+01   0.0000e+00   0.0000e+00   2.8284e+02
20251213_23:00:00   8.0905e-01   1.5610e+02   1.2059e+01   0.0000e+00   6.5320e-04   2.8375e+02
20251214_00:00:00   8.3525e-01   1.5890e+02   1.2618e+01   0.0000e+00   2.2704e-02   2.8239e+02
20251214_01:00:00   8.8870e-01   1.6460e+02   1.3678e+01   2.4950e-04   3.3619e-02   2.8493e+02
20251214_02:00:00   9.0689e-01   1.6657e+02   1.3914e+01   0.0000e+00   2.5890e-02   2.8798e+02
20251214_03:00:00   9.3673e-01   1.6962e+02   1.4387e+01   9.1280e-04   7.0523e-02   2.8815e+02
20251214_04:00:00   9.9157e-01   1.7489e+02   1.5552e+01   1.2430e-03   1.4527e-01   2.9126e+02
20251214_05:00:00   9.6799e-01   1.7258e+02   1.5209e+01   4.2958e-04   9.5231e-02   2.9375e+02
20251214_06:00:00   9.3949e-01   1.7004e+02   1.4469e+01   7.3463e-04   6.3723e-05   2.9617e+02
20251214_07:00:00   9.7676e-01   1.7371e+02   1.5297e+01   2.5796e-04   1.0491e-04   2.9684e+02
20251214_08:00:00   1.0338e+00   1.7911e+02   1.6397e+01   1.4123e-04   3.9001e-05   2.9768e+02
20251214_09:00:00   1.0379e+00   1.7949e+02   1.6363e+01   3.3653e-04   3.1325e-04   2.9957e+02
20251214_10:00:00   1.0566e+00   1.8107e+02   1.6755e+01   4.3127e-04   8.0464e-03   2.9973e+02
20251214_11:00:00   1.0948e+00   1.8443e+02   1.7379e+01   4.5780e-04   2.6221e-03   3.0074e+02
20251214_12:00:00   1.1854e+00   1.9183e+02   1.8959e+01   2.1484e-04   1.5446e-02   3.0048e+02
20251214_13:00:00   1.1892e+00   1.9207e+02   1.9042e+01   0.0000e+00   5.1946e-02   3.0043e+02
20251214_14:00:00   1.1734e+00   1.9084e+02   1.8725e+01   0.0000e+00   3.5940e-02   2.9860e+02
20251214_15:00:00   1.2129e+00   1.9395e+02   1.9283e+01   0.0000e+00   1.3326e-01   2.9772e+02
20251214_16:00:00   1.1338e+00   1.8758e+02   1.7993e+01   0.0000e+00   4.2167e-02   2.9862e+02
20251214_17:00:00   1.0728e+00   1.8210e+02   1.7023e+01   0.0000e+00   1.2354e-02   2.9681e+02
20251214_18:00:00   1.1180e+00   1.8609e+02   1.7679e+01   3.0520e-03   9.8951e-03   2.9487e+02
20251214_19:00:00   1.1367e+00   1.8796e+02   1.8191e+01   0.0000e+00   1.2301e-02   2.9400e+02
20251214_20:00:00   1.1622e+00   1.9014e+02   1.8599e+01   0.0000e+00   1.1646e-02   2.9482e+02
20251214_21:00:00   1.2074e+00   1.9398e+02   1.9245e+01   7.2440e-04   2.2048e-02   2.9596e+02
20251214_22:00:00   1.2325e+00   1.9607e+02   1.9670e+01   1.5140e-03   3.7731e-02   2.9783e+02
20251214_23:00:00   1.2912e+00   2.0055e+02   2.0549e+01   2.5860e-06   1.6205e-02   2.9761e+02
20251215_00:00:00   1.3579e+00   2.0512e+02   2.1370e+01   0.0000e+00   4.6236e-03   2.9721e+02
20251215_01:00:00   1.3697e+00   2.0582e+02   2.1402e+01   1.5712e-05   8.6896e-03   2.9719e+02
20251215_02:00:00   1.3831e+00   2.0666e+02   2.1377e+01   3.4305e-03   2.5880e-03   2.9691e+02
20251215_03:00:00   1.3626e+00   2.0536e+02   2.0803e+01   6.8222e-03   1.8856e-03   2.9582e+02
20251215_04:00:00   1.3392e+00   2.0373e+02   2.0616e+01   6.7620e-03   4.1282e-03   2.9378e+02
20251215_05:00:00   1.3581e+00   2.0498e+02   2.1159e+01   4.9796e-03   4.9485e-03   2.9342e+02
20251215_06:00:00   1.3788e+00   2.0647e+02   2.1340e+01   5.1857e-03   4.8545e-03   2.9359e+02
20251215_07:00:00   1.4321e+00   2.1018e+02   2.1699e+01   1.1088e-02   1.2587e-03   2.9264e+02
20251215_08:00:00   1.7808e+00   2.2927e+02   2.2415e+01   1.3446e-01   2.2108e-02   2.9138e+02
20251215_09:00:00   2.1979e+00   2.4506e+02   2.3060e+01   2.9131e-01   5.8967e-02   2.9034e+02
20251215_10:00:00   2.4584e+00   2.5186e+02   2.3339e+01   3.9142e-01   5.8116e-02   2.8967e+02
20251215_11:00:00   1.7564e+00   2.2830e+02   2.3602e+01   9.4472e-02   3.8873e-02   2.9104e+02
20251215_12:00:00   1.6826e+00   2.2464e+02   2.3851e+01   5.8315e-02   1.3945e-01   2.9095e+02
20251215_13:00:00   2.2412e+00   2.4610e+02   2.3730e+01   2.9209e-01   2.7485e-01   2.9163e+02
20251215_14:00:00   1.9100e+00   2.3491e+02   2.3287e+01   1.6716e-01   1.1106e-01   2.9255e+02
20251215_15:00:00   2.1231e+00   2.4259e+02   2.3455e+01   2.4858e-01   1.6542e-01   2.9131e+02
20251215_16:00:00   2.2266e+00   2.4589e+02   2.2490e+01   3.1183e-01   2.4698e-01   2.9214e+02
20251215_17:00:00   2.7434e+00   2.5773e+02   2.0635e+01   5.6314e-01   9.3997e-03   2.9339e+02
20251215_18:00:00   1.8371e+00   2.3191e+02   2.2681e+01   1.4067e-01   5.5706e-02   2.9491e+02
20251215_19:00:00   2.8132e+00   2.5918e+02   2.0964e+01   5.7515e-01   6.4482e-02   2.9779e+02
20251215_20:00:00   1.9307e+00   2.3635e+02   1.9665e+01   2.3969e-01   7.4768e-03   3.0377e+02
20251215_21:00:00   1.8920e+00   2.3506e+02   1.9941e+01   2.1824e-01   2.2128e-03   3.1011e+02
20251215_22:00:00   2.2081e+00   2.4637e+02   1.9910e+01   3.4383e-01   1.5408e-02   3.1853e+02
20251215_23:00:00   1.5481e+00   2.1863e+02   1.8280e+01   1.1842e-01   5.1711e-03   3.2347e+02
20251216_00:00:00   1.2865e+00   2.0162e+02   1.6230e+01   6.4211e-02   4.7667e-03   3.2920e+02
20251216_01:00:00   1.0407e+00   1.8072e+02   1.4756e+01   9.0777e-03   8.6903e-03   3.3354e+02
20251216_02:00:00   9.2843e-01   1.6925e+02   1.3600e+01   2.7256e-03   1.2847e-02   3.3585e+02
20251216_03:00:00   8.8954e-01   1.6501e+02   1.3174e+01   2.9805e-03   1.5926e-03   3.3714e+02
20251216_04:00:00   8.3244e-01   1.5833e+02   1.2700e+01   0.0000e+00   4.2935e-05   3.3852e+02
20251216_05:00:00   8.2362e-01   1.5697e+02   1.2722e+01   0.0000e+00   1.6814e-05   3.3848e+02
20251216_06:00:00   8.0977e-01   1.5498e+02   1.2442e+01   0.0000e+00   1.7780e-05   3.4158e+02
20251216_07:00:00   7.5806e-01   1.4862e+02   1.1457e+01   0.0000e+00   1.9402e-05   3.4309e+02
20251216_08:00:00   7.4269e-01   1.4643e+02   1.1177e+01   0.0000e+00   0.0000e+00   3.4206e+02
20251216_09:00:00   7.7094e-01   1.4955e+02   1.1745e+01   0.0000e+00   1.3638e-04   3.4382e+02
20251216_10:00:00   8.2086e-01   1.5526e+02   1.2517e+01   0.0000e+00   1.8967e-03   3.4284e+02
20251216_11:00:00   8.2663e-01   1.5595e+02   1.2594e+01   0.0000e+00   6.1902e-04   3.4003e+02
20251216_12:00:00   8.9720e-01   1.6341e+02   1.3781e+01   0.0000e+00   6.6281e-02   3.3547e+02
20251216_13:00:00   9.1757e-01   1.6560e+02   1.4003e+01   0.0000e+00   5.5086e-02   3.3253e+02
20251216_14:00:00   9.2461e-01   1.6632e+02   1.4137e+01   0.0000e+00   8.6095e-02   3.3186e+02
20251216_15:00:00   9.3020e-01   1.6703e+02   1.4062e+01   0.0000e+00   1.0521e-01   3.2950e+02
20251216_16:00:00   9.3927e-01   1.6779e+02   1.4339e+01   0.0000e+00   1.8008e-01   3.2648e+02
20251216_17:00:00   1.0078e+00   1.7442e+02   1.5448e+01   0.0000e+00   2.4765e-01   3.2534e+02
20251216_18:00:00   1.0460e+00   1.7815e+02   1.5949e+01   0.0000e+00   3.4570e-01   3.2641e+02
20251216_19:00:00   1.0693e+00   1.8037e+02   1.6295e+01   0.0000e+00   3.1694e-01   3.2527e+02
20251216_20:00:00   1.1498e+00   1.8743e+02   1.7268e+01   3.0282e-03   3.5599e-01   3.2346e+02
20251216_21:00:00   1.1970e+00   1.9184e+02   1.6914e+01   2.9432e-02   2.2709e-01   3.2335e+02
20251216_22:00:00   1.4830e+00   2.1239e+02   1.7648e+01   1.2744e-01   1.5896e-01   3.2325e+02
20251216_23:00:00   1.4129e+00   2.0806e+02   1.7519e+01   1.0079e-01   1.0883e-01   3.2200e+02
20251217_00:00:00   1.7351e+00   2.2646e+02   1.8016e+01   2.1570e-01   2.8595e-01   3.2478e+02
20251217_01:00:00   1.7674e+00   2.2819e+02   1.8621e+01   2.0902e-01   9.2517e-02   3.2944e+02
20251217_02:00:00   2.0319e+00   2.3941e+02   1.8954e+01   3.0483e-01   1.6396e-01   3.3924e+02
20251217_03:00:00   1.9922e+00   2.3819e+02   1.8768e+01   2.9231e-01   1.4030e-01   3.4255e+02
20251217_04:00:00   1.6912e+00   2.2498e+02   1.6948e+01   2.1669e-01   5.1201e-02   3.3726e+02
20251217_05:00:00   9.1973e-01   1.6719e+02   1.2818e+01   1.1837e-02   4.2539e-04   3.3658e+02
20251217_06:00:00   6.1531e-01   1.2834e+02   9.3964e+00   0.0000e+00   3.1380e-06   3.4595e+02
20251217_07:00:00   5.3561e-01   1.1586e+02   8.0665e+00   1.5986e-04   2.3818e-02   3.6069e+02
20251217_08:00:00   6.0520e-01   1.2532e+02   8.9107e+00   7.3547e-04   1.0542e-01   3.6006e+02
20251217_09:00:00   5.0706e-01   1.1030e+02   7.5743e+00   0.0000e+00   6.2838e-04   3.5693e+02
20251217_10:00:00   5.5403e-01   1.1730e+02   8.1462e+00   3.2269e-04   3.7411e-02   3.5485e+02
20251217_11:00:00   5.4740e-01   1.1638e+02   7.9866e+00   0.0000e+00   2.6519e-03   3.5130e+02
20251217_12:00:00   5.6814e-01   1.1940e+02   8.1849e+00   1.1178e-03   1.2935e-02   3.4727e+02
20251217_15:00:00   5.3439e-01   1.1445e+02   7.7277e+00   0.0000e+00   3.8799e-05   3.5235e+02
20251217_18:00:00   5.0239e-01   1.1002e+02   7.3207e+00   0.0000e+00   0.0000e+00   3.5542e+02
20251217_21:00:00   5.2753e-01   1.1439e+02   7.8376e+00   0.0000e+00   0.0000e+00   3.4808e+02
20251218_00:00:00   5.4144e-01   1.1641e+02   8.0289e+00   0.0000e+00   0.0000e+00   3.4498e+02
20251218_03:00:00   5.4573e-01   1.1675e+02   7.9859e+00   0.0000e+00   0.0000e+00   3.4872e+02
20251218_06:00:00   5.9559e-01   1.2367e+02   8.7161e+00   0.0000e+00   8.0500e-05   3.6164e+02
20251218_09:00:00   6.3093e-01   1.2820e+02   9.2834e+00   0.0000e+00   7.3566e-03   3.6827e+02
20251218_12:00:00   6.9810e-01   1.3687e+02   1.0290e+01   0.0000e+00   7.4949e-03   3.7000e+02
20251218_15:00:00   1.0745e+00   1.7788e+02   1.2370e+01   9.3626e-02   5.4060e-01   3.6696e+02
20251218_18:00:00   8.9784e-01   1.6070e+02   1.2830e+01   1.6906e-03   5.5094e-01   3.7051e+02
20251218_21:00:00   1.0552e+00   1.7775e+02   1.2097e+01   8.6489e-02   1.6158e-01   3.8005e+02
20251219_00:00:00   6.8406e-01   1.3606e+02   9.1821e+00   1.7214e-02   3.6339e-04   3.8636e+02
20251219_03:00:00   5.7396e-01   1.2020e+02   8.2867e+00   1.0887e-04   6.5051e-05   3.9251e+02
20251219_06:00:00   6.0375e-01   1.2452e+02   8.6871e+00   1.5568e-03   4.5512e-05   4.0094e+02
20251219_09:00:00   5.6030e-01   1.1813e+02   7.9065e+00   1.9185e-03   4.9744e-05   3.9695e+02
20251219_12:00:00   5.1382e-01   1.1079e+02   7.2921e+00   0.0000e+00   2.0117e-06   3.6995e+02
20251219_15:00:00   4.7917e-01   1.0492e+02   6.7514e+00   4.5900e-04   8.3199e-05   3.7425e+02
20251219_18:00:00   5.3640e-01   1.1396e+02   7.5267e+00   1.0740e-03   8.4519e-05   3.8510e+02
20251219_21:00:00   6.3552e-01   1.2819e+02   9.0997e+00   0.0000e+00   3.9323e-02   3.9038e+02
20251220_00:00:00   6.4715e-01   1.2988e+02   9.1273e+00   2.3102e-03   7.0252e-03   3.8353e+02
20251220_03:00:00   5.5006e-01   1.1585e+02   7.7712e+00   0.0000e+00   4.3855e-05   3.8478e+02
20251220_06:00:00   5.9635e-01   1.2226e+02   8.5450e+00   0.0000e+00   3.5179e-03   3.8558e+02
20251220_09:00:00   6.0031e-01   1.2265e+02   8.5021e+00   0.0000e+00   4.8710e-02   3.9355e+02
20251220_12:00:00   5.4279e-01   1.1435e+02   7.6154e+00   0.0000e+00   2.2190e-04   4.0365e+02
20251220_15:00:00   4.7796e-01   1.0417e+02   6.6045e+00   0.0000e+00   1.3321e-04   4.1137e+02
20251220_18:00:00   4.9729e-01   1.0734e+02   6.8897e+00   3.2760e-04   8.5782e-05   4.2037e+02
20251220_21:00:00   5.0645e-01   1.0926e+02   7.1302e+00   0.0000e+00   2.5767e-05   3.9083e+02
20251221_00:00:00   5.1315e-01   1.0994e+02   7.4249e+00   0.0000e+00   4.2749e-03   3.6794e+02
20251221_03:00:00   6.2586e-01   1.2631e+02   8.9838e+00   0.0000e+00   2.9289e-02   3.8363e+02
20251221_06:00:00   5.5054e-01   1.1542e+02   7.8645e+00   0.0000e+00   7.5273e-04   3.6737e+02
20251221_09:00:00   6.5462e-01   1.2985e+02   9.3313e+00   2.8560e-04   1.6451e-01   3.6865e+02
20251221_12:00:00   8.3193e-01   1.5205e+02   1.0087e+01   5.2375e-02   2.6056e-01   3.6826e+02
20251221_15:00:00   8.4335e-01   1.5370e+02   9.7167e+00   6.9336e-02   8.9965e-02   3.6984e+02
20251221_18:00:00   6.5591e-01   1.3073e+02   8.6458e+00   1.8172e-02   2.2171e-02   3.7111e+02
20251221_21:00:00   6.1397e-01   1.2507e+02   8.6307e+00   1.4367e-03   1.7390e-02   3.7557e+02
20251222_00:00:00   5.7407e-01   1.1923e+02   8.0699e+00   0.0000e+00   6.6700e-02   3.7392e+02
20251222_03:00:00   4.1227e-01   9.3327e+01   5.6081e+00   1.3032e-04   6.6170e-05   3.8670e+02
20251222_06:00:00   3.2645e-01   7.7338e+01   4.4443e+00   8.5700e-06   3.5037e-06   3.8042e+02
20251222_09:00:00   3.0962e-01   7.3899e+01   4.2264e+00   0.0000e+00   2.6752e-06   3.9217e+02
20251222_12:00:00   3.3868e-01   7.8842e+01   4.7865e+00   0.0000e+00   5.4779e-03   3.9837e+02
20251222_15:00:00   3.8280e-01   8.6547e+01   5.5239e+00   0.0000e+00   1.8407e-03   3.9417e+02
20251222_18:00:00   4.2142e-01   9.3554e+01   6.0555e+00   0.0000e+00   4.3658e-05   3.8842e+02
20251222_21:00:00   5.4395e-01   1.1349e+02   7.8039e+00   0.0000e+00   1.8163e-02   3.8681e+02
20251223_00:00:00   6.0171e-01   1.2199e+02   8.6836e+00   0.0000e+00   1.9592e-02   3.9183e+02
20251223_03:00:00   6.7890e-01   1.3291e+02   9.6078e+00   5.3180e-03   3.2802e-02   3.8611e+02
20251223_06:00:00   7.1479e-01   1.3782e+02   9.8359e+00   1.3196e-02   2.9803e-02   3.8220e+02
20251223_09:00:00   6.8722e-01   1.3406e+02   9.6673e+00   7.9676e-03   1.5827e-02   3.6790e+02
20251223_12:00:00   6.7040e-01   1.3159e+02   9.7147e+00   6.8260e-04   7.3164e-02   3.6775e+02
20251223_15:00:00   6.6602e-01   1.3087e+02   9.6505e+00   1.2280e-03   1.4836e-01   3.7043e+02
20251223_18:00:00   6.5332e-01   1.2928e+02   9.4973e+00   0.0000e+00   1.3588e-01   3.7589e+02
20251223_21:00:00   6.4171e-01   1.2802e+02   9.3843e+00   9.8080e-05   5.7687e-02   3.7981e+02
20251224_00:00:00   6.9628e-01   1.3530e+02   9.8361e+00   1.3848e-03   2.4308e-01   3.8269e+02
20251224_03:00:00   6.6943e-01   1.3191e+02   9.3557e+00   1.1605e-03   1.0514e-01   3.9016e+02
20251224_06:00:00   6.5112e-01   1.2942e+02   9.1073e+00   5.7140e-06   8.3986e-02   3.9995e+02
20251224_09:00:00   6.3017e-01   1.2646e+02   8.4184e+00   1.0431e-02   3.1898e-02   3.9806e+02
20251224_12:00:00   5.8290e-01   1.1953e+02   7.7558e+00   1.0386e-02   7.3818e-03   3.9778e+02
20251224_15:00:00   5.4742e-01   1.1412e+02   7.3600e+00   6.7838e-03   8.8565e-03   3.8380e+02
20251224_18:00:00   5.7397e-01   1.1802e+02   7.7003e+00   8.6060e-03   1.1213e-02   3.8548e+02
20251224_21:00:00   6.1675e-01   1.2429e+02   8.6434e+00   3.9750e-04   3.8837e-02   3.8907e+02
20251225_00:00:00   6.5377e-01   1.2945e+02   9.1281e+00   0.0000e+00   1.6928e-01   3.8873e+02
20251225_03:00:00   6.6640e-01   1.3099e+02   9.3913e+00   0.0000e+00   2.6223e-01   3.8433e+02
20251225_06:00:00   6.7312e-01   1.3184e+02   9.5001e+00   0.0000e+00   2.6605e-01   3.8694e+02
20251225_09:00:00   6.5649e-01   1.2907e+02   9.3297e+00   0.0000e+00   3.3956e-01   3.7757e+02
20251225_12:00:00   6.1929e-01   1.2354e+02   8.9137e+00   0.0000e+00   2.2027e-01   3.5817e+02
20251225_15:00:00   5.9212e-01   1.1941e+02   8.6551e+00   0.0000e+00   1.4970e-01   3.6052e+02
20251225_18:00:00   6.0199e-01   1.2051e+02   8.7953e+00   0.0000e+00   4.0554e-01   3.5542e+02
20251225_21:00:00   5.9544e-01   1.1957e+02   8.7303e+00   0.0000e+00   3.8833e-01   3.7116e+02
20251226_00:00:00   5.7545e-01   1.1649e+02   8.4129e+00   0.0000e+00   3.1655e-01   3.8277e+02
20251226_03:00:00   5.4368e-01   1.1160e+02   7.8955e+00   0.0000e+00   3.6706e-01   3.8946e+02
20251226_06:00:00   4.8002e-01   1.0167e+02   7.0291e+00   0.0000e+00   1.5616e-01   3.9456e+02
20251226_09:00:00   3.0950e-01   7.2474e+01   4.4520e+00   0.0000e+00   1.2356e-05   4.0361e+02
20251226_12:00:00   2.5267e-01   6.1714e+01   3.5185e+00   0.0000e+00   3.5620e-06   4.0502e+02
20251226_15:00:00   2.2226e-01   5.5755e+01   3.0133e+00   0.0000e+00   0.0000e+00   3.8954e+02
20251226_18:00:00   2.1882e-01   5.5342e+01   2.9963e+00   0.0000e+00   0.0000e+00   3.8147e+02
20251226_21:00:00   2.8617e-01   6.9149e+01   4.3352e+00   0.0000e+00   0.0000e+00   3.7897e+02
20251227_00:00:00   3.4401e-01   8.0606e+01   5.2862e+00   0.0000e+00   0.0000e+00   3.8074e+02
20251227_03:00:00   5.0095e-01   1.0781e+02   7.8245e+00   3.8800e-06   7.6840e-06   3.8232e+02
20251227_06:00:00   5.5431e-01   1.1600e+02   8.7751e+00   1.7084e-05   1.3900e-05   3.7047e+02
20251227_09:00:00   5.3992e-01   1.1349e+02   7.6786e+00   1.8694e-02   1.9745e-03   3.6473e+02
20251227_12:00:00   5.2648e-01   1.1113e+02   8.0789e+00   5.3320e-03   3.7771e-03   3.6695e+02
20251227_15:00:00   4.7987e-01   1.0326e+02   7.6019e+00   8.1320e-05   2.4722e-03   3.5948e+02
20251227_18:00:00   5.1740e-01   1.0901e+02   8.1477e+00   0.0000e+00   7.7470e-04   3.5867e+02
20251227_21:00:00   5.8690e-01   1.1926e+02   9.2968e+00   0.0000e+00   4.7438e-03   3.5103e+02
20251228_00:00:00   6.1423e-01   1.2322e+02   9.6705e+00   0.0000e+00   8.1157e-03   3.3986e+02
20251228_03:00:00   6.0111e-01   1.2134e+02   9.3256e+00   0.0000e+00   6.4059e-04   3.4115e+02
20251228_06:00:00   5.9364e-01   1.2036e+02   9.1931e+00   1.5520e-05   3.8773e-04   3.4159e+02
20251228_09:00:00   5.9739e-01   1.2092e+02   9.2335e+00   1.5520e-04   4.6720e-04   3.4018e+02
20251228_12:00:00   5.9356e-01   1.2042e+02   9.2075e+00   3.1040e-05   5.6603e-04   3.3734e+02
