#            date       tau255        Tb[K]      pwv[mm] lwp[kg*m^-2] iwp[kg*m^-2]       o3[DU]
20251203_12:00:00   7.5359e-01   1.4481e+02   1.0523e+01   2.0594e-02   2.5298e-02   3.6223e+02
20251203_13:00:00   8.1368e-01   1.5205e+02   1.0635e+01   4.3788e-02   1.7651e-02   3.6753e+02
20251203_14:00:00   8.6377e-01   1.5765e+02   1.0820e+01   6.2225e-02   4.6857e-02   3.6657e+02
20251203_15:00:00   9.5452e-01   1.6713e+02   1.1371e+01   8.8902e-02   9.2785e-02   3.6087e+02
20251203_16:00:00   9.3930e-01   1.6544e+02   1.1419e+01   8.2153e-02   8.9208e-02   3.5887e+02
20251203_17:00:00   9.7311e-01   1.6884e+02   1.1535e+01   9.3935e-02   7.7924e-02   3.5803e+02
20251203_18:00:00   9.1748e-01   1.6311e+02   1.1645e+01   6.8465e-02   7.4058e-02   3.5699e+02
20251203_19:00:00   8.9811e-01   1.6101e+02   1.1920e+01   5.4147e-02   7.2577e-02   3.4937e+02
20251203_20:00:00   8.3370e-01   1.5389e+02   1.2119e+01   2.2824e-02   4.2149e-02   3.4630e+02
20251203_21:00:00   8.2017e-01   1.5251e+02   1.2236e+01   1.4413e-02   6.9812e-03   3.4456e+02
20251203_22:00:00   8.3581e-01   1.5445e+02   1.2403e+01   1.6597e-02   1.1154e-02   3.3619e+02
20251203_23:00:00   8.4129e-01   1.5520e+02   1.2594e+01   1.3748e-02   2.4982e-02   3.2846e+02
20251204_00:00:00   8.4813e-01   1.5598e+02   1.2865e+01   8.8620e-03   1.3261e-02   3.2229e+02
20251204_01:00:00   8.6961e-01   1.5826e+02   1.3494e+01   3.6140e-03   6.0128e-03   3.1994e+02
20251204_02:00:00   8.7034e-01   1.5844e+02   1.3634e+01   2.7460e-05   2.0927e-03   3.1649e+02
20251204_03:00:00   8.7960e-01   1.5947e+02   1.3786e+01   0.0000e+00   6.6754e-04   3.1317e+02
20251204_04:00:00   8.8507e-01   1.6006e+02   1.3835e+01   5.5780e-04   1.2723e-03   3.1142e+02
20251204_05:00:00   9.0402e-01   1.6217e+02   1.3842e+01   7.8180e-03   1.6806e-03   3.1163e+02
20251204_06:00:00   9.1951e-01   1.6381e+02   1.4019e+01   1.0624e-02   1.2641e-03   3.1036e+02
20251204_07:00:00   9.4959e-01   1.6685e+02   1.4349e+01   1.5730e-02   6.6418e-03   3.0803e+02
20251204_08:00:00   9.8698e-01   1.7050e+02   1.4857e+01   1.9142e-02   1.7703e-02   3.0778e+02
20251204_09:00:00   1.0064e+00   1.7245e+02   1.5235e+01   1.8745e-02   1.3431e-02   3.0806e+02
20251204_10:00:00   1.0354e+00   1.7519e+02   1.5596e+01   2.1432e-02   9.9091e-03   3.0888e+02
20251204_11:00:00   1.0749e+00   1.7884e+02   1.6120e+01   2.3146e-02   1.3610e-02   3.0666e+02
20251204_12:00:00   1.0826e+00   1.7958e+02   1.6353e+01   1.9955e-02   3.0533e-02   3.0531e+02
20251204_13:00:00   1.1141e+00   1.8231e+02   1.6798e+01   2.0180e-02   2.0880e-02   3.0637e+02
20251204_14:00:00   1.1107e+00   1.8206e+02   1.6968e+01   1.3810e-02   2.4669e-02   3.0532e+02
20251204_15:00:00   1.1478e+00   1.8532e+02   1.6824e+01   3.2938e-02   1.0939e-02   3.0415e+02
20251204_16:00:00   1.2709e+00   1.9504e+02   1.6946e+01   8.0501e-02   1.8803e-02   3.0374e+02
20251204_17:00:00   1.2686e+00   1.9493e+02   1.7212e+01   7.0738e-02   1.4434e-02   3.0182e+02
20251204_18:00:00   1.2305e+00   1.9206e+02   1.7494e+01   4.6371e-02   1.3830e-02   2.9987e+02
20251204_19:00:00   1.2130e+00   1.9077e+02   1.7862e+01   2.7344e-02   1.0008e-01   3.0000e+02
20251204_20:00:00   1.2397e+00   1.9288e+02   1.8036e+01   3.1611e-02   1.2560e-01   3.0189e+02
20251204_21:00:00   1.2124e+00   1.9085e+02   1.7841e+01   2.4730e-02   8.5445e-02   3.0417e+02
20251204_22:00:00   1.1671e+00   1.8729e+02   1.7505e+01   1.5020e-02   1.7658e-02   3.0836e+02
20251204_23:00:00   1.1320e+00   1.8437e+02   1.7348e+01   5.3850e-03   2.1889e-02   3.0574e+02
20251205_00:00:00   1.1010e+00   1.8176e+02   1.6867e+01   4.3440e-03   2.7572e-03   3.0472e+02
20251205_01:00:00   1.1133e+00   1.8279e+02   1.6627e+01   1.5148e-02   7.7410e-03   3.0615e+02
20251205_02:00:00   1.1028e+00   1.8195e+02   1.6185e+01   2.0719e-02   4.0196e-03   3.0297e+02
20251205_03:00:00   1.0998e+00   1.8180e+02   1.5672e+01   2.9962e-02   2.2759e-03   3.0226e+02
20251205_04:00:00   1.0783e+00   1.7994e+02   1.5298e+01   2.8276e-02   7.6355e-03   3.0179e+02
20251205_05:00:00   1.0514e+00   1.7757e+02   1.4643e+01   3.1197e-02   2.7733e-03   2.9902e+02
20251205_06:00:00   1.0922e+00   1.8118e+02   1.4591e+01   4.9064e-02   8.6393e-03   2.9711e+02
20251205_07:00:00   1.0650e+00   1.7864e+02   1.4476e+01   4.0720e-02   5.7710e-03   3.0161e+02
20251205_08:00:00   1.0625e+00   1.7835e+02   1.4309e+01   4.3952e-02   7.9178e-03   3.0564e+02
20251205_09:00:00   1.0577e+00   1.7786e+02   1.4006e+01   4.9478e-02   7.4447e-03   3.0719e+02
20251205_10:00:00   1.0567e+00   1.7778e+02   1.4226e+01   4.6316e-02   4.5900e-03   3.0727e+02
20251205_11:00:00   1.0331e+00   1.7557e+02   1.4630e+01   2.7869e-02   1.4852e-02   3.0668e+02
20251205_12:00:00   1.0638e+00   1.7839e+02   1.5267e+01   2.5700e-02   2.0463e-02   3.0857e+02
20251205_13:00:00   1.1046e+00   1.8205e+02   1.5749e+01   2.9458e-02   1.4446e-02   3.1100e+02
20251205_14:00:00   1.1371e+00   1.8487e+02   1.5856e+01   3.6781e-02   2.1547e-02   3.1497e+02
20251205_15:00:00   1.1878e+00   1.8909e+02   1.5744e+01   5.7914e-02   3.3645e-02   3.1962e+02
20251205_16:00:00   1.1448e+00   1.8548e+02   1.5459e+01   4.4563e-02   1.3030e-01   3.2465e+02
20251205_17:00:00   1.2541e+00   1.9389e+02   1.6089e+01   7.1347e-02   4.8477e-01   3.2339e+02
20251205_18:00:00   1.0201e+00   1.7414e+02   1.4857e+01   2.5803e-03   2.4553e-01   3.2629e+02
20251205_19:00:00   1.2392e+00   1.9285e+02   1.5398e+01   8.1316e-02   4.0383e-01   3.3139e+02
20251205_20:00:00   1.0162e+00   1.7353e+02   1.4907e+01   4.6928e-03   2.2243e-01   3.3085e+02
20251205_21:00:00   9.7754e-01   1.7016e+02   1.3997e+01   1.3658e-02   2.5266e-02   3.3874e+02
20251205_22:00:00   9.6796e-01   1.6954e+02   1.3475e+01   2.0922e-02   6.0053e-03   3.4209e+02
20251205_23:00:00   9.3897e-01   1.6674e+02   1.2936e+01   2.2526e-02   1.3705e-03   3.4139e+02
20251206_00:00:00   1.0009e+00   1.7286e+02   1.3347e+01   3.7047e-02   7.7046e-04   3.3395e+02
20251206_01:00:00   1.0744e+00   1.7987e+02   1.3143e+01   7.3573e-02   8.4785e-04   3.2619e+02
20251206_02:00:00   1.0545e+00   1.7793e+02   1.3147e+01   6.9956e-02   4.7674e-04   3.2126e+02
20251206_03:00:00   1.1627e+00   1.8739e+02   1.3673e+01   1.0294e-01   3.8740e-03   3.1233e+02
20251206_04:00:00   1.1732e+00   1.8819e+02   1.3606e+01   1.0877e-01   1.9753e-03   3.1465e+02
20251206_05:00:00   1.2264e+00   1.9248e+02   1.3751e+01   1.2537e-01   3.3883e-03   3.1903e+02
20251206_06:00:00   1.2690e+00   1.9588e+02   1.3504e+01   1.4744e-01   2.8054e-03   3.1746e+02
20251206_07:00:00   1.3820e+00   2.0382e+02   1.3734e+01   1.8911e-01   5.1019e-03   3.2064e+02
20251206_08:00:00   1.3753e+00   2.0329e+02   1.3746e+01   1.8458e-01   9.2266e-03   3.3145e+02
20251206_09:00:00   1.3102e+00   1.9877e+02   1.3556e+01   1.5984e-01   1.2219e-02   3.3143e+02
20251206_10:00:00   1.2837e+00   1.9684e+02   1.3745e+01   1.4232e-01   4.9994e-03   3.2699e+02
20251206_11:00:00   1.2907e+00   1.9744e+02   1.3666e+01   1.4699e-01   6.2653e-03   3.2418e+02
20251206_12:00:00   1.3279e+00   2.0034e+02   1.3338e+01   1.6989e-01   2.3216e-03   3.2476e+02
20251206_13:00:00   1.1773e+00   1.8907e+02   1.2612e+01   1.2121e-01   7.8441e-03   3.2307e+02
20251206_14:00:00   1.0789e+00   1.8077e+02   1.1832e+01   1.0124e-01   4.5853e-04   3.1855e+02
20251206_15:00:00   9.2260e-01   1.6553e+02   1.1206e+01   5.5851e-02   1.9376e-04   3.1674e+02
20251206_16:00:00   9.0298e-01   1.6342e+02   1.0987e+01   5.6637e-02   1.4412e-04   3.1592e+02
20251206_17:00:00   8.1887e-01   1.5406e+02   1.0888e+01   2.6303e-02   3.2650e-05   3.1565e+02
20251206_18:00:00   7.9431e-01   1.5124e+02   1.1025e+01   1.4347e-02   2.3035e-05   3.1771e+02
20251206_19:00:00   7.8395e-01   1.5013e+02   1.1015e+01   1.2524e-02   1.9075e-05   3.1662e+02
20251206_20:00:00   7.8818e-01   1.5071e+02   1.1334e+01   7.9019e-03   2.0303e-04   3.1610e+02
20251206_21:00:00   7.9682e-01   1.5194e+02   1.1437e+01   8.2750e-03   1.1997e-04   3.1569e+02
20251206_22:00:00   8.5040e-01   1.5827e+02   1.1979e+01   1.6351e-02   4.1975e-04   3.1564e+02
20251206_23:00:00   9.1569e-01   1.6560e+02   1.2228e+01   3.4583e-02   1.9977e-06   3.2431e+02
20251207_00:00:00   9.3515e-01   1.6742e+02   1.2479e+01   3.4183e-02   2.4660e-06   3.3333e+02
20251207_01:00:00   9.5085e-01   1.6910e+02   1.2133e+01   4.7798e-02   3.5267e-06   3.3765e+02
20251207_02:00:00   9.5547e-01   1.6901e+02   1.3321e+01   1.8018e-02   3.9380e-02   3.3313e+02
20251207_03:00:00   9.5960e-01   1.6942e+02   1.3668e+01   8.8530e-03   7.4032e-03   3.3578e+02
20251207_04:00:00   1.0110e+00   1.7460e+02   1.3696e+01   2.8064e-02   8.2638e-03   3.3762e+02
20251207_05:00:00   9.9279e-01   1.7284e+02   1.3400e+01   3.1493e-02   3.8303e-03   3.3719e+02
20251207_06:00:00   1.0432e+00   1.7779e+02   1.3237e+01   5.4338e-02   3.5472e-03   3.3593e+02
20251207_07:00:00   1.0108e+00   1.7467e+02   1.2904e+01   4.7838e-02   1.3039e-02   3.3310e+02
20251207_08:00:00   1.0285e+00   1.7652e+02   1.2484e+01   6.5638e-02   2.1568e-02   3.3166e+02
20251207_09:00:00   1.0703e+00   1.8018e+02   1.3239e+01   6.3706e-02   3.4573e-02   3.3121e+02
20251207_10:00:00   1.0807e+00   1.8113e+02   1.3437e+01   6.2099e-02   8.8203e-02   3.3175e+02
20251207_11:00:00   1.1756e+00   1.8920e+02   1.4129e+01   8.7857e-02   7.9068e-02   3.3224e+02
20251207_12:00:00   1.2875e+00   1.9795e+02   1.4644e+01   1.2375e-01   2.2212e-02   3.3311e+02
20251207_13:00:00   1.3583e+00   2.0290e+02   1.5255e+01   1.3969e-01   1.2492e-02   3.3354e+02
20251207_14:00:00   1.6127e+00   2.1835e+02   1.5725e+01   2.3391e-01   7.0851e-03   3.3282e+02
20251207_15:00:00   1.6409e+00   2.1987e+02   1.5812e+01   2.4319e-01   3.7318e-03   3.3366e+02
20251207_16:00:00   1.5903e+00   2.1715e+02   1.6013e+01   2.1473e-01   1.2365e-02   3.3416e+02
20251207_17:00:00   1.5414e+00   2.1437e+02   1.6902e+01   1.7110e-01   7.0848e-02   3.3286e+02
20251207_18:00:00   1.5685e+00   2.1594e+02   1.7730e+01   1.5981e-01   1.0067e-01   3.3131e+02
20251207_19:00:00   1.5393e+00   2.1447e+02   1.8128e+01   1.3400e-01   2.2241e-01   3.2970e+02
20251207_20:00:00   1.8119e+00   2.2871e+02   1.8378e+01   2.3790e-01   1.6053e-01   3.3042e+02
20251207_21:00:00   2.2280e+00   2.4404e+02   1.7628e+01   4.2703e-01   1.4433e-01   3.3057e+02
20251207_22:00:00   1.8186e+00   2.2920e+02   1.7533e+01   2.5825e-01   1.2108e-01   3.3210e+02
20251207_23:00:00   1.7012e+00   2.2404e+02   1.6623e+01   2.3188e-01   2.1268e-02   3.3006e+02
20251208_00:00:00   1.2847e+00   1.9886e+02   1.4935e+01   1.0474e-01   8.3074e-03   3.3230e+02
20251208_01:00:00   1.0574e+00   1.8025e+02   1.3150e+01   6.0128e-02   3.6774e-05   3.4259e+02
20251208_02:00:00   1.0424e+00   1.7910e+02   1.2546e+01   7.0844e-02   1.1164e-05   3.4887e+02
20251208_03:00:00   9.4927e-01   1.6993e+02   1.1433e+01   5.6664e-02   7.0926e-06   3.4087e+02
20251208_04:00:00   8.8745e-01   1.6316e+02   1.1005e+01   4.3270e-02   2.7198e-06   3.3361e+02
20251208_05:00:00   8.6173e-01   1.6022e+02   1.0434e+01   4.8208e-02   8.1490e-06   3.3031e+02
20251208_06:00:00   8.7743e-01   1.6192e+02   1.0317e+01   5.8595e-02   1.0821e-05   3.2535e+02
20251208_07:00:00   8.4750e-01   1.5855e+02   1.0023e+01   5.4541e-02   8.2104e-06   3.1758e+02
20251208_08:00:00   9.1457e-01   1.6598e+02   9.9452e+00   8.2981e-02   1.4967e-05   3.1504e+02
20251208_09:00:00   9.8048e-01   1.7257e+02   1.0517e+01   1.0234e-01   1.0391e-03   3.1464e+02
20251208_10:00:00   9.5477e-01   1.6947e+02   1.1900e+01   6.3759e-02   2.8994e-03   3.1440e+02
20251208_11:00:00   8.4960e-01   1.5775e+02   1.2151e+01   1.7721e-02   5.2748e-03   3.1585e+02
20251208_12:00:00   8.6657e-01   1.5931e+02   1.2731e+01   1.2877e-02   3.4382e-03   3.1402e+02
20251208_15:00:00   8.4042e-01   1.5572e+02   1.3051e+01   9.3210e-05   1.0394e-02   3.0478e+02
20251208_18:00:00   8.9357e-01   1.6157e+02   1.4107e+01   0.0000e+00   1.8099e-02   3.0984e+02
20251208_21:00:00   9.6774e-01   1.6979e+02   1.5530e+01   0.0000e+00   3.1343e-02   3.0571e+02
20251209_00:00:00   1.3786e+00   2.0443e+02   1.8847e+01   6.4013e-02   7.0651e-02   3.0725e+02
20251209_03:00:00   1.4743e+00   2.1175e+02   1.8353e+01   1.1657e-01   8.8795e-02   3.0631e+02
20251209_06:00:00   1.2815e+00   1.9894e+02   1.9136e+01   1.9660e-02   1.0114e-01   3.0794e+02
20251209_09:00:00   1.1854e+00   1.9168e+02   1.8112e+01   8.7760e-03   1.0059e-01   3.1847e+02
20251209_12:00:00   1.0993e+00   1.8399e+02   1.7174e+01   2.2736e-03   5.5931e-02   3.2151e+02
20251209_15:00:00   7.4732e-01   1.4599e+02   1.1768e+01   2.0405e-03   3.9903e-03   3.1574e+02
20251209_18:00:00   7.0857e-01   1.4044e+02   1.1265e+01   0.0000e+00   1.5575e-02   3.1537e+02
20251209_21:00:00   8.0931e-01   1.5309e+02   1.3126e+01   0.0000e+00   2.1635e-02   3.1377e+02
20251210_00:00:00   9.5562e-01   1.6889e+02   1.5540e+01   0.0000e+00   4.1318e-02   3.1276e+02
20251210_03:00:00   1.2835e+00   1.9736e+02   1.9486e+01   1.8849e-02   1.7274e-01   3.1071e+02
20251210_06:00:00   2.2577e+00   2.4474e+02   2.1096e+01   3.6993e-01   2.1226e-01   3.0809e+02
20251210_09:00:00   1.6859e+00   2.2295e+02   2.1641e+01   1.1778e-01   2.9559e-01   3.1540e+02
20251210_12:00:00   1.2317e+00   1.9460e+02   1.8937e+01   1.3377e-02   1.7511e-02   3.2604e+02
20251210_15:00:00   9.4833e-01   1.6872e+02   1.4794e+01   8.9600e-03   7.6262e-03   3.2471e+02
20251210_18:00:00   1.0326e+00   1.7692e+02   1.5600e+01   1.5714e-02   2.6593e-03   3.2758e+02
20251210_21:00:00   1.1334e+00   1.8591e+02   1.7224e+01   1.8358e-02   3.1588e-02   3.2793e+02
20251211_00:00:00   1.3109e+00   1.9959e+02   1.8895e+01   3.7691e-02   3.9907e-01   3.3284e+02
20251211_03:00:00   1.7394e+00   2.2494e+02   1.9011e+01   2.0190e-01   6.3447e-01   3.3291e+02
20251211_06:00:00   1.9491e+00   2.3388e+02   1.7833e+01   3.1986e-01   4.5742e-01   3.3175e+02
20251211_09:00:00   1.0162e+00   1.7582e+02   1.2294e+01   6.7861e-02   2.6303e-02   3.3771e+02
20251211_12:00:00   4.9898e-01   1.1006e+02   7.3605e+00   0.0000e+00   2.7084e-03   3.4820e+02
20251211_15:00:00   3.2014e-01   7.7407e+01   4.6038e+00   0.0000e+00   3.0096e-05   3.6675e+02
20251211_18:00:00   3.4291e-01   8.1943e+01   4.8576e+00   0.0000e+00   2.1980e-05   3.7614e+02
20251211_21:00:00   4.1414e-01   9.4819e+01   5.8880e+00   0.0000e+00   0.0000e+00   3.7706e+02
20251212_00:00:00   4.5597e-01   1.0127e+02   6.5885e+00   0.0000e+00   0.0000e+00   3.7846e+02
20251212_03:00:00   4.6767e-01   1.0255e+02   6.7734e+00   0.0000e+00   1.7843e-03   3.8084e+02
20251212_06:00:00   4.6440e-01   1.0165e+02   6.6945e+00   0.0000e+00   4.3818e-05   3.7339e+02
20251212_09:00:00   5.2444e-01   1.1093e+02   7.6195e+00   0.0000e+00   5.5559e-02   3.8002e+02
20251212_12:00:00   5.9529e-01   1.2134e+02   8.4992e+00   0.0000e+00   1.0537e-01   3.7893e+02
20251212_15:00:00   6.7756e-01   1.3291e+02   9.3071e+00   0.0000e+00   5.2912e-01   3.8621e+02
20251212_18:00:00   6.8025e-01   1.3352e+02   9.3231e+00   1.0796e-04   4.2296e-01   3.8925e+02
20251212_21:00:00   6.6823e-01   1.3234e+02   9.1375e+00   2.5831e-03   1.0743e-01   3.9016e+02
20251213_00:00:00   8.4478e-01   1.5408e+02   8.9687e+00   8.7520e-02   2.6283e-02   3.8965e+02
20251213_03:00:00   6.7994e-01   1.3367e+02   9.4429e+00   1.9712e-04   8.0898e-02   3.8753e+02
20251213_06:00:00   6.9818e-01   1.3616e+02   9.6512e+00   0.0000e+00   3.8149e-01   3.9227e+02
20251213_09:00:00   6.9693e-01   1.3596e+02   9.6769e+00   7.8795e-05   2.6448e-01   3.9132e+02
20251213_12:00:00   6.8934e-01   1.3466e+02   9.5587e+00   0.0000e+00   4.8135e-01   3.9317e+02
20251213_15:00:00   6.9085e-01   1.3472e+02   9.2417e+00   9.2256e-03   4.4778e-01   3.9484e+02
20251213_18:00:00   7.1627e-01   1.3798e+02   9.2006e+00   2.0728e-02   4.8779e-01   4.0090e+02
20251213_21:00:00   6.7362e-01   1.3316e+02   7.8575e+00   4.1988e-02   1.0501e-01   4.0868e+02
20251214_00:00:00   6.9943e-01   1.3610e+02   8.6935e+00   3.0463e-02   8.4198e-02   4.0141e+02
20251214_03:00:00   6.0931e-01   1.2337e+02   8.4162e+00   1.9616e-05   9.0884e-02   3.9050e+02
20251214_06:00:00   6.2353e-01   1.2518e+02   8.4680e+00   3.6114e-03   2.2347e-01   3.8657e+02
20251214_09:00:00   6.0834e-01   1.2290e+02   8.4022e+00   0.0000e+00   1.7065e-01   3.9984e+02
20251214_12:00:00   5.7100e-01   1.1734e+02   7.8892e+00   0.0000e+00   4.8603e-02   4.0907e+02
20251214_15:00:00   5.8715e-01   1.1968e+02   8.0580e+00   0.0000e+00   2.0208e-01   4.1579e+02
20251214_18:00:00   5.6326e-01   1.1655e+02   7.6853e+00   0.0000e+00   8.0365e-02   4.0561e+02
20251214_21:00:00   5.3883e-01   1.1320e+02   7.2334e+00   4.6136e-03   1.3556e-02   3.9597e+02
20251215_00:00:00   5.8559e-01   1.2001e+02   7.1935e+00   2.5422e-02   2.4691e-02   4.0722e+02
20251215_03:00:00   5.1230e-01   1.0845e+02   7.0673e+00   2.1320e-05   2.2747e-03   3.9167e+02
20251215_06:00:00   4.3722e-01   9.6153e+01   6.0005e+00   1.1200e-03   2.2937e-04   4.1166e+02
20251215_09:00:00   3.9604e-01   8.8887e+01   5.4924e+00   0.0000e+00   1.7467e-05   4.2356e+02
20251215_12:00:00   3.9904e-01   8.9004e+01   5.7490e+00   0.0000e+00   9.8500e-05   3.8932e+02
20251215_15:00:00   4.2590e-01   9.3273e+01   6.2835e+00   0.0000e+00   9.0892e-03   3.5610e+02
20251215_18:00:00   4.5576e-01   9.8447e+01   6.7111e+00   0.0000e+00   1.8310e-02   3.2937e+02
20251215_21:00:00   4.8580e-01   1.0353e+02   7.2022e+00   0.0000e+00   1.5989e-02   3.1909e+02
20251216_00:00:00   4.9487e-01   1.0486e+02   7.4368e+00   0.0000e+00   2.0199e-02   3.1683e+02
20251216_03:00:00   5.0615e-01   1.0644e+02   7.6964e+00   0.0000e+00   1.6334e-02   3.0654e+02
20251216_06:00:00   4.7560e-01   1.0163e+02   7.1914e+00   0.0000e+00   7.2067e-04   3.0578e+02
20251216_09:00:00   4.7564e-01   1.0166e+02   7.2279e+00   0.0000e+00   3.0430e-04   3.0894e+02
20251216_12:00:00   4.2857e-01   9.4233e+01   6.5246e+00   0.0000e+00   2.7043e-03   3.0863e+02
20251216_15:00:00   5.1736e-01   1.0815e+02   8.3626e+00   0.0000e+00   7.0610e-03   3.0102e+02
20251216_18:00:00   6.2142e-01   1.2363e+02   1.0176e+01   0.0000e+00   1.5017e-02   3.0153e+02
20251216_21:00:00   7.0400e-01   1.3524e+02   1.1525e+01   0.0000e+00   1.1698e-02   2.9830e+02
20251217_00:00:00   7.5511e-01   1.4186e+02   1.2365e+01   0.0000e+00   2.5631e-02   3.0244e+02
20251217_03:00:00   7.5336e-01   1.4198e+02   1.2189e+01   0.0000e+00   1.3031e-02   3.0479e+02
20251217_06:00:00   7.5468e-01   1.4240e+02   1.2115e+01   0.0000e+00   1.1966e-02   3.0683e+02
20251217_09:00:00   7.1850e-01   1.3808e+02   1.1532e+01   0.0000e+00   1.0697e-02   3.1078e+02
20251217_12:00:00   7.7837e-01   1.4575e+02   1.2363e+01   1.0348e-04   3.0469e-03   3.0419e+02
20251217_15:00:00   8.3904e-01   1.5329e+02   1.2584e+01   1.9716e-02   8.5605e-03   3.0600e+02
20251217_18:00:00   9.5596e-01   1.6607e+02   1.4162e+01   3.2769e-02   4.2169e-03   3.0262e+02
20251217_21:00:00   1.0508e+00   1.7567e+02   1.5863e+01   2.7112e-02   2.8322e-03   3.0684e+02
20251218_00:00:00   1.1861e+00   1.8761e+02   1.6666e+01   5.6890e-02   2.8681e-03   3.0785e+02
20251218_03:00:00   1.0778e+00   1.7848e+02   1.6884e+01   7.0774e-03   1.5900e-02   3.0725e+02
20251218_06:00:00   1.1534e+00   1.8546e+02   1.7723e+01   1.6392e-02   1.9609e-02   3.0707e+02
20251218_09:00:00   1.5772e+00   2.1522e+02   1.7509e+01   1.8979e-01   1.2572e-02   3.0955e+02
20251218_12:00:00   1.5002e+00   2.1133e+02   1.7671e+01   1.5555e-01   5.5529e-03   3.1186e+02
20251218_15:00:00   1.0989e+00   1.8277e+02   1.5770e+01   4.0104e-02   7.1071e-03   3.1380e+02
20251218_18:00:00   1.1058e+00   1.8456e+02   1.6194e+01   3.1427e-02   1.0025e-02   3.0523e+02
20251218_21:00:00   1.2601e+00   1.9810e+02   1.8453e+01   2.8680e-02   8.5853e-03   3.0173e+02
20251219_00:00:00   1.3784e+00   2.0678e+02   1.8683e+01   6.7654e-02   1.9553e-02   3.0041e+02
20251219_03:00:00   1.4440e+00   2.1064e+02   1.9596e+01   6.9803e-02   7.3941e-02   3.0324e+02
20251219_06:00:00   1.5683e+00   2.1793e+02   2.0309e+01   9.6646e-02   7.7554e-02   3.1175e+02
20251219_09:00:00   1.6822e+00   2.2430e+02   2.0825e+01   1.2812e-01   1.0413e-01   3.1087e+02
20251219_12:00:00   1.7309e+00   2.2684e+02   2.0421e+01   1.5658e-01   6.4990e-02   3.1276e+02
