#            date       tau255        Tb[K]      pwv[mm] lwp[kg*m^-2] iwp[kg*m^-2]       o3[DU]
20251204_06:00:00   9.3811e-01   1.6570e+02   1.4165e+01   1.2522e-02   3.5620e-03   3.0906e+02
20251204_07:00:00   9.7407e-01   1.6933e+02   1.4483e+01   2.0560e-02   5.2220e-03   3.0805e+02
20251204_08:00:00   1.0117e+00   1.7291e+02   1.5000e+01   2.4542e-02   1.4120e-02   3.0674e+02
20251204_09:00:00   1.0423e+00   1.7577e+02   1.5765e+01   1.8512e-02   1.4223e-02   3.0664e+02
20251204_10:00:00   1.1207e+00   1.8281e+02   1.6963e+01   1.8218e-02   1.0064e-01   3.0950e+02
20251204_11:00:00   1.1639e+00   1.8645e+02   1.7549e+01   1.8674e-02   1.1913e-01   3.0928e+02
20251204_12:00:00   1.1598e+00   1.8623e+02   1.7668e+01   1.3832e-02   4.0424e-02   3.0776e+02
20251204_13:00:00   1.1906e+00   1.8868e+02   1.7806e+01   2.2805e-02   4.8139e-02   3.0640e+02
20251204_14:00:00   1.1962e+00   1.8918e+02   1.7697e+01   2.7825e-02   3.0408e-02   3.0302e+02
20251204_15:00:00   1.2390e+00   1.9264e+02   1.7707e+01   4.5457e-02   3.5621e-02   3.0100e+02
20251204_16:00:00   1.2548e+00   1.9392e+02   1.7646e+01   5.3886e-02   1.4562e-02   3.0094e+02
20251204_17:00:00   1.2784e+00   1.9569e+02   1.7763e+01   6.0035e-02   3.5707e-02   2.9939e+02
20251204_18:00:00   1.2623e+00   1.9454e+02   1.7765e+01   5.2362e-02   2.7667e-02   2.9903e+02
20251204_19:00:00   1.2371e+00   1.9265e+02   1.7783e+01   4.0617e-02   3.0717e-02   3.0380e+02
20251204_20:00:00   1.2084e+00   1.9050e+02   1.7852e+01   2.4784e-02   6.6526e-02   3.0448e+02
20251204_21:00:00   1.2098e+00   1.9065e+02   1.7734e+01   2.7754e-02   4.3017e-02   3.0511e+02
20251204_22:00:00   1.1737e+00   1.8792e+02   1.7202e+01   2.4885e-02   1.4246e-02   3.0681e+02
20251204_23:00:00   1.1282e+00   1.8419e+02   1.6822e+01   1.6582e-02   7.8072e-03   3.0416e+02
20251205_00:00:00   1.0786e+00   1.7983e+02   1.6372e+01   7.3060e-03   1.8952e-03   3.0411e+02
20251205_01:00:00   1.0570e+00   1.7783e+02   1.6009e+01   5.4300e-03   1.9102e-04   3.0386e+02
20251205_02:00:00   1.0430e+00   1.7647e+02   1.5735e+01   5.3298e-03   3.3345e-04   3.0460e+02
20251205_03:00:00   1.0383e+00   1.7604e+02   1.5720e+01   3.6820e-03   1.4106e-03   3.0517e+02
20251205_04:00:00   1.0116e+00   1.7361e+02   1.5355e+01   1.4564e-04   8.4485e-04   3.0785e+02
20251205_05:00:00   9.7997e-01   1.7069e+02   1.4741e+01   0.0000e+00   3.2061e-03   3.0732e+02
20251205_06:00:00   9.7083e-01   1.6981e+02   1.4502e+01   0.0000e+00   7.0274e-03   3.0750e+02
20251205_07:00:00   9.5039e-01   1.6781e+02   1.4189e+01   0.0000e+00   2.0027e-03   3.0899e+02
20251205_08:00:00   9.4091e-01   1.6683e+02   1.4060e+01   0.0000e+00   1.3424e-03   3.1140e+02
20251205_09:00:00   9.1375e-01   1.6401e+02   1.3642e+01   0.0000e+00   2.1538e-04   3.0848e+02
20251205_10:00:00   8.9501e-01   1.6192e+02   1.3364e+01   0.0000e+00   1.6655e-03   3.0714e+02
20251205_11:00:00   8.9783e-01   1.6203e+02   1.3490e+01   0.0000e+00   3.4800e-03   3.0962e+02
20251205_12:00:00   9.4941e-01   1.6724e+02   1.4346e+01   1.5850e-03   2.1441e-02   3.1010e+02
20251205_13:00:00   1.1152e+00   1.8269e+02   1.6174e+01   2.4365e-02   8.3064e-02   3.1031e+02
20251205_14:00:00   1.4447e+00   2.0755e+02   1.6180e+01   1.5869e-01   1.0363e-01   3.1487e+02
20251205_15:00:00   1.7669e+00   2.2505e+02   1.6016e+01   2.9795e-01   1.1569e-01   3.1838e+02
20251205_16:00:00   2.1752e+00   2.4026e+02   1.6027e+01   4.6833e-01   1.6728e-01   3.2025e+02
20251205_17:00:00   1.9635e+00   2.3309e+02   1.6920e+01   3.5925e-01   1.8426e-01   3.2443e+02
20251205_18:00:00   1.9942e+00   2.3408e+02   1.7368e+01   3.5672e-01   3.7239e-01   3.2532e+02
20251205_19:00:00   1.5345e+00   2.1296e+02   1.7504e+01   1.6061e-01   3.7592e-01   3.2879e+02
20251205_20:00:00   1.4731e+00   2.0916e+02   1.7413e+01   1.3730e-01   2.9325e-01   3.3095e+02
20251205_21:00:00   1.2681e+00   1.9567e+02   1.6828e+01   6.2151e-02   1.4230e-01   3.3340e+02
20251205_22:00:00   9.8149e-01   1.7129e+02   1.4384e+01   8.7674e-03   1.3289e-02   3.3561e+02
20251205_23:00:00   1.0037e+00   1.7347e+02   1.4707e+01   8.6114e-03   1.2758e-02   3.3150e+02
20251206_00:00:00   9.2986e-01   1.6629e+02   1.2891e+01   2.8353e-02   1.2113e-03   3.2915e+02
20251206_01:00:00   9.5912e-01   1.6919e+02   1.3140e+01   3.3124e-02   2.1279e-04   3.2057e+02
20251206_02:00:00   1.0701e+00   1.7970e+02   1.4053e+01   5.3339e-02   1.0553e-02   3.1954e+02
20251206_03:00:00   1.0174e+00   1.7481e+02   1.3618e+01   4.1751e-02   2.3648e-02   3.2686e+02
20251206_04:00:00   9.9779e-01   1.7310e+02   1.2797e+01   5.4764e-02   4.0824e-03   3.2625e+02
20251206_05:00:00   9.9637e-01   1.7308e+02   1.2259e+01   6.8154e-02   1.1137e-03   3.2672e+02
20251206_06:00:00   1.0278e+00   1.7605e+02   1.2516e+01   7.5178e-02   2.4481e-04   3.3067e+02
20251206_07:00:00   9.7412e-01   1.7068e+02   1.2713e+01   4.6899e-02   1.3564e-03   3.3075e+02
20251206_08:00:00   9.8791e-01   1.7213e+02   1.2885e+01   4.7343e-02   1.8118e-03   3.2957e+02
20251206_09:00:00   9.5778e-01   1.6910e+02   1.2614e+01   4.1884e-02   1.6107e-03   3.2941e+02
20251206_10:00:00   8.8039e-01   1.6089e+02   1.2026e+01   2.7360e-02   3.0162e-03   3.2967e+02
20251206_11:00:00   8.5607e-01   1.5827e+02   1.1804e+01   2.4410e-02   9.1908e-05   3.2624e+02
20251206_12:00:00   9.4704e-01   1.6827e+02   1.1863e+01   6.1126e-02   6.7020e-06   3.2500e+02
20251206_13:00:00   9.7028e-01   1.7049e+02   1.1850e+01   7.0939e-02   2.1947e-05   3.2774e+02
20251206_14:00:00   1.0206e+00   1.7519e+02   1.2121e+01   8.2548e-02   2.9928e-05   3.2835e+02
20251206_15:00:00   9.6958e-01   1.6991e+02   1.2226e+01   5.6334e-02   8.9127e-04   3.2760e+02
20251206_16:00:00   9.5883e-01   1.6892e+02   1.1934e+01   5.7252e-02   3.0640e-03   3.2877e+02
20251206_17:00:00   8.8430e-01   1.6105e+02   1.1889e+01   2.5586e-02   8.8737e-03   3.3103e+02
20251206_18:00:00   8.7131e-01   1.5988e+02   1.1728e+01   2.3065e-02   2.1392e-03   3.2922e+02
20251206_19:00:00   8.5129e-01   1.5779e+02   1.1736e+01   1.5167e-02   4.8842e-04   3.2297e+02
20251206_20:00:00   8.1996e-01   1.5425e+02   1.1668e+01   5.2790e-03   1.0349e-05   3.2037e+02
20251206_21:00:00   8.0699e-01   1.5276e+02   1.1660e+01   2.6038e-03   8.4296e-06   3.1921e+02
20251206_22:00:00   8.0781e-01   1.5287e+02   1.1795e+01   3.5890e-04   8.2172e-06   3.1923e+02
20251206_23:00:00   8.4720e-01   1.5731e+02   1.2307e+01   2.2490e-03   4.4386e-03   3.1882e+02
20251207_00:00:00   8.3034e-01   1.5547e+02   1.1598e+01   1.3644e-02   7.6840e-06   3.2391e+02
20251207_01:00:00   7.8779e-01   1.5045e+02   1.1057e+01   1.0118e-02   2.4558e-06   3.2532e+02
20251207_02:00:00   7.6426e-01   1.4752e+02   1.0906e+01   5.1060e-03   1.0677e-04   3.2337e+02
20251207_03:00:00   7.3491e-01   1.4378e+02   1.0584e+01   3.1220e-03   1.8616e-03   3.2208e+02
20251207_04:00:00   7.3039e-01   1.4308e+02   1.0654e+01   1.4328e-03   2.0401e-03   3.2220e+02
20251207_05:00:00   7.1245e-01   1.4071e+02   1.0427e+01   5.3260e-04   1.0827e-03   3.2271e+02
20251207_06:00:00   6.9996e-01   1.3887e+02   1.0305e+01   2.3920e-04   4.8611e-03   3.2227e+02
20251207_07:00:00   6.8134e-01   1.3630e+02   1.0012e+01   2.6720e-04   9.8218e-03   3.2286e+02
20251207_08:00:00   6.6747e-01   1.3437e+02   9.7989e+00   6.9840e-05   1.3811e-02   3.2321e+02
20251207_09:00:00   6.7203e-01   1.3486e+02   9.9219e+00   1.2195e-04   2.8920e-02   3.2355e+02
20251207_10:00:00   6.9892e-01   1.3824e+02   1.0394e+01   8.0671e-04   3.8660e-02   3.2566e+02
20251207_11:00:00   7.4111e-01   1.4332e+02   1.1093e+01   3.8547e-03   3.8308e-02   3.3045e+02
20251207_12:00:00   7.5705e-01   1.4521e+02   1.1366e+01   2.6040e-03   5.0458e-02   3.3267e+02
20251207_13:00:00   7.6363e-01   1.4588e+02   1.1539e+01   2.1028e-03   2.4748e-02   3.3536e+02
20251207_14:00:00   7.8863e-01   1.4868e+02   1.2065e+01   2.1324e-03   3.3363e-02   3.4176e+02
20251207_15:00:00   8.4210e-01   1.5481e+02   1.2868e+01   2.7305e-03   2.8040e-02   3.4537e+02
20251207_16:00:00   8.6115e-01   1.5704e+02   1.3105e+01   2.2949e-03   2.3493e-02   3.4429e+02
20251207_17:00:00   8.5822e-01   1.5715e+02   1.2727e+01   2.2120e-03   6.8236e-02   3.4354e+02
20251207_18:00:00   8.7600e-01   1.5945e+02   1.2581e+01   7.7675e-03   1.7325e-02   3.4447e+02
20251207_19:00:00   8.6418e-01   1.5840e+02   1.2489e+01   1.8382e-03   1.3337e-02   3.4663e+02
20251207_20:00:00   8.6596e-01   1.5875e+02   1.2587e+01   7.0300e-04   8.2836e-03   3.4588e+02
20251207_21:00:00   8.7180e-01   1.5959e+02   1.2678e+01   2.8197e-04   3.1342e-03   3.4411e+02
20251207_22:00:00   8.7242e-01   1.5975e+02   1.2582e+01   2.4076e-03   6.2924e-04   3.3889e+02
20251207_23:00:00   8.8609e-01   1.6138e+02   1.2348e+01   1.3607e-02   2.8274e-04   3.3657e+02
20251208_00:00:00   1.1639e+00   1.8778e+02   1.3954e+01   8.4033e-02   8.3419e-03   3.3611e+02
20251208_01:00:00   1.1584e+00   1.8740e+02   1.4304e+01   7.1210e-02   1.6110e-02   3.3035e+02
20251208_02:00:00   1.2184e+00   1.9270e+02   1.3889e+01   1.0428e-01   1.9334e-02   3.2946e+02
20251208_03:00:00   1.4814e+00   2.1105e+02   1.3696e+01   2.1711e-01   2.9761e-02   3.2598e+02
20251208_04:00:00   1.5532e+00   2.1539e+02   1.3528e+01   2.4786e-01   4.5823e-02   3.2156e+02
20251208_05:00:00   1.1556e+00   1.8791e+02   1.2572e+01   1.0763e-01   1.1238e-03   3.1681e+02
20251208_06:00:00   8.8386e-01   1.6168e+02   1.1624e+01   2.2251e-02   1.7665e-04   3.1890e+02
20251208_07:00:00   7.9459e-01   1.5126e+02   1.1155e+01   1.7500e-03   1.6234e-04   3.1376e+02
20251208_08:00:00   7.8967e-01   1.5050e+02   1.1338e+01   5.5836e-04   7.2862e-03   3.0947e+02
20251208_09:00:00   7.9353e-01   1.5082e+02   1.1702e+01   1.2320e-04   2.3091e-02   3.0544e+02
20251208_10:00:00   7.9621e-01   1.5102e+02   1.1941e+01   1.9397e-05   1.7028e-02   3.0447e+02
20251208_11:00:00   8.1437e-01   1.5283e+02   1.2440e+01   2.5321e-05   2.9185e-02   3.0151e+02
20251208_12:00:00   8.3126e-01   1.5449e+02   1.2834e+01   1.4995e-03   6.5875e-02   3.0009e+02
20251208_13:00:00   8.5427e-01   1.5691e+02   1.3117e+01   5.8038e-03   8.2046e-02   2.9868e+02
20251208_14:00:00   8.5891e-01   1.5722e+02   1.3470e+01   4.3147e-04   5.9550e-02   3.0114e+02
20251208_15:00:00   8.8810e-01   1.6032e+02   1.3993e+01   0.0000e+00   4.6296e-02   3.0304e+02
20251208_16:00:00   9.3427e-01   1.6498e+02   1.4734e+01   1.4694e-04   2.6054e-01   3.0207e+02
20251208_17:00:00   9.7298e-01   1.6920e+02   1.5468e+01   0.0000e+00   6.9491e-02   3.0521e+02
20251208_18:00:00   1.0313e+00   1.7519e+02   1.6176e+01   7.5675e-04   4.1284e-02   3.0549e+02
20251208_19:00:00   1.1033e+00   1.8175e+02   1.7190e+01   3.5859e-03   1.8035e-01   3.0947e+02
20251208_20:00:00   1.1855e+00   1.8877e+02   1.7793e+01   2.3484e-02   1.2470e-01   3.1299e+02
20251208_21:00:00   1.2042e+00   1.9047e+02   1.8612e+01   3.9911e-03   2.1507e-01   3.1316e+02
20251208_22:00:00   1.3253e+00   2.0010e+02   1.8866e+01   4.3092e-02   1.7609e-01   3.1149e+02
20251208_23:00:00   1.5034e+00   2.1219e+02   1.9099e+01   1.1000e-01   8.7644e-02   3.1123e+02
20251209_00:00:00   1.7071e+00   2.2343e+02   1.8866e+01   2.0205e-01   6.2301e-02   3.0902e+02
20251209_01:00:00   1.5958e+00   2.1789e+02   1.8541e+01   1.6625e-01   5.8443e-02   3.0965e+02
20251209_02:00:00   1.5194e+00   2.1370e+02   1.8479e+01   1.3647e-01   7.7868e-02   3.1143e+02
20251209_03:00:00   1.5001e+00   2.1273e+02   1.8536e+01   1.2714e-01   8.8985e-02   3.1210e+02
20251209_04:00:00   1.4281e+00   2.0850e+02   1.8335e+01   1.0223e-01   7.3792e-02   3.1289e+02
20251209_05:00:00   1.3983e+00   2.0675e+02   1.8144e+01   9.5894e-02   7.1677e-02   3.1311e+02
20251209_06:00:00   1.3999e+00   2.0697e+02   1.8098e+01   9.4426e-02   3.8577e-02   3.1112e+02
20251209_09:00:00   9.8192e-01   1.7258e+02   1.4359e+01   2.0259e-02   2.3250e-02   3.1050e+02
20251209_12:00:00   7.7329e-01   1.4883e+02   1.2135e+01   6.1543e-04   6.8032e-03   3.0956e+02
20251209_15:00:00   7.3394e-01   1.4325e+02   1.1834e+01   0.0000e+00   3.3839e-03   3.1729e+02
20251209_18:00:00   8.8438e-01   1.6041e+02   1.3848e+01   1.7918e-02   1.5603e-01   3.0964e+02
20251209_21:00:00   1.1975e+00   1.8980e+02   1.8157e+01   1.8092e-02   5.6796e-01   3.0578e+02
20251210_00:00:00   1.5964e+00   2.1667e+02   2.0586e+01   1.1459e-01   5.7896e-01   3.0722e+02
20251210_03:00:00   1.5549e+00   2.1458e+02   2.1888e+01   6.8116e-02   3.5189e-01   3.0780e+02
20251210_06:00:00   1.4456e+00   2.0880e+02   2.2015e+01   1.9229e-02   2.1121e-01   3.1853e+02
20251210_09:00:00   1.3887e+00   2.0580e+02   2.0106e+01   5.0137e-02   4.7038e-02   3.2388e+02
20251210_12:00:00   1.4481e+00   2.0973e+02   1.9452e+01   8.7640e-02   4.2974e-02   3.2389e+02
20251210_15:00:00   1.4619e+00   2.1063e+02   1.9905e+01   7.8591e-02   3.3007e-02   3.2302e+02
20251210_18:00:00   1.6391e+00   2.2120e+02   2.0369e+01   1.3256e-01   9.3004e-02   3.2546e+02
20251210_21:00:00   1.5458e+00   2.1639e+02   1.9119e+01   1.2674e-01   1.3598e-02   3.2394e+02
20251211_00:00:00   1.4844e+00   2.1239e+02   1.7909e+01   1.3546e-01   1.4438e-02   3.2445e+02
20251211_03:00:00   1.4804e+00   2.1205e+02   1.7480e+01   1.4339e-01   4.3028e-03   3.2464e+02
20251211_06:00:00   1.3183e+00   2.0072e+02   1.7637e+01   7.4410e-02   1.5083e-02   3.2915e+02
20251211_09:00:00   1.1676e+00   1.8855e+02   1.7220e+01   3.0237e-02   3.6690e-02   3.3194e+02
20251211_12:00:00   1.2867e+00   1.9766e+02   1.8037e+01   5.2909e-02   8.9240e-02   3.2773e+02
20251211_15:00:00   1.7868e+00   2.2757e+02   1.8280e+01   2.4478e-01   5.8575e-02   3.1601e+02
20251211_18:00:00   1.8629e+00   2.3136e+02   1.7048e+01   3.0911e-01   2.8195e-02   3.1523e+02
20251211_21:00:00   1.7066e+00   2.2473e+02   1.6147e+01   2.6643e-01   7.3481e-03   3.1898e+02
20251212_00:00:00   1.3278e+00   2.0205e+02   1.3599e+01   1.7035e-01   5.5564e-02   3.2303e+02
20251212_03:00:00   1.2755e+00   1.9836e+02   1.0472e+01   2.1557e-01   1.8542e-04   3.3257e+02
20251212_06:00:00   7.2177e-01   1.4238e+02   8.8824e+00   3.8284e-02   2.6015e-03   3.6262e+02
20251212_09:00:00   5.0874e-01   1.1061e+02   7.0656e+00   6.5729e-03   6.7450e-06   3.7462e+02
20251212_12:00:00   5.0025e-01   1.0861e+02   6.7491e+00   9.5130e-03   2.0260e-04   3.7509e+02
20251212_15:00:00   5.0157e-01   1.0820e+02   6.9684e+00   4.7527e-03   2.5137e-05   3.7566e+02
20251212_18:00:00   5.5002e-01   1.1548e+02   7.5942e+00   9.1090e-03   6.0434e-03   3.7762e+02
20251212_21:00:00   5.8809e-01   1.2132e+02   8.4131e+00   1.1407e-04   1.6880e-03   3.7719e+02
20251213_00:00:00   5.9603e-01   1.2216e+02   8.5453e+00   0.0000e+00   1.0872e-03   3.7837e+02
20251213_03:00:00   7.4759e-01   1.4228e+02   9.8939e+00   2.1904e-02   2.5378e-01   3.7106e+02
20251213_06:00:00   8.0985e-01   1.5026e+02   1.0842e+01   1.3848e-02   4.8560e-01   3.7492e+02
20251213_09:00:00   1.8008e+00   2.2449e+02   9.7611e+00   4.8194e-01   1.2889e-01   3.7976e+02
20251213_12:00:00   8.0448e-01   1.4973e+02   9.4352e+00   5.6093e-02   2.3482e-02   3.8005e+02
20251213_15:00:00   5.8821e-01   1.2095e+02   8.1965e+00   5.5840e-04   2.5409e-02   3.7679e+02
20251213_18:00:00   5.3591e-01   1.1330e+02   7.3802e+00   8.7847e-04   2.9163e-03   3.7045e+02
20251213_21:00:00   5.8835e-01   1.2111e+02   8.0383e+00   5.0266e-03   4.9903e-02   3.7837e+02
20251214_00:00:00   8.5386e-01   1.5553e+02   8.4580e+00   1.0402e-01   6.5070e-03   3.6896e+02
20251214_03:00:00   7.6920e-01   1.4523e+02   9.0415e+00   5.0832e-02   2.5437e-02   3.6921e+02
20251214_06:00:00   8.0385e-01   1.4908e+02   9.2236e+00   5.9380e-02   8.5846e-02   3.7154e+02
20251214_09:00:00   6.3763e-01   1.2749e+02   8.7766e+00   1.6782e-03   4.2919e-02   3.6746e+02
20251214_12:00:00   7.3809e-01   1.4042e+02   8.5641e+00   5.4047e-02   3.7425e-02   3.7303e+02
20251214_15:00:00   6.5189e-01   1.2900e+02   8.4644e+00   1.9392e-02   2.8366e-02   3.7811e+02
20251214_18:00:00   6.2277e-01   1.2528e+02   8.4923e+00   5.2043e-03   2.2416e-02   3.7361e+02
20251214_21:00:00   6.4289e-01   1.2832e+02   8.9105e+00   4.6193e-03   1.9170e-02   3.6237e+02
20251215_00:00:00   7.6335e-01   1.4365e+02   1.0622e+01   1.7302e-02   2.9589e-02   3.4335e+02
20251215_03:00:00   8.6913e-01   1.5594e+02   1.2388e+01   2.0546e-02   4.2173e-02   3.4076e+02
20251215_06:00:00   9.4752e-01   1.6457e+02   1.4195e+01   0.0000e+00   5.9518e-01   3.4030e+02
20251215_09:00:00   1.0137e+00   1.7153e+02   1.5326e+01   3.4920e-05   5.5869e-01   3.3985e+02
20251215_12:00:00   1.3544e+00   2.0000e+02   1.6624e+01   1.1407e-01   5.8604e-01   3.4135e+02
20251215_15:00:00   1.0970e+00   1.8023e+02   1.6866e+01   7.7412e-03   8.6553e-02   3.3749e+02
20251215_18:00:00   1.0724e+00   1.7853e+02   1.6626e+01   9.8126e-03   1.6308e-02   3.3372e+02
20251215_21:00:00   1.0852e+00   1.8010e+02   1.7076e+01   3.9369e-03   4.1983e-02   3.1588e+02
20251216_00:00:00   1.1858e+00   1.8872e+02   1.7986e+01   1.9086e-02   2.8697e-01   3.0887e+02
20251216_03:00:00   1.3000e+00   1.9766e+02   1.9191e+01   2.4024e-02   3.7925e-01   3.0345e+02
20251216_06:00:00   1.7193e+00   2.2312e+02   1.9484e+01   1.8067e-01   6.6051e-01   3.0160e+02
20251216_09:00:00   2.2592e+00   2.4403e+02   1.8513e+01   4.2514e-01   1.4211e-01   3.0250e+02
20251216_12:00:00   2.6729e+00   2.5371e+02   1.8695e+01   5.9102e-01   2.4699e-01   3.0241e+02
20251216_15:00:00   2.2311e+00   2.4353e+02   1.6872e+01   4.4962e-01   1.2163e-01   3.1396e+02
20251216_18:00:00   6.6086e-01   1.3441e+02   8.1913e+00   3.4798e-02   6.8991e-04   3.2348e+02
20251216_21:00:00   6.0902e-01   1.2639e+02   9.2506e+00   6.3900e-04   3.4706e-02   3.1716e+02
20251217_00:00:00   6.7134e-01   1.3452e+02   1.0116e+01   5.9020e-03   7.0980e-03   3.2188e+02
20251217_03:00:00   7.3001e-01   1.4132e+02   1.1386e+01   3.7226e-03   8.1337e-03   3.2678e+02
20251217_06:00:00   7.8078e-01   1.4688e+02   1.2447e+01   2.1113e-03   8.4208e-03   3.1509e+02
20251217_09:00:00   8.1695e-01   1.5089e+02   1.3323e+01   1.3547e-05   1.7886e-01   3.0783e+02
20251217_12:00:00   8.9330e-01   1.5962e+02   1.4681e+01   0.0000e+00   1.2387e-01   3.1052e+02
20251217_15:00:00   1.0112e+00   1.7171e+02   1.6386e+01   0.0000e+00   3.8993e-01   3.1024e+02
20251217_18:00:00   1.1827e+00   1.8739e+02   1.8611e+01   1.0430e-02   2.4745e-01   3.0390e+02
20251217_21:00:00   1.3613e+00   2.0131e+02   2.0769e+01   2.2521e-02   3.0957e-01   2.9321e+02
20251218_00:00:00   1.4314e+00   2.0666e+02   2.1336e+01   3.6237e-02   8.7475e-02   2.9536e+02
20251218_03:00:00   2.2949e+00   2.4431e+02   2.1591e+01   3.8559e-01   3.5009e-02   3.0296e+02
20251218_06:00:00   2.2449e+00   2.4359e+02   2.2325e+01   3.3744e-01   4.7298e-02   3.0390e+02
20251218_09:00:00   2.5014e+00   2.5093e+02   2.1466e+01   4.4777e-01   6.8210e-04   3.0470e+02
20251218_12:00:00   2.8662e+00   2.5797e+02   2.1670e+01   5.8812e-01   2.8236e-03   3.0582e+02
20251218_15:00:00   3.4616e+00   2.6499e+02   2.1871e+01   8.2831e-01   6.1407e-03   3.0237e+02
20251218_18:00:00   4.2084e+00   2.6994e+02   2.4685e+01   1.0621e+00   1.1595e-02   3.0295e+02
20251218_21:00:00   2.0558e+00   2.3991e+02   2.3659e+01   2.0707e-01   8.0798e-02   3.0382e+02
20251219_00:00:00   1.3153e+00   2.0264e+02   1.9548e+01   9.4064e-03   2.0628e-02   3.1128e+02
20251219_03:00:00   1.2786e+00   2.0008e+02   1.6667e+01   4.8297e-02   2.8782e-06   3.2013e+02
20251219_06:00:00   1.3638e+00   2.0627e+02   1.6004e+01   9.0098e-02   1.4078e-04   3.1500e+02
20251219_09:00:00   1.4951e+00   2.1504e+02   1.6007e+01   1.4378e-01   1.6609e-02   3.0764e+02
20251219_12:00:00   1.5395e+00   2.1747e+02   1.6421e+01   1.5707e-01   1.1105e-01   3.1015e+02
20251219_15:00:00   1.9871e+00   2.3765e+02   1.9405e+01   2.8382e-01   5.0340e-01   3.1581e+02
20251219_18:00:00   2.7202e+00   2.5702e+02   2.5697e+01   4.2123e-01   9.3357e-01   3.0889e+02
20251219_21:00:00   3.9202e+00   2.6997e+02   2.2991e+01   9.7188e-01   8.4177e-02   3.1081e+02
20251220_00:00:00   2.2587e+00   2.4719e+02   2.0626e+01   3.4424e-01   7.4260e-04   3.0741e+02
20251220_03:00:00   1.7667e+00   2.2943e+02   1.8638e+01   1.9767e-01   4.1940e-05   3.0842e+02
20251220_06:00:00   1.6137e+00   2.2199e+02   1.8886e+01   1.5090e-01   4.2898e-03   3.0695e+02
