#            date       tau255        Tb[K]      pwv[mm] lwp[kg*m^-2] iwp[kg*m^-2]       o3[DU]
20251205_00:00:00   1.0057e+00   1.7310e+02   1.5618e+01   0.0000e+00   3.2582e-03   3.0247e+02
20251205_01:00:00   9.8348e-01   1.7098e+02   1.5164e+01   0.0000e+00   6.1009e-04   3.0378e+02
20251205_02:00:00   9.6884e-01   1.6950e+02   1.4801e+01   2.8420e-05   6.6194e-03   3.0254e+02
20251205_03:00:00   9.5514e-01   1.6810e+02   1.4518e+01   7.4240e-04   8.8650e-03   3.0370e+02
20251205_04:00:00   9.4535e-01   1.6709e+02   1.4185e+01   3.9675e-03   5.1520e-03   3.0405e+02
20251205_05:00:00   9.3190e-01   1.6577e+02   1.3680e+01   9.4600e-03   1.3783e-03   3.0382e+02
20251205_06:00:00   9.3097e-01   1.6568e+02   1.3610e+01   1.0404e-02   5.0557e-03   3.0473e+02
20251205_07:00:00   9.1143e-01   1.6373e+02   1.3392e+01   7.7020e-03   3.6825e-03   3.0718e+02
20251205_08:00:00   9.0349e-01   1.6284e+02   1.3420e+01   4.0180e-03   1.8370e-03   3.0854e+02
20251205_09:00:00   8.7662e-01   1.5990e+02   1.3190e+01   0.0000e+00   1.7575e-03   3.0761e+02
20251205_10:00:00   8.5873e-01   1.5778e+02   1.2978e+01   0.0000e+00   3.0472e-03   3.0843e+02
20251205_11:00:00   8.6564e-01   1.5839e+02   1.3179e+01   0.0000e+00   9.3464e-03   3.0878e+02
20251205_12:00:00   9.0456e-01   1.6248e+02   1.3872e+01   0.0000e+00   3.0638e-02   3.0696e+02
20251205_13:00:00   1.0034e+00   1.7232e+02   1.5366e+01   4.4663e-03   1.3539e-01   3.1129e+02
20251205_14:00:00   1.2685e+00   1.9526e+02   1.6293e+01   8.8960e-02   1.3886e-01   3.1483e+02
20251205_15:00:00   1.5777e+00   2.1552e+02   1.6524e+01   2.0997e-01   1.4610e-01   3.1272e+02
20251205_16:00:00   1.9257e+00   2.3172e+02   1.6632e+01   3.5157e-01   1.2603e-01   3.1258e+02
20251205_17:00:00   1.9520e+00   2.3265e+02   1.5693e+01   3.8449e-01   1.4856e-01   3.1608e+02
20251205_18:00:00   1.6275e+00   2.1809e+02   1.7061e+01   2.1344e-01   2.1201e-01   3.1883e+02
20251205_19:00:00   1.5068e+00   2.1133e+02   1.7513e+01   1.5023e-01   3.4768e-01   3.2175e+02
20251205_20:00:00   1.3193e+00   1.9940e+02   1.6910e+01   8.4613e-02   2.2959e-01   3.2682e+02
20251205_21:00:00   1.1064e+00   1.8298e+02   1.5289e+01   3.9987e-02   5.2155e-02   3.3072e+02
20251205_22:00:00   1.0695e+00   1.8000e+02   1.4158e+01   4.9880e-02   1.8301e-02   3.3325e+02
20251205_23:00:00   9.8969e-01   1.7243e+02   1.3928e+01   2.6748e-02   2.1945e-03   3.3522e+02
20251206_00:00:00   9.5103e-01   1.6853e+02   1.3298e+01   2.6895e-02   7.7692e-04   3.3048e+02
20251206_01:00:00   1.0234e+00   1.7570e+02   1.3804e+01   4.3050e-02   2.4781e-02   3.2825e+02
20251206_02:00:00   1.0914e+00   1.8173e+02   1.4560e+01   4.7313e-02   7.8006e-02   3.3101e+02
20251206_03:00:00   1.1768e+00   1.8930e+02   1.4123e+01   8.9399e-02   3.7180e-02   3.3395e+02
20251206_04:00:00   1.1361e+00   1.8591e+02   1.3775e+01   8.4458e-02   6.9352e-04   3.3635e+02
20251206_05:00:00   1.1249e+00   1.8485e+02   1.3771e+01   8.0890e-02   8.7886e-04   3.4186e+02
20251206_06:00:00   1.1040e+00   1.8290e+02   1.4201e+01   5.9152e-02   8.8192e-03   3.4281e+02
20251206_07:00:00   1.1607e+00   1.8793e+02   1.4362e+01   7.6866e-02   4.8975e-02   3.4549e+02
20251206_08:00:00   1.1212e+00   1.8473e+02   1.3634e+01   8.2001e-02   3.1875e-03   3.4378e+02
20251206_09:00:00   1.0266e+00   1.7608e+02   1.3375e+01   5.1202e-02   1.7572e-03   3.3709e+02
20251206_10:00:00   9.8508e-01   1.7203e+02   1.3276e+01   3.8237e-02   1.6582e-03   3.3292e+02
20251206_11:00:00   9.8110e-01   1.7166e+02   1.3053e+01   4.1815e-02   1.2357e-04   3.3102e+02
20251206_12:00:00   9.7644e-01   1.7112e+02   1.3024e+01   3.8886e-02   5.8374e-05   3.3077e+02
20251206_13:00:00   9.7009e-01   1.7052e+02   1.2846e+01   3.9336e-02   1.3528e-05   3.2896e+02
20251206_14:00:00   9.5031e-01   1.6840e+02   1.2946e+01   2.9678e-02   2.7532e-04   3.2601e+02
20251206_15:00:00   9.1739e-01   1.6493e+02   1.2648e+01   2.4204e-02   4.9886e-04   3.2482e+02
20251206_16:00:00   9.5912e-01   1.6931e+02   1.2654e+01   3.8610e-02   8.8268e-04   3.2444e+02
20251206_17:00:00   9.8568e-01   1.7215e+02   1.2674e+01   4.6549e-02   2.5095e-03   3.2867e+02
20251206_18:00:00   9.4999e-01   1.6869e+02   1.2514e+01   3.2431e-02   2.2196e-02   3.2928e+02
20251206_19:00:00   8.6680e-01   1.6000e+02   1.1949e+01   1.2753e-02   9.9149e-04   3.2774e+02
20251206_20:00:00   8.4312e-01   1.5732e+02   1.1978e+01   4.0032e-03   8.8098e-04   3.2519e+02
20251206_21:00:00   7.9949e-01   1.5233e+02   1.1641e+01   0.0000e+00   3.0636e-05   3.2428e+02
20251206_22:00:00   8.2084e-01   1.5493e+02   1.2051e+01   0.0000e+00   5.3863e-03   3.2249e+02
20251206_23:00:00   8.3517e-01   1.5652e+02   1.2233e+01   0.0000e+00   3.5677e-02   3.2242e+02
20251207_00:00:00   8.3806e-01   1.5670e+02   1.2236e+01   0.0000e+00   1.3301e-02   3.2457e+02
20251207_01:00:00   7.9101e-01   1.5122e+02   1.1534e+01   0.0000e+00   3.5620e-06   3.2642e+02
20251207_02:00:00   7.7046e-01   1.4865e+02   1.1281e+01   0.0000e+00   1.4659e-04   3.2910e+02
20251207_03:00:00   7.4695e-01   1.4574e+02   1.0946e+01   0.0000e+00   6.4889e-04   3.3037e+02
20251207_04:00:00   7.3774e-01   1.4453e+02   1.0801e+01   0.0000e+00   1.0942e-03   3.3231e+02
20251207_05:00:00   7.1308e-01   1.4142e+02   1.0406e+01   0.0000e+00   2.3876e-03   3.3083e+02
20251207_06:00:00   7.0514e-01   1.4026e+02   1.0288e+01   0.0000e+00   4.1536e-03   3.3038e+02
20251207_07:00:00   7.0472e-01   1.4002e+02   1.0317e+01   0.0000e+00   5.4772e-03   3.3329e+02
20251207_08:00:00   6.7782e-01   1.3638e+02   9.9533e+00   0.0000e+00   6.5799e-03   3.3462e+02
20251207_09:00:00   6.7046e-01   1.3527e+02   9.8494e+00   0.0000e+00   7.3344e-03   3.3506e+02
20251207_10:00:00   6.8465e-01   1.3707e+02   1.0092e+01   0.0000e+00   8.9796e-03   3.3545e+02
20251207_11:00:00   7.1411e-01   1.4070e+02   1.0695e+01   0.0000e+00   1.4526e-02   3.4017e+02
20251207_12:00:00   7.4678e-01   1.4457e+02   1.1367e+01   1.3550e-04   1.5417e-02   3.4259e+02
20251207_13:00:00   7.5592e-01   1.4554e+02   1.1533e+01   0.0000e+00   1.9112e-02   3.4103e+02
20251207_14:00:00   7.5742e-01   1.4560e+02   1.1594e+01   0.0000e+00   1.9668e-02   3.4260e+02
20251207_15:00:00   7.7448e-01   1.4751e+02   1.1958e+01   0.0000e+00   2.4457e-02   3.4567e+02
20251207_16:00:00   7.9799e-01   1.5031e+02   1.2298e+01   0.0000e+00   1.3111e-02   3.4563e+02
20251207_17:00:00   8.3156e-01   1.5420e+02   1.2830e+01   0.0000e+00   1.8558e-02   3.4665e+02
20251207_18:00:00   8.8421e-01   1.6014e+02   1.3580e+01   0.0000e+00   8.1074e-03   3.4505e+02
20251207_19:00:00   9.3578e-01   1.6570e+02   1.4331e+01   0.0000e+00   3.3087e-02   3.4418e+02
20251207_20:00:00   9.8546e-01   1.7081e+02   1.4940e+01   0.0000e+00   1.2260e-01   3.4079e+02
20251207_21:00:00   1.0361e+00   1.7584e+02   1.5469e+01   1.5850e-03   1.6302e-01   3.4397e+02
20251207_22:00:00   1.1293e+00   1.8456e+02   1.5653e+01   3.0389e-02   1.9856e-01   3.3920e+02
20251207_23:00:00   1.1866e+00   1.9020e+02   1.4155e+01   8.6195e-02   9.5841e-03   3.3139e+02
20251208_00:00:00   1.2850e+00   1.9828e+02   1.2416e+01   1.6568e-01   2.2636e-03   3.3409e+02
20251208_01:00:00   1.5256e+00   2.1412e+02   1.2262e+01   2.6795e-01   2.4693e-03   3.3522e+02
20251208_02:00:00   1.4435e+00   2.0925e+02   1.2395e+01   2.2870e-01   6.7867e-04   3.3034e+02
20251208_03:00:00   1.3247e+00   2.0136e+02   1.2096e+01   1.8972e-01   9.3971e-04   3.3314e+02
20251208_04:00:00   1.2734e+00   1.9757e+02   1.2028e+01   1.7133e-01   5.2781e-03   3.3177e+02
20251208_05:00:00   1.1713e+00   1.8948e+02   1.1965e+01   1.3530e-01   8.1926e-03   3.2914e+02
20251208_06:00:00   9.9982e-01   1.7384e+02   1.1661e+01   7.6905e-02   1.2130e-02   3.2460e+02
20251208_07:00:00   9.6087e-01   1.6973e+02   1.1925e+01   5.9360e-02   7.3189e-02   3.2150e+02
20251208_08:00:00   1.0245e+00   1.7575e+02   1.3003e+01   6.4584e-02   8.5219e-02   3.1724e+02
20251208_09:00:00   1.0076e+00   1.7382e+02   1.3963e+01   3.5729e-02   9.9804e-02   3.1640e+02
20251208_10:00:00   9.8086e-01   1.7096e+02   1.4369e+01   1.8805e-02   1.5292e-01   3.1538e+02
20251208_11:00:00   1.0482e+00   1.7743e+02   1.5198e+01   2.7571e-02   6.5823e-02   3.1505e+02
20251208_12:00:00   1.1857e+00   1.8941e+02   1.6342e+01   4.9890e-02   2.2720e-01   3.1318e+02
20251208_13:00:00   1.3613e+00   2.0248e+02   1.7783e+01   8.1165e-02   2.3601e-01   3.1006e+02
20251208_14:00:00   1.5630e+00   2.1538e+02   1.8932e+01   1.2923e-01   3.5237e-01   3.0998e+02
20251208_15:00:00   2.0541e+00   2.3796e+02   1.9277e+01   3.2151e-01   4.4622e-01   3.0819e+02
20251208_16:00:00   2.8537e+00   2.5740e+02   1.9727e+01   6.4466e-01   1.6883e-01   3.1236e+02
20251208_17:00:00   2.9288e+00   2.5850e+02   1.9553e+01   6.8360e-01   8.5999e-02   3.1588e+02
20251208_18:00:00   2.4454e+00   2.4957e+02   1.9637e+01   4.8127e-01   2.7328e-02   3.1965e+02
20251208_19:00:00   2.5004e+00   2.5085e+02   1.9317e+01   5.1359e-01   2.4415e-02   3.2013e+02
20251208_20:00:00   2.2400e+00   2.4434e+02   1.9148e+01   4.1273e-01   4.9793e-02   3.2480e+02
20251208_21:00:00   2.1350e+00   2.4123e+02   1.9577e+01   3.5854e-01   4.9220e-02   3.2475e+02
20251208_22:00:00   2.2119e+00   2.4380e+02   2.0015e+01   3.7623e-01   4.7053e-02   3.2542e+02
20251208_23:00:00   2.0286e+00   2.3801e+02   2.0216e+01   2.9341e-01   7.3361e-02   3.2843e+02
20251209_00:00:00   1.8570e+00   2.3160e+02   1.9774e+01   2.3437e-01   5.0635e-02   3.2960e+02
20251209_01:00:00   1.8047e+00   2.2960e+02   1.9473e+01   2.1832e-01   4.2753e-02   3.2955e+02
20251209_02:00:00   1.6723e+00   2.2353e+02   1.9277e+01   1.6838e-01   3.1270e-02   3.2984e+02
20251209_03:00:00   1.5263e+00   2.1590e+02   1.8865e+01   1.2200e-01   4.9676e-02   3.2764e+02
20251209_04:00:00   1.3975e+00   2.0779e+02   1.9470e+01   5.5443e-02   1.1149e-01   3.2590e+02
20251209_05:00:00   1.3935e+00   2.0772e+02   1.9691e+01   4.7183e-02   7.0352e-02   3.2758e+02
20251209_06:00:00   1.3944e+00   2.0776e+02   1.9878e+01   4.0909e-02   1.2034e-01   3.2630e+02
20251209_07:00:00   1.3751e+00   2.0630e+02   2.0298e+01   2.0930e-02   1.2043e-01   3.2593e+02
20251209_08:00:00   1.3117e+00   2.0206e+02   1.9236e+01   2.0721e-02   6.7424e-02   3.2402e+02
20251209_09:00:00   1.2554e+00   1.9802e+02   1.8220e+01   2.1008e-02   1.2177e-02   3.2265e+02
20251209_10:00:00   1.0580e+00   1.8103e+02   1.5514e+01   1.8657e-02   2.3594e-02   3.2218e+02
20251209_11:00:00   9.5475e-01   1.7063e+02   1.4347e+01   9.4121e-03   2.8114e-02   3.2604e+02
20251209_12:00:00   8.6569e-01   1.6104e+02   1.2905e+01   6.1960e-03   1.0809e-02   3.2534e+02
20251209_13:00:00   8.2314e-01   1.5600e+02   1.2300e+01   2.2460e-03   6.5652e-03   3.2652e+02
20251209_14:00:00   8.0697e-01   1.5373e+02   1.2066e+01   4.2360e-04   1.8608e-03   3.2601e+02
20251209_15:00:00   7.7498e-01   1.4957e+02   1.1624e+01   3.7320e-04   1.9091e-03   3.2818e+02
20251209_16:00:00   7.3732e-01   1.4464e+02   1.1152e+01   2.6060e-04   6.0921e-03   3.2700e+02
20251209_17:00:00   6.7123e-01   1.3606e+02   1.0331e+01   1.0282e-04   6.1333e-03   3.2040e+02
20251209_18:00:00   6.8131e-01   1.3760e+02   1.0647e+01   0.0000e+00   2.1797e-03   3.1854e+02
20251209_19:00:00   6.5795e-01   1.3435e+02   1.0587e+01   0.0000e+00   1.1101e-02   3.1209e+02
20251209_20:00:00   6.8052e-01   1.3739e+02   1.1075e+01   0.0000e+00   5.2905e-03   3.1102e+02
20251209_21:00:00   7.4902e-01   1.4608e+02   1.2291e+01   0.0000e+00   1.3340e-02   3.1280e+02
20251209_22:00:00   8.0458e-01   1.5274e+02   1.3146e+01   0.0000e+00   1.6311e-02   3.1418e+02
20251209_23:00:00   8.4114e-01   1.5673e+02   1.3799e+01   0.0000e+00   1.9567e-02   3.1309e+02
20251210_00:00:00   8.5867e-01   1.5852e+02   1.4146e+01   0.0000e+00   2.0533e-02   3.0985e+02
20251210_03:00:00   1.0652e+00   1.7888e+02   1.7301e+01   1.4738e-03   8.2600e-02   3.0965e+02
20251210_06:00:00   1.6881e+00   2.2187e+02   2.0343e+01   1.5551e-01   5.8566e-01   3.0826e+02
20251210_09:00:00   1.6955e+00   2.2270e+02   2.0826e+01   1.4334e-01   5.1688e-01   3.0385e+02
20251210_12:00:00   1.7141e+00   2.2413e+02   2.0786e+01   1.5165e-01   4.0989e-01   3.0738e+02
20251210_15:00:00   1.3023e+00   1.9957e+02   1.8966e+01   3.7208e-02   7.0939e-02   3.1780e+02
20251210_18:00:00   1.2374e+00   1.9558e+02   1.6590e+01   6.4252e-02   1.2703e-02   3.1977e+02
20251210_21:00:00   1.0621e+00   1.8148e+02   1.1509e+01   1.0879e-01   9.9803e-03   3.2918e+02
20251211_00:00:00   7.9102e-01   1.5113e+02   1.0099e+01   3.6068e-02   2.5556e-03   3.4153e+02
20251211_03:00:00   6.6162e-01   1.3340e+02   9.3090e+00   1.9986e-04   7.7721e-03   3.4803e+02
20251211_06:00:00   5.8519e-01   1.2204e+02   8.3153e+00   0.0000e+00   7.7733e-03   3.3642e+02
20251211_09:00:00   5.0018e-01   1.0868e+02   7.2724e+00   0.0000e+00   1.1662e-02   3.3983e+02
20251211_12:00:00   5.0433e-01   1.0898e+02   7.4661e+00   0.0000e+00   1.5858e-02   3.3268e+02
20251211_15:00:00   5.2174e-01   1.1136e+02   7.8709e+00   0.0000e+00   7.1092e-03   3.3073e+02
20251211_18:00:00   5.5163e-01   1.1589e+02   8.4864e+00   0.0000e+00   1.3445e-02   3.2440e+02
20251211_21:00:00   6.7874e-01   1.3372e+02   1.0873e+01   0.0000e+00   9.1365e-02   3.1836e+02
20251212_00:00:00   8.6512e-01   1.5645e+02   1.4060e+01   0.0000e+00   4.1745e-02   3.1507e+02
20251212_03:00:00   1.0334e+00   1.7378e+02   1.6374e+01   2.9240e-03   1.6441e-01   3.1700e+02
20251212_06:00:00   1.1477e+00   1.8456e+02   1.7828e+01   4.0441e-03   1.9970e-01   3.0939e+02
20251212_09:00:00   1.5100e+00   2.1080e+02   1.7969e+01   1.5432e-01   7.3098e-02   3.0934e+02
20251212_12:00:00   1.8214e+00   2.2727e+02   1.8303e+01   2.7035e-01   8.5775e-02   3.0530e+02
20251212_15:00:00   2.3014e+00   2.4435e+02   1.8969e+01   4.5015e-01   3.3297e-02   3.0223e+02
20251212_18:00:00   2.9876e+00   2.5866e+02   1.9576e+01   7.1156e-01   1.9869e-02   2.9954e+02
20251212_21:00:00   3.2094e+00   2.6206e+02   2.0021e+01   7.8814e-01   5.7316e-02   2.9570e+02
20251213_00:00:00   2.8643e+00   2.5824e+02   2.0067e+01   6.3723e-01   4.4952e-02   2.9220e+02
20251213_03:00:00   2.3996e+00   2.4994e+02   2.0475e+01   4.3074e-01   1.6174e-02   2.9402e+02
20251213_06:00:00   1.8472e+00   2.3259e+02   2.0330e+01   2.0003e-01   4.9542e-03   2.9555e+02
20251213_09:00:00   1.6395e+00   2.2237e+02   1.9483e+01   1.4354e-01   1.6513e-02   2.9311e+02
20251213_12:00:00   1.4498e+00   2.1041e+02   1.7867e+01   1.1750e-01   1.0995e-02   2.9109e+02
20251213_15:00:00   1.1226e+00   1.8448e+02   1.6274e+01   3.1865e-02   5.7246e-03   3.0111e+02
20251213_18:00:00   9.6936e-01   1.6959e+02   1.5101e+01   3.2708e-03   1.7692e-03   3.0103e+02
20251213_21:00:00   8.4381e-01   1.5617e+02   1.3208e+01   1.9538e-05   7.2928e-03   3.0037e+02
20251214_00:00:00   7.4434e-01   1.4439e+02   9.9628e+00   3.5019e-02   9.6236e-04   3.0036e+02
20251214_03:00:00   6.0643e-01   1.2489e+02   8.8754e+00   1.1710e-02   2.3968e-03   2.9722e+02
20251214_06:00:00   5.5084e-01   1.1591e+02   8.6045e+00   9.2600e-05   2.3163e-02   2.9381e+02
20251214_09:00:00   5.7920e-01   1.1979e+02   9.2482e+00   0.0000e+00   1.2413e-01   2.9429e+02
20251214_12:00:00   6.7701e-01   1.3347e+02   1.0956e+01   0.0000e+00   6.6061e-02   2.9322e+02
20251214_15:00:00   8.3310e-01   1.5292e+02   1.3204e+01   0.0000e+00   2.5323e-01   2.9396e+02
20251214_18:00:00   9.7680e-01   1.6848e+02   1.5119e+01   0.0000e+00   3.6777e-01   2.9847e+02
20251214_21:00:00   1.0783e+00   1.7849e+02   1.6425e+01   7.2952e-03   1.8572e-01   2.9441e+02
20251215_00:00:00   1.1753e+00   1.8722e+02   1.7237e+01   2.7492e-02   8.1897e-02   2.9238e+02
20251215_03:00:00   1.5104e+00   2.1100e+02   1.7664e+01   1.5756e-01   7.2143e-02   2.9394e+02
20251215_06:00:00   1.5951e+00   2.1594e+02   1.8797e+01   1.6068e-01   1.7814e-01   3.0038e+02
20251215_09:00:00   1.4253e+00   2.0631e+02   1.8763e+01   9.2561e-02   2.2900e-02   2.9960e+02
20251215_12:00:00   1.5223e+00   2.1262e+02   1.8902e+01   1.2391e-01   8.9984e-03   2.9780e+02
20251215_15:00:00   1.8632e+00   2.2973e+02   1.9545e+01   2.5052e-01   9.7203e-03   2.9653e+02
20251215_18:00:00   2.0142e+00   2.3597e+02   2.0728e+01   2.8000e-01   1.1255e-02   2.9672e+02
20251215_21:00:00   1.9911e+00   2.3538e+02   2.1967e+01   2.3915e-01   5.2997e-01   2.9796e+02
20251216_00:00:00   2.8547e+00   2.5685e+02   2.2735e+01   5.7935e-01   3.0697e-01   2.9799e+02
20251216_03:00:00   2.3669e+00   2.4762e+02   2.1765e+01   3.9491e-01   5.2015e-02   3.0479e+02
20251216_06:00:00   1.7279e+00   2.2542e+02   2.0014e+01   1.7443e-01   1.3788e-02   3.2030e+02
20251216_09:00:00   1.6663e+00   2.2297e+02   1.6985e+01   2.0400e-01   1.2680e-02   3.3804e+02
20251216_12:00:00   1.0112e+00   1.7600e+02   1.2192e+01   5.9724e-02   6.8470e-06   3.6532e+02
20251216_15:00:00   6.2741e-01   1.3060e+02   8.9746e+00   3.1429e-03   0.0000e+00   4.0540e+02
20251216_18:00:00   5.2372e-01   1.1519e+02   7.5696e+00   0.0000e+00   0.0000e+00   3.9247e+02
20251216_21:00:00   6.3977e-01   1.3250e+02   8.6049e+00   1.8016e-02   2.1677e-03   3.4855e+02
20251217_00:00:00   6.0028e-01   1.2622e+02   7.9923e+00   1.5097e-02   3.0967e-03   3.6348e+02
20251217_03:00:00   4.6084e-01   1.0329e+02   6.6241e+00   1.9876e-03   2.1503e-03   3.5903e+02
20251217_06:00:00   3.3594e-01   8.0568e+01   4.7176e+00   0.0000e+00   8.5076e-06   3.5334e+02
20251217_09:00:00   3.2381e-01   7.7900e+01   4.4707e+00   0.0000e+00   1.0198e-06   3.5637e+02
20251217_12:00:00   3.5527e-01   8.3331e+01   5.0024e+00   0.0000e+00   9.6920e-07   3.5615e+02
20251217_15:00:00   3.5610e-01   8.3256e+01   4.9982e+00   0.0000e+00   1.7669e-06   3.7249e+02
20251217_18:00:00   3.7267e-01   8.6268e+01   5.2767e+00   0.0000e+00   1.2317e-06   3.6631e+02
20251217_21:00:00   4.0085e-01   9.1578e+01   5.7154e+00   0.0000e+00   3.5520e-07   3.6200e+02
20251218_00:00:00   4.5273e-01   1.0023e+02   6.4447e+00   0.0000e+00   1.7815e-05   3.7061e+02
20251218_03:00:00   4.9532e-01   1.0647e+02   7.1589e+00   0.0000e+00   1.7364e-02   3.5229e+02
20251218_06:00:00   4.5399e-01   9.9126e+01   6.6194e+00   0.0000e+00   3.2693e-03   3.7277e+02
20251218_09:00:00   4.3632e-01   9.5932e+01   6.3103e+00   0.0000e+00   7.3830e-04   3.7702e+02
20251218_12:00:00   4.0112e-01   9.0160e+01   5.6589e+00   0.0000e+00   7.2882e-06   3.7391e+02
20251218_15:00:00   3.6228e-01   8.3322e+01   5.1632e+00   0.0000e+00   7.7020e-07   3.5878e+02
20251218_18:00:00   4.0216e-01   9.0335e+01   5.9993e+00   0.0000e+00   9.1888e-06   3.5295e+02
20251218_21:00:00   4.1398e-01   9.3042e+01   6.1878e+00   0.0000e+00   1.8688e-06   3.3871e+02
20251219_00:00:00   4.3779e-01   9.7414e+01   6.5270e+00   0.0000e+00   4.8593e-06   3.3853e+02
20251219_03:00:00   4.4973e-01   9.9353e+01   6.6786e+00   0.0000e+00   3.5752e-06   3.4564e+02
20251219_06:00:00   4.5219e-01   9.9619e+01   6.8545e+00   0.0000e+00   7.1532e-05   3.4536e+02
20251219_09:00:00   4.3581e-01   9.6780e+01   6.6244e+00   0.0000e+00   5.2279e-05   3.5739e+02
20251219_12:00:00   4.1882e-01   9.3833e+01   6.3947e+00   0.0000e+00   3.0476e-06   3.6548e+02
20251219_15:00:00   4.2683e-01   9.5170e+01   6.5293e+00   0.0000e+00   4.8960e-04   3.6136e+02
20251219_18:00:00   4.3559e-01   9.6903e+01   6.5691e+00   0.0000e+00   7.7738e-04   3.5989e+02
20251219_21:00:00   3.8684e-01   8.8690e+01   5.6106e+00   0.0000e+00   2.2258e-03   3.5819e+02
20251220_00:00:00   3.9402e-01   8.9748e+01   5.7310e+00   0.0000e+00   3.0402e-02   3.5668e+02
20251220_03:00:00   4.1271e-01   9.2820e+01   6.0485e+00   0.0000e+00   2.6911e-03   3.4995e+02
20251220_06:00:00   4.1477e-01   9.2980e+01   6.1923e+00   0.0000e+00   1.1974e-03   3.5009e+02
20251220_09:00:00   3.8622e-01   8.7990e+01   5.7486e+00   0.0000e+00   2.4268e-06   3.4369e+02
20251220_12:00:00   3.7249e-01   8.5480e+01   5.5386e+00   0.0000e+00   2.6897e-06   3.4382e+02
20251220_15:00:00   3.6738e-01   8.4584e+01   5.4241e+00   0.0000e+00   2.6897e-06   3.4574e+02
20251220_18:00:00   3.7811e-01   8.6664e+01   5.5272e+00   0.0000e+00   4.2213e-06   3.4341e+02
20251220_21:00:00   3.9323e-01   8.9649e+01   5.7152e+00   0.0000e+00   3.0453e-06   3.3993e+02
20251221_00:00:00   3.8076e-01   8.7472e+01   5.4760e+00   0.0000e+00   5.0005e-04   3.4651e+02
