#            date       tau255        Tb[K]      pwv[mm] lwp[kg*m^-2] iwp[kg*m^-2]       o3[DU]
20251202_12:00:00   8.2405e-01   1.5295e+02   1.2287e+01   0.0000e+00   4.0060e-03   4.0478e+02
20251202_13:00:00   8.1994e-01   1.5247e+02   1.2200e+01   2.1320e-04   6.1274e-04   4.0804e+02
20251202_14:00:00   8.2120e-01   1.5266e+02   1.2206e+01   0.0000e+00   8.3914e-04   4.1284e+02
20251202_15:00:00   7.7767e-01   1.4776e+02   1.1541e+01   0.0000e+00   1.1806e-03   4.1218e+02
20251202_16:00:00   7.6830e-01   1.4658e+02   1.1411e+01   0.0000e+00   1.0745e-03   4.0879e+02
20251202_17:00:00   7.7031e-01   1.4697e+02   1.1488e+01   0.0000e+00   2.1047e-04   4.1497e+02
20251202_18:00:00   7.5229e-01   1.4503e+02   1.1260e+01   0.0000e+00   2.0192e-04   4.1574e+02
20251202_19:00:00   7.4824e-01   1.4477e+02   1.1263e+01   0.0000e+00   2.8654e-04   4.1043e+02
20251202_20:00:00   7.2977e-01   1.4276e+02   1.0965e+01   0.0000e+00   8.8564e-05   4.1780e+02
20251202_21:00:00   7.1372e-01   1.4102e+02   1.0690e+01   0.0000e+00   1.4284e-06   4.1746e+02
20251202_22:00:00   7.2838e-01   1.4304e+02   1.0867e+01   0.0000e+00   5.7140e-07   4.2254e+02
20251202_23:00:00   7.4632e-01   1.4526e+02   1.1103e+01   0.0000e+00   0.0000e+00   4.1827e+02
20251203_00:00:00   7.5538e-01   1.4625e+02   1.1206e+01   0.0000e+00   0.0000e+00   4.0971e+02
20251203_01:00:00   7.5940e-01   1.4668e+02   1.1212e+01   0.0000e+00   5.7140e-07   4.0277e+02
20251203_02:00:00   7.6136e-01   1.4688e+02   1.1210e+01   0.0000e+00   0.0000e+00   4.0032e+02
20251203_03:00:00   7.4934e-01   1.4540e+02   1.0974e+01   0.0000e+00   0.0000e+00   3.9535e+02
20251203_04:00:00   7.3616e-01   1.4365e+02   1.0752e+01   0.0000e+00   1.0702e-05   3.8955e+02
20251203_05:00:00   7.1709e-01   1.4111e+02   1.0446e+01   0.0000e+00   1.2928e-03   3.8293e+02
20251203_06:00:00   7.1273e-01   1.4046e+02   1.0368e+01   0.0000e+00   2.1668e-04   3.8588e+02
20251203_07:00:00   7.0260e-01   1.3902e+02   1.0241e+01   0.0000e+00   0.0000e+00   3.8639e+02
20251203_08:00:00   7.0164e-01   1.3878e+02   1.0222e+01   0.0000e+00   2.7220e-06   3.7717e+02
20251203_09:00:00   6.8631e-01   1.3664e+02   9.9915e+00   0.0000e+00   3.5480e-04   3.6644e+02
20251203_10:00:00   7.0262e-01   1.3861e+02   1.0278e+01   1.3759e-03   7.0985e-03   3.5706e+02
20251203_11:00:00   7.2258e-01   1.4109e+02   1.0319e+01   1.0122e-02   2.8363e-02   3.5324e+02
20251203_12:00:00   8.1868e-01   1.5284e+02   1.0378e+01   5.0472e-02   3.5903e-02   3.5103e+02
20251203_13:00:00   9.5751e-01   1.6797e+02   1.0440e+01   1.0879e-01   2.7192e-02   3.5241e+02
20251203_14:00:00   1.0395e+00   1.7587e+02   1.0605e+01   1.4047e-01   3.0339e-02   3.5299e+02
20251203_15:00:00   1.0097e+00   1.7286e+02   1.0815e+01   1.2415e-01   8.9930e-02   3.5228e+02
20251203_16:00:00   9.9352e-01   1.7112e+02   1.1165e+01   1.0965e-01   8.7585e-02   3.5218e+02
20251203_17:00:00   9.6770e-01   1.6841e+02   1.1698e+01   8.7841e-02   5.8535e-02   3.5081e+02
20251203_18:00:00   9.3798e-01   1.6529e+02   1.2001e+01   6.7164e-02   5.9214e-02   3.4860e+02
20251203_19:00:00   9.0660e-01   1.6198e+02   1.2168e+01   4.8774e-02   1.3201e-01   3.4465e+02
20251203_20:00:00   8.5682e-01   1.5653e+02   1.2521e+01   2.1052e-02   7.5343e-02   3.3948e+02
20251203_21:00:00   8.4787e-01   1.5559e+02   1.2736e+01   1.3121e-02   7.5770e-03   3.3427e+02
20251203_22:00:00   8.3129e-01   1.5378e+02   1.2754e+01   6.7923e-03   1.7656e-02   3.2434e+02
20251203_23:00:00   8.0605e-01   1.5099e+02   1.2559e+01   7.6670e-04   7.4863e-03   3.2023e+02
20251204_00:00:00   8.1414e-01   1.5200e+02   1.2718e+01   5.8137e-04   1.4165e-02   3.1831e+02
20251204_01:00:00   8.4059e-01   1.5504e+02   1.3146e+01   2.0614e-04   3.7119e-02   3.1716e+02
20251204_02:00:00   8.6887e-01   1.5823e+02   1.3617e+01   9.4160e-05   2.8933e-02   3.1511e+02
20251204_03:00:00   8.8790e-01   1.6044e+02   1.3813e+01   2.3700e-03   4.9802e-03   3.1149e+02
20251204_04:00:00   8.9526e-01   1.6127e+02   1.3982e+01   3.6100e-04   2.9048e-03   3.0931e+02
20251204_05:00:00   8.8598e-01   1.6039e+02   1.3849e+01   1.3498e-04   5.0876e-04   3.1004e+02
20251204_06:00:00   8.9533e-01   1.6142e+02   1.3991e+01   7.2980e-04   1.0117e-03   3.0881e+02
20251204_07:00:00   9.1379e-01   1.6342e+02   1.4097e+01   6.3420e-03   3.2276e-03   3.0490e+02
20251204_08:00:00   9.4118e-01   1.6624e+02   1.4253e+01   1.4326e-02   4.0359e-03   3.0442e+02
20251204_09:00:00   9.3586e-01   1.6561e+02   1.4391e+01   8.9047e-03   4.1774e-03   3.0331e+02
20251204_10:00:00   9.3669e-01   1.6560e+02   1.4653e+01   4.4600e-03   1.6456e-02   3.0266e+02
20251204_11:00:00   9.2819e-01   1.6467e+02   1.4519e+01   3.4219e-03   2.7216e-02   3.0319e+02
20251204_12:00:00   9.2570e-01   1.6433e+02   1.4461e+01   2.9001e-03   1.1342e-02   3.0344e+02
20251204_13:00:00   9.5337e-01   1.6721e+02   1.4983e+01   1.7158e-03   1.5767e-02   3.0417e+02
20251204_14:00:00   9.9066e-01   1.7097e+02   1.5471e+01   3.4370e-03   1.7089e-02   3.0268e+02
20251204_15:00:00   1.0059e+00   1.7239e+02   1.5533e+01   7.2300e-03   1.8865e-02   3.0462e+02
20251204_16:00:00   1.0382e+00   1.7536e+02   1.6006e+01   6.9902e-03   8.5683e-03   3.0361e+02
20251204_17:00:00   1.0627e+00   1.7773e+02   1.6441e+01   5.8707e-03   3.1672e-02   3.0091e+02
20251204_18:00:00   1.1065e+00   1.8178e+02   1.6694e+01   1.6033e-02   5.1737e-02   3.0038e+02
20251204_19:00:00   1.1354e+00   1.8446e+02   1.7148e+01   1.5545e-02   2.9277e-02   3.0326e+02
20251204_20:00:00   1.2346e+00   1.9264e+02   1.7711e+01   3.9355e-02   9.4675e-02   3.0241e+02
20251204_21:00:00   1.2341e+00   1.9275e+02   1.7779e+01   3.6003e-02   5.9231e-02   3.0079e+02
20251204_22:00:00   1.2330e+00   1.9269e+02   1.7904e+01   3.2054e-02   8.0351e-02   2.9994e+02
20251204_23:00:00   1.2297e+00   1.9248e+02   1.7917e+01   2.9960e-02   5.6586e-02   3.0031e+02
20251205_00:00:00   1.2400e+00   1.9334e+02   1.7809e+01   3.6685e-02   1.8247e-02   2.9976e+02
20251205_01:00:00   1.3035e+00   1.9819e+02   1.7553e+01   6.9618e-02   1.6218e-02   3.0131e+02
20251205_02:00:00   1.3692e+00   2.0278e+02   1.7695e+01   9.3830e-02   6.9470e-02   3.0035e+02
20251205_03:00:00   1.4182e+00   2.0606e+02   1.7650e+01   1.1507e-01   2.9997e-02   2.9969e+02
20251205_04:00:00   1.4741e+00   2.0963e+02   1.7748e+01   1.3507e-01   6.4285e-02   2.9772e+02
20251205_05:00:00   1.6447e+00   2.1919e+02   1.8230e+01   1.9227e-01   1.3766e-01   2.9526e+02
20251205_06:00:00   1.7349e+00   2.2369e+02   1.8158e+01   2.3076e-01   1.3078e-01   2.9355e+02
20251205_07:00:00   1.9795e+00   2.3379e+02   1.8482e+01   3.2175e-01   3.4806e-01   2.9540e+02
20251205_08:00:00   1.5698e+00   2.1500e+02   1.8272e+01   1.5404e-01   2.3157e-01   2.9850e+02
20251205_09:00:00   1.3853e+00   2.0358e+02   1.8062e+01   8.1269e-02   2.7906e-01   3.0580e+02
20251205_10:00:00   1.2108e+00   1.9087e+02   1.7772e+01   1.2700e-02   3.3674e-01   3.0640e+02
20251205_11:00:00   1.1408e+00   1.8533e+02   1.7150e+01   4.4622e-04   1.0640e-01   3.0864e+02
20251205_12:00:00   1.1814e+00   1.8842e+02   1.7456e+01   8.6804e-03   3.1302e-01   3.0701e+02
20251205_13:00:00   1.1507e+00   1.8607e+02   1.6438e+01   1.9755e-02   2.5424e-01   3.0968e+02
20251205_14:00:00   1.2039e+00   1.9057e+02   1.6253e+01   4.5973e-02   1.5914e-01   3.1111e+02
20251205_15:00:00   1.3813e+00   2.0355e+02   1.5806e+01   1.3184e-01   2.0705e-01   3.1507e+02
20251205_16:00:00   1.1598e+00   1.8701e+02   1.5257e+01   5.2978e-02   1.2115e-01   3.1944e+02
20251205_17:00:00   1.2715e+00   1.9570e+02   1.5679e+01   9.0513e-02   8.6254e-02   3.2550e+02
20251205_18:00:00   1.1948e+00   1.8972e+02   1.5958e+01   5.3146e-02   8.5743e-02   3.2913e+02
20251205_19:00:00   1.0902e+00   1.8103e+02   1.5790e+01   1.3570e-02   2.6996e-02   3.3443e+02
20251205_20:00:00   1.1115e+00   1.8305e+02   1.5842e+01   1.9625e-02   2.9824e-02   3.3762e+02
20251205_21:00:00   1.0983e+00   1.8208e+02   1.4995e+01   3.6259e-02   2.9181e-03   3.4387e+02
20251205_22:00:00   1.1957e+00   1.9044e+02   1.5005e+01   7.5824e-02   2.6803e-03   3.4977e+02
20251205_23:00:00   1.1637e+00   1.8794e+02   1.4627e+01   7.2262e-02   3.0649e-03   3.4830e+02
20251206_00:00:00   1.2361e+00   1.9380e+02   1.4200e+01   1.1286e-01   6.7363e-03   3.4607e+02
20251206_01:00:00   1.2750e+00   1.9685e+02   1.3262e+01   1.5054e-01   3.3000e-03   3.4673e+02
20251206_02:00:00   9.9538e-01   1.7299e+02   1.2284e+01   5.8850e-02   3.2533e-04   3.4148e+02
20251206_03:00:00   9.1154e-01   1.6448e+02   1.1564e+01   4.4934e-02   2.7303e-04   3.3870e+02
20251206_04:00:00   9.3011e-01   1.6650e+02   1.1333e+01   6.0113e-02   1.4620e-03   3.3378e+02
20251206_05:00:00   9.5681e-01   1.6917e+02   1.1668e+01   6.2879e-02   5.3415e-03   3.2918e+02
20251206_06:00:00   8.1203e-01   1.5310e+02   1.1267e+01   1.4013e-02   2.0485e-02   3.3081e+02
20251206_07:00:00   8.3099e-01   1.5522e+02   1.1135e+01   2.6304e-02   6.1154e-03   3.3069e+02
20251206_08:00:00   8.9480e-01   1.6240e+02   1.1284e+01   4.9212e-02   1.5564e-02   3.2869e+02
20251206_09:00:00   9.4938e-01   1.6829e+02   1.1000e+01   8.0245e-02   6.0677e-03   3.2497e+02
20251206_10:00:00   9.8213e-01   1.7162e+02   1.1474e+01   8.1592e-02   2.2647e-03   3.2731e+02
20251206_11:00:00   9.2353e-01   1.6557e+02   1.1219e+01   6.6361e-02   8.8378e-04   3.2849e+02
20251206_12:00:00   9.1885e-01   1.6504e+02   1.1062e+01   7.0542e-02   3.0222e-03   3.2473e+02
20251206_13:00:00   8.8214e-01   1.6101e+02   1.0931e+01   5.8592e-02   1.8564e-02   3.2215e+02
20251206_14:00:00   8.3120e-01   1.5528e+02   1.0643e+01   4.3709e-02   6.3367e-02   3.1939e+02
20251206_15:00:00   8.5465e-01   1.5770e+02   1.1394e+01   3.2573e-02   5.2553e-02   3.1683e+02
20251206_16:00:00   9.0362e-01   1.6298e+02   1.1949e+01   3.7682e-02   1.2662e-01   3.1979e+02
20251206_17:00:00   9.0509e-01   1.6325e+02   1.2232e+01   3.3066e-02   4.3367e-02   3.2471e+02
20251206_18:00:00   8.6937e-01   1.5952e+02   1.2089e+01   2.2440e-02   1.1455e-02   3.2547e+02
20251206_19:00:00   8.4725e-01   1.5708e+02   1.2028e+01   1.5002e-02   7.5409e-03   3.2912e+02
20251206_20:00:00   8.7105e-01   1.5993e+02   1.2330e+01   1.6836e-02   1.5724e-03   3.3242e+02
20251206_21:00:00   9.2781e-01   1.6620e+02   1.2877e+01   2.4243e-02   7.1120e-05   3.3235e+02
20251206_22:00:00   9.5951e-01   1.6942e+02   1.3408e+01   2.3194e-02   7.2452e-05   3.2991e+02
20251206_23:00:00   1.0284e+00   1.7630e+02   1.3582e+01   4.2617e-02   6.6899e-05   3.3022e+02
20251207_00:00:00   1.1161e+00   1.8442e+02   1.3470e+01   7.8573e-02   1.1468e-04   3.2892e+02
20251207_01:00:00   1.1487e+00   1.8718e+02   1.3558e+01   8.8814e-02   2.3789e-03   3.2784e+02
20251207_02:00:00   1.0541e+00   1.7880e+02   1.3185e+01   5.9834e-02   1.7276e-04   3.2521e+02
20251207_03:00:00   9.1604e-01   1.6507e+02   1.2402e+01   2.4205e-02   2.1084e-04   3.2413e+02
20251207_04:00:00   8.2638e-01   1.5499e+02   1.1898e+01   2.0148e-03   2.3574e-03   3.2382e+02
20251207_05:00:00   8.1977e-01   1.5404e+02   1.1943e+01   1.6191e-03   4.1500e-03   3.2445e+02
20251207_06:00:00   8.5219e-01   1.5768e+02   1.2276e+01   6.3540e-03   8.7144e-03   3.2582e+02
20251207_07:00:00   8.8408e-01   1.6118e+02   1.2538e+01   1.2337e-02   1.0494e-02   3.2559e+02
20251207_08:00:00   9.2625e-01   1.6548e+02   1.3269e+01   1.3922e-02   4.1195e-02   3.2976e+02
20251207_09:00:00   9.8270e-01   1.7121e+02   1.3683e+01   2.7750e-02   7.9365e-02   3.2848e+02
20251207_10:00:00   1.0377e+00   1.7640e+02   1.4037e+01   4.3301e-02   4.4041e-02   3.3084e+02
20251207_11:00:00   9.4183e-01   1.6700e+02   1.3199e+01   2.2264e-02   1.6550e-02   3.3486e+02
20251207_12:00:00   8.9403e-01   1.6195e+02   1.2530e+01   2.0223e-02   1.1349e-02   3.3362e+02
20251207_15:00:00   9.8628e-01   1.7099e+02   1.3903e+01   2.2692e-02   4.7560e-02   3.4234e+02
20251207_18:00:00   1.3141e+00   1.9989e+02   1.3172e+01   1.6604e-01   1.1471e-03   3.5136e+02
20251207_21:00:00   1.4393e+00   2.0853e+02   1.5223e+01   1.6413e-01   3.7777e-03   3.4342e+02
20251208_00:00:00   2.0401e+00   2.3797e+02   1.3770e+01   4.4265e-01   2.4779e-03   3.2971e+02
20251208_03:00:00   1.0358e+00   1.7787e+02   1.1748e+01   7.9437e-02   2.0608e-03   3.2334e+02
20251208_06:00:00   6.5843e-01   1.3437e+02   8.3505e+00   2.2260e-02   0.0000e+00   3.3187e+02
20251208_09:00:00   5.2247e-01   1.1288e+02   7.9769e+00   3.4732e-03   1.2209e-02   3.1551e+02
20251208_12:00:00   6.3434e-01   1.2857e+02   1.0502e+01   1.3927e-05   2.0392e-01   3.1265e+02
20251208_15:00:00   8.0017e-01   1.4993e+02   1.3237e+01   1.2295e-03   1.3220e-01   3.0651e+02
20251208_18:00:00   9.6996e-01   1.6911e+02   1.5708e+01   1.0487e-04   1.1359e-02   3.0815e+02
20251208_21:00:00   1.0950e+00   1.8176e+02   1.7565e+01   9.3214e-04   9.5591e-03   3.1072e+02
20251209_00:00:00   1.1411e+00   1.8620e+02   1.8155e+01   7.7517e-05   1.6456e-03   3.0764e+02
20251209_03:00:00   1.4463e+00   2.0929e+02   1.7204e+01   1.4410e-01   4.1941e-03   3.0551e+02
20251209_06:00:00   1.6004e+00   2.1885e+02   1.8167e+01   1.7908e-01   9.0723e-03   2.9952e+02
20251209_09:00:00   1.2805e+00   1.9888e+02   1.9061e+01   2.8548e-02   6.4666e-02   2.9015e+02
20251209_12:00:00   1.2027e+00   1.9316e+02   1.8651e+01   1.1211e-02   2.1908e-02   2.9463e+02
20251209_15:00:00   1.1329e+00   1.8724e+02   1.7819e+01   1.6988e-04   6.7835e-03   2.9590e+02
20251209_18:00:00   1.0829e+00   1.8287e+02   1.6924e+01   2.1388e-04   1.3086e-02   3.0446e+02
20251209_21:00:00   9.8205e-01   1.7341e+02   1.5558e+01   0.0000e+00   1.2978e-02   3.1047e+02
20251210_00:00:00   1.0353e+00   1.7797e+02   1.6471e+01   1.8353e-03   1.0221e-01   3.1575e+02
20251210_03:00:00   1.1585e+00   1.8817e+02   1.8282e+01   0.0000e+00   4.6933e-01   3.2408e+02
20251210_06:00:00   1.6257e+00   2.1991e+02   2.1213e+01   1.0648e-01   2.1920e-01   3.2599e+02
20251210_09:00:00   1.9930e+00   2.3689e+02   2.2545e+01   2.1550e-01   1.7875e-01   3.2587e+02
20251210_12:00:00   1.7780e+00   2.2818e+02   2.1736e+01   1.4730e-01   1.9158e-01   3.2624e+02
20251210_15:00:00   1.2733e+00   1.9828e+02   1.9566e+01   2.9505e-03   2.2288e-01   3.3085e+02
20251210_18:00:00   8.8821e-01   1.6436e+02   1.3039e+01   3.3303e-03   1.3353e-02   3.3002e+02
20251210_21:00:00   9.1126e-01   1.6713e+02   1.3243e+01   9.1580e-03   8.9458e-03   3.3302e+02
20251211_00:00:00   8.3416e-01   1.5770e+02   1.2410e+01   6.1659e-04   3.6543e-02   3.3686e+02
20251211_03:00:00   8.1711e-01   1.5524e+02   1.2156e+01   0.0000e+00   1.5910e-02   3.4623e+02
20251211_06:00:00   7.3042e-01   1.4402e+02   1.0701e+01   0.0000e+00   6.8064e-02   3.5458e+02
20251211_09:00:00   6.1467e-01   1.2778e+02   8.9306e+00   7.9710e-05   1.1982e-02   3.5283e+02
20251211_12:00:00   5.7762e-01   1.2114e+02   8.8369e+00   2.4643e-04   2.1648e-02   3.5512e+02
20251211_15:00:00   5.9325e-01   1.2256e+02   9.4665e+00   0.0000e+00   3.6816e-02   3.5584e+02
20251211_18:00:00   6.9084e-01   1.3576e+02   1.1227e+01   0.0000e+00   7.7458e-02   3.5204e+02
20251211_21:00:00   8.1583e-01   1.5127e+02   1.3333e+01   0.0000e+00   9.3914e-02   3.4091e+02
20251212_00:00:00   9.0860e-01   1.6158e+02   1.4671e+01   0.0000e+00   1.9549e-01   3.4298e+02
20251212_03:00:00   1.0402e+00   1.7486e+02   1.6362e+01   3.1380e-05   3.7638e-01   3.4534e+02
20251212_06:00:00   1.1811e+00   1.8772e+02   1.7818e+01   9.5349e-03   7.7098e-01   3.4625e+02
20251212_09:00:00   1.7839e+00   2.2580e+02   1.8675e+01   2.3922e-01   5.9377e-01   3.4276e+02
20251212_12:00:00   2.6575e+00   2.5283e+02   1.8906e+01   5.9481e-01   3.1932e-01   3.3882e+02
20251212_15:00:00   2.0486e+00   2.3735e+02   1.8642e+01   3.4382e-01   3.1771e-01   3.3787e+02
20251212_18:00:00   1.0995e+00   1.8195e+02   1.6663e+01   1.3348e-02   2.0953e-01   3.4606e+02
20251212_21:00:00   1.1274e+00   1.8507e+02   1.4467e+01   8.2052e-02   2.0875e-02   3.4691e+02
20251213_00:00:00   1.0475e+00   1.7770e+02   1.2453e+01   1.0123e-01   9.3757e-02   3.3913e+02
20251213_03:00:00   6.8240e-01   1.3555e+02   1.0357e+01   7.5802e-03   3.4334e-02   3.5083e+02
20251213_06:00:00   5.9823e-01   1.2342e+02   8.8100e+00   6.5457e-03   1.1378e-01   3.5640e+02
20251213_09:00:00   6.0077e-01   1.2306e+02   8.6911e+00   9.5688e-03   2.5639e-01   3.6405e+02
20251213_12:00:00   6.3185e-01   1.2716e+02   8.7088e+00   2.1333e-02   9.3746e-02   3.6793e+02
20251213_15:00:00   6.4173e-01   1.2815e+02   8.4694e+00   3.0146e-02   3.5202e-02   3.7026e+02
20251213_18:00:00   5.7367e-01   1.1871e+02   7.8894e+00   1.3218e-02   6.7606e-04   3.8663e+02
20251213_21:00:00   5.4317e-01   1.1477e+02   7.3371e+00   1.1574e-02   2.5809e-04   3.7790e+02
20251214_00:00:00   5.1736e-01   1.1058e+02   6.9522e+00   8.4420e-03   1.0194e-04   3.7914e+02
20251214_03:00:00   4.8413e-01   1.0468e+02   6.6136e+00   3.7602e-03   9.9980e-04   3.8504e+02
20251214_06:00:00   4.8558e-01   1.0441e+02   6.6888e+00   6.1500e-03   5.1350e-04   3.8551e+02
20251214_09:00:00   4.6226e-01   1.0041e+02   6.5233e+00   1.6218e-03   4.0657e-04   3.8486e+02
20251214_12:00:00   4.2850e-01   9.4713e+01   6.1247e+00   0.0000e+00   2.0298e-03   3.9014e+02
20251214_15:00:00   4.5887e-01   9.9444e+01   6.7066e+00   0.0000e+00   1.7487e-03   3.9219e+02
20251214_18:00:00   4.6441e-01   1.0056e+02   6.8096e+00   0.0000e+00   3.5621e-04   3.9744e+02
20251214_21:00:00   5.0957e-01   1.0792e+02   7.5309e+00   0.0000e+00   1.7901e-02   4.0189e+02
20251215_00:00:00   5.8118e-01   1.1866e+02   8.4304e+00   0.0000e+00   1.9244e-01   4.0186e+02
20251215_03:00:00   5.6569e-01   1.1646e+02   8.1287e+00   0.0000e+00   4.6564e-02   3.9929e+02
20251215_06:00:00   5.3864e-01   1.1251e+02   7.6513e+00   9.5840e-05   5.4330e-03   3.9853e+02
20251215_09:00:00   5.3737e-01   1.1223e+02   7.4659e+00   8.3290e-04   4.1529e-02   4.1897e+02
20251215_12:00:00   5.3371e-01   1.1150e+02   7.3889e+00   2.1080e-03   5.8041e-02   4.3432e+02
20251215_15:00:00   4.7615e-01   1.0268e+02   6.5924e+00   2.5860e-06   3.1758e-03   4.2210e+02
20251215_18:00:00   4.5520e-01   9.9625e+01   6.2965e+00   0.0000e+00   1.4370e-04   4.0359e+02
20251215_21:00:00   4.9565e-01   1.0639e+02   6.8786e+00   1.0713e-04   1.7945e-04   3.9860e+02
20251216_00:00:00   5.1761e-01   1.0951e+02   7.3242e+00   0.0000e+00   1.2004e-02   3.9438e+02
20251216_03:00:00   5.6060e-01   1.1571e+02   8.1401e+00   0.0000e+00   2.4359e-02   3.9833e+02
20251216_06:00:00   6.8485e-01   1.3275e+02   9.9243e+00   1.1770e-05   4.6388e-01   3.9978e+02
20251216_09:00:00   7.6018e-01   1.4299e+02   1.0822e+01   0.0000e+00   8.4418e-01   3.8495e+02
20251216_12:00:00   7.8446e-01   1.4659e+02   1.1190e+01   0.0000e+00   6.6342e-01   3.7835e+02
20251216_15:00:00   9.4090e-01   1.6559e+02   9.8919e+00   9.9706e-02   7.7644e-02   3.7471e+02
20251216_18:00:00   5.5541e-01   1.1660e+02   7.8902e+00   4.2775e-04   1.6609e-03   3.6593e+02
20251216_21:00:00   6.3950e-01   1.2871e+02   9.5679e+00   2.9428e-06   1.8847e-02   3.3434e+02
20251217_00:00:00   7.6186e-01   1.4466e+02   1.1378e+01   2.5706e-03   1.4743e-02   3.2290e+02
20251217_03:00:00   9.1907e-01   1.6277e+02   1.2280e+01   4.3579e-02   1.3973e-02   3.2700e+02
20251217_06:00:00   9.1639e-01   1.6225e+02   1.2652e+01   3.2839e-02   7.0589e-03   3.1383e+02
20251217_09:00:00   8.3947e-01   1.5362e+02   1.1784e+01   2.7433e-02   2.3960e-03   3.0574e+02
20251217_12:00:00   7.3242e-01   1.4065e+02   1.0664e+01   1.2019e-02   2.3072e-03   3.1742e+02
20251217_15:00:00   6.5940e-01   1.3098e+02   9.9682e+00   8.9840e-04   6.9659e-05   3.2911e+02
20251217_18:00:00   5.7498e-01   1.1992e+02   8.5645e+00   0.0000e+00   1.2685e-05   3.3044e+02
20251217_21:00:00   5.4743e-01   1.1651e+02   7.9642e+00   0.0000e+00   2.0653e-03   3.2305e+02
20251218_00:00:00   5.7977e-01   1.2096e+02   8.6093e+00   0.0000e+00   1.6785e-02   3.1921e+02
20251218_03:00:00   6.7396e-01   1.3421e+02   9.3962e+00   1.6553e-02   3.4683e-03   3.1639e+02
20251218_06:00:00   6.3422e-01   1.2872e+02   9.0675e+00   9.4686e-04   9.4795e-04   3.1698e+02
20251218_09:00:00   9.5297e-01   1.6706e+02   9.9459e+00   1.0598e-01   1.8933e-03   3.1623e+02
20251218_12:00:00   9.8409e-01   1.7039e+02   1.0601e+01   1.0464e-01   1.5298e-03   3.2018e+02
