#            date       tau255        Tb[K]      pwv[mm] lwp[kg*m^-2] iwp[kg*m^-2]       o3[DU]
20251206_18:00:00   8.5839e-01   1.5923e+02   1.1683e+01   1.6193e-02   5.7852e-05   3.3318e+02
20251206_19:00:00   8.2256e-01   1.5522e+02   1.1320e+01   1.3825e-02   1.9397e-07   3.3247e+02
20251206_20:00:00   8.3984e-01   1.5714e+02   1.1948e+01   6.0281e-03   0.0000e+00   3.3220e+02
20251206_21:00:00   8.4353e-01   1.5774e+02   1.2009e+01   6.4581e-03   7.6600e-05   3.3117e+02
20251206_22:00:00   8.2255e-01   1.5540e+02   1.1788e+01   4.8530e-03   0.0000e+00   3.2892e+02
20251206_23:00:00   8.0329e-01   1.5318e+02   1.1496e+01   4.0825e-03   0.0000e+00   3.2850e+02
20251207_00:00:00   8.3070e-01   1.5619e+02   1.1789e+01   8.6571e-03   2.8260e-05   3.2844e+02
20251207_01:00:00   8.5874e-01   1.5913e+02   1.2305e+01   8.1281e-03   2.1537e-02   3.2361e+02
20251207_02:00:00   8.6018e-01   1.5912e+02   1.2607e+01   9.8850e-05   2.9650e-03   3.2720e+02
20251207_03:00:00   8.1389e-01   1.5387e+02   1.1930e+01   0.0000e+00   7.3834e-03   3.3321e+02
20251207_04:00:00   7.7359e-01   1.4916e+02   1.1308e+01   6.4200e-04   6.4736e-03   3.3566e+02
20251207_05:00:00   7.5516e-01   1.4682e+02   1.1094e+01   0.0000e+00   7.9751e-03   3.3702e+02
20251207_06:00:00   7.4929e-01   1.4600e+02   1.1051e+01   0.0000e+00   1.2719e-02   3.3926e+02
20251207_07:00:00   7.6211e-01   1.4744e+02   1.1270e+01   0.0000e+00   2.9639e-02   3.3456e+02
20251207_08:00:00   7.6649e-01   1.4787e+02   1.1344e+01   2.4550e-05   3.2979e-02   3.3144e+02
20251207_09:00:00   8.0478e-01   1.5216e+02   1.1885e+01   4.0620e-03   1.2630e-01   3.3453e+02
20251207_10:00:00   8.4046e-01   1.5615e+02   1.2553e+01   1.2670e-03   1.7684e-01   3.3465e+02
20251207_11:00:00   8.5567e-01   1.5777e+02   1.2854e+01   0.0000e+00   1.4895e-01   3.3792e+02
20251207_12:00:00   8.6881e-01   1.5913e+02   1.3066e+01   4.5100e-04   6.2125e-02   3.4279e+02
20251207_13:00:00   8.7988e-01   1.6024e+02   1.3249e+01   0.0000e+00   2.5221e-02   3.4641e+02
20251207_14:00:00   9.0372e-01   1.6274e+02   1.3592e+01   0.0000e+00   2.1723e-02   3.5313e+02
20251207_15:00:00   9.0973e-01   1.6345e+02   1.3578e+01   0.0000e+00   3.5699e-03   3.5430e+02
20251207_16:00:00   9.1898e-01   1.6453e+02   1.3653e+01   0.0000e+00   1.2267e-02   3.5307e+02
20251207_17:00:00   9.7921e-01   1.7067e+02   1.4508e+01   1.0970e-03   1.1821e-02   3.4721e+02
20251207_18:00:00   1.0266e+00   1.7550e+02   1.4933e+01   6.7663e-03   4.2151e-02   3.4342e+02
20251207_19:00:00   1.0907e+00   1.8158e+02   1.5207e+01   2.5007e-02   3.7795e-02   3.4399e+02
20251207_20:00:00   1.2059e+00   1.9109e+02   1.6703e+01   2.9759e-02   4.9595e-01   3.4329e+02
20251207_21:00:00   1.3229e+00   2.0061e+02   1.5709e+01   9.9364e-02   2.5930e-02   3.4947e+02
20251207_22:00:00   1.6165e+00   2.1927e+02   1.5088e+01   2.3405e-01   3.5845e-03   3.4961e+02
20251207_23:00:00   1.6565e+00   2.2141e+02   1.4474e+01   2.6427e-01   4.9484e-03   3.4733e+02
20251208_00:00:00   1.4187e+00   2.0773e+02   1.3630e+01   1.8581e-01   5.1825e-03   3.3856e+02
20251208_01:00:00   1.4793e+00   2.1159e+02   1.3805e+01   2.0514e-01   4.0769e-02   3.4323e+02
20251208_02:00:00   1.5067e+00   2.1335e+02   1.3470e+01   2.2520e-01   1.4794e-02   3.4834e+02
20251208_03:00:00   1.3209e+00   2.0128e+02   1.3029e+01   1.6190e-01   6.5740e-03   3.4608e+02
20251208_04:00:00   1.1804e+00   1.9046e+02   1.2654e+01   1.1759e-01   4.9548e-03   3.4753e+02
20251208_05:00:00   1.1997e+00   1.9197e+02   1.2989e+01   1.1743e-01   2.8506e-03   3.4146e+02
20251208_06:00:00   1.1569e+00   1.8814e+02   1.3750e+01   8.8258e-02   3.9094e-03   3.3568e+02
20251208_07:00:00   1.1715e+00   1.8926e+02   1.4182e+01   8.7097e-02   4.0434e-03   3.2911e+02
20251208_08:00:00   1.1930e+00   1.9096e+02   1.4685e+01   8.6316e-02   5.4264e-03   3.2798e+02
20251208_09:00:00   1.0862e+00   1.8162e+02   1.4468e+01   5.2271e-02   2.8937e-02   3.3210e+02
20251208_10:00:00   1.0329e+00   1.7671e+02   1.4580e+01   2.7631e-02   7.7155e-03   3.3471e+02
20251208_11:00:00   1.0001e+00   1.7356e+02   1.4277e+01   1.9363e-02   6.6961e-04   3.3822e+02
20251208_12:00:00   9.8501e-01   1.7190e+02   1.4336e+01   1.4053e-02   1.4700e-02   3.3638e+02
20251208_13:00:00   1.0170e+00   1.7494e+02   1.4693e+01   2.1335e-02   9.7548e-03   3.3279e+02
20251208_14:00:00   9.7713e-01   1.7079e+02   1.4957e+01   7.0495e-04   1.0001e-02   3.3621e+02
20251208_15:00:00   1.0133e+00   1.7417e+02   1.5565e+01   1.3682e-03   7.0428e-03   3.4485e+02
20251208_16:00:00   1.0356e+00   1.7618e+02   1.5911e+01   3.1953e-03   9.9916e-03   3.4395e+02
20251208_17:00:00   1.0668e+00   1.7909e+02   1.6471e+01   5.1800e-03   2.0734e-02   3.4109e+02
20251208_18:00:00   1.1005e+00   1.8219e+02   1.7165e+01   2.6051e-03   1.1455e-02   3.3934e+02
20251208_19:00:00   1.1573e+00   1.8728e+02   1.7954e+01   3.3880e-03   2.4836e-02   3.4003e+02
20251208_20:00:00   1.2458e+00   1.9448e+02   1.9096e+01   9.0919e-03   3.2292e-02   3.3898e+02
20251208_21:00:00   1.3900e+00   2.0496e+02   1.9990e+01   3.9079e-02   2.1726e-01   3.3722e+02
20251208_22:00:00   1.9130e+00   2.3314e+02   2.0578e+01   2.3688e-01   1.8004e-01   3.3402e+02
20251208_23:00:00   1.8573e+00   2.3102e+02   2.0339e+01   2.2066e-01   1.4848e-01   3.3048e+02
20251209_00:00:00   1.7390e+00   2.2593e+02   2.0104e+01   1.8067e-01   1.3277e-01   3.2300e+02
20251209_01:00:00   1.5791e+00   2.1780e+02   2.0063e+01   1.1782e-01   1.5111e-01   3.1905e+02
20251209_02:00:00   1.4984e+00   2.1339e+02   1.9949e+01   8.7504e-02   1.4994e-01   3.2398e+02
20251209_03:00:00   1.4849e+00   2.1280e+02   2.0522e+01   6.6512e-02   1.5916e-01   3.2580e+02
20251209_04:00:00   1.4660e+00   2.1189e+02   2.0239e+01   6.7204e-02   1.6419e-01   3.2450e+02
20251209_05:00:00   1.4530e+00   2.1127e+02   2.0372e+01   5.7355e-02   1.8878e-01   3.2818e+02
20251209_06:00:00   1.4000e+00   2.0803e+02   2.0327e+01   3.4649e-02   1.4621e-01   3.2352e+02
20251209_07:00:00   1.3909e+00   2.0767e+02   1.9565e+01   4.7248e-02   3.8894e-02   3.2190e+02
20251209_08:00:00   1.2265e+00   1.9532e+02   1.8383e+01   1.7008e-02   2.8622e-02   3.2432e+02
20251209_09:00:00   8.7639e-01   1.6224e+02   1.3796e+01   3.7625e-03   8.6858e-03   3.2732e+02
20251209_10:00:00   6.7985e-01   1.3786e+02   1.0495e+01   5.4610e-03   4.2882e-03   3.2350e+02
20251209_11:00:00   6.5540e-01   1.3418e+02   1.0055e+01   7.3120e-03   2.9266e-03   3.2168e+02
20251209_12:00:00   6.7757e-01   1.3672e+02   1.0318e+01   1.0535e-02   3.3071e-03   3.2229e+02
20251209_13:00:00   6.5996e-01   1.3389e+02   1.0420e+01   2.3840e-03   4.7162e-03   3.2697e+02
20251209_14:00:00   6.3518e-01   1.3012e+02   1.0193e+01   8.8480e-04   6.8153e-03   3.2336e+02
20251209_15:00:00   6.1856e-01   1.2744e+02   1.0005e+01   7.2120e-04   1.8576e-02   3.1974e+02
20251209_16:00:00   6.0320e-01   1.2505e+02   9.7934e+00   3.0882e-04   1.6476e-02   3.1937e+02
20251209_17:00:00   5.9822e-01   1.2428e+02   9.7250e+00   1.4383e-04   3.6608e-02   3.1918e+02
20251209_18:00:00   5.9776e-01   1.2425e+02   9.7236e+00   1.6763e-04   3.0967e-02   3.1897e+02
20251209_19:00:00   6.1565e-01   1.2685e+02   9.9674e+00   1.5319e-03   4.3282e-02   3.1922e+02
20251209_20:00:00   6.8378e-01   1.3587e+02   1.0243e+01   2.7486e-02   1.0693e-01   3.2090e+02
20251209_21:00:00   6.7358e-01   1.3491e+02   1.0848e+01   0.0000e+00   1.3121e-01   3.2417e+02
20251209_22:00:00   7.2043e-01   1.4099e+02   1.1528e+01   0.0000e+00   2.4630e-01   3.2314e+02
20251209_23:00:00   7.6252e-01   1.4621e+02   1.2165e+01   0.0000e+00   2.3823e-01   3.2676e+02
20251210_00:00:00   8.1901e-01   1.5293e+02   1.2922e+01   0.0000e+00   3.1221e-01   3.2772e+02
20251210_01:00:00   8.6500e-01   1.5818e+02   1.3519e+01   1.3498e-04   1.0342e-01   3.2638e+02
20251210_02:00:00   9.1619e-01   1.6375e+02   1.3808e+01   6.8518e-03   2.3018e-01   3.3076e+02
20251210_03:00:00   9.1084e-01   1.6349e+02   1.3944e+01   0.0000e+00   2.1721e-02   3.2838e+02
20251210_04:00:00   9.0064e-01   1.6252e+02   1.3716e+01   0.0000e+00   2.0072e-03   3.2614e+02
20251210_05:00:00   9.3234e-01   1.6567e+02   1.4368e+01   0.0000e+00   1.0220e-02   3.2371e+02
20251210_06:00:00   9.6455e-01   1.6881e+02   1.5006e+01   0.0000e+00   2.4321e-02   3.2016e+02
20251210_07:00:00   9.9617e-01   1.7184e+02   1.5542e+01   0.0000e+00   6.9817e-03   3.1948e+02
20251210_08:00:00   1.0156e+00   1.7371e+02   1.5823e+01   1.4604e-04   2.7167e-02   3.1706e+02
20251210_09:00:00   1.0735e+00   1.7899e+02   1.6412e+01   4.9419e-03   9.3255e-02   3.1707e+02
20251210_10:00:00   1.2044e+00   1.9011e+02   1.7136e+01   3.4650e-02   2.8908e-01   3.2064e+02
20251210_11:00:00   1.2297e+00   1.9212e+02   1.7483e+01   3.4395e-02   3.8487e-01   3.2003e+02
20251210_12:00:00   1.3252e+00   1.9942e+02   1.7585e+01   7.0632e-02   4.4105e-01   3.2397e+02
20251210_13:00:00   1.4218e+00   2.0617e+02   1.7414e+01   1.1748e-01   3.0193e-01   3.2485e+02
20251210_14:00:00   1.2918e+00   1.9742e+02   1.6880e+01   7.4349e-02   1.0182e-01   3.2876e+02
20251210_15:00:00   1.1082e+00   1.8283e+02   1.5457e+01   3.1146e-02   3.3651e-03   3.3512e+02
20251210_16:00:00   9.6463e-01   1.6981e+02   1.2660e+01   3.6256e-02   8.6362e-03   3.3788e+02
20251210_17:00:00   7.7832e-01   1.4939e+02   1.0962e+01   1.0427e-03   2.1018e-03   3.4214e+02
20251210_18:00:00   7.3049e-01   1.4379e+02   1.0322e+01   2.2711e-04   1.7889e-03   3.4406e+02
20251210_19:00:00   7.2821e-01   1.4369e+02   1.0289e+01   3.5291e-04   2.8263e-03   3.4631e+02
20251210_20:00:00   7.0605e-01   1.4078e+02   9.9438e+00   3.3740e-05   3.7950e-03   3.4849e+02
20251210_21:00:00   6.7781e-01   1.3704e+02   9.6061e+00   6.2940e-04   9.4425e-03   3.4726e+02
20251210_22:00:00   6.7332e-01   1.3648e+02   9.4597e+00   1.2558e-03   1.0394e-03   3.4851e+02
20251210_23:00:00   6.8333e-01   1.3769e+02   9.5047e+00   3.3740e-03   6.4600e-05   3.5265e+02
20251211_00:00:00   6.9337e-01   1.3883e+02   9.2723e+00   1.3628e-02   1.8020e-04   3.5440e+02
20251211_01:00:00   7.3132e-01   1.4367e+02   9.2603e+00   3.0549e-02   1.6297e-03   3.5490e+02
20251211_02:00:00   7.4044e-01   1.4473e+02   9.3810e+00   3.2120e-02   1.0287e-02   3.5297e+02
20251211_03:00:00   7.4173e-01   1.4469e+02   9.5514e+00   3.0974e-02   9.2302e-03   3.5028e+02
20251211_04:00:00   7.7232e-01   1.4821e+02   9.8760e+00   3.9818e-02   1.9095e-02   3.4626e+02
20251211_05:00:00   6.9503e-01   1.3793e+02   9.7810e+00   1.4793e-02   1.3989e-02   3.4553e+02
20251211_06:00:00   6.4960e-01   1.3144e+02   9.5492e+00   5.6132e-03   1.0400e-02   3.4345e+02
20251211_07:00:00   5.9705e-01   1.2370e+02   9.0001e+00   1.9962e-03   3.1900e-02   3.4363e+02
20251211_08:00:00   5.5402e-01   1.1711e+02   8.4727e+00   4.7900e-04   3.4820e-02   3.3887e+02
20251211_09:00:00   5.4499e-01   1.1539e+02   8.5220e+00   0.0000e+00   7.4102e-02   3.3690e+02
20251211_10:00:00   5.4652e-01   1.1550e+02   8.6608e+00   0.0000e+00   7.4992e-02   3.3714e+02
20251211_11:00:00   5.6783e-01   1.1855e+02   9.0984e+00   0.0000e+00   8.4563e-02   3.3469e+02
20251211_12:00:00   5.7222e-01   1.1921e+02   9.2184e+00   0.0000e+00   2.7733e-02   3.3002e+02
20251211_13:00:00   5.9168e-01   1.2192e+02   9.5787e+00   0.0000e+00   5.7288e-02   3.2658e+02
20251211_14:00:00   5.8654e-01   1.2124e+02   9.4995e+00   0.0000e+00   1.2441e-02   3.2135e+02
20251211_15:00:00   5.9076e-01   1.2177e+02   9.5868e+00   0.0000e+00   9.8478e-03   3.1625e+02
20251211_16:00:00   5.7772e-01   1.1988e+02   9.3566e+00   0.0000e+00   1.8434e-02   3.1503e+02
20251211_17:00:00   5.7667e-01   1.1981e+02   9.3693e+00   0.0000e+00   2.1936e-02   3.1866e+02
20251211_18:00:00   5.7181e-01   1.1922e+02   9.3388e+00   0.0000e+00   1.0731e-02   3.2086e+02
20251211_21:00:00   5.8775e-01   1.2188e+02   9.6377e+00   0.0000e+00   9.1426e-03   3.1931e+02
20251212_00:00:00   6.1683e-01   1.2608e+02   1.0121e+01   0.0000e+00   2.5519e-03   3.1590e+02
20251212_03:00:00   6.9927e-01   1.3702e+02   1.1532e+01   0.0000e+00   8.6472e-04   3.1161e+02
20251212_06:00:00   8.2938e-01   1.5292e+02   1.3568e+01   0.0000e+00   6.1183e-04   3.0524e+02
20251212_09:00:00   9.0684e-01   1.6163e+02   1.4799e+01   0.0000e+00   3.9455e-03   3.0530e+02
20251212_12:00:00   9.5132e-01   1.6660e+02   1.4572e+01   1.9225e-02   5.5664e-03   3.0424e+02
20251212_15:00:00   1.0346e+00   1.7485e+02   1.5786e+01   2.3473e-02   1.8875e-02   3.0115e+02
20251212_18:00:00   1.1589e+00   1.8649e+02   1.6112e+01   6.8446e-02   1.3677e-02   2.9396e+02
20251212_21:00:00   1.1225e+00   1.8399e+02   1.5241e+01   6.9441e-02   1.8695e-01   2.8404e+02
20251213_00:00:00   9.5372e-01   1.6849e+02   1.3797e+01   2.8363e-02   2.7391e-01   2.7492e+02
20251213_03:00:00   7.6049e-01   1.4721e+02   1.1239e+01   3.7063e-03   9.7607e-02   2.7512e+02
20251213_06:00:00   8.1876e-01   1.5417e+02   1.1206e+01   3.2257e-02   1.5320e-01   2.6710e+02
20251213_09:00:00   7.5609e-01   1.4665e+02   1.0538e+01   2.3777e-02   3.5236e-02   2.6975e+02
20251213_12:00:00   6.7595e-01   1.3629e+02   9.7531e+00   1.0934e-02   1.8413e-04   2.7456e+02
20251213_15:00:00   6.6322e-01   1.3452e+02   9.7418e+00   7.4014e-03   6.3669e-05   2.7632e+02
20251213_18:00:00   6.8411e-01   1.3774e+02   9.6589e+00   1.5332e-02   1.4334e-04   2.7690e+02
20251213_21:00:00   6.7181e-01   1.3646e+02   9.7927e+00   3.9770e-03   7.4889e-05   2.7688e+02
20251214_00:00:00   6.7986e-01   1.3737e+02   1.0227e+01   0.0000e+00   9.2617e-04   2.6806e+02
20251214_03:00:00   6.9091e-01   1.3849e+02   1.0533e+01   0.0000e+00   1.1827e-02   2.6636e+02
20251214_06:00:00   6.9855e-01   1.3944e+02   1.0635e+01   0.0000e+00   4.6213e-04   2.7476e+02
20251214_09:00:00   7.7337e-01   1.4889e+02   1.1362e+01   1.3152e-02   2.5438e-04   2.7850e+02
20251214_12:00:00   1.1251e+00   1.8573e+02   1.1663e+01   1.5048e-01   3.8113e-03   2.8369e+02
20251214_15:00:00   1.1059e+00   1.8408e+02   1.3039e+01   1.1204e-01   1.1344e-03   2.8902e+02
20251214_18:00:00   1.0429e+00   1.7862e+02   1.3118e+01   7.7798e-02   2.1855e-04   2.9501e+02
20251214_21:00:00   9.0214e-01   1.6439e+02   1.3132e+01   1.7686e-02   1.7040e-04   2.9861e+02
20251215_00:00:00   9.8637e-01   1.7301e+02   1.2786e+01   5.9020e-02   1.6309e-04   3.0265e+02
20251215_03:00:00   1.1027e+00   1.8396e+02   1.3613e+01   8.1598e-02   3.6328e-04   3.0851e+02
20251215_06:00:00   9.7051e-01   1.7151e+02   1.2790e+01   4.0278e-02   1.0791e-03   3.1040e+02
20251215_09:00:00   9.1883e-01   1.6597e+02   1.1994e+01   3.5031e-02   2.0743e-04   3.0551e+02
20251215_12:00:00   9.7629e-01   1.7189e+02   1.1800e+01   6.1536e-02   1.3771e-03   3.0153e+02
20251215_15:00:00   9.9152e-01   1.7323e+02   1.1614e+01   7.4177e-02   9.4231e-04   3.0315e+02
20251215_18:00:00   8.8999e-01   1.6225e+02   1.2511e+01   1.7702e-02   5.1483e-03   3.0450e+02
20251215_21:00:00   9.1386e-01   1.6507e+02   1.2170e+01   2.7792e-02   7.2362e-03   3.0611e+02
20251216_00:00:00   9.0919e-01   1.6471e+02   1.1425e+01   3.8337e-02   1.4459e-04   3.1035e+02
20251216_03:00:00   1.0023e+00   1.7400e+02   1.1219e+01   8.0244e-02   2.2769e-03   3.2224e+02
20251216_06:00:00   7.8702e-01   1.5030e+02   1.0888e+01   3.0455e-03   4.7805e-05   3.2675e+02
20251216_09:00:00   8.7868e-01   1.6047e+02   1.1833e+01   1.7322e-02   2.2280e-03   3.2244e+02
20251216_12:00:00   8.8548e-01   1.6088e+02   1.1531e+01   3.4693e-02   4.3649e-04   3.3515e+02
20251216_15:00:00   8.1139e-01   1.5261e+02   1.0491e+01   2.9126e-02   3.6399e-04   3.3752e+02
20251216_18:00:00   8.5088e-01   1.5698e+02   1.1695e+01   1.7652e-02   1.0489e-02   3.3526e+02
20251216_21:00:00   7.9566e-01   1.5170e+02   1.0789e+01   1.1366e-02   7.8863e-05   3.3984e+02
20251217_00:00:00   6.8971e-01   1.3844e+02   9.7614e+00   2.6398e-03   4.5960e-06   3.4124e+02
20251217_03:00:00   8.3599e-01   1.5561e+02   1.2306e+01   0.0000e+00   1.0571e-03   3.4556e+02
20251217_06:00:00   9.5396e-01   1.6807e+02   1.3174e+01   2.4479e-02   1.9946e-01   3.6131e+02
20251217_09:00:00   1.4574e+00   2.0946e+02   1.5262e+01   1.6549e-01   5.1443e-01   3.6079e+02
20251217_12:00:00   8.2466e-01   1.5426e+02   1.1018e+01   1.9178e-02   4.3689e-04   3.5992e+02
20251217_15:00:00   5.1681e-01   1.1210e+02   7.0936e+00   6.4780e-03   2.6500e-06   3.5199e+02
20251217_18:00:00   5.1878e-01   1.1184e+02   7.5634e+00   0.0000e+00   0.0000e+00   3.4558e+02
20251217_21:00:00   4.9061e-01   1.0729e+02   7.4046e+00   0.0000e+00   5.2169e-03   3.3662e+02
20251218_00:00:00   4.9410e-01   1.0780e+02   7.3440e+00   0.0000e+00   1.1025e-03   3.3659e+02
20251218_03:00:00   4.5077e-01   1.0050e+02   6.6034e+00   0.0000e+00   9.0013e-03   3.4251e+02
20251218_06:00:00   4.0450e-01   9.2152e+01   6.0187e+00   0.0000e+00   2.8107e-02   3.2754e+02
20251218_09:00:00   4.4212e-01   9.8226e+01   6.7806e+00   0.0000e+00   1.2246e-02   3.2104e+02
20251218_12:00:00   4.7423e-01   1.0313e+02   7.4442e+00   0.0000e+00   3.6321e-03   3.0638e+02
20251218_15:00:00   5.5289e-01   1.1500e+02   8.8669e+00   0.0000e+00   4.9926e-02   3.1922e+02
20251218_18:00:00   6.9675e-01   1.3501e+02   1.1276e+01   0.0000e+00   1.6054e-01   3.2115e+02
20251218_21:00:00   7.9726e-01   1.4785e+02   1.2882e+01   0.0000e+00   1.3654e-01   3.1512e+02
20251219_00:00:00   8.5536e-01   1.5477e+02   1.3646e+01   0.0000e+00   1.3651e-01   3.1658e+02
20251219_03:00:00   8.4563e-01   1.5395e+02   1.3212e+01   1.5132e-04   7.1802e-03   3.1172e+02
20251219_06:00:00   8.0527e-01   1.4973e+02   1.2326e+01   1.7516e-03   1.3108e-03   3.1238e+02
20251219_09:00:00   8.1411e-01   1.5112e+02   1.1631e+01   2.1858e-02   2.3001e-03   3.0541e+02
20251219_12:00:00   7.9058e-01   1.4852e+02   1.1673e+01   1.2212e-02   2.0448e-02   3.0344e+02
20251219_15:00:00   8.9044e-01   1.5957e+02   1.3350e+01   1.5825e-02   1.5120e-01   3.0072e+02
20251219_18:00:00   1.0380e+00   1.7471e+02   1.4701e+01   3.9779e-02   2.6605e-01   2.9078e+02
20251219_21:00:00   1.1139e+00   1.8205e+02   1.5796e+01   4.1428e-02   4.6940e-02   2.9383e+02
20251220_00:00:00   1.6897e+00   2.2085e+02   1.5068e+01   2.9847e-01   5.3566e-03   2.9496e+02
20251220_03:00:00   1.7221e+00   2.2241e+02   1.5269e+01   3.0699e-01   5.4580e-02   2.9563e+02
20251220_06:00:00   2.2483e+00   2.4170e+02   1.7763e+01   4.7106e-01   9.7474e-02   2.8766e+02
20251220_09:00:00   1.9018e+00   2.3008e+02   1.8982e+01   2.8534e-01   4.2913e-01   2.8346e+02
20251220_12:00:00   1.1626e+00   1.8604e+02   1.6407e+01   4.5239e-02   2.8522e-01   2.8986e+02
20251220_15:00:00   1.0663e+00   1.7836e+02   1.3870e+01   5.9739e-02   3.7283e-03   3.0571e+02
20251220_18:00:00   8.6121e-01   1.5798e+02   1.2093e+01   1.7299e-02   6.8582e-04   3.0441e+02
20251220_21:00:00   9.2992e-01   1.6604e+02   1.2918e+01   2.3359e-02   4.0765e-04   3.0277e+02
20251221_00:00:00   1.0187e+00   1.7517e+02   1.3073e+01   5.2224e-02   1.7268e-03   3.0867e+02
20251221_03:00:00   1.0948e+00   1.8239e+02   1.3103e+01   8.3439e-02   7.4683e-05   3.1741e+02
20251221_06:00:00   9.4542e-01   1.6776e+02   1.3319e+01   1.9559e-02   1.4560e-03   3.2302e+02
20251221_09:00:00   1.0129e+00   1.7438e+02   1.3687e+01   3.8073e-02   7.0981e-02   3.0281e+02
20251221_12:00:00   1.0714e+00   1.8052e+02   1.1837e+01   1.0677e-01   1.0941e-03   3.0769e+02
20251221_15:00:00   9.6335e-01   1.6979e+02   1.1499e+01   7.2886e-02   1.4051e-03   3.0901e+02
20251221_18:00:00   9.1900e-01   1.6505e+02   1.2405e+01   3.7281e-02   1.9774e-02   3.0834e+02
20251221_21:00:00   9.5707e-01   1.6904e+02   1.3650e+01   2.1355e-02   1.6592e-02   2.9478e+02
20251222_00:00:00   9.5393e-01   1.6834e+02   1.3994e+01   1.2300e-02   1.8397e-02   2.8765e+02
20251222_03:00:00   1.0078e+00   1.7358e+02   1.4245e+01   2.8042e-02   2.3716e-02   2.9297e+02
20251222_06:00:00   9.6454e-01   1.6930e+02   1.3697e+01   2.1828e-02   1.9702e-02   2.9553e+02
20251222_09:00:00   1.0209e+00   1.7478e+02   1.3467e+01   5.3624e-02   3.0132e-03   2.9850e+02
20251222_12:00:00   1.0502e+00   1.7763e+02   1.3413e+01   6.8547e-02   1.1038e-02   2.9135e+02
20251222_15:00:00   9.6896e-01   1.6986e+02   1.2707e+01   5.1750e-02   2.6845e-02   2.9442e+02
20251222_18:00:00   1.2825e+00   1.9727e+02   1.5155e+01   1.2458e-01   3.5136e-02   2.9173e+02
