#            date       tau255        Tb[K]      pwv[mm] lwp[kg*m^-2] iwp[kg*m^-2]       o3[DU]
20251201_12:00:00   8.8671e-01   1.5945e+02   1.4908e+01   0.0000e+00   3.8119e-02   3.6169e+02
20251201_13:00:00   9.1129e-01   1.6212e+02   1.5273e+01   0.0000e+00   2.0800e-02   3.6236e+02
20251201_14:00:00   9.4329e-01   1.6545e+02   1.5718e+01   0.0000e+00   2.5887e-02   3.6717e+02
20251201_15:00:00   9.3750e-01   1.6497e+02   1.5527e+01   0.0000e+00   1.0286e-02   3.6698e+02
20251201_16:00:00   9.8012e-01   1.6940e+02   1.6097e+01   0.0000e+00   4.2133e-03   3.6928e+02
20251201_17:00:00   1.0133e+00   1.7274e+02   1.6622e+01   0.0000e+00   6.0931e-03   3.7118e+02
20251201_18:00:00   1.0495e+00   1.7596e+02   1.7090e+01   0.0000e+00   1.2934e-01   3.7123e+02
20251201_19:00:00   1.0276e+00   1.7386e+02   1.6621e+01   1.3959e-05   2.7152e-02   3.7276e+02
20251201_20:00:00   9.3218e-01   1.6498e+02   1.4619e+01   0.0000e+00   3.0865e-03   3.7694e+02
20251201_21:00:00   8.9492e-01   1.6130e+02   1.3988e+01   0.0000e+00   6.0986e-05   3.7734e+02
20251201_22:00:00   8.7848e-01   1.5972e+02   1.3796e+01   0.0000e+00   3.7960e-05   3.8310e+02
20251201_23:00:00   8.8576e-01   1.6046e+02   1.3932e+01   7.0620e-05   1.1275e-03   3.8638e+02
20251202_00:00:00   9.2745e-01   1.6477e+02   1.4194e+01   5.7060e-03   5.5262e-04   3.8903e+02
20251202_01:00:00   9.6815e-01   1.6879e+02   1.4311e+01   2.0046e-02   1.0551e-02   3.9440e+02
20251202_02:00:00   9.5212e-01   1.6713e+02   1.4540e+01   5.5200e-03   3.7344e-02   4.0004e+02
20251202_03:00:00   9.4973e-01   1.6716e+02   1.2637e+01   4.7962e-02   1.1148e-03   4.0634e+02
20251202_04:00:00   1.1814e+00   1.8843e+02   1.2774e+01   1.3989e-01   1.1454e-03   4.0593e+02
20251202_05:00:00   1.1756e+00   1.8809e+02   1.0619e+01   1.8639e-01   1.8701e-03   4.0935e+02
20251202_06:00:00   9.8807e-01   1.7107e+02   1.0858e+01   1.0317e-01   2.2722e-03   4.0865e+02
20251202_07:00:00   1.0597e+00   1.7769e+02   1.0904e+01   1.3284e-01   3.3657e-03   4.0763e+02
20251202_08:00:00   1.1297e+00   1.8375e+02   1.1122e+01   1.5666e-01   5.8479e-03   4.0803e+02
20251202_09:00:00   9.7486e-01   1.6931e+02   1.1385e+01   8.5635e-02   3.3127e-03   4.0890e+02
20251202_10:00:00   8.4851e-01   1.5543e+02   1.2254e+01   1.0607e-02   1.0417e-01   4.0587e+02
20251202_11:00:00   8.2702e-01   1.5304e+02   1.2401e+01   0.0000e+00   3.1367e-02   4.0557e+02
20251202_12:00:00   7.7906e-01   1.4759e+02   1.1645e+01   3.5520e-06   1.6714e-03   4.0143e+02
20251202_13:00:00   7.5412e-01   1.4465e+02   1.1214e+01   0.0000e+00   4.9005e-05   4.0299e+02
20251202_14:00:00   7.4727e-01   1.4385e+02   1.1078e+01   0.0000e+00   1.7647e-05   4.0684e+02
20251202_15:00:00   7.4303e-01   1.4332e+02   1.1029e+01   0.0000e+00   1.2923e-05   4.0469e+02
20251202_16:00:00   7.3630e-01   1.4245e+02   1.0956e+01   0.0000e+00   1.2258e-05   4.0664e+02
20251202_17:00:00   7.2072e-01   1.4066e+02   1.0723e+01   0.0000e+00   1.6291e-05   4.0582e+02
20251202_18:00:00   7.2464e-01   1.4135e+02   1.0823e+01   0.0000e+00   1.3903e-04   4.0033e+02
20251202_19:00:00   7.3144e-01   1.4235e+02   1.0990e+01   0.0000e+00   6.8392e-05   3.9929e+02
20251202_20:00:00   7.2001e-01   1.4111e+02   1.0816e+01   0.0000e+00   2.8687e-04   4.0155e+02
20251202_21:00:00   6.9472e-01   1.3810e+02   1.0361e+01   0.0000e+00   1.2934e-06   4.0231e+02
20251202_22:00:00   6.9245e-01   1.3792e+02   1.0250e+01   0.0000e+00   0.0000e+00   4.0027e+02
20251202_23:00:00   7.2045e-01   1.4155e+02   1.0588e+01   0.0000e+00   0.0000e+00   3.9469e+02
20251203_00:00:00   7.3168e-01   1.4293e+02   1.0730e+01   0.0000e+00   1.5692e-06   3.9291e+02
20251203_01:00:00   7.3305e-01   1.4303e+02   1.0739e+01   0.0000e+00   2.1400e-06   3.9094e+02
20251203_02:00:00   7.4256e-01   1.4412e+02   1.0909e+01   0.0000e+00   5.7140e-07   3.9072e+02
20251203_03:00:00   7.4802e-01   1.4475e+02   1.1026e+01   0.0000e+00   5.7140e-07   3.8624e+02
20251203_04:00:00   7.4961e-01   1.4490e+02   1.1066e+01   0.0000e+00   1.1428e-06   3.8142e+02
20251203_05:00:00   7.3794e-01   1.4346e+02   1.0843e+01   0.0000e+00   0.0000e+00   3.7803e+02
20251203_06:00:00   7.2369e-01   1.4169e+02   1.0629e+01   0.0000e+00   0.0000e+00   3.7410e+02
20251203_07:00:00   7.1434e-01   1.4045e+02   1.0457e+01   0.0000e+00   0.0000e+00   3.7259e+02
20251203_08:00:00   7.0225e-01   1.3883e+02   1.0264e+01   0.0000e+00   9.0812e-04   3.6490e+02
20251203_09:00:00   6.8838e-01   1.3697e+02   1.0066e+01   0.0000e+00   1.8284e-03   3.5942e+02
20251203_10:00:00   6.7211e-01   1.3475e+02   9.8306e+00   0.0000e+00   1.1767e-03   3.5126e+02
20251203_11:00:00   6.6652e-01   1.3390e+02   9.7260e+00   0.0000e+00   1.8608e-04   3.4590e+02
20251203_12:00:00   6.6168e-01   1.3317e+02   9.6354e+00   0.0000e+00   2.8551e-03   3.4685e+02
20251203_13:00:00   6.6587e-01   1.3363e+02   9.6555e+00   1.0390e-03   3.1319e-03   3.5202e+02
20251203_14:00:00   7.0333e-01   1.3853e+02   9.5806e+00   1.9489e-02   4.0393e-03   3.4948e+02
20251203_15:00:00   8.2995e-01   1.5406e+02   9.6490e+00   7.2882e-02   5.4439e-03   3.4702e+02
20251203_16:00:00   9.7779e-01   1.6979e+02   9.8338e+00   1.3317e-01   1.1463e-02   3.4912e+02
20251203_17:00:00   9.7028e-01   1.6894e+02   1.0134e+01   1.2399e-01   2.3025e-02   3.4466e+02
20251203_18:00:00   9.1192e-01   1.6274e+02   1.0666e+01   8.7571e-02   1.3748e-02   3.4026e+02
20251203_19:00:00   8.8577e-01   1.5986e+02   1.1059e+01   6.7535e-02   3.1976e-02   3.3606e+02
20251203_20:00:00   8.6796e-01   1.5783e+02   1.1484e+01   5.0258e-02   6.4331e-02   3.3391e+02
20251203_21:00:00   8.4775e-01   1.5549e+02   1.1978e+01   3.1721e-02   3.3577e-02   3.3239e+02
20251203_22:00:00   8.3864e-01   1.5439e+02   1.2389e+01   1.8472e-02   6.9407e-02   3.2813e+02
20251203_23:00:00   8.1862e-01   1.5212e+02   1.2446e+01   9.1095e-03   1.8517e-02   3.2415e+02
20251204_00:00:00   8.1708e-01   1.5192e+02   1.2688e+01   3.0898e-03   3.3838e-02   3.2203e+02
20251204_01:00:00   8.3332e-01   1.5397e+02   1.2834e+01   4.3193e-03   1.0238e-02   3.2063e+02
20251204_02:00:00   8.5072e-01   1.5609e+02   1.3142e+01   1.8123e-03   5.1972e-03   3.1927e+02
20251204_03:00:00   8.5441e-01   1.5664e+02   1.3169e+01   1.3926e-03   9.9189e-03   3.1648e+02
20251204_04:00:00   8.5511e-01   1.5676e+02   1.3207e+01   5.2239e-04   4.5392e-03   3.1380e+02
20251204_05:00:00   8.6480e-01   1.5793e+02   1.3405e+01   1.0976e-03   2.6997e-03   3.1300e+02
20251204_06:00:00   8.5717e-01   1.5724e+02   1.3268e+01   1.5026e-03   5.4796e-04   3.1209e+02
20251204_07:00:00   8.5400e-01   1.5685e+02   1.3115e+01   3.8260e-03   3.6125e-03   3.0991e+02
20251204_08:00:00   8.5534e-01   1.5697e+02   1.3178e+01   4.6040e-03   2.4688e-03   3.0732e+02
20251204_09:00:00   8.7834e-01   1.5938e+02   1.3756e+01   2.3720e-03   6.4065e-03   3.0601e+02
20251204_10:00:00   9.0573e-01   1.6226e+02   1.4329e+01   1.8460e-03   1.0706e-02   3.0382e+02
20251204_11:00:00   9.3734e-01   1.6554e+02   1.4730e+01   5.0980e-03   1.2220e-02   3.0235e+02
20251204_12:00:00   9.8608e-01   1.7056e+02   1.5388e+01   8.9918e-03   2.2172e-02   3.0017e+02
20251204_13:00:00   1.0254e+00   1.7445e+02   1.5358e+01   2.4123e-02   4.0600e-02   2.9938e+02
20251204_14:00:00   1.0723e+00   1.7875e+02   1.5926e+01   2.8224e-02   9.0142e-03   2.9750e+02
20251204_15:00:00   1.1073e+00   1.8178e+02   1.6179e+01   3.5017e-02   8.0495e-03   2.9704e+02
20251204_16:00:00   1.1539e+00   1.8571e+02   1.6480e+01   4.5598e-02   2.8659e-02   2.9708e+02
20251204_17:00:00   1.1817e+00   1.8806e+02   1.6909e+01   4.4215e-02   1.5008e-02   2.9611e+02
20251204_18:00:00   1.1700e+00   1.8731e+02   1.7040e+01   3.5116e-02   3.1396e-02   2.9616e+02
20251204_19:00:00   1.2173e+00   1.9133e+02   1.7238e+01   4.9945e-02   1.9491e-02   2.9586e+02
20251204_20:00:00   1.3046e+00   1.9812e+02   1.7558e+01   7.6653e-02   6.4458e-03   2.9339e+02
20251204_21:00:00   1.3558e+00   2.0185e+02   1.7391e+01   9.8399e-02   2.2475e-03   2.9232e+02
20251204_22:00:00   1.3855e+00   2.0383e+02   1.7552e+01   1.0654e-01   1.8591e-03   2.9083e+02
20251204_23:00:00   1.3924e+00   2.0426e+02   1.7822e+01   1.0373e-01   9.2151e-03   2.9175e+02
20251205_00:00:00   1.4419e+00   2.0747e+02   1.7857e+01   1.2335e-01   1.2184e-02   2.9275e+02
20251205_01:00:00   1.5042e+00   2.1133e+02   1.7685e+01   1.5244e-01   2.8137e-03   2.9491e+02
20251205_02:00:00   1.5960e+00   2.1654e+02   1.7673e+01   1.9188e-01   4.8188e-03   2.9445e+02
20251205_03:00:00   1.5872e+00   2.1607e+02   1.7467e+01   1.9248e-01   5.6457e-03   2.9547e+02
20251205_04:00:00   1.5906e+00   2.1627e+02   1.7653e+01   1.8986e-01   1.2673e-02   2.9518e+02
20251205_05:00:00   1.6219e+00   2.1794e+02   1.7900e+01   1.9526e-01   1.2808e-01   2.9578e+02
20251205_06:00:00   1.5226e+00   2.1250e+02   1.7816e+01   1.5446e-01   5.0592e-02   2.9664e+02
20251205_07:00:00   1.4228e+00   2.0646e+02   1.7516e+01   1.1936e-01   7.2312e-03   2.9715e+02
20251205_08:00:00   1.4958e+00   2.1092e+02   1.7925e+01   1.3908e-01   5.9727e-02   3.0007e+02
20251205_09:00:00   1.4544e+00   2.0839e+02   1.8050e+01   1.1792e-01   2.8416e-02   3.0487e+02
20251205_10:00:00   1.4100e+00   2.0552e+02   1.8214e+01   9.4943e-02   7.2102e-02   3.0438e+02
20251205_11:00:00   1.3765e+00   2.0333e+02   1.7834e+01   8.7281e-02   8.5049e-02   3.0448e+02
20251205_12:00:00   1.2794e+00   1.9615e+02   1.8911e+01   1.8638e-02   2.9123e-01   3.0722e+02
20251205_13:00:00   1.3196e+00   1.9909e+02   1.8814e+01   3.9761e-02   1.7510e-01   3.1113e+02
20251205_14:00:00   1.1653e+00   1.8746e+02   1.7682e+01   6.4209e-03   9.0544e-02   3.1191e+02
20251205_15:00:00   1.3521e+00   2.0174e+02   1.8623e+01   5.8466e-02   1.7633e-01   3.1472e+02
20251205_16:00:00   1.3467e+00   2.0153e+02   1.8260e+01   6.8354e-02   2.8485e-02   3.1886e+02
20251205_17:00:00   1.5898e+00   2.1697e+02   1.7045e+01   1.9428e-01   4.0302e-02   3.2231e+02
20251205_18:00:00   1.4573e+00   2.0922e+02   1.7477e+01   1.2720e-01   7.4285e-02   3.2517e+02
20251205_19:00:00   1.4857e+00   2.1092e+02   1.7513e+01   1.4129e-01   7.6473e-02   3.2907e+02
20251205_20:00:00   1.2906e+00   1.9811e+02   1.7003e+01   7.1554e-02   2.6396e-02   3.3324e+02
20251205_21:00:00   1.1280e+00   1.8558e+02   1.5275e+01   4.5413e-02   1.5873e-02   3.3493e+02
20251205_22:00:00   9.5977e-01   1.7017e+02   1.3580e+01   1.7514e-02   2.6267e-03   3.4260e+02
20251205_23:00:00   9.0025e-01   1.6407e+02   1.2981e+01   7.5502e-03   1.2222e-03   3.4780e+02
20251206_00:00:00   8.8529e-01   1.6239e+02   1.2622e+01   9.8729e-03   1.0330e-03   3.5148e+02
20251206_01:00:00   8.7028e-01   1.6069e+02   1.2369e+01   1.3888e-02   1.1184e-05   3.5001e+02
20251206_02:00:00   8.6733e-01   1.6030e+02   1.2461e+01   8.8395e-03   3.6660e-05   3.4948e+02
20251206_03:00:00   8.7345e-01   1.6095e+02   1.2484e+01   1.0001e-02   9.8525e-05   3.5061e+02
20251206_04:00:00   8.6351e-01   1.5989e+02   1.2515e+01   5.4580e-03   1.5503e-03   3.5062e+02
20251206_05:00:00   8.3192e-01   1.5637e+02   1.2151e+01   2.5676e-03   1.2522e-02   3.4918e+02
20251206_06:00:00   8.0509e-01   1.5319e+02   1.1820e+01   9.2020e-04   3.1473e-02   3.4888e+02
20251206_07:00:00   7.7710e-01   1.4976e+02   1.1354e+01   1.0560e-03   1.4861e-02   3.4631e+02
20251206_08:00:00   7.5097e-01   1.4639e+02   1.0931e+01   5.8863e-04   9.6599e-03   3.4806e+02
20251206_09:00:00   7.2596e-01   1.4312e+02   1.0566e+01   9.2960e-05   2.9251e-03   3.5083e+02
20251206_10:00:00   7.1035e-01   1.4095e+02   1.0373e+01   3.4853e-05   3.1064e-03   3.4536e+02
20251206_11:00:00   7.2821e-01   1.4313e+02   1.0659e+01   1.2427e-04   1.5921e-04   3.3543e+02
20251206_12:00:00   7.4305e-01   1.4488e+02   1.0850e+01   6.6198e-04   1.3267e-05   3.3062e+02
20251206_15:00:00   7.6804e-01   1.4776e+02   1.1169e+01   7.1880e-04   1.0221e-05   3.2729e+02
20251206_18:00:00   7.9938e-01   1.5171e+02   1.1648e+01   1.9483e-04   4.8269e-04   3.2765e+02
20251206_21:00:00   7.2556e-01   1.4337e+02   1.0473e+01   0.0000e+00   1.5692e-06   3.2466e+02
20251207_00:00:00   7.2031e-01   1.4254e+02   1.0533e+01   0.0000e+00   3.5260e-03   3.1778e+02
20251207_03:00:00   7.5882e-01   1.4673e+02   1.1447e+01   0.0000e+00   1.3979e-02   3.1707e+02
20251207_06:00:00   7.6889e-01   1.4748e+02   1.1697e+01   0.0000e+00   1.7087e-01   3.2135e+02
20251207_09:00:00   9.9656e-01   1.7194e+02   1.5574e+01   3.3908e-05   2.2882e-01   3.2573e+02
20251207_12:00:00   1.2822e+00   1.9665e+02   1.7601e+01   5.5212e-02   1.4344e-01   3.2229e+02
20251207_15:00:00   1.8786e+00   2.3102e+02   1.6951e+01   3.0699e-01   7.7652e-02   3.2553e+02
20251207_18:00:00   2.1198e+00   2.4048e+02   1.6052e+01   4.2362e-01   3.7835e-03   3.3856e+02
20251207_21:00:00   1.2378e+00   1.9552e+02   1.3631e+01   1.1674e-01   1.1886e-04   3.4301e+02
20251208_00:00:00   1.0276e+00   1.7725e+02   1.2999e+01   4.3661e-02   1.6739e-02   3.3884e+02
20251208_03:00:00   9.7857e-01   1.7240e+02   1.2691e+01   2.9538e-02   9.2726e-04   3.3205e+02
20251208_06:00:00   8.4562e-01   1.5867e+02   1.1179e+01   1.9582e-02   6.4335e-04   3.3198e+02
20251208_09:00:00   6.7369e-01   1.3609e+02   9.8940e+00   8.2992e-04   6.3161e-03   3.2272e+02
20251208_12:00:00   6.6825e-01   1.3448e+02   1.0317e+01   3.4850e-03   9.1793e-03   3.1624e+02
20251208_15:00:00   7.2165e-01   1.4071e+02   1.1468e+01   9.5755e-03   5.0581e-02   3.2312e+02
20251208_18:00:00   8.5150e-01   1.5635e+02   1.3904e+01   2.9781e-03   1.4927e-01   3.1520e+02
20251208_21:00:00   9.5181e-01   1.6767e+02   1.4922e+01   1.5063e-02   1.2475e-02   3.0996e+02
20251209_00:00:00   1.4511e+00   2.0839e+02   1.8025e+01   1.3292e-01   7.5930e-02   3.1149e+02
20251209_03:00:00   1.4729e+00   2.1047e+02   1.8313e+01   1.2165e-01   6.5795e-02   3.0622e+02
20251209_06:00:00   1.2782e+00   1.9777e+02   1.8051e+01   4.5908e-02   9.6093e-02   3.0697e+02
20251209_09:00:00   9.9400e-01   1.7324e+02   1.4504e+01   1.7974e-02   3.7597e-02   3.0984e+02
20251209_12:00:00   7.9654e-01   1.5166e+02   1.1735e+01   4.0589e-03   4.9094e-03   3.1645e+02
20251209_15:00:00   7.6980e-01   1.4788e+02   1.1481e+01   5.8900e-04   3.5520e-07   3.2157e+02
20251209_18:00:00   6.3404e-01   1.2982e+02   9.7360e+00   0.0000e+00   1.4826e-02   3.2273e+02
20251209_21:00:00   6.2181e-01   1.2807e+02   9.7441e+00   0.0000e+00   8.4289e-02   3.1840e+02
20251210_00:00:00   6.7556e-01   1.3499e+02   1.0717e+01   0.0000e+00   2.1607e-01   3.2080e+02
20251210_03:00:00   8.2043e-01   1.5257e+02   1.2902e+01   0.0000e+00   4.1924e-01   3.2783e+02
20251210_06:00:00   1.0377e+00   1.7497e+02   1.5711e+01   3.9600e-04   5.9574e-01   3.3245e+02
20251210_09:00:00   1.2682e+00   1.9485e+02   1.6068e+01   8.1174e-02   6.9779e-01   3.3879e+02
20251210_12:00:00   1.1902e+00   1.8890e+02   1.5135e+01   7.4217e-02   2.0658e-01   3.4114e+02
20251210_15:00:00   9.9465e-01   1.7136e+02   1.3236e+01   4.1125e-02   2.3845e-02   3.4133e+02
20251210_18:00:00   8.4887e-01   1.5665e+02   1.0795e+01   4.6792e-02   6.0413e-03   3.3776e+02
20251210_21:00:00   8.0925e-01   1.5220e+02   1.0901e+01   2.6174e-02   7.0824e-03   3.3761e+02
20251211_00:00:00   8.7640e-01   1.6033e+02   1.0472e+01   5.8101e-02   1.6321e-02   3.3237e+02
20251211_03:00:00   7.2082e-01   1.4182e+02   9.1420e+00   2.7754e-02   5.4442e-03   3.4304e+02
20251211_06:00:00   6.1828e-01   1.2734e+02   8.7149e+00   7.4747e-03   1.4135e-02   3.4733e+02
20251211_09:00:00   6.3255e-01   1.2858e+02   9.5817e+00   1.7762e-06   2.2890e-02   3.5112e+02
20251211_12:00:00   6.7414e-01   1.3405e+02   1.0439e+01   1.0928e-04   8.4919e-03   3.5581e+02
20251211_15:00:00   7.3481e-01   1.4166e+02   1.1589e+01   2.3336e-03   1.5224e-02   3.6415e+02
20251211_18:00:00   8.0640e-01   1.5051e+02   1.2857e+01   3.4964e-04   1.9015e-02   3.7642e+02
20251211_21:00:00   8.9521e-01   1.6075e+02   1.4334e+01   2.1200e-04   3.0794e-02   3.7365e+02
20251212_00:00:00   1.0179e+00   1.7337e+02   1.6218e+01   6.3740e-04   3.8579e-02   3.5112e+02
20251212_03:00:00   1.4045e+00   2.0451e+02   1.8215e+01   9.5865e-02   2.1436e-01   3.4043e+02
20251212_06:00:00   1.6993e+00   2.2244e+02   1.8537e+01   2.0943e-01   2.5031e-02   3.3389e+02
20251212_09:00:00   2.6741e+00   2.5418e+02   1.9263e+01   5.8576e-01   1.1454e-02   3.2744e+02
20251212_12:00:00   2.0421e+00   2.3843e+02   2.0792e+01   2.8600e-01   1.4934e-02   3.2398e+02
20251212_15:00:00   1.9716e+00   2.3680e+02   2.1926e+01   2.1719e-01   4.4626e-03   3.2298e+02
20251212_18:00:00   1.6246e+00   2.2133e+02   2.2841e+01   5.5158e-02   1.2884e-01   3.1954e+02
20251212_21:00:00   1.4792e+00   2.1385e+02   2.1746e+01   2.8533e-02   8.2635e-02   3.1728e+02
20251213_00:00:00   1.2521e+00   1.9822e+02   1.8770e+01   2.0293e-02   6.2356e-02   3.1864e+02
20251213_03:00:00   9.8801e-01   1.7363e+02   1.5823e+01   1.5470e-03   1.9351e-02   3.1506e+02
20251213_06:00:00   8.7130e-01   1.6058e+02   1.4162e+01   1.9741e-03   5.2368e-03   3.0883e+02
20251213_09:00:00   8.3462e-01   1.5595e+02   1.3559e+01   1.0593e-04   3.4867e-03   3.0708e+02
20251213_12:00:00   8.3388e-01   1.5515e+02   1.3561e+01   0.0000e+00   7.1748e-03   3.0704e+02
20251213_15:00:00   8.3471e-01   1.5461e+02   1.3414e+01   0.0000e+00   6.5276e-02   3.0435e+02
20251213_18:00:00   8.2589e-01   1.5347e+02   1.3114e+01   0.0000e+00   6.7177e-02   3.0494e+02
20251213_21:00:00   8.0329e-01   1.5093e+02   1.2418e+01   0.0000e+00   1.6196e-01   3.0931e+02
20251214_00:00:00   6.8627e-01   1.3686e+02   9.9300e+00   0.0000e+00   0.0000e+00   3.1936e+02
20251214_03:00:00   6.2313e-01   1.2770e+02   8.9371e+00   3.9440e-04   2.0280e-03   3.2845e+02
20251214_06:00:00   7.1481e-01   1.3936e+02   1.0030e+01   3.3835e-03   8.5213e-02   3.4686e+02
20251214_09:00:00   4.5420e-01   1.0129e+02   6.3535e+00   0.0000e+00   0.0000e+00   3.5527e+02
20251214_12:00:00   4.6751e-01   1.0276e+02   6.7221e+00   0.0000e+00   1.5445e-03   3.4811e+02
20251214_15:00:00   4.1956e-01   9.4903e+01   5.9053e+00   0.0000e+00   1.9616e-06   3.3690e+02
20251214_18:00:00   4.0007e-01   9.1687e+01   5.6848e+00   0.0000e+00   7.4760e-07   3.2981e+02
20251214_21:00:00   4.3597e-01   9.7926e+01   6.2987e+00   0.0000e+00   4.9022e-03   3.3146e+02
20251215_00:00:00   4.6645e-01   1.0279e+02   6.7527e+00   0.0000e+00   2.2230e-02   3.4412e+02
20251215_03:00:00   5.0581e-01   1.0890e+02   7.2467e+00   0.0000e+00   4.8423e-03   3.6012e+02
20251215_06:00:00   5.6449e-01   1.1739e+02   8.0773e+00   0.0000e+00   2.7107e-03   3.5631e+02
20251215_09:00:00   5.8970e-01   1.2080e+02   8.3732e+00   0.0000e+00   5.6795e-03   3.5410e+02
20251215_12:00:00   5.9896e-01   1.2208e+02   8.4382e+00   8.8760e-05   8.2499e-03   3.5778e+02
20251215_15:00:00   5.9060e-01   1.2080e+02   8.2948e+00   1.0570e-04   7.9443e-03   3.6303e+02
20251215_18:00:00   5.9519e-01   1.2173e+02   8.0507e+00   6.3375e-03   1.4790e-02   3.6671e+02
20251215_21:00:00   6.4750e-01   1.2899e+02   9.0628e+00   3.1014e-03   5.8276e-02   3.7722e+02
20251216_00:00:00   6.9189e-01   1.3505e+02   9.2904e+00   1.5266e-02   3.3010e-02   3.8760e+02
20251216_03:00:00   6.9286e-01   1.3518e+02   9.6551e+00   0.0000e+00   1.4676e-01   3.8542e+02
20251216_06:00:00   6.5361e-01   1.3006e+02   9.0219e+00   1.5348e-03   4.3626e-02   3.8103e+02
20251216_09:00:00   6.8063e-01   1.3361e+02   9.0331e+00   1.1786e-02   6.9979e-02   3.7979e+02
20251216_12:00:00   6.4143e-01   1.2825e+02   8.7406e+00   2.6580e-03   6.1810e-02   3.7619e+02
20251216_15:00:00   5.1842e-01   1.1054e+02   6.9332e+00   7.3141e-04   8.6404e-03   3.8414e+02
20251216_18:00:00   4.7671e-01   1.0379e+02   6.4594e+00   3.5843e-04   6.1671e-04   3.8817e+02
20251216_21:00:00   5.1789e-01   1.1008e+02   7.2777e+00   2.0058e-04   5.3630e-02   3.8500e+02
20251217_00:00:00   5.0868e-01   1.0892e+02   7.1074e+00   0.0000e+00   9.6303e-03   3.7945e+02
20251217_03:00:00   4.9306e-01   1.0621e+02   6.7665e+00   0.0000e+00   4.7037e-04   3.7969e+02
20251217_06:00:00   4.0105e-01   9.0986e+01   5.4052e+00   0.0000e+00   4.5702e-06   3.6888e+02
20251217_09:00:00   3.9710e-01   8.9989e+01   5.4089e+00   0.0000e+00   5.3697e-06   3.6258e+02
20251217_12:00:00   3.8432e-01   8.7505e+01   5.2926e+00   0.0000e+00   3.6793e-05   3.4987e+02
