#            date       tau255        Tb[K]      pwv[mm] lwp[kg*m^-2] iwp[kg*m^-2]       o3[DU]
20251203_06:00:00   7.0198e-01   1.3900e+02   1.0206e+01   0.0000e+00   0.0000e+00   3.9198e+02
20251203_07:00:00   7.0094e-01   1.3877e+02   1.0174e+01   0.0000e+00   1.4950e-05   3.8527e+02
20251203_08:00:00   7.0293e-01   1.3890e+02   1.0200e+01   0.0000e+00   1.4496e-03   3.7666e+02
20251203_09:00:00   7.0818e-01   1.3942e+02   1.0291e+01   9.0040e-04   8.1829e-03   3.6440e+02
20251203_10:00:00   7.1102e-01   1.3971e+02   1.0272e+01   4.6135e-03   5.0667e-02   3.5611e+02
20251203_11:00:00   7.2054e-01   1.4082e+02   1.0404e+01   8.0829e-03   2.5728e-02   3.5839e+02
20251203_12:00:00   7.5706e-01   1.4531e+02   1.0490e+01   2.2378e-02   3.6629e-02   3.6331e+02
20251203_13:00:00   8.4768e-01   1.5606e+02   1.0656e+01   5.7245e-02   2.1219e-02   3.6802e+02
20251203_14:00:00   8.9966e-01   1.6167e+02   1.0763e+01   7.8242e-02   4.8271e-02   3.6671e+02
20251203_15:00:00   9.6783e-01   1.6863e+02   1.1096e+01   1.0035e-01   7.4705e-02   3.6165e+02
20251203_16:00:00   9.9781e-01   1.7147e+02   1.1385e+01   1.0726e-01   3.7524e-02   3.6053e+02
20251203_17:00:00   9.8619e-01   1.7028e+02   1.1425e+01   1.0163e-01   2.1750e-02   3.6007e+02
20251203_18:00:00   9.4582e-01   1.6620e+02   1.1561e+01   8.1798e-02   2.4361e-02   3.5857e+02
20251203_19:00:00   9.3874e-01   1.6541e+02   1.1982e+01   6.8721e-02   4.1888e-02   3.5317e+02
20251203_20:00:00   8.8651e-01   1.5994e+02   1.2267e+01   4.0401e-02   3.2821e-02   3.4930e+02
20251203_21:00:00   8.8993e-01   1.6040e+02   1.2622e+01   3.2957e-02   1.2669e-02   3.4554e+02
20251203_22:00:00   9.0927e-01   1.6262e+02   1.2876e+01   3.4569e-02   7.4452e-03   3.3802e+02
20251203_23:00:00   9.0247e-01   1.6198e+02   1.3097e+01   2.5166e-02   2.6942e-02   3.2979e+02
20251204_00:00:00   9.0360e-01   1.6197e+02   1.3659e+01   1.2440e-02   5.2390e-02   3.2682e+02
20251204_01:00:00   9.1367e-01   1.6292e+02   1.4290e+01   1.2532e-03   5.0663e-02   3.2013e+02
20251204_02:00:00   9.2171e-01   1.6384e+02   1.4493e+01   1.2934e-06   9.4155e-03   3.1798e+02
20251204_03:00:00   9.2570e-01   1.6435e+02   1.4496e+01   0.0000e+00   2.1330e-03   3.1384e+02
20251204_04:00:00   9.2421e-01   1.6423e+02   1.4477e+01   0.0000e+00   2.2235e-04   3.1005e+02
20251204_05:00:00   9.1844e-01   1.6365e+02   1.4357e+01   2.8420e-05   7.7196e-04   3.0934e+02
20251204_06:00:00   9.2778e-01   1.6473e+02   1.4314e+01   4.7700e-03   2.4822e-03   3.1016e+02
20251204_07:00:00   9.5662e-01   1.6772e+02   1.4534e+01   1.2422e-02   2.0184e-03   3.1048e+02
20251204_08:00:00   9.4790e-01   1.6681e+02   1.4424e+01   1.1624e-02   1.5190e-03   3.0774e+02
20251204_09:00:00   9.4482e-01   1.6638e+02   1.4582e+01   6.6440e-03   3.7322e-03   3.0792e+02
20251204_10:00:00   9.4924e-01   1.6681e+02   1.4648e+01   7.8760e-03   8.2452e-03   3.0935e+02
20251204_11:00:00   9.5226e-01   1.6711e+02   1.4748e+01   6.4620e-03   1.1201e-02   3.0769e+02
20251204_12:00:00   9.7492e-01   1.6931e+02   1.5042e+01   7.8923e-03   1.1441e-02   3.0532e+02
20251204_13:00:00   1.0084e+00   1.7257e+02   1.5514e+01   9.5884e-03   1.5189e-02   3.0589e+02
20251204_14:00:00   1.0478e+00   1.7637e+02   1.6310e+01   5.1560e-03   1.2730e-02   3.0455e+02
20251204_15:00:00   1.0469e+00   1.7633e+02   1.6333e+01   4.2837e-03   3.5608e-02   3.0268e+02
20251204_16:00:00   1.1239e+00   1.8322e+02   1.6688e+01   2.5197e-02   3.3930e-02   3.0184e+02
20251204_17:00:00   1.2642e+00   1.9465e+02   1.7044e+01   7.2679e-02   5.2845e-02   3.0080e+02
20251204_18:00:00   1.3800e+00   2.0281e+02   1.7339e+01   1.1087e-01   2.1744e-01   3.0124e+02
20251204_19:00:00   1.3423e+00   2.0030e+02   1.7680e+01   8.5771e-02   9.2825e-02   3.0082e+02
20251204_20:00:00   1.3165e+00   1.9850e+02   1.7934e+01   6.5655e-02   1.6968e-01   3.0100e+02
20251204_21:00:00   1.2799e+00   1.9596e+02   1.7841e+01   5.2278e-02   4.3468e-02   3.0102e+02
20251204_22:00:00   1.2357e+00   1.9275e+02   1.7527e+01   4.2779e-02   3.4996e-02   3.0307e+02
20251204_23:00:00   1.1818e+00   1.8854e+02   1.7315e+01   2.5473e-02   1.0017e-02   3.0369e+02
20251205_00:00:00   1.1434e+00   1.8540e+02   1.6981e+01   1.8063e-02   1.6323e-03   3.0547e+02
20251205_01:00:00   1.1487e+00   1.8586e+02   1.6756e+01   2.6725e-02   1.0689e-02   3.0503e+02
20251205_02:00:00   1.2265e+00   1.9221e+02   1.6743e+01   5.7569e-02   2.0686e-03   3.0425e+02
20251205_03:00:00   1.2037e+00   1.9055e+02   1.6228e+01   5.8914e-02   3.4267e-03   3.0413e+02
20251205_04:00:00   1.2325e+00   1.9292e+02   1.5527e+01   8.4605e-02   9.9715e-03   3.0267e+02
20251205_05:00:00   1.2082e+00   1.9107e+02   1.4906e+01   8.8528e-02   9.8981e-03   3.0065e+02
20251205_06:00:00   1.2359e+00   1.9318e+02   1.4594e+01   1.0734e-01   6.6140e-03   2.9806e+02
20251205_07:00:00   1.1351e+00   1.8492e+02   1.4493e+01   6.7999e-02   8.1029e-03   3.0055e+02
20251205_08:00:00   1.1298e+00   1.8427e+02   1.4759e+01   6.0780e-02   1.2248e-02   3.0401e+02
20251205_09:00:00   1.1174e+00   1.8312e+02   1.4834e+01   5.6183e-02   7.9280e-03   3.0551e+02
20251205_10:00:00   1.0230e+00   1.7454e+02   1.4650e+01   2.1840e-02   4.2466e-03   3.0549e+02
20251205_11:00:00   1.0410e+00   1.7626e+02   1.4607e+01   3.0180e-02   3.9503e-03   3.0599e+02
20251205_12:00:00   1.0254e+00   1.7488e+02   1.4635e+01   2.3203e-02   4.2636e-03   3.0681e+02
20251205_13:00:00   1.0056e+00   1.7295e+02   1.4881e+01   8.9677e-03   7.5949e-03   3.0953e+02
20251205_14:00:00   9.9562e-01   1.7192e+02   1.5023e+01   2.9483e-03   4.0820e-03   3.1366e+02
20251205_15:00:00   1.0340e+00   1.7528e+02   1.5779e+01   2.1317e-05   7.2544e-03   3.1772e+02
20251205_16:00:00   1.0967e+00   1.8085e+02   1.6173e+01   1.0406e-02   2.8589e-01   3.2129e+02
20251205_17:00:00   1.1381e+00   1.8443e+02   1.6243e+01   1.8538e-02   5.1897e-01   3.2222e+02
20251205_18:00:00   1.0932e+00   1.8046e+02   1.6159e+01   1.3275e-03   5.0486e-01   3.2536e+02
20251205_19:00:00   1.0913e+00   1.8024e+02   1.6163e+01   2.3304e-03   4.0965e-01   3.2746e+02
20251205_20:00:00   1.0865e+00   1.7978e+02   1.5985e+01   2.6250e-03   5.7788e-01   3.3188e+02
20251205_21:00:00   1.0848e+00   1.7965e+02   1.5892e+01   2.0290e-03   7.4136e-01   3.3317e+02
20251205_22:00:00   1.0803e+00   1.7933e+02   1.5875e+01   1.0664e-03   5.8149e-01   3.3719e+02
20251205_23:00:00   1.0729e+00   1.7867e+02   1.5726e+01   7.7260e-04   5.2829e-01   3.3730e+02
20251206_00:00:00   1.0472e+00   1.7628e+02   1.5376e+01   0.0000e+00   4.5802e-01   3.3609e+02
20251206_01:00:00   1.0497e+00   1.7652e+02   1.5235e+01   7.7235e-03   2.3151e-01   3.3044e+02
20251206_02:00:00   1.0044e+00   1.7231e+02   1.4768e+01   2.1813e-03   1.0333e-01   3.2759e+02
20251206_03:00:00   1.0194e+00   1.7355e+02   1.4767e+01   8.9189e-03   8.4171e-02   3.1948e+02
20251206_04:00:00   1.0175e+00   1.7341e+02   1.4536e+01   1.3677e-02   1.2988e-01   3.1698e+02
20251206_05:00:00   9.7901e-01   1.6968e+02   1.4334e+01   3.3513e-03   7.0362e-02   3.2120e+02
20251206_06:00:00   9.6139e-01   1.6789e+02   1.4150e+01   6.5275e-04   8.1425e-02   3.2614e+02
20251206_07:00:00   9.7955e-01   1.6971e+02   1.3993e+01   1.2236e-02   4.1069e-02   3.2568e+02
20251206_08:00:00   9.3111e-01   1.6478e+02   1.3689e+01   2.5033e-03   2.1452e-03   3.2284e+02
20251206_09:00:00   9.3608e-01   1.6510e+02   1.3560e+01   1.0527e-02   7.3825e-03   3.2266e+02
20251206_10:00:00   9.5031e-01   1.6685e+02   1.3102e+01   2.7229e-02   2.1737e-03   3.2621e+02
20251206_11:00:00   9.9458e-01   1.7144e+02   1.2783e+01   5.0522e-02   1.5086e-03   3.3639e+02
20251206_12:00:00   1.0360e+00   1.7556e+02   1.2764e+01   6.7245e-02   1.2901e-03   3.3535e+02
20251206_13:00:00   9.9156e-01   1.7134e+02   1.2681e+01   5.0607e-02   3.1290e-03   3.2215e+02
20251206_14:00:00   1.0626e+00   1.7815e+02   1.2684e+01   7.7192e-02   3.0892e-03   3.1940e+02
20251206_15:00:00   1.0076e+00   1.7310e+02   1.2064e+01   6.8636e-02   5.0611e-03   3.1947e+02
20251206_16:00:00   8.5975e-01   1.5779e+02   1.1345e+01   2.5902e-02   1.1934e-03   3.1936e+02
20251206_17:00:00   8.4388e-01   1.5601e+02   1.1338e+01   2.0511e-02   1.4611e-03   3.2127e+02
20251206_18:00:00   7.9775e-01   1.5067e+02   1.1408e+01   1.8648e-03   2.2752e-04   3.2534e+02
20251206_19:00:00   7.9851e-01   1.5083e+02   1.1509e+01   1.0727e-03   5.0947e-04   3.2723e+02
20251206_20:00:00   8.1617e-01   1.5301e+02   1.1745e+01   3.4054e-03   6.6133e-04   3.2787e+02
20251206_21:00:00   8.5351e-01   1.5740e+02   1.1998e+01   1.3585e-02   4.7058e-04   3.3087e+02
20251206_22:00:00   8.4691e-01   1.5683e+02   1.1879e+01   1.2671e-02   2.4079e-04   3.3403e+02
20251206_23:00:00   8.4681e-01   1.5679e+02   1.1913e+01   1.2516e-02   2.5603e-05   3.3627e+02
20251207_00:00:00   8.5821e-01   1.5788e+02   1.2110e+01   1.3774e-02   8.2191e-05   3.3712e+02
20251207_01:00:00   8.5981e-01   1.5804e+02   1.1946e+01   1.8264e-02   3.7747e-05   3.3886e+02
20251207_02:00:00   8.7563e-01   1.5984e+02   1.1918e+01   2.4663e-02   6.9307e-05   3.4316e+02
20251207_03:00:00   8.8155e-01   1.6045e+02   1.1967e+01   2.6862e-02   2.4446e-04   3.4451e+02
20251207_04:00:00   9.9519e-01   1.7253e+02   1.1896e+01   7.5386e-02   4.0993e-03   3.4459e+02
20251207_05:00:00   1.1523e+00   1.8697e+02   1.2268e+01   1.3056e-01   8.6792e-03   3.4200e+02
20251207_06:00:00   1.2263e+00   1.9299e+02   1.2356e+01   1.5821e-01   1.4969e-02   3.3818e+02
20251207_07:00:00   1.2025e+00   1.9097e+02   1.2749e+01   1.3774e-01   4.0835e-02   3.3650e+02
20251207_08:00:00   1.1930e+00   1.9024e+02   1.2656e+01   1.3456e-01   1.2824e-01   3.3433e+02
20251207_09:00:00   1.2518e+00   1.9481e+02   1.3157e+01   1.4925e-01   9.8327e-02   3.3436e+02
20251207_10:00:00   1.3181e+00   1.9958e+02   1.4202e+01   1.5228e-01   9.0370e-02   3.3509e+02
20251207_11:00:00   1.3380e+00   2.0097e+02   1.4592e+01   1.5258e-01   5.0001e-02   3.3451e+02
20251207_12:00:00   1.2479e+00   1.9434e+02   1.4573e+01   1.1579e-01   1.9927e-02   3.3408e+02
20251207_13:00:00   1.2760e+00   1.9665e+02   1.4344e+01   1.3015e-01   5.1053e-03   3.3382e+02
20251207_14:00:00   1.4644e+00   2.0961e+02   1.4432e+01   2.0121e-01   1.0303e-02   3.3603e+02
20251207_15:00:00   1.5537e+00   2.1493e+02   1.4612e+01   2.3203e-01   1.7605e-02   3.3704e+02
20251207_16:00:00   1.5452e+00   2.1450e+02   1.5010e+01   2.1862e-01   3.3138e-02   3.3804e+02
20251207_17:00:00   1.5759e+00   2.1630e+02   1.5336e+01   2.2348e-01   3.1215e-02   3.3820e+02
20251207_18:00:00   1.6419e+00   2.2003e+02   1.5447e+01   2.4520e-01   3.6437e-02   3.3853e+02
20251207_19:00:00   1.7342e+00   2.2477e+02   1.5459e+01   2.8427e-01   2.1263e-02   3.3491e+02
20251207_20:00:00   1.7265e+00   2.2460e+02   1.5494e+01   2.7993e-01   9.5983e-03   3.3463e+02
20251207_21:00:00   1.8154e+00   2.2862e+02   1.6826e+01   2.8062e-01   2.9440e-01   3.3333e+02
20251207_22:00:00   1.8588e+00   2.3050e+02   1.6743e+01   2.9927e-01   1.6393e-01   3.3297e+02
20251207_23:00:00   1.7227e+00   2.2492e+02   1.5348e+01   2.7004e-01   1.7279e-02   3.3598e+02
20251208_00:00:00   1.7287e+00   2.2518e+02   1.5690e+01   2.6255e-01   9.9185e-02   3.3993e+02
20251208_01:00:00   1.2731e+00   1.9798e+02   1.4187e+01   1.1305e-01   3.2453e-04   3.3872e+02
20251208_02:00:00   1.2261e+00   1.9471e+02   1.2845e+01   1.3163e-01   5.4109e-05   3.3630e+02
20251208_03:00:00   1.1072e+00   1.8488e+02   1.1842e+01   1.1204e-01   1.6714e-05   3.3574e+02
20251208_04:00:00   1.0259e+00   1.7735e+02   1.1360e+01   9.4133e-02   2.8128e-06   3.3782e+02
20251208_05:00:00   9.4343e-01   1.6898e+02   1.0439e+01   8.2558e-02   1.3914e-05   3.3590e+02
20251208_06:00:00   9.7659e-01   1.7227e+02   1.0470e+01   9.4134e-02   2.8730e-05   3.3185e+02
20251208_09:00:00   8.1276e-01   1.5420e+02   9.8748e+00   4.3903e-02   9.3203e-06   3.2268e+02
20251208_12:00:00   7.8489e-01   1.5017e+02   1.0775e+01   2.5695e-02   9.6350e-05   3.1637e+02
20251208_15:00:00   7.5811e-01   1.4601e+02   1.1514e+01   4.1373e-03   5.4980e-03   3.1855e+02
20251208_18:00:00   8.1757e-01   1.5287e+02   1.2937e+01   3.2046e-04   2.1609e-02   3.1930e+02
20251208_21:00:00   9.0562e-01   1.6277e+02   1.4681e+01   3.3633e-05   5.2014e-02   3.1574e+02
20251209_00:00:00   1.2684e+00   1.9569e+02   1.8283e+01   5.0882e-02   9.3318e-02   3.0969e+02
20251209_03:00:00   1.5876e+00   2.1758e+02   2.0398e+01   1.1263e-01   6.4233e-02   3.0683e+02
20251209_06:00:00   1.4939e+00   2.1281e+02   2.0404e+01   7.5187e-02   6.7378e-02   3.1018e+02
20251209_09:00:00   1.3714e+00   2.0540e+02   1.9913e+01   3.5159e-02   1.8212e-01   3.0957e+02
20251209_12:00:00   1.0759e+00   1.8203e+02   1.5662e+01   2.8462e-02   3.9769e-02   3.1638e+02
20251209_15:00:00   7.0352e-01   1.4051e+02   1.0741e+01   9.2581e-03   4.3114e-03   3.1613e+02
20251209_18:00:00   7.0207e-01   1.3998e+02   1.0726e+01   1.0559e-03   5.8193e-03   3.2323e+02
20251209_21:00:00   7.4208e-01   1.4528e+02   1.1143e+01   1.3556e-03   1.5122e-03   3.2758e+02
20251210_00:00:00   7.7554e-01   1.4890e+02   1.1340e+01   1.1987e-02   8.6270e-04   3.1938e+02
20251210_03:00:00   7.2605e-01   1.4219e+02   1.1056e+01   2.9202e-03   8.0960e-04   3.1405e+02
20251210_06:00:00   7.3269e-01   1.4254e+02   1.1405e+01   0.0000e+00   5.0735e-03   3.1559e+02
20251210_09:00:00   7.5632e-01   1.4509e+02   1.1951e+01   0.0000e+00   4.6567e-03   3.1378e+02
20251210_12:00:00   7.6694e-01   1.4602e+02   1.2265e+01   0.0000e+00   1.2469e-01   3.1949e+02
20251210_15:00:00   7.7534e-01   1.4694e+02   1.2229e+01   0.0000e+00   4.4537e-01   3.2405e+02
20251210_18:00:00   8.3497e-01   1.5417e+02   1.2976e+01   0.0000e+00   9.9538e-02   3.2481e+02
20251210_21:00:00   7.7695e-01   1.4785e+02   1.1841e+01   0.0000e+00   1.2109e-01   3.3651e+02
20251211_00:00:00   7.2418e-01   1.4171e+02   1.0641e+01   0.0000e+00   7.9955e-03   3.3277e+02
20251211_03:00:00   6.7196e-01   1.3490e+02   9.5300e+00   0.0000e+00   9.6419e-04   3.4553e+02
20251211_06:00:00   6.9137e-01   1.3727e+02   9.3636e+00   1.0610e-02   2.2984e-03   3.4604e+02
20251211_09:00:00   6.2725e-01   1.2825e+02   8.8565e+00   9.6596e-04   7.2398e-03   3.4821e+02
20251211_12:00:00   5.6766e-01   1.1934e+02   8.1670e+00   0.0000e+00   2.2992e-02   3.5365e+02
20251211_15:00:00   5.5198e-01   1.1686e+02   7.9394e+00   0.0000e+00   2.4467e-02   3.5269e+02
20251211_18:00:00   5.5991e-01   1.1810e+02   8.0543e+00   0.0000e+00   3.8698e-02   3.4080e+02
20251211_21:00:00   5.8765e-01   1.2219e+02   8.5959e+00   0.0000e+00   9.0865e-02   3.4164e+02
20251212_00:00:00   6.5847e-01   1.3183e+02   9.8897e+00   0.0000e+00   1.3367e-01   3.4913e+02
20251212_03:00:00   7.8140e-01   1.4719e+02   1.1873e+01   0.0000e+00   1.8663e-01   3.5347e+02
20251212_06:00:00   7.9746e-01   1.4908e+02   1.2171e+01   0.0000e+00   9.8708e-02   3.5587e+02
20251212_09:00:00   7.9475e-01   1.4868e+02   1.2213e+01   0.0000e+00   4.3904e-02   3.5339e+02
20251212_12:00:00   8.2929e-01   1.5258e+02   1.2861e+01   1.1578e-03   1.3037e-01   3.4653e+02
20251212_15:00:00   9.1055e-01   1.6161e+02   1.4114e+01   4.1586e-03   3.4811e-02   3.4060e+02
20251212_18:00:00   1.0516e+00   1.7571e+02   1.6161e+01   9.7230e-03   1.2885e-01   3.2029e+02
20251212_21:00:00   1.1316e+00   1.8341e+02   1.7617e+01   2.4609e-03   1.1568e-01   3.0829e+02
20251213_00:00:00   1.3189e+00   1.9898e+02   1.8243e+01   5.8906e-02   4.4416e-02   2.9938e+02
20251213_03:00:00   1.7625e+00   2.2516e+02   1.7689e+01   2.5633e-01   1.9964e-02   2.9170e+02
20251213_06:00:00   2.6595e+00   2.5315e+02   1.7863e+01   6.2292e-01   1.5104e-02   2.8629e+02
20251213_09:00:00   1.8909e+00   2.3215e+02   1.6933e+01   3.2161e-01   8.9720e-03   2.8499e+02
20251213_12:00:00   1.7414e+00   2.2610e+02   1.5950e+01   2.8103e-01   5.2938e-03   2.7790e+02
20251213_15:00:00   1.4411e+00   2.1007e+02   1.5419e+01   1.7312e-01   4.1072e-03   2.7996e+02
20251213_18:00:00   1.4012e+00   2.0794e+02   1.5522e+01   1.5499e-01   4.0362e-03   2.8454e+02
20251213_21:00:00   1.6254e+00   2.2161e+02   1.7321e+01   2.0195e-01   4.8980e-03   2.8422e+02
20251214_00:00:00   1.5918e+00   2.1994e+02   1.7898e+01   1.7685e-01   2.9688e-03   2.8127e+02
20251214_03:00:00   1.3703e+00   2.0641e+02   1.5918e+01   1.3551e-01   1.4884e-03   2.8422e+02
20251214_06:00:00   1.1963e+00   1.9340e+02   1.4824e+01   8.9802e-02   1.4394e-03   2.8740e+02
20251214_09:00:00   1.2120e+00   1.9465e+02   1.4603e+01   1.0121e-01   2.5094e-03   2.8561e+02
20251214_12:00:00   1.2275e+00   1.9559e+02   1.4116e+01   1.2294e-01   3.3440e-03   2.8498e+02
20251214_15:00:00   1.2275e+00   1.9518e+02   1.3920e+01   1.3163e-01   4.7658e-03   2.8378e+02
20251214_18:00:00   1.0157e+00   1.7663e+02   1.3622e+01   5.1252e-02   7.6148e-03   2.8755e+02
20251214_21:00:00   1.0236e+00   1.7732e+02   1.4549e+01   3.2115e-02   2.0733e-01   2.9244e+02
20251215_00:00:00   1.3010e+00   2.0005e+02   1.9045e+01   3.4531e-02   1.5786e-01   3.0785e+02
20251215_03:00:00   1.4107e+00   2.0754e+02   2.0369e+01   3.6383e-02   1.5592e-01   3.0858e+02
20251215_06:00:00   1.3938e+00   2.0658e+02   1.9709e+01   3.9299e-02   2.6602e-02   3.1529e+02
20251215_09:00:00   1.1680e+00   1.9035e+02   1.6100e+01   3.6998e-02   1.4411e-03   3.2588e+02
20251215_12:00:00   8.8659e-01   1.6342e+02   1.0926e+01   4.4873e-02   5.1740e-06   3.2519e+02
20251215_15:00:00   5.1498e-01   1.1325e+02   6.6688e+00   1.2122e-02   4.7070e-06   3.3093e+02
20251215_18:00:00   4.4156e-01   1.0027e+02   6.3282e+00   0.0000e+00   3.9240e-07   3.2603e+02
20251215_21:00:00   4.4365e-01   1.0064e+02   6.4744e+00   0.0000e+00   0.0000e+00   3.2704e+02
20251216_00:00:00   5.3970e-01   1.1558e+02   8.0903e+00   0.0000e+00   2.1208e-03   3.2209e+02
20251216_03:00:00   5.7620e-01   1.2084e+02   8.6545e+00   0.0000e+00   2.3826e-02   3.2415e+02
20251216_06:00:00   4.7674e-01   1.0532e+02   7.1309e+00   0.0000e+00   1.3538e-02   3.1798e+02
20251216_09:00:00   4.6178e-01   1.0231e+02   7.0348e+00   0.0000e+00   1.9580e-03   3.1102e+02
20251216_12:00:00   4.7678e-01   1.0438e+02   7.0413e+00   0.0000e+00   2.6244e-04   3.0523e+02
20251216_15:00:00   4.4260e-01   9.8568e+01   6.4374e+00   0.0000e+00   2.2796e-06   2.9952e+02
20251216_18:00:00   4.3401e-01   9.7113e+01   6.2798e+00   0.0000e+00   5.0546e-06   2.9903e+02
20251216_21:00:00   4.2963e-01   9.6629e+01   6.3188e+00   0.0000e+00   2.3475e-06   2.9522e+02
20251217_00:00:00   4.6400e-01   1.0208e+02   7.1599e+00   0.0000e+00   5.9183e-03   2.8885e+02
20251217_03:00:00   4.8024e-01   1.0469e+02   7.3975e+00   0.0000e+00   1.8530e-03   2.9206e+02
20251217_06:00:00   4.8264e-01   1.0472e+02   7.5536e+00   0.0000e+00   3.6603e-03   2.9466e+02
20251217_09:00:00   5.2043e-01   1.1039e+02   8.3309e+00   0.0000e+00   2.6400e-02   2.9717e+02
20251217_12:00:00   5.9161e-01   1.2085e+02   9.5256e+00   0.0000e+00   1.0797e-01   3.0167e+02
20251217_15:00:00   5.8790e-01   1.2036e+02   9.4352e+00   0.0000e+00   8.4566e-02   3.1524e+02
20251217_18:00:00   5.6097e-01   1.1671e+02   8.9244e+00   0.0000e+00   1.1555e-01   3.2522e+02
20251217_21:00:00   5.6214e-01   1.1713e+02   8.9189e+00   0.0000e+00   1.3002e-01   3.2490e+02
20251218_00:00:00   4.3851e-01   9.8030e+01   6.5790e+00   0.0000e+00   4.9626e-02   3.2698e+02
20251218_03:00:00   3.6414e-01   8.5646e+01   4.9473e+00   0.0000e+00   1.9382e-06   3.2784e+02
20251218_06:00:00   3.5809e-01   8.4259e+01   4.9048e+00   0.0000e+00   1.6763e-04   3.3526e+02
20251218_09:00:00   3.5746e-01   8.3823e+01   5.0763e+00   0.0000e+00   2.0730e-03   3.2730e+02
20251218_12:00:00   3.7914e-01   8.7353e+01   5.6866e+00   0.0000e+00   6.1829e-03   3.2471e+02
20251218_15:00:00   4.2190e-01   9.4509e+01   6.6004e+00   0.0000e+00   1.8075e-02   3.1924e+02
20251218_18:00:00   4.6713e-01   1.0201e+02   7.4034e+00   0.0000e+00   1.8198e-01   3.1569e+02
20251218_21:00:00   6.4218e-01   1.2821e+02   1.0403e+01   0.0000e+00   3.8027e-01   3.1432e+02
20251219_00:00:00   7.2433e-01   1.4011e+02   1.1585e+01   1.0592e-04   4.3180e-04   3.3016e+02
20251219_03:00:00   1.0100e+00   1.7203e+02   1.4587e+01   3.2638e-02   3.4453e-02   3.2914e+02
20251219_06:00:00   9.6614e-01   1.6795e+02   1.4923e+01   8.1578e-03   5.7111e-02   3.2283e+02
