#            date       tau255        Tb[K]      pwv[mm] lwp[kg*m^-2] iwp[kg*m^-2]       o3[DU]
20251202_18:00:00   7.7371e-01   1.4777e+02   1.1529e+01   0.0000e+00   1.5868e-04   4.1181e+02
20251202_19:00:00   7.6752e-01   1.4731e+02   1.1479e+01   0.0000e+00   1.0195e-03   4.0532e+02
20251202_20:00:00   7.4286e-01   1.4466e+02   1.1050e+01   0.0000e+00   8.3444e-05   4.1173e+02
20251202_21:00:00   7.0984e-01   1.4088e+02   1.0499e+01   0.0000e+00   0.0000e+00   4.0840e+02
20251202_22:00:00   7.2126e-01   1.4249e+02   1.0658e+01   0.0000e+00   0.0000e+00   4.1177e+02
20251202_23:00:00   7.4161e-01   1.4496e+02   1.0972e+01   0.0000e+00   0.0000e+00   4.1214e+02
20251203_00:00:00   7.5246e-01   1.4620e+02   1.1105e+01   0.0000e+00   0.0000e+00   4.0505e+02
20251203_01:00:00   7.5782e-01   1.4678e+02   1.1170e+01   0.0000e+00   1.5692e-06   4.0233e+02
20251203_02:00:00   7.6170e-01   1.4722e+02   1.1189e+01   0.0000e+00   5.7140e-07   4.0314e+02
20251203_03:00:00   7.5005e-01   1.4575e+02   1.0982e+01   0.0000e+00   0.0000e+00   4.0016e+02
20251203_04:00:00   7.3976e-01   1.4432e+02   1.0831e+01   0.0000e+00   0.0000e+00   3.9785e+02
20251203_05:00:00   7.3256e-01   1.4327e+02   1.0694e+01   0.0000e+00   7.0080e-06   3.9138e+02
20251203_06:00:00   7.2666e-01   1.4237e+02   1.0624e+01   0.0000e+00   0.0000e+00   3.9280e+02
20251203_07:00:00   7.1993e-01   1.4137e+02   1.0523e+01   0.0000e+00   0.0000e+00   3.9157e+02
20251203_08:00:00   7.1840e-01   1.4105e+02   1.0480e+01   0.0000e+00   7.6540e-05   3.8541e+02
20251203_09:00:00   7.1684e-01   1.4066e+02   1.0502e+01   5.5740e-06   7.8470e-03   3.7280e+02
20251203_10:00:00   7.2321e-01   1.4131e+02   1.0623e+01   8.0998e-04   3.3997e-02   3.6284e+02
20251203_11:00:00   7.3269e-01   1.4244e+02   1.0668e+01   4.8564e-03   4.0008e-02   3.5974e+02
20251203_12:00:00   8.1454e-01   1.5239e+02   1.0749e+01   3.7863e-02   3.4544e-02   3.6138e+02
20251203_13:00:00   9.8755e-01   1.7105e+02   1.0886e+01   1.0827e-01   2.3605e-02   3.6414e+02
20251203_14:00:00   1.0845e+00   1.8009e+02   1.0958e+01   1.4843e-01   5.3311e-02   3.6223e+02
20251203_15:00:00   1.0656e+00   1.7825e+02   1.1226e+01   1.3507e-01   4.6221e-02   3.6002e+02
20251203_16:00:00   1.0658e+00   1.7812e+02   1.1589e+01   1.2716e-01   2.3248e-02   3.5893e+02
20251203_17:00:00   1.0280e+00   1.7450e+02   1.1957e+01   1.0297e-01   2.2100e-02   3.5611e+02
20251203_18:00:00   9.9494e-01   1.7127e+02   1.2167e+01   8.2834e-02   6.8097e-02   3.5272e+02
20251203_19:00:00   9.4137e-01   1.6592e+02   1.2127e+01   6.0637e-02   5.1284e-02   3.4930e+02
20251203_20:00:00   8.7670e-01   1.5910e+02   1.2210e+01   3.2015e-02   4.7143e-02   3.4318e+02
20251203_21:00:00   8.3922e-01   1.5495e+02   1.2279e+01   1.5954e-02   3.3589e-02   3.3535e+02
20251203_22:00:00   8.3981e-01   1.5510e+02   1.2497e+01   1.1216e-02   2.4001e-02   3.2823e+02
20251203_23:00:00   8.2756e-01   1.5390e+02   1.2583e+01   3.5682e-03   2.6816e-03   3.2471e+02
20251204_00:00:00   8.5146e-01   1.5658e+02   1.3068e+01   1.3993e-03   1.0082e-02   3.2466e+02
20251204_01:00:00   8.7728e-01   1.5944e+02   1.3520e+01   6.9155e-04   2.7245e-02   3.2329e+02
20251204_02:00:00   9.1275e-01   1.6328e+02   1.3912e+01   5.4080e-03   3.9030e-02   3.1754e+02
20251204_03:00:00   9.2595e-01   1.6470e+02   1.4315e+01   1.2682e-03   8.6019e-04   3.1331e+02
20251204_04:00:00   9.3735e-01   1.6585e+02   1.4521e+01   1.5914e-03   3.2233e-03   3.1033e+02
20251204_05:00:00   9.4455e-01   1.6662e+02   1.4711e+01   3.6588e-04   2.5891e-03   3.0824e+02
20251204_06:00:00   9.5630e-01   1.6788e+02   1.4752e+01   4.2520e-03   3.1890e-03   3.0762e+02
20251204_07:00:00   9.6487e-01   1.6874e+02   1.4907e+01   4.1360e-03   4.4798e-03   3.0597e+02
20251204_08:00:00   9.6630e-01   1.6884e+02   1.5049e+01   1.5346e-03   1.7904e-03   3.0340e+02
20251204_09:00:00   9.6741e-01   1.6890e+02   1.5189e+01   8.6020e-04   5.7373e-03   3.0339e+02
20251204_10:00:00   9.5096e-01   1.6726e+02   1.4976e+01   2.9320e-04   9.8297e-03   3.0346e+02
20251204_11:00:00   9.3887e-01   1.6602e+02   1.4741e+01   6.1380e-04   8.1551e-03   3.0112e+02
20251204_12:00:00   9.6065e-01   1.6814e+02   1.5070e+01   2.2218e-03   5.6053e-02   3.0025e+02
20251204_13:00:00   9.9418e-01   1.7142e+02   1.5529e+01   4.1578e-03   4.9668e-02   3.0211e+02
20251204_14:00:00   1.0309e+00   1.7491e+02   1.5897e+01   8.5028e-03   2.8869e-02   3.0202e+02
20251204_15:00:00   1.0639e+00   1.7795e+02   1.6131e+01   1.4469e-02   9.2888e-03   3.0277e+02
20251204_16:00:00   1.0821e+00   1.7959e+02   1.6312e+01   1.5476e-02   7.5997e-03   3.0260e+02
20251204_17:00:00   1.1046e+00   1.8172e+02   1.6598e+01   1.5469e-02   4.0262e-03   2.9919e+02
20251204_18:00:00   1.1976e+00   1.8959e+02   1.7138e+01   3.9876e-02   6.6752e-03   2.9768e+02
20251204_19:00:00   1.1850e+00   1.8877e+02   1.7546e+01   2.3179e-02   1.7182e-02   2.9748e+02
20251204_20:00:00   1.1443e+00   1.8545e+02   1.7524e+01   4.6537e-03   2.0750e-01   3.0035e+02
20251204_21:00:00   1.2063e+00   1.9059e+02   1.7661e+01   2.5207e-02   2.1362e-01   2.9924e+02
20251204_22:00:00   1.2751e+00   1.9594e+02   1.7873e+01   4.6526e-02   2.0697e-01   3.0089e+02
20251204_23:00:00   1.2707e+00   1.9573e+02   1.7701e+01   4.9804e-02   8.6521e-02   3.0256e+02
20251205_00:00:00   1.3126e+00   1.9884e+02   1.7437e+01   7.2619e-02   2.1369e-02   3.0361e+02
20251205_01:00:00   1.3240e+00   1.9971e+02   1.7111e+01   8.5314e-02   1.3541e-02   3.0355e+02
20251205_02:00:00   1.4859e+00   2.1032e+02   1.6725e+01   1.6228e-01   1.4414e-02   3.0334e+02
20251205_03:00:00   1.4594e+00   2.0884e+02   1.6374e+01   1.5578e-01   8.6422e-03   3.0433e+02
20251205_04:00:00   1.3847e+00   2.0417e+02   1.5641e+01   1.3840e-01   5.0169e-03   3.0521e+02
20251205_05:00:00   1.3292e+00   2.0022e+02   1.5695e+01   1.1278e-01   1.4195e-02   3.0155e+02
20251205_06:00:00   1.3557e+00   2.0189e+02   1.5428e+01   1.2932e-01   6.3441e-02   3.0293e+02
20251205_07:00:00   1.1829e+00   1.8891e+02   1.5131e+01   5.9588e-02   1.6926e-01   3.0408e+02
20251205_08:00:00   1.0162e+00   1.7449e+02   1.4816e+01   1.7762e-05   5.2673e-02   3.0590e+02
20251205_09:00:00   9.5926e-01   1.6916e+02   1.4108e+01   3.0477e-05   7.7577e-03   3.0948e+02
20251205_10:00:00   9.3176e-01   1.6632e+02   1.3717e+01   9.5703e-05   7.7633e-04   3.0762e+02
20251205_11:00:00   9.0048e-01   1.6303e+02   1.3172e+01   1.3776e-03   2.5269e-05   3.0816e+02
20251205_12:00:00   8.8032e-01   1.6086e+02   1.2746e+01   2.7200e-03   2.9549e-04   3.0933e+02
20251205_13:00:00   8.8108e-01   1.6087e+02   1.2512e+01   7.8736e-03   7.6898e-05   3.1039e+02
20251205_14:00:00   9.0615e-01   1.6355e+02   1.2160e+01   2.5917e-02   1.4355e-03   3.1260e+02
20251205_15:00:00   9.8616e-01   1.7180e+02   1.1831e+01   6.7127e-02   2.9321e-03   3.1255e+02
20251205_16:00:00   1.1416e+00   1.8603e+02   1.1903e+01   1.3018e-01   2.1926e-02   3.1611e+02
20251205_17:00:00   1.5400e+00   2.1389e+02   1.2530e+01   2.8543e-01   5.2057e-02   3.2004e+02
20251205_18:00:00   2.1055e+00   2.3833e+02   1.5362e+01   4.5740e-01   1.7094e-01   3.2237e+02
20251205_19:00:00   2.2607e+00   2.4293e+02   1.7161e+01   4.7362e-01   3.0990e-01   3.2092e+02
20251205_20:00:00   1.7781e+00   2.2550e+02   1.7349e+01   2.6577e-01   3.1827e-01   3.2288e+02
20251205_21:00:00   1.5285e+00   2.1252e+02   1.6234e+01   1.8226e-01   3.7142e-01   3.2774e+02
20251205_22:00:00   1.0389e+00   1.7629e+02   1.4886e+01   1.1748e-02   7.9583e-02   3.3192e+02
20251205_23:00:00   9.6647e-01   1.6951e+02   1.3886e+01   7.4874e-03   2.8186e-02   3.3320e+02
20251206_00:00:00   8.5921e-01   1.5834e+02   1.2369e+01   7.7350e-03   3.1484e-03   3.3277e+02
20251206_01:00:00   8.5983e-01   1.5838e+02   1.1870e+01   2.0301e-02   1.0847e-02   3.3192e+02
20251206_02:00:00   8.8925e-01   1.6177e+02   1.1788e+01   3.2993e-02   4.2980e-03   3.2556e+02
20251206_03:00:00   8.9236e-01   1.6218e+02   1.1423e+01   4.4664e-02   1.2673e-03   3.1742e+02
20251206_04:00:00   9.4475e-01   1.6774e+02   1.1174e+01   7.1681e-02   1.5363e-03   3.1768e+02
20251206_05:00:00   9.1091e-01   1.6418e+02   1.0974e+01   6.3009e-02   9.9810e-04   3.1836e+02
20251206_06:00:00   8.2956e-01   1.5508e+02   1.0827e+01   3.5363e-02   2.5354e-03   3.2072e+02
20251206_07:00:00   8.2894e-01   1.5482e+02   1.1200e+01   3.0467e-02   1.4373e-02   3.2023e+02
20251206_08:00:00   8.1600e-01   1.5332e+02   1.1299e+01   2.3263e-02   4.6662e-02   3.2220e+02
20251206_09:00:00   8.2347e-01   1.5415e+02   1.1481e+01   2.4390e-02   1.7155e-02   3.1833e+02
20251206_10:00:00   8.2693e-01   1.5459e+02   1.1385e+01   2.8840e-02   2.8126e-02   3.1691e+02
20251206_11:00:00   8.3963e-01   1.5609e+02   1.1544e+01   3.0245e-02   1.2174e-02   3.1831e+02
20251206_12:00:00   8.5976e-01   1.5839e+02   1.1707e+01   3.2553e-02   1.3089e-02   3.1618e+02
20251206_13:00:00   8.8172e-01   1.6067e+02   1.2175e+01   2.9416e-02   1.6584e-02   3.1573e+02
20251206_14:00:00   8.7998e-01   1.6046e+02   1.2244e+01   2.6481e-02   1.7169e-02   3.1449e+02
20251206_15:00:00   8.6836e-01   1.5912e+02   1.2147e+01   2.5860e-02   7.3722e-02   3.1597e+02
20251206_16:00:00   8.7470e-01   1.5966e+02   1.2475e+01   2.1838e-02   1.1697e-01   3.1693e+02
20251206_17:00:00   8.7616e-01   1.5979e+02   1.2751e+01   1.4254e-02   1.5791e-01   3.1678e+02
20251206_18:00:00   8.8947e-01   1.6125e+02   1.3160e+01   9.2303e-03   1.4780e-01   3.1762e+02
20251206_19:00:00   9.1386e-01   1.6388e+02   1.3535e+01   8.8678e-03   6.9251e-02   3.1788e+02
20251206_20:00:00   9.0606e-01   1.6323e+02   1.3396e+01   8.5048e-03   8.3188e-02   3.1568e+02
20251206_21:00:00   9.1704e-01   1.6448e+02   1.3506e+01   7.1356e-03   3.2545e-02   3.1503e+02
20251206_22:00:00   9.3524e-01   1.6635e+02   1.3782e+01   6.2921e-03   5.2997e-02   3.1742e+02
20251206_23:00:00   9.2565e-01   1.6546e+02   1.3782e+01   7.5232e-04   1.8692e-02   3.1987e+02
20251207_00:00:00   8.9534e-01   1.6223e+02   1.3354e+01   6.3550e-05   9.8177e-03   3.2249e+02
20251207_01:00:00   8.6180e-01   1.5867e+02   1.2731e+01   0.0000e+00   3.9799e-05   3.2261e+02
20251207_02:00:00   8.6590e-01   1.5902e+02   1.2813e+01   0.0000e+00   7.5263e-05   3.1968e+02
20251207_03:00:00   8.5905e-01   1.5827e+02   1.2711e+01   1.9224e-03   5.2692e-03   3.1590e+02
20251207_04:00:00   8.6294e-01   1.5872e+02   1.2610e+01   7.2137e-03   1.4920e-02   3.1451e+02
20251207_05:00:00   8.8747e-01   1.6155e+02   1.2607e+01   1.8331e-02   4.9407e-02   3.1367e+02
20251207_06:00:00   9.7042e-01   1.7035e+02   1.2636e+01   5.0392e-02   1.2110e-01   3.1656e+02
20251207_07:00:00   9.8971e-01   1.7227e+02   1.2887e+01   5.2276e-02   1.1634e-01   3.1591e+02
20251207_08:00:00   9.3215e-01   1.6621e+02   1.2988e+01   2.6695e-02   1.4837e-01   3.1544e+02
20251207_09:00:00   9.5848e-01   1.6865e+02   1.3626e+01   2.4287e-02   2.3765e-01   3.1262e+02
20251207_10:00:00   9.0353e-01   1.6295e+02   1.3215e+01   1.1634e-02   4.6282e-02   3.1102e+02
20251207_11:00:00   8.8992e-01   1.6146e+02   1.2894e+01   1.2792e-02   2.6458e-02   3.1163e+02
20251207_12:00:00   9.2050e-01   1.6464e+02   1.3082e+01   2.0942e-02   3.9996e-02   3.1361e+02
20251207_13:00:00   1.0403e+00   1.7636e+02   1.4758e+01   3.3720e-02   5.9325e-02   3.1788e+02
20251207_14:00:00   1.1282e+00   1.8418e+02   1.5955e+01   3.9847e-02   3.2351e-02   3.2143e+02
20251207_15:00:00   1.1815e+00   1.8877e+02   1.5980e+01   5.8810e-02   1.2743e-02   3.2540e+02
20251207_16:00:00   1.1931e+00   1.8978e+02   1.6007e+01   6.1985e-02   1.7502e-02   3.3310e+02
20251207_17:00:00   1.1866e+00   1.8950e+02   1.5892e+01   5.9289e-02   4.1892e-03   3.3435e+02
20251207_18:00:00   1.2934e+00   1.9771e+02   1.6850e+01   7.7526e-02   1.8392e-02   3.3576e+02
20251207_21:00:00   1.2485e+00   1.9516e+02   1.6112e+01   6.0308e-02   3.7726e-02   3.4030e+02
20251208_00:00:00   1.1563e+00   1.8870e+02   1.2615e+01   1.1070e-01   1.1908e-04   3.3616e+02
20251208_03:00:00   1.2783e+00   1.9821e+02   1.2604e+01   1.5896e-01   9.5688e-05   3.2480e+02
20251208_06:00:00   1.1339e+00   1.8656e+02   1.2360e+01   9.9282e-02   6.8305e-04   3.2331e+02
20251208_09:00:00   7.7484e-01   1.4960e+02   1.0416e+01   8.8365e-03   8.2002e-05   3.1781e+02
20251208_12:00:00   8.6894e-01   1.5975e+02   1.1747e+01   3.8243e-02   1.4267e-02   3.1629e+02
20251208_15:00:00   9.6502e-01   1.6931e+02   1.4140e+01   2.5605e-02   3.2790e-01   3.1316e+02
20251208_18:00:00   8.9345e-01   1.6189e+02   1.4140e+01   2.2447e-03   3.1976e-01   3.1651e+02
20251208_21:00:00   9.5661e-01   1.6859e+02   1.5405e+01   1.6286e-03   3.1703e-02   3.1652e+02
20251209_00:00:00   1.0770e+00   1.8028e+02   1.6837e+01   8.2820e-03   2.3400e-02   3.1038e+02
20251209_03:00:00   1.4224e+00   2.0725e+02   1.9113e+01   8.6548e-02   2.3708e-02   3.1275e+02
20251209_06:00:00   1.3992e+00   2.0651e+02   1.9018e+01   7.0050e-02   6.3999e-02   3.0912e+02
20251209_09:00:00   1.2931e+00   1.9954e+02   1.9160e+01   2.4490e-02   1.7677e-01   3.0952e+02
20251209_12:00:00   1.0959e+00   1.8363e+02   1.6298e+01   1.7771e-02   4.5844e-03   3.1477e+02
20251209_15:00:00   1.0344e+00   1.7730e+02   1.4884e+01   2.8606e-02   4.3310e-02   3.1863e+02
20251209_18:00:00   8.6855e-01   1.6031e+02   1.3234e+01   0.0000e+00   5.2803e-03   3.2583e+02
20251209_21:00:00   8.0922e-01   1.5362e+02   1.2589e+01   1.6696e-04   1.4974e-03   3.2262e+02
20251210_00:00:00   7.5304e-01   1.4653e+02   1.1953e+01   0.0000e+00   1.2843e-02   3.2240e+02
20251210_03:00:00   8.4060e-01   1.5623e+02   1.3318e+01   0.0000e+00   1.6387e-02   3.2269e+02
20251210_06:00:00   9.2658e-01   1.6497e+02   1.4714e+01   0.0000e+00   1.4364e-01   3.2935e+02
20251210_09:00:00   9.9088e-01   1.7096e+02   1.5578e+01   0.0000e+00   3.0709e-01   3.3379e+02
20251210_12:00:00   1.0926e+00   1.8090e+02   1.5392e+01   2.0957e-02   3.2667e-01   3.4366e+02
20251210_15:00:00   9.6742e-01   1.6946e+02   1.3409e+01   2.2020e-02   2.6507e-03   3.4823e+02
20251210_18:00:00   7.6134e-01   1.4722e+02   1.0074e+01   2.0433e-02   3.2828e-05   3.4239e+02
20251210_21:00:00   6.6233e-01   1.3486e+02   9.0017e+00   8.8286e-03   6.0563e-06   3.3920e+02
20251211_00:00:00   6.9739e-01   1.3951e+02   8.5102e+00   3.5351e-02   1.0657e-06   3.4255e+02
20251211_03:00:00   6.4604e-01   1.3175e+02   8.3870e+00   2.4055e-02   6.1780e-06   3.4367e+02
20251211_06:00:00   6.4627e-01   1.3096e+02   9.2127e+00   2.7912e-03   5.7941e-03   3.4917e+02
20251211_09:00:00   6.2985e-01   1.2854e+02   8.7011e+00   6.5535e-03   5.6030e-05   3.5814e+02
20251211_12:00:00   5.7895e-01   1.2108e+02   7.8502e+00   9.4844e-03   3.6268e-05   3.6614e+02
20251211_15:00:00   5.5409e-01   1.1703e+02   7.6365e+00   4.7190e-03   4.7748e-05   3.7505e+02
20251211_18:00:00   5.0739e-01   1.0994e+02   7.1610e+00   0.0000e+00   2.4208e-04   3.6710e+02
20251211_21:00:00   4.7823e-01   1.0554e+02   6.8484e+00   0.0000e+00   2.2659e-02   3.6365e+02
20251212_00:00:00   4.7469e-01   1.0450e+02   7.0357e+00   0.0000e+00   3.3515e-02   3.7568e+02
20251212_03:00:00   4.5800e-01   1.0109e+02   6.9989e+00   0.0000e+00   1.6556e-02   3.7790e+02
20251212_06:00:00   4.9510e-01   1.0634e+02   7.8263e+00   0.0000e+00   2.8659e-02   3.6193e+02
20251212_09:00:00   6.1231e-01   1.2336e+02   9.8380e+00   0.0000e+00   2.9335e-01   3.5318e+02
20251212_12:00:00   7.2333e-01   1.3823e+02   1.1610e+01   0.0000e+00   3.6008e-01   3.3213e+02
20251212_15:00:00   8.3438e-01   1.5179e+02   1.3342e+01   0.0000e+00   3.3959e-01   3.1945e+02
20251212_18:00:00   9.8031e-01   1.6785e+02   1.5226e+01   5.8850e-06   3.9639e-01   3.0732e+02
20251212_21:00:00   1.0283e+00   1.7345e+02   1.5884e+01   4.1564e-03   2.1409e-01   3.0072e+02
20251213_00:00:00   1.7908e+00   2.2491e+02   1.5123e+01   3.4507e-01   1.1670e-01   2.9727e+02
20251213_03:00:00   2.3313e+00   2.4415e+02   1.5025e+01   5.6901e-01   4.9261e-02   2.8645e+02
20251213_06:00:00   2.2797e+00   2.4398e+02   1.5509e+01   5.2145e-01   9.6993e-03   2.7946e+02
20251213_09:00:00   1.7929e+00   2.2760e+02   1.5221e+01   3.2429e-01   2.2973e-03   2.7759e+02
20251213_12:00:00   1.4587e+00   2.1078e+02   1.5400e+01   1.8007e-01   1.8123e-03   2.7648e+02
20251213_15:00:00   1.4494e+00   2.1100e+02   1.6242e+01   1.5117e-01   1.3544e-03   2.7646e+02
20251213_18:00:00   1.1410e+00   1.8864e+02   1.5313e+01   4.8781e-02   3.4177e-03   2.8552e+02
20251213_21:00:00   1.3593e+00   2.0610e+02   1.4823e+01   1.5137e-01   1.9201e-03   2.8899e+02
20251214_00:00:00   1.4396e+00   2.1159e+02   1.6698e+01   1.4243e-01   1.5262e-02   2.8811e+02
20251214_03:00:00   1.4008e+00   2.0797e+02   1.9563e+01   5.0897e-02   1.0216e-01   2.9142e+02
20251214_06:00:00   1.4325e+00   2.1043e+02   1.6517e+01   1.1718e-01   6.7328e-02   3.0932e+02
20251214_09:00:00   5.6325e-01   1.2025e+02   8.1533e+00   0.0000e+00   6.3294e-04   3.3646e+02
20251214_12:00:00   3.9372e-01   9.1076e+01   5.6447e+00   0.0000e+00   0.0000e+00   3.3784e+02
20251214_15:00:00   4.3427e-01   9.7530e+01   6.2064e+00   0.0000e+00   1.6538e-04   3.4707e+02
20251214_18:00:00   4.5887e-01   1.0157e+02   6.6786e+00   0.0000e+00   1.6542e-03   3.4608e+02
20251214_21:00:00   5.3392e-01   1.1343e+02   8.0309e+00   0.0000e+00   3.6115e-03   3.4534e+02
20251215_00:00:00   5.4886e-01   1.1589e+02   8.1123e+00   0.0000e+00   1.5329e-03   3.4313e+02
20251215_03:00:00   5.4665e-01   1.1555e+02   7.9679e+00   0.0000e+00   7.8199e-03   3.5033e+02
20251215_06:00:00   5.3993e-01   1.1434e+02   7.8827e+00   0.0000e+00   1.8284e-02   3.5466e+02
20251215_09:00:00   5.2654e-01   1.1196e+02   7.8965e+00   0.0000e+00   2.7701e-02   3.5334e+02
20251215_12:00:00   5.4144e-01   1.1401e+02   8.3206e+00   0.0000e+00   3.9544e-03   3.5081e+02
20251215_15:00:00   6.0415e-01   1.2303e+02   9.4458e+00   0.0000e+00   5.1518e-03   3.4648e+02
20251215_18:00:00   6.3999e-01   1.2829e+02   1.0101e+01   0.0000e+00   1.7425e-02   3.4549e+02
20251215_21:00:00   7.1796e-01   1.3911e+02   1.1506e+01   0.0000e+00   8.9805e-03   3.4510e+02
20251216_00:00:00   7.3275e-01   1.4105e+02   1.1778e+01   0.0000e+00   1.9541e-02   3.4081e+02
20251216_03:00:00   8.2733e-01   1.5243e+02   1.3386e+01   0.0000e+00   1.1603e-02   3.3672e+02
20251216_06:00:00   1.0045e+00   1.7141e+02   1.6041e+01   0.0000e+00   1.7212e-01   3.2791e+02
20251216_09:00:00   9.7474e-01   1.6880e+02   1.5711e+01   5.5700e-04   1.2840e-01   3.2181e+02
20251216_12:00:00   1.0795e+00   1.7905e+02   1.7331e+01   6.2760e-04   3.1635e-01   3.1294e+02
20251216_15:00:00   1.0542e+00   1.7713e+02   1.7075e+01   2.4400e-03   2.0445e-02   3.0977e+02
20251216_18:00:00   1.0837e+00   1.8042e+02   1.7754e+01   0.0000e+00   2.4692e-02   3.1234e+02
20251216_21:00:00   1.1302e+00   1.8497e+02   1.8474e+01   0.0000e+00   1.2155e-01   3.0960e+02
20251217_00:00:00   1.1906e+00   1.9018e+02   1.9399e+01   0.0000e+00   2.2244e-01   3.0417e+02
20251217_03:00:00   1.2362e+00   1.9409e+02   2.0053e+01   0.0000e+00   1.0264e-01   3.0243e+02
20251217_06:00:00   1.6306e+00   2.1998e+02   2.1907e+01   1.0295e-01   2.3617e-01   3.0558e+02
20251217_09:00:00   2.9733e+00   2.5971e+02   2.3167e+01   6.0973e-01   2.1544e-01   3.0918e+02
20251217_12:00:00   3.2641e+00   2.6329e+02   2.3296e+01   7.2495e-01   9.0928e-02   3.0861e+02
20251217_15:00:00   3.7600e+00   2.6763e+02   2.4221e+01   8.9821e-01   2.4204e-01   3.0707e+02
20251217_18:00:00   3.5020e+00   2.6613e+02   2.4858e+01   7.6949e-01   2.9935e-01   3.0444e+02
20251217_21:00:00   3.4815e+00   2.6603e+02   2.4576e+01   7.7262e-01   2.3054e-01   3.0407e+02
20251218_00:00:00   2.6784e+00   2.5565e+02   2.3940e+01   4.5685e-01   2.3599e-01   3.0037e+02
20251218_03:00:00   2.8661e+00   2.5895e+02   2.3496e+01   5.4561e-01   1.2498e-01   3.0357e+02
20251218_06:00:00   3.8562e+00   2.6896e+02   2.4120e+01   9.3461e-01   9.2503e-02   3.0638e+02
20251218_09:00:00   3.8982e+00   2.6942e+02   2.3967e+01   9.5424e-01   4.3217e-02   3.0668e+02
20251218_12:00:00   3.7323e+00   2.6854e+02   2.3844e+01   8.8925e-01   7.4855e-03   3.0621e+02
20251218_15:00:00   3.8110e+00   2.6910e+02   2.3817e+01   9.2325e-01   1.8569e-01   3.0780e+02
20251218_18:00:00   3.0999e+00   2.6317e+02   2.3547e+01   6.3384e-01   8.5470e-02   3.1149e+02
