#            date       tau255        Tb[K]      pwv[mm] lwp[kg*m^-2] iwp[kg*m^-2]       o3[DU]
20251207_00:00:00   8.0341e-01   1.5306e+02   1.1785e+01   0.0000e+00   3.3337e-05   3.3203e+02
20251207_01:00:00   8.4970e-01   1.5806e+02   1.2541e+01   0.0000e+00   6.7479e-02   3.2706e+02
20251207_02:00:00   8.7790e-01   1.6130e+02   1.2936e+01   0.0000e+00   2.9521e-03   3.2801e+02
20251207_03:00:00   8.3288e-01   1.5622e+02   1.2287e+01   0.0000e+00   4.8522e-03   3.3292e+02
20251207_04:00:00   8.1861e-01   1.5462e+02   1.2071e+01   0.0000e+00   5.4579e-03   3.3728e+02
20251207_05:00:00   8.0125e-01   1.5259e+02   1.1840e+01   0.0000e+00   7.5461e-03   3.3731e+02
20251207_06:00:00   8.2489e-01   1.5525e+02   1.2179e+01   0.0000e+00   9.6882e-03   3.3945e+02
20251207_07:00:00   8.3810e-01   1.5664e+02   1.2386e+01   0.0000e+00   1.1509e-02   3.3604e+02
20251207_08:00:00   8.3626e-01   1.5632e+02   1.2459e+01   0.0000e+00   3.7767e-02   3.3482e+02
20251207_09:00:00   8.6599e-01   1.5945e+02   1.2956e+01   1.2120e-03   8.8194e-02   3.3819e+02
20251207_10:00:00   8.8510e-01   1.6137e+02   1.3263e+01   1.7403e-03   9.7264e-02   3.3992e+02
20251207_11:00:00   8.8438e-01   1.6123e+02   1.3306e+01   1.1954e-05   1.0775e-01   3.4445e+02
20251207_12:00:00   8.9489e-01   1.6224e+02   1.3495e+01   3.6406e-05   7.1558e-02   3.4746e+02
20251207_13:00:00   9.0787e-01   1.6357e+02   1.3719e+01   0.0000e+00   2.4861e-02   3.4791e+02
20251207_14:00:00   9.4336e-01   1.6722e+02   1.4237e+01   0.0000e+00   7.5781e-03   3.5065e+02
20251207_15:00:00   9.8232e-01   1.7113e+02   1.4756e+01   0.0000e+00   1.1281e-02   3.5281e+02
20251207_16:00:00   1.0264e+00   1.7543e+02   1.5224e+01   1.8516e-04   2.2673e-02   3.5381e+02
20251207_17:00:00   1.1027e+00   1.8255e+02   1.5972e+01   7.9454e-03   1.0852e-01   3.4878e+02
20251207_18:00:00   1.1519e+00   1.8722e+02   1.5816e+01   3.2397e-02   1.7266e-02   3.5173e+02
20251207_19:00:00   1.3382e+00   2.0171e+02   1.6686e+01   8.4099e-02   1.3499e-01   3.4723e+02
20251207_20:00:00   1.4342e+00   2.0882e+02   1.5264e+01   1.5452e-01   3.3066e-03   3.4563e+02
20251207_21:00:00   1.4425e+00   2.0952e+02   1.5236e+01   1.5670e-01   4.3804e-03   3.4740e+02
20251207_22:00:00   1.3700e+00   2.0483e+02   1.4552e+01   1.4165e-01   3.0339e-03   3.4758e+02
20251207_23:00:00   1.2110e+00   1.9314e+02   1.3877e+01   9.3797e-02   2.5502e-03   3.4886e+02
20251208_00:00:00   1.1714e+00   1.8985e+02   1.4195e+01   6.9177e-02   9.1951e-03   3.4719e+02
20251208_01:00:00   1.2347e+00   1.9516e+02   1.3838e+01   1.0293e-01   1.1233e-02   3.4736e+02
20251208_02:00:00   1.1183e+00   1.8576e+02   1.2878e+01   8.2415e-02   2.4811e-04   3.4558e+02
20251208_03:00:00   1.1021e+00   1.8431e+02   1.2743e+01   7.8816e-02   1.2829e-04   3.4556e+02
20251208_04:00:00   1.0660e+00   1.8096e+02   1.2545e+01   7.2896e-02   3.3625e-03   3.4223e+02
20251208_05:00:00   1.0735e+00   1.8150e+02   1.2817e+01   7.1301e-02   2.2890e-03   3.4108e+02
20251208_06:00:00   1.0474e+00   1.7873e+02   1.3743e+01   4.5649e-02   2.8460e-03   3.3273e+02
20251208_07:00:00   1.0659e+00   1.8038e+02   1.4010e+01   5.0783e-02   3.8890e-03   3.2924e+02
20251208_08:00:00   1.1402e+00   1.8694e+02   1.4575e+01   7.0398e-02   3.7045e-03   3.3306e+02
20251208_09:00:00   1.0557e+00   1.7913e+02   1.4746e+01   3.6984e-02   2.2007e-02   3.3653e+02
20251208_10:00:00   9.5240e-01   1.6904e+02   1.4386e+01   4.1928e-03   5.2202e-03   3.3610e+02
20251208_11:00:00   9.5815e-01   1.6933e+02   1.4622e+01   5.3280e-06   1.2446e-02   3.3819e+02
20251208_12:00:00   9.7056e-01   1.7043e+02   1.4860e+01   0.0000e+00   7.3542e-03   3.3537e+02
20251208_13:00:00   9.7978e-01   1.7114e+02   1.5110e+01   0.0000e+00   4.6416e-03   3.4022e+02
20251208_14:00:00   1.0013e+00   1.7302e+02   1.5585e+01   8.8270e-06   5.8099e-03   3.4519e+02
20251208_15:00:00   1.0444e+00   1.7691e+02   1.6294e+01   0.0000e+00   1.3550e-02   3.4727e+02
20251208_16:00:00   1.0452e+00   1.7698e+02   1.6352e+01   5.7140e-07   2.0431e-02   3.4671e+02
20251208_17:00:00   1.1217e+00   1.8396e+02   1.7525e+01   1.7175e-03   2.5106e-02   3.4484e+02
20251208_18:00:00   1.2289e+00   1.9297e+02   1.8113e+01   2.8458e-02   6.5774e-02   3.4198e+02
20251208_19:00:00   1.2741e+00   1.9666e+02   1.8707e+01   2.8458e-02   1.2383e-01   3.4161e+02
20251208_20:00:00   1.3839e+00   2.0476e+02   1.9606e+01   4.5541e-02   1.5403e-01   3.4184e+02
20251208_21:00:00   1.6995e+00   2.2364e+02   2.0173e+01   1.6066e-01   6.7335e-02   3.3982e+02
20251208_22:00:00   1.7759e+00   2.2734e+02   2.0481e+01   1.8467e-01   6.7087e-02   3.3946e+02
20251208_23:00:00   1.7188e+00   2.2483e+02   2.0557e+01   1.5787e-01   7.9275e-02   3.3689e+02
20251209_00:00:00   1.6425e+00   2.2120e+02   2.0208e+01   1.3872e-01   1.1402e-01   3.2833e+02
20251209_01:00:00   1.5698e+00   2.1755e+02   1.9907e+01   1.1730e-01   8.9072e-02   3.2220e+02
20251209_02:00:00   1.5656e+00   2.1749e+02   1.9768e+01   1.1946e-01   9.5151e-02   3.2293e+02
20251209_03:00:00   1.5100e+00   2.1444e+02   1.9808e+01   9.5024e-02   1.0828e-01   3.2386e+02
20251209_04:00:00   1.4406e+00   2.1044e+02   2.0261e+01   5.4873e-02   9.6990e-02   3.2392e+02
20251209_05:00:00   1.4625e+00   2.1200e+02   2.0949e+01   4.7188e-02   1.0946e-01   3.2490e+02
20251209_06:00:00   1.4205e+00   2.0963e+02   2.0530e+01   3.8794e-02   6.3574e-02   3.2250e+02
20251209_07:00:00   1.3215e+00   2.0316e+02   1.9837e+01   1.8644e-02   3.0624e-02   3.2217e+02
20251209_08:00:00   1.2950e+00   2.0121e+02   1.9256e+01   2.1656e-02   2.6180e-02   3.2054e+02
20251209_09:00:00   1.0813e+00   1.8315e+02   1.6808e+01   6.1221e-03   1.0914e-02   3.2303e+02
20251209_10:00:00   8.1315e-01   1.5486e+02   1.2882e+01   1.7058e-03   1.7106e-02   3.2525e+02
20251209_11:00:00   7.4034e-01   1.4563e+02   1.1643e+01   2.3582e-03   6.9733e-04   3.2459e+02
20251209_12:00:00   7.1747e-01   1.4241e+02   1.1057e+01   8.7620e-03   4.0919e-03   3.2595e+02
20251209_13:00:00   6.9781e-01   1.3939e+02   1.1054e+01   1.9420e-03   4.2308e-03   3.2400e+02
20251209_14:00:00   6.6999e-01   1.3530e+02   1.0717e+01   1.0656e-05   4.2536e-03   3.2248e+02
20251209_15:00:00   6.5526e-01   1.3286e+02   1.0560e+01   0.0000e+00   9.4442e-03   3.2207e+02
20251209_16:00:00   6.3323e-01   1.2946e+02   1.0351e+01   0.0000e+00   9.8373e-03   3.2123e+02
20251209_17:00:00   6.2132e-01   1.2762e+02   1.0179e+01   0.0000e+00   4.3777e-02   3.1818e+02
20251209_18:00:00   6.2841e-01   1.2854e+02   1.0238e+01   1.9098e-03   1.2397e-01   3.1773e+02
20251209_19:00:00   6.3970e-01   1.3010e+02   1.0489e+01   0.0000e+00   2.2943e-01   3.1594e+02
20251209_20:00:00   6.6476e-01   1.3354e+02   1.0847e+01   0.0000e+00   2.9852e-01   3.1502e+02
20251209_21:00:00   6.9004e-01   1.3692e+02   1.1085e+01   4.1734e-03   2.1726e-01   3.1924e+02
20251209_22:00:00   7.2449e-01   1.4145e+02   1.1674e+01   0.0000e+00   2.4124e-01   3.2008e+02
20251209_23:00:00   7.7229e-01   1.4736e+02   1.2338e+01   2.1960e-04   2.4110e-01   3.1713e+02
20251210_00:00:00   8.3206e-01   1.5434e+02   1.3204e+01   0.0000e+00   3.7035e-01   3.1625e+02
20251210_01:00:00   9.0766e-01   1.6271e+02   1.4231e+01   0.0000e+00   4.5954e-01   3.1841e+02
20251210_02:00:00   9.9190e-01   1.7139e+02   1.5412e+01   0.0000e+00   3.6062e-01   3.2185e+02
20251210_03:00:00   1.0545e+00   1.7747e+02   1.6219e+01   0.0000e+00   3.4283e-01   3.2325e+02
20251210_04:00:00   1.0775e+00   1.7984e+02   1.6458e+01   0.0000e+00   2.5790e-01   3.2483e+02
20251210_05:00:00   1.0659e+00   1.7908e+02   1.6221e+01   2.4797e-05   4.4440e-02   3.2715e+02
20251210_06:00:00   1.0656e+00   1.7906e+02   1.6232e+01   2.3035e-04   1.8854e-03   3.3025e+02
20251210_07:00:00   1.2657e+00   1.9565e+02   1.7268e+01   5.4814e-02   6.2949e-02   3.3072e+02
20251210_08:00:00   1.5149e+00   2.1268e+02   1.8035e+01   1.3280e-01   1.9657e-01   3.2734e+02
20251210_09:00:00   1.8120e+00   2.2827e+02   1.8380e+01   2.4805e-01   1.4524e-01   3.2655e+02
20251210_10:00:00   1.9334e+00   2.3355e+02   1.8608e+01   2.9214e-01   1.2303e-01   3.2712e+02
20251210_11:00:00   2.1475e+00   2.4125e+02   1.8712e+01   3.7871e-01   1.8011e-01   3.2849e+02
20251210_12:00:00   2.0538e+00   2.3834e+02   1.8749e+01   3.3993e-01   6.5266e-02   3.2754e+02
20251210_13:00:00   1.7575e+00   2.2642e+02   1.8535e+01   2.2359e-01   2.1673e-02   3.2691e+02
20251210_14:00:00   1.5436e+00   2.1525e+02   1.7786e+01   1.5857e-01   4.5879e-03   3.2612e+02
20251210_15:00:00   1.1904e+00   1.9065e+02   1.6598e+01   5.1439e-02   2.6501e-03   3.2712e+02
20251210_16:00:00   1.0658e+00   1.7983e+02   1.5913e+01   2.3533e-02   5.5941e-03   3.2939e+02
20251210_17:00:00   9.9881e-01   1.7346e+02   1.5551e+01   7.2270e-03   5.9057e-03   3.3186e+02
20251210_18:00:00   9.7254e-01   1.7078e+02   1.5389e+01   2.4409e-03   5.3571e-03   3.3330e+02
20251210_19:00:00   9.6046e-01   1.6960e+02   1.5357e+01   7.3470e-05   1.8996e-02   3.3625e+02
20251210_20:00:00   9.3792e-01   1.6747e+02   1.5049e+01   0.0000e+00   3.8362e-02   3.3673e+02
20251210_21:00:00   9.0939e-01   1.6467e+02   1.4515e+01   0.0000e+00   1.4900e-02   3.3631e+02
20251210_22:00:00   8.6831e-01   1.6038e+02   1.3788e+01   0.0000e+00   7.8288e-03   3.3675e+02
20251210_23:00:00   7.9952e-01   1.5252e+02   1.2550e+01   0.0000e+00   7.0305e-03   3.3583e+02
20251211_00:00:00   7.6226e-01   1.4782e+02   1.1924e+01   0.0000e+00   1.1676e-02   3.3373e+02
20251211_01:00:00   7.9596e-01   1.5159e+02   1.2631e+01   0.0000e+00   1.9664e-02   3.3588e+02
20251211_02:00:00   8.2850e-01   1.5525e+02   1.3136e+01   0.0000e+00   3.2147e-02   3.3693e+02
20251211_03:00:00   8.5383e-01   1.5784e+02   1.3598e+01   0.0000e+00   5.0236e-02   3.3659e+02
20251211_04:00:00   8.9289e-01   1.6189e+02   1.4354e+01   0.0000e+00   7.8128e-03   3.3502e+02
20251211_05:00:00   9.4481e-01   1.6712e+02   1.5238e+01   0.0000e+00   1.7065e-02   3.3422e+02
20251211_06:00:00   9.7693e-01   1.7011e+02   1.5796e+01   0.0000e+00   2.3424e-02   3.3358e+02
20251211_07:00:00   1.0041e+00   1.7270e+02   1.6277e+01   7.2437e-05   2.3693e-02   3.3020e+02
20251211_08:00:00   1.0340e+00   1.7542e+02   1.6680e+01   4.6694e-04   1.8526e-01   3.2924e+02
20251211_09:00:00   1.0681e+00   1.7866e+02   1.7205e+01   0.0000e+00   3.1004e-01   3.2873e+02
20251211_10:00:00   1.0880e+00   1.8048e+02   1.7558e+01   0.0000e+00   5.9535e-02   3.2618e+02
20251211_11:00:00   1.1108e+00   1.8240e+02   1.7834e+01   0.0000e+00   1.6075e-01   3.2100e+02
20251211_12:00:00   1.1096e+00   1.8241e+02   1.7736e+01   0.0000e+00   4.4107e-02   3.1694e+02
20251211_13:00:00   1.1080e+00   1.8231e+02   1.7722e+01   1.0348e-05   2.4025e-02   3.1446e+02
20251211_14:00:00   1.1523e+00   1.8601e+02   1.8337e+01   1.5264e-04   6.9261e-02   3.0922e+02
20251211_15:00:00   1.1530e+00   1.8618e+02   1.8345e+01   1.0250e-04   2.9165e-02   3.0853e+02
20251211_16:00:00   1.1718e+00   1.8775e+02   1.8404e+01   5.5378e-03   5.5906e-02   3.1169e+02
20251211_17:00:00   1.1843e+00   1.8904e+02   1.8138e+01   1.6903e-02   8.4958e-02   3.0901e+02
20251211_18:00:00   1.4603e+00   2.0888e+02   1.8371e+01   1.2481e-01   3.9824e-02   3.0747e+02
20251211_19:00:00   1.3016e+00   1.9833e+02   1.8386e+01   5.5882e-02   1.3826e-02   3.0864e+02
20251211_20:00:00   1.3930e+00   2.0499e+02   1.8764e+01   7.8651e-02   7.1330e-02   3.1067e+02
20251211_21:00:00   1.3763e+00   2.0401e+02   1.8931e+01   6.5978e-02   4.3301e-02   3.1140e+02
20251211_22:00:00   1.3291e+00   2.0082e+02   1.8932e+01   4.6460e-02   1.6178e-02   3.0844e+02
20251211_23:00:00   1.2856e+00   1.9774e+02   1.8877e+01   3.0822e-02   8.7272e-03   3.0531e+02
20251212_00:00:00   1.2535e+00   1.9531e+02   1.8552e+01   2.6678e-02   9.6106e-03   3.0305e+02
20251212_03:00:00   1.4519e+00   2.0929e+02   1.8639e+01   1.0250e-01   2.0741e-03   3.0459e+02
20251212_06:00:00   1.6638e+00   2.2136e+02   1.9773e+01   1.6230e-01   1.6732e-03   3.0947e+02
20251212_09:00:00   2.1318e+00   2.4092e+02   2.0283e+01   3.4019e-01   4.8798e-03   3.0559e+02
20251212_12:00:00   2.5704e+00   2.5242e+02   2.0579e+01   5.0903e-01   3.3865e-02   3.0746e+02
20251212_15:00:00   1.5085e+00   2.1389e+02   1.7907e+01   1.2879e-01   2.0712e-03   3.0643e+02
20251212_18:00:00   1.6734e+00   2.2301e+02   1.8569e+01   1.8782e-01   5.7014e-03   2.9220e+02
20251212_21:00:00   1.6012e+00   2.1968e+02   1.8797e+01   1.5160e-01   3.1776e-03   2.8573e+02
20251213_00:00:00   1.6460e+00   2.2227e+02   1.7704e+01   1.9338e-01   9.5424e-03   2.8377e+02
20251213_03:00:00   1.4198e+00   2.0944e+02   1.6001e+01   1.4044e-01   2.0480e-02   2.7796e+02
20251213_06:00:00   1.4735e+00   2.1309e+02   1.4873e+01   1.8978e-01   5.8258e-03   2.6779e+02
20251213_09:00:00   1.4030e+00   2.0885e+02   1.4363e+01   1.7422e-01   1.8792e-02   2.7007e+02
20251213_12:00:00   1.1203e+00   1.8725e+02   1.5122e+01   4.2893e-02   3.1462e-02   2.7332e+02
20251213_15:00:00   1.1120e+00   1.8629e+02   1.6531e+01   8.0071e-03   1.0824e-02   2.7007e+02
20251213_18:00:00   1.1583e+00   1.9056e+02   1.7528e+01   6.5043e-03   6.1003e-03   2.7014e+02
20251213_21:00:00   1.1344e+00   1.8888e+02   1.7480e+01   1.0449e-03   2.8673e-03   2.6756e+02
20251214_00:00:00   1.0788e+00   1.8398e+02   1.6435e+01   2.4027e-03   1.8337e-03   2.6479e+02
20251214_03:00:00   1.0399e+00   1.8055e+02   1.4949e+01   1.8901e-02   2.9761e-03   2.6833e+02
20251214_06:00:00   9.3818e-01   1.7037e+02   1.3752e+01   6.3241e-03   5.8343e-04   2.7512e+02
20251214_09:00:00   9.3157e-01   1.6921e+02   1.3765e+01   1.0988e-02   3.2687e-03   2.7656e+02
20251214_12:00:00   1.0628e+00   1.8169e+02   1.5430e+01   3.0031e-02   1.6002e-01   2.7916e+02
20251214_15:00:00   8.9485e-01   1.6544e+02   1.1448e+01   4.3804e-02   0.0000e+00   2.8192e+02
20251214_18:00:00   9.4287e-01   1.7053e+02   1.1696e+01   6.0261e-02   0.0000e+00   2.8794e+02
20251214_21:00:00   9.8603e-01   1.7520e+02   1.1449e+01   8.2368e-02   1.5692e-06   2.9027e+02
20251215_00:00:00   9.3932e-01   1.7047e+02   1.1210e+01   7.0113e-02   6.7900e-06   2.9085e+02
20251215_03:00:00   8.6019e-01   1.6175e+02   1.1241e+01   4.2294e-02   7.4160e-06   2.9006e+02
20251215_06:00:00   7.5786e-01   1.4897e+02   1.1390e+01   7.1131e-04   1.1769e-06   2.9817e+02
20251215_09:00:00   8.1316e-01   1.5495e+02   1.2537e+01   2.5245e-03   4.6797e-02   2.9539e+02
20251215_12:00:00   7.9457e-01   1.5263e+02   1.1976e+01   3.0564e-03   2.3158e-04   2.9289e+02
20251215_15:00:00   8.2788e-01   1.5647e+02   1.1953e+01   1.8047e-02   2.6136e-05   2.9471e+02
20251215_18:00:00   8.3232e-01   1.5688e+02   1.2311e+01   1.5143e-02   4.4360e-03   3.0109e+02
20251215_21:00:00   8.3476e-01   1.5747e+02   1.3049e+01   0.0000e+00   2.1690e-02   2.9804e+02
20251216_00:00:00   1.0578e+00   1.8043e+02   1.6896e+01   0.0000e+00   2.2474e-02   2.9765e+02
20251216_03:00:00   1.1191e+00   1.8552e+02   1.7849e+01   0.0000e+00   6.8901e-02   2.9726e+02
20251216_06:00:00   1.1948e+00   1.9186e+02   1.8819e+01   0.0000e+00   8.1055e-02   2.9833e+02
20251216_09:00:00   1.0425e+00   1.7844e+02   1.6135e+01   0.0000e+00   5.3781e-02   3.0723e+02
20251216_12:00:00   1.0175e+00   1.7618e+02   1.5274e+01   9.4860e-04   2.6555e-02   3.1343e+02
20251216_15:00:00   9.5683e-01   1.7032e+02   1.3726e+01   3.2061e-03   1.1954e-05   3.2228e+02
20251216_18:00:00   1.0698e+00   1.8123e+02   1.3361e+01   5.9001e-02   7.7503e-03   3.2800e+02
20251216_21:00:00   1.0972e+00   1.8400e+02   1.3693e+01   5.8655e-02   1.5421e-02   3.3197e+02
20251217_00:00:00   1.1779e+00   1.9064e+02   1.5886e+01   3.9048e-02   1.8887e-02   3.2624e+02
20251217_03:00:00   1.3144e+00   2.0149e+02   1.6014e+01   8.9427e-02   1.3751e-02   3.4403e+02
20251217_06:00:00   1.0992e+00   1.8393e+02   1.5191e+01   2.5656e-02   1.2926e-03   3.4719e+02
20251217_09:00:00   7.6325e-01   1.4866e+02   1.0429e+01   7.4148e-03   0.0000e+00   3.4496e+02
20251217_12:00:00   7.3346e-01   1.4449e+02   9.7915e+00   1.6980e-02   2.3536e-06   3.4930e+02
20251217_15:00:00   7.5624e-01   1.4636e+02   1.1094e+01   2.7963e-03   1.5716e-03   3.4276e+02
20251217_18:00:00   9.3414e-01   1.6592e+02   1.4144e+01   0.0000e+00   5.4767e-02   3.4323e+02
20251217_21:00:00   1.1208e+00   1.8424e+02   1.5826e+01   2.7380e-02   2.5923e-01   3.3676e+02
20251218_00:00:00   1.1462e+00   1.8699e+02   1.5620e+01   4.5213e-02   2.0273e-02   3.4088e+02
20251218_03:00:00   1.0577e+00   1.7942e+02   1.3598e+01   5.5411e-02   4.4643e-03   3.4684e+02
20251218_06:00:00   9.5536e-01   1.6891e+02   1.3858e+01   9.0773e-03   3.4663e-04   3.5025e+02
20251218_09:00:00   8.7856e-01   1.6023e+02   1.3107e+01   2.3307e-03   1.7670e-02   3.6049e+02
20251218_12:00:00   6.4012e-01   1.3122e+02   9.1234e+00   0.0000e+00   2.1400e-06   3.6130e+02
20251218_15:00:00   5.6476e-01   1.1988e+02   8.0321e+00   0.0000e+00   3.2834e-06   3.5531e+02
20251218_18:00:00   5.1804e-01   1.1254e+02   7.5507e+00   0.0000e+00   0.0000e+00   3.5838e+02
20251218_21:00:00   4.5628e-01   1.0286e+02   6.8162e+00   0.0000e+00   0.0000e+00   3.5989e+02
20251219_00:00:00   5.6537e-01   1.2006e+02   8.3123e+00   0.0000e+00   0.0000e+00   3.6343e+02
20251219_03:00:00   6.0338e-01   1.2524e+02   8.7387e+00   0.0000e+00   8.3453e-05   3.6789e+02
20251219_06:00:00   6.3944e-01   1.2980e+02   9.2741e+00   0.0000e+00   1.5922e-04   3.6378e+02
20251219_09:00:00   5.9935e-01   1.2420e+02   8.4221e+00   0.0000e+00   1.3995e-03   3.6671e+02
20251219_12:00:00   5.0593e-01   1.0960e+02   7.2403e+00   0.0000e+00   2.1400e-06   3.6826e+02
20251219_15:00:00   5.1793e-01   1.1113e+02   7.4638e+00   0.0000e+00   9.1252e-06   3.7103e+02
20251219_18:00:00   5.2423e-01   1.1212e+02   7.5254e+00   0.0000e+00   7.1538e-04   3.6997e+02
20251219_21:00:00   5.0209e-01   1.0927e+02   7.2071e+00   0.0000e+00   6.8476e-06   3.6438e+02
20251220_00:00:00   5.0257e-01   1.0942e+02   7.2412e+00   0.0000e+00   5.8496e-06   3.6427e+02
20251220_03:00:00   5.1516e-01   1.1126e+02   7.3855e+00   0.0000e+00   6.1286e-06   3.7671e+02
20251220_06:00:00   4.9101e-01   1.0721e+02   7.0119e+00   0.0000e+00   8.4888e-05   3.7305e+02
20251220_09:00:00   4.6641e-01   1.0283e+02   6.7410e+00   0.0000e+00   5.1324e-03   3.6855e+02
20251220_12:00:00   4.8970e-01   1.0602e+02   7.3800e+00   0.0000e+00   2.0908e-02   3.7030e+02
20251220_15:00:00   5.6449e-01   1.1716e+02   8.7316e+00   0.0000e+00   1.0135e-01   3.6962e+02
20251220_18:00:00   6.3506e-01   1.2726e+02   9.8043e+00   2.9840e-04   1.8329e-01   3.6561e+02
20251220_21:00:00   7.0074e-01   1.3642e+02   1.0653e+01   4.8301e-03   7.3778e-02   3.5941e+02
20251221_00:00:00   7.1317e-01   1.3886e+02   8.6830e+00   5.3440e-02   9.6186e-03   3.4816e+02
20251221_03:00:00   6.9569e-01   1.3640e+02   8.7286e+00   4.2540e-02   1.0141e-02   3.5202e+02
20251221_06:00:00   5.9599e-01   1.2260e+02   8.0795e+00   1.2260e-02   4.4405e-03   3.5563e+02
20251221_09:00:00   5.3965e-01   1.1404e+02   7.6277e+00   0.0000e+00   1.2961e-03   3.4582e+02
20251221_12:00:00   5.4767e-01   1.1483e+02   7.9807e+00   0.0000e+00   2.2376e-02   3.4588e+02
20251221_15:00:00   5.6761e-01   1.1759e+02   8.3647e+00   0.0000e+00   1.8349e-02   3.4882e+02
20251221_18:00:00   6.1473e-01   1.2442e+02   9.0780e+00   0.0000e+00   7.0536e-03   3.5993e+02
20251221_21:00:00   6.8190e-01   1.3363e+02   1.0265e+01   8.3045e-04   1.6831e-02   3.5526e+02
20251222_00:00:00   7.7165e-01   1.4506e+02   1.1490e+01   7.2497e-03   4.7649e-02   3.4408e+02
20251222_03:00:00   8.9531e-01   1.5919e+02   1.3347e+01   5.4600e-04   5.4758e-01   3.3375e+02
20251222_06:00:00   8.9704e-01   1.5958e+02   1.3366e+01   0.0000e+00   3.8112e-01   3.3419e+02
20251222_09:00:00   8.6831e-01   1.5687e+02   1.2778e+01   5.5210e-03   9.1801e-02   3.2986e+02
20251222_12:00:00   9.4923e-01   1.6562e+02   1.2822e+01   4.1939e-02   3.5656e-02   3.3036e+02
20251222_15:00:00   1.2517e+00   1.9248e+02   1.3421e+01   1.5626e-01   3.5506e-02   3.2952e+02
20251222_18:00:00   1.6367e+00   2.1705e+02   1.3943e+01   3.0353e-01   1.8320e-01   3.2115e+02
20251222_21:00:00   1.5871e+00   2.1429e+02   1.4441e+01   2.6522e-01   6.7876e-01   3.2710e+02
20251223_00:00:00   1.0912e+00   1.8019e+02   1.0127e+01   1.6305e-01   2.2431e-02   3.3736e+02
