#            date       tau255        Tb[K]      pwv[mm] lwp[kg*m^-2] iwp[kg*m^-2]       o3[DU]
20251207_06:00:00   8.2626e-01   1.5548e+02   1.2223e+01   0.0000e+00   1.0391e-02   3.3795e+02
20251207_07:00:00   8.4132e-01   1.5710e+02   1.2469e+01   0.0000e+00   1.4280e-02   3.3354e+02
20251207_08:00:00   8.4008e-01   1.5677e+02   1.2529e+01   3.4280e-06   5.9549e-02   3.3156e+02
20251207_09:00:00   8.7126e-01   1.6001e+02   1.3028e+01   0.0000e+00   1.4439e-01   3.3628e+02
20251207_10:00:00   8.6949e-01   1.5972e+02   1.2998e+01   0.0000e+00   1.8229e-01   3.3901e+02
20251207_11:00:00   8.7284e-01   1.6002e+02   1.3094e+01   7.1040e-06   1.0697e-01   3.4244e+02
20251207_12:00:00   8.9798e-01   1.6261e+02   1.3560e+01   0.0000e+00   4.6270e-02   3.4374e+02
20251207_13:00:00   9.1770e-01   1.6467e+02   1.3877e+01   0.0000e+00   1.5852e-02   3.4482e+02
20251207_14:00:00   9.3272e-01   1.6632e+02   1.3922e+01   0.0000e+00   1.2128e-02   3.4420e+02
20251207_15:00:00   9.7855e-01   1.7094e+02   1.4519e+01   1.1544e-03   2.2006e-02   3.4587e+02
20251207_16:00:00   1.0584e+00   1.7850e+02   1.5589e+01   1.4406e-03   1.1109e-01   3.4373e+02
20251207_17:00:00   1.1090e+00   1.8330e+02   1.5993e+01   1.0981e-02   4.9417e-02   3.3931e+02
20251207_18:00:00   1.3372e+00   2.0158e+02   1.6600e+01   8.7073e-02   2.2953e-01   3.4302e+02
20251207_19:00:00   1.9928e+00   2.3631e+02   1.7252e+01   3.3661e-01   3.0359e-01   3.4007e+02
20251207_20:00:00   2.5150e+00   2.5150e+02   1.6873e+01   5.6047e-01   2.0664e-01   3.4119e+02
20251207_21:00:00   2.1570e+00   2.4250e+02   1.4511e+01   4.6745e-01   3.0159e-03   3.4515e+02
20251207_22:00:00   1.7128e+00   2.2516e+02   1.4232e+01   2.8884e-01   2.8410e-03   3.4552e+02
20251207_23:00:00   1.4450e+00   2.1031e+02   1.3527e+01   1.9926e-01   5.2892e-03   3.4835e+02
20251208_00:00:00   1.3815e+00   2.0623e+02   1.3330e+01   1.7896e-01   1.2214e-03   3.4560e+02
20251208_01:00:00   1.1404e+00   1.8766e+02   1.3142e+01   8.5586e-02   1.4273e-04   3.4343e+02
20251208_02:00:00   1.0379e+00   1.7836e+02   1.2677e+01   5.6655e-02   7.3781e-05   3.4430e+02
20251208_03:00:00   1.0356e+00   1.7815e+02   1.2478e+01   6.1688e-02   2.1706e-03   3.4823e+02
20251208_04:00:00   9.9963e-01   1.7437e+02   1.2650e+01   4.5088e-02   4.3220e-03   3.4520e+02
20251208_05:00:00   1.0656e+00   1.8057e+02   1.3145e+01   6.5189e-02   5.2331e-03   3.3894e+02
20251208_06:00:00   1.0683e+00   1.8068e+02   1.3906e+01   5.1932e-02   3.2872e-03   3.3293e+02
20251208_07:00:00   1.0093e+00   1.7486e+02   1.4198e+01   2.3355e-02   5.4764e-03   3.3043e+02
20251208_08:00:00   1.0088e+00   1.7461e+02   1.4637e+01   1.6388e-02   1.4032e-02   3.3455e+02
20251208_09:00:00   1.0034e+00   1.7387e+02   1.4995e+01   7.7643e-03   1.4428e-02   3.3493e+02
20251208_10:00:00   9.8913e-01   1.7252e+02   1.4875e+01   6.4521e-03   1.9534e-02   3.3339e+02
20251208_11:00:00   9.6185e-01   1.6966e+02   1.4741e+01   0.0000e+00   1.6449e-02   3.3246e+02
20251208_12:00:00   9.8088e-01   1.7138e+02   1.4966e+01   1.1770e-04   6.7048e-03   3.3351e+02
20251208_13:00:00   9.9023e-01   1.7222e+02   1.5096e+01   8.8270e-06   9.9933e-03   3.4177e+02
20251208_14:00:00   1.0088e+00   1.7397e+02   1.5550e+01   2.0893e-04   8.8719e-03   3.4883e+02
20251208_15:00:00   1.0445e+00   1.7707e+02   1.6241e+01   1.3593e-03   4.2888e-02   3.4947e+02
20251208_16:00:00   1.0602e+00   1.7852e+02   1.6458e+01   2.0953e-03   3.5331e-02   3.4899e+02
20251208_17:00:00   1.0917e+00   1.8141e+02   1.7080e+01   1.3560e-05   2.1279e-02   3.4963e+02
20251208_18:00:00   1.1510e+00   1.8669e+02   1.8016e+01   0.0000e+00   3.9256e-02   3.4460e+02
20251208_19:00:00   1.2366e+00   1.9391e+02   1.8563e+01   1.8455e-02   5.6107e-02   3.4095e+02
20251208_20:00:00   1.2865e+00   1.9775e+02   1.9227e+01   2.0226e-02   1.2515e-01   3.4138e+02
20251208_21:00:00   1.5061e+00   2.1300e+02   1.9689e+01   9.5539e-02   9.6649e-02   3.4021e+02
20251208_22:00:00   1.6866e+00   2.2344e+02   1.9998e+01   1.6176e-01   6.7285e-02   3.3829e+02
20251208_23:00:00   1.9153e+00   2.3378e+02   2.0681e+01   2.3815e-01   9.9857e-02   3.3649e+02
20251209_00:00:00   1.7336e+00   2.2602e+02   2.0522e+01   1.6715e-01   1.4843e-01   3.3240e+02
20251209_01:00:00   1.6253e+00   2.2077e+02   2.0400e+01   1.2690e-01   1.0826e-01   3.2997e+02
20251209_02:00:00   1.5668e+00   2.1783e+02   2.0170e+01   1.0905e-01   7.4727e-02   3.2172e+02
20251209_03:00:00   1.5195e+00   2.1522e+02   2.0410e+01   8.4063e-02   1.0203e-01   3.2072e+02
20251209_04:00:00   1.4250e+00   2.0950e+02   2.0913e+01   3.3775e-02   1.4781e-01   3.1950e+02
20251209_05:00:00   1.4341e+00   2.1029e+02   2.1458e+01   2.1883e-02   1.6105e-01   3.1698e+02
20251209_06:00:00   1.4326e+00   2.1046e+02   2.1304e+01   2.3963e-02   1.2190e-01   3.1510e+02
20251209_07:00:00   1.4142e+00   2.0958e+02   2.1030e+01   2.4248e-02   9.9922e-02   3.1473e+02
20251209_08:00:00   1.3659e+00   2.0651e+02   2.0532e+01   1.7325e-02   5.4147e-02   3.0974e+02
20251209_09:00:00   1.3349e+00   2.0427e+02   2.0037e+01   1.6817e-02   1.9143e-02   3.0713e+02
20251209_10:00:00   1.1522e+00   1.8944e+02   1.7997e+01   4.2457e-03   7.8062e-03   3.0988e+02
20251209_11:00:00   8.3979e-01   1.5789e+02   1.3438e+01   1.0774e-03   3.8202e-03   3.1400e+02
20251209_12:00:00   7.3778e-01   1.4542e+02   1.1727e+01   1.5186e-03   1.3718e-03   3.1825e+02
20251209_13:00:00   7.0732e-01   1.4116e+02   1.1068e+01   4.9410e-03   1.2081e-04   3.2274e+02
20251209_14:00:00   6.8829e-01   1.3824e+02   1.0819e+01   4.3550e-03   2.2235e-03   3.2363e+02
20251209_15:00:00   6.5407e-01   1.3318e+02   1.0422e+01   1.6772e-03   3.4640e-03   3.2388e+02
20251209_16:00:00   6.2452e-01   1.2862e+02   1.0082e+01   0.0000e+00   6.2516e-03   3.2612e+02
20251209_17:00:00   6.0722e-01   1.2591e+02   9.8732e+00   0.0000e+00   1.4207e-02   3.2758e+02
20251209_18:00:00   6.0321e-01   1.2529e+02   9.8832e+00   0.0000e+00   1.6951e-02   3.2742e+02
20251209_19:00:00   6.1037e-01   1.2634e+02   1.0071e+01   0.0000e+00   3.2445e-02   3.3038e+02
20251209_20:00:00   6.3439e-01   1.2969e+02   1.0481e+01   1.5548e-04   7.1246e-02   3.2964e+02
20251209_21:00:00   6.7665e-01   1.3548e+02   1.1227e+01   0.0000e+00   5.2306e-02   3.2667e+02
20251209_22:00:00   7.1940e-01   1.4104e+02   1.1827e+01   1.1582e-03   1.1595e-01   3.2393e+02
20251209_23:00:00   7.7594e-01   1.4806e+02   1.2651e+01   9.7370e-05   4.5008e-01   3.1851e+02
20251210_00:00:00   8.2617e-01   1.5409e+02   1.3578e+01   0.0000e+00   2.2670e-01   3.1460e+02
20251210_01:00:00   9.0112e-01   1.6242e+02   1.4631e+01   0.0000e+00   4.4849e-01   3.1125e+02
20251210_02:00:00   9.9035e-01   1.7163e+02   1.5918e+01   0.0000e+00   4.3039e-01   3.1228e+02
20251210_03:00:00   1.0672e+00   1.7890e+02   1.6931e+01   0.0000e+00   3.8472e-01   3.1390e+02
20251210_04:00:00   1.1621e+00   1.8725e+02   1.8147e+01   2.5366e-05   2.6657e-01   3.1644e+02
20251210_05:00:00   1.3158e+00   1.9934e+02   1.8848e+01   3.7626e-02   3.7329e-01   3.2013e+02
20251210_06:00:00   1.4994e+00   2.1169e+02   1.8826e+01   1.1087e-01   3.2914e-01   3.2456e+02
20251210_07:00:00   1.4585e+00   2.0912e+02   1.8962e+01   8.8111e-02   3.2863e-01   3.2798e+02
20251210_08:00:00   1.4651e+00   2.0980e+02   1.8584e+01   1.0282e-01   3.9728e-02   3.2237e+02
20251210_09:00:00   1.4124e+00   2.0669e+02   1.8350e+01   8.8486e-02   9.5501e-03   3.1665e+02
20251210_10:00:00   1.4415e+00   2.0868e+02   1.8803e+01   8.7661e-02   8.0859e-03   3.1637e+02
20251210_11:00:00   1.4761e+00   2.1096e+02   1.9157e+01   9.2860e-02   2.0527e-02   3.2064e+02
20251210_12:00:00   1.5972e+00   2.1826e+02   1.9075e+01   1.4488e-01   2.9553e-02   3.2478e+02
20251210_13:00:00   1.8509e+00   2.3059e+02   1.9367e+01   2.4030e-01   9.9308e-02   3.2513e+02
20251210_14:00:00   1.4498e+00   2.0962e+02   1.9323e+01   8.3768e-02   1.3590e-02   3.2560e+02
20251210_15:00:00   1.4813e+00   2.1157e+02   1.8913e+01   1.0871e-01   1.9180e-02   3.2700e+02
20251210_16:00:00   1.4219e+00   2.0790e+02   1.8591e+01   9.5816e-02   1.9781e-02   3.2985e+02
20251210_17:00:00   1.2386e+00   1.9492e+02   1.7681e+01   4.3750e-02   5.3969e-03   3.3330e+02
20251210_18:00:00   1.1420e+00   1.8714e+02   1.7148e+01   1.8421e-02   8.8334e-03   3.3556e+02
20251210_19:00:00   1.0721e+00   1.8107e+02   1.6550e+01   3.6125e-03   8.2761e-03   3.3743e+02
20251210_20:00:00   1.0299e+00   1.7726e+02   1.6037e+01   6.5900e-04   1.8895e-02   3.3701e+02
20251210_21:00:00   9.5033e-01   1.6975e+02   1.4323e+01   7.5160e-03   2.4536e-02   3.3729e+02
20251210_22:00:00   9.0917e-01   1.6575e+02   1.2712e+01   2.5320e-02   2.7517e-03   3.3525e+02
20251210_23:00:00   8.5210e-01   1.5938e+02   1.1843e+01   2.0100e-02   6.7069e-03   3.3759e+02
20251211_00:00:00   8.6329e-01   1.6028e+02   1.2259e+01   2.0020e-02   2.2664e-02   3.3737e+02
20251211_01:00:00   8.2837e-01   1.5613e+02   1.1933e+01   1.5747e-02   2.8889e-02   3.3505e+02
20251211_02:00:00   7.7160e-01   1.4934e+02   1.1211e+01   8.4185e-03   5.9188e-03   3.3298e+02
20251211_03:00:00   7.6513e-01   1.4809e+02   1.1437e+01   5.7723e-03   1.9008e-02   3.3200e+02
20251211_04:00:00   7.6121e-01   1.4731e+02   1.1667e+01   2.9480e-03   5.7318e-03   3.3081e+02
20251211_05:00:00   7.6497e-01   1.4745e+02   1.1960e+01   2.4620e-03   8.3831e-03   3.3132e+02
20251211_06:00:00   7.4676e-01   1.4508e+02   1.1739e+01   1.2482e-03   2.8628e-03   3.3177e+02
20251211_07:00:00   7.2755e-01   1.4244e+02   1.1527e+01   5.2640e-04   1.7069e-02   3.2959e+02
20251211_08:00:00   7.3489e-01   1.4314e+02   1.1733e+01   1.5714e-04   7.9819e-03   3.2444e+02
20251211_09:00:00   7.3811e-01   1.4337e+02   1.1902e+01   6.4680e-07   1.1451e-02   3.2467e+02
20251211_10:00:00   7.3921e-01   1.4334e+02   1.2008e+01   0.0000e+00   6.0277e-03   3.2644e+02
20251211_11:00:00   7.2790e-01   1.4185e+02   1.1838e+01   0.0000e+00   7.9676e-03   3.2593e+02
20251211_12:00:00   7.0718e-01   1.3916e+02   1.1494e+01   0.0000e+00   3.3784e-03   3.2091e+02
20251211_13:00:00   6.8300e-01   1.3586e+02   1.1110e+01   0.0000e+00   7.8713e-04   3.1945e+02
20251211_14:00:00   6.7046e-01   1.3409e+02   1.0969e+01   0.0000e+00   4.0179e-03   3.2173e+02
20251211_15:00:00   6.8082e-01   1.3542e+02   1.1162e+01   0.0000e+00   6.3167e-04   3.1668e+02
20251211_16:00:00   6.9177e-01   1.3677e+02   1.1393e+01   0.0000e+00   3.2013e-03   3.1123e+02
20251211_17:00:00   7.1331e-01   1.3963e+02   1.1764e+01   0.0000e+00   2.1627e-03   3.1034e+02
20251211_18:00:00   7.5906e-01   1.4543e+02   1.2548e+01   0.0000e+00   7.7413e-02   3.0880e+02
20251211_19:00:00   8.2074e-01   1.5287e+02   1.3556e+01   0.0000e+00   2.0476e-01   3.0884e+02
20251211_20:00:00   8.9016e-01   1.6078e+02   1.4635e+01   0.0000e+00   3.2224e-01   3.0655e+02
20251211_21:00:00   9.5767e-01   1.6805e+02   1.5663e+01   0.0000e+00   2.3459e-01   3.0290e+02
20251211_22:00:00   1.0200e+00   1.7432e+02   1.6662e+01   0.0000e+00   1.0019e-01   2.9988e+02
20251211_23:00:00   1.1082e+00   1.8260e+02   1.7560e+01   1.0896e-02   5.2261e-02   2.9969e+02
20251212_00:00:00   1.2243e+00   1.9246e+02   1.8474e+01   2.9831e-02   6.9439e-02   2.9784e+02
20251212_01:00:00   1.3126e+00   1.9917e+02   1.9201e+01   4.1767e-02   1.3437e-01   2.9676e+02
20251212_02:00:00   1.4220e+00   2.0683e+02   1.9819e+01   6.7619e-02   9.0335e-02   2.9727e+02
20251212_03:00:00   1.7067e+00   2.2305e+02   1.9992e+01   1.7858e-01   7.4975e-02   3.0202e+02
20251212_04:00:00   1.6680e+00   2.2148e+02   1.9870e+01   1.6088e-01   1.5330e-02   3.0503e+02
20251212_05:00:00   1.8945e+00   2.3193e+02   1.9389e+01   2.6364e-01   1.9246e-02   3.0884e+02
20251212_06:00:00   1.6519e+00   2.2112e+02   1.8747e+01   1.7574e-01   8.2400e-03   3.0942e+02
20251212_09:00:00   1.7227e+00   2.2507e+02   1.7647e+01   2.2777e-01   6.3018e-03   3.0508e+02
20251212_12:00:00   1.3179e+00   2.0137e+02   1.8777e+01   3.8833e-02   7.5800e-03   3.0367e+02
20251212_15:00:00   1.3608e+00   2.0463e+02   1.9063e+01   4.6530e-02   6.6351e-03   2.9920e+02
20251212_18:00:00   1.2798e+00   1.9941e+02   1.6887e+01   6.8728e-02   3.7842e-03   2.8898e+02
20251212_21:00:00   1.2053e+00   1.9398e+02   1.5651e+01   6.9765e-02   2.2227e-02   2.8633e+02
20251213_00:00:00   1.2050e+00   1.9421e+02   1.4541e+01   9.0017e-02   1.9086e-02   2.8177e+02
20251213_03:00:00   1.2246e+00   1.9600e+02   1.3986e+01   1.0830e-01   1.9072e-02   2.7385e+02
20251213_06:00:00   1.0085e+00   1.7691e+02   1.3256e+01   4.1401e-02   4.1866e-02   2.6996e+02
20251213_09:00:00   9.6430e-01   1.7252e+02   1.2723e+01   3.6039e-02   5.8583e-03   2.6734e+02
20251213_12:00:00   1.1231e+00   1.8762e+02   1.2643e+01   1.0224e-01   1.6093e-02   2.6802e+02
20251213_15:00:00   1.1852e+00   1.9260e+02   1.3046e+01   1.2144e-01   3.0664e-03   2.6940e+02
20251213_18:00:00   1.1646e+00   1.9069e+02   1.4011e+01   9.7673e-02   5.6236e-03   2.6735e+02
20251213_21:00:00   1.1070e+00   1.8588e+02   1.4421e+01   6.8033e-02   2.2824e-03   2.6781e+02
20251214_00:00:00   1.2053e+00   1.9432e+02   1.5171e+01   8.3981e-02   1.9102e-05   2.6754e+02
20251214_03:00:00   1.2235e+00   1.9553e+02   1.7203e+01   3.2360e-02   9.2780e-06   2.6739e+02
20251214_06:00:00   9.7703e-01   1.7342e+02   1.4229e+01   0.0000e+00   9.5300e-05   2.7695e+02
20251214_09:00:00   8.7257e-01   1.6189e+02   1.2944e+01   0.0000e+00   0.0000e+00   2.8449e+02
20251214_12:00:00   7.8408e-01   1.5137e+02   1.1730e+01   0.0000e+00   1.1723e-02   2.8624e+02
20251214_15:00:00   7.5767e-01   1.4789e+02   1.1367e+01   0.0000e+00   6.8817e-04   2.8954e+02
20251214_18:00:00   7.3977e-01   1.4556e+02   1.1058e+01   0.0000e+00   6.7051e-03   2.9042e+02
20251214_21:00:00   7.4025e-01   1.4566e+02   1.1127e+01   0.0000e+00   8.6253e-02   2.9222e+02
20251215_00:00:00   8.1306e-01   1.5476e+02   1.2241e+01   0.0000e+00   1.4311e-02   2.9631e+02
20251215_03:00:00   9.2021e-01   1.6687e+02   1.2793e+01   2.0252e-02   5.3707e-03   3.0031e+02
20251215_06:00:00   1.2781e+00   1.9896e+02   1.4538e+01   1.3179e-01   8.0438e-03   3.0686e+02
20251215_09:00:00   1.1903e+00   1.9199e+02   1.5671e+01   7.5963e-02   3.0309e-03   3.0434e+02
20251215_12:00:00   1.2630e+00   1.9773e+02   1.8623e+01   3.9400e-02   2.2943e-03   2.9836e+02
20251215_15:00:00   1.4063e+00   2.0809e+02   2.1096e+01   3.2148e-02   5.1134e-04   2.9929e+02
20251215_18:00:00   1.4171e+00   2.0919e+02   2.2279e+01   6.4172e-03   1.9666e-03   3.0063e+02
20251215_21:00:00   1.2014e+00   1.9408e+02   1.8922e+01   1.1791e-03   1.5669e-02   2.9404e+02
20251216_00:00:00   1.0845e+00   1.8429e+02   1.6564e+01   2.9591e-03   4.6335e-03   2.9003e+02
20251216_03:00:00   1.0162e+00   1.7798e+02   1.4322e+01   2.2869e-02   2.0984e-03   2.9453e+02
20251216_06:00:00   9.7747e-01   1.7384e+02   1.4148e+01   1.8006e-02   8.4051e-05   2.9789e+02
20251216_09:00:00   1.1834e+00   1.9191e+02   1.8628e+01   8.1547e-03   4.3304e-03   3.0138e+02
20251216_12:00:00   1.2741e+00   1.9896e+02   2.0226e+01   7.0620e-05   2.3559e-01   3.0853e+02
20251216_15:00:00   1.2701e+00   1.9891e+02   1.9566e+01   3.8456e-03   2.2596e-03   3.1490e+02
20251216_18:00:00   1.1767e+00   1.9105e+02   1.8442e+01   3.2975e-03   1.0729e-02   3.1698e+02
20251216_21:00:00   1.3469e+00   2.0425e+02   2.0959e+01   2.5826e-03   1.1187e-01   3.1969e+02
20251217_00:00:00   1.2648e+00   1.9853e+02   1.9398e+01   0.0000e+00   1.8761e-02   3.1749e+02
20251217_03:00:00   1.2407e+00   1.9645e+02   1.9069e+01   0.0000e+00   2.8231e-02   3.1798e+02
20251217_06:00:00   1.2181e+00   1.9434e+02   1.8812e+01   1.2588e-03   7.0540e-02   3.0818e+02
20251217_09:00:00   1.2750e+00   1.9851e+02   1.9372e+01   3.8195e-03   3.2637e-01   3.0678e+02
20251217_12:00:00   1.2991e+00   2.0045e+02   1.8066e+01   4.0584e-02   5.2985e-02   3.0805e+02
20251217_15:00:00   1.2031e+00   1.9356e+02   1.4979e+01   6.4927e-02   1.1757e-02   3.1894e+02
20251217_18:00:00   1.1018e+00   1.8521e+02   1.3230e+01   6.8835e-02   5.9139e-05   3.3491e+02
20251217_21:00:00   9.6482e-01   1.7205e+02   1.3696e+01   7.4800e-03   5.8817e-03   3.3923e+02
20251218_00:00:00   1.2144e+00   1.9447e+02   1.6519e+01   3.8107e-02   1.5269e-02   3.4285e+02
20251218_03:00:00   1.9997e+00   2.3858e+02   1.8329e+01   3.0675e-01   4.5144e-02   3.5368e+02
20251218_06:00:00   1.2934e+00   2.0098e+02   1.7081e+01   4.7677e-02   3.7753e-02   3.6394e+02
20251218_09:00:00   6.4552e-01   1.3342e+02   9.0874e+00   3.4090e-04   0.0000e+00   3.8768e+02
20251218_12:00:00   5.3474e-01   1.1583e+02   7.6903e+00   0.0000e+00   0.0000e+00   3.8065e+02
20251218_15:00:00   6.7176e-01   1.3494e+02   9.8717e+00   0.0000e+00   1.7898e-03   3.6950e+02
20251218_18:00:00   6.5265e-01   1.3271e+02   9.5856e+00   0.0000e+00   1.6871e-03   3.8496e+02
20251218_21:00:00   4.5955e-01   1.0375e+02   6.8655e+00   0.0000e+00   0.0000e+00   3.8669e+02
20251219_00:00:00   4.3218e-01   9.8732e+01   6.3085e+00   0.0000e+00   5.1740e-06   3.9521e+02
20251219_03:00:00   3.9085e-01   9.0700e+01   5.7527e+00   0.0000e+00   5.0289e-03   3.8841e+02
20251219_06:00:00   4.3140e-01   9.7222e+01   6.5113e+00   0.0000e+00   4.7571e-03   3.8168e+02
20251219_09:00:00   4.4121e-01   9.8474e+01   6.8034e+00   2.4640e-05   8.7757e-03   3.9772e+02
20251219_12:00:00   4.0160e-01   9.1715e+01   6.0739e+00   0.0000e+00   8.2203e-03   4.0626e+02
20251219_15:00:00   3.5580e-01   8.3739e+01   5.1039e+00   0.0000e+00   1.7512e-03   3.9898e+02
20251219_18:00:00   3.3551e-01   8.0059e+01   4.7233e+00   0.0000e+00   4.3580e-04   3.9990e+02
20251219_21:00:00   3.5576e-01   8.3876e+01   5.1091e+00   0.0000e+00   0.0000e+00   3.8570e+02
20251220_00:00:00   4.3221e-01   9.6965e+01   6.3272e+00   0.0000e+00   7.3746e-05   3.7797e+02
20251220_03:00:00   4.6558e-01   1.0152e+02   6.8786e+00   0.0000e+00   6.2755e-03   3.7176e+02
20251220_06:00:00   4.5422e-01   9.9317e+01   6.7724e+00   0.0000e+00   5.0303e-03   3.6646e+02
20251220_09:00:00   4.4510e-01   9.7585e+01   6.6919e+00   0.0000e+00   3.0147e-03   3.6574e+02
20251220_12:00:00   4.3470e-01   9.5722e+01   6.5086e+00   0.0000e+00   2.1985e-03   3.7113e+02
20251220_15:00:00   4.0544e-01   9.0758e+01   5.9806e+00   0.0000e+00   9.0622e-06   3.6452e+02
20251220_18:00:00   3.4008e-01   7.9500e+01   4.8593e+00   0.0000e+00   0.0000e+00   3.6601e+02
20251220_21:00:00   3.3710e-01   7.9173e+01   4.8730e+00   0.0000e+00   0.0000e+00   3.5806e+02
20251221_00:00:00   3.4618e-01   8.0833e+01   5.0750e+00   0.0000e+00   0.0000e+00   3.5913e+02
20251221_03:00:00   3.6879e-01   8.4864e+01   5.3609e+00   0.0000e+00   2.3900e-05   3.5992e+02
20251221_06:00:00   3.7207e-01   8.5441e+01   5.3594e+00   0.0000e+00   4.7838e-04   3.6237e+02
20251221_09:00:00   3.5854e-01   8.2920e+01   5.1312e+00   0.0000e+00   1.1357e-03   3.7010e+02
20251221_12:00:00   3.6296e-01   8.3349e+01   5.3413e+00   0.0000e+00   8.8962e-03   3.6686e+02
20251221_15:00:00   3.7789e-01   8.5661e+01   5.7267e+00   0.0000e+00   2.0815e-02   3.6161e+02
20251221_18:00:00   3.8975e-01   8.7570e+01   6.0491e+00   0.0000e+00   5.8317e-02   3.5516e+02
20251221_21:00:00   4.0876e-01   9.0767e+01   6.4632e+00   0.0000e+00   1.4527e-01   3.5169e+02
20251222_00:00:00   4.3716e-01   9.5552e+01   6.9110e+00   0.0000e+00   1.1566e-01   3.4150e+02
20251222_03:00:00   4.7106e-01   1.0123e+02   7.2697e+00   0.0000e+00   6.3031e-02   3.3703e+02
20251222_06:00:00   5.1789e-01   1.0875e+02   7.6872e+00   0.0000e+00   8.0707e-02   3.6783e+02
20251222_09:00:00   5.4569e-01   1.1319e+02   7.8793e+00   0.0000e+00   4.3648e-02   3.6455e+02
20251222_12:00:00   5.7756e-01   1.1768e+02   8.2013e+00   0.0000e+00   1.8505e-01   3.5697e+02
20251222_15:00:00   5.6131e-01   1.1523e+02   8.0046e+00   5.8840e-05   6.9580e-02   3.6251e+02
20251222_18:00:00   5.5885e-01   1.1491e+02   7.8777e+00   0.0000e+00   1.3148e-01   3.7210e+02
20251222_21:00:00   5.1961e-01   1.0933e+02   7.2918e+00   6.2760e-05   1.3263e-02   3.6462e+02
20251223_00:00:00   5.2463e-01   1.1015e+02   7.3663e+00   0.0000e+00   9.7112e-03   3.6715e+02
20251223_03:00:00   5.3262e-01   1.1127e+02   7.4221e+00   0.0000e+00   4.5798e-02   3.6013e+02
20251223_06:00:00   5.0789e-01   1.0746e+02   7.0429e+00   0.0000e+00   3.0234e-02   3.6378e+02
