#            date       tau255        Tb[K]      pwv[mm] lwp[kg*m^-2] iwp[kg*m^-2]       o3[DU]
20251203_00:00:00   7.3543e-01   1.4384e+02   1.0834e+01   0.0000e+00   5.7140e-07   4.0651e+02
20251203_01:00:00   7.3567e-01   1.4376e+02   1.0818e+01   0.0000e+00   1.5692e-06   4.0449e+02
20251203_02:00:00   7.3383e-01   1.4348e+02   1.0748e+01   0.0000e+00   5.7140e-07   4.0328e+02
20251203_03:00:00   7.2466e-01   1.4227e+02   1.0580e+01   0.0000e+00   0.0000e+00   3.9867e+02
20251203_04:00:00   7.1473e-01   1.4092e+02   1.0430e+01   0.0000e+00   0.0000e+00   3.9541e+02
20251203_05:00:00   7.0683e-01   1.3978e+02   1.0295e+01   0.0000e+00   0.0000e+00   3.9137e+02
20251203_06:00:00   7.0461e-01   1.3939e+02   1.0276e+01   0.0000e+00   0.0000e+00   3.9338e+02
20251203_07:00:00   7.0201e-01   1.3892e+02   1.0235e+01   0.0000e+00   2.3540e-05   3.8748e+02
20251203_08:00:00   7.0359e-01   1.3899e+02   1.0267e+01   0.0000e+00   1.3710e-03   3.7971e+02
20251203_09:00:00   7.0577e-01   1.3910e+02   1.0350e+01   0.0000e+00   1.0017e-02   3.6736e+02
20251203_10:00:00   6.9985e-01   1.3821e+02   1.0302e+01   1.0657e-05   6.1311e-02   3.5845e+02
20251203_11:00:00   7.0408e-01   1.3863e+02   1.0446e+01   7.5460e-04   2.6979e-02   3.6059e+02
20251203_12:00:00   7.4244e-01   1.4344e+02   1.0575e+01   1.4246e-02   3.9650e-02   3.6431e+02
20251203_13:00:00   8.2836e-01   1.5379e+02   1.0715e+01   4.7845e-02   2.3754e-02   3.6903e+02
20251203_14:00:00   8.8112e-01   1.5964e+02   1.0846e+01   6.8109e-02   4.0470e-02   3.6566e+02
20251203_15:00:00   9.4530e-01   1.6633e+02   1.1028e+01   9.1755e-02   4.0722e-02   3.6140e+02
20251203_16:00:00   9.8615e-01   1.7030e+02   1.1455e+01   9.9797e-02   6.6951e-02   3.6013e+02
20251203_17:00:00   9.8974e-01   1.7059e+02   1.1760e+01   9.3281e-02   3.3021e-02   3.6070e+02
20251203_18:00:00   9.3507e-01   1.6513e+02   1.1756e+01   7.0150e-02   1.0526e-02   3.5918e+02
20251203_19:00:00   9.4510e-01   1.6616e+02   1.2051e+01   6.7889e-02   3.9825e-02   3.5485e+02
20251203_20:00:00   8.8648e-01   1.6002e+02   1.2221e+01   3.9769e-02   3.7492e-02   3.5170e+02
20251203_21:00:00   8.6864e-01   1.5812e+02   1.2482e+01   2.6501e-02   1.2410e-02   3.4974e+02
20251203_22:00:00   8.9325e-01   1.6094e+02   1.2754e+01   3.0686e-02   9.8958e-03   3.3912e+02
20251203_23:00:00   8.7764e-01   1.5926e+02   1.3208e+01   1.3487e-02   2.7326e-02   3.3314e+02
20251204_00:00:00   8.8844e-01   1.6043e+02   1.3665e+01   6.2439e-03   2.3360e-02   3.2637e+02
20251204_01:00:00   9.1196e-01   1.6292e+02   1.4096e+01   4.9820e-03   2.4964e-02   3.2131e+02
20251204_02:00:00   9.1962e-01   1.6382e+02   1.4226e+01   4.0320e-03   2.0264e-03   3.1747e+02
20251204_03:00:00   9.0958e-01   1.6284e+02   1.4155e+01   1.0592e-04   1.1813e-03   3.1427e+02
20251204_04:00:00   9.1434e-01   1.6336e+02   1.4270e+01   8.5260e-05   2.0112e-03   3.1000e+02
20251204_05:00:00   9.1931e-01   1.6385e+02   1.4343e+01   3.9780e-04   2.7798e-03   3.0953e+02
20251204_06:00:00   9.3994e-01   1.6599e+02   1.4532e+01   3.6840e-03   1.9907e-03   3.0908e+02
20251204_07:00:00   9.6235e-01   1.6831e+02   1.4787e+01   7.5280e-03   3.5822e-03   3.0941e+02
20251204_08:00:00   9.6256e-01   1.6834e+02   1.4852e+01   6.4880e-03   2.5181e-03   3.0770e+02
20251204_09:00:00   9.4760e-01   1.6676e+02   1.4799e+01   3.1360e-03   5.5840e-03   3.0717e+02
20251204_10:00:00   9.4462e-01   1.6636e+02   1.4878e+01   8.8800e-04   1.9051e-02   3.0788e+02
20251204_11:00:00   9.5930e-01   1.6777e+02   1.5103e+01   9.7980e-04   4.7158e-02   3.0694e+02
20251204_12:00:00   9.7033e-01   1.6892e+02   1.5294e+01   7.8300e-04   5.5291e-02   3.0549e+02
20251204_13:00:00   9.9551e-01   1.7142e+02   1.5752e+01   2.2620e-04   1.9412e-02   3.0460e+02
20251204_14:00:00   1.0492e+00   1.7663e+02   1.6568e+01   3.3300e-04   3.8463e-02   3.0485e+02
20251204_15:00:00   1.0825e+00   1.7958e+02   1.6959e+01   2.4500e-03   4.5411e-02   3.0524e+02
20251204_16:00:00   1.1059e+00   1.8174e+02   1.7203e+01   4.2265e-03   1.2896e-02   3.0438e+02
20251204_17:00:00   1.1966e+00   1.8945e+02   1.7691e+01   2.7687e-02   3.6152e-02   3.0228e+02
20251204_18:00:00   1.3421e+00   2.0045e+02   1.8158e+01   7.3407e-02   3.6080e-02   2.9824e+02
20251204_19:00:00   1.3917e+00   2.0383e+02   1.8393e+01   8.4330e-02   2.4254e-01   2.9599e+02
20251204_20:00:00   1.3759e+00   2.0276e+02   1.8176e+01   8.4465e-02   6.0733e-02   2.9519e+02
20251204_21:00:00   1.3134e+00   1.9857e+02   1.7674e+01   7.1053e-02   7.5834e-03   2.9917e+02
20251204_22:00:00   1.3035e+00   1.9790e+02   1.7574e+01   7.0213e-02   3.8202e-02   3.0297e+02
20251204_23:00:00   1.2801e+00   1.9616e+02   1.7803e+01   5.2759e-02   6.2525e-02   3.0359e+02
20251205_00:00:00   1.2279e+00   1.9229e+02   1.7328e+01   4.3647e-02   1.0812e-02   3.0261e+02
20251205_01:00:00   1.2823e+00   1.9640e+02   1.7595e+01   5.8055e-02   8.6122e-02   3.0504e+02
20251205_02:00:00   1.2611e+00   1.9503e+02   1.6996e+01   6.2743e-02   5.0335e-03   3.0547e+02
20251205_03:00:00   1.2166e+00   1.9185e+02   1.5915e+01   6.7613e-02   1.3615e-03   3.0407e+02
20251205_04:00:00   1.2136e+00   1.9182e+02   1.4943e+01   8.7395e-02   2.0435e-03   3.0216e+02
20251205_05:00:00   1.2912e+00   1.9768e+02   1.4883e+01   1.2146e-01   5.2948e-03   3.0200e+02
20251205_06:00:00   1.3369e+00   2.0090e+02   1.4907e+01   1.3994e-01   6.6409e-03   3.0021e+02
20251205_07:00:00   1.3384e+00   2.0096e+02   1.4746e+01   1.4356e-01   4.7148e-03   3.0401e+02
20251205_08:00:00   1.3084e+00   1.9869e+02   1.4693e+01   1.3246e-01   3.4516e-03   3.0480e+02
20251205_09:00:00   1.2803e+00   1.9662e+02   1.4506e+01   1.2741e-01   1.3181e-03   3.0712e+02
20251205_10:00:00   1.0306e+00   1.7563e+02   1.4393e+01   2.6827e-02   4.8985e-04   3.1267e+02
20251205_11:00:00   9.5849e-01   1.6859e+02   1.4060e+01   5.6600e-03   2.5916e-04   3.1021e+02
20251205_12:00:00   9.2143e-01   1.6483e+02   1.3708e+01   2.9480e-04   2.1580e-04   3.0945e+02
20251205_13:00:00   9.6110e-01   1.6882e+02   1.4155e+01   7.1960e-03   9.9033e-04   3.0850e+02
20251205_14:00:00   9.3347e-01   1.6596e+02   1.3943e+01   1.0656e-05   7.4012e-04   3.1220e+02
20251205_15:00:00   9.9659e-01   1.7208e+02   1.5014e+01   0.0000e+00   7.6115e-03   3.1446e+02
20251205_16:00:00   1.0167e+00   1.7388e+02   1.5267e+01   9.6184e-05   4.3764e-03   3.1893e+02
20251205_17:00:00   1.1210e+00   1.8314e+02   1.6649e+01   6.4233e-03   2.5012e-01   3.2043e+02
20251205_18:00:00   1.1457e+00   1.8510e+02   1.6980e+01   3.4314e-03   5.9358e-01   3.2234e+02
20251205_19:00:00   1.1274e+00   1.8340e+02   1.6738e+01   1.1998e-03   6.8849e-01   3.2569e+02
20251205_20:00:00   1.0935e+00   1.8059e+02   1.6247e+01   2.7335e-03   2.2589e-01   3.3100e+02
20251205_21:00:00   1.0904e+00   1.8011e+02   1.5901e+01   6.8540e-03   5.9067e-01   3.3158e+02
20251205_22:00:00   1.0849e+00   1.7981e+02   1.5631e+01   1.4020e-02   2.4112e-01   3.3982e+02
20251205_23:00:00   1.0557e+00   1.7717e+02   1.5301e+01   6.1239e-03   4.0103e-01   3.4328e+02
20251206_00:00:00   1.0207e+00   1.7416e+02   1.4495e+01   1.5274e-02   3.3412e-02   3.4329e+02
20251206_01:00:00   1.0253e+00   1.7445e+02   1.4173e+01   2.3807e-02   1.5410e-01   3.4145e+02
20251206_02:00:00   1.1167e+00   1.8276e+02   1.4583e+01   5.2212e-02   1.2558e-01   3.3660e+02
20251206_03:00:00   1.0301e+00   1.7495e+02   1.3863e+01   3.7271e-02   2.2785e-02   3.2847e+02
20251206_04:00:00   9.8370e-01   1.7052e+02   1.3584e+01   2.6952e-02   1.3151e-03   3.2591e+02
20251206_05:00:00   9.4503e-01   1.6646e+02   1.3327e+01   1.8130e-02   5.4620e-03   3.2599e+02
20251206_06:00:00   8.9336e-01   1.6093e+02   1.3137e+01   2.9160e-03   3.6604e-03   3.3001e+02
20251206_07:00:00   9.2607e-01   1.6423e+02   1.3303e+01   1.1659e-02   1.0256e-02   3.2854e+02
20251206_08:00:00   9.1696e-01   1.6340e+02   1.2874e+01   1.5568e-02   4.5639e-03   3.2692e+02
20251206_09:00:00   8.8533e-01   1.6016e+02   1.2519e+01   1.1166e-02   1.7150e-03   3.2285e+02
20251206_10:00:00   8.7835e-01   1.5931e+02   1.2430e+01   1.0541e-02   5.5576e-03   3.2847e+02
20251206_11:00:00   8.8874e-01   1.6034e+02   1.2474e+01   1.2943e-02   4.5670e-03   3.3537e+02
20251206_12:00:00   8.6208e-01   1.5750e+02   1.2128e+01   1.1667e-02   7.9289e-04   3.3482e+02
20251206_13:00:00   8.3246e-01   1.5415e+02   1.1786e+01   9.4722e-03   9.8619e-04   3.2825e+02
20251206_14:00:00   7.9468e-01   1.4980e+02   1.1306e+01   7.4878e-03   3.0554e-04   3.2489e+02
20251206_15:00:00   7.8051e-01   1.4805e+02   1.1006e+01   1.0842e-02   2.4107e-04   3.2288e+02
20251206_16:00:00   7.7975e-01   1.4791e+02   1.0904e+01   1.3907e-02   1.3328e-04   3.2148e+02
20251206_17:00:00   7.8482e-01   1.4870e+02   1.0812e+01   1.8011e-02   1.4019e-04   3.2004e+02
20251206_18:00:00   8.0341e-01   1.5112e+02   1.0898e+01   2.3205e-02   1.3151e-04   3.1852e+02
20251206_19:00:00   7.9982e-01   1.5088e+02   1.0818e+01   2.4577e-02   1.1431e-04   3.2193e+02
20251206_20:00:00   7.8850e-01   1.4966e+02   1.0873e+01   1.8721e-02   8.3048e-05   3.2296e+02
20251206_21:00:00   7.9465e-01   1.5049e+02   1.0884e+01   1.9896e-02   3.3064e-04   3.2166e+02
20251206_22:00:00   8.2320e-01   1.5388e+02   1.1067e+01   2.6707e-02   8.2256e-04   3.1904e+02
20251206_23:00:00   8.7034e-01   1.5922e+02   1.1457e+01   3.6523e-02   1.7447e-03   3.2109e+02
20251207_00:00:00   9.1460e-01   1.6403e+02   1.1573e+01   5.1501e-02   1.1608e-04   3.2365e+02
20251207_01:00:00   1.0591e+00   1.7858e+02   1.1616e+01   1.0902e-01   1.2447e-04   3.2585e+02
20251207_02:00:00   1.1386e+00   1.8572e+02   1.1770e+01   1.3826e-01   1.2342e-03   3.2615e+02
20251207_03:00:00   1.1412e+00   1.8589e+02   1.1920e+01   1.3640e-01   4.8413e-03   3.3240e+02
20251207_04:00:00   1.1310e+00   1.8504e+02   1.1951e+01   1.3236e-01   1.9907e-02   3.3677e+02
20251207_05:00:00   1.1249e+00   1.8439e+02   1.2223e+01   1.2427e-01   2.6644e-02   3.3988e+02
20251207_06:00:00   1.1002e+00   1.8206e+02   1.2672e+01   1.0254e-01   1.2431e-01   3.3848e+02
20251207_07:00:00   1.0669e+00   1.7904e+02   1.2695e+01   8.6424e-02   2.3911e-01   3.3796e+02
20251207_08:00:00   1.1450e+00   1.8582e+02   1.3138e+01   1.1041e-01   1.6201e-01   3.3501e+02
20251207_09:00:00   1.3249e+00   1.9974e+02   1.3531e+01   1.7675e-01   1.7575e-01   3.3554e+02
20251207_10:00:00   1.3434e+00   2.0080e+02   1.3810e+01   1.8461e-01   1.4135e-01   3.3652e+02
20251207_11:00:00   1.4117e+00   2.0537e+02   1.4118e+01   2.0510e-01   1.8407e-01   3.3708e+02
20251207_12:00:00   1.3700e+00   2.0283e+02   1.4206e+01   1.8307e-01   8.6634e-02   3.3847e+02
20251207_13:00:00   1.4541e+00   2.0827e+02   1.5062e+01   1.9657e-01   3.7465e-02   3.3882e+02
20251207_14:00:00   1.5492e+00   2.1391e+02   1.5870e+01   2.1485e-01   1.9349e-02   3.4062e+02
20251207_15:00:00   1.5885e+00   2.1620e+02   1.5924e+01   2.2765e-01   9.4233e-03   3.4120e+02
20251207_16:00:00   1.6184e+00   2.1789e+02   1.6118e+01   2.3381e-01   7.6330e-03   3.4044e+02
20251207_17:00:00   1.6286e+00   2.1861e+02   1.5982e+01   2.3963e-01   1.0061e-02   3.3870e+02
20251207_18:00:00   1.6312e+00   2.1883e+02   1.6471e+01   2.2650e-01   3.4184e-02   3.3485e+02
20251207_19:00:00   1.5907e+00   2.1666e+02   1.7544e+01   1.8005e-01   1.3484e-01   3.3331e+02
20251207_20:00:00   1.5534e+00   2.1475e+02   1.7735e+01   1.5790e-01   3.3096e-02   3.3505e+02
20251207_21:00:00   1.5532e+00   2.1492e+02   1.7467e+01   1.6154e-01   1.7362e-02   3.3107e+02
20251207_22:00:00   1.5656e+00   2.1581e+02   1.7159e+01   1.7345e-01   1.8287e-02   3.2733e+02
20251207_23:00:00   1.5891e+00   2.1726e+02   1.6580e+01   1.9682e-01   1.8401e-02   3.2562e+02
20251208_00:00:00   1.3637e+00   2.0357e+02   1.6377e+01   1.1098e-01   3.2269e-02   3.2286e+02
20251208_03:00:00   9.7986e-01   1.7196e+02   1.3855e+01   2.3148e-02   2.2906e-03   3.3317e+02
20251208_06:00:00   1.0636e+00   1.8033e+02   1.2583e+01   7.6322e-02   4.3370e-05   3.2979e+02
20251208_09:00:00   1.0459e+00   1.7868e+02   1.2470e+01   7.4265e-02   5.0737e-03   3.1866e+02
20251208_12:00:00   1.0623e+00   1.7988e+02   1.3092e+01   7.4274e-02   2.6169e-02   3.1315e+02
20251208_15:00:00   1.1208e+00   1.8450e+02   1.5292e+01   4.8333e-02   1.1542e-02   3.0814e+02
20251208_18:00:00   1.1843e+00   1.8998e+02   1.6576e+01   3.8477e-02   1.5290e-02   3.1543e+02
20251208_21:00:00   1.6311e+00   2.2025e+02   1.9538e+01   1.4516e-01   5.9765e-02   3.0976e+02
20251209_00:00:00   1.6907e+00   2.2348e+02   2.0631e+01   1.3810e-01   1.1432e-02   3.0584e+02
20251209_03:00:00   2.5062e+00   2.5192e+02   2.0302e+01   4.7673e-01   5.6825e-02   3.0453e+02
20251209_06:00:00   1.5977e+00   2.1969e+02   1.9493e+01   1.2628e-01   1.4437e-01   3.1270e+02
20251209_09:00:00   9.2049e-01   1.6695e+02   1.3567e+01   6.6720e-03   2.4366e-02   3.2173e+02
20251209_12:00:00   5.6509e-01   1.2052e+02   8.6578e+00   3.6480e-03   6.2888e-04   3.3098e+02
20251209_15:00:00   5.2980e-01   1.1445e+02   8.1831e+00   0.0000e+00   3.4984e-03   3.2691e+02
20251209_18:00:00   5.8015e-01   1.2211e+02   9.0084e+00   0.0000e+00   1.7030e-02   3.2347e+02
20251209_21:00:00   6.6959e-01   1.3497e+02   1.0576e+01   0.0000e+00   5.9294e-03   3.1730e+02
20251210_00:00:00   8.6820e-01   1.5898e+02   1.3847e+01   0.0000e+00   5.6685e-02   3.1475e+02
20251210_03:00:00   1.0750e+00   1.7950e+02   1.6886e+01   3.8160e-04   2.5890e-01   3.1222e+02
20251210_06:00:00   1.4028e+00   2.0531e+02   1.8779e+01   7.7769e-02   3.0071e-01   3.1871e+02
20251210_09:00:00   1.3530e+00   2.0215e+02   1.7980e+01   6.7662e-02   2.5945e-01   3.3958e+02
20251210_12:00:00   1.0504e+00   1.7840e+02   1.4663e+01   2.0608e-02   2.0746e-02   3.4317e+02
20251210_15:00:00   7.7821e-01   1.4927e+02   1.0814e+01   1.5907e-02   1.2460e-05   3.3447e+02
20251210_18:00:00   7.2010e-01   1.4229e+02   9.7575e+00   1.5103e-02   1.7683e-05   3.3251e+02
20251210_21:00:00   8.0932e-01   1.5370e+02   9.6329e+00   5.1376e-02   2.3538e-06   3.3062e+02
20251211_00:00:00   8.1201e-01   1.5380e+02   9.6600e+00   5.1615e-02   7.8040e-06   3.4011e+02
20251211_03:00:00   8.3613e-01   1.5620e+02   9.4362e+00   6.8778e-02   6.7502e-05   3.3953e+02
20251211_06:00:00   6.4282e-01   1.3071e+02   8.4775e+00   2.0659e-02   1.4498e-05   3.4206e+02
20251211_09:00:00   5.4582e-01   1.1594e+02   7.7028e+00   4.0426e-03   2.4682e-05   3.5480e+02
20251211_12:00:00   5.3285e-01   1.1360e+02   7.7439e+00   2.8798e-04   2.5232e-06   3.6333e+02
20251211_15:00:00   5.3768e-01   1.1420e+02   7.7506e+00   0.0000e+00   8.0381e-05   3.6568e+02
20251211_18:00:00   5.3603e-01   1.1404e+02   7.7151e+00   0.0000e+00   3.7657e-06   3.8565e+02
20251211_21:00:00   5.6450e-01   1.1873e+02   8.0674e+00   0.0000e+00   7.4513e-06   3.9716e+02
20251212_00:00:00   5.6670e-01   1.1879e+02   8.0878e+00   0.0000e+00   1.3049e-04   3.9227e+02
20251212_03:00:00   5.4200e-01   1.1455e+02   7.6789e+00   0.0000e+00   5.6855e-05   4.0386e+02
20251212_06:00:00   5.1860e-01   1.1065e+02   7.3491e+00   4.9280e-05   5.2095e-05   4.0114e+02
20251212_09:00:00   5.0584e-01   1.0840e+02   6.9262e+00   6.6090e-03   9.0351e-04   3.9759e+02
20251212_12:00:00   6.0386e-01   1.2287e+02   8.3381e+00   8.1722e-03   1.9641e-02   4.0292e+02
20251212_15:00:00   6.7976e-01   1.3315e+02   9.5060e+00   3.6361e-04   3.6675e-01   3.9245e+02
20251212_18:00:00   7.5896e-01   1.4347e+02   9.6259e+00   3.0131e-02   4.9590e-01   3.8477e+02
20251212_21:00:00   7.0573e-01   1.3722e+02   9.8908e+00   8.9357e-04   2.6295e-01   3.8616e+02
20251213_00:00:00   7.9239e-01   1.4811e+02   1.0411e+01   2.2425e-02   3.3559e-01   3.9644e+02
20251213_03:00:00   7.4886e-01   1.4251e+02   1.0078e+01   7.6764e-03   8.7897e-01   4.1403e+02
20251213_06:00:00   6.3709e-01   1.2714e+02   8.8711e+00   4.5836e-04   3.0082e-01   4.0980e+02
20251213_09:00:00   5.3710e-01   1.1185e+02   7.4729e+00   0.0000e+00   1.3852e-01   4.0800e+02
20251213_12:00:00   4.4507e-01   9.6827e+01   6.0727e+00   0.0000e+00   4.3327e-02   4.1296e+02
20251213_15:00:00   4.2140e-01   9.2237e+01   5.8133e+00   0.0000e+00   2.2742e-02   4.1069e+02
20251213_18:00:00   3.9970e-01   8.8486e+01   5.5133e+00   0.0000e+00   1.1299e-02   4.1358e+02
20251213_21:00:00   3.9786e-01   8.8261e+01   5.4998e+00   0.0000e+00   7.6584e-03   4.1375e+02
20251214_00:00:00   4.0566e-01   8.9448e+01   5.6603e+00   0.0000e+00   5.9342e-03   4.0794e+02
20251214_03:00:00   4.0620e-01   8.9264e+01   5.6728e+00   0.0000e+00   2.0744e-02   4.1398e+02
20251214_06:00:00   4.0979e-01   8.9827e+01   5.7235e+00   0.0000e+00   1.4613e-02   4.2259e+02
20251214_09:00:00   4.0575e-01   8.9062e+01   5.6016e+00   0.0000e+00   3.4766e-02   3.9283e+02
20251214_12:00:00   3.7364e-01   8.3575e+01   5.1033e+00   0.0000e+00   9.1612e-03   3.9646e+02
20251214_15:00:00   3.4710e-01   7.8861e+01   4.7129e+00   0.0000e+00   3.0706e-03   4.0384e+02
20251214_18:00:00   3.9517e-01   8.7274e+01   5.3946e+00   0.0000e+00   3.5368e-02   4.0642e+02
20251214_21:00:00   3.2495e-01   7.5281e+01   4.2643e+00   0.0000e+00   3.5921e-03   4.0884e+02
20251215_00:00:00   3.3986e-01   7.7823e+01   4.5224e+00   0.0000e+00   5.9753e-04   4.0734e+02
20251215_03:00:00   3.1220e-01   7.2608e+01   4.1412e+00   0.0000e+00   3.6978e-03   4.1910e+02
20251215_06:00:00   3.5140e-01   7.9486e+01   4.8692e+00   0.0000e+00   8.7642e-03   4.0092e+02
20251215_09:00:00   4.0543e-01   8.8874e+01   5.7387e+00   0.0000e+00   2.0190e-02   4.0022e+02
20251215_12:00:00   4.3241e-01   9.3617e+01   6.1642e+00   0.0000e+00   1.5241e-02   3.8228e+02
20251215_15:00:00   4.0699e-01   8.9577e+01   5.7960e+00   0.0000e+00   2.4183e-03   3.7469e+02
20251215_18:00:00   3.9239e-01   8.7340e+01   5.6986e+00   0.0000e+00   2.2432e-03   3.3254e+02
20251215_21:00:00   4.6180e-01   9.9049e+01   6.9105e+00   0.0000e+00   1.1802e-01   3.3330e+02
20251216_00:00:00   5.3672e-01   1.1082e+02   8.1053e+00   0.0000e+00   2.2916e-01   3.3073e+02
20251216_03:00:00   5.5721e-01   1.1400e+02   8.6503e+00   0.0000e+00   7.9196e-02   3.1199e+02
20251216_06:00:00   5.9953e-01   1.2012e+02   9.4619e+00   0.0000e+00   2.0547e-02   3.1478e+02
20251216_09:00:00   6.0819e-01   1.2166e+02   9.5211e+00   0.0000e+00   1.8249e-02   3.1896e+02
20251216_12:00:00   6.5642e-01   1.2873e+02   1.0322e+01   0.0000e+00   5.0805e-02   3.2015e+02
20251216_15:00:00   6.5286e-01   1.2870e+02   9.9526e+00   2.3758e-03   2.7685e-02   3.1785e+02
20251216_18:00:00   7.2757e-01   1.3920e+02   1.1008e+01   5.3059e-03   2.2985e-02   3.1817e+02
20251216_21:00:00   8.3837e-01   1.5325e+02   1.2559e+01   1.3733e-02   1.8877e-03   3.1526e+02
20251217_00:00:00   8.3167e-01   1.5294e+02   1.2477e+01   1.0432e-02   4.6733e-03   3.1132e+02
20251217_03:00:00   7.2872e-01   1.4065e+02   1.0644e+01   1.1474e-02   1.8465e-03   3.0838e+02
20251217_06:00:00   7.9529e-01   1.4832e+02   1.0707e+01   3.8484e-02   1.2997e-02   3.0998e+02
20251217_09:00:00   7.4072e-01   1.4102e+02   1.1134e+01   5.3278e-03   1.8750e-02   3.1641e+02
20251217_12:00:00   8.3627e-01   1.5233e+02   1.0758e+01   5.2704e-02   1.4752e-02   3.1845e+02
20251217_15:00:00   8.6249e-01   1.5451e+02   1.1658e+01   3.6915e-02   5.3388e-01   3.3095e+02
20251217_18:00:00   7.1838e-01   1.3716e+02   1.0417e+01   1.0889e-02   2.5590e-01   3.4263e+02
20251217_21:00:00   5.1762e-01   1.0904e+02   7.6077e+00   2.0518e-04   2.1270e-01   3.5840e+02
20251218_00:00:00   4.8221e-01   1.0313e+02   7.0361e+00   1.8650e-04   5.5599e-03   3.5844e+02
20251218_03:00:00   4.8530e-01   1.0317e+02   7.1536e+00   5.8980e-04   1.0881e-02   3.4868e+02
20251218_06:00:00   5.5615e-01   1.1357e+02   7.9191e+00   0.0000e+00   5.1772e-01   3.4680e+02
20251218_09:00:00   4.5537e-01   9.7800e+01   6.4135e+00   7.8900e-04   8.1529e-02   3.5561e+02
20251218_12:00:00   4.3289e-01   9.3682e+01   6.0543e+00   0.0000e+00   6.5393e-02   3.6119e+02
20251218_15:00:00   3.8552e-01   8.5482e+01   5.3143e+00   0.0000e+00   3.5749e-02   3.8221e+02
20251218_18:00:00   3.3810e-01   7.7082e+01   4.5863e+00   0.0000e+00   1.0560e-02   3.9130e+02
20251218_21:00:00   2.9899e-01   7.0117e+01   3.9597e+00   0.0000e+00   3.1653e-04   3.8262e+02
20251219_00:00:00   2.9093e-01   6.8361e+01   3.8560e+00   0.0000e+00   3.5647e-05   3.6469e+02
