#            date       tau255        Tb[K]      pwv[mm] lwp[kg*m^-2] iwp[kg*m^-2]       o3[DU]
20251205_06:00:00   9.2599e-01   1.6525e+02   1.3583e+01   7.7800e-03   4.3633e-03   3.0387e+02
20251205_07:00:00   9.0878e-01   1.6359e+02   1.3340e+01   6.5140e-03   1.1489e-03   3.0620e+02
20251205_08:00:00   8.9067e-01   1.6161e+02   1.3159e+01   3.2040e-03   1.5562e-03   3.0712e+02
20251205_09:00:00   8.6398e-01   1.5868e+02   1.2846e+01   1.0302e-04   1.5352e-03   3.0676e+02
20251205_10:00:00   8.5907e-01   1.5794e+02   1.2884e+01   0.0000e+00   3.7125e-03   3.0948e+02
20251205_11:00:00   8.7278e-01   1.5923e+02   1.3223e+01   0.0000e+00   1.3530e-02   3.0991e+02
20251205_12:00:00   9.1630e-01   1.6372e+02   1.4038e+01   0.0000e+00   7.1502e-02   3.0735e+02
20251205_13:00:00   1.0628e+00   1.7801e+02   1.5682e+01   1.9520e-02   1.3481e-01   3.0941e+02
20251205_14:00:00   1.2142e+00   1.9119e+02   1.6219e+01   6.4990e-02   1.1557e-01   3.1427e+02
20251205_15:00:00   1.6901e+00   2.2131e+02   1.7199e+01   2.3986e-01   1.9764e-01   3.1150e+02
20251205_16:00:00   2.1075e+00   2.3818e+02   1.7403e+01   4.0754e-01   8.5351e-02   3.1119e+02
20251205_17:00:00   1.7519e+00   2.2442e+02   1.6179e+01   2.8781e-01   8.2952e-02   3.1388e+02
20251205_18:00:00   1.5930e+00   2.1642e+02   1.7026e+01   1.9886e-01   1.3725e-01   3.1655e+02
20251205_19:00:00   1.6683e+00   2.2034e+02   1.7723e+01   2.0783e-01   3.5047e-01   3.1997e+02
20251205_20:00:00   1.5017e+00   2.1125e+02   1.7148e+01   1.5217e-01   3.0187e-01   3.2384e+02
20251205_21:00:00   1.1797e+00   1.8920e+02   1.5145e+01   7.0841e-02   8.1573e-02   3.2790e+02
20251205_22:00:00   1.0363e+00   1.7686e+02   1.4201e+01   3.5009e-02   1.3131e-02   3.3024e+02
20251205_23:00:00   1.0883e+00   1.8173e+02   1.4942e+01   3.6928e-02   1.9292e-03   3.3306e+02
20251206_00:00:00   9.9763e-01   1.7324e+02   1.4063e+01   2.4632e-02   1.0451e-02   3.3466e+02
20251206_01:00:00   1.0399e+00   1.7711e+02   1.4478e+01   3.0237e-02   4.1176e-02   3.3169e+02
20251206_02:00:00   1.0647e+00   1.7944e+02   1.4316e+01   4.2226e-02   4.3532e-02   3.2961e+02
20251206_03:00:00   1.1108e+00   1.8359e+02   1.3876e+01   7.2565e-02   1.7336e-02   3.3488e+02
20251206_04:00:00   1.1120e+00   1.8361e+02   1.3941e+01   7.3372e-02   2.1525e-03   3.3444e+02
20251206_05:00:00   1.1652e+00   1.8824e+02   1.4024e+01   9.1084e-02   1.5599e-03   3.3850e+02
20251206_06:00:00   1.1337e+00   1.8553e+02   1.4336e+01   6.9173e-02   4.5366e-03   3.4320e+02
20251206_07:00:00   1.1397e+00   1.8613e+02   1.4329e+01   7.0731e-02   2.3786e-02   3.4333e+02
20251206_08:00:00   1.0613e+00   1.7923e+02   1.3701e+01   5.8376e-02   2.0280e-02   3.3588e+02
20251206_09:00:00   1.0031e+00   1.7376e+02   1.3518e+01   3.8393e-02   9.3845e-04   3.3093e+02
20251206_10:00:00   1.0006e+00   1.7365e+02   1.3250e+01   4.5305e-02   5.3449e-04   3.2811e+02
20251206_11:00:00   9.8838e-01   1.7246e+02   1.2978e+01   4.8930e-02   4.9800e-04   3.2663e+02
20251206_12:00:00   9.8895e-01   1.7248e+02   1.2759e+01   5.3724e-02   1.2248e-04   3.2811e+02
20251206_13:00:00   9.5953e-01   1.6935e+02   1.2748e+01   4.0479e-02   7.2542e-05   3.2528e+02
20251206_14:00:00   9.1422e-01   1.6460e+02   1.2563e+01   2.5364e-02   3.1323e-05   3.2449e+02
20251206_15:00:00   9.0488e-01   1.6357e+02   1.2427e+01   2.4015e-02   5.2678e-05   3.2491e+02
20251206_16:00:00   9.0682e-01   1.6378e+02   1.2410e+01   2.2625e-02   7.8294e-04   3.2664e+02
20251206_17:00:00   9.1886e-01   1.6524e+02   1.2400e+01   2.5083e-02   2.5275e-02   3.3083e+02
20251206_18:00:00   8.9613e-01   1.6307e+02   1.2074e+01   2.1449e-02   1.3154e-02   3.2599e+02
20251206_19:00:00   8.4528e-01   1.5760e+02   1.1730e+01   1.0292e-02   2.0286e-04   3.2370e+02
20251206_20:00:00   8.0033e-01   1.5242e+02   1.1479e+01   1.6153e-03   1.0054e-04   3.1921e+02
20251206_21:00:00   8.0464e-01   1.5291e+02   1.1712e+01   4.1780e-05   2.0012e-04   3.1495e+02
20251206_22:00:00   7.9978e-01   1.5245e+02   1.1710e+01   0.0000e+00   5.2527e-04   3.1479e+02
20251206_23:00:00   7.9366e-01   1.5169e+02   1.1632e+01   0.0000e+00   1.5333e-03   3.1644e+02
20251207_00:00:00   7.8620e-01   1.5068e+02   1.1469e+01   0.0000e+00   2.9281e-03   3.2145e+02
20251207_01:00:00   7.7000e-01   1.4857e+02   1.1294e+01   0.0000e+00   8.6236e-05   3.2505e+02
20251207_02:00:00   7.6491e-01   1.4785e+02   1.1256e+01   0.0000e+00   7.8270e-04   3.2773e+02
20251207_03:00:00   7.5075e-01   1.4606e+02   1.1058e+01   0.0000e+00   2.2855e-03   3.3051e+02
20251207_04:00:00   7.1691e-01   1.4183e+02   1.0511e+01   0.0000e+00   1.9536e-03   3.3126e+02
20251207_05:00:00   6.9965e-01   1.3943e+02   1.0307e+01   0.0000e+00   3.8508e-03   3.3066e+02
20251207_06:00:00   6.9414e-01   1.3856e+02   1.0242e+01   0.0000e+00   5.4328e-03   3.3288e+02
20251207_07:00:00   6.8639e-01   1.3742e+02   1.0175e+01   0.0000e+00   8.8073e-03   3.3233e+02
20251207_08:00:00   7.0095e-01   1.3924e+02   1.0431e+01   0.0000e+00   1.3972e-02   3.3357e+02
20251207_09:00:00   7.1271e-01   1.4069e+02   1.0612e+01   0.0000e+00   1.8451e-02   3.3466e+02
20251207_10:00:00   7.2997e-01   1.4278e+02   1.0869e+01   0.0000e+00   9.7524e-03   3.3656e+02
20251207_11:00:00   7.6745e-01   1.4715e+02   1.1535e+01   0.0000e+00   1.8152e-02   3.4174e+02
20251207_12:00:00   7.8875e-01   1.4947e+02   1.1952e+01   0.0000e+00   5.7136e-02   3.4705e+02
20251207_13:00:00   7.9577e-01   1.5013e+02   1.2146e+01   0.0000e+00   9.0700e-02   3.5307e+02
20251207_14:00:00   7.9218e-01   1.4964e+02   1.2116e+01   5.1740e-06   6.2894e-02   3.5601e+02
20251207_15:00:00   8.0658e-01   1.5128e+02   1.2374e+01   0.0000e+00   1.2913e-02   3.5996e+02
20251207_16:00:00   8.1711e-01   1.5251e+02   1.2472e+01   0.0000e+00   6.9419e-03   3.5892e+02
20251207_17:00:00   8.5646e-01   1.5688e+02   1.3074e+01   0.0000e+00   1.0664e-01   3.5585e+02
20251207_18:00:00   8.7572e-01   1.5939e+02   1.3302e+01   0.0000e+00   2.9828e-02   3.4918e+02
20251207_19:00:00   9.0675e-01   1.6299e+02   1.3646e+01   0.0000e+00   3.5611e-02   3.4961e+02
20251207_20:00:00   9.4448e-01   1.6710e+02   1.4145e+01   0.0000e+00   1.4512e-02   3.4940e+02
20251207_21:00:00   9.3407e-01   1.6646e+02   1.3818e+01   0.0000e+00   6.5637e-05   3.4916e+02
20251207_22:00:00   1.0573e+00   1.7866e+02   1.4329e+01   3.2220e-02   4.8397e-02   3.4399e+02
20251207_23:00:00   1.0643e+00   1.7937e+02   1.4284e+01   2.7577e-02   1.7059e-01   3.3477e+02
20251208_00:00:00   1.2372e+00   1.9426e+02   1.4562e+01   8.9638e-02   8.7024e-02   3.3112e+02
20251208_01:00:00   1.5075e+00   2.1305e+02   1.3953e+01   2.1428e-01   1.1264e-01   3.3064e+02
20251208_02:00:00   1.7666e+00   2.2685e+02   1.3895e+01   3.2202e-01   2.5377e-02   3.3501e+02
20251208_03:00:00   1.7368e+00   2.2562e+02   1.2828e+01   3.3728e-01   5.2435e-03   3.3939e+02
20251208_04:00:00   1.4934e+00   2.1255e+02   1.2375e+01   2.5229e-01   4.8940e-03   3.3644e+02
20251208_05:00:00   1.2775e+00   1.9776e+02   1.2617e+01   1.6426e-01   4.3882e-03   3.3389e+02
20251208_06:00:00   1.1361e+00   1.8597e+02   1.3509e+01   9.1253e-02   9.7432e-03   3.3078e+02
20251208_07:00:00   1.1880e+00   1.9008e+02   1.4215e+01   9.8449e-02   1.2924e-02   3.2499e+02
20251208_08:00:00   1.1393e+00   1.8580e+02   1.4505e+01   7.2116e-02   1.5493e-02   3.2275e+02
20251208_09:00:00   1.1048e+00   1.8262e+02   1.4748e+01   5.1639e-02   2.8684e-02   3.1677e+02
20251208_10:00:00   1.1067e+00   1.8272e+02   1.5109e+01   4.3657e-02   2.0750e-02   3.2070e+02
20251208_11:00:00   1.1440e+00   1.8590e+02   1.5607e+01   4.7292e-02   1.5282e-02   3.3061e+02
20251208_12:00:00   1.1962e+00   1.9015e+02   1.6257e+01   5.3524e-02   1.3734e-02   3.3111e+02
20251208_13:00:00   1.3094e+00   1.9900e+02   1.6726e+01   8.6785e-02   1.9648e-02   3.3306e+02
20251208_14:00:00   1.3447e+00   2.0142e+02   1.7364e+01   7.8911e-02   2.4821e-01   3.3661e+02
20251208_15:00:00   1.7694e+00   2.2617e+02   1.7779e+01   2.3989e-01   4.0131e-01   3.4066e+02
20251208_16:00:00   2.2390e+00   2.4388e+02   1.8476e+01   4.1827e-01   3.2673e-01   3.4020e+02
20251208_17:00:00   2.7072e+00   2.5494e+02   1.8979e+01   6.0344e-01   1.1606e-01   3.4069e+02
20251208_18:00:00   2.9285e+00   2.5860e+02   1.9120e+01   6.9389e-01   1.0481e-01   3.4563e+02
20251208_19:00:00   2.7120e+00   2.5517e+02   1.8666e+01   6.1856e-01   7.1941e-02   3.4734e+02
20251208_20:00:00   2.5338e+00   2.5171e+02   1.8823e+01   5.4040e-01   4.1907e-02   3.4435e+02
20251208_21:00:00   2.0841e+00   2.3960e+02   1.9145e+01   3.4614e-01   6.9946e-02   3.3565e+02
20251208_22:00:00   2.0578e+00   2.3886e+02   1.9652e+01   3.2147e-01   4.7619e-02   3.3640e+02
20251208_23:00:00   1.9091e+00   2.3360e+02   1.9980e+01   2.5106e-01   7.1348e-02   3.3398e+02
20251209_00:00:00   1.7834e+00   2.2844e+02   1.9817e+01   2.0551e-01   6.6501e-02   3.2922e+02
20251209_01:00:00   1.6193e+00   2.2045e+02   1.9582e+01   1.4394e-01   5.9279e-02   3.2557e+02
20251209_02:00:00   1.5169e+00   2.1491e+02   1.9168e+01   1.1374e-01   5.4010e-02   3.2190e+02
20251209_03:00:00   1.4616e+00   2.1161e+02   1.9248e+01   8.9390e-02   4.9638e-02   3.2158e+02
20251209_04:00:00   1.3548e+00   2.0462e+02   1.9127e+01   5.2620e-02   6.1029e-02   3.2164e+02
20251209_05:00:00   1.3498e+00   2.0437e+02   1.9075e+01   5.2211e-02   7.0046e-02   3.2210e+02
20251209_06:00:00   1.3475e+00   2.0431e+02   1.9114e+01   4.7417e-02   9.1757e-03   3.2235e+02
20251209_07:00:00   1.2824e+00   1.9977e+02   1.8586e+01   3.5872e-02   1.4475e-02   3.2311e+02
20251209_08:00:00   1.2116e+00   1.9391e+02   1.8135e+01   1.8097e-02   3.8189e-02   3.2351e+02
20251209_09:00:00   9.6873e-01   1.7181e+02   1.4756e+01   7.5890e-03   2.2989e-03   3.2138e+02
20251209_10:00:00   8.3364e-01   1.5691e+02   1.2746e+01   7.0429e-03   1.9048e-03   3.1366e+02
20251209_11:00:00   8.1628e-01   1.5453e+02   1.2586e+01   7.4750e-03   8.2402e-03   3.1078e+02
20251209_12:00:00   8.0830e-01   1.5328e+02   1.2613e+01   7.4600e-03   5.8586e-03   3.1403e+02
20251209_13:00:00   7.9989e-01   1.5201e+02   1.2635e+01   5.7540e-03   7.8134e-03   3.1773e+02
20251209_14:00:00   7.9223e-01   1.5080e+02   1.2680e+01   2.6340e-03   3.9974e-02   3.1901e+02
20251209_15:00:00   7.9376e-01   1.5086e+02   1.2833e+01   1.2424e-03   4.1572e-02   3.1881e+02
20251209_16:00:00   8.1902e-01   1.5369e+02   1.3319e+01   3.4460e-04   6.0320e-02   3.1813e+02
20251209_17:00:00   8.4988e-01   1.5717e+02   1.3851e+01   0.0000e+00   7.2381e-02   3.1972e+02
20251209_18:00:00   8.8195e-01   1.6080e+02   1.4367e+01   0.0000e+00   1.0689e-01   3.2161e+02
20251209_19:00:00   9.1429e-01   1.6440e+02   1.4883e+01   0.0000e+00   4.5106e-02   3.2293e+02
20251209_20:00:00   9.8644e-01   1.7180e+02   1.5895e+01   8.5710e-06   2.2114e-01   3.2282e+02
20251209_21:00:00   1.0697e+00   1.7979e+02   1.7128e+01   0.0000e+00   1.6103e-01   3.2027e+02
20251209_22:00:00   1.1524e+00   1.8715e+02   1.8256e+01   5.1740e-06   3.1461e-01   3.1775e+02
20251209_23:00:00   1.2228e+00   1.9296e+02   1.9155e+01   1.0875e-03   2.5063e-01   3.1370e+02
20251210_00:00:00   1.6865e+00   2.2228e+02   2.0046e+01   1.6502e-01   2.9581e-01   3.1179e+02
20251210_01:00:00   1.6840e+00   2.2240e+02   2.0755e+01   1.3688e-01   4.7224e-01   3.1050e+02
20251210_02:00:00   1.7277e+00   2.2462e+02   2.1087e+01   1.4681e-01   3.8018e-01   3.1207e+02
20251210_03:00:00   1.6711e+00   2.2200e+02   2.1141e+01   1.2198e-01   3.1204e-01   3.1185e+02
20251210_04:00:00   1.5836e+00   2.1760e+02   2.0938e+01   9.3749e-02   1.9648e-01   3.1212e+02
20251210_05:00:00   1.6696e+00   2.2244e+02   2.0718e+01   1.3221e-01   1.9384e-01   3.0839e+02
20251210_06:00:00   1.7327e+00   2.2571e+02   2.0668e+01   1.5788e-01   2.8096e-01   3.0634e+02
20251210_09:00:00   1.5819e+00   2.1847e+02   2.0285e+01   1.0476e-01   3.3446e-01   3.0867e+02
20251210_12:00:00   1.6498e+00   2.2198e+02   1.9609e+01   1.5225e-01   3.1865e-01   3.1146e+02
20251210_15:00:00   1.4387e+00   2.0934e+02   1.8664e+01   8.9308e-02   3.1029e-01   3.2004e+02
20251210_18:00:00   1.5148e+00   2.1382e+02   1.6901e+01   1.5963e-01   4.8410e-01   3.3257e+02
20251210_21:00:00   8.9430e-01   1.6334e+02   1.1821e+01   2.9931e-02   3.6627e-04   3.5485e+02
20251211_00:00:00   5.0636e-01   1.1120e+02   7.3607e+00   7.9920e-06   0.0000e+00   3.6250e+02
20251211_03:00:00   4.3270e-01   9.8395e+01   6.1964e+00   0.0000e+00   0.0000e+00   3.6510e+02
20251211_06:00:00   4.2027e-01   9.5663e+01   5.9567e+00   0.0000e+00   0.0000e+00   3.5953e+02
20251211_09:00:00   4.5564e-01   1.0103e+02   6.5327e+00   0.0000e+00   5.9070e-04   3.5066e+02
20251211_12:00:00   4.7271e-01   1.0357e+02   6.7947e+00   0.0000e+00   2.5495e-02   3.5039e+02
20251211_15:00:00   4.8958e-01   1.0601e+02   7.1391e+00   0.0000e+00   3.4502e-02   3.6072e+02
20251211_18:00:00   5.2249e-01   1.1088e+02   7.9654e+00   0.0000e+00   3.7211e-02   3.4183e+02
20251211_21:00:00   5.3472e-01   1.1286e+02   8.2642e+00   0.0000e+00   8.4777e-02   3.3868e+02
20251212_00:00:00   6.5049e-01   1.2926e+02   1.0413e+01   0.0000e+00   6.1987e-02   3.3672e+02
20251212_03:00:00   7.4935e-01   1.4191e+02   1.1998e+01   0.0000e+00   1.9258e-01   3.2593e+02
20251212_06:00:00   8.4310e-01   1.5307e+02   1.3430e+01   0.0000e+00   2.4295e-01   3.2107e+02
20251212_09:00:00   9.8786e-01   1.6847e+02   1.5370e+01   0.0000e+00   7.2411e-01   3.1393e+02
20251212_12:00:00   1.0146e+00   1.7145e+02   1.5889e+01   0.0000e+00   5.0153e-01   3.0699e+02
20251212_15:00:00   1.0513e+00   1.7539e+02   1.6460e+01   5.2174e-06   4.0443e-01   3.0587e+02
20251212_18:00:00   1.1427e+00   1.8406e+02   1.7263e+01   1.5232e-02   4.2561e-01   3.0551e+02
20251212_21:00:00   1.2382e+00   1.9258e+02   1.7767e+01   4.2305e-02   2.2948e-01   2.9753e+02
20251213_00:00:00   1.2236e+00   1.9197e+02   1.7606e+01   4.1740e-02   9.7874e-02   2.9614e+02
20251213_03:00:00   1.3495e+00   2.0116e+02   1.6496e+01   1.2365e-01   6.1203e-02   2.9153e+02
20251213_06:00:00   1.1841e+00   1.8816e+02   1.5670e+01   7.4825e-02   1.3460e-01   2.9875e+02
20251213_09:00:00   9.6777e-01   1.6796e+02   1.4483e+01   1.2149e-02   1.5667e-01   3.0168e+02
20251213_12:00:00   8.3066e-01   1.5345e+02   1.1251e+01   3.0537e-02   2.0547e-01   3.1518e+02
20251213_15:00:00   7.6662e-01   1.4611e+02   9.3020e+00   4.1500e-02   1.1213e-02   3.2643e+02
20251213_18:00:00   5.6013e-01   1.1789e+02   7.4032e+00   9.2419e-03   3.6906e-04   3.2470e+02
20251213_21:00:00   5.2266e-01   1.1193e+02   7.2239e+00   1.8727e-03   2.6663e-04   3.2007e+02
20251214_00:00:00   4.8781e-01   1.0581e+02   6.8194e+00   1.3016e-04   2.0616e-03   3.2736e+02
20251214_03:00:00   5.2757e-01   1.1162e+02   6.6251e+00   2.1661e-02   6.3706e-04   3.3697e+02
20251214_06:00:00   4.9270e-01   1.0587e+02   6.5886e+00   6.5370e-03   2.2013e-03   3.3079e+02
20251214_09:00:00   3.9062e-01   8.8422e+01   5.3950e+00   0.0000e+00   4.6946e-05   3.1858e+02
20251214_12:00:00   3.5093e-01   8.0744e+01   5.0099e+00   0.0000e+00   4.0300e-05   3.1139e+02
20251214_15:00:00   3.4901e-01   8.0072e+01   5.1157e+00   0.0000e+00   3.0237e-03   3.0087e+02
20251214_18:00:00   3.6443e-01   8.3007e+01   5.4310e+00   0.0000e+00   8.7854e-06   3.0398e+02
20251214_21:00:00   3.9189e-01   8.8091e+01   5.9772e+00   0.0000e+00   2.2192e-04   3.0331e+02
20251215_00:00:00   4.2533e-01   9.3645e+01   6.6712e+00   0.0000e+00   3.9773e-03   2.9346e+02
20251215_03:00:00   4.6137e-01   9.9570e+01   7.4099e+00   0.0000e+00   7.5256e-03   2.9179e+02
20251215_06:00:00   4.5899e-01   9.9268e+01   7.5126e+00   0.0000e+00   4.7134e-03   2.9368e+02
20251215_09:00:00   4.6576e-01   1.0030e+02   7.8604e+00   0.0000e+00   8.6224e-03   2.9372e+02
20251215_12:00:00   5.6378e-01   1.1554e+02   9.7446e+00   0.0000e+00   3.5261e-02   2.9006e+02
20251215_15:00:00   6.6144e-01   1.2968e+02   1.1281e+01   0.0000e+00   2.4900e-01   2.8626e+02
20251215_18:00:00   6.8037e-01   1.3253e+02   1.1720e+01   0.0000e+00   8.4705e-02   2.9087e+02
20251215_21:00:00   7.4650e-01   1.4143e+02   1.2848e+01   0.0000e+00   3.6244e-02   2.9422e+02
20251216_00:00:00   7.7394e-01   1.4507e+02   1.3320e+01   0.0000e+00   1.4858e-01   2.9762e+02
20251216_03:00:00   8.0647e-01   1.4905e+02   1.3884e+01   0.0000e+00   2.4793e-01   2.9458e+02
20251216_06:00:00   7.6527e-01   1.4409e+02   1.3197e+01   0.0000e+00   1.9829e-01   2.9663e+02
20251216_09:00:00   8.2482e-01   1.5136e+02   1.4164e+01   0.0000e+00   1.0250e-02   2.9504e+02
20251216_12:00:00   8.0907e-01   1.4935e+02   1.3888e+01   0.0000e+00   1.1236e-01   2.9065e+02
20251216_15:00:00   1.0557e+00   1.7536e+02   1.7110e+01   0.0000e+00   4.9335e-01   2.9850e+02
20251216_18:00:00   1.1457e+00   1.8335e+02   1.7787e+01   9.6800e-03   4.4957e-01   3.0343e+02
20251216_21:00:00   1.1337e+00   1.8292e+02   1.6204e+01   4.1855e-02   1.6148e-01   3.0579e+02
20251217_00:00:00   1.2923e+00   1.9590e+02   1.3825e+01   1.5994e-01   1.0020e-01   3.0813e+02
20251217_03:00:00   1.4128e+00   2.0401e+02   1.3338e+01   2.2088e-01   6.4958e-02   3.1675e+02
20251217_06:00:00   9.6081e-01   1.6713e+02   1.2794e+01   4.4298e-02   4.4875e-02   3.2084e+02
20251217_09:00:00   8.5639e-01   1.5563e+02   1.2666e+01   1.1233e-02   3.5810e-02   3.2232e+02
20251217_12:00:00   8.5162e-01   1.5505e+02   1.2445e+01   1.4800e-02   5.7196e-02   3.2544e+02
20251217_15:00:00   9.3746e-01   1.6450e+02   1.2209e+01   5.3831e-02   2.0156e-02   3.2721e+02
20251217_18:00:00   9.3999e-01   1.6511e+02   1.2036e+01   5.6276e-02   8.3099e-03   3.2743e+02
20251217_21:00:00   1.0358e+00   1.7459e+02   1.3474e+01   5.5789e-02   1.2360e-01   3.3682e+02
20251218_00:00:00   1.2081e+00   1.8975e+02   1.3724e+01   1.1760e-01   1.9489e-02   3.4346e+02
20251218_03:00:00   9.7219e-01   1.6903e+02   1.1865e+01   6.4407e-02   8.3241e-03   3.6011e+02
20251218_06:00:00   8.0679e-01   1.5087e+02   1.0177e+01   4.1459e-02   1.2940e-03   3.5782e+02
20251218_09:00:00   8.1488e-01   1.5194e+02   1.0462e+01   3.2896e-02   5.9238e-03   3.5688e+02
20251218_12:00:00   8.0725e-01   1.5096e+02   9.8276e+00   4.8240e-02   4.7460e-04   3.5652e+02
20251218_15:00:00   8.6896e-01   1.5763e+02   9.8732e+00   7.4404e-02   1.5471e-03   3.5863e+02
20251218_18:00:00   7.6032e-01   1.4529e+02   9.7021e+00   3.1003e-02   1.8671e-03   3.6806e+02
20251218_21:00:00   7.0296e-01   1.3817e+02   1.0027e+01   8.2860e-04   1.0479e-03   3.8093e+02
20251219_00:00:00   6.7967e-01   1.3463e+02   9.8286e+00   3.9240e-05   2.3237e-02   3.8224e+02
20251219_03:00:00   6.7818e-01   1.3390e+02   9.9149e+00   1.9702e-05   2.7429e-02   3.7179e+02
20251219_06:00:00   7.2974e-01   1.4030e+02   1.0673e+01   8.1716e-04   2.3846e-02   3.5129e+02
20251219_09:00:00   6.9050e-01   1.3514e+02   1.0101e+01   2.3380e-04   8.7542e-03   3.5335e+02
20251219_12:00:00   6.3439e-01   1.2745e+02   9.2820e+00   1.9110e-04   4.9152e-03   3.5172e+02
20251219_15:00:00   6.3690e-01   1.2745e+02   9.4066e+00   0.0000e+00   5.0222e-03   3.5770e+02
20251219_18:00:00   6.6388e-01   1.3119e+02   9.7877e+00   0.0000e+00   1.5825e-02   3.6829e+02
20251219_21:00:00   6.3780e-01   1.2823e+02   9.3007e+00   0.0000e+00   1.1507e-03   3.6889e+02
20251220_00:00:00   5.6603e-01   1.1782e+02   8.1418e+00   0.0000e+00   1.9506e-05   3.5725e+02
20251220_03:00:00   5.6705e-01   1.1761e+02   7.9899e+00   3.7300e-03   9.5978e-04   3.6119e+02
20251220_06:00:00   5.2806e-01   1.1175e+02   7.4833e+00   9.2350e-04   1.0139e-04   3.6222e+02
20251220_09:00:00   4.6628e-01   1.0171e+02   6.6317e+00   1.5808e-04   7.9568e-05   3.6041e+02
20251220_12:00:00   4.3222e-01   9.5895e+01   6.1322e+00   4.7340e-04   7.2379e-05   3.6062e+02
20251220_15:00:00   4.1513e-01   9.2765e+01   5.9148e+00   3.6340e-04   6.5556e-05   3.6413e+02
20251220_18:00:00   4.2780e-01   9.5006e+01   6.1286e+00   0.0000e+00   3.0329e-05   3.7260e+02
20251220_21:00:00   4.3717e-01   9.6935e+01   6.2542e+00   0.0000e+00   5.7391e-06   3.6265e+02
20251221_00:00:00   4.4294e-01   9.7590e+01   6.3760e+00   0.0000e+00   2.4755e-04   3.6827e+02
20251221_03:00:00   4.6041e-01   1.0035e+02   6.5644e+00   0.0000e+00   3.1239e-04   3.7227e+02
20251221_06:00:00   4.9115e-01   1.0499e+02   7.0103e+00   0.0000e+00   1.3609e-04   3.7552e+02
