#            date       tau255        Tb[K]      pwv[mm] lwp[kg*m^-2] iwp[kg*m^-2]       o3[DU]
20251211_18:00:00   1.1134e+00   1.8549e+02   1.8092e+01   0.0000e+00   9.4635e-03   3.0435e+02
20251211_19:00:00   1.0936e+00   1.8377e+02   1.7878e+01   0.0000e+00   6.9225e-03   3.0499e+02
20251211_20:00:00   1.0856e+00   1.8309e+02   1.7784e+01   0.0000e+00   5.1208e-03   3.0550e+02
20251211_21:00:00   1.1030e+00   1.8455e+02   1.8077e+01   0.0000e+00   1.0860e-02   3.0751e+02
20251211_22:00:00   1.1267e+00   1.8671e+02   1.8353e+01   0.0000e+00   6.5582e-03   3.1049e+02
20251211_23:00:00   1.1479e+00   1.8858e+02   1.8523e+01   0.0000e+00   3.1346e-02   3.1284e+02
20251212_00:00:00   1.2064e+00   1.9328e+02   1.9392e+01   0.0000e+00   1.1585e-02   3.1253e+02
20251212_01:00:00   1.2353e+00   1.9552e+02   1.9824e+01   0.0000e+00   2.4256e-02   3.1473e+02
20251212_02:00:00   1.2629e+00   1.9765e+02   2.0095e+01   4.9740e-05   5.5771e-03   3.1119e+02
20251212_03:00:00   1.2666e+00   1.9803e+02   1.9994e+01   1.6966e-04   1.3199e-03   3.0881e+02
20251212_04:00:00   1.4331e+00   2.0948e+02   2.0649e+01   4.9725e-02   2.2130e-03   3.1761e+02
20251212_05:00:00   1.7741e+00   2.2819e+02   2.0576e+01   1.8909e-01   8.2681e-03   3.2920e+02
20251212_06:00:00   1.8862e+00   2.3316e+02   2.0437e+01   2.3480e-01   3.7587e-03   3.3181e+02
20251212_07:00:00   2.0820e+00   2.4060e+02   2.0295e+01   3.1606e-01   8.5423e-03   3.3275e+02
20251212_08:00:00   2.0929e+00   2.4112e+02   1.8640e+01   3.5742e-01   3.3315e-03   3.3206e+02
20251212_09:00:00   2.1955e+00   2.4439e+02   1.7781e+01   4.1939e-01   4.3984e-03   3.2165e+02
20251212_10:00:00   1.7697e+00   2.2846e+02   1.7404e+01   2.5088e-01   3.3030e-03   3.1544e+02
20251212_11:00:00   1.2320e+00   1.9593e+02   1.7491e+01   2.7412e-02   3.1354e-03   3.1541e+02
20251212_12:00:00   1.4448e+00   2.1095e+02   1.8079e+01   9.6738e-02   5.2417e-03   3.1754e+02
20251212_13:00:00   1.7474e+00   2.2747e+02   1.8773e+01   2.0463e-01   1.2500e-02   3.1826e+02
20251212_14:00:00   2.0246e+00   2.3913e+02   1.9363e+01   3.0382e-01   7.8999e-03   3.1841e+02
20251212_15:00:00   2.1827e+00   2.4451e+02   1.8469e+01   3.8780e-01   2.1138e-02   3.2055e+02
20251212_16:00:00   2.1499e+00   2.4354e+02   1.8360e+01   3.7741e-01   6.8794e-03   3.1974e+02
20251212_17:00:00   1.7836e+00   2.2954e+02   1.8352e+01   2.3151e-01   4.0208e-03   3.1486e+02
20251212_18:00:00   1.3245e+00   2.0314e+02   1.8659e+01   4.2009e-02   4.8836e-04   3.1118e+02
20251212_19:00:00   1.2893e+00   2.0060e+02   1.8664e+01   3.0146e-02   2.1432e-03   3.0942e+02
20251212_20:00:00   1.1793e+00   1.9238e+02   1.8185e+01   1.6350e-04   7.3181e-04   3.1096e+02
20251212_21:00:00   1.1613e+00   1.9115e+02   1.7795e+01   2.7160e-05   1.5181e-03   3.1230e+02
20251212_22:00:00   1.1382e+00   1.8934e+02   1.7322e+01   0.0000e+00   1.2248e-03   3.1473e+02
20251212_23:00:00   1.1409e+00   1.8953e+02   1.7406e+01   0.0000e+00   1.7167e-03   3.1017e+02
20251213_00:00:00   1.1242e+00   1.8804e+02   1.7044e+01   0.0000e+00   2.4719e-03   3.0223e+02
20251213_01:00:00   1.1247e+00   1.8798e+02   1.7140e+01   0.0000e+00   4.5754e-03   2.9750e+02
20251213_02:00:00   1.1161e+00   1.8723e+02   1.7103e+01   0.0000e+00   3.1218e-03   2.9782e+02
20251213_03:00:00   1.1071e+00   1.8644e+02   1.6878e+01   0.0000e+00   1.9147e-03   2.9292e+02
20251213_04:00:00   1.1037e+00   1.8624e+02   1.6853e+01   1.1770e-04   2.9906e-03   2.8680e+02
20251213_05:00:00   1.1039e+00   1.8621e+02   1.6863e+01   0.0000e+00   2.9184e-03   2.8492e+02
20251213_06:00:00   1.1070e+00   1.8649e+02   1.7101e+01   0.0000e+00   5.0476e-03   2.8461e+02
20251213_07:00:00   1.0717e+00   1.8342e+02   1.6408e+01   0.0000e+00   3.1526e-03   2.8085e+02
20251213_08:00:00   1.0626e+00   1.8254e+02   1.6268e+01   0.0000e+00   3.5033e-03   2.8045e+02
20251213_09:00:00   1.0369e+00   1.8006e+02   1.5790e+01   3.6220e-06   2.9174e-03   2.8270e+02
20251213_10:00:00   1.0146e+00   1.7787e+02   1.5452e+01   6.2080e-06   2.6359e-03   2.8332e+02
20251213_11:00:00   1.0030e+00   1.7672e+02   1.5205e+01   2.7940e-05   2.8411e-02   2.8092e+02
20251213_12:00:00   9.6807e-01   1.7319e+02   1.4506e+01   0.0000e+00   5.5239e-02   2.8036e+02
20251213_13:00:00   9.2233e-01   1.6834e+02   1.3722e+01   0.0000e+00   2.5319e-02   2.8197e+02
20251213_14:00:00   8.9971e-01   1.6582e+02   1.3380e+01   0.0000e+00   2.7782e-02   2.8223e+02
20251213_15:00:00   8.8938e-01   1.6464e+02   1.3214e+01   0.0000e+00   2.0073e-02   2.8382e+02
20251213_16:00:00   8.8507e-01   1.6411e+02   1.3142e+01   0.0000e+00   1.8026e-02   2.8292e+02
20251213_17:00:00   8.6978e-01   1.6251e+02   1.2843e+01   0.0000e+00   2.2260e-02   2.8149e+02
20251213_18:00:00   8.4855e-01   1.6026e+02   1.2464e+01   0.0000e+00   1.7968e-02   2.7776e+02
20251213_19:00:00   8.3522e-01   1.5893e+02   1.2277e+01   0.0000e+00   1.6058e-02   2.7464e+02
20251213_20:00:00   8.2782e-01   1.5818e+02   1.2187e+01   0.0000e+00   5.0152e-03   2.7695e+02
20251213_21:00:00   8.2685e-01   1.5820e+02   1.2179e+01   0.0000e+00   1.9966e-03   2.7900e+02
20251213_22:00:00   8.2236e-01   1.5779e+02   1.2106e+01   0.0000e+00   1.8105e-04   2.7953e+02
20251213_23:00:00   8.3376e-01   1.5913e+02   1.2256e+01   0.0000e+00   3.6817e-05   2.8125e+02
20251214_00:00:00   8.3871e-01   1.5959e+02   1.2360e+01   0.0000e+00   2.6317e-03   2.8172e+02
20251214_01:00:00   8.5359e-01   1.6115e+02   1.2679e+01   0.0000e+00   1.6331e-02   2.8354e+02
20251214_02:00:00   8.7972e-01   1.6393e+02   1.3217e+01   9.4160e-05   1.7514e-02   2.8757e+02
20251214_03:00:00   9.0004e-01   1.6608e+02   1.3600e+01   1.5692e-04   2.3148e-02   2.8813e+02
20251214_04:00:00   9.1419e-01   1.6751e+02   1.3902e+01   5.7824e-04   4.2278e-02   2.8956e+02
20251214_05:00:00   9.3213e-01   1.6929e+02   1.4300e+01   1.1417e-03   3.6337e-02   2.9116e+02
20251214_06:00:00   9.5277e-01   1.7129e+02   1.4821e+01   6.8364e-04   7.6003e-03   2.9279e+02
20251214_07:00:00   9.6265e-01   1.7218e+02   1.5057e+01   1.8790e-03   5.1815e-02   2.9573e+02
20251214_08:00:00   9.0044e-01   1.6605e+02   1.3648e+01   1.6392e-03   1.7220e-03   2.9777e+02
20251214_09:00:00   8.8150e-01   1.6394e+02   1.3274e+01   2.5483e-03   2.0845e-03   2.9952e+02
20251214_10:00:00   8.7174e-01   1.6282e+02   1.3041e+01   4.6490e-03   2.1829e-03   2.9917e+02
20251214_11:00:00   8.9350e-01   1.6499e+02   1.3470e+01   6.8460e-03   2.6448e-04   2.9703e+02
20251214_12:00:00   9.5302e-01   1.7106e+02   1.4455e+01   9.8300e-03   5.8631e-03   2.9801e+02
20251214_13:00:00   9.2226e-01   1.6773e+02   1.4099e+01   6.6700e-03   1.3307e-02   2.9716e+02
20251214_14:00:00   9.6097e-01   1.7146e+02   1.4988e+01   4.8690e-03   7.0382e-02   2.9796e+02
20251214_15:00:00   9.7271e-01   1.7264e+02   1.5293e+01   2.1089e-03   4.3793e-02   2.9894e+02
20251214_16:00:00   1.0614e+00   1.8104e+02   1.7043e+01   4.0980e-04   8.4415e-03   2.9878e+02
20251214_17:00:00   1.1553e+00   1.8932e+02   1.8529e+01   9.1140e-04   3.8497e-03   2.9821e+02
20251214_18:00:00   1.1913e+00   1.9252e+02   1.8728e+01   5.8790e-03   6.0137e-04   2.9897e+02
20251214_19:00:00   1.2667e+00   1.9859e+02   2.0059e+01   1.0445e-03   5.1411e-03   2.9820e+02
20251214_20:00:00   1.3015e+00   2.0137e+02   2.0604e+01   2.0009e-04   5.4756e-03   2.9911e+02
20251214_21:00:00   1.2342e+00   1.9638e+02   1.9617e+01   0.0000e+00   4.5268e-03   3.0006e+02
20251214_22:00:00   1.2291e+00   1.9593e+02   1.9515e+01   0.0000e+00   9.1294e-03   2.9998e+02
20251214_23:00:00   1.1806e+00   1.9207e+02   1.8754e+01   0.0000e+00   7.8754e-03   3.0118e+02
20251215_00:00:00   1.2071e+00   1.9404e+02   1.9199e+01   0.0000e+00   1.2980e-02   3.0056e+02
20251215_01:00:00   1.1594e+00   1.9013e+02   1.8423e+01   0.0000e+00   3.3116e-02   2.9963e+02
20251215_02:00:00   1.1763e+00   1.9155e+02   1.8604e+01   0.0000e+00   2.6147e-02   2.9861e+02
20251215_03:00:00   1.2555e+00   1.9777e+02   1.9852e+01   1.1640e-05   2.0415e-02   2.9712e+02
20251215_04:00:00   1.2742e+00   1.9933e+02   1.9913e+01   1.0218e-04   3.0092e-02   2.9691e+02
20251215_05:00:00   1.3909e+00   2.0758e+02   2.1556e+01   6.1940e-03   2.1882e-02   2.9684e+02
20251215_06:00:00   1.3496e+00   2.0485e+02   2.1063e+01   0.0000e+00   2.1801e-03   2.9554e+02
20251215_07:00:00   1.8944e+00   2.3421e+02   2.1349e+01   2.1418e-01   4.0568e-03   2.9362e+02
20251215_08:00:00   2.3403e+00   2.4908e+02   2.1982e+01   3.8109e-01   2.2303e-02   2.9225e+02
20251215_09:00:00   1.4605e+00   2.1208e+02   2.2768e+01   2.8160e-03   1.4172e-02   2.9131e+02
20251215_10:00:00   1.5535e+00   2.1760e+02   2.3447e+01   2.4503e-02   8.8006e-02   2.9071e+02
20251215_11:00:00   1.4710e+00   2.1260e+02   2.3160e+01   6.7078e-04   2.1416e-02   2.9069e+02
20251215_12:00:00   1.5240e+00   2.1559e+02   2.3529e+01   9.4485e-03   3.0864e-01   2.8878e+02
20251215_13:00:00   1.5072e+00   2.1466e+02   2.3194e+01   1.3571e-02   2.1869e-01   2.8945e+02
20251215_14:00:00   1.5098e+00   2.1472e+02   2.2476e+01   3.7910e-02   6.3373e-02   2.8751e+02
20251215_15:00:00   1.4128e+00   2.0845e+02   2.1936e+01   1.4804e-02   1.7375e-02   2.8807e+02
20251215_16:00:00   1.6152e+00   2.2045e+02   2.2078e+01   9.5120e-02   4.8529e-02   2.8798e+02
20251215_17:00:00   1.7851e+00   2.2895e+02   2.1825e+01   1.7122e-01   4.9730e-02   2.9000e+02
20251215_18:00:00   2.0516e+00   2.3934e+02   2.2330e+01   2.6520e-01   2.6936e-01   2.9214e+02
20251215_19:00:00   2.1421e+00   2.4280e+02   1.8648e+01   3.7597e-01   2.6144e-02   2.9456e+02
20251215_20:00:00   2.4261e+00   2.5099e+02   1.9391e+01   4.7075e-01   3.6302e-02   2.9761e+02
20251215_21:00:00   2.5626e+00   2.5418e+02   1.8603e+01   5.3817e-01   1.9062e-02   3.0459e+02
20251215_22:00:00   1.5151e+00   2.1594e+02   1.7181e+01   1.4045e-01   1.9478e-04   3.1165e+02
20251215_23:00:00   1.2130e+00   1.9511e+02   1.7628e+01   1.4363e-02   1.2320e-04   3.1910e+02
20251216_00:00:00   2.2864e+00   2.4776e+02   1.9622e+01   4.0108e-01   2.2344e-02   3.2240e+02
20251216_01:00:00   1.9734e+00   2.3779e+02   2.1136e+01   2.3116e-01   1.0352e-01   3.2553e+02
20251216_02:00:00   1.4941e+00   2.1490e+02   1.9411e+01   7.6468e-02   1.1004e-02   3.2784e+02
20251216_03:00:00   1.6584e+00   2.2394e+02   1.9205e+01   1.4715e-01   1.3202e-02   3.3130e+02
20251216_04:00:00   1.5529e+00   2.1833e+02   1.8238e+01   1.3099e-01   5.0872e-03   3.3228e+02
20251216_05:00:00   1.2952e+00   2.0171e+02   1.8760e+01   1.3657e-02   1.6164e-03   3.3476e+02
20251216_06:00:00   1.3164e+00   2.0319e+02   1.8912e+01   1.4231e-02   2.5575e-02   3.3474e+02
20251216_07:00:00   1.0062e+00   1.7736e+02   1.4098e+01   9.1158e-03   4.9132e-05   3.3560e+02
20251216_08:00:00   6.9236e-01   1.4131e+02   9.6302e+00   1.4923e-03   0.0000e+00   3.3686e+02
20251216_09:00:00   5.2636e-01   1.1664e+02   7.5199e+00   0.0000e+00   0.0000e+00   3.3911e+02
20251216_10:00:00   4.4483e-01   1.0293e+02   6.4169e+00   0.0000e+00   0.0000e+00   3.4533e+02
20251216_11:00:00   4.2676e-01   9.9507e+01   6.1352e+00   0.0000e+00   0.0000e+00   3.5187e+02
20251216_12:00:00   4.2296e-01   9.8612e+01   6.0136e+00   0.0000e+00   0.0000e+00   3.5414e+02
20251216_13:00:00   4.3528e-01   1.0053e+02   6.1604e+00   0.0000e+00   0.0000e+00   3.5523e+02
20251216_14:00:00   4.5096e-01   1.0303e+02   6.4389e+00   0.0000e+00   0.0000e+00   3.5068e+02
20251216_15:00:00   5.6161e-01   1.1995e+02   8.6679e+00   0.0000e+00   5.9194e-04   3.4309e+02
20251216_16:00:00   6.4364e-01   1.3145e+02   1.0075e+01   0.0000e+00   4.1505e-05   3.3871e+02
20251216_17:00:00   7.2625e-01   1.4207e+02   1.1471e+01   0.0000e+00   9.1137e-03   3.3806e+02
20251216_18:00:00   8.1484e-01   1.5277e+02   1.2700e+01   0.0000e+00   2.9610e-01   3.3323e+02
20251216_21:00:00   8.3335e-01   1.5586e+02   1.2743e+01   0.0000e+00   2.7235e-04   3.3047e+02
20251217_00:00:00   1.1771e+00   1.8949e+02   1.5583e+01   5.9003e-02   1.1684e-01   3.3635e+02
20251217_03:00:00   1.8515e+00   2.3157e+02   1.6513e+01   2.9709e-01   1.3353e-01   3.4311e+02
20251217_06:00:00   4.7885e-01   1.0664e+02   7.1361e+00   6.7885e-04   1.6293e-02   3.6323e+02
20251217_09:00:00   4.5756e-01   1.0218e+02   6.7409e+00   0.0000e+00   7.3081e-05   3.7920e+02
20251217_12:00:00   5.4374e-01   1.1564e+02   7.8117e+00   0.0000e+00   2.2356e-05   3.6529e+02
20251217_15:00:00   5.2316e-01   1.1262e+02   7.5681e+00   0.0000e+00   0.0000e+00   3.4948e+02
20251217_18:00:00   6.2523e-01   1.2765e+02   9.1820e+00   0.0000e+00   1.8098e-02   3.4162e+02
20251217_21:00:00   6.4673e-01   1.3106e+02   9.5687e+00   0.0000e+00   3.6901e-04   3.4115e+02
20251218_00:00:00   7.1432e-01   1.4019e+02   1.0436e+01   0.0000e+00   2.8582e-02   3.5406e+02
20251218_03:00:00   7.4998e-01   1.4450e+02   1.0921e+01   2.0800e-04   1.1393e-02   3.7182e+02
20251218_06:00:00   7.7945e-01   1.4793e+02   1.0796e+01   1.6528e-02   6.4673e-02   3.6784e+02
20251218_09:00:00   1.2411e+00   1.9269e+02   1.2294e+01   1.6046e-01   5.5293e-01   3.8473e+02
20251218_12:00:00   2.0488e+00   2.3698e+02   1.1180e+01   5.3061e-01   6.6446e-02   3.9129e+02
20251218_15:00:00   1.4963e+00   2.1160e+02   9.7958e+00   3.3448e-01   5.6425e-03   4.0412e+02
20251218_18:00:00   8.6371e-01   1.5812e+02   1.0619e+01   4.7796e-02   1.2894e-02   4.3028e+02
20251218_21:00:00   7.0023e-01   1.3823e+02   1.0034e+01   3.5940e-03   6.1899e-03   4.4120e+02
20251219_00:00:00   5.9523e-01   1.2395e+02   8.6232e+00   0.0000e+00   2.5170e-05   4.2580e+02
20251219_03:00:00   6.0042e-01   1.2417e+02   8.7322e+00   0.0000e+00   1.1024e-02   3.8323e+02
20251219_06:00:00   5.8564e-01   1.2169e+02   8.4112e+00   0.0000e+00   2.3293e-04   3.6588e+02
20251219_09:00:00   5.3911e-01   1.1461e+02   7.6712e+00   0.0000e+00   1.9615e-06   3.7708e+02
20251219_12:00:00   5.7801e-01   1.1989e+02   8.2801e+00   0.0000e+00   3.3283e-05   3.8452e+02
20251219_15:00:00   6.5176e-01   1.3004e+02   9.2867e+00   1.1993e-03   3.9674e-02   3.8579e+02
20251219_18:00:00   8.7893e-01   1.5824e+02   1.0578e+01   5.3828e-02   2.2326e-01   3.9962e+02
20251219_21:00:00   8.0956e-01   1.5061e+02   1.0674e+01   2.0065e-02   1.9063e-01   4.0554e+02
20251220_00:00:00   6.7477e-01   1.3384e+02   9.1967e+00   9.3484e-03   4.3495e-02   3.9340e+02
20251220_03:00:00   5.8521e-01   1.2110e+02   8.1915e+00   3.7205e-04   3.4628e-03   4.0226e+02
20251220_06:00:00   5.7828e-01   1.1985e+02   8.1662e+00   1.2856e-05   1.6033e-02   3.9095e+02
20251220_09:00:00   5.2863e-01   1.1227e+02   7.4897e+00   0.0000e+00   2.4789e-03   4.0336e+02
20251220_12:00:00   4.7865e-01   1.0433e+02   6.7121e+00   2.1320e-05   1.8821e-05   3.8640e+02
20251220_15:00:00   4.4565e-01   9.8685e+01   6.2447e+00   0.0000e+00   6.1965e-06   3.9627e+02
20251220_18:00:00   4.7475e-01   1.0333e+02   6.8282e+00   0.0000e+00   2.3332e-04   3.8058e+02
20251220_21:00:00   5.8625e-01   1.2039e+02   8.4919e+00   0.0000e+00   1.4563e-01   3.6442e+02
20251221_00:00:00   6.6160e-01   1.3103e+02   9.5751e+00   0.0000e+00   1.8226e-02   3.5802e+02
20251221_03:00:00   7.6213e-01   1.4406e+02   1.0426e+01   1.5518e-02   8.1324e-02   3.5890e+02
20251221_06:00:00   8.2274e-01   1.5146e+02   1.1143e+01   2.0726e-02   7.0621e-02   3.4138e+02
20251221_09:00:00   9.4005e-01   1.6434e+02   1.1952e+01   5.3545e-02   6.2202e-02   3.3475e+02
20251221_12:00:00   1.0663e+00   1.7653e+02   1.2773e+01   8.7580e-02   3.1239e-01   3.2258e+02
20251221_15:00:00   9.0896e-01   1.6070e+02   1.3519e+01   0.0000e+00   7.4374e-01   3.3143e+02
20251221_18:00:00   9.3809e-01   1.6398e+02   1.3795e+01   6.4060e-03   6.8915e-01   3.4522e+02
20251221_21:00:00   9.9091e-01   1.6960e+02   1.4715e+01   5.3181e-03   8.9566e-01   3.3442e+02
20251222_00:00:00   1.0340e+00   1.7422e+02   1.4883e+01   2.3311e-02   3.0273e-01   3.3281e+02
20251222_03:00:00   1.5411e+00   2.1275e+02   1.4656e+01   2.4581e-01   4.3427e-02   3.3765e+02
20251222_06:00:00   1.5417e+00   2.1329e+02   1.3575e+01   2.7090e-01   1.3812e-02   3.2927e+02
20251222_09:00:00   1.5938e+00   2.1623e+02   1.2939e+01   3.0804e-01   2.8948e-02   3.2804e+02
20251222_12:00:00   1.8604e+00   2.2878e+02   1.2215e+01   4.3722e-01   4.4350e-02   3.2288e+02
20251222_15:00:00   1.5577e+00   2.1384e+02   1.0725e+01   3.4002e-01   8.0723e-02   3.3418e+02
20251222_18:00:00   5.2969e-01   1.1350e+02   7.2021e+00   5.7130e-03   7.8012e-05   3.5419e+02
20251222_21:00:00   5.5975e-01   1.1794e+02   7.8909e+00   1.9513e-03   6.8430e-05   3.6696e+02
20251223_00:00:00   4.8914e-01   1.0652e+02   6.9422e+00   0.0000e+00   1.1199e-03   3.6449e+02
20251223_03:00:00   4.9379e-01   1.0636e+02   7.0050e+00   5.6375e-04   4.9807e-05   3.8872e+02
20251223_06:00:00   5.4646e-01   1.1402e+02   7.2488e+00   1.4735e-02   2.2634e-03   4.0119e+02
20251223_09:00:00   4.8883e-01   1.0455e+02   6.9320e+00   4.1140e-04   3.7902e-03   3.9835e+02
20251223_12:00:00   4.3141e-01   9.4608e+01   6.1429e+00   0.0000e+00   3.9140e-03   4.2303e+02
20251223_15:00:00   4.0801e-01   9.0393e+01   5.8282e+00   0.0000e+00   1.9339e-03   4.3305e+02
20251223_18:00:00   4.3550e-01   9.5145e+01   6.1516e+00   7.5160e-04   3.5145e-03   4.2632e+02
20251223_21:00:00   5.2969e-01   1.1009e+02   7.4634e+00   3.5340e-03   5.9289e-02   4.3187e+02
20251224_00:00:00   5.6088e-01   1.1471e+02   7.9199e+00   0.0000e+00   3.2871e-01   4.1631e+02
20251224_03:00:00   5.4203e-01   1.1193e+02   7.7002e+00   0.0000e+00   9.1621e-02   4.2263e+02
20251224_06:00:00   5.0464e-01   1.0611e+02   7.1867e+00   0.0000e+00   3.1823e-03   4.3763e+02
20251224_09:00:00   4.6379e-01   9.9395e+01   6.6551e+00   0.0000e+00   8.2609e-03   4.3042e+02
20251224_12:00:00   4.2999e-01   9.3784e+01   6.1264e+00   0.0000e+00   2.6374e-03   4.0709e+02
20251224_15:00:00   4.0312e-01   8.9378e+01   5.6370e+00   0.0000e+00   4.3042e-03   3.8979e+02
20251224_18:00:00   3.8856e-01   8.7068e+01   5.3194e+00   0.0000e+00   9.8544e-03   3.8807e+02
20251224_21:00:00   3.9189e-01   8.7938e+01   5.3471e+00   0.0000e+00   4.4698e-03   3.8863e+02
20251225_00:00:00   4.2718e-01   9.3650e+01   6.0435e+00   0.0000e+00   1.4357e-03   3.8475e+02
20251225_03:00:00   4.5173e-01   9.7489e+01   6.5133e+00   0.0000e+00   2.2462e-02   3.8553e+02
20251225_06:00:00   4.5215e-01   9.7578e+01   6.5136e+00   0.0000e+00   4.2445e-02   3.9358e+02
20251225_09:00:00   5.1107e-01   1.0691e+02   7.4415e+00   0.0000e+00   7.0840e-02   4.0229e+02
20251225_12:00:00   5.9069e-01   1.1897e+02   8.2436e+00   1.0300e-02   8.6346e-02   4.1434e+02
20251225_15:00:00   6.2068e-01   1.2357e+02   8.8568e+00   1.6073e-03   3.5059e-01   4.2218e+02
20251225_18:00:00   6.8298e-01   1.3237e+02   9.2076e+00   1.9441e-02   3.0554e-01   4.2658e+02
20251225_21:00:00   7.1359e-01   1.3706e+02   9.4430e+00   2.2475e-02   4.3066e-01   4.2484e+02
20251226_00:00:00   5.4906e-01   1.1434e+02   7.8817e+00   1.5778e-03   1.4375e-01   4.1474e+02
20251226_03:00:00   5.1588e-01   1.0923e+02   7.3435e+00   0.0000e+00   1.8099e-02   4.1310e+02
20251226_06:00:00   4.0460e-01   9.0437e+01   5.7740e+00   3.0770e-05   4.3674e-03   3.8288e+02
20251226_09:00:00   4.3900e-01   9.6139e+01   6.1178e+00   2.9223e-03   2.0098e-02   3.9930e+02
20251226_12:00:00   4.9761e-01   1.0566e+02   6.8533e+00   5.2110e-03   4.0707e-02   4.0894e+02
20251226_15:00:00   4.5840e-01   9.9531e+01   6.1465e+00   6.2777e-03   2.0537e-03   4.2078e+02
20251226_18:00:00   3.7709e-01   8.5953e+01   5.1364e+00   0.0000e+00   2.2044e-03   4.2086e+02
20251226_21:00:00   4.6893e-01   1.0145e+02   6.4809e+00   1.4778e-04   1.2454e-01   4.2817e+02
20251227_00:00:00   3.8647e-01   8.7734e+01   5.2329e+00   0.0000e+00   1.4077e-03   4.3929e+02
20251227_03:00:00   3.3213e-01   7.7770e+01   4.4206e+00   2.5726e-03   1.9852e-03   4.2971e+02
20251227_06:00:00   3.4748e-01   8.0002e+01   4.7432e+00   3.5333e-04   5.5579e-03   4.2905e+02
20251227_09:00:00   3.6247e-01   8.2741e+01   4.9284e+00   7.8960e-04   2.3262e-04   4.1564e+02
20251227_12:00:00   3.5075e-01   8.0544e+01   4.6101e+00   4.0941e-03   5.5583e-04   3.9585e+02
20251227_15:00:00   3.4386e-01   7.9155e+01   4.4257e+00   6.5011e-03   2.2302e-03   3.9064e+02
20251227_18:00:00   3.5162e-01   8.0760e+01   4.7437e+00   1.7144e-04   1.1659e-02   3.9350e+02
