#            date       tau255        Tb[K]      pwv[mm] lwp[kg*m^-2] iwp[kg*m^-2]       o3[DU]
20251202_00:00:00   8.6320e-01   1.5769e+02   1.3572e+01   6.9140e-04   4.6174e-03   3.8480e+02
20251202_01:00:00   9.8278e-01   1.6974e+02   1.4799e+01   1.5659e-02   3.2168e-01   3.8965e+02
20251202_02:00:00   8.8264e-01   1.5982e+02   1.3024e+01   1.7758e-02   1.3819e-01   3.9907e+02
20251202_03:00:00   7.5533e-01   1.4562e+02   1.0733e+01   1.3184e-02   2.7391e-04   4.0693e+02
20251202_04:00:00   8.8046e-01   1.6026e+02   1.0185e+01   7.5322e-02   5.2112e-04   4.0940e+02
20251202_05:00:00   9.6889e-01   1.6929e+02   9.7493e+00   1.2549e-01   8.1130e-04   4.1165e+02
20251202_06:00:00   9.7070e-01   1.6918e+02   1.0004e+01   1.2286e-01   1.5011e-03   4.1327e+02
20251202_07:00:00   9.7806e-01   1.6967e+02   9.5541e+00   1.3961e-01   2.6317e-03   4.1136e+02
20251202_08:00:00   1.0618e+00   1.7761e+02   9.8855e+00   1.6666e-01   2.8663e-03   4.1661e+02
20251202_09:00:00   9.1631e-01   1.6331e+02   1.0200e+01   9.5284e-02   1.7754e-03   4.1842e+02
20251202_10:00:00   8.9897e-01   1.6122e+02   1.0920e+01   6.9233e-02   2.3399e-03   4.1723e+02
20251202_11:00:00   7.9935e-01   1.4958e+02   1.1862e+01   3.5865e-03   3.6749e-02   4.1418e+02
20251202_12:00:00   7.7638e-01   1.4693e+02   1.1711e+01   0.0000e+00   1.7874e-03   4.0873e+02
20251202_13:00:00   7.6177e-01   1.4520e+02   1.1391e+01   9.7680e-04   1.2357e-04   4.1241e+02
20251202_14:00:00   7.4884e-01   1.4369e+02   1.1233e+01   2.0240e-04   7.4964e-05   4.1706e+02
20251202_15:00:00   7.3196e-01   1.4158e+02   1.1002e+01   0.0000e+00   3.7100e-04   4.1856e+02
20251202_16:00:00   7.3324e-01   1.4180e+02   1.0984e+01   0.0000e+00   1.2989e-04   4.1508e+02
20251202_17:00:00   7.3588e-01   1.4233e+02   1.1022e+01   0.0000e+00   8.2081e-06   4.1790e+02
20251202_18:00:00   7.2383e-01   1.4106e+02   1.0844e+01   0.0000e+00   1.2287e-05   4.1813e+02
20251202_19:00:00   7.2665e-01   1.4163e+02   1.0902e+01   0.0000e+00   7.2108e-06   4.1148e+02
20251202_20:00:00   7.2323e-01   1.4138e+02   1.0881e+01   0.0000e+00   2.1365e-05   4.1790e+02
20251202_21:00:00   7.1345e-01   1.4032e+02   1.0725e+01   0.0000e+00   3.5859e-06   4.1629e+02
20251202_22:00:00   7.0439e-01   1.3937e+02   1.0498e+01   0.0000e+00   0.0000e+00   4.1848e+02
20251202_23:00:00   7.0039e-01   1.3894e+02   1.0338e+01   0.0000e+00   0.0000e+00   4.1519e+02
20251203_00:00:00   7.1849e-01   1.4114e+02   1.0598e+01   0.0000e+00   0.0000e+00   4.0833e+02
20251203_01:00:00   7.2423e-01   1.4176e+02   1.0691e+01   0.0000e+00   0.0000e+00   4.0321e+02
20251203_02:00:00   7.3110e-01   1.4257e+02   1.0771e+01   0.0000e+00   0.0000e+00   4.0278e+02
20251203_03:00:00   7.1156e-01   1.4014e+02   1.0470e+01   0.0000e+00   5.7140e-07   4.0036e+02
20251203_04:00:00   7.0823e-01   1.3964e+02   1.0398e+01   0.0000e+00   5.0260e-05   3.9587e+02
20251203_05:00:00   7.0114e-01   1.3864e+02   1.0295e+01   0.0000e+00   6.2020e-04   3.8699e+02
20251203_06:00:00   6.8288e-01   1.3624e+02   1.0003e+01   0.0000e+00   1.0014e-04   3.8913e+02
20251203_07:00:00   6.7116e-01   1.3462e+02   9.7822e+00   0.0000e+00   0.0000e+00   3.8655e+02
20251203_08:00:00   6.7339e-01   1.3481e+02   9.8103e+00   0.0000e+00   2.6956e-05   3.7646e+02
20251203_09:00:00   6.5925e-01   1.3287e+02   9.6193e+00   0.0000e+00   5.3380e-06   3.6531e+02
20251203_10:00:00   6.5234e-01   1.3183e+02   9.4959e+00   4.5540e-04   2.2208e-03   3.5767e+02
20251203_11:00:00   6.7693e-01   1.3506e+02   9.4992e+00   1.2090e-02   3.7151e-03   3.5089e+02
20251203_12:00:00   8.0838e-01   1.5154e+02   9.7805e+00   6.2180e-02   5.1752e-03   3.5190e+02
20251203_13:00:00   9.0761e-01   1.6263e+02   9.9759e+00   1.0072e-01   9.2005e-03   3.5638e+02
20251203_14:00:00   9.0568e-01   1.6236e+02   9.9858e+00   1.0089e-01   1.5533e-02   3.5514e+02
20251203_15:00:00   8.8925e-01   1.6048e+02   9.9608e+00   9.6068e-02   1.1265e-02   3.5388e+02
20251203_16:00:00   8.7495e-01   1.5870e+02   1.0276e+01   8.3774e-02   1.0526e-02   3.5210e+02
20251203_17:00:00   8.4142e-01   1.5477e+02   1.0675e+01   6.1245e-02   8.7944e-03   3.5073e+02
20251203_18:00:00   8.2055e-01   1.5226e+02   1.1104e+01   4.2772e-02   1.3831e-02   3.4550e+02
20251203_19:00:00   7.9460e-01   1.4916e+02   1.1264e+01   2.8179e-02   2.7216e-02   3.4015e+02
20251203_20:00:00   7.5655e-01   1.4452e+02   1.1395e+01   9.4249e-03   4.2075e-02   3.3680e+02
20251203_21:00:00   7.5815e-01   1.4468e+02   1.1745e+01   2.3650e-03   7.7421e-02   3.3350e+02
20251203_22:00:00   7.8650e-01   1.4814e+02   1.2348e+01   6.6030e-05   8.7783e-02   3.2647e+02
20251203_23:00:00   7.9319e-01   1.4906e+02   1.2518e+01   5.2960e-05   4.7805e-03   3.2270e+02
20251204_00:00:00   7.9908e-01   1.4984e+02   1.2625e+01   0.0000e+00   9.1323e-03   3.2068e+02
20251204_01:00:00   8.1535e-01   1.5184e+02   1.2867e+01   2.8560e-06   8.6610e-03   3.1552e+02
20251204_02:00:00   8.3914e-01   1.5465e+02   1.3237e+01   0.0000e+00   1.2017e-02   3.1334e+02
20251204_03:00:00   8.6453e-01   1.5756e+02   1.3596e+01   0.0000e+00   2.5317e-02   3.1195e+02
20251204_04:00:00   8.7693e-01   1.5907e+02   1.3748e+01   1.0656e-05   1.1747e-02   3.1282e+02
20251204_05:00:00   8.8458e-01   1.6000e+02   1.3817e+01   7.4600e-05   4.4365e-03   3.1359e+02
20251204_06:00:00   8.8386e-01   1.6004e+02   1.3868e+01   4.6540e-04   6.1364e-04   3.1337e+02
20251204_07:00:00   8.9664e-01   1.6144e+02   1.4030e+01   1.8614e-03   3.0911e-03   3.0944e+02
20251204_08:00:00   9.1460e-01   1.6337e+02   1.4388e+01   1.8508e-03   4.4153e-03   3.0626e+02
20251204_09:00:00   9.0541e-01   1.6233e+02   1.4292e+01   4.9580e-04   3.4397e-03   3.0617e+02
20251204_10:00:00   8.9476e-01   1.6121e+02   1.4040e+01   1.8802e-03   4.4398e-03   3.0590e+02
20251204_11:00:00   8.9113e-01   1.6079e+02   1.3685e+01   8.5740e-03   6.5026e-03   3.0577e+02
20251204_12:00:00   9.0650e-01   1.6243e+02   1.3535e+01   1.8500e-02   9.7058e-03   3.0610e+02
20251204_13:00:00   9.2237e-01   1.6401e+02   1.3695e+01   2.0820e-02   3.5643e-02   3.0518e+02
20251204_14:00:00   9.1198e-01   1.6285e+02   1.3617e+01   1.7138e-02   8.3894e-03   3.0452e+02
20251204_15:00:00   9.2237e-01   1.6389e+02   1.4150e+01   7.9120e-03   8.9161e-03   3.0334e+02
20251204_16:00:00   9.5219e-01   1.6693e+02   1.4721e+01   4.6924e-03   6.8963e-03   3.0314e+02
20251204_17:00:00   9.9016e-01   1.7078e+02   1.5333e+01   5.7480e-03   1.8361e-02   3.0069e+02
20251204_18:00:00   1.0319e+00   1.7488e+02   1.6101e+01   3.2646e-03   1.0437e-02   2.9934e+02
20251204_19:00:00   1.0860e+00   1.7994e+02   1.7044e+01   1.5084e-03   2.5326e-02   2.9861e+02
20251204_20:00:00   1.1502e+00   1.8566e+02   1.7757e+01   7.9532e-03   5.0978e-02   2.9705e+02
20251204_21:00:00   1.2394e+00   1.9295e+02   1.7992e+01   3.7318e-02   1.3103e-01   2.9671e+02
20251204_22:00:00   1.2889e+00   1.9676e+02   1.8138e+01   5.2589e-02   1.0071e-01   2.9681e+02
20251204_23:00:00   1.3194e+00   1.9903e+02   1.8033e+01   6.6492e-02   1.0314e-01   2.9684e+02
20251205_00:00:00   1.3274e+00   1.9969e+02   1.7693e+01   7.8914e-02   1.4581e-02   2.9669e+02
20251205_01:00:00   1.4514e+00   2.0799e+02   1.7425e+01   1.3732e-01   7.4928e-03   2.9629e+02
20251205_02:00:00   1.5561e+00   2.1422e+02   1.7214e+01   1.8576e-01   5.8608e-03   2.9717e+02
20251205_03:00:00   1.5826e+00   2.1570e+02   1.6936e+01   2.0316e-01   6.6864e-03   2.9791e+02
20251205_04:00:00   1.4528e+00   2.0811e+02   1.7119e+01   1.4419e-01   3.0611e-03   2.9656e+02
20251205_05:00:00   1.4354e+00   2.0701e+02   1.7344e+01   1.3022e-01   5.5372e-03   2.9444e+02
20251205_06:00:00   1.4416e+00   2.0739e+02   1.7806e+01   1.2187e-01   1.6451e-02   2.9499e+02
20251205_07:00:00   1.5560e+00   2.1412e+02   1.8335e+01   1.5402e-01   1.2464e-01   2.9420e+02
20251205_08:00:00   1.5026e+00   2.1116e+02   1.8117e+01   1.3677e-01   5.3264e-02   2.9505e+02
20251205_09:00:00   1.3877e+00   2.0391e+02   1.8275e+01   8.0692e-02   1.4982e-01   2.9621e+02
20251205_10:00:00   1.1244e+00   1.8429e+02   1.5875e+01   2.1724e-02   5.4885e-02   3.0193e+02
20251205_11:00:00   1.0543e+00   1.7809e+02   1.5479e+01   5.6808e-03   4.6755e-02   3.0540e+02
20251205_12:00:00   1.0797e+00   1.8034e+02   1.5670e+01   1.5134e-02   1.5084e-02   3.0763e+02
20251205_13:00:00   1.3954e+00   2.0473e+02   1.7670e+01   9.6844e-02   1.2523e-01   3.1038e+02
20251205_14:00:00   1.2802e+00   1.9675e+02   1.7387e+01   6.1776e-02   6.3716e-02   3.1149e+02
20251205_15:00:00   1.3859e+00   2.0426e+02   1.8412e+01   8.3121e-02   1.3941e-01   3.1209e+02
20251205_16:00:00   1.4055e+00   2.0569e+02   1.7903e+01   1.0574e-01   3.4825e-02   3.1508e+02
20251205_17:00:00   1.4126e+00   2.0654e+02   1.7298e+01   1.2054e-01   1.5964e-02   3.1935e+02
20251205_18:00:00   1.6012e+00   2.1762e+02   1.7938e+01   1.8048e-01   1.2646e-01   3.2573e+02
20251205_19:00:00   1.4942e+00   2.1158e+02   1.7856e+01   1.3472e-01   3.1735e-01   3.2869e+02
20251205_20:00:00   1.3917e+00   2.0546e+02   1.6321e+01   1.2538e-01   7.8881e-02   3.3232e+02
20251205_21:00:00   1.2668e+00   1.9677e+02   1.5927e+01   8.0136e-02   2.3506e-02   3.3653e+02
20251205_22:00:00   9.3189e-01   1.6712e+02   1.3605e+01   5.0430e-03   2.1741e-02   3.4074e+02
20251205_23:00:00   8.7430e-01   1.6103e+02   1.2898e+01   2.0669e-03   2.4392e-02   3.4345e+02
20251206_00:00:00   8.7162e-01   1.6071e+02   1.2863e+01   2.1427e-03   3.2429e-03   3.4365e+02
20251206_01:00:00   8.6138e-01   1.5955e+02   1.2686e+01   2.2937e-03   1.1337e-04   3.4151e+02
20251206_02:00:00   8.6620e-01   1.5998e+02   1.2722e+01   3.0103e-03   7.4039e-05   3.3977e+02
20251206_03:00:00   8.5484e-01   1.5871e+02   1.2488e+01   4.6469e-03   5.8775e-05   3.3456e+02
20251206_04:00:00   8.1416e-01   1.5401e+02   1.2048e+01   2.2138e-03   8.6512e-04   3.3060e+02
20251206_05:00:00   7.9442e-01   1.5159e+02   1.1909e+01   4.4780e-05   6.2409e-04   3.3224e+02
20251206_06:00:00   8.0200e-01   1.5242e+02   1.2064e+01   5.0000e-05   2.8146e-03   3.3492e+02
20251206_07:00:00   7.8736e-01   1.5060e+02   1.1893e+01   5.7140e-06   8.9649e-04   3.3824e+02
20251206_08:00:00   7.8988e-01   1.5073e+02   1.1937e+01   0.0000e+00   3.5814e-03   3.4346e+02
20251206_09:00:00   7.8265e-01   1.4984e+02   1.1788e+01   0.0000e+00   4.7020e-03   3.4730e+02
20251206_10:00:00   7.6989e-01   1.4830e+02   1.1539e+01   2.0560e-05   4.4915e-03   3.4814e+02
20251206_11:00:00   7.5389e-01   1.4641e+02   1.1193e+01   4.3560e-05   7.7873e-06   3.4822e+02
20251206_12:00:00   7.4907e-01   1.4578e+02   1.0956e+01   3.7140e-05   1.0843e-04   3.4117e+02
20251206_13:00:00   7.5025e-01   1.4584e+02   1.0893e+01   8.8204e-05   1.7691e-04   3.3362e+02
20251206_14:00:00   7.4058e-01   1.4458e+02   1.0763e+01   2.0391e-04   2.3918e-03   3.2961e+02
20251206_15:00:00   7.3747e-01   1.4407e+02   1.0808e+01   3.5242e-04   2.1144e-03   3.2655e+02
20251206_16:00:00   7.4816e-01   1.4525e+02   1.0936e+01   8.5670e-04   1.1826e-03   3.2400e+02
20251206_17:00:00   7.5754e-01   1.4649e+02   1.0991e+01   2.5914e-03   9.0327e-04   3.1998e+02
20251206_18:00:00   7.6074e-01   1.4708e+02   1.0942e+01   5.1917e-03   8.0630e-06   3.1778e+02
20251206_19:00:00   7.6048e-01   1.4712e+02   1.0971e+01   6.4506e-03   1.4177e-03   3.1891e+02
20251206_20:00:00   7.6765e-01   1.4806e+02   1.1158e+01   6.3902e-03   4.2424e-03   3.1809e+02
20251206_21:00:00   7.7333e-01   1.4870e+02   1.1399e+01   2.7568e-03   1.6921e-02   3.1865e+02
20251206_22:00:00   7.8591e-01   1.5016e+02   1.1690e+01   3.4390e-04   1.0078e-02   3.2176e+02
20251206_23:00:00   8.1132e-01   1.5304e+02   1.2117e+01   1.0426e-04   3.7554e-02   3.2680e+02
20251207_00:00:00   8.2729e-01   1.5479e+02   1.2371e+01   9.5240e-05   1.3394e-02   3.2873e+02
20251207_03:00:00   8.0208e-01   1.5171e+02   1.1888e+01   0.0000e+00   2.3283e-04   3.2883e+02
20251207_06:00:00   7.3837e-01   1.4396e+02   1.0955e+01   0.0000e+00   1.3104e-03   3.2918e+02
20251207_09:00:00   7.2990e-01   1.4264e+02   1.0961e+01   0.0000e+00   8.5086e-03   3.3341e+02
20251207_12:00:00   7.8023e-01   1.4844e+02   1.1951e+01   0.0000e+00   1.1777e-02   3.3984e+02
20251207_15:00:00   8.4583e-01   1.5583e+02   1.2921e+01   0.0000e+00   1.4239e-02   3.3898e+02
20251207_18:00:00   9.5257e-01   1.6773e+02   1.3108e+01   3.3760e-02   2.3521e-02   3.4119e+02
20251207_21:00:00   1.0412e+00   1.7642e+02   1.4419e+01   3.6698e-02   1.2757e-02   3.3807e+02
20251208_00:00:00   9.7962e-01   1.7097e+02   1.3449e+01   2.9382e-02   4.2814e-03   3.3922e+02
20251208_03:00:00   1.1254e+00   1.8496e+02   1.3493e+01   7.9314e-02   1.8127e-03   3.2617e+02
20251208_06:00:00   1.5557e+00   2.1576e+02   1.2254e+01   2.8648e-01   1.8244e-03   3.1988e+02
20251208_09:00:00   9.0097e-01   1.6367e+02   1.1758e+01   2.7161e-02   7.8545e-05   3.2038e+02
20251208_12:00:00   7.5335e-01   1.4656e+02   1.0413e+01   2.9232e-03   2.1985e-05   3.2469e+02
20251208_15:00:00   7.0494e-01   1.4001e+02   9.6768e+00   5.5378e-03   1.6186e-03   3.1948e+02
20251208_18:00:00   6.6807e-01   1.3496e+02   9.4158e+00   7.0873e-03   5.2742e-03   3.1308e+02
20251208_21:00:00   9.0304e-01   1.6278e+02   1.3771e+01   1.0157e-02   2.3660e-01   3.0772e+02
20251209_00:00:00   1.0885e+00   1.8105e+02   1.5920e+01   3.9430e-02   3.0002e-02   2.9869e+02
20251209_03:00:00   1.3388e+00   2.0108e+02   1.7731e+01   8.9105e-02   4.3330e-02   3.0481e+02
20251209_06:00:00   1.6236e+00   2.1884e+02   1.8111e+01   1.8817e-01   4.3999e-02   3.0143e+02
20251209_09:00:00   1.4985e+00   2.1240e+02   1.9269e+01   1.0541e-01   1.0268e-01   2.9895e+02
20251209_12:00:00   1.5631e+00   2.1657e+02   1.9297e+01   1.2709e-01   1.2226e-01   2.9942e+02
20251209_15:00:00   1.8016e+00   2.2871e+02   1.8218e+01   2.5312e-01   3.6262e-02   2.9856e+02
20251209_18:00:00   1.6983e+00   2.2359e+02   1.7734e+01   2.3129e-01   8.0954e-02   3.1012e+02
20251209_21:00:00   9.8328e-01   1.7224e+02   1.5366e+01   1.4656e-03   2.3093e-02   3.1493e+02
20251210_00:00:00   7.9621e-01   1.5163e+02   1.2281e+01   0.0000e+00   7.1289e-03   3.2346e+02
20251210_03:00:00   5.9759e-01   1.2493e+02   8.8194e+00   0.0000e+00   0.0000e+00   3.3746e+02
20251210_06:00:00   4.9796e-01   1.0933e+02   7.2167e+00   0.0000e+00   0.0000e+00   3.4451e+02
20251210_09:00:00   4.5277e-01   1.0168e+02   6.5025e+00   0.0000e+00   0.0000e+00   3.5325e+02
20251210_12:00:00   4.7832e-01   1.0542e+02   6.9732e+00   0.0000e+00   5.7140e-06   3.5931e+02
20251210_15:00:00   4.8460e-01   1.0621e+02   7.1190e+00   0.0000e+00   2.7866e-04   3.5100e+02
20251210_18:00:00   5.4140e-01   1.1534e+02   7.9931e+00   0.0000e+00   0.0000e+00   3.4877e+02
20251210_21:00:00   5.2854e-01   1.1379e+02   7.8533e+00   0.0000e+00   3.8037e-04   3.3907e+02
20251211_00:00:00   5.5930e-01   1.1856e+02   8.4274e+00   0.0000e+00   1.0519e-02   3.2993e+02
20251211_03:00:00   6.1739e-01   1.2688e+02   9.3668e+00   0.0000e+00   1.6554e-02   3.2736e+02
20251211_06:00:00   6.4999e-01   1.3103e+02   9.9997e+00   0.0000e+00   5.7326e-02   3.2835e+02
20251211_09:00:00   6.8525e-01   1.3524e+02   1.0736e+01   0.0000e+00   1.9328e-01   3.2538e+02
20251211_12:00:00   7.3988e-01   1.4213e+02   1.1643e+01   0.0000e+00   1.3597e-01   3.1958e+02
20251211_15:00:00   1.1360e+00   1.8372e+02   1.4488e+01   9.0539e-02   3.0129e-01   3.2399e+02
20251211_18:00:00   1.1320e+00   1.8322e+02   1.7526e+01   2.4160e-04   4.5969e-01   3.1784e+02
20251211_21:00:00   1.2829e+00   1.9636e+02   1.7919e+01   5.0919e-02   1.2417e-01   3.1234e+02
20251212_00:00:00   2.3705e+00   2.4618e+02   1.7820e+01   5.0528e-01   2.1310e-01   3.1267e+02
20251212_03:00:00   2.8995e+00   2.5673e+02   1.7435e+01   7.3442e-01   1.7624e-01   3.1511e+02
20251212_06:00:00   2.6634e+00   2.5322e+02   1.8039e+01   6.1350e-01   8.6571e-02   3.1187e+02
20251212_09:00:00   2.1079e+00   2.3976e+02   1.7690e+01   3.8992e-01   2.8925e-02   3.1476e+02
20251212_12:00:00   2.5524e+00   2.5165e+02   2.0900e+01   4.9040e-01   1.0104e-01   3.1569e+02
20251212_15:00:00   2.4179e+00   2.4870e+02   1.9906e+01   4.6281e-01   6.3548e-02   3.0843e+02
20251212_18:00:00   2.1626e+00   2.4186e+02   2.0871e+01   3.2823e-01   2.9144e-01   3.0703e+02
20251212_21:00:00   2.5432e+00   2.5192e+02   2.0163e+01   5.0931e-01   5.8639e-02   3.0804e+02
20251213_00:00:00   2.4292e+00   2.4967e+02   1.8866e+01   4.9125e-01   9.7639e-02   3.0682e+02
20251213_03:00:00   1.4219e+00   2.0791e+02   1.6733e+01   1.3492e-01   1.7912e-02   3.1825e+02
20251213_06:00:00   1.1694e+00   1.8892e+02   1.5226e+01   6.5839e-02   1.5257e-01   3.2333e+02
20251213_09:00:00   1.0921e+00   1.8208e+02   1.3985e+01   6.0246e-02   7.5956e-02   3.3768e+02
20251213_12:00:00   6.2269e-01   1.2852e+02   9.0197e+00   6.9350e-05   4.6003e-03   3.4546e+02
20251213_15:00:00   4.8753e-01   1.0715e+02   6.9806e+00   0.0000e+00   0.0000e+00   3.3822e+02
20251213_18:00:00   5.0653e-01   1.0998e+02   7.1814e+00   6.5000e-05   5.9704e-03   3.4083e+02
20251213_21:00:00   4.7733e-01   1.0546e+02   6.8339e+00   0.0000e+00   1.0333e-04   3.4933e+02
20251214_00:00:00   5.0912e-01   1.1016e+02   7.3422e+00   0.0000e+00   6.9969e-03   3.6241e+02
20251214_03:00:00   5.0983e-01   1.0989e+02   7.3254e+00   0.0000e+00   3.1380e-06   3.7292e+02
20251214_06:00:00   5.0974e-01   1.0951e+02   7.2278e+00   0.0000e+00   0.0000e+00   3.7559e+02
20251214_09:00:00   5.0898e-01   1.0902e+02   7.2276e+00   0.0000e+00   0.0000e+00   3.7785e+02
20251214_12:00:00   5.4151e-01   1.1378e+02   7.6795e+00   0.0000e+00   3.0095e-04   3.7975e+02
20251214_15:00:00   5.6893e-01   1.1779e+02   8.0265e+00   9.4760e-04   8.3440e-03   3.8622e+02
20251214_18:00:00   6.0723e-01   1.2346e+02   8.7001e+00   1.2358e-03   2.2325e-03   3.8098e+02
20251214_21:00:00   6.2290e-01   1.2602e+02   9.0700e+00   0.0000e+00   6.1229e-04   3.8584e+02
20251215_00:00:00   6.4410e-01   1.2880e+02   9.3825e+00   0.0000e+00   4.4371e-04   4.0049e+02
20251215_03:00:00   6.9144e-01   1.3479e+02   1.0062e+01   0.0000e+00   7.0775e-02   3.9785e+02
20251215_06:00:00   7.4326e-01   1.4150e+02   1.0493e+01   0.0000e+00   3.5807e-01   4.1014e+02
20251215_09:00:00   7.1482e-01   1.3775e+02   1.0178e+01   0.0000e+00   4.7859e-02   3.9970e+02
20251215_12:00:00   7.0530e-01   1.3652e+02   9.9410e+00   0.0000e+00   1.4596e-01   3.9173e+02
20251215_15:00:00   7.0893e-01   1.3701e+02   9.8846e+00   0.0000e+00   3.3048e-01   4.0034e+02
20251215_18:00:00   7.1807e-01   1.3835e+02   9.9651e+00   1.9544e-04   3.5311e-01   4.0365e+02
20251215_21:00:00   7.1847e-01   1.3880e+02   1.0040e+01   3.8816e-04   1.6310e-01   3.9270e+02
20251216_00:00:00   6.6094e-01   1.3123e+02   9.3736e+00   0.0000e+00   3.9214e-03   3.9940e+02
20251216_03:00:00   5.5249e-01   1.1550e+02   7.8924e+00   0.0000e+00   2.5894e-05   3.9091e+02
20251216_06:00:00   4.2894e-01   9.5725e+01   6.1098e+00   0.0000e+00   5.4440e-07   3.7862e+02
20251216_09:00:00   3.8154e-01   8.7362e+01   5.4213e+00   0.0000e+00   7.7022e-07   3.7671e+02
20251216_12:00:00   3.6006e-01   8.3325e+01   5.1314e+00   0.0000e+00   2.6888e-05   3.6435e+02
20251216_15:00:00   3.4906e-01   8.1003e+01   5.0744e+00   0.0000e+00   3.9779e-03   3.4114e+02
20251216_18:00:00   3.8952e-01   8.8106e+01   5.8816e+00   0.0000e+00   1.3032e-02   3.2918e+02
20251216_21:00:00   4.5087e-01   9.8370e+01   6.9986e+00   0.0000e+00   6.4085e-02   3.2650e+02
20251217_00:00:00   5.7202e-01   1.1681e+02   8.9588e+00   0.0000e+00   3.0247e-01   3.3296e+02
20251217_03:00:00   7.2091e-01   1.3691e+02   1.0887e+01   0.0000e+00   4.5218e-01   3.3330e+02
20251217_06:00:00   7.1502e-01   1.3629e+02   1.0576e+01   0.0000e+00   5.2153e-01   3.3699e+02
20251217_09:00:00   6.9570e-01   1.3392e+02   1.0211e+01   0.0000e+00   4.0899e-01   3.3482e+02
20251217_12:00:00   6.7002e-01   1.3066e+02   9.8115e+00   0.0000e+00   1.5965e-01   3.4257e+02
20251217_15:00:00   6.2108e-01   1.2386e+02   9.1258e+00   0.0000e+00   2.1350e-02   3.6163e+02
20251217_18:00:00   6.0786e-01   1.2204e+02   9.0131e+00   0.0000e+00   1.1819e-02   3.8672e+02
20251217_21:00:00   5.9717e-01   1.2078e+02   8.8854e+00   0.0000e+00   6.7722e-02   4.1422e+02
20251218_00:00:00   5.8611e-01   1.1916e+02   8.6705e+00   0.0000e+00   4.7679e-02   3.9554e+02
