#            date       tau255        Tb[K]      pwv[mm] lwp[kg*m^-2] iwp[kg*m^-2]       o3[DU]
20251211_00:00:00   1.4672e+00   2.1546e+02   2.2813e+01   6.5960e-05   5.5143e-03   3.1652e+02
20251211_01:00:00   1.5014e+00   2.1775e+02   2.3162e+01   5.0060e-04   1.9550e-03   3.1623e+02
20251211_02:00:00   1.4510e+00   2.1493e+02   2.2355e+01   9.5760e-04   1.4198e-03   3.1552e+02
20251211_03:00:00   1.4595e+00   2.1529e+02   2.2222e+01   3.8872e-03   3.5560e-03   3.1424e+02
20251211_04:00:00   1.4039e+00   2.1169e+02   2.1666e+01   1.4340e-04   3.9407e-04   3.1493e+02
20251211_05:00:00   1.3933e+00   2.1118e+02   2.1579e+01   1.7144e-04   1.1230e-03   3.1607e+02
20251211_06:00:00   1.4242e+00   2.1337e+02   2.1986e+01   1.4228e-04   2.2716e-03   3.1799e+02
20251211_07:00:00   1.4157e+00   2.1289e+02   2.1924e+01   5.2280e-04   4.2386e-03   3.1923e+02
20251211_08:00:00   1.3759e+00   2.1000e+02   2.1426e+01   0.0000e+00   6.3495e-03   3.2088e+02
20251211_09:00:00   1.3433e+00   2.0730e+02   2.1064e+01   0.0000e+00   5.9094e-03   3.1388e+02
20251211_10:00:00   1.3517e+00   2.0722e+02   2.1049e+01   2.7377e-03   5.3798e-03   3.0807e+02
20251211_11:00:00   1.3141e+00   2.0413e+02   2.0669e+01   0.0000e+00   2.7063e-03   3.0887e+02
20251211_12:00:00   1.3112e+00   2.0348e+02   2.0634e+01   1.6624e-03   5.5416e-03   3.1065e+02
20251211_13:00:00   1.3205e+00   2.0368e+02   2.0697e+01   4.2020e-03   4.0897e-03   3.1035e+02
20251211_14:00:00   1.2825e+00   2.0049e+02   2.0206e+01   1.7264e-03   2.3486e-03   3.0666e+02
20251211_15:00:00   1.2501e+00   1.9778e+02   1.9795e+01   0.0000e+00   2.1897e-03   3.0339e+02
20251211_16:00:00   1.2557e+00   1.9799e+02   1.9855e+01   6.1800e-04   2.8851e-03   3.0271e+02
20251211_17:00:00   1.2504e+00   1.9750e+02   1.9818e+01   0.0000e+00   2.6035e-03   3.0376e+02
20251211_18:00:00   1.2369e+00   1.9654e+02   1.9697e+01   0.0000e+00   4.4117e-03   3.0584e+02
20251211_19:00:00   1.2178e+00   1.9507e+02   1.9485e+01   0.0000e+00   5.8384e-03   3.0581e+02
20251211_20:00:00   1.1999e+00   1.9375e+02   1.9309e+01   0.0000e+00   4.4977e-03   3.0605e+02
20251211_21:00:00   1.2011e+00   1.9392e+02   1.9309e+01   0.0000e+00   1.4383e-03   3.0737e+02
20251211_22:00:00   1.2072e+00   1.9429e+02   1.9374e+01   0.0000e+00   8.2000e-04   3.1050e+02
20251211_23:00:00   1.1934e+00   1.9314e+02   1.9066e+01   0.0000e+00   1.5082e-03   3.1074e+02
20251212_00:00:00   1.2011e+00   1.9349e+02   1.9160e+01   0.0000e+00   1.1661e-03   3.1250e+02
20251212_01:00:00   1.1987e+00   1.9301e+02   1.9150e+01   0.0000e+00   1.3679e-03   3.1809e+02
20251212_02:00:00   1.2048e+00   1.9339e+02   1.9220e+01   0.0000e+00   1.2625e-03   3.1833e+02
20251212_03:00:00   1.2153e+00   1.9403e+02   1.9351e+01   0.0000e+00   1.8207e-03   3.1801e+02
20251212_04:00:00   1.2140e+00   1.9380e+02   1.9250e+01   0.0000e+00   1.6043e-03   3.2375e+02
20251212_05:00:00   1.2319e+00   1.9505e+02   1.9486e+01   1.2006e-03   2.4305e-03   3.3542e+02
20251212_06:00:00   1.3855e+00   2.0619e+02   1.9490e+01   6.3362e-02   5.2136e-03   3.3692e+02
20251212_07:00:00   1.4497e+00   2.1046e+02   1.9615e+01   8.4797e-02   2.4792e-03   3.3511e+02
20251212_08:00:00   2.1101e+00   2.4088e+02   1.9498e+01   3.6015e-01   9.7767e-03   3.3380e+02
20251212_09:00:00   2.0422e+00   2.3874e+02   1.8199e+01   3.5921e-01   7.7668e-03   3.2652e+02
20251212_10:00:00   2.3096e+00   2.4692e+02   1.7884e+01   4.7706e-01   8.7985e-03   3.1867e+02
20251212_11:00:00   1.3650e+00   2.0521e+02   1.7244e+01   9.5052e-02   4.1744e-03   3.1349e+02
20251212_12:00:00   1.6786e+00   2.2375e+02   1.7112e+01   2.2707e-01   4.1974e-03   3.2208e+02
20251212_13:00:00   1.5557e+00   2.1731e+02   1.7064e+01   1.7882e-01   2.8993e-03   3.2094e+02
20251212_14:00:00   1.8872e+00   2.3312e+02   1.7892e+01   3.0021e-01   2.1447e-03   3.1784e+02
20251212_15:00:00   1.4727e+00   2.1263e+02   1.6901e+01   1.4683e-01   2.7919e-03   3.1827e+02
20251212_16:00:00   1.4660e+00   2.1206e+02   1.6780e+01   1.4674e-01   2.9991e-03   3.1294e+02
20251212_17:00:00   1.4200e+00   2.0891e+02   1.7195e+01   1.2436e-01   1.4368e-03   3.1072e+02
20251212_18:00:00   1.0734e+00   1.8223e+02   1.6550e+01   2.9025e-04   4.8212e-03   3.1100e+02
20251212_19:00:00   1.1367e+00   1.8793e+02   1.7873e+01   0.0000e+00   4.8831e-03   3.1480e+02
20251212_20:00:00   1.0937e+00   1.8442e+02   1.7029e+01   0.0000e+00   8.3047e-04   3.1574e+02
20251212_21:00:00   1.0881e+00   1.8412e+02   1.6889e+01   1.2788e-04   1.4107e-03   3.1677e+02
20251212_22:00:00   1.0650e+00   1.8223e+02   1.6395e+01   7.7200e-05   2.8227e-03   3.1347e+02
20251212_23:00:00   1.0754e+00   1.8315e+02   1.6523e+01   6.4680e-06   2.6996e-03   3.0641e+02
20251213_00:00:00   1.0788e+00   1.8340e+02   1.6583e+01   7.8460e-06   3.0531e-03   3.0037e+02
20251213_01:00:00   1.0792e+00   1.8340e+02   1.6600e+01   1.9753e-05   2.1674e-03   2.9184e+02
20251213_02:00:00   1.0658e+00   1.8208e+02   1.6343e+01   3.3560e-04   1.8039e-03   2.8293e+02
20251213_03:00:00   1.0509e+00   1.8072e+02   1.6101e+01   2.3800e-04   1.1862e-03   2.7968e+02
20251213_04:00:00   1.0536e+00   1.8101e+02   1.6233e+01   0.0000e+00   1.5868e-03   2.8127e+02
20251213_05:00:00   1.0640e+00   1.8212e+02   1.6499e+01   0.0000e+00   2.9999e-03   2.8323e+02
20251213_06:00:00   1.1158e+00   1.8685e+02   1.7479e+01   0.0000e+00   1.9385e-03   2.8259e+02
20251213_07:00:00   1.1454e+00   1.8937e+02   1.7954e+01   0.0000e+00   3.6030e-03   2.8200e+02
20251213_08:00:00   1.1318e+00   1.8818e+02   1.7639e+01   0.0000e+00   3.5702e-03   2.8201e+02
20251213_09:00:00   1.1064e+00   1.8600e+02   1.7085e+01   0.0000e+00   2.5129e-03   2.8182e+02
20251213_10:00:00   1.0854e+00   1.8405e+02   1.6613e+01   0.0000e+00   2.5187e-03   2.8237e+02
20251213_11:00:00   1.0553e+00   1.8128e+02   1.6062e+01   0.0000e+00   6.5159e-03   2.8335e+02
20251213_12:00:00   1.0317e+00   1.7899e+02   1.5617e+01   0.0000e+00   1.2150e-02   2.8396e+02
20251213_13:00:00   9.9168e-01   1.7515e+02   1.4911e+01   0.0000e+00   8.4926e-02   2.8652e+02
20251213_14:00:00   9.4785e-01   1.7072e+02   1.4151e+01   0.0000e+00   6.7644e-02   2.8946e+02
20251213_15:00:00   9.3040e-01   1.6890e+02   1.3874e+01   0.0000e+00   4.4441e-02   2.8978e+02
20251213_16:00:00   9.0392e-01   1.6604e+02   1.3420e+01   0.0000e+00   4.4771e-02   2.8536e+02
20251213_17:00:00   8.8883e-01   1.6440e+02   1.3135e+01   0.0000e+00   3.4937e-02   2.8261e+02
20251213_18:00:00   8.7237e-01   1.6274e+02   1.2861e+01   0.0000e+00   3.3382e-02   2.7999e+02
20251213_19:00:00   8.4532e-01   1.5988e+02   1.2472e+01   0.0000e+00   1.8314e-02   2.7714e+02
20251213_20:00:00   8.2261e-01   1.5738e+02   1.2154e+01   0.0000e+00   2.5582e-03   2.7838e+02
20251213_21:00:00   8.1379e-01   1.5649e+02   1.2036e+01   0.0000e+00   1.0916e-04   2.7860e+02
20251213_22:00:00   8.1818e-01   1.5714e+02   1.2103e+01   0.0000e+00   2.4260e-05   2.7819e+02
20251213_23:00:00   8.2939e-01   1.5845e+02   1.2282e+01   0.0000e+00   0.0000e+00   2.7930e+02
20251214_00:00:00   8.3809e-01   1.5931e+02   1.2489e+01   0.0000e+00   1.9616e-04   2.8071e+02
20251214_01:00:00   8.4768e-01   1.6023e+02   1.2683e+01   0.0000e+00   1.6323e-02   2.8082e+02
20251214_02:00:00   8.5998e-01   1.6154e+02   1.2923e+01   0.0000e+00   8.8500e-03   2.7961e+02
20251214_03:00:00   8.8708e-01   1.6432e+02   1.3527e+01   0.0000e+00   6.4729e-02   2.8140e+02
20251214_04:00:00   9.4887e-01   1.7048e+02   1.4911e+01   0.0000e+00   8.0027e-02   2.8100e+02
20251214_05:00:00   9.8506e-01   1.7416e+02   1.5520e+01   4.3160e-05   5.6773e-03   2.8553e+02
20251214_06:00:00   1.0003e+00   1.7578e+02   1.5758e+01   5.8850e-06   7.2276e-02   2.8715e+02
20251214_07:00:00   1.0742e+00   1.8303e+02   1.6827e+01   4.6294e-04   1.4530e-03   2.8671e+02
20251214_08:00:00   1.0435e+00   1.8026e+02   1.6283e+01   8.6450e-04   1.4729e-03   2.8824e+02
20251214_09:00:00   1.0431e+00   1.8016e+02   1.6272e+01   6.6604e-04   1.0010e-02   2.9136e+02
20251214_10:00:00   1.0199e+00   1.7780e+02   1.5897e+01   2.7053e-04   1.8469e-02   2.9307e+02
20251214_11:00:00   1.1230e+00   1.8685e+02   1.7772e+01   2.0461e-04   1.2240e-02   2.9157e+02
20251214_12:00:00   1.1586e+00   1.8961e+02   1.8458e+01   9.4280e-05   1.8743e-01   2.9110e+02
20251214_13:00:00   1.1500e+00   1.8906e+02   1.8226e+01   2.6445e-05   7.5887e-02   2.9372e+02
20251214_14:00:00   1.2235e+00   1.9503e+02   1.9256e+01   0.0000e+00   1.7766e-03   2.9506e+02
20251214_15:00:00   1.2309e+00   1.9572e+02   1.9283e+01   4.7140e-05   4.7569e-04   2.9667e+02
20251214_16:00:00   1.2219e+00   1.9511e+02   1.9117e+01   0.0000e+00   3.5131e-03   2.9705e+02
20251214_17:00:00   1.1601e+00   1.9001e+02   1.8207e+01   0.0000e+00   6.1753e-03   2.9726e+02
20251214_18:00:00   1.1017e+00   1.8503e+02   1.7392e+01   0.0000e+00   1.6782e-03   2.9863e+02
20251214_19:00:00   1.0163e+00   1.7723e+02   1.5878e+01   0.0000e+00   5.2953e-03   2.9930e+02
20251214_20:00:00   9.8771e-01   1.7452e+02   1.5327e+01   0.0000e+00   1.0416e-02   2.9905e+02
20251214_21:00:00   1.0531e+00   1.8075e+02   1.6592e+01   0.0000e+00   2.9035e-02   2.9752e+02
20251214_22:00:00   1.0511e+00   1.8063e+02   1.6586e+01   7.8080e-04   3.1671e-02   2.9615e+02
20251214_23:00:00   1.1016e+00   1.8497e+02   1.7498e+01   6.4190e-04   6.3753e-02   2.9665e+02
20251215_00:00:00   1.1329e+00   1.8765e+02   1.7886e+01   4.3010e-04   4.5270e-02   2.9655e+02
20251215_01:00:00   1.2273e+00   1.9530e+02   1.9367e+01   9.2896e-04   4.6856e-02   2.9605e+02
20251215_02:00:00   1.3150e+00   2.0188e+02   2.0752e+01   0.0000e+00   8.7587e-02   2.9622e+02
20251215_03:00:00   1.4209e+00   2.0908e+02   2.1901e+01   9.6685e-03   7.0630e-02   2.9610e+02
20251215_04:00:00   1.4145e+00   2.0899e+02   2.1832e+01   4.3281e-03   4.5083e-02   2.9674e+02
20251215_05:00:00   1.6473e+00   2.2255e+02   2.2137e+01   8.8077e-02   9.8621e-03   2.9579e+02
20251215_06:00:00   2.3160e+00   2.4824e+02   2.2120e+01   3.6009e-01   3.0155e-02   2.9163e+02
20251215_07:00:00   2.3415e+00   2.4912e+02   2.2176e+01   3.6643e-01   8.6895e-03   2.8829e+02
20251215_08:00:00   2.5223e+00   2.5350e+02   2.2984e+01   4.2197e-01   1.0762e-02   2.8786e+02
20251215_09:00:00   3.1654e+00   2.6414e+02   2.3434e+01   6.7390e-01   3.1594e-02   2.8948e+02
20251215_10:00:00   2.5869e+00   2.5513e+02   2.3883e+01   4.2246e-01   1.5026e-01   2.8844e+02
20251215_11:00:00   2.0299e+00   2.3960e+02   2.4313e+01   1.8638e-01   2.8217e-01   2.8735e+02
20251215_12:00:00   1.7769e+00   2.2929e+02   2.4550e+01   7.6269e-02   4.1060e-01   2.8908e+02
20251215_13:00:00   1.5787e+00   2.1918e+02   2.3752e+01   2.1985e-02   1.0043e-01   2.8825e+02
20251215_14:00:00   2.4302e+00   2.5115e+02   2.3524e+01   3.8091e-01   1.6271e-01   2.8852e+02
20251215_15:00:00   1.9510e+00   2.3646e+02   2.3393e+01   1.8776e-01   3.8032e-02   2.9168e+02
20251215_16:00:00   1.5899e+00   2.1954e+02   2.3101e+01   4.7290e-02   1.0284e-01   2.9319e+02
20251215_17:00:00   1.9687e+00   2.3719e+02   2.2734e+01   2.0982e-01   5.3206e-02   2.9652e+02
20251215_18:00:00   2.0653e+00   2.4060e+02   2.2711e+01   2.4545e-01   2.1593e-01   2.9860e+02
20251215_19:00:00   2.1803e+00   2.4457e+02   2.0833e+01   3.3276e-01   1.0804e-01   3.0093e+02
20251215_20:00:00   1.7457e+00   2.2814e+02   1.9728e+01   1.7069e-01   2.8650e-02   3.0372e+02
20251215_21:00:00   1.5470e+00   2.1785e+02   2.0437e+01   7.5558e-02   1.9144e-03   3.0475e+02
20251215_22:00:00   1.5308e+00   2.1725e+02   1.9137e+01   9.8710e-02   2.2038e-03   3.1027e+02
20251215_23:00:00   1.2873e+00   2.0149e+02   1.8713e+01   1.4337e-02   7.0020e-03   3.1664e+02
20251216_00:00:00   1.5697e+00   2.1941e+02   2.0834e+01   7.1965e-02   1.2016e-01   3.2181e+02
20251216_03:00:00   1.4006e+00   2.0975e+02   1.7939e+01   6.9592e-02   1.1927e-02   3.2933e+02
20251216_06:00:00   1.1226e+00   1.8882e+02   1.6325e+01   3.8240e-03   2.7259e-04   3.3164e+02
20251216_09:00:00   6.0582e-01   1.2878e+02   8.7188e+00   0.0000e+00   0.0000e+00   3.4334e+02
20251216_12:00:00   4.7388e-01   1.0738e+02   6.7830e+00   0.0000e+00   0.0000e+00   3.4970e+02
20251216_15:00:00   5.1031e-01   1.1268e+02   7.4577e+00   0.0000e+00   1.8651e-03   3.3946e+02
20251216_18:00:00   7.2020e-01   1.4145e+02   1.1364e+01   0.0000e+00   3.9921e-02   3.2939e+02
20251216_21:00:00   7.5372e-01   1.4669e+02   1.1322e+01   0.0000e+00   1.4934e-05   3.3301e+02
20251217_00:00:00   1.2152e+00   1.9246e+02   1.6206e+01   5.6147e-02   3.1757e-01   3.3264e+02
20251217_03:00:00   2.0710e+00   2.4003e+02   1.5852e+01   4.0261e-01   3.2213e-02   3.4584e+02
20251217_06:00:00   5.6875e-01   1.2123e+02   8.3605e+00   6.3200e-04   0.0000e+00   3.5718e+02
20251217_09:00:00   5.5427e-01   1.1777e+02   8.1737e+00   4.1428e-05   6.0702e-03   3.6716e+02
20251217_12:00:00   5.4378e-01   1.1589e+02   7.8566e+00   0.0000e+00   6.6900e-04   3.6354e+02
20251217_15:00:00   4.8599e-01   1.0646e+02   7.0927e+00   0.0000e+00   1.1076e-04   3.5532e+02
20251217_18:00:00   4.9930e-01   1.0866e+02   7.2669e+00   0.0000e+00   1.0348e-06   3.5415e+02
20251217_21:00:00   4.4666e-01   1.0045e+02   6.5943e+00   0.0000e+00   2.6673e-04   3.5079e+02
20251218_00:00:00   4.0009e-01   9.2204e+01   5.8781e+00   0.0000e+00   1.8433e-03   3.4797e+02
20251218_03:00:00   4.6031e-01   1.0165e+02   6.8844e+00   0.0000e+00   1.7264e-02   3.4920e+02
20251218_06:00:00   5.6645e-01   1.1802e+02   8.4249e+00   0.0000e+00   2.3877e-02   3.6800e+02
20251218_09:00:00   5.5373e-01   1.1622e+02   8.1853e+00   0.0000e+00   5.3034e-03   3.8073e+02
20251218_12:00:00   7.1321e-01   1.3823e+02   9.7604e+00   2.0388e-02   5.3295e-02   3.7064e+02
20251218_15:00:00   8.0897e-01   1.5057e+02   9.7970e+00   5.1721e-02   1.9470e-02   3.7469e+02
20251218_18:00:00   8.0998e-01   1.5092e+02   9.3709e+00   6.5258e-02   9.4140e-03   3.9240e+02
20251218_21:00:00   8.0972e-01   1.5121e+02   9.6715e+00   5.6457e-02   2.2130e-03   4.0292e+02
20251219_00:00:00   8.9587e-01   1.6073e+02   1.0507e+01   7.1436e-02   5.0054e-02   4.0577e+02
20251219_03:00:00   9.5035e-01   1.6659e+02   1.1787e+01   4.7715e-02   2.5653e-01   3.7671e+02
20251219_06:00:00   1.0183e+00   1.7421e+02   1.0321e+01   1.1918e-01   4.9791e-02   3.6963e+02
20251219_09:00:00   7.2119e-01   1.4072e+02   8.8702e+00   3.5987e-02   1.0831e-03   3.8914e+02
20251219_12:00:00   5.6657e-01   1.1873e+02   7.6613e+00   9.9322e-03   9.9111e-05   3.9377e+02
20251219_15:00:00   5.7397e-01   1.1929e+02   7.8743e+00   9.4380e-03   6.5222e-04   3.8612e+02
20251219_18:00:00   5.8634e-01   1.2082e+02   8.4644e+00   0.0000e+00   3.7537e-02   3.9056e+02
20251219_21:00:00   6.1565e-01   1.2553e+02   8.8245e+00   2.1280e-04   5.7405e-03   3.9166e+02
20251220_00:00:00   5.2845e-01   1.1313e+02   7.4543e+00   0.0000e+00   8.6392e-06   3.8161e+02
20251220_03:00:00   5.5467e-01   1.1667e+02   7.9128e+00   0.0000e+00   3.3825e-06   3.8398e+02
20251220_06:00:00   5.1805e-01   1.1102e+02   7.3566e+00   0.0000e+00   1.9615e-06   3.7657e+02
20251220_09:00:00   4.8738e-01   1.0604e+02   6.9136e+00   0.0000e+00   1.9615e-06   3.8549e+02
20251220_12:00:00   4.7705e-01   1.0398e+02   6.7910e+00   0.0000e+00   3.7041e-04   3.8281e+02
20251220_15:00:00   5.1604e-01   1.0966e+02   7.4410e+00   0.0000e+00   1.8883e-04   3.8003e+02
20251220_18:00:00   5.4430e-01   1.1410e+02   7.9091e+00   0.0000e+00   1.6455e-03   3.8974e+02
20251220_21:00:00   5.7253e-01   1.1880e+02   8.2446e+00   0.0000e+00   2.2507e-03   3.7459e+02
20251221_00:00:00   6.7556e-01   1.3350e+02   9.0766e+00   1.6210e-02   3.0846e-03   3.6819e+02
20251221_03:00:00   8.0453e-01   1.4957e+02   9.9634e+00   4.5006e-02   8.4231e-02   3.6734e+02
20251221_06:00:00   7.4273e-01   1.4195e+02   1.0216e+01   1.1498e-02   2.1239e-01   3.5772e+02
20251221_09:00:00   7.7276e-01   1.4566e+02   1.0854e+01   0.0000e+00   3.8223e-01   3.4388e+02
20251221_12:00:00   9.4429e-01   1.6497e+02   1.0538e+01   8.6651e-02   2.4715e-01   3.5144e+02
20251221_15:00:00   7.7926e-01   1.4682e+02   9.6885e+00   4.0778e-02   3.8676e-02   3.6023e+02
20251221_18:00:00   6.9839e-01   1.3657e+02   9.5765e+00   6.8795e-03   1.5337e-01   3.6486e+02
20251221_21:00:00   7.0083e-01   1.3703e+02   9.3258e+00   1.3895e-02   1.6410e-01   3.6220e+02
20251222_00:00:00   5.4019e-01   1.1456e+02   7.1959e+00   1.1588e-02   2.9243e-02   3.5537e+02
20251222_03:00:00   4.0710e-01   9.2444e+01   5.6722e+00   0.0000e+00   1.5936e-05   3.6103e+02
20251222_06:00:00   4.0807e-01   9.1760e+01   5.7343e+00   0.0000e+00   4.8796e-02   3.7127e+02
20251222_09:00:00   3.2964e-01   7.7722e+01   4.5033e+00   0.0000e+00   3.9226e-06   3.6333e+02
20251222_12:00:00   3.7820e-01   8.5856e+01   5.3135e+00   0.0000e+00   2.5480e-02   3.6897e+02
20251222_15:00:00   3.2525e-01   7.6317e+01   4.4437e+00   0.0000e+00   1.7179e-05   3.7733e+02
20251222_18:00:00   3.4712e-01   8.0338e+01   4.7401e+00   0.0000e+00   4.5959e-05   3.7973e+02
20251222_21:00:00   3.6624e-01   8.4059e+01   4.9834e+00   0.0000e+00   2.1168e-05   3.9326e+02
20251223_00:00:00   3.7896e-01   8.6218e+01   5.1571e+00   0.0000e+00   3.6406e-06   3.9447e+02
20251223_03:00:00   3.8912e-01   8.7709e+01   5.2952e+00   0.0000e+00   1.2509e-05   4.1092e+02
20251223_06:00:00   4.0785e-01   9.0634e+01   5.5669e+00   0.0000e+00   4.9009e-04   4.2349e+02
20251223_09:00:00   4.1990e-01   9.2412e+01   5.7363e+00   0.0000e+00   3.2827e-03   4.2777e+02
20251223_12:00:00   4.4413e-01   9.6359e+01   6.0313e+00   0.0000e+00   1.8145e-02   4.3918e+02
20251223_15:00:00   4.4693e-01   9.6754e+01   6.0503e+00   0.0000e+00   6.8967e-02   4.4837e+02
20251223_18:00:00   4.5592e-01   9.8300e+01   6.1597e+00   0.0000e+00   1.1013e-01   4.5085e+02
20251223_21:00:00   4.8479e-01   1.0307e+02   6.6204e+00   1.0949e-04   6.0469e-02   4.4875e+02
20251224_00:00:00   5.0300e-01   1.0601e+02   6.8106e+00   0.0000e+00   2.1964e-01   4.4209e+02
20251224_03:00:00   4.9753e-01   1.0526e+02   6.7385e+00   0.0000e+00   1.2037e-01   4.5357e+02
20251224_06:00:00   5.0245e-01   1.0601e+02   6.8021e+00   0.0000e+00   1.5763e-01   4.5150e+02
20251224_09:00:00   4.9149e-01   1.0420e+02   6.6717e+00   0.0000e+00   9.1766e-02   4.5444e+02
20251224_12:00:00   4.7200e-01   1.0093e+02   6.4051e+00   0.0000e+00   7.8649e-02   4.5147e+02
20251224_15:00:00   4.4479e-01   9.6429e+01   6.0227e+00   0.0000e+00   3.8689e-02   4.5225e+02
20251224_18:00:00   4.3670e-01   9.4988e+01   5.8992e+00   0.0000e+00   4.4252e-02   4.5410e+02
20251224_21:00:00   4.1658e-01   9.1785e+01   5.6096e+00   2.9309e-05   1.0660e-02   4.5789e+02
20251225_00:00:00   3.8265e-01   8.5809e+01   5.1250e+00   0.0000e+00   2.3847e-03   4.6173e+02
20251225_03:00:00   3.7209e-01   8.3689e+01   5.0276e+00   0.0000e+00   4.9354e-03   4.5328e+02
20251225_06:00:00   3.9513e-01   8.7372e+01   5.3746e+00   0.0000e+00   9.5129e-02   4.6418e+02
20251225_09:00:00   4.1218e-01   9.0171e+01   5.5323e+00   0.0000e+00   1.6802e-01   4.5263e+02
20251225_12:00:00   3.7771e-01   8.4195e+01   5.0634e+00   0.0000e+00   6.3179e-02   4.5536e+02
20251225_15:00:00   3.3411e-01   7.6441e+01   4.3971e+00   0.0000e+00   9.8675e-03   4.6068e+02
20251225_18:00:00   3.3359e-01   7.6193e+01   4.4534e+00   0.0000e+00   1.1050e-02   4.5057e+02
20251225_21:00:00   3.5512e-01   8.0036e+01   4.7429e+00   0.0000e+00   7.7521e-02   4.5506e+02
20251226_00:00:00   3.4327e-01   7.8022e+01   4.5312e+00   0.0000e+00   3.8976e-02   4.5347e+02
20251226_03:00:00   2.9245e-01   6.8658e+01   3.7899e+00   0.0000e+00   1.9464e-03   4.4532e+02
20251226_06:00:00   2.5854e-01   6.1935e+01   3.3218e+00   0.0000e+00   4.8845e-04   4.2417e+02
20251226_09:00:00   2.3487e-01   5.7293e+01   2.9804e+00   0.0000e+00   8.9396e-06   3.9570e+02
20251226_12:00:00   2.1658e-01   5.3600e+01   2.7084e+00   0.0000e+00   2.8420e-06   3.6482e+02
20251226_15:00:00   2.0425e-01   5.1039e+01   2.5319e+00   0.0000e+00   1.5638e-06   3.6793e+02
20251226_18:00:00   1.9718e-01   4.9658e+01   2.4496e+00   0.0000e+00   2.2104e-06   3.6595e+02
20251226_21:00:00   2.2134e-01   5.4588e+01   2.8979e+00   0.0000e+00   4.0233e-04   3.6014e+02
20251227_00:00:00   2.4344e-01   5.8979e+01   3.2533e+00   0.0000e+00   1.1257e-05   3.6623e+02
