#            date       tau255        Tb[K]      pwv[mm] lwp[kg*m^-2] iwp[kg*m^-2]       o3[DU]
20251207_18:00:00   2.2345e+00   2.4451e+02   1.7553e+01   4.2601e-01   3.1456e-01   3.4497e+02
20251207_19:00:00   2.8225e+00   2.5766e+02   1.8074e+01   6.5195e-01   6.7189e-01   3.4070e+02
20251207_20:00:00   2.5082e+00   2.5165e+02   1.7319e+01   5.4342e-01   1.4135e-01   3.4297e+02
20251207_21:00:00   2.0031e+00   2.3744e+02   1.5383e+01   3.8147e-01   5.8998e-03   3.4827e+02
20251207_22:00:00   1.5456e+00   2.1648e+02   1.4901e+01   2.0219e-01   1.4589e-02   3.5112e+02
20251207_23:00:00   1.2445e+00   1.9649e+02   1.3219e+01   1.2812e-01   9.1487e-05   3.5290e+02
20251208_00:00:00   1.3329e+00   2.0316e+02   1.3383e+01   1.5823e-01   2.8181e-03   3.4768e+02
20251208_01:00:00   1.0073e+00   1.7547e+02   1.3291e+01   2.7493e-02   1.5510e-04   3.4014e+02
20251208_02:00:00   9.8091e-01   1.7288e+02   1.3021e+01   2.4372e-02   1.3047e-04   3.4158e+02
20251208_03:00:00   9.6909e-01   1.7160e+02   1.2855e+01   2.2107e-02   6.6151e-04   3.4616e+02
20251208_04:00:00   9.6703e-01   1.7111e+02   1.3230e+01   1.5274e-02   5.8838e-03   3.4711e+02
20251208_05:00:00   1.0253e+00   1.7679e+02   1.3584e+01   3.3974e-02   1.2687e-02   3.4274e+02
20251208_06:00:00   1.0033e+00   1.7445e+02   1.4214e+01   1.6186e-02   5.6564e-03   3.3754e+02
20251208_07:00:00   1.0041e+00   1.7446e+02   1.4429e+01   1.4810e-02   3.9831e-03   3.3554e+02
20251208_08:00:00   1.1009e+00   1.8355e+02   1.4854e+01   4.6460e-02   2.8175e-03   3.3832e+02
20251208_09:00:00   1.1253e+00   1.8566e+02   1.5276e+01   4.9281e-02   5.7909e-03   3.3746e+02
20251208_10:00:00   1.0749e+00   1.8106e+02   1.5235e+01   3.2041e-02   1.0407e-02   3.3685e+02
20251208_11:00:00   1.0187e+00   1.7535e+02   1.5524e+01   1.7887e-03   2.5089e-02   3.3854e+02
20251208_12:00:00   1.0274e+00   1.7609e+02   1.5696e+01   3.4514e-04   1.8972e-02   3.3614e+02
20251208_13:00:00   1.0281e+00   1.7609e+02   1.5705e+01   0.0000e+00   1.6563e-02   3.3661e+02
20251208_14:00:00   1.0970e+00   1.8204e+02   1.6924e+01   2.4320e-04   6.4218e-02   3.4086e+02
20251208_15:00:00   1.0995e+00   1.8224e+02   1.6952e+01   4.2440e-03   1.3126e-01   3.4188e+02
20251208_16:00:00   1.1229e+00   1.8437e+02   1.7098e+01   7.6408e-03   3.7578e-02   3.4435e+02
20251208_17:00:00   1.1564e+00   1.8734e+02   1.7574e+01   7.5689e-03   4.9010e-02   3.4362e+02
20251208_18:00:00   1.3435e+00   2.0161e+02   1.8376e+01   6.6663e-02   1.1269e-01   3.3897e+02
20251208_19:00:00   1.3398e+00   2.0181e+02   1.8988e+01   4.1855e-02   1.7589e-01   3.3521e+02
20251208_20:00:00   1.7430e+00   2.2593e+02   1.9593e+01   1.9293e-01   7.0161e-02   3.3749e+02
20251208_21:00:00   1.7290e+00   2.2548e+02   1.9649e+01   1.8409e-01   2.9416e-02   3.4090e+02
20251208_22:00:00   1.9297e+00   2.3437e+02   2.0450e+01   2.4641e-01   9.2296e-02   3.4199e+02
20251208_23:00:00   1.8567e+00   2.3167e+02   2.0771e+01   2.0834e-01   9.7101e-02   3.4158e+02
20251209_00:00:00   1.6367e+00   2.2145e+02   2.0903e+01   1.1641e-01   1.3403e-01   3.3755e+02
20251209_01:00:00   1.6458e+00   2.2204e+02   2.0994e+01   1.1749e-01   1.0936e-01   3.3145e+02
20251209_02:00:00   1.4974e+00   2.1393e+02   2.0087e+01   8.1726e-02   1.2214e-01   3.2663e+02
20251209_03:00:00   1.4401e+00   2.1051e+02   2.0241e+01   5.5286e-02   8.1833e-02   3.2463e+02
20251209_04:00:00   1.4958e+00   2.1419e+02   2.1147e+01   5.3856e-02   1.3134e-01   3.2094e+02
20251209_05:00:00   1.4824e+00   2.1362e+02   2.1383e+01   4.4259e-02   1.2115e-01   3.1929e+02
20251209_06:00:00   1.4297e+00   2.1054e+02   2.1353e+01   2.3699e-02   1.3850e-01   3.1996e+02
20251209_07:00:00   1.4205e+00   2.1032e+02   2.1250e+01   2.2875e-02   7.8606e-02   3.1633e+02
20251209_08:00:00   1.3773e+00   2.0749e+02   2.0682e+01   2.1265e-02   4.5278e-02   3.1339e+02
20251209_09:00:00   1.3634e+00   2.0643e+02   2.0014e+01   3.1745e-02   1.2612e-02   3.0992e+02
20251209_10:00:00   1.2818e+00   1.9997e+02   1.9329e+01   1.8659e-02   1.2960e-02   3.0750e+02
20251209_11:00:00   9.1599e-01   1.6648e+02   1.4559e+01   1.0138e-03   3.6219e-03   3.1163e+02
20251209_12:00:00   7.9080e-01   1.5211e+02   1.2372e+01   2.1421e-03   2.1132e-03   3.1708e+02
20251209_13:00:00   7.3543e-01   1.4501e+02   1.1346e+01   5.6540e-03   1.0144e-03   3.2216e+02
20251209_14:00:00   6.9617e-01   1.3950e+02   1.0827e+01   4.5260e-03   6.1529e-03   3.2332e+02
20251209_15:00:00   6.6215e-01   1.3452e+02   1.0438e+01   3.1200e-03   3.5190e-02   3.2078e+02
20251209_16:00:00   6.1350e-01   1.2730e+02   9.8405e+00   7.2940e-04   1.1014e-02   3.2131e+02
20251209_17:00:00   5.9201e-01   1.2390e+02   9.6135e+00   3.0400e-05   1.1183e-02   3.2376e+02
20251209_18:00:00   5.8475e-01   1.2276e+02   9.5101e+00   0.0000e+00   1.5816e-02   3.2521e+02
20251209_19:00:00   6.0403e-01   1.2557e+02   9.8496e+00   0.0000e+00   3.4820e-02   3.2387e+02
20251209_20:00:00   6.4148e-01   1.3072e+02   1.0344e+01   6.4027e-03   7.3249e-02   3.2578e+02
20251209_21:00:00   6.7464e-01   1.3527e+02   1.0897e+01   4.6660e-03   2.2648e-01   3.2858e+02
20251209_22:00:00   7.1957e-01   1.4119e+02   1.1673e+01   7.5611e-04   3.5051e-01   3.3071e+02
20251209_23:00:00   7.7286e-01   1.4779e+02   1.2491e+01   0.0000e+00   5.1702e-01   3.3083e+02
20251210_00:00:00   8.4549e-01   1.5639e+02   1.3738e+01   0.0000e+00   2.0638e-01   3.2516e+02
20251210_01:00:00   9.2536e-01   1.6517e+02   1.4923e+01   0.0000e+00   2.9995e-01   3.1624e+02
20251210_02:00:00   1.0005e+00   1.7285e+02   1.6016e+01   0.0000e+00   3.5455e-01   3.1276e+02
20251210_03:00:00   1.2056e+00   1.9099e+02   1.7157e+01   5.2862e-02   2.9888e-01   3.1489e+02
20251210_04:00:00   1.3160e+00   1.9949e+02   1.8446e+01   5.8030e-02   2.6091e-01   3.1809e+02
20251210_05:00:00   1.3668e+00   2.0313e+02   1.9476e+01   4.4411e-02   2.2030e-01   3.1527e+02
20251210_06:00:00   1.7434e+00   2.2534e+02   1.9569e+01   1.9116e-01   1.7028e-01   3.1610e+02
20251210_07:00:00   1.7856e+00   2.2727e+02   2.0232e+01   1.9537e-01   1.0983e-01   3.1774e+02
20251210_08:00:00   1.7960e+00   2.2775e+02   2.0164e+01   2.0221e-01   4.9355e-02   3.1634e+02
20251210_09:00:00   1.6270e+00   2.1970e+02   2.0011e+01   1.3795e-01   2.8684e-02   3.1646e+02
20251210_10:00:00   1.5300e+00   2.1446e+02   2.0086e+01   9.5116e-02   3.2466e-02   3.1327e+02
20251210_11:00:00   1.4476e+00   2.0958e+02   2.0243e+01   5.7927e-02   3.9769e-02   3.1391e+02
20251210_12:00:00   1.4214e+00   2.0806e+02   2.0412e+01   4.2967e-02   4.7165e-02   3.1388e+02
20251210_13:00:00   1.4024e+00   2.0694e+02   2.0082e+01   4.3081e-02   3.0581e-02   3.1627e+02
20251210_14:00:00   1.3597e+00   2.0416e+02   1.9673e+01   3.8424e-02   5.5943e-03   3.1745e+02
20251210_15:00:00   1.3650e+00   2.0463e+02   1.9619e+01   4.4553e-02   1.8470e-02   3.1922e+02
20251210_16:00:00   1.3798e+00   2.0575e+02   1.9521e+01   5.5325e-02   3.0024e-02   3.2039e+02
20251210_17:00:00   1.3890e+00   2.0653e+02   1.9657e+01   5.4419e-02   2.6112e-02   3.2221e+02
20251210_18:00:00   1.4139e+00   2.0829e+02   1.9929e+01   5.7598e-02   1.6541e-02   3.2463e+02
20251210_19:00:00   1.3699e+00   2.0545e+02   1.9776e+01   4.1126e-02   9.8502e-03   3.2642e+02
20251210_20:00:00   1.3062e+00   2.0108e+02   1.9225e+01   2.9800e-02   6.8244e-03   3.2875e+02
20251210_21:00:00   1.2787e+00   1.9910e+02   1.9163e+01   2.3143e-02   1.9414e-02   3.2769e+02
20251210_22:00:00   1.2387e+00   1.9607e+02   1.9043e+01   8.1337e-03   4.9319e-03   3.2665e+02
20251210_23:00:00   1.2118e+00   1.9394e+02   1.8821e+01   3.2903e-03   7.6210e-03   3.2900e+02
20251211_00:00:00   1.2014e+00   1.9287e+02   1.8716e+01   5.9518e-04   3.7294e-03   3.3132e+02
20251211_01:00:00   1.1405e+00   1.8767e+02   1.7690e+01   7.4744e-04   4.6301e-03   3.3420e+02
20251211_02:00:00   1.1157e+00   1.8523e+02   1.7423e+01   1.2418e-03   4.2301e-03   3.3797e+02
20251211_03:00:00   1.1219e+00   1.8556e+02   1.7651e+01   2.2580e-03   1.6675e-02   3.3922e+02
20251211_04:00:00   1.0966e+00   1.8318e+02   1.7244e+01   1.4210e-05   7.2591e-03   3.3880e+02
20251211_05:00:00   1.0489e+00   1.7872e+02   1.6601e+01   0.0000e+00   7.8520e-03   3.3704e+02
20251211_06:00:00   1.0217e+00   1.7598e+02   1.6294e+01   0.0000e+00   6.3334e-03   3.3506e+02
20251211_07:00:00   9.8457e-01   1.7220e+02   1.5757e+01   0.0000e+00   6.4663e-03   3.3352e+02
20251211_08:00:00   9.5449e-01   1.6901e+02   1.5373e+01   0.0000e+00   3.5599e-03   3.3448e+02
20251211_09:00:00   9.4060e-01   1.6743e+02   1.5203e+01   0.0000e+00   2.0927e-03   3.3397e+02
20251211_10:00:00   9.3739e-01   1.6696e+02   1.5099e+01   0.0000e+00   9.4415e-04   3.3185e+02
20251211_11:00:00   9.1545e-01   1.6460e+02   1.4726e+01   0.0000e+00   1.5004e-03   3.2914e+02
20251211_12:00:00   9.1008e-01   1.6398e+02   1.4687e+01   0.0000e+00   2.5230e-03   3.2862e+02
20251211_13:00:00   9.1718e-01   1.6466e+02   1.4858e+01   0.0000e+00   1.6756e-03   3.2463e+02
20251211_14:00:00   9.2852e-01   1.6583e+02   1.5006e+01   0.0000e+00   3.3677e-03   3.2164e+02
20251211_15:00:00   9.2977e-01   1.6599e+02   1.4964e+01   0.0000e+00   8.6335e-04   3.2024e+02
20251211_16:00:00   9.3550e-01   1.6656e+02   1.4985e+01   0.0000e+00   8.6171e-04   3.1640e+02
20251211_17:00:00   9.4674e-01   1.6783e+02   1.5136e+01   0.0000e+00   2.6101e-03   3.1109e+02
20251211_18:00:00   9.6782e-01   1.7014e+02   1.5399e+01   0.0000e+00   3.9478e-03   3.0937e+02
20251211_19:00:00   9.6937e-01   1.7051e+02   1.5394e+01   0.0000e+00   4.2603e-03   3.1083e+02
20251211_20:00:00   9.8337e-01   1.7207e+02   1.5637e+01   0.0000e+00   3.4229e-03   3.1113e+02
20251211_21:00:00   1.0154e+00   1.7530e+02   1.6187e+01   0.0000e+00   2.7073e-03   3.1090e+02
20251211_22:00:00   1.0431e+00   1.7802e+02   1.6555e+01   0.0000e+00   4.6998e-03   3.1006e+02
20251211_23:00:00   1.0559e+00   1.7926e+02   1.6750e+01   0.0000e+00   7.9879e-03   3.1301e+02
20251212_00:00:00   1.0865e+00   1.8206e+02   1.7160e+01   0.0000e+00   4.4618e-03   3.1639e+02
20251212_01:00:00   1.1114e+00   1.8424e+02   1.7442e+01   0.0000e+00   4.3001e-03   3.1721e+02
20251212_02:00:00   1.1321e+00   1.8609e+02   1.7685e+01   8.8800e-06   2.8674e-03   3.1961e+02
20251212_03:00:00   1.1702e+00   1.8941e+02   1.7909e+01   7.7160e-03   2.5942e-03   3.2006e+02
20251212_04:00:00   1.2007e+00   1.9188e+02   1.8127e+01   1.3570e-02   2.8752e-03   3.1963e+02
20251212_05:00:00   1.1787e+00   1.9006e+02   1.8297e+01   9.4619e-04   1.2855e-03   3.2600e+02
20251212_06:00:00   1.1923e+00   1.9116e+02   1.8512e+01   8.6460e-04   1.7597e-03   3.2588e+02
20251212_07:00:00   1.2182e+00   1.9314e+02   1.8736e+01   5.6025e-03   2.2107e-03   3.2158e+02
20251212_08:00:00   1.2448e+00   1.9521e+02   1.9032e+01   1.0318e-02   2.9474e-03   3.1740e+02
20251212_09:00:00   1.3086e+00   2.0002e+02   1.9344e+01   3.0014e-02   4.1632e-03   3.1474e+02
20251212_10:00:00   1.4790e+00   2.1157e+02   1.9551e+01   9.5508e-02   3.6382e-03   3.1465e+02
20251212_11:00:00   1.5203e+00   2.1411e+02   1.9609e+01   1.0881e-01   4.1688e-03   3.1438e+02
20251212_12:00:00   1.6063e+00   2.1911e+02   1.9445e+01   1.4604e-01   3.3761e-03   3.1590e+02
20251212_13:00:00   1.6990e+00   2.2398e+02   1.9442e+01   1.8160e-01   2.5734e-03   3.1847e+02
20251212_14:00:00   2.2052e+00   2.4369e+02   1.9190e+01   3.9697e-01   2.3333e-03   3.1913e+02
20251212_15:00:00   2.0415e+00   2.3864e+02   1.8904e+01   3.3334e-01   3.5986e-03   3.1197e+02
20251212_16:00:00   2.0666e+00   2.3968e+02   1.8385e+01   3.5155e-01   7.1408e-03   3.0979e+02
20251212_17:00:00   2.2324e+00   2.4509e+02   1.8371e+01   4.2010e-01   5.7634e-03   3.0934e+02
20251212_18:00:00   2.4331e+00   2.5055e+02   1.8665e+01   4.9514e-01   5.0292e-03   3.0460e+02
20251212_21:00:00   1.4550e+00   2.1132e+02   1.8744e+01   9.0696e-02   2.5385e-03   2.9818e+02
20251213_00:00:00   1.3224e+00   2.0271e+02   1.9124e+01   2.9451e-02   2.7238e-04   2.9158e+02
20251213_03:00:00   1.2927e+00   2.0042e+02   1.9095e+01   1.6428e-02   7.9400e-05   2.8782e+02
20251213_06:00:00   1.8134e+00   2.2859e+02   1.7060e+01   3.0407e-01   3.6411e-03   2.8261e+02
20251213_09:00:00   1.7209e+00   2.2415e+02   1.6097e+01   2.9437e-01   8.8357e-03   2.8198e+02
20251213_12:00:00   1.9963e+00   2.3551e+02   1.6025e+01   4.1263e-01   9.4343e-03   2.8109e+02
20251213_15:00:00   2.1944e+00   2.4245e+02   1.6013e+01   4.8795e-01   2.9891e-02   2.8210e+02
20251213_18:00:00   1.4015e+00   2.0682e+02   1.4641e+01   1.8890e-01   1.3565e-01   2.8107e+02
20251213_21:00:00   1.3426e+00   2.0249e+02   1.4518e+01   1.7715e-01   2.9348e-02   2.7659e+02
20251214_00:00:00   1.3226e+00   2.0133e+02   1.3655e+01   1.8541e-01   6.7278e-03   2.7078e+02
20251214_03:00:00   1.1361e+00   1.8678e+02   1.4041e+01   9.1644e-02   2.4589e-04   2.7565e+02
20251214_06:00:00   1.0211e+00   1.7649e+02   1.3987e+01   4.0764e-02   1.6273e-03   2.8015e+02
20251214_09:00:00   1.1736e+00   1.9004e+02   1.7041e+01   2.9688e-02   3.2318e-03   2.8385e+02
20251214_12:00:00   1.0218e+00   1.7672e+02   1.5027e+01   1.7337e-02   1.9765e-05   2.9126e+02
20251214_15:00:00   9.7248e-01   1.7164e+02   1.4673e+01   7.9600e-03   1.4320e-03   2.9578e+02
20251214_18:00:00   1.0033e+00   1.7482e+02   1.4955e+01   1.5124e-02   1.0165e-03   2.9792e+02
20251214_21:00:00   9.5922e-01   1.7068e+02   1.4903e+01   2.8220e-04   2.4155e-03   2.9403e+02
20251215_00:00:00   9.8044e-01   1.7308e+02   1.5370e+01   0.0000e+00   5.9102e-03   2.9180e+02
20251215_03:00:00   9.5441e-01   1.7051e+02   1.5083e+01   0.0000e+00   8.1811e-03   2.9885e+02
20251215_06:00:00   8.8732e-01   1.6316e+02   1.3918e+01   0.0000e+00   1.0103e-02   3.0073e+02
20251215_09:00:00   9.4363e-01   1.6853e+02   1.4929e+01   0.0000e+00   1.5686e-02   2.9934e+02
20251215_12:00:00   9.8048e-01   1.7234e+02   1.5271e+01   2.4320e-03   3.0577e-03   3.0113e+02
20251215_15:00:00   9.7607e-01   1.7258e+02   1.3717e+01   2.9780e-02   4.1783e-03   3.0137e+02
20251215_18:00:00   9.0654e-01   1.6544e+02   1.2706e+01   2.7220e-02   6.0509e-03   3.0001e+02
20251215_21:00:00   8.3840e-01   1.5785e+02   1.2418e+01   1.0952e-02   3.7554e-03   2.9737e+02
20251216_00:00:00   9.6680e-01   1.7137e+02   1.5155e+01   5.4840e-03   7.4933e-02   2.9842e+02
20251216_03:00:00   9.9226e-01   1.7397e+02   1.5698e+01   7.1401e-04   3.2383e-03   3.0338e+02
20251216_06:00:00   9.1071e-01   1.6587e+02   1.3962e+01   1.2642e-03   5.0689e-03   3.0950e+02
20251216_09:00:00   1.0095e+00   1.7553e+02   1.5775e+01   4.8899e-05   1.0434e-02   3.0864e+02
20251216_12:00:00   1.0844e+00   1.8216e+02   1.7190e+01   0.0000e+00   8.1043e-02   3.1211e+02
20251216_15:00:00   9.8219e-01   1.7348e+02   1.4268e+01   2.5498e-03   1.5479e-03   3.2258e+02
20251216_18:00:00   1.2045e+00   1.9356e+02   1.5514e+01   5.5732e-02   1.2773e-04   3.2149e+02
20251216_21:00:00   1.2105e+00   1.9430e+02   1.5313e+01   5.9236e-02   3.9400e-04   3.1502e+02
20251217_00:00:00   1.1169e+00   1.8652e+02   1.5549e+01   1.8524e-02   6.3789e-05   3.1744e+02
20251217_03:00:00   1.2046e+00   1.9374e+02   1.6964e+01   2.9819e-02   3.3662e-04   3.1952e+02
20251217_06:00:00   1.1545e+00   1.8955e+02   1.7586e+01   2.0900e-03   6.8570e-04   3.3219e+02
20251217_09:00:00   1.1265e+00   1.8723e+02   1.6629e+01   1.4304e-02   1.7032e-02   3.2887e+02
20251217_12:00:00   1.1770e+00   1.9154e+02   1.7241e+01   1.6641e-02   0.0000e+00   3.2744e+02
20251217_15:00:00   1.2566e+00   1.9812e+02   1.7257e+01   4.5265e-02   0.0000e+00   3.2034e+02
20251217_18:00:00   1.2256e+00   1.9613e+02   1.7840e+01   2.3465e-02   1.6354e-03   3.1162e+02
20251217_21:00:00   1.2283e+00   1.9784e+02   1.9052e+01   2.3190e-03   6.5812e-04   3.0826e+02
20251218_00:00:00   1.3775e+00   2.1039e+02   2.1649e+01   1.9997e-05   1.4915e-03   3.2236e+02
20251218_03:00:00   1.5331e+00   2.2114e+02   2.3882e+01   8.7287e-04   2.5618e-03   3.2619e+02
20251218_06:00:00   1.5896e+00   2.2516e+02   2.4568e+01   1.1518e-04   1.2981e-04   3.1797e+02
20251218_09:00:00   1.5648e+00   2.2421e+02   2.3983e+01   5.1444e-03   8.4451e-04   3.1404e+02
20251218_12:00:00   1.6158e+00   2.2707e+02   2.4556e+01   9.9485e-03   8.5732e-04   3.0628e+02
20251218_15:00:00   1.6252e+00   2.2750e+02   2.3871e+01   1.7721e-02   1.4169e-03   3.0799e+02
20251218_18:00:00   1.5548e+00   2.2382e+02   2.2959e+01   2.1060e-03   1.4269e-03   3.0938e+02
20251218_21:00:00   1.1419e+00   1.9502e+02   1.6934e+01   1.1769e-04   2.2678e-03   3.1102e+02
20251219_00:00:00   1.1960e+00   1.9854e+02   1.7814e+01   0.0000e+00   1.5378e-03   3.0674e+02
20251219_03:00:00   1.1740e+00   1.9595e+02   1.7950e+01   0.0000e+00   9.0970e-04   3.0692e+02
20251219_06:00:00   1.0816e+00   1.8731e+02   1.6436e+01   0.0000e+00   2.8813e-03   3.1159e+02
20251219_09:00:00   1.0456e+00   1.8356e+02   1.5856e+01   0.0000e+00   2.1381e-03   3.1771e+02
20251219_12:00:00   1.0797e+00   1.8643e+02   1.6238e+01   0.0000e+00   3.2590e-03   3.1600e+02
20251219_15:00:00   1.0755e+00   1.8558e+02   1.6074e+01   0.0000e+00   2.8432e-02   3.0863e+02
20251219_18:00:00   9.9262e-01   1.7728e+02   1.5026e+01   0.0000e+00   1.1658e-02   3.0083e+02
20251219_21:00:00   9.4562e-01   1.7248e+02   1.4766e+01   0.0000e+00   2.1388e-02   2.9571e+02
20251220_00:00:00   1.0454e+00   1.8197e+02   1.6718e+01   0.0000e+00   1.1492e-01   2.9236e+02
20251220_03:00:00   1.2121e+00   1.9604e+02   1.9759e+01   0.0000e+00   1.2724e-02   2.8849e+02
20251220_06:00:00   1.1740e+00   1.9251e+02   1.9265e+01   0.0000e+00   7.9516e-03   2.9086e+02
20251220_09:00:00   1.2105e+00   1.9528e+02   1.9372e+01   5.6040e-04   1.8214e-02   2.8828e+02
20251220_12:00:00   1.1898e+00   1.9306e+02   1.8600e+01   2.3600e-05   1.7759e-02   2.9271e+02
20251220_15:00:00   1.0818e+00   1.8297e+02   1.6347e+01   1.2665e-03   7.2981e-03   3.1146e+02
20251220_18:00:00   8.2313e-01   1.5638e+02   1.2162e+01   0.0000e+00   1.3548e-04   3.2253e+02
20251220_21:00:00   5.4660e-01   1.1925e+02   7.8829e+00   0.0000e+00   0.0000e+00   3.1148e+02
20251221_00:00:00   4.6268e-01   1.0518e+02   6.7490e+00   0.0000e+00   0.0000e+00   3.1211e+02
20251221_03:00:00   4.7528e-01   1.0642e+02   6.9357e+00   5.0440e-05   3.0271e-03   3.1079e+02
20251221_06:00:00   4.3185e-01   9.8248e+01   6.2863e+00   0.0000e+00   6.1607e-04   3.1885e+02
20251221_09:00:00   4.2647e-01   9.7153e+01   6.0814e+00   0.0000e+00   3.9240e-07   3.1988e+02
20251221_12:00:00   4.0535e-01   9.3438e+01   5.7161e+00   0.0000e+00   3.9240e-07   3.0996e+02
20251221_15:00:00   4.2165e-01   9.5921e+01   6.1523e+00   0.0000e+00   1.8830e-05   3.2262e+02
20251221_18:00:00   5.1565e-01   1.1161e+02   7.5453e+00   0.0000e+00   7.0698e-05   3.3067e+02
20251221_21:00:00   5.5618e-01   1.1834e+02   8.2378e+00   0.0000e+00   5.0617e-03   3.2859e+02
20251222_00:00:00   5.2345e-01   1.1331e+02   7.7445e+00   0.0000e+00   4.8082e-03   3.2477e+02
20251222_03:00:00   5.6037e-01   1.1833e+02   8.5536e+00   0.0000e+00   1.9418e-02   3.2787e+02
20251222_06:00:00   6.1422e-01   1.2545e+02   9.5836e+00   1.4248e-04   3.1028e-02   3.2564e+02
20251222_09:00:00   6.0490e-01   1.2349e+02   9.6060e+00   0.0000e+00   3.5191e-02   3.1065e+02
20251222_12:00:00   5.9050e-01   1.2115e+02   9.4555e+00   0.0000e+00   1.9123e-02   3.0146e+02
20251222_15:00:00   5.7199e-01   1.1834e+02   9.2700e+00   0.0000e+00   3.7269e-02   3.0936e+02
20251222_18:00:00   5.6953e-01   1.1806e+02   9.2496e+00   0.0000e+00   9.1021e-02   3.0924e+02
20251222_21:00:00   5.3103e-01   1.1270e+02   8.6330e+00   0.0000e+00   2.5443e-02   3.0792e+02
20251223_00:00:00   5.4227e-01   1.1442e+02   8.9883e+00   0.0000e+00   4.1578e-02   3.0896e+02
20251223_03:00:00   5.7999e-01   1.1984e+02   9.7371e+00   0.0000e+00   1.1910e-02   3.0845e+02
20251223_06:00:00   6.6155e-01   1.3106e+02   1.1260e+01   0.0000e+00   7.4847e-02   3.0723e+02
20251223_09:00:00   8.2810e-01   1.5183e+02   1.3808e+01   0.0000e+00   4.7326e-01   3.0095e+02
20251223_12:00:00   9.4691e-01   1.6466e+02   1.5445e+01   0.0000e+00   5.9519e-01   3.0384e+02
20251223_15:00:00   1.0301e+00   1.7296e+02   1.6041e+01   4.7900e-03   3.8339e-01   3.0685e+02
20251223_18:00:00   1.0286e+00   1.7307e+02   1.6217e+01   7.1033e-04   2.3886e-01   3.0876e+02
