#            date       tau255        Tb[K]      pwv[mm] lwp[kg*m^-2] iwp[kg*m^-2]       o3[DU]
20251208_00:00:00   1.3187e+00   2.0229e+02   1.3497e+01   1.4855e-01   4.4015e-03   3.4619e+02
20251208_01:00:00   1.0584e+00   1.8050e+02   1.3826e+01   3.2059e-02   2.7813e-03   3.3757e+02
20251208_02:00:00   1.0291e+00   1.7775e+02   1.3435e+01   3.0798e-02   3.9182e-04   3.3949e+02
20251208_03:00:00   1.0259e+00   1.7735e+02   1.3629e+01   2.3364e-02   1.3308e-03   3.4419e+02
20251208_04:00:00   1.0141e+00   1.7611e+02   1.3553e+01   2.4036e-02   9.0370e-03   3.4561e+02
20251208_05:00:00   1.0027e+00   1.7476e+02   1.4114e+01   1.0937e-02   9.4990e-03   3.4352e+02
20251208_06:00:00   1.0384e+00   1.7805e+02   1.4649e+01   1.7844e-02   5.1334e-03   3.3761e+02
20251208_07:00:00   1.0207e+00   1.7626e+02   1.4774e+01   1.0076e-02   3.5865e-03   3.3442e+02
20251208_08:00:00   1.0342e+00   1.7730e+02   1.5313e+01   5.5453e-03   5.2645e-03   3.3846e+02
20251208_09:00:00   1.0343e+00   1.7717e+02   1.5762e+01   6.0107e-04   1.1125e-02   3.3787e+02
20251208_10:00:00   1.0262e+00   1.7638e+02   1.5656e+01   5.2664e-04   6.8591e-03   3.3753e+02
20251208_11:00:00   1.0593e+00   1.7930e+02   1.5979e+01   6.4907e-03   1.1168e-02   3.3909e+02
20251208_12:00:00   1.0809e+00   1.8131e+02   1.6071e+01   1.1873e-02   2.2343e-02   3.3838e+02
20251208_13:00:00   1.0665e+00   1.7994e+02   1.6118e+01   3.5021e-03   3.0663e-02   3.3547e+02
20251208_14:00:00   1.1538e+00   1.8723e+02   1.7750e+01   2.5937e-03   1.0745e-01   3.3631e+02
20251208_15:00:00   1.1261e+00   1.8495e+02   1.7263e+01   7.8271e-03   6.3060e-02   3.4155e+02
20251208_16:00:00   1.1878e+00   1.9015e+02   1.7820e+01   1.6709e-02   3.7388e-02   3.4510e+02
20251208_17:00:00   1.2107e+00   1.9203e+02   1.8543e+01   8.0564e-03   2.7777e-02   3.4428e+02
20251208_18:00:00   1.3741e+00   2.0398e+02   1.9084e+01   6.1549e-02   8.7998e-02   3.4157e+02
20251208_19:00:00   1.4559e+00   2.0967e+02   1.9529e+01   8.2316e-02   8.1899e-02   3.3825e+02
20251208_20:00:00   1.5634e+00   2.1678e+02   1.9744e+01   1.1588e-01   7.0449e-02   3.4012e+02
20251208_21:00:00   1.6331e+00   2.2088e+02   2.0106e+01   1.3319e-01   4.0492e-02   3.3768e+02
20251208_22:00:00   1.8682e+00   2.3231e+02   2.0546e+01   2.1796e-01   8.6567e-02   3.4044e+02
20251208_23:00:00   1.6127e+00   2.2042e+02   2.0989e+01   1.0377e-01   1.1470e-01   3.3715e+02
20251209_00:00:00   1.6464e+00   2.2234e+02   2.0887e+01   1.2180e-01   9.4259e-02   3.3409e+02
20251209_01:00:00   1.5024e+00   2.1439e+02   2.0329e+01   7.8359e-02   7.9811e-02   3.2332e+02
20251209_02:00:00   1.3965e+00   2.0781e+02   1.9643e+01   5.1956e-02   8.4893e-02   3.1650e+02
20251209_03:00:00   1.3620e+00   2.0558e+02   2.0301e+01   2.5114e-02   8.4728e-02   3.1641e+02
20251209_04:00:00   1.3952e+00   2.0795e+02   2.0942e+01   1.9617e-02   1.2798e-01   3.1957e+02
20251209_05:00:00   1.4355e+00   2.1095e+02   2.1382e+01   2.3772e-02   8.5000e-02   3.1960e+02
20251209_06:00:00   1.4696e+00   2.1335e+02   2.1539e+01   3.2354e-02   9.9825e-02   3.1626e+02
20251209_07:00:00   1.4272e+00   2.1074e+02   2.1374e+01   2.0825e-02   6.3275e-02   3.1306e+02
20251209_08:00:00   1.3741e+00   2.0720e+02   2.0971e+01   1.3001e-02   6.7353e-02   3.1020e+02
20251209_09:00:00   1.3178e+00   2.0330e+02   2.0011e+01   1.6360e-02   4.7917e-02   3.0758e+02
20251209_10:00:00   1.2386e+00   1.9687e+02   1.9027e+01   8.5793e-03   3.1315e-03   3.1126e+02
20251209_11:00:00   9.2561e-01   1.6770e+02   1.4596e+01   5.1320e-04   2.8324e-03   3.1082e+02
20251209_12:00:00   7.7056e-01   1.4978e+02   1.1938e+01   9.9540e-04   1.6378e-03   3.1233e+02
20251209_13:00:00   7.2381e-01   1.4364e+02   1.1198e+01   2.3400e-03   2.9922e-03   3.1732e+02
20251209_14:00:00   6.9587e-01   1.3972e+02   1.0873e+01   1.9230e-03   2.4422e-03   3.2122e+02
20251209_15:00:00   6.7309e-01   1.3626e+02   1.0582e+01   1.6524e-03   8.4567e-03   3.2286e+02
20251209_16:00:00   6.3501e-01   1.3067e+02   1.0064e+01   3.0840e-04   7.0839e-03   3.2307e+02
20251209_17:00:00   5.9021e-01   1.2406e+02   9.3846e+00   0.0000e+00   8.7088e-03   3.2119e+02
20251209_18:00:00   5.7464e-01   1.2174e+02   9.1094e+00   0.0000e+00   6.9977e-03   3.2112e+02
20251209_19:00:00   5.7551e-01   1.2186e+02   9.1940e+00   0.0000e+00   1.9715e-02   3.2249e+02
20251209_20:00:00   5.9131e-01   1.2415e+02   9.5305e+00   0.0000e+00   2.7064e-02   3.2216e+02
20251209_21:00:00   6.1383e-01   1.2729e+02   9.8309e+00   4.3247e-03   5.8553e-02   3.2494e+02
20251209_22:00:00   6.4881e-01   1.3217e+02   1.0503e+01   1.8634e-03   1.0550e-01   3.2557e+02
20251209_23:00:00   7.0245e-01   1.3922e+02   1.1421e+01   2.0503e-03   1.9949e-01   3.2564e+02
20251210_00:00:00   7.5768e-01   1.4614e+02   1.2397e+01   9.7840e-04   2.9339e-01   3.2137e+02
20251210_01:00:00   8.4054e-01   1.5598e+02   1.3789e+01   0.0000e+00   2.9910e-01   3.1697e+02
20251210_02:00:00   9.3166e-01   1.6602e+02   1.5295e+01   0.0000e+00   2.4525e-01   3.1291e+02
20251210_03:00:00   1.0542e+00   1.7826e+02   1.7204e+01   0.0000e+00   1.6088e-01   3.0787e+02
20251210_04:00:00   1.4518e+00   2.0885e+02   1.8833e+01   1.2010e-01   1.3674e-01   3.0552e+02
20251210_05:00:00   1.6787e+00   2.2167e+02   2.0243e+01   1.6690e-01   2.6633e-01   3.0693e+02
20251210_06:00:00   1.5099e+00   2.1265e+02   2.1590e+01   4.9970e-02   3.4974e-01   3.1011e+02
20251210_07:00:00   1.6651e+00   2.2136e+02   2.2074e+01   9.9598e-02   2.1539e-01   3.1344e+02
20251210_08:00:00   1.7198e+00   2.2448e+02   2.2184e+01   1.1628e-01   1.9701e-01   3.1388e+02
20251210_09:00:00   1.5838e+00   2.1766e+02   2.2377e+01   5.7967e-02   1.1372e-01   3.1477e+02
20251210_10:00:00   1.5520e+00   2.1625e+02   2.2134e+01   5.1289e-02   1.0185e-01   3.1796e+02
20251210_11:00:00   1.5084e+00   2.1388e+02   2.1968e+01   3.7859e-02   6.9137e-02   3.1920e+02
20251210_12:00:00   1.4267e+00   2.0912e+02   2.1626e+01   1.6876e-02   1.2540e-01   3.1969e+02
20251210_13:00:00   1.3386e+00   2.0367e+02   2.0432e+01   9.9711e-03   2.8013e-02   3.1902e+02
20251210_14:00:00   1.3963e+00   2.0765e+02   2.0179e+01   4.0121e-02   5.7675e-03   3.1917e+02
20251210_15:00:00   1.4391e+00   2.1050e+02   1.9494e+01   7.7819e-02   1.4658e-03   3.2098e+02
20251210_16:00:00   1.3620e+00   2.0519e+02   1.8777e+01   6.4650e-02   2.3846e-03   3.2227e+02
20251210_17:00:00   1.2890e+00   1.9999e+02   1.8671e+01   3.6648e-02   2.2742e-03   3.2156e+02
20251210_18:00:00   1.2443e+00   1.9663e+02   1.8859e+01   1.2577e-02   3.5940e-03   3.2588e+02
20251210_19:00:00   1.2473e+00   1.9694e+02   1.9298e+01   6.8092e-03   8.8323e-03   3.3063e+02
20251210_20:00:00   1.2932e+00   2.0039e+02   2.0039e+01   9.2003e-03   9.0735e-02   3.3126e+02
20251210_21:00:00   1.2962e+00   2.0073e+02   1.9961e+01   1.1481e-02   4.7435e-03   3.3350e+02
20251210_22:00:00   1.3387e+00   2.0378e+02   2.0331e+01   2.3476e-02   5.4697e-02   3.3320e+02
20251210_23:00:00   1.2936e+00   2.0063e+02   1.9646e+01   2.0421e-02   6.7713e-03   3.3550e+02
20251211_00:00:00   1.2622e+00   1.9797e+02   1.9450e+01   1.4397e-02   6.4916e-03   3.3460e+02
20251211_01:00:00   1.2760e+00   1.9868e+02   1.9727e+01   1.2423e-02   9.2105e-03   3.3542e+02
20251211_02:00:00   1.2680e+00   1.9789e+02   1.9760e+01   9.4602e-03   1.0784e-02   3.3274e+02
20251211_03:00:00   1.2528e+00   1.9654e+02   1.9811e+01   3.1002e-03   1.2943e-02   3.3020e+02
20251211_04:00:00   1.2474e+00   1.9596e+02   1.9829e+01   2.7860e-03   9.1478e-03   3.2643e+02
20251211_05:00:00   1.2172e+00   1.9357e+02   1.9432e+01   1.4008e-03   1.1286e-02   3.2643e+02
20251211_06:00:00   1.2244e+00   1.9398e+02   1.9535e+01   2.5760e-04   2.1268e-02   3.3086e+02
20251211_07:00:00   1.2128e+00   1.9305e+02   1.9398e+01   0.0000e+00   1.2756e-02   3.2839e+02
20251211_08:00:00   1.1792e+00   1.9041e+02   1.8789e+01   6.6920e-04   9.9154e-03   3.2335e+02
20251211_09:00:00   1.1839e+00   1.9086e+02   1.8607e+01   5.0503e-03   6.7318e-03   3.1937e+02
20251211_10:00:00   1.1852e+00   1.9107e+02   1.8361e+01   1.0263e-02   3.8364e-03   3.1752e+02
20251211_11:00:00   1.1700e+00   1.8984e+02   1.7993e+01   1.2068e-02   3.5248e-03   3.1669e+02
20251211_12:00:00   1.1505e+00   1.8808e+02   1.8015e+01   4.2908e-03   3.3383e-03   3.1278e+02
20251211_13:00:00   1.1180e+00   1.8525e+02   1.7661e+01   0.0000e+00   2.0928e-03   3.0875e+02
20251211_14:00:00   1.1299e+00   1.8622e+02   1.7789e+01   9.5920e-05   1.7437e-03   3.1165e+02
20251211_15:00:00   1.1373e+00   1.8682e+02   1.7915e+01   7.3180e-04   3.0795e-03   3.1155e+02
20251211_16:00:00   1.1556e+00   1.8838e+02   1.8183e+01   1.0764e-03   5.2902e-03   3.1411e+02
20251211_17:00:00   1.1486e+00   1.8789e+02   1.8008e+01   2.5400e-03   1.6384e-03   3.1419e+02
20251211_18:00:00   1.1305e+00   1.8649e+02   1.7819e+01   0.0000e+00   1.9250e-03   3.1511e+02
20251211_19:00:00   1.1310e+00   1.8671e+02   1.7802e+01   0.0000e+00   1.2933e-03   3.1415e+02
20251211_20:00:00   1.1037e+00   1.8455e+02   1.7298e+01   0.0000e+00   3.0124e-03   3.1598e+02
20251211_21:00:00   1.0998e+00   1.8428e+02   1.7232e+01   0.0000e+00   1.9408e-03   3.1740e+02
20251211_22:00:00   1.0792e+00   1.8240e+02   1.6851e+01   1.9538e-05   2.1541e-03   3.1787e+02
20251211_23:00:00   1.0798e+00   1.8227e+02   1.6681e+01   3.0086e-03   1.7535e-03   3.1834e+02
20251212_00:00:00   1.0936e+00   1.8339e+02   1.6411e+01   1.4541e-02   1.7798e-03   3.2066e+02
20251212_01:00:00   1.1589e+00   1.8908e+02   1.6501e+01   3.7622e-02   1.6882e-03   3.2251e+02
20251212_02:00:00   1.1825e+00   1.9098e+02   1.6608e+01   4.3810e-02   1.3425e-03   3.1968e+02
20251212_03:00:00   1.1201e+00   1.8534e+02   1.6706e+01   1.7610e-02   1.5984e-03   3.1744e+02
20251212_04:00:00   1.0986e+00   1.8324e+02   1.6777e+01   8.0990e-03   1.6037e-03   3.2903e+02
20251212_05:00:00   1.0711e+00   1.8046e+02   1.6747e+01   1.5058e-03   2.0596e-03   3.3489e+02
20251212_06:00:00   1.0626e+00   1.7941e+02   1.6901e+01   0.0000e+00   2.5866e-03   3.3292e+02
20251212_07:00:00   1.0642e+00   1.7925e+02   1.7164e+01   0.0000e+00   3.4506e-03   3.2940e+02
20251212_08:00:00   1.0480e+00   1.7767e+02   1.7017e+01   0.0000e+00   4.9129e-03   3.2402e+02
20251212_09:00:00   1.0291e+00   1.7585e+02   1.6822e+01   0.0000e+00   5.7164e-03   3.1953e+02
20251212_10:00:00   1.0219e+00   1.7514e+02   1.6740e+01   0.0000e+00   9.7485e-03   3.1664e+02
20251212_11:00:00   1.0216e+00   1.7523e+02   1.6690e+01   4.5780e-04   5.6525e-03   3.1415e+02
20251212_12:00:00   1.0320e+00   1.7630e+02   1.6714e+01   1.1634e-03   4.8722e-03   3.1999e+02
20251212_13:00:00   1.0888e+00   1.8183e+02   1.6376e+01   2.9205e-02   2.1367e-03   3.1783e+02
20251212_14:00:00   1.2046e+00   1.9196e+02   1.6145e+01   7.7447e-02   2.2935e-03   3.1628e+02
20251212_15:00:00   1.2809e+00   1.9794e+02   1.6611e+01   9.5380e-02   4.8441e-03   3.1766e+02
20251212_16:00:00   1.4078e+00   2.0707e+02   1.6641e+01   1.4596e-01   2.6049e-03   3.1486e+02
20251212_17:00:00   1.5058e+00   2.1324e+02   1.6714e+01   1.8044e-01   6.8778e-03   3.1097e+02
20251212_18:00:00   1.5244e+00   2.1451e+02   1.6979e+01   1.7939e-01   4.8811e-03   3.0585e+02
20251212_19:00:00   1.8931e+00   2.3268e+02   1.7768e+01   3.0994e-01   2.9037e-02   3.0251e+02
20251212_20:00:00   1.8683e+00   2.3201e+02   1.7940e+01   2.9362e-01   1.2998e-02   2.9863e+02
20251212_21:00:00   1.9294e+00   2.3437e+02   1.8253e+01   3.1333e-01   8.7618e-03   2.9558e+02
20251212_22:00:00   1.7697e+00   2.2769e+02   1.8087e+01   2.5021e-01   6.2379e-03   2.9224e+02
20251212_23:00:00   1.6090e+00   2.1973e+02   1.8484e+01   1.7304e-01   3.1711e-03   2.9093e+02
20251213_00:00:00   1.5128e+00   2.1444e+02   1.8240e+01   1.3861e-01   1.8316e-03   2.8804e+02
20251213_03:00:00   1.1963e+00   1.9238e+02   1.8609e+01   4.9920e-04   3.2141e-04   2.8079e+02
20251213_06:00:00   1.1764e+00   1.9107e+02   1.7856e+01   4.6405e-03   6.4596e-04   2.8329e+02
20251213_09:00:00   1.1472e+00   1.8859e+02   1.6428e+01   2.1447e-02   8.6564e-03   2.7888e+02
20251213_12:00:00   1.1362e+00   1.8766e+02   1.5653e+01   3.2650e-02   3.5073e-02   2.8296e+02
20251213_15:00:00   1.2590e+00   1.9805e+02   1.5354e+01   8.5028e-02   3.0078e-02   2.9594e+02
20251213_18:00:00   1.0492e+00   1.8023e+02   1.5146e+01   1.4489e-02   8.4745e-03   2.9543e+02
20251213_21:00:00   1.1585e+00   1.8970e+02   1.7503e+01   1.2549e-02   7.4467e-03   2.9058e+02
20251214_00:00:00   1.2169e+00   1.9506e+02   1.6826e+01   3.2838e-02   3.0856e-03   2.9341e+02
20251214_03:00:00   1.5007e+00   2.1468e+02   1.7321e+01   1.3383e-01   2.5228e-04   2.9502e+02
20251214_06:00:00   1.2154e+00   1.9482e+02   1.6259e+01   4.0293e-02   3.5537e-04   2.9985e+02
20251214_09:00:00   8.1046e-01   1.5538e+02   1.1485e+01   4.2570e-03   1.4691e-04   3.0710e+02
20251214_12:00:00   6.7020e-01   1.3648e+02   9.9711e+00   7.3800e-04   3.8800e-06   3.1137e+02
20251214_15:00:00   7.0032e-01   1.3954e+02   1.0447e+01   0.0000e+00   0.0000e+00   3.1862e+02
20251214_18:00:00   6.4773e-01   1.3244e+02   9.7059e+00   0.0000e+00   0.0000e+00   3.1962e+02
20251214_21:00:00   6.7798e-01   1.3685e+02   1.0189e+01   0.0000e+00   0.0000e+00   3.2633e+02
20251215_00:00:00   7.1093e-01   1.4120e+02   1.0596e+01   0.0000e+00   3.8760e-06   3.2764e+02
20251215_03:00:00   7.0301e-01   1.4028e+02   1.0373e+01   0.0000e+00   8.9040e-06   3.2013e+02
20251215_06:00:00   7.1621e-01   1.4175e+02   1.0633e+01   0.0000e+00   2.0593e-03   3.1279e+02
20251215_09:00:00   7.7796e-01   1.4869e+02   1.1999e+01   0.0000e+00   8.0277e-03   3.1169e+02
20251215_12:00:00   9.1503e-01   1.6375e+02   1.4493e+01   0.0000e+00   7.0082e-02   3.0465e+02
20251215_15:00:00   1.0168e+00   1.7403e+02   1.6056e+01   0.0000e+00   2.9385e-02   3.0562e+02
20251215_18:00:00   9.2971e-01   1.6576e+02   1.4469e+01   3.6920e-03   6.8887e-03   2.9842e+02
20251215_21:00:00   7.8462e-01   1.5060e+02   1.1697e+01   2.8040e-03   1.5017e-03   3.0041e+02
20251216_00:00:00   9.4048e-01   1.6794e+02   1.4220e+01   1.0296e-02   4.8273e-03   3.0873e+02
20251216_03:00:00   1.1432e+00   1.8700e+02   1.7146e+01   1.5388e-02   7.7504e-03   3.1661e+02
20251216_06:00:00   1.2072e+00   1.9212e+02   1.8005e+01   1.1148e-02   2.9340e-02   3.1675e+02
20251216_09:00:00   1.2130e+00   1.9263e+02   1.8011e+01   7.8929e-03   4.7862e-02   3.2209e+02
20251216_12:00:00   1.0590e+00   1.8057e+02   1.3927e+01   3.3630e-02   5.3057e-04   3.2564e+02
20251216_15:00:00   1.1318e+00   1.8694e+02   1.3422e+01   7.8136e-02   3.3631e-04   3.1743e+02
20251216_18:00:00   9.9749e-01   1.7454e+02   1.3143e+01   3.5429e-02   6.8664e-03   3.1668e+02
20251216_21:00:00   9.2145e-01   1.6714e+02   1.3493e+01   1.0436e-03   1.3937e-02   3.0861e+02
20251217_00:00:00   9.9216e-01   1.7430e+02   1.4757e+01   0.0000e+00   7.3429e-03   3.0388e+02
20251217_03:00:00   1.0085e+00   1.7599e+02   1.5290e+01   0.0000e+00   8.3846e-03   3.0012e+02
20251217_06:00:00   9.3682e-01   1.6905e+02   1.4292e+01   0.0000e+00   2.7447e-03   3.0116e+02
20251217_09:00:00   9.4034e-01   1.6918e+02   1.4763e+01   0.0000e+00   5.5788e-03   3.0728e+02
20251217_12:00:00   9.7022e-01   1.7220e+02   1.5354e+01   0.0000e+00   5.0359e-03   3.1049e+02
20251217_15:00:00   1.0036e+00   1.7550e+02   1.6048e+01   0.0000e+00   6.7056e-03   3.0599e+02
20251217_18:00:00   9.5744e-01   1.7097e+02   1.5567e+01   0.0000e+00   8.3058e-03   3.0390e+02
20251217_21:00:00   1.0029e+00   1.7603e+02   1.6445e+01   0.0000e+00   2.2279e-03   3.0357e+02
20251218_00:00:00   9.6554e-01   1.7264e+02   1.5841e+01   0.0000e+00   4.1404e-03   3.0154e+02
20251218_03:00:00   8.6163e-01   1.6180e+02   1.3536e+01   1.4210e-05   1.0930e-02   3.0075e+02
20251218_06:00:00   7.4809e-01   1.4851e+02   1.1119e+01   0.0000e+00   6.0476e-02   3.0123e+02
20251218_09:00:00   7.2072e-01   1.4476e+02   1.0747e+01   0.0000e+00   1.0132e-01   2.9377e+02
20251218_12:00:00   7.4095e-01   1.4718e+02   1.1300e+01   0.0000e+00   2.0049e-02   2.8873e+02
20251218_15:00:00   7.5692e-01   1.4903e+02   1.1556e+01   0.0000e+00   2.0781e-03   2.9179e+02
20251218_18:00:00   7.9054e-01   1.5322e+02   1.2082e+01   0.0000e+00   0.0000e+00   2.9877e+02
20251218_21:00:00   7.6545e-01   1.5066e+02   1.1726e+01   0.0000e+00   0.0000e+00   2.9567e+02
20251219_00:00:00   7.3493e-01   1.4661e+02   1.1145e+01   0.0000e+00   0.0000e+00   3.0244e+02
20251219_03:00:00   6.7663e-01   1.3848e+02   1.0091e+01   0.0000e+00   0.0000e+00   3.1766e+02
20251219_06:00:00   7.9514e-01   1.5326e+02   1.2382e+01   0.0000e+00   0.0000e+00   3.2028e+02
20251219_09:00:00   7.6774e-01   1.5006e+02   1.1713e+01   0.0000e+00   1.4306e-03   3.1543e+02
20251219_12:00:00   6.7974e-01   1.3836e+02   1.0275e+01   0.0000e+00   2.4922e-03   3.1586e+02
20251219_15:00:00   7.6399e-01   1.4860e+02   1.1727e+01   1.8430e-04   1.0746e-02   3.2094e+02
20251219_18:00:00   7.5421e-01   1.4745e+02   1.1894e+01   9.7700e-04   1.1529e-01   3.2392e+02
20251219_21:00:00   7.5679e-01   1.4766e+02   1.2090e+01   0.0000e+00   6.0452e-02   3.2315e+02
20251220_00:00:00   7.6939e-01   1.4936e+02   1.2089e+01   0.0000e+00   1.1754e-02   3.1978e+02
20251220_03:00:00   7.5179e-01   1.4723e+02   1.1719e+01   0.0000e+00   7.9769e-03   3.1402e+02
20251220_06:00:00   7.4876e-01   1.4674e+02   1.1655e+01   0.0000e+00   6.7633e-03   3.1410e+02
20251220_09:00:00   7.6588e-01   1.4889e+02   1.1904e+01   0.0000e+00   4.6345e-02   3.1301e+02
20251220_12:00:00   7.9330e-01   1.5221e+02   1.2523e+01   0.0000e+00   7.0874e-02   3.1032e+02
20251220_15:00:00   9.1045e-01   1.6556e+02   1.4524e+01   0.0000e+00   1.2583e-03   3.0718e+02
20251220_18:00:00   9.3112e-01   1.6781e+02   1.4904e+01   0.0000e+00   2.0582e-02   3.0628e+02
20251220_21:00:00   1.0541e+00   1.7979e+02   1.7159e+01   0.0000e+00   7.8994e-02   3.0678e+02
20251221_00:00:00   1.3503e+00   2.0353e+02   2.2040e+01   0.0000e+00   1.3388e-01   3.0453e+02
20251221_03:00:00   1.5829e+00   2.1842e+02   2.3878e+01   3.1770e-02   3.2549e-03   3.0364e+02
20251221_06:00:00   1.7294e+00   2.2625e+02   2.3001e+01   1.1108e-01   2.8552e-02   3.0357e+02
20251221_09:00:00   1.7681e+00   2.2825e+02   2.3772e+01   1.1374e-01   2.4772e-02   3.0329e+02
20251221_12:00:00   2.1914e+00   2.4405e+02   2.5360e+01   2.4264e-01   1.7743e-01   3.0023e+02
20251221_15:00:00   2.3315e+00   2.4796e+02   2.4619e+01   3.1452e-01   5.2394e-02   2.9961e+02
20251221_18:00:00   2.2424e+00   2.4556e+02   2.5330e+01   2.5644e-01   1.3136e-01   2.9445e+02
20251221_21:00:00   2.1182e+00   2.4182e+02   2.5099e+01   2.0698e-01   1.5459e-01   2.9970e+02
20251222_00:00:00   2.0325e+00   2.3915e+02   2.1676e+01   2.4290e-01   1.8292e-03   3.0887e+02
20251222_03:00:00   1.4559e+00   2.1247e+02   1.8220e+01   7.8006e-02   0.0000e+00   3.0844e+02
20251222_06:00:00   1.4880e+00   2.1445e+02   1.7923e+01   1.1316e-01   2.5816e-03   3.0119e+02
20251222_09:00:00   1.7267e+00   2.2752e+02   1.8952e+01   1.8492e-01   1.5467e-01   2.9789e+02
20251222_12:00:00   1.9366e+00   2.3649e+02   2.2112e+01   2.0020e-01   3.2265e-01   2.9787e+02
20251222_15:00:00   3.4384e+00   2.6715e+02   2.6470e+01   6.9272e-01   7.4448e-01   2.9626e+02
20251222_18:00:00   2.1643e+00   2.4476e+02   2.4361e+01   2.3038e-01   4.4941e-01   2.9929e+02
20251222_21:00:00   1.7877e+00   2.3107e+02   2.1401e+01   1.4511e-01   2.1751e-02   3.0840e+02
20251223_00:00:00   1.5145e+00   2.1730e+02   1.9088e+01   7.9829e-02   2.2762e-05   3.1275e+02
20251223_03:00:00   1.4472e+00   2.1253e+02   1.8886e+01   6.1554e-02   3.1135e-02   3.1923e+02
20251223_06:00:00   8.1130e-01   1.5644e+02   1.1276e+01   2.1120e-03   0.0000e+00   3.3131e+02
20251223_09:00:00   7.2566e-01   1.4531e+02   1.0304e+01   0.0000e+00   0.0000e+00   3.4059e+02
20251223_12:00:00   7.2816e-01   1.4500e+02   1.0361e+01   1.7144e-05   0.0000e+00   3.4697e+02
20251223_15:00:00   9.3891e-01   1.6847e+02   1.4019e+01   4.9020e-04   0.0000e+00   3.4638e+02
20251223_18:00:00   1.0577e+00   1.8022e+02   1.5113e+01   1.5222e-02   2.3800e-03   3.3172e+02
20251223_21:00:00   1.4993e+00   2.1382e+02   1.7736e+01   1.2039e-01   1.6866e-01   3.2551e+02
20251224_00:00:00   9.8523e-01   1.7394e+02   1.3980e+01   1.0515e-02   0.0000e+00   3.3822e+02
