#            date       tau255        Tb[K]      pwv[mm] lwp[kg*m^-2] iwp[kg*m^-2]       o3[DU]
20251208_12:00:00   1.0389e+00   1.7756e+02   1.5971e+01   0.0000e+00   2.7243e-02   3.4147e+02
20251208_13:00:00   1.0623e+00   1.7960e+02   1.6441e+01   6.8600e-05   4.9475e-02   3.3759e+02
20251208_14:00:00   1.1232e+00   1.8479e+02   1.7592e+01   0.0000e+00   2.1192e-01   3.4009e+02
20251208_15:00:00   1.0938e+00   1.8238e+02   1.7284e+01   0.0000e+00   8.1932e-02   3.4223e+02
20251208_16:00:00   1.1474e+00   1.8697e+02   1.8097e+01   0.0000e+00   4.7115e-02   3.4344e+02
20251208_17:00:00   1.1754e+00   1.8939e+02   1.8448e+01   2.0202e-04   6.9394e-02   3.4274e+02
20251208_18:00:00   1.2656e+00   1.9672e+02   1.9391e+01   9.5040e-03   3.1482e-02   3.3171e+02
20251208_19:00:00   1.4653e+00   2.1078e+02   2.0104e+01   7.0456e-02   5.6325e-02   3.2780e+02
20251208_20:00:00   1.7913e+00   2.2864e+02   2.1010e+01   1.7996e-01   5.6074e-02   3.2827e+02
20251208_21:00:00   1.8478e+00   2.3156e+02   2.1464e+01   1.8668e-01   4.1050e-02   3.2904e+02
20251208_22:00:00   1.6306e+00   2.2153e+02   2.1450e+01   9.7676e-02   7.6595e-02   3.2555e+02
20251208_23:00:00   1.6369e+00   2.2207e+02   2.1498e+01   1.0127e-01   1.2854e-01   3.1955e+02
20251209_00:00:00   1.4801e+00   2.1326e+02   2.1065e+01   5.2389e-02   8.1972e-02   3.1574e+02
20251209_01:00:00   1.3663e+00   2.0595e+02   2.0341e+01   2.3572e-02   6.9268e-02   3.1540e+02
20251209_02:00:00   1.3661e+00   2.0608e+02   2.0506e+01   2.0357e-02   5.7571e-02   3.1495e+02
20251209_03:00:00   1.4210e+00   2.0992e+02   2.1083e+01   2.7043e-02   9.5901e-02   3.1604e+02
20251209_04:00:00   1.4581e+00   2.1257e+02   2.1641e+01   2.4043e-02   7.8896e-02   3.1455e+02
20251209_05:00:00   1.4806e+00   2.1418e+02   2.1684e+01   3.2358e-02   9.5622e-02   3.1172e+02
20251209_06:00:00   1.4381e+00   2.1142e+02   2.1641e+01   1.6501e-02   7.4993e-02   3.1051e+02
20251209_07:00:00   1.3851e+00   2.0813e+02   2.1153e+01   1.3661e-02   1.2645e-01   3.0778e+02
20251209_08:00:00   1.3522e+00   2.0581e+02   2.0627e+01   1.5110e-02   7.9494e-02   3.0224e+02
20251209_09:00:00   1.2605e+00   1.9875e+02   1.9255e+01   1.2615e-02   1.1133e-02   3.0264e+02
20251209_10:00:00   1.0665e+00   1.8183e+02   1.6798e+01   2.0366e-03   1.4012e-02   3.0398e+02
20251209_11:00:00   7.9512e-01   1.5287e+02   1.2311e+01   2.9640e-03   2.0152e-03   3.0885e+02
20251209_12:00:00   7.1737e-01   1.4302e+02   1.0764e+01   6.1580e-03   1.7501e-03   3.1880e+02
20251209_13:00:00   6.8670e-01   1.3865e+02   1.0309e+01   8.6700e-03   2.5499e-03   3.2364e+02
20251209_14:00:00   6.6325e-01   1.3505e+02   1.0170e+01   5.7960e-03   3.3672e-03   3.2294e+02
20251209_15:00:00   6.4222e-01   1.3173e+02   1.0055e+01   2.7200e-03   5.1762e-03   3.2349e+02
20251209_16:00:00   6.3170e-01   1.2987e+02   1.0048e+01   1.9174e-03   2.3373e-02   3.2524e+02
20251209_17:00:00   6.3550e-01   1.3012e+02   1.0277e+01   6.5840e-04   3.6620e-02   3.2604e+02
20251209_18:00:00   6.4593e-01   1.3144e+02   1.0566e+01   0.0000e+00   5.9253e-02   3.2708e+02
20251209_19:00:00   6.6236e-01   1.3367e+02   1.0917e+01   0.0000e+00   7.1439e-02   3.2680e+02
20251209_20:00:00   6.8341e-01   1.3640e+02   1.1231e+01   0.0000e+00   3.3577e-01   3.2624e+02
20251209_21:00:00   7.1986e-01   1.4119e+02   1.1802e+01   0.0000e+00   2.9988e-01   3.2499e+02
20251209_22:00:00   7.6560e-01   1.4694e+02   1.2584e+01   0.0000e+00   1.7716e-01   3.2475e+02
20251209_23:00:00   8.4025e-01   1.5582e+02   1.3818e+01   0.0000e+00   1.7025e-01   3.2187e+02
20251210_00:00:00   9.1919e-01   1.6448e+02   1.5017e+01   0.0000e+00   4.1747e-01   3.1845e+02
20251210_01:00:00   9.9479e-01   1.7228e+02   1.6216e+01   0.0000e+00   2.5210e-01   3.1347e+02
20251210_02:00:00   1.1288e+00   1.8465e+02   1.7339e+01   2.3923e-02   3.0191e-01   3.0994e+02
20251210_03:00:00   1.2852e+00   1.9720e+02   1.8637e+01   4.9922e-02   1.8087e-01   3.1023e+02
20251210_04:00:00   1.2925e+00   1.9787e+02   1.9812e+01   1.3494e-02   1.3320e-01   3.1109e+02
20251210_05:00:00   1.3575e+00   2.0280e+02   2.0330e+01   2.2849e-02   8.8173e-02   3.1290e+02
20251210_06:00:00   1.4025e+00   2.0607e+02   2.1137e+01   1.8492e-02   1.4669e-01   3.1525e+02
20251210_07:00:00   1.5795e+00   2.1670e+02   2.1524e+01   7.5970e-02   3.7129e-01   3.1610e+02
20251210_08:00:00   1.5115e+00   2.1321e+02   2.1437e+01   5.0887e-02   2.1616e-01   3.1508e+02
20251210_09:00:00   1.5630e+00   2.1668e+02   2.1221e+01   8.1156e-02   3.8625e-02   3.1673e+02
20251210_10:00:00   1.5553e+00   2.1657e+02   2.1773e+01   6.4509e-02   2.1037e-02   3.1984e+02
20251210_11:00:00   1.5373e+00   2.1573e+02   2.1926e+01   5.3100e-02   9.4624e-02   3.2222e+02
20251210_12:00:00   1.5230e+00   2.1524e+02   2.2039e+01   4.5375e-02   1.8974e-02   3.2092e+02
20251210_13:00:00   1.5224e+00   2.1552e+02   2.1264e+01   6.4307e-02   2.5530e-02   3.2154e+02
20251210_14:00:00   1.5585e+00   2.1770e+02   2.1066e+01   8.0462e-02   2.2918e-02   3.2079e+02
20251210_15:00:00   1.5748e+00   2.1871e+02   2.1399e+01   8.1141e-02   2.2768e-02   3.1941e+02
20251210_16:00:00   1.5012e+00   2.1455e+02   2.0768e+01   6.7853e-02   7.4049e-02   3.1885e+02
20251210_17:00:00   1.5276e+00   2.1629e+02   2.0703e+01   7.9971e-02   3.1911e-03   3.2077e+02
20251210_18:00:00   1.5855e+00   2.1966e+02   2.1361e+01   8.5836e-02   1.3037e-02   3.2306e+02
20251210_19:00:00   1.5333e+00   2.1675e+02   2.1924e+01   5.1231e-02   5.3951e-03   3.2613e+02
20251210_20:00:00   1.5076e+00   2.1538e+02   2.2461e+01   2.7245e-02   2.5465e-03   3.2943e+02
20251210_21:00:00   1.4544e+00   2.1242e+02   2.1943e+01   1.8701e-02   4.3599e-03   3.2948e+02
20251210_22:00:00   1.5488e+00   2.1826e+02   2.2614e+01   3.5771e-02   1.2382e-02   3.2676e+02
20251210_23:00:00   1.5311e+00   2.1723e+02   2.2795e+01   2.8019e-02   6.1277e-03   3.2694e+02
20251211_00:00:00   1.5309e+00   2.1697e+02   2.2734e+01   2.7616e-02   2.1707e-03   3.1938e+02
20251211_01:00:00   1.4704e+00   2.1321e+02   2.2843e+01   3.9805e-03   2.1133e-02   3.1959e+02
20251211_02:00:00   1.5030e+00   2.1518e+02   2.2703e+01   1.8840e-02   1.6588e-02   3.2058e+02
20251211_03:00:00   1.5442e+00   2.1755e+02   2.2920e+01   2.6364e-02   1.0551e-02   3.2057e+02
20251211_04:00:00   1.5623e+00   2.1847e+02   2.2952e+01   2.9786e-02   2.2738e-02   3.1933e+02
20251211_05:00:00   1.6031e+00   2.2070e+02   2.2716e+01   4.9971e-02   1.5679e-02   3.1707e+02
20251211_06:00:00   1.6368e+00   2.2249e+02   2.2553e+01   6.7345e-02   1.8344e-02   3.1662e+02
20251211_07:00:00   1.5997e+00   2.2048e+02   2.2271e+01   6.0238e-02   1.0386e-02   3.1758e+02
20251211_08:00:00   1.5867e+00   2.1984e+02   2.1918e+01   6.5498e-02   8.7675e-03   3.1619e+02
20251211_09:00:00   1.4337e+00   2.1077e+02   2.1207e+01   2.3931e-02   3.3585e-03   3.1259e+02
20251211_10:00:00   1.4004e+00   2.0870e+02   2.0858e+01   1.9618e-02   4.3891e-03   3.1095e+02
20251211_11:00:00   1.3849e+00   2.0770e+02   2.0348e+01   2.6511e-02   2.3579e-03   3.0913e+02
20251211_12:00:00   1.3374e+00   2.0446e+02   1.9797e+01   2.1442e-02   1.1203e-03   3.0751e+02
20251211_13:00:00   1.3814e+00   2.0735e+02   1.9965e+01   3.0718e-02   1.3339e-03   3.0361e+02
20251211_14:00:00   1.3727e+00   2.0665e+02   1.9932e+01   2.9379e-02   1.6771e-03   3.0180e+02
20251211_15:00:00   1.3219e+00   2.0293e+02   1.9716e+01   1.8003e-02   5.4588e-03   3.0313e+02
20251211_16:00:00   1.2965e+00   2.0092e+02   1.9629e+01   1.1800e-02   6.9732e-03   3.0626e+02
20251211_17:00:00   1.2525e+00   1.9759e+02   1.9311e+01   2.5684e-03   4.3305e-03   3.1211e+02
20251211_18:00:00   1.1937e+00   1.9316e+02   1.8614e+01   8.3980e-06   1.8687e-03   3.1337e+02
20251211_19:00:00   1.1496e+00   1.8974e+02   1.7926e+01   0.0000e+00   2.5303e-03   3.1271e+02
20251211_20:00:00   1.0995e+00   1.8545e+02   1.7071e+01   4.3160e-05   4.0394e-03   3.1175e+02
20251211_21:00:00   1.0644e+00   1.8227e+02   1.6542e+01   0.0000e+00   4.3745e-03   3.1110e+02
20251211_22:00:00   1.0751e+00   1.8314e+02   1.6712e+01   0.0000e+00   5.5711e-04   3.0978e+02
20251211_23:00:00   1.0752e+00   1.8300e+02   1.6740e+01   0.0000e+00   1.4324e-03   3.0892e+02
20251212_00:00:00   1.0840e+00   1.8338e+02   1.6945e+01   0.0000e+00   1.4695e-03   3.1087e+02
20251212_01:00:00   1.0772e+00   1.8243e+02   1.6974e+01   0.0000e+00   1.9771e-03   3.0726e+02
20251212_02:00:00   1.0867e+00   1.8307e+02   1.7205e+01   0.0000e+00   9.6518e-04   3.0926e+02
20251212_03:00:00   1.0882e+00   1.8293e+02   1.7264e+01   0.0000e+00   1.3815e-03   3.1391e+02
20251212_04:00:00   1.0874e+00   1.8259e+02   1.7324e+01   0.0000e+00   2.1096e-03   3.1845e+02
20251212_05:00:00   1.0899e+00   1.8250e+02   1.7471e+01   0.0000e+00   3.5384e-03   3.1941e+02
20251212_06:00:00   1.0912e+00   1.8240e+02   1.7597e+01   0.0000e+00   3.5337e-03   3.2442e+02
20251212_07:00:00   1.0951e+00   1.8262e+02   1.7700e+01   0.0000e+00   4.1757e-03   3.2683e+02
20251212_08:00:00   1.0920e+00   1.8231e+02   1.7669e+01   0.0000e+00   5.5282e-03   3.2680e+02
20251212_09:00:00   1.0961e+00   1.8272e+02   1.7646e+01   0.0000e+00   5.3320e-03   3.2393e+02
20251212_10:00:00   1.1043e+00   1.8352e+02   1.7719e+01   1.5520e-05   4.9309e-03   3.2071e+02
20251212_11:00:00   1.1522e+00   1.8778e+02   1.7802e+01   1.4588e-02   4.7312e-03   3.1755e+02
20251212_12:00:00   1.1829e+00   1.9053e+02   1.7663e+01   2.7422e-02   3.5800e-03   3.1492e+02
20251212_13:00:00   1.1933e+00   1.9149e+02   1.7413e+01   3.4436e-02   3.1828e-03   3.1759e+02
20251212_14:00:00   1.3786e+00   2.0542e+02   1.7320e+01   1.1018e-01   3.8911e-03   3.1409e+02
20251212_15:00:00   1.5753e+00   2.1752e+02   1.7729e+01   1.8179e-01   3.4004e-03   3.0974e+02
20251212_16:00:00   1.3337e+00   2.0251e+02   1.7713e+01   7.9748e-02   2.8108e-03   3.0914e+02
20251212_17:00:00   1.5897e+00   2.1843e+02   1.8502e+01   1.6735e-01   9.1997e-03   3.0334e+02
20251212_18:00:00   1.2283e+00   1.9501e+02   1.8400e+01   1.5645e-02   4.5271e-03   2.9658e+02
20251212_19:00:00   1.6305e+00   2.2125e+02   1.8792e+01   1.7076e-01   5.8735e-03   2.9580e+02
20251212_20:00:00   1.2803e+00   1.9931e+02   1.8409e+01   3.3751e-02   4.4567e-04   2.9609e+02
20251212_21:00:00   1.2610e+00   1.9808e+02   1.7822e+01   3.8332e-02   7.9778e-04   2.9617e+02
20251212_22:00:00   1.2417e+00   1.9666e+02   1.8006e+01   2.8160e-02   6.2561e-04   2.9744e+02
20251212_23:00:00   1.2080e+00   1.9409e+02   1.8415e+01   4.1863e-03   2.1699e-04   2.9858e+02
20251213_00:00:00   1.1853e+00   1.9230e+02   1.8328e+01   0.0000e+00   3.6076e-05   2.9747e+02
20251213_01:00:00   1.2190e+00   1.9498e+02   1.8852e+01   0.0000e+00   9.5499e-04   2.9166e+02
20251213_02:00:00   1.2493e+00   1.9709e+02   1.9196e+01   0.0000e+00   1.5484e-03   2.8729e+02
20251213_03:00:00   1.2936e+00   2.0004e+02   1.9147e+01   1.8239e-02   4.1806e-03   2.8216e+02
20251213_04:00:00   1.4136e+00   2.0810e+02   1.9113e+01   6.7475e-02   6.4145e-03   2.8065e+02
20251213_05:00:00   1.5379e+00   2.1588e+02   1.8989e+01   1.1858e-01   2.1393e-03   2.7747e+02
20251213_06:00:00   1.9481e+00   2.3527e+02   1.9175e+01   2.8329e-01   2.3803e-03   2.7759e+02
20251213_07:00:00   2.0949e+00   2.4040e+02   1.9304e+01   3.4420e-01   2.8851e-03   2.7544e+02
20251213_08:00:00   1.7881e+00   2.2834e+02   1.9127e+01   2.2497e-01   2.6294e-03   2.7495e+02
20251213_09:00:00   1.5853e+00   2.1822e+02   1.8831e+01   1.4938e-01   1.1886e-03   2.7521e+02
20251213_10:00:00   1.5616e+00   2.1693e+02   1.8431e+01   1.5055e-01   6.1594e-03   2.7845e+02
20251213_11:00:00   1.5195e+00   2.1460e+02   1.8090e+01   1.4134e-01   5.6929e-02   2.8262e+02
20251213_12:00:00   1.4320e+00   2.0943e+02   1.6931e+01   1.2896e-01   1.0913e-01   2.8660e+02
20251213_15:00:00   1.1144e+00   1.8586e+02   1.4450e+01   5.6698e-02   2.1803e-02   2.8390e+02
20251213_18:00:00   1.5310e+00   2.1604e+02   1.4059e+01   2.4128e-01   9.0048e-03   2.9007e+02
20251213_21:00:00   1.2421e+00   1.9678e+02   1.4019e+01   1.2636e-01   2.8305e-03   2.8560e+02
20251214_00:00:00   1.1698e+00   1.9099e+02   1.4263e+01   9.1360e-02   4.3634e-03   2.8443e+02
20251214_03:00:00   1.4227e+00   2.0986e+02   1.4950e+01   1.7266e-01   8.9682e-03   2.8828e+02
20251214_06:00:00   1.2715e+00   1.9876e+02   1.7233e+01   5.6558e-02   3.5720e-03   2.8909e+02
20251214_09:00:00   1.2199e+00   1.9476e+02   1.6697e+01   4.1507e-02   1.5756e-02   2.9077e+02
20251214_12:00:00   1.1811e+00   1.9140e+02   1.6339e+01   3.5437e-02   6.1466e-03   2.9505e+02
20251214_15:00:00   1.1263e+00   1.8631e+02   1.7057e+01   6.4408e-03   4.1482e-03   3.0235e+02
20251214_18:00:00   1.0795e+00   1.8218e+02   1.6337e+01   1.0272e-03   1.1759e-03   3.0366e+02
20251214_21:00:00   1.0789e+00   1.8237e+02   1.6558e+01   2.3536e-05   6.5497e-03   3.0106e+02
20251215_00:00:00   1.1553e+00   1.8883e+02   1.7564e+01   1.9656e-04   4.5449e-03   2.9528e+02
20251215_03:00:00   1.1425e+00   1.8784e+02   1.7284e+01   6.1935e-03   1.4207e-02   2.9436e+02
20251215_06:00:00   1.2020e+00   1.9290e+02   1.7771e+01   1.4893e-02   4.8696e-02   2.9666e+02
20251215_09:00:00   1.2038e+00   1.9329e+02   1.7378e+01   2.7394e-02   3.5628e-03   3.0321e+02
20251215_12:00:00   1.2735e+00   1.9883e+02   1.8623e+01   2.2276e-02   1.8233e-04   3.0528e+02
20251215_15:00:00   1.2805e+00   1.9922e+02   1.8631e+01   2.9664e-02   1.9269e-03   3.0758e+02
20251215_18:00:00   1.1296e+00   1.8713e+02   1.6428e+01   2.7877e-02   3.1967e-03   3.0387e+02
20251215_21:00:00   1.0812e+00   1.8307e+02   1.6763e+01   6.2097e-03   3.3604e-03   3.0296e+02
20251216_00:00:00   1.2249e+00   1.9527e+02   1.9264e+01   2.6085e-03   4.0152e-02   2.9888e+02
20251216_03:00:00   1.2485e+00   1.9702e+02   1.9566e+01   2.1970e-05   3.1659e-02   3.0008e+02
20251216_06:00:00   1.2713e+00   1.9831e+02   1.9863e+01   4.7860e-04   2.1426e-01   3.0919e+02
20251216_09:00:00   1.3156e+00   2.0141e+02   2.0069e+01   5.2779e-03   2.1947e-01   3.1745e+02
20251216_12:00:00   1.4219e+00   2.0920e+02   1.7376e+01   1.0237e-01   1.0627e-01   3.2220e+02
20251216_15:00:00   1.6710e+00   2.2412e+02   1.7759e+01   1.8610e-01   7.5582e-03   3.2363e+02
20251216_18:00:00   1.5847e+00   2.1959e+02   1.7899e+01   1.4828e-01   1.2342e-02   3.2930e+02
20251216_21:00:00   9.8770e-01   1.7555e+02   1.4078e+01   5.9898e-03   3.8804e-03   3.3304e+02
20251217_00:00:00   6.6058e-01   1.3655e+02   9.8810e+00   0.0000e+00   1.2290e-03   3.3117e+02
20251217_03:00:00   5.2451e-01   1.1536e+02   7.8351e+00   0.0000e+00   1.1434e-03   3.3907e+02
20251217_06:00:00   4.8023e-01   1.0768e+02   6.9127e+00   0.0000e+00   0.0000e+00   3.5249e+02
20251217_09:00:00   4.7559e-01   1.0655e+02   6.6808e+00   0.0000e+00   0.0000e+00   3.4744e+02
20251217_12:00:00   4.9517e-01   1.0937e+02   7.0503e+00   0.0000e+00   0.0000e+00   3.4504e+02
20251217_15:00:00   5.5689e-01   1.1835e+02   8.2987e+00   0.0000e+00   9.0253e-03   3.3738e+02
20251217_18:00:00   6.0961e-01   1.2626e+02   9.3657e+00   0.0000e+00   3.8744e-03   3.4253e+02
20251217_21:00:00   6.1831e-01   1.2788e+02   9.8485e+00   0.0000e+00   3.2750e-02   3.3954e+02
20251218_00:00:00   6.5507e-01   1.3334e+02   1.0518e+01   0.0000e+00   2.3339e-02   3.3560e+02
20251218_03:00:00   7.5419e-01   1.4631e+02   1.1817e+01   0.0000e+00   2.9844e-02   3.3380e+02
20251218_06:00:00   7.7629e-01   1.4911e+02   1.2145e+01   0.0000e+00   1.9755e-02   3.2703e+02
20251218_09:00:00   7.7703e-01   1.4917e+02   1.2161e+01   0.0000e+00   1.6013e-02   3.2610e+02
20251218_12:00:00   8.2778e-01   1.5497e+02   1.2900e+01   0.0000e+00   1.6682e-02   3.2686e+02
20251218_15:00:00   9.1776e-01   1.6453e+02   1.4361e+01   0.0000e+00   2.1618e-02   3.2050e+02
20251218_18:00:00   1.0338e+00   1.7582e+02   1.5927e+01   2.5773e-03   4.2873e-02   3.2069e+02
20251218_21:00:00   1.3153e+00   1.9943e+02   1.7117e+01   8.4943e-02   9.2418e-02   3.1485e+02
20251219_00:00:00   1.2647e+00   1.9439e+02   1.7166e+01   7.0929e-02   1.1335e-01   3.2092e+02
20251219_03:00:00   1.1365e+00   1.8383e+02   1.7334e+01   1.2990e-02   2.2007e-01   3.2742e+02
20251219_06:00:00   1.1378e+00   1.8390e+02   1.7533e+01   7.9305e-03   1.6826e-01   3.2031e+02
20251219_09:00:00   1.1917e+00   1.8861e+02   1.6919e+01   4.1631e-02   2.0980e-01   3.1880e+02
20251219_12:00:00   1.4130e+00   2.0520e+02   1.7562e+01   1.1719e-01   3.0107e-02   3.3857e+02
20251219_15:00:00   1.5361e+00   2.1252e+02   1.8056e+01   1.5460e-01   3.3624e-01   3.4236e+02
20251219_18:00:00   1.1716e+00   1.8737e+02   1.5724e+01   6.6394e-02   3.5660e-02   3.4933e+02
20251219_21:00:00   1.0901e+00   1.8016e+02   1.4289e+01   7.1334e-02   7.0886e-03   3.5476e+02
20251220_00:00:00   1.0284e+00   1.7408e+02   1.3198e+01   7.7701e-02   1.8257e-02   3.5056e+02
20251220_03:00:00   9.0939e-01   1.6136e+02   1.3592e+01   2.3145e-02   3.6535e-02   3.3981e+02
20251220_06:00:00   7.6095e-01   1.4411e+02   1.1941e+01   2.9360e-03   1.6245e-02   3.3234e+02
20251220_09:00:00   7.2667e-01   1.3944e+02   1.1517e+01   0.0000e+00   2.9048e-03   3.3141e+02
20251220_12:00:00   6.9195e-01   1.3488e+02   1.0884e+01   1.5085e-04   5.0293e-03   3.3427e+02
20251220_15:00:00   6.5863e-01   1.3048e+02   1.0363e+01   0.0000e+00   1.6247e-03   3.2694e+02
20251220_18:00:00   6.5318e-01   1.2983e+02   1.0268e+01   1.0736e-03   3.8105e-03   3.2569e+02
20251220_21:00:00   7.1234e-01   1.3792e+02   1.1166e+01   3.5057e-04   6.6248e-03   3.2517e+02
20251221_00:00:00   7.1777e-01   1.3876e+02   1.1052e+01   4.8933e-04   8.4952e-03   3.2638e+02
20251221_03:00:00   7.2252e-01   1.3933e+02   1.1072e+01   1.4186e-03   6.4427e-03   3.2502e+02
20251221_06:00:00   7.8169e-01   1.4677e+02   1.1067e+01   2.5881e-02   3.8797e-03   3.3489e+02
20251221_09:00:00   1.0089e+00   1.7134e+02   1.2634e+01   8.0581e-02   1.5636e-02   3.3355e+02
20251221_12:00:00   9.8675e-01   1.6969e+02   1.2502e+01   6.4379e-02   4.7001e-03   3.3924e+02
20251221_15:00:00   1.0052e+00   1.7170e+02   1.2498e+01   6.8521e-02   7.1498e-02   3.4700e+02
20251221_18:00:00   9.9505e-01   1.7137e+02   1.2706e+01   5.5802e-02   6.7664e-02   3.5616e+02
20251221_21:00:00   7.9270e-01   1.5036e+02   1.0962e+01   1.1038e-02   1.8714e-02   3.5958e+02
20251222_00:00:00   4.5561e-01   1.0192e+02   6.1730e+00   5.8340e-03   1.0074e-05   3.5484e+02
20251222_03:00:00   3.4437e-01   8.1281e+01   4.8405e+00   0.0000e+00   5.1740e-07   3.5513e+02
20251222_06:00:00   3.6151e-01   8.3611e+01   5.0334e+00   0.0000e+00   2.5716e-06   3.4499e+02
20251222_09:00:00   4.2916e-01   9.4579e+01   6.1060e+00   0.0000e+00   2.3707e-02   3.4988e+02
20251222_12:00:00   4.7259e-01   1.0161e+02   6.7318e+00   0.0000e+00   4.6936e-02   3.5198e+02
20251222_15:00:00   4.7247e-01   1.0133e+02   6.7430e+00   0.0000e+00   1.0291e-01   3.5092e+02
20251222_18:00:00   4.7865e-01   1.0203e+02   6.9969e+00   0.0000e+00   1.9055e-01   3.1804e+02
20251222_21:00:00   4.8171e-01   1.0227e+02   7.3210e+00   0.0000e+00   7.8619e-02   3.1543e+02
20251223_00:00:00   4.7672e-01   1.0158e+02   7.1302e+00   0.0000e+00   6.7311e-02   3.1514e+02
20251223_03:00:00   4.3684e-01   9.5048e+01   6.4657e+00   0.0000e+00   2.0598e-02   3.1208e+02
20251223_06:00:00   4.1738e-01   9.1524e+01   6.2678e+00   0.0000e+00   6.2100e-03   3.3420e+02
20251223_09:00:00   3.8868e-01   8.6439e+01   5.8464e+00   0.0000e+00   1.0264e-03   3.1972e+02
20251223_12:00:00   3.4232e-01   7.8302e+01   4.9946e+00   0.0000e+00   9.7859e-05   3.1827e+02
20251223_15:00:00   3.3698e-01   7.7229e+01   4.8567e+00   0.0000e+00   1.1285e-01   3.2135e+02
20251223_18:00:00   3.5719e-01   8.0749e+01   5.4098e+00   0.0000e+00   1.5872e-02   3.1800e+02
20251223_21:00:00   3.8046e-01   8.4922e+01   5.9659e+00   0.0000e+00   4.4654e-02   3.1821e+02
20251224_00:00:00   4.3552e-01   9.4306e+01   7.0833e+00   0.0000e+00   5.1855e-02   3.1499e+02
20251224_03:00:00   5.1995e-01   1.0779e+02   8.6066e+00   0.0000e+00   1.3284e-01   3.1188e+02
20251224_06:00:00   6.3573e-01   1.2475e+02   1.0330e+01   0.0000e+00   2.6008e-01   3.1054e+02
20251224_09:00:00   7.3377e-01   1.3773e+02   1.1858e+01   0.0000e+00   2.5968e-01   3.0610e+02
20251224_12:00:00   7.9399e-01   1.4526e+02   1.2942e+01   0.0000e+00   1.5872e-01   3.0162e+02
