#            date       tau255        Tb[K]      pwv[mm] lwp[kg*m^-2] iwp[kg*m^-2]       o3[DU]
20251210_12:00:00   1.6026e+00   2.1982e+02   2.3117e+01   4.7847e-02   8.8092e-02   3.1036e+02
20251210_13:00:00   1.5529e+00   2.1753e+02   2.2879e+01   3.5768e-02   5.1133e-02   3.1207e+02
20251210_14:00:00   1.6008e+00   2.2045e+02   2.3278e+01   4.5045e-02   9.7022e-02   3.1349e+02
20251210_15:00:00   1.6416e+00   2.2320e+02   2.2266e+01   8.4853e-02   1.2636e-02   3.1589e+02
20251210_16:00:00   1.7349e+00   2.2783e+02   2.2828e+01   1.0684e-01   3.8677e-02   3.1230e+02
20251210_17:00:00   1.7248e+00   2.2732e+02   2.3671e+01   8.3122e-02   1.4601e-01   3.0936e+02
20251210_18:00:00   1.6891e+00   2.2591e+02   2.3566e+01   6.9402e-02   3.3956e-02   3.1003e+02
20251210_19:00:00   1.6873e+00   2.2623e+02   2.3947e+01   5.5743e-02   2.3519e-02   3.1130e+02
20251210_20:00:00   1.7076e+00   2.2749e+02   2.4414e+01   5.0186e-02   1.8067e-02   3.1261e+02
20251210_21:00:00   1.7111e+00   2.2814e+02   2.3336e+01   7.0702e-02   6.2785e-04   3.1595e+02
20251210_22:00:00   1.7484e+00   2.3018e+02   2.3350e+01   7.9992e-02   2.9674e-04   3.1857e+02
20251210_23:00:00   1.5492e+00   2.1972e+02   2.3670e+01   3.1304e-03   1.4140e-02   3.2141e+02
20251211_00:00:00   1.4848e+00   2.1614e+02   2.2552e+01   5.6791e-03   2.4437e-03   3.1859e+02
20251211_01:00:00   1.5045e+00   2.1744e+02   2.2822e+01   3.4693e-03   5.1974e-03   3.1766e+02
20251211_02:00:00   1.5451e+00   2.1994e+02   2.3290e+01   5.7194e-03   3.8029e-03   3.1878e+02
20251211_03:00:00   1.5027e+00   2.1748e+02   2.2484e+01   7.1474e-03   1.7036e-03   3.2006e+02
20251211_04:00:00   1.4586e+00   2.1490e+02   2.1910e+01   9.2720e-03   3.8893e-03   3.2027e+02
20251211_05:00:00   1.3996e+00   2.1117e+02   2.1100e+01   8.7970e-03   1.7945e-03   3.2025e+02
20251211_06:00:00   1.4529e+00   2.1459e+02   2.1638e+01   1.5687e-02   2.6969e-03   3.2252e+02
20251211_07:00:00   1.4197e+00   2.1243e+02   2.1466e+01   1.0559e-02   3.2888e-03   3.2284e+02
20251211_08:00:00   1.3622e+00   2.0855e+02   2.0768e+01   8.4340e-03   3.5894e-03   3.2392e+02
20251211_09:00:00   1.3489e+00   2.0744e+02   2.0712e+01   7.1710e-03   4.4367e-03   3.1935e+02
20251211_10:00:00   1.3537e+00   2.0741e+02   2.0347e+01   1.9903e-02   2.0938e-03   3.1248e+02
20251211_11:00:00   1.3152e+00   2.0394e+02   2.0250e+01   7.3928e-03   2.6648e-03   3.1423e+02
20251211_12:00:00   1.2808e+00   2.0101e+02   2.0120e+01   2.9698e-05   7.4036e-03   3.1681e+02
20251211_13:00:00   1.2792e+00   2.0045e+02   2.0079e+01   0.0000e+00   3.0150e-03   3.1555e+02
20251211_14:00:00   1.2659e+00   1.9910e+02   1.9696e+01   2.8799e-03   2.5276e-03   3.1239e+02
20251211_15:00:00   1.2792e+00   1.9987e+02   1.9534e+01   1.3340e-02   2.7249e-03   3.0795e+02
20251211_16:00:00   1.2563e+00   1.9789e+02   1.9694e+01   2.3625e-03   2.3558e-03   3.0909e+02
20251211_17:00:00   1.2535e+00   1.9752e+02   1.9825e+01   2.0540e-03   4.0981e-03   3.0941e+02
20251211_18:00:00   1.2387e+00   1.9637e+02   1.9661e+01   6.5700e-04   5.4688e-03   3.0823e+02
20251211_19:00:00   1.2075e+00   1.9404e+02   1.9295e+01   0.0000e+00   7.1175e-03   3.0766e+02
20251211_20:00:00   1.1897e+00   1.9261e+02   1.9086e+01   0.0000e+00   5.8230e-03   3.0764e+02
20251211_21:00:00   1.1802e+00   1.9177e+02   1.8944e+01   0.0000e+00   3.3135e-03   3.0888e+02
20251211_22:00:00   1.1617e+00   1.9017e+02   1.8615e+01   0.0000e+00   4.2396e-03   3.0779e+02
20251211_23:00:00   1.1465e+00   1.8868e+02   1.8304e+01   0.0000e+00   2.4879e-03   3.0750e+02
20251212_00:00:00   1.1194e+00   1.8608e+02   1.7874e+01   0.0000e+00   2.7267e-03   3.1298e+02
20251212_01:00:00   1.1184e+00   1.8576e+02   1.7830e+01   0.0000e+00   1.8278e-03   3.1539e+02
20251212_02:00:00   1.1224e+00   1.8605e+02   1.7918e+01   0.0000e+00   2.0106e-03   3.1823e+02
20251212_03:00:00   1.1574e+00   1.8880e+02   1.8548e+01   0.0000e+00   3.1069e-03   3.2016e+02
20251212_04:00:00   1.1666e+00   1.8941e+02   1.8645e+01   6.0380e-05   1.3779e-03   3.2790e+02
20251212_05:00:00   1.1744e+00   1.8992e+02   1.8768e+01   0.0000e+00   2.8002e-03   3.3143e+02
20251212_06:00:00   1.1942e+00   1.9139e+02   1.9048e+01   2.2685e-03   2.2777e-03   3.3227e+02
20251212_07:00:00   1.2847e+00   1.9850e+02   1.9229e+01   3.4502e-02   2.3221e-03   3.3197e+02
20251212_08:00:00   1.5258e+00   2.1446e+02   1.9212e+01   1.3232e-01   5.5020e-03   3.2293e+02
20251212_09:00:00   1.6465e+00   2.2123e+02   1.8629e+01   1.9285e-01   4.6602e-03   3.1596e+02
20251212_10:00:00   1.8706e+00   2.3186e+02   1.7467e+01   3.1004e-01   4.9295e-03   3.1005e+02
20251212_11:00:00   2.2153e+00   2.4417e+02   1.7003e+01   4.6075e-01   6.1484e-03   3.1613e+02
20251212_12:00:00   2.2208e+00   2.4460e+02   1.7671e+01   4.4461e-01   8.0491e-03   3.2127e+02
20251212_13:00:00   2.2589e+00   2.4579e+02   1.7908e+01   4.5664e-01   2.5286e-03   3.2127e+02
20251212_14:00:00   2.2951e+00   2.4686e+02   1.7469e+01   4.8017e-01   2.0593e-03   3.1651e+02
20251212_15:00:00   2.0121e+00   2.3812e+02   1.6486e+01   3.8184e-01   3.9681e-03   3.1461e+02
20251212_16:00:00   2.1483e+00   2.4263e+02   1.6693e+01   4.3346e-01   4.8747e-03   3.1143e+02
20251212_17:00:00   1.7865e+00   2.2913e+02   1.7186e+01   2.7231e-01   4.8460e-03   3.1194e+02
20251212_18:00:00   1.4180e+00   2.0905e+02   1.6773e+01   1.2904e-01   4.7899e-03   3.1705e+02
20251212_19:00:00   1.1266e+00   1.8698e+02   1.6808e+01   1.3952e-02   3.0017e-03   3.0973e+02
20251212_20:00:00   1.0939e+00   1.8424e+02   1.6879e+01   1.9368e-03   5.9382e-03   3.0776e+02
20251212_21:00:00   1.1055e+00   1.8535e+02   1.7135e+01   9.7360e-04   2.3081e-03   3.1172e+02
20251212_22:00:00   1.0999e+00   1.8499e+02   1.6961e+01   5.7960e-04   4.7478e-03   3.0739e+02
20251212_23:00:00   1.1024e+00   1.8524e+02   1.7120e+01   0.0000e+00   2.1594e-03   3.0311e+02
20251213_00:00:00   1.1031e+00   1.8524e+02   1.7005e+01   5.8620e-05   2.3328e-03   2.9765e+02
20251213_01:00:00   1.1015e+00   1.8526e+02   1.6270e+01   1.3153e-02   3.2449e-03   2.9153e+02
20251213_02:00:00   1.1060e+00   1.8568e+02   1.6080e+01   1.8526e-02   4.1801e-03   2.8470e+02
20251213_03:00:00   1.0682e+00   1.8219e+02   1.6060e+01   5.2504e-03   1.3194e-03   2.8127e+02
20251213_04:00:00   1.0668e+00   1.8207e+02   1.6059e+01   5.6260e-03   3.8837e-03   2.8249e+02
20251213_05:00:00   1.0556e+00   1.8110e+02   1.5787e+01   8.5137e-03   5.4122e-03   2.8375e+02
20251213_06:00:00   1.0728e+00   1.8268e+02   1.6170e+01   8.4190e-03   2.5365e-03   2.8020e+02
20251213_07:00:00   1.0456e+00   1.8021e+02   1.5757e+01   7.1586e-03   3.7148e-03   2.7897e+02
20251213_08:00:00   1.0117e+00   1.7698e+02   1.5374e+01   1.9876e-03   4.8056e-03   2.7807e+02
20251213_09:00:00   9.8532e-01   1.7435e+02   1.4972e+01   2.4860e-05   1.2872e-02   2.7751e+02
20251213_10:00:00   9.6412e-01   1.7220e+02   1.4623e+01   0.0000e+00   1.2655e-02   2.7734e+02
20251213_11:00:00   9.1858e-01   1.6739e+02   1.3873e+01   0.0000e+00   2.7304e-02   2.7554e+02
20251213_12:00:00   8.9337e-01   1.6466e+02   1.3346e+01   0.0000e+00   6.8656e-02   2.7590e+02
20251213_13:00:00   8.7108e-01   1.6221e+02   1.2938e+01   0.0000e+00   1.8417e-02   2.8003e+02
20251213_14:00:00   8.4962e-01   1.5975e+02   1.2582e+01   0.0000e+00   4.0853e-02   2.8251e+02
20251213_15:00:00   8.4557e-01   1.5925e+02   1.2465e+01   0.0000e+00   3.4596e-02   2.8444e+02
20251213_16:00:00   8.3913e-01   1.5845e+02   1.2369e+01   0.0000e+00   3.2277e-02   2.8482e+02
20251213_17:00:00   8.3464e-01   1.5799e+02   1.2264e+01   0.0000e+00   1.6301e-02   2.8465e+02
20251213_18:00:00   8.3013e-01   1.5758e+02   1.2209e+01   0.0000e+00   9.8174e-03   2.8301e+02
20251213_19:00:00   8.1716e-01   1.5622e+02   1.2113e+01   0.0000e+00   1.1762e-02   2.8212e+02
20251213_20:00:00   8.0660e-01   1.5512e+02   1.2028e+01   0.0000e+00   7.9371e-03   2.7952e+02
20251213_21:00:00   8.0984e-01   1.5563e+02   1.2083e+01   0.0000e+00   2.0886e-03   2.7575e+02
20251213_22:00:00   8.1887e-01   1.5685e+02   1.2181e+01   0.0000e+00   3.2924e-04   2.7855e+02
20251213_23:00:00   8.2973e-01   1.5820e+02   1.2273e+01   0.0000e+00   0.0000e+00   2.7898e+02
20251214_00:00:00   8.5974e-01   1.6133e+02   1.2954e+01   0.0000e+00   1.0080e-02   2.7996e+02
20251214_01:00:00   8.7811e-01   1.6327e+02   1.3269e+01   1.2820e-04   2.6246e-02   2.8011e+02
20251214_02:00:00   8.9628e-01   1.6515e+02   1.3609e+01   0.0000e+00   4.2546e-02   2.8176e+02
20251214_03:00:00   9.2274e-01   1.6781e+02   1.4140e+01   5.5900e-05   6.6952e-02   2.8215e+02
20251214_04:00:00   9.2329e-01   1.6784e+02   1.4099e+01   3.5406e-04   5.1465e-02   2.8380e+02
20251214_05:00:00   9.3409e-01   1.6894e+02   1.4374e+01   5.5900e-04   2.0231e-02   2.8737e+02
20251214_06:00:00   9.6738e-01   1.7253e+02   1.4762e+01   1.9869e-03   8.7483e-04   2.9034e+02
20251214_07:00:00   9.8069e-01   1.7391e+02   1.4815e+01   3.2458e-03   7.1040e-06   2.9167e+02
20251214_08:00:00   1.0612e+00   1.8163e+02   1.6082e+01   5.2134e-03   3.5675e-04   2.9206e+02
20251214_09:00:00   1.1175e+00   1.8659e+02   1.6939e+01   6.9207e-03   5.7167e-03   2.9171e+02
20251214_10:00:00   1.1849e+00   1.9228e+02   1.8036e+01   7.5365e-03   6.2829e-03   2.9197e+02
20251214_11:00:00   1.2183e+00   1.9478e+02   1.8560e+01   8.4351e-03   1.3338e-02   2.9122e+02
20251214_12:00:00   1.2571e+00   1.9741e+02   1.9389e+01   4.9867e-03   1.3166e-01   2.9170e+02
20251214_13:00:00   1.2207e+00   1.9457e+02   1.9170e+01   2.9219e-04   7.2628e-03   2.9244e+02
20251214_14:00:00   1.2774e+00   1.9880e+02   1.9899e+01   2.9129e-03   6.5903e-03   2.9390e+02
20251214_15:00:00   1.2539e+00   1.9709e+02   1.9591e+01   1.8317e-03   7.5866e-04   2.9423e+02
20251214_16:00:00   1.1465e+00   1.8837e+02   1.7951e+01   0.0000e+00   8.2771e-03   2.9763e+02
20251214_17:00:00   1.1726e+00   1.9047e+02   1.8423e+01   9.6740e-05   2.8865e-02   2.9865e+02
20251214_18:00:00   1.1887e+00   1.9189e+02   1.8662e+01   0.0000e+00   1.3672e-02   2.9824e+02
20251214_19:00:00   1.1645e+00   1.9003e+02   1.8229e+01   6.2820e-05   5.3510e-02   2.9944e+02
20251214_20:00:00   1.0857e+00   1.8339e+02   1.6840e+01   0.0000e+00   1.4635e-02   3.0026e+02
20251214_21:00:00   1.0925e+00   1.8395e+02   1.6998e+01   0.0000e+00   8.2924e-03   2.9909e+02
20251214_22:00:00   1.0541e+00   1.8051e+02   1.6374e+01   0.0000e+00   2.5470e-02   2.9616e+02
20251214_23:00:00   1.0644e+00   1.8133e+02   1.6627e+01   1.3181e-04   3.5548e-02   2.9597e+02
20251215_00:00:00   1.1350e+00   1.8737e+02   1.7721e+01   0.0000e+00   2.0809e-01   2.9511e+02
20251215_01:00:00   1.2159e+00   1.9398e+02   1.8729e+01   4.8481e-03   2.0947e-01   2.9432e+02
20251215_02:00:00   1.3257e+00   2.0225e+02   2.0091e+01   1.0672e-02   1.7294e-01   2.9506e+02
20251215_03:00:00   1.3475e+00   2.0384e+02   2.0492e+01   8.8455e-03   7.4829e-02   2.9513e+02
20251215_04:00:00   1.3518e+00   2.0413e+02   2.0732e+01   3.7702e-03   1.1774e-01   2.9640e+02
20251215_05:00:00   1.3185e+00   2.0179e+02   2.0157e+01   4.6507e-03   1.5313e-03   2.9774e+02
20251215_06:00:00   1.2909e+00   1.9998e+02   1.9403e+01   1.0256e-02   1.1673e-03   2.9659e+02
20251215_07:00:00   1.2829e+00   1.9962e+02   1.8746e+01   1.9406e-02   5.7334e-04   2.9531e+02
20251215_08:00:00   1.3087e+00   2.0163e+02   1.8773e+01   2.9379e-02   6.1977e-04   2.9225e+02
20251215_09:00:00   1.5418e+00   2.1681e+02   1.8880e+01   1.1720e-01   2.6339e-04   2.9181e+02
20251215_10:00:00   1.9131e+00   2.3459e+02   2.0196e+01   2.3908e-01   2.9196e-03   2.8860e+02
20251215_11:00:00   2.0868e+00   2.4119e+02   2.1007e+01   2.9041e-01   3.5433e-03   2.8819e+02
20251215_12:00:00   2.1879e+00   2.4421e+02   2.1767e+01   3.1440e-01   2.5387e-02   2.8808e+02
20251215_15:00:00   1.9648e+00   2.3693e+02   2.2971e+01   1.8916e-01   1.6472e-02   2.8888e+02
20251215_18:00:00   2.0816e+00   2.4114e+02   2.3229e+01   2.2608e-01   2.2852e-01   2.9267e+02
20251215_21:00:00   1.8612e+00   2.3325e+02   1.8588e+01   2.4232e-01   8.5153e-04   3.0454e+02
20251216_00:00:00   1.9955e+00   2.3861e+02   1.9946e+01   2.6247e-01   4.4583e-02   3.1487e+02
20251216_03:00:00   1.5760e+00   2.1970e+02   1.9968e+01   8.8062e-02   3.3531e-02   3.3126e+02
20251216_06:00:00   1.0308e+00   1.7980e+02   1.3611e+01   2.1515e-02   0.0000e+00   3.3959e+02
20251216_09:00:00   5.9699e-01   1.2722e+02   8.4926e+00   1.0657e-05   0.0000e+00   3.4386e+02
20251216_12:00:00   5.6744e-01   1.2201e+02   8.0126e+00   0.0000e+00   0.0000e+00   3.4296e+02
20251216_15:00:00   5.0570e-01   1.1170e+02   7.1691e+00   0.0000e+00   1.9104e-04   3.3837e+02
20251216_18:00:00   5.1723e-01   1.1298e+02   7.5794e+00   0.0000e+00   5.2498e-03   3.3451e+02
20251216_21:00:00   6.0982e-01   1.2677e+02   9.4001e+00   0.0000e+00   1.0149e-02   3.3225e+02
20251217_00:00:00   8.0235e-01   1.5141e+02   1.2443e+01   0.0000e+00   9.7959e-02   3.3357e+02
20251217_03:00:00   1.1051e+00   1.8267e+02   1.4419e+01   5.7356e-02   1.1869e-01   3.4188e+02
20251217_06:00:00   1.1278e+00   1.8547e+02   1.3881e+01   7.4977e-02   2.4852e-02   3.5532e+02
20251217_09:00:00   7.8888e-01   1.5016e+02   1.1390e+01   2.7728e-03   2.4780e-02   3.5652e+02
20251217_12:00:00   5.5758e-01   1.1788e+02   8.0324e+00   1.3430e-04   3.6434e-03   3.5607e+02
20251217_15:00:00   4.3935e-01   9.8667e+01   6.3308e+00   0.0000e+00   1.5098e-05   3.6863e+02
20251217_18:00:00   4.2937e-01   9.7244e+01   6.1588e+00   0.0000e+00   0.0000e+00   3.5386e+02
20251217_21:00:00   4.1119e-01   9.4480e+01   5.9807e+00   0.0000e+00   0.0000e+00   3.6004e+02
20251218_00:00:00   4.2883e-01   9.7417e+01   6.2344e+00   0.0000e+00   0.0000e+00   3.6480e+02
20251218_03:00:00   4.7855e-01   1.0524e+02   6.9700e+00   0.0000e+00   2.6107e-03   3.4744e+02
20251218_06:00:00   4.7831e-01   1.0484e+02   6.9904e+00   0.0000e+00   3.1596e-03   3.4222e+02
20251218_09:00:00   5.4944e-01   1.1556e+02   8.2235e+00   0.0000e+00   5.7664e-03   3.3968e+02
20251218_12:00:00   5.9837e-01   1.2280e+02   8.8605e+00   0.0000e+00   3.3734e-03   3.4368e+02
20251218_15:00:00   6.8243e-01   1.3412e+02   1.0317e+01   0.0000e+00   7.4612e-03   3.7318e+02
20251218_18:00:00   7.8706e-01   1.4738e+02   1.1677e+01   8.7940e-03   3.0528e-03   3.7753e+02
20251218_21:00:00   9.1041e-01   1.6158e+02   1.3461e+01   1.5181e-02   1.1946e-01   3.6524e+02
20251219_00:00:00   1.0751e+00   1.7812e+02   1.5236e+01   2.9954e-02   3.1781e-01   3.4602e+02
20251219_03:00:00   1.4460e+00   2.0706e+02   1.6335e+01   1.5453e-01   5.7599e-01   3.3451e+02
20251219_06:00:00   2.2661e+00   2.4294e+02   1.7374e+01   4.7625e-01   4.0315e-01   3.2805e+02
20251219_09:00:00   3.0953e+00   2.5920e+02   1.8341e+01   8.0018e-01   1.9419e-01   3.3432e+02
20251219_12:00:00   2.8425e+00   2.5638e+02   1.9296e+01   6.5949e-01   2.7094e-01   3.3244e+02
20251219_15:00:00   2.0656e+00   2.3849e+02   1.8804e+01   3.4676e-01   3.2545e-02   3.3077e+02
20251219_18:00:00   1.7320e+00   2.2568e+02   1.8475e+01   2.1020e-01   5.5449e-03   3.3517e+02
20251219_21:00:00   1.6177e+00   2.2085e+02   1.9650e+01   1.3236e-01   1.0533e-01   3.3797e+02
20251220_00:00:00   1.7519e+00   2.2851e+02   1.9572e+01   1.7891e-01   7.3463e-02   3.3563e+02
20251220_03:00:00   8.2676e-01   1.5616e+02   1.0656e+01   4.8223e-02   4.6700e-03   3.5750e+02
20251220_06:00:00   4.9890e-01   1.0950e+02   7.2464e+00   0.0000e+00   0.0000e+00   3.6497e+02
20251220_09:00:00   3.7624e-01   8.7412e+01   5.3529e+00   0.0000e+00   1.1428e-06   3.7392e+02
20251220_12:00:00   3.9163e-01   8.9616e+01   5.5792e+00   0.0000e+00   7.0608e-06   3.7338e+02
20251220_15:00:00   4.3037e-01   9.6023e+01   6.1437e+00   0.0000e+00   8.5441e-05   3.8452e+02
20251220_18:00:00   4.8541e-01   1.0542e+02   6.8819e+00   0.0000e+00   1.0161e-04   3.8417e+02
20251220_21:00:00   4.6251e-01   1.0221e+02   6.5985e+00   0.0000e+00   3.9240e-07   3.9529e+02
20251221_00:00:00   4.9769e-01   1.0754e+02   7.1709e+00   0.0000e+00   1.6433e-05   3.9843e+02
20251221_03:00:00   4.7871e-01   1.0429e+02   6.8246e+00   0.0000e+00   2.2371e-05   3.9950e+02
20251221_06:00:00   4.6272e-01   1.0127e+02   6.6084e+00   0.0000e+00   2.8169e-03   3.9502e+02
20251221_09:00:00   5.0290e-01   1.0734e+02   7.2645e+00   0.0000e+00   1.6135e-03   3.8151e+02
20251221_12:00:00   5.7648e-01   1.1847e+02   8.2225e+00   0.0000e+00   9.6384e-04   3.7884e+02
20251221_15:00:00   7.7059e-01   1.4458e+02   9.2782e+00   5.1800e-02   1.4469e-01   3.7558e+02
20251221_18:00:00   7.4326e-01   1.4148e+02   9.8885e+00   1.9344e-02   1.7960e-01   3.7379e+02
20251221_21:00:00   7.1098e-01   1.3801e+02   9.5358e+00   1.8095e-02   1.5620e-02   3.6116e+02
20251222_00:00:00   7.1339e-01   1.3827e+02   9.5766e+00   1.7864e-02   3.0061e-02   3.5696e+02
20251222_03:00:00   6.0455e-01   1.2314e+02   8.6518e+00   3.5960e-04   3.7556e-02   3.8060e+02
20251222_06:00:00   5.0306e-01   1.0786e+02   6.9133e+00   4.3560e-03   5.9247e-04   3.8427e+02
20251222_09:00:00   4.4925e-01   9.8798e+01   6.1509e+00   3.0536e-03   6.0161e-04   3.8847e+02
20251222_12:00:00   3.9791e-01   8.9842e+01   5.5340e+00   0.0000e+00   7.2263e-05   3.8513e+02
20251222_15:00:00   3.5656e-01   8.2180e+01   4.9501e+00   0.0000e+00   1.3459e-05   4.0357e+02
20251222_18:00:00   3.4424e-01   8.0007e+01   4.7573e+00   0.0000e+00   7.3782e-06   4.1154e+02
20251222_21:00:00   3.6656e-01   8.4235e+01   5.0784e+00   0.0000e+00   2.6313e-05   4.0513e+02
20251223_00:00:00   3.7662e-01   8.5796e+01   5.2195e+00   0.0000e+00   1.6418e-04   3.9593e+02
20251223_03:00:00   4.0420e-01   9.0162e+01   5.6725e+00   0.0000e+00   5.4373e-03   3.8280e+02
20251223_06:00:00   4.3646e-01   9.5454e+01   6.1301e+00   0.0000e+00   1.6378e-02   4.0165e+02
20251223_09:00:00   5.2440e-01   1.0927e+02   7.2475e+00   1.9616e-05   2.8976e-01   4.2492e+02
20251223_12:00:00   5.4519e-01   1.1262e+02   7.4804e+00   0.0000e+00   2.2173e-01   4.3207e+02
20251223_15:00:00   5.4699e-01   1.1289e+02   7.4670e+00   0.0000e+00   2.9339e-01   4.3663e+02
20251223_18:00:00   5.7557e-01   1.1730e+02   7.3548e+00   1.8617e-02   1.0344e-01   4.3965e+02
20251223_21:00:00   5.5961e-01   1.1509e+02   7.6804e+00   0.0000e+00   2.3564e-01   4.3853e+02
20251224_00:00:00   5.7605e-01   1.1742e+02   7.8922e+00   0.0000e+00   4.6556e-01   4.1937e+02
20251224_03:00:00   5.5881e-01   1.1496e+02   7.6700e+00   0.0000e+00   3.2479e-01   4.1131e+02
20251224_06:00:00   5.2887e-01   1.1034e+02   7.3910e+00   0.0000e+00   9.6686e-02   4.0058e+02
20251224_09:00:00   5.7564e-01   1.1672e+02   8.3201e+00   0.0000e+00   3.1214e-01   3.8690e+02
20251224_12:00:00   6.0252e-01   1.2042e+02   8.7656e+00   0.0000e+00   5.7974e-01   3.8632e+02
20251224_15:00:00   6.1358e-01   1.2198e+02   8.9867e+00   0.0000e+00   6.5288e-01   3.8205e+02
20251224_18:00:00   5.9780e-01   1.1992e+02   8.6664e+00   0.0000e+00   6.4434e-01   3.9229e+02
20251224_21:00:00   5.5717e-01   1.1415e+02   8.0027e+00   0.0000e+00   3.5108e-01   4.0153e+02
20251225_00:00:00   4.7059e-01   1.0077e+02   6.5537e+00   3.5300e-05   3.1925e-02   4.1686e+02
20251225_03:00:00   4.2028e-01   9.2304e+01   5.7269e+00   0.0000e+00   5.4959e-02   4.2556e+02
20251225_06:00:00   2.9084e-01   6.8970e+01   3.8071e+00   0.0000e+00   3.4915e-04   4.4860e+02
20251225_09:00:00   2.8051e-01   6.6497e+01   3.7597e+00   0.0000e+00   3.1025e-03   4.7182e+02
20251225_12:00:00   3.2502e-01   7.4379e+01   4.4527e+00   0.0000e+00   1.2650e-01   4.7064e+02
20251225_15:00:00   3.7298e-01   8.2855e+01   4.9795e+00   0.0000e+00   2.8474e-01   4.6191e+02
20251225_18:00:00   3.5183e-01   7.9309e+01   4.6806e+00   0.0000e+00   7.6868e-02   4.6637e+02
20251225_21:00:00   3.3935e-01   7.7164e+01   4.5409e+00   0.0000e+00   1.2955e-02   4.6445e+02
20251226_00:00:00   3.4454e-01   7.7905e+01   4.6662e+00   0.0000e+00   2.5553e-02   4.6699e+02
20251226_03:00:00   3.5056e-01   7.8863e+01   4.7252e+00   0.0000e+00   6.8584e-02   4.6272e+02
20251226_06:00:00   3.4215e-01   7.7323e+01   4.5929e+00   0.0000e+00   4.4309e-02   4.6752e+02
20251226_09:00:00   3.0613e-01   7.0776e+01   4.0508e+00   0.0000e+00   3.7260e-03   4.6192e+02
20251226_12:00:00   2.7369e-01   6.4569e+01   3.5757e+00   0.0000e+00   1.0602e-03   4.5889e+02
