#            date       tau255        Tb[K]      pwv[mm] lwp[kg*m^-2] iwp[kg*m^-2]       o3[DU]
20251210_06:00:00   2.7298e-01   7.0141e+01   5.4994e+00   0.0000e+00   0.0000e+00   2.8772e+02
20251210_07:00:00   2.7714e-01   7.0974e+01   5.5861e+00   0.0000e+00   0.0000e+00   2.8750e+02
20251210_08:00:00   2.7860e-01   7.1223e+01   5.6282e+00   0.0000e+00   0.0000e+00   2.8464e+02
20251210_09:00:00   2.7882e-01   7.1161e+01   5.6668e+00   0.0000e+00   0.0000e+00   2.8031e+02
20251210_10:00:00   2.8163e-01   7.1642e+01   5.7697e+00   0.0000e+00   0.0000e+00   2.7866e+02
20251210_11:00:00   2.7962e-01   7.1112e+01   5.7715e+00   0.0000e+00   0.0000e+00   2.7813e+02
20251210_12:00:00   2.6472e-01   6.8037e+01   5.4661e+00   0.0000e+00   0.0000e+00   2.7946e+02
20251210_13:00:00   2.4725e-01   6.4440e+01   5.0958e+00   0.0000e+00   0.0000e+00   2.8247e+02
20251210_14:00:00   2.3655e-01   6.2176e+01   4.8712e+00   0.0000e+00   0.0000e+00   2.8485e+02
20251210_15:00:00   2.3163e-01   6.1139e+01   4.7601e+00   0.0000e+00   0.0000e+00   2.8544e+02
20251210_16:00:00   2.2224e-01   5.9203e+01   4.5379e+00   0.0000e+00   0.0000e+00   2.8712e+02
20251210_17:00:00   2.0907e-01   5.6402e+01   4.2334e+00   0.0000e+00   0.0000e+00   2.8771e+02
20251210_18:00:00   2.0032e-01   5.4548e+01   4.0229e+00   0.0000e+00   0.0000e+00   2.8786e+02
20251210_19:00:00   1.9974e-01   5.4511e+01   3.9826e+00   0.0000e+00   0.0000e+00   2.8830e+02
20251210_20:00:00   2.0357e-01   5.5432e+01   4.0382e+00   0.0000e+00   0.0000e+00   2.8841e+02
20251210_21:00:00   2.0959e-01   5.6863e+01   4.1310e+00   0.0000e+00   0.0000e+00   2.8759e+02
20251210_22:00:00   2.1956e-01   5.9145e+01   4.2946e+00   0.0000e+00   0.0000e+00   2.8801e+02
20251210_23:00:00   2.2945e-01   6.1362e+01   4.4698e+00   0.0000e+00   0.0000e+00   2.8906e+02
20251211_00:00:00   2.3119e-01   6.1784e+01   4.4937e+00   0.0000e+00   0.0000e+00   2.8675e+02
20251211_01:00:00   2.2451e-01   6.0411e+01   4.3512e+00   0.0000e+00   0.0000e+00   2.8413e+02
20251211_02:00:00   2.1959e-01   5.9373e+01   4.2281e+00   0.0000e+00   0.0000e+00   2.8248e+02
20251211_03:00:00   2.1459e-01   5.8315e+01   4.1032e+00   0.0000e+00   0.0000e+00   2.8278e+02
20251211_04:00:00   2.1124e-01   5.7629e+01   4.0196e+00   0.0000e+00   0.0000e+00   2.8426e+02
20251211_05:00:00   2.0684e-01   5.6662e+01   3.9132e+00   0.0000e+00   0.0000e+00   2.8576e+02
20251211_06:00:00   2.0286e-01   5.5775e+01   3.8182e+00   0.0000e+00   0.0000e+00   2.8810e+02
20251211_07:00:00   1.9658e-01   5.4343e+01   3.6848e+00   0.0000e+00   0.0000e+00   2.8827e+02
20251211_08:00:00   1.9423e-01   5.3775e+01   3.6313e+00   0.0000e+00   0.0000e+00   2.8591e+02
20251211_09:00:00   1.9192e-01   5.3235e+01   3.5887e+00   0.0000e+00   0.0000e+00   2.8304e+02
20251211_10:00:00   1.9006e-01   5.2770e+01   3.5522e+00   0.0000e+00   0.0000e+00   2.8154e+02
20251211_11:00:00   1.8747e-01   5.2173e+01   3.4996e+00   0.0000e+00   0.0000e+00   2.8128e+02
20251211_12:00:00   1.8448e-01   5.1479e+01   3.4392e+00   0.0000e+00   0.0000e+00   2.8176e+02
20251211_13:00:00   1.7944e-01   5.0339e+01   3.3399e+00   0.0000e+00   0.0000e+00   2.8372e+02
20251211_14:00:00   1.7375e-01   4.9026e+01   3.2214e+00   0.0000e+00   0.0000e+00   2.8549e+02
20251211_15:00:00   1.7297e-01   4.8835e+01   3.1995e+00   0.0000e+00   0.0000e+00   2.8523e+02
20251211_16:00:00   1.7361e-01   4.8963e+01   3.2127e+00   0.0000e+00   0.0000e+00   2.8423e+02
20251211_17:00:00   1.7466e-01   4.9200e+01   3.2313e+00   0.0000e+00   0.0000e+00   2.8125e+02
20251211_18:00:00   1.7385e-01   4.9013e+01   3.2106e+00   0.0000e+00   0.0000e+00   2.7978e+02
20251211_19:00:00   1.7302e-01   4.8818e+01   3.1886e+00   0.0000e+00   0.0000e+00   2.8013e+02
20251211_20:00:00   1.7448e-01   4.9145e+01   3.2111e+00   0.0000e+00   0.0000e+00   2.8019e+02
20251211_21:00:00   1.7483e-01   4.9210e+01   3.2139e+00   0.0000e+00   0.0000e+00   2.7993e+02
20251211_22:00:00   1.7503e-01   4.9253e+01   3.2169e+00   0.0000e+00   0.0000e+00   2.7986e+02
20251211_23:00:00   1.7268e-01   4.8690e+01   3.1777e+00   0.0000e+00   0.0000e+00   2.7952e+02
20251212_00:00:00   1.6959e-01   4.7956e+01   3.1272e+00   0.0000e+00   0.0000e+00   2.7820e+02
20251212_01:00:00   1.6962e-01   4.7952e+01   3.1438e+00   0.0000e+00   0.0000e+00   2.7713e+02
20251212_02:00:00   1.8449e-01   5.1372e+01   3.4568e+00   0.0000e+00   0.0000e+00   2.7616e+02
20251212_03:00:00   2.1680e-01   5.8605e+01   4.1106e+00   0.0000e+00   0.0000e+00   2.7453e+02
20251212_04:00:00   2.5278e-01   6.6386e+01   4.8343e+00   0.0000e+00   0.0000e+00   2.7350e+02
20251212_05:00:00   2.8093e-01   7.2311e+01   5.3686e+00   0.0000e+00   0.0000e+00   2.7338e+02
20251212_06:00:00   2.9647e-01   7.5550e+01   5.6445e+00   0.0000e+00   0.0000e+00   2.7393e+02
20251212_07:00:00   3.0730e-01   7.7785e+01   5.8341e+00   0.0000e+00   0.0000e+00   2.7435e+02
20251212_08:00:00   3.1193e-01   7.8722e+01   5.9040e+00   0.0000e+00   0.0000e+00   2.7463e+02
20251212_09:00:00   3.1201e-01   7.8748e+01   5.8962e+00   0.0000e+00   0.0000e+00   2.7437e+02
20251212_10:00:00   3.0533e-01   7.7422e+01   5.7714e+00   0.0000e+00   0.0000e+00   2.7438e+02
20251212_11:00:00   2.9686e-01   7.5697e+01   5.6171e+00   0.0000e+00   0.0000e+00   2.7393e+02
20251212_12:00:00   2.8578e-01   7.3430e+01   5.4086e+00   0.0000e+00   0.0000e+00   2.7386e+02
20251212_13:00:00   2.7731e-01   7.1643e+01   5.2479e+00   0.0000e+00   0.0000e+00   2.7349e+02
20251212_14:00:00   2.6824e-01   6.9747e+01   5.0731e+00   0.0000e+00   0.0000e+00   2.7513e+02
20251212_15:00:00   2.6619e-01   6.9277e+01   5.0276e+00   0.0000e+00   0.0000e+00   2.7438e+02
20251212_16:00:00   2.6602e-01   6.9215e+01   5.0166e+00   0.0000e+00   0.0000e+00   2.7403e+02
20251212_17:00:00   2.6614e-01   6.9260e+01   5.0015e+00   0.0000e+00   0.0000e+00   2.7534e+02
20251212_18:00:00   2.6271e-01   6.8612e+01   4.9264e+00   0.0000e+00   0.0000e+00   2.7771e+02
20251212_19:00:00   2.6787e-01   6.9778e+01   5.0200e+00   0.0000e+00   0.0000e+00   2.8132e+02
20251212_20:00:00   2.7605e-01   7.1524e+01   5.1688e+00   0.0000e+00   0.0000e+00   2.8170e+02
20251212_21:00:00   2.8418e-01   7.3228e+01   5.2995e+00   0.0000e+00   0.0000e+00   2.7952e+02
20251212_22:00:00   2.8643e-01   7.3723e+01   5.3305e+00   0.0000e+00   0.0000e+00   2.7718e+02
20251212_23:00:00   2.7910e-01   7.2239e+01   5.1912e+00   0.0000e+00   0.0000e+00   2.7818e+02
20251213_00:00:00   2.8207e-01   7.2848e+01   5.2376e+00   0.0000e+00   0.0000e+00   2.8071e+02
20251213_01:00:00   2.8328e-01   7.3090e+01   5.2554e+00   0.0000e+00   0.0000e+00   2.8142e+02
20251213_02:00:00   2.7286e-01   7.0944e+01   5.0696e+00   0.0000e+00   3.9500e-04   2.8529e+02
20251213_03:00:00   2.6500e-01   6.9276e+01   4.9258e+00   0.0000e+00   2.6833e-03   2.8669e+02
20251213_04:00:00   2.5926e-01   6.8063e+01   4.8198e+00   0.0000e+00   2.8038e-03   2.8698e+02
20251213_05:00:00   2.5809e-01   6.7754e+01   4.8078e+00   0.0000e+00   3.5595e-03   2.8637e+02
20251213_06:00:00   2.5560e-01   6.7178e+01   4.7826e+00   0.0000e+00   2.5616e-03   2.8662e+02
20251213_07:00:00   2.5718e-01   6.7513e+01   4.7975e+00   0.0000e+00   1.1804e-04   2.8532e+02
20251213_08:00:00   2.6300e-01   6.8720e+01   4.8849e+00   0.0000e+00   0.0000e+00   2.8442e+02
20251213_09:00:00   2.6066e-01   6.8217e+01   4.8301e+00   0.0000e+00   0.0000e+00   2.8267e+02
20251213_10:00:00   2.6480e-01   6.9004e+01   4.9152e+00   0.0000e+00   0.0000e+00   2.8126e+02
20251213_11:00:00   2.6214e-01   6.8397e+01   4.8613e+00   0.0000e+00   0.0000e+00   2.8011e+02
20251213_12:00:00   2.5736e-01   6.7348e+01   4.7837e+00   0.0000e+00   7.5700e-06   2.7991e+02
20251213_13:00:00   2.5622e-01   6.6965e+01   4.8081e+00   0.0000e+00   1.9978e-03   2.7954e+02
20251213_14:00:00   2.5890e-01   6.7388e+01   4.9087e+00   0.0000e+00   4.7920e-03   2.7727e+02
20251213_15:00:00   2.5044e-01   6.5637e+01   4.7477e+00   0.0000e+00   7.3173e-04   2.7693e+02
20251213_16:00:00   2.4302e-01   6.4078e+01   4.6009e+00   0.0000e+00   8.3730e-06   2.7634e+02
20251213_17:00:00   2.3513e-01   6.2409e+01   4.4482e+00   0.0000e+00   0.0000e+00   2.7512e+02
20251213_18:00:00   2.3020e-01   6.1293e+01   4.3783e+00   0.0000e+00   7.2199e-04   2.7354e+02
20251213_19:00:00   2.3426e-01   6.2118e+01   4.4618e+00   0.0000e+00   2.0095e-03   2.7183e+02
20251213_20:00:00   2.3391e-01   6.1926e+01   4.4935e+00   0.0000e+00   3.8535e-03   2.7102e+02
20251213_21:00:00   2.2314e-01   5.9487e+01   4.3320e+00   0.0000e+00   9.6598e-03   2.7234e+02
20251213_22:00:00   2.2158e-01   5.9097e+01   4.3263e+00   0.0000e+00   8.0354e-03   2.7399e+02
20251213_23:00:00   2.2513e-01   5.9789e+01   4.4166e+00   0.0000e+00   7.5457e-03   2.7117e+02
20251214_00:00:00   2.1774e-01   5.8008e+01   4.3295e+00   0.0000e+00   7.3793e-03   2.6908e+02
20251214_01:00:00   2.1308e-01   5.6965e+01   4.2552e+00   0.0000e+00   3.7487e-04   2.7042e+02
20251214_02:00:00   2.1668e-01   5.7688e+01   4.3465e+00   0.0000e+00   1.0605e-04   2.7294e+02
20251214_03:00:00   2.1774e-01   5.7884e+01   4.3764e+00   0.0000e+00   1.9899e-03   2.7163e+02
20251214_04:00:00   2.0926e-01   5.5859e+01   4.2500e+00   0.0000e+00   4.0568e-03   2.6902e+02
20251214_05:00:00   2.0752e-01   5.5414e+01   4.2361e+00   0.0000e+00   4.0759e-03   2.6744e+02
20251214_06:00:00   2.0788e-01   5.5503e+01   4.2393e+00   0.0000e+00   1.6154e-03   2.6820e+02
20251214_07:00:00   2.0731e-01   5.5355e+01   4.2295e+00   0.0000e+00   2.7232e-03   2.6964e+02
20251214_08:00:00   2.1973e-01   5.8032e+01   4.4838e+00   0.0000e+00   1.1118e-02   2.6872e+02
20251214_09:00:00   2.1608e-01   5.7154e+01   4.4295e+00   0.0000e+00   3.1554e-02   2.6883e+02
20251214_10:00:00   2.2817e-01   5.9655e+01   4.6784e+00   0.0000e+00   3.7092e-02   2.7055e+02
20251214_11:00:00   2.3178e-01   6.0307e+01   4.7811e+00   0.0000e+00   4.4677e-02   2.7194e+02
20251214_12:00:00   2.3431e-01   6.0811e+01   4.8159e+00   0.0000e+00   8.8147e-02   2.7475e+02
20251214_13:00:00   2.2978e-01   5.9906e+01   4.7312e+00   0.0000e+00   5.9785e-02   2.7631e+02
20251214_14:00:00   2.1972e-01   5.8050e+01   4.4615e+00   0.0000e+00   2.6965e-02   2.7840e+02
20251214_15:00:00   2.1621e-01   5.7023e+01   4.4520e+00   0.0000e+00   3.6619e-02   2.7863e+02
20251214_16:00:00   2.4353e-01   6.2406e+01   5.1293e+00   0.0000e+00   3.4062e-02   2.7827e+02
20251214_17:00:00   2.4867e-01   6.3309e+01   5.2029e+00   0.0000e+00   1.6130e-01   2.7965e+02
20251214_18:00:00   2.0060e-01   5.3464e+01   4.1709e+00   0.0000e+00   4.4834e-02   2.8038e+02
20251214_19:00:00   2.2744e-01   5.9035e+01   4.7917e+00   0.0000e+00   6.9449e-02   2.7984e+02
20251214_20:00:00   2.6703e-01   6.6742e+01   5.7582e+00   0.0000e+00   7.9179e-02   2.7849e+02
20251214_21:00:00   2.7516e-01   6.8325e+01   5.9560e+00   0.0000e+00   8.3148e-02   2.7738e+02
20251214_22:00:00   2.7427e-01   6.8151e+01   5.9294e+00   0.0000e+00   1.1039e-01   2.7598e+02
20251214_23:00:00   2.8926e-01   7.1212e+01   6.1556e+00   0.0000e+00   2.1447e-01   2.7547e+02
20251215_00:00:00   2.6750e-01   6.6963e+01   5.6754e+00   0.0000e+00   2.0025e-01   2.7524e+02
20251215_01:00:00   2.4322e-01   6.2067e+01   5.1073e+00   0.0000e+00   2.2585e-01   2.7485e+02
20251215_02:00:00   2.6528e-01   6.6501e+01   5.6122e+00   0.0000e+00   2.0358e-01   2.7350e+02
20251215_03:00:00   3.1790e-01   7.6695e+01   6.7295e+00   0.0000e+00   2.8499e-01   2.7395e+02
20251215_04:00:00   3.8600e-01   8.9187e+01   8.0846e+00   0.0000e+00   3.5441e-01   2.7437e+02
20251215_05:00:00   4.3673e-01   9.8252e+01   9.1067e+00   0.0000e+00   2.9267e-01   2.7429e+02
20251215_06:00:00   4.7828e-01   1.0544e+02   9.8581e+00   0.0000e+00   3.6725e-01   2.7544e+02
20251215_09:00:00   5.3600e-01   1.1495e+02   1.0910e+01   0.0000e+00   2.6493e-01   2.6994e+02
20251215_12:00:00   5.1756e-01   1.1230e+02   1.0588e+01   0.0000e+00   5.6323e-02   2.7134e+02
20251215_15:00:00   5.1654e-01   1.1221e+02   1.0278e+01   0.0000e+00   1.9284e-01   2.7368e+02
20251215_18:00:00   4.1087e-01   9.4941e+01   8.3267e+00   0.0000e+00   2.2564e-02   2.7466e+02
20251215_21:00:00   3.8795e-01   9.1497e+01   7.5896e+00   0.0000e+00   5.4062e-03   2.7741e+02
20251216_00:00:00   3.6882e-01   8.8303e+01   7.1369e+00   0.0000e+00   3.7060e-06   2.7696e+02
20251216_03:00:00   3.7193e-01   8.8574e+01   7.2523e+00   0.0000e+00   0.0000e+00   2.8095e+02
20251216_06:00:00   3.9456e-01   9.2275e+01   7.7722e+00   0.0000e+00   3.2221e-03   2.7970e+02
20251216_09:00:00   3.4844e-01   8.3938e+01   6.8142e+00   0.0000e+00   0.0000e+00   2.7393e+02
20251216_12:00:00   2.4742e-01   6.4299e+01   4.6855e+00   0.0000e+00   0.0000e+00   2.6639e+02
20251216_15:00:00   1.8307e-01   5.0089e+01   3.4982e+00   0.0000e+00   4.2680e-04   2.6479e+02
20251216_18:00:00   1.8183e-01   4.9395e+01   3.6249e+00   0.0000e+00   1.1680e-02   2.6731e+02
20251216_21:00:00   2.1278e-01   5.6433e+01   4.2019e+00   0.0000e+00   0.0000e+00   2.6233e+02
20251217_00:00:00   2.4278e-01   6.2732e+01   4.9341e+00   0.0000e+00   1.9326e-03   2.6052e+02
20251217_03:00:00   2.1098e-01   5.5715e+01   4.4248e+00   0.0000e+00   3.4554e-03   2.6406e+02
20251217_06:00:00   1.9966e-01   5.3191e+01   4.2266e+00   0.0000e+00   0.0000e+00   2.6219e+02
20251217_09:00:00   2.0133e-01   5.3528e+01   4.2745e+00   0.0000e+00   0.0000e+00   2.5966e+02
20251217_12:00:00   2.7217e-01   6.8562e+01   5.8218e+00   0.0000e+00   0.0000e+00   2.5363e+02
20251217_15:00:00   3.8359e-01   9.0388e+01   8.1008e+00   0.0000e+00   2.0063e-03   2.5154e+02
20251217_18:00:00   4.9752e-01   1.1074e+02   1.0200e+01   0.0000e+00   0.0000e+00   2.5326e+02
20251217_21:00:00   4.6755e-01   1.0622e+02   9.3252e+00   0.0000e+00   0.0000e+00   2.5510e+02
20251218_00:00:00   4.6543e-01   1.0631e+02   9.1101e+00   0.0000e+00   0.0000e+00   2.5334e+02
20251218_03:00:00   4.2133e-01   9.8859e+01   8.2567e+00   0.0000e+00   2.8280e-05   2.5558e+02
20251218_06:00:00   3.5942e-01   8.7466e+01   7.0951e+00   0.0000e+00   0.0000e+00   2.5777e+02
20251218_09:00:00   3.4016e-01   8.3651e+01   6.7828e+00   0.0000e+00   2.2060e-04   2.5785e+02
20251218_12:00:00   3.4698e-01   8.5728e+01   6.6859e+00   0.0000e+00   0.0000e+00   2.5943e+02
20251218_15:00:00   2.7097e-01   7.0481e+01   5.2157e+00   0.0000e+00   1.6832e-05   2.6315e+02
20251218_18:00:00   2.6018e-01   6.8093e+01   5.0765e+00   0.0000e+00   3.0820e-05   2.6277e+02
20251218_21:00:00   2.4777e-01   6.5174e+01   4.9669e+00   0.0000e+00   2.9906e-03   2.6450e+02
20251219_00:00:00   2.4645e-01   6.4502e+01   5.1120e+00   0.0000e+00   1.2094e-03   2.6716e+02
20251219_03:00:00   2.3390e-01   6.1382e+01   5.0063e+00   0.0000e+00   7.1380e-04   2.6435e+02
20251219_06:00:00   2.7361e-01   6.9693e+01   5.8448e+00   0.0000e+00   3.1900e-04   2.6348e+02
20251219_09:00:00   3.0609e-01   7.6838e+01   6.3410e+00   0.0000e+00   1.1132e-05   2.6379e+02
20251219_12:00:00   2.7891e-01   7.1352e+01   5.7521e+00   0.0000e+00   0.0000e+00   2.6312e+02
20251219_15:00:00   2.6304e-01   6.8278e+01   5.3790e+00   0.0000e+00   3.4380e-04   2.6220e+02
20251219_18:00:00   2.6588e-01   6.9039e+01   5.4489e+00   0.0000e+00   2.0400e-05   2.6340e+02
20251219_21:00:00   2.6152e-01   6.8216e+01   5.3319e+00   0.0000e+00   0.0000e+00   2.6307e+02
20251220_00:00:00   2.6964e-01   7.0043e+01   5.4669e+00   0.0000e+00   0.0000e+00   2.6195e+02
20251220_03:00:00   2.6405e-01   6.8883e+01   5.3760e+00   0.0000e+00   0.0000e+00   2.6059e+02
20251220_06:00:00   2.5446e-01   6.6805e+01   5.1900e+00   0.0000e+00   0.0000e+00   2.5894e+02
20251220_09:00:00   2.5031e-01   6.5764e+01   5.1461e+00   0.0000e+00   0.0000e+00   2.6078e+02
20251220_12:00:00   2.4677e-01   6.5013e+01   5.0369e+00   0.0000e+00   0.0000e+00   2.6244e+02
20251220_15:00:00   2.4152e-01   6.3889e+01   4.9181e+00   0.0000e+00   0.0000e+00   2.6252e+02
20251220_18:00:00   2.4058e-01   6.3552e+01   4.9484e+00   0.0000e+00   1.5510e-04   2.6052e+02
20251220_21:00:00   2.4193e-01   6.3824e+01   4.9677e+00   0.0000e+00   0.0000e+00   2.5869e+02
20251221_00:00:00   2.4789e-01   6.5071e+01   5.0906e+00   0.0000e+00   0.0000e+00   2.6292e+02
20251221_03:00:00   2.4435e-01   6.4284e+01   5.0094e+00   0.0000e+00   0.0000e+00   2.5738e+02
20251221_06:00:00   2.5078e-01   6.5644e+01   5.1461e+00   0.0000e+00   2.7460e-04   2.5567e+02
20251221_09:00:00   2.4075e-01   6.3769e+01   4.8386e+00   0.0000e+00   0.0000e+00   2.5817e+02
20251221_12:00:00   2.4554e-01   6.4739e+01   4.8782e+00   0.0000e+00   0.0000e+00   2.5868e+02
20251221_15:00:00   2.2201e-01   5.9658e+01   4.4392e+00   0.0000e+00   0.0000e+00   2.6160e+02
20251221_18:00:00   2.2861e-01   6.0898e+01   4.5765e+00   0.0000e+00   1.9958e-03   2.6229e+02
20251221_21:00:00   2.4384e-01   6.3790e+01   5.1276e+00   0.0000e+00   2.1041e-04   2.6082e+02
20251222_00:00:00   2.9372e-01   7.3797e+01   6.2328e+00   0.0000e+00   7.5021e-04   2.5944e+02
20251222_03:00:00   3.9607e-01   9.3413e+01   8.2812e+00   0.0000e+00   3.2337e-04   2.6172e+02
20251222_06:00:00   6.0192e-01   1.2876e+02   1.1703e+01   0.0000e+00   0.0000e+00   2.6145e+02
20251222_09:00:00   6.8651e-01   1.4098e+02   1.3135e+01   0.0000e+00   2.5980e-04   2.6234e+02
20251222_12:00:00   6.6874e-01   1.3886e+02   1.2534e+01   0.0000e+00   1.2749e-03   2.6376e+02
20251222_15:00:00   5.5549e-01   1.2165e+02   1.0675e+01   0.0000e+00   1.7667e-03   2.6184e+02
20251222_18:00:00   5.6751e-01   1.2349e+02   1.0789e+01   0.0000e+00   7.9170e-05   2.6472e+02
20251222_21:00:00   4.8432e-01   1.0964e+02   9.4531e+00   0.0000e+00   9.8719e-05   2.6427e+02
20251223_00:00:00   4.7644e-01   1.0844e+02   9.3821e+00   0.0000e+00   3.3097e-05   2.6443e+02
20251223_03:00:00   5.3307e-01   1.1764e+02   1.0342e+01   0.0000e+00   6.2020e-05   2.6528e+02
20251223_06:00:00   5.5032e-01   1.2053e+02   1.0649e+01   0.0000e+00   1.2254e-04   2.6859e+02
20251223_09:00:00   5.8214e-01   1.2528e+02   1.1158e+01   0.0000e+00   2.4301e-05   2.6287e+02
20251223_12:00:00   6.0365e-01   1.2839e+02   1.1574e+01   0.0000e+00   3.8820e-05   2.6252e+02
20251223_15:00:00   6.8949e-01   1.4034e+02   1.2817e+01   0.0000e+00   5.8961e-04   2.6117e+02
20251223_18:00:00   7.0988e-01   1.4336e+02   1.3000e+01   0.0000e+00   3.7040e-04   2.6052e+02
20251223_21:00:00   6.7251e-01   1.3842e+02   1.2144e+01   0.0000e+00   1.4470e-03   2.5573e+02
20251224_00:00:00   6.6333e-01   1.3715e+02   1.1679e+01   0.0000e+00   2.9860e-03   2.5527e+02
20251224_03:00:00   5.8302e-01   1.2544e+02   1.0629e+01   0.0000e+00   3.2560e-04   2.5652e+02
20251224_06:00:00   5.0297e-01   1.1267e+02   9.2649e+00   0.0000e+00   1.8900e-03   2.5818e+02
20251224_09:00:00   4.6988e-01   1.0738e+02   8.5300e+00   0.0000e+00   9.0020e-04   2.5787e+02
20251224_12:00:00   4.5426e-01   1.0443e+02   8.1283e+00   0.0000e+00   3.7200e-04   2.5667e+02
20251224_15:00:00   3.9586e-01   9.3883e+01   7.1506e+00   0.0000e+00   2.2880e-04   2.5867e+02
20251224_18:00:00   2.4177e-01   6.3194e+01   4.6527e+00   0.0000e+00   0.0000e+00   2.5880e+02
20251224_21:00:00   2.2730e-01   5.9803e+01   4.3944e+00   0.0000e+00   0.0000e+00   2.5872e+02
20251225_00:00:00   1.6433e-01   4.5579e+01   3.2264e+00   0.0000e+00   0.0000e+00   2.5866e+02
20251225_03:00:00   1.1243e-01   3.3117e+01   2.2159e+00   0.0000e+00   0.0000e+00   2.5914e+02
20251225_06:00:00   1.3782e-01   3.9409e+01   2.4021e+00   0.0000e+00   0.0000e+00   2.6250e+02
20251225_09:00:00   2.3528e-01   6.0943e+01   3.9139e+00   4.5870e-04   0.0000e+00   2.6865e+02
20251225_12:00:00   2.1889e-01   5.7429e+01   3.8302e+00   0.0000e+00   7.5700e-06   2.7147e+02
20251225_15:00:00   1.1362e-01   3.3348e+01   1.9656e+00   0.0000e+00   5.3700e-04   2.7600e+02
20251225_18:00:00   8.8528e-02   2.6938e+01   1.5803e+00   0.0000e+00   4.5595e-03   2.7844e+02
20251225_21:00:00   1.0193e-01   3.0017e+01   1.9358e+00   0.0000e+00   3.5534e-03   2.8548e+02
20251226_00:00:00   1.0816e-01   3.1296e+01   2.1169e+00   0.0000e+00   3.3597e-03   2.8948e+02
20251226_03:00:00   1.1779e-01   3.3540e+01   2.3645e+00   0.0000e+00   3.3145e-04   2.8643e+02
20251226_06:00:00   1.1411e-01   3.3011e+01   2.2219e+00   0.0000e+00   8.4960e-05   2.8651e+02
