#            date       tau255        Tb[K]      pwv[mm] lwp[kg*m^-2] iwp[kg*m^-2]       o3[DU]
20251208_00:00:00   1.9396e-01   5.2282e+01   3.8924e+00   0.0000e+00   0.0000e+00   2.6799e+02
20251208_01:00:00   1.8696e-01   5.0725e+01   3.7523e+00   0.0000e+00   0.0000e+00   2.6723e+02
20251208_02:00:00   1.8151e-01   4.9495e+01   3.6444e+00   0.0000e+00   0.0000e+00   2.6812e+02
20251208_03:00:00   1.7176e-01   4.7290e+01   3.4410e+00   0.0000e+00   0.0000e+00   2.6821e+02
20251208_04:00:00   1.6576e-01   4.5939e+01   3.3129e+00   0.0000e+00   0.0000e+00   2.6881e+02
20251208_05:00:00   1.6334e-01   4.5399e+01   3.2608e+00   0.0000e+00   0.0000e+00   2.6994e+02
20251208_06:00:00   1.6429e-01   4.5633e+01   3.2764e+00   0.0000e+00   0.0000e+00   2.7089e+02
20251208_07:00:00   1.6710e-01   4.6298e+01   3.3324e+00   0.0000e+00   0.0000e+00   2.7107e+02
20251208_08:00:00   1.6998e-01   4.6993e+01   3.3855e+00   0.0000e+00   0.0000e+00   2.7199e+02
20251208_09:00:00   1.7281e-01   4.7682e+01   3.4400e+00   0.0000e+00   0.0000e+00   2.7244e+02
20251208_10:00:00   1.7667e-01   4.8571e+01   3.5237e+00   0.0000e+00   0.0000e+00   2.7315e+02
20251208_11:00:00   1.7931e-01   4.9157e+01   3.5851e+00   0.0000e+00   0.0000e+00   2.7299e+02
20251208_12:00:00   1.8130e-01   4.9590e+01   3.6269e+00   0.0000e+00   0.0000e+00   2.7335e+02
20251208_13:00:00   1.8193e-01   4.9711e+01   3.6389e+00   0.0000e+00   0.0000e+00   2.7451e+02
20251208_14:00:00   1.8240e-01   4.9789e+01   3.6531e+00   0.0000e+00   0.0000e+00   2.7535e+02
20251208_15:00:00   1.8871e-01   5.1101e+01   3.8000e+00   0.0000e+00   0.0000e+00   2.7606e+02
20251208_16:00:00   1.9605e-01   5.2715e+01   3.9505e+00   0.0000e+00   0.0000e+00   2.7781e+02
20251208_17:00:00   2.0326e-01   5.4312e+01   4.1008e+00   0.0000e+00   0.0000e+00   2.8093e+02
20251208_18:00:00   2.0981e-01   5.5775e+01   4.2178e+00   0.0000e+00   0.0000e+00   2.8474e+02
20251208_19:00:00   2.2022e-01   5.8143e+01   4.3960e+00   0.0000e+00   0.0000e+00   2.8827e+02
20251208_20:00:00   2.2793e-01   5.9880e+01   4.5206e+00   0.0000e+00   0.0000e+00   2.8491e+02
20251208_21:00:00   2.2707e-01   5.9834e+01   4.4440e+00   0.0000e+00   0.0000e+00   2.8565e+02
20251208_22:00:00   2.1528e-01   5.7495e+01   4.1293e+00   0.0000e+00   0.0000e+00   2.8834e+02
20251208_23:00:00   2.0040e-01   5.4315e+01   3.7955e+00   0.0000e+00   0.0000e+00   2.8916e+02
20251209_00:00:00   1.7790e-01   4.9356e+01   3.2958e+00   0.0000e+00   0.0000e+00   2.8990e+02
20251209_01:00:00   1.6584e-01   4.6668e+01   3.0151e+00   0.0000e+00   0.0000e+00   2.8993e+02
20251209_02:00:00   1.6644e-01   4.6866e+01   2.9950e+00   0.0000e+00   0.0000e+00   2.8885e+02
20251209_03:00:00   1.6800e-01   4.7282e+01   2.9935e+00   0.0000e+00   0.0000e+00   2.8897e+02
20251209_04:00:00   1.6246e-01   4.6028e+01   2.8696e+00   0.0000e+00   0.0000e+00   2.8955e+02
20251209_05:00:00   1.5598e-01   4.4541e+01   2.7435e+00   0.0000e+00   0.0000e+00   2.9109e+02
20251209_06:00:00   1.4701e-01   4.2452e+01   2.5664e+00   0.0000e+00   0.0000e+00   2.9180e+02
20251209_07:00:00   1.4155e-01   4.1157e+01   2.4565e+00   0.0000e+00   0.0000e+00   2.9125e+02
20251209_08:00:00   1.3821e-01   4.0319e+01   2.4023e+00   0.0000e+00   0.0000e+00   2.8931e+02
20251209_09:00:00   1.2725e-01   3.7664e+01   2.2025e+00   0.0000e+00   0.0000e+00   2.8661e+02
20251209_10:00:00   1.1909e-01   3.5657e+01   2.0505e+00   0.0000e+00   0.0000e+00   2.8360e+02
20251209_11:00:00   1.1053e-01   3.3543e+01   1.8892e+00   0.0000e+00   0.0000e+00   2.8378e+02
20251209_12:00:00   1.0530e-01   3.2213e+01   1.8029e+00   0.0000e+00   0.0000e+00   2.8405e+02
20251209_13:00:00   9.8371e-02   3.0455e+01   1.6802e+00   0.0000e+00   0.0000e+00   2.8325e+02
20251209_14:00:00   9.8160e-02   3.0372e+01   1.6893e+00   0.0000e+00   0.0000e+00   2.8341e+02
20251209_15:00:00   1.0204e-01   3.1252e+01   1.8040e+00   0.0000e+00   0.0000e+00   2.8329e+02
20251209_16:00:00   1.1288e-01   3.3772e+01   2.0852e+00   0.0000e+00   0.0000e+00   2.8392e+02
20251209_17:00:00   1.2244e-01   3.5975e+01   2.3393e+00   0.0000e+00   0.0000e+00   2.8240e+02
20251209_18:00:00   1.3507e-01   3.8960e+01   2.6378e+00   0.0000e+00   0.0000e+00   2.8026e+02
20251209_19:00:00   1.4787e-01   4.1914e+01   2.9426e+00   0.0000e+00   0.0000e+00   2.7972e+02
20251209_20:00:00   1.6072e-01   4.4843e+01   3.2439e+00   0.0000e+00   0.0000e+00   2.8220e+02
20251209_21:00:00   1.7350e-01   4.7770e+01   3.5416e+00   0.0000e+00   0.0000e+00   2.8293e+02
20251209_22:00:00   1.8794e-01   5.1059e+01   3.8606e+00   0.0000e+00   0.0000e+00   2.8256e+02
20251209_23:00:00   2.0144e-01   5.4064e+01   4.1614e+00   0.0000e+00   0.0000e+00   2.8334e+02
20251210_00:00:00   2.1424e-01   5.6900e+01   4.4464e+00   0.0000e+00   0.0000e+00   2.8597e+02
20251210_01:00:00   2.2776e-01   5.9875e+01   4.7396e+00   0.0000e+00   0.0000e+00   2.8585e+02
20251210_02:00:00   2.4085e-01   6.2738e+01   5.0036e+00   0.0000e+00   0.0000e+00   2.8597e+02
20251210_03:00:00   2.5247e-01   6.5326e+01   5.2271e+00   0.0000e+00   0.0000e+00   2.8513e+02
20251210_04:00:00   2.6347e-01   6.7728e+01   5.4491e+00   0.0000e+00   0.0000e+00   2.8235e+02
20251210_05:00:00   2.6829e-01   6.8743e+01   5.5402e+00   0.0000e+00   0.0000e+00   2.8024e+02
20251210_06:00:00   2.6823e-01   6.8681e+01   5.5357e+00   0.0000e+00   0.0000e+00   2.7719e+02
20251210_07:00:00   2.6165e-01   6.7298e+01   5.4001e+00   0.0000e+00   0.0000e+00   2.7623e+02
20251210_08:00:00   2.6282e-01   6.7548e+01   5.4271e+00   0.0000e+00   0.0000e+00   2.7596e+02
20251210_09:00:00   2.7134e-01   6.9386e+01   5.6015e+00   0.0000e+00   0.0000e+00   2.7595e+02
20251210_10:00:00   2.7872e-01   7.0982e+01   5.7552e+00   0.0000e+00   0.0000e+00   2.7367e+02
20251210_11:00:00   2.8842e-01   7.3057e+01   5.9307e+00   0.0000e+00   0.0000e+00   2.7308e+02
20251210_12:00:00   2.9159e-01   7.3745e+01   5.9805e+00   0.0000e+00   0.0000e+00   2.7309e+02
20251210_13:00:00   2.7751e-01   7.0978e+01   5.6649e+00   0.0000e+00   0.0000e+00   2.7351e+02
20251210_14:00:00   2.7404e-01   7.0379e+01   5.5524e+00   0.0000e+00   0.0000e+00   2.7486e+02
20251210_15:00:00   2.8709e-01   7.3241e+01   5.7555e+00   0.0000e+00   0.0000e+00   2.7883e+02
20251210_16:00:00   3.0805e-01   7.7613e+01   6.1249e+00   0.0000e+00   0.0000e+00   2.8357e+02
20251210_17:00:00   3.1060e-01   7.8209e+01   6.1640e+00   0.0000e+00   0.0000e+00   2.8525e+02
20251210_18:00:00   3.0464e-01   7.7041e+01   6.0548e+00   0.0000e+00   0.0000e+00   2.8345e+02
20251210_19:00:00   2.9789e-01   7.5701e+01   5.9099e+00   0.0000e+00   0.0000e+00   2.8221e+02
20251210_20:00:00   2.9247e-01   7.4661e+01   5.7684e+00   0.0000e+00   0.0000e+00   2.8194e+02
20251210_21:00:00   2.8998e-01   7.4197e+01   5.6722e+00   0.0000e+00   0.0000e+00   2.8096e+02
20251210_22:00:00   2.8843e-01   7.3924e+01   5.6095e+00   0.0000e+00   0.0000e+00   2.8037e+02
20251210_23:00:00   2.8674e-01   7.3633e+01   5.5522e+00   0.0000e+00   0.0000e+00   2.7978e+02
20251211_00:00:00   2.8085e-01   7.2448e+01   5.4296e+00   0.0000e+00   0.0000e+00   2.8054e+02
20251211_01:00:00   2.7806e-01   7.1891e+01   5.3517e+00   0.0000e+00   0.0000e+00   2.8232e+02
20251211_02:00:00   2.7513e-01   7.1295e+01   5.2732e+00   0.0000e+00   0.0000e+00   2.8391e+02
20251211_03:00:00   2.6958e-01   7.0154e+01   5.1508e+00   0.0000e+00   0.0000e+00   2.8486e+02
20251211_04:00:00   2.6215e-01   6.8590e+01   4.9981e+00   0.0000e+00   0.0000e+00   2.8492e+02
20251211_05:00:00   2.5709e-01   6.7506e+01   4.8910e+00   0.0000e+00   0.0000e+00   2.8443e+02
20251211_06:00:00   2.5068e-01   6.6160e+01   4.7611e+00   0.0000e+00   0.0000e+00   2.8244e+02
20251211_07:00:00   2.4440e-01   6.4792e+01   4.6426e+00   0.0000e+00   0.0000e+00   2.8012e+02
20251211_08:00:00   2.3840e-01   6.3448e+01   4.5227e+00   0.0000e+00   0.0000e+00   2.7919e+02
20251211_09:00:00   2.3034e-01   6.1679e+01   4.3704e+00   0.0000e+00   0.0000e+00   2.7853e+02
20251211_10:00:00   2.2117e-01   5.9648e+01   4.1915e+00   0.0000e+00   0.0000e+00   2.7715e+02
20251211_11:00:00   2.1188e-01   5.7587e+01   4.0000e+00   0.0000e+00   0.0000e+00   2.7592e+02
20251211_12:00:00   2.0593e-01   5.6271e+01   3.8608e+00   0.0000e+00   0.0000e+00   2.7475e+02
20251211_13:00:00   1.9814e-01   5.4546e+01   3.6861e+00   0.0000e+00   0.0000e+00   2.7573e+02
20251211_14:00:00   1.9679e-01   5.4251e+01   3.6393e+00   0.0000e+00   0.0000e+00   2.7793e+02
20251211_15:00:00   1.9680e-01   5.4252e+01   3.6261e+00   0.0000e+00   0.0000e+00   2.8024e+02
20251211_16:00:00   1.9925e-01   5.4812e+01   3.6625e+00   0.0000e+00   0.0000e+00   2.8204e+02
20251211_17:00:00   2.0309e-01   5.5678e+01   3.7290e+00   0.0000e+00   0.0000e+00   2.8315e+02
20251211_18:00:00   2.0523e-01   5.6160e+01   3.7737e+00   0.0000e+00   0.0000e+00   2.8321e+02
20251211_19:00:00   2.0628e-01   5.6386e+01   3.8020e+00   0.0000e+00   0.0000e+00   2.8291e+02
20251211_20:00:00   2.1370e-01   5.8015e+01   3.9430e+00   0.0000e+00   0.0000e+00   2.8259e+02
20251211_21:00:00   2.2056e-01   5.9524e+01   4.0712e+00   0.0000e+00   0.0000e+00   2.8232e+02
20251211_22:00:00   2.2543e-01   6.0606e+01   4.1590e+00   0.0000e+00   0.0000e+00   2.8214e+02
20251211_23:00:00   2.2724e-01   6.1006e+01   4.2027e+00   0.0000e+00   0.0000e+00   2.8302e+02
20251212_00:00:00   2.3325e-01   6.2306e+01   4.3394e+00   0.0000e+00   0.0000e+00   2.8259e+02
20251212_01:00:00   2.5174e-01   6.6260e+01   4.7123e+00   0.0000e+00   0.0000e+00   2.8323e+02
20251212_02:00:00   2.7381e-01   7.0898e+01   5.1633e+00   0.0000e+00   0.0000e+00   2.8359e+02
20251212_03:00:00   2.9448e-01   7.5140e+01   5.5944e+00   0.0000e+00   0.0000e+00   2.8418e+02
20251212_04:00:00   3.1138e-01   7.8519e+01   5.9382e+00   0.0000e+00   0.0000e+00   2.8551e+02
20251212_05:00:00   3.1930e-01   8.0081e+01   6.1087e+00   0.0000e+00   0.0000e+00   2.8623e+02
20251212_06:00:00   3.2123e-01   8.0453e+01   6.1516e+00   0.0000e+00   0.0000e+00   2.8608e+02
20251212_07:00:00   3.2621e-01   8.1395e+01   6.2365e+00   0.0000e+00   0.0000e+00   2.8787e+02
20251212_08:00:00   3.2337e-01   8.0855e+01   6.1624e+00   0.0000e+00   0.0000e+00   2.8766e+02
20251212_09:00:00   3.2088e-01   8.0367e+01   6.1137e+00   0.0000e+00   0.0000e+00   2.8753e+02
20251212_10:00:00   3.2106e-01   8.0380e+01   6.1145e+00   0.0000e+00   0.0000e+00   2.8764e+02
20251212_11:00:00   3.0555e-01   7.7360e+01   5.8203e+00   0.0000e+00   0.0000e+00   2.8631e+02
20251212_12:00:00   2.9929e-01   7.6126e+01   5.6981e+00   0.0000e+00   0.0000e+00   2.8316e+02
20251212_13:00:00   2.9309e-01   7.4912e+01   5.5658e+00   0.0000e+00   0.0000e+00   2.8030e+02
20251212_14:00:00   2.9721e-01   7.5720e+01   5.6274e+00   0.0000e+00   0.0000e+00   2.7765e+02
20251212_15:00:00   2.9244e-01   7.4784e+01   5.5298e+00   0.0000e+00   0.0000e+00   2.7917e+02
20251212_16:00:00   2.9766e-01   7.5831e+01   5.6240e+00   0.0000e+00   0.0000e+00   2.8063e+02
20251212_17:00:00   2.9877e-01   7.6040e+01   5.6424e+00   0.0000e+00   0.0000e+00   2.8001e+02
20251212_18:00:00   3.0300e-01   7.6846e+01   5.7132e+00   0.0000e+00   1.0234e-04   2.8000e+02
20251212_19:00:00   3.0215e-01   7.6642e+01   5.7049e+00   0.0000e+00   8.3680e-04   2.8208e+02
20251212_20:00:00   3.0386e-01   7.6953e+01   5.7353e+00   0.0000e+00   5.0724e-03   2.8252e+02
20251212_21:00:00   2.9585e-01   7.5360e+01   5.5957e+00   0.0000e+00   2.7607e-03   2.8258e+02
20251212_22:00:00   2.9417e-01   7.5044e+01   5.5674e+00   0.0000e+00   1.2886e-04   2.8323e+02
20251212_23:00:00   3.0376e-01   7.6889e+01   5.7568e+00   0.0000e+00   6.6253e-04   2.8476e+02
20251213_00:00:00   3.0052e-01   7.6187e+01   5.7174e+00   0.0000e+00   2.0876e-03   2.8382e+02
20251213_03:00:00   2.8006e-01   7.2058e+01   5.3393e+00   0.0000e+00   0.0000e+00   2.8324e+02
20251213_06:00:00   2.8496e-01   7.2876e+01   5.4731e+00   0.0000e+00   9.3580e-05   2.7914e+02
20251213_09:00:00   2.9039e-01   7.3866e+01   5.5606e+00   0.0000e+00   1.8612e-05   2.7854e+02
20251213_12:00:00   2.7416e-01   7.0375e+01   5.2992e+00   0.0000e+00   2.4633e-03   2.7660e+02
20251213_15:00:00   2.6117e-01   6.7287e+01   5.1696e+00   0.0000e+00   6.9585e-03   2.7333e+02
20251213_18:00:00   2.5101e-01   6.5155e+01   4.9783e+00   0.0000e+00   4.0790e-05   2.7548e+02
20251213_21:00:00   2.6693e-01   6.8405e+01   5.2911e+00   0.0000e+00   5.4882e-03   2.7337e+02
20251214_00:00:00   2.7479e-01   6.9839e+01   5.5254e+00   0.0000e+00   4.5226e-03   2.7510e+02
20251214_03:00:00   2.7983e-01   7.0484e+01   5.7691e+00   0.0000e+00   2.5216e-02   2.7570e+02
20251214_06:00:00   2.7516e-01   6.9623e+01   5.6581e+00   0.0000e+00   1.8244e-03   2.6897e+02
20251214_09:00:00   2.8717e-01   7.2013e+01   5.8562e+00   0.0000e+00   1.9068e-02   2.6931e+02
20251214_12:00:00   2.9240e-01   7.3015e+01   5.9395e+00   0.0000e+00   4.1670e-02   2.6909e+02
20251214_15:00:00   2.9467e-01   7.3531e+01   5.9425e+00   0.0000e+00   4.4503e-02   2.7151e+02
20251214_18:00:00   3.4306e-01   8.2664e+01   6.9880e+00   0.0000e+00   5.4113e-02   2.7397e+02
20251214_21:00:00   3.4094e-01   8.2393e+01   6.8605e+00   0.0000e+00   2.6949e-02   2.7338e+02
20251215_00:00:00   3.0491e-01   7.6060e+01   5.9045e+00   0.0000e+00   7.8010e-03   2.7492e+02
20251215_03:00:00   2.8738e-01   7.2674e+01   5.5016e+00   0.0000e+00   0.0000e+00   2.7262e+02
20251215_06:00:00   2.9219e-01   7.3532e+01   5.5848e+00   0.0000e+00   0.0000e+00   2.6956e+02
20251215_09:00:00   2.8860e-01   7.2658e+01   5.5245e+00   0.0000e+00   0.0000e+00   2.6909e+02
20251215_12:00:00   2.6980e-01   6.8835e+01   5.1744e+00   0.0000e+00   1.0178e-03   2.6245e+02
20251215_15:00:00   2.5860e-01   6.6493e+01   4.9925e+00   0.0000e+00   2.9940e-05   2.6157e+02
20251215_18:00:00   2.4190e-01   6.3009e+01   4.6977e+00   0.0000e+00   1.4254e-03   2.6441e+02
20251215_21:00:00   2.5013e-01   6.4643e+01   4.8987e+00   0.0000e+00   1.2616e-02   2.6549e+02
20251216_00:00:00   2.3728e-01   6.1730e+01   4.7619e+00   0.0000e+00   9.5486e-03   2.6640e+02
20251216_03:00:00   2.2761e-01   5.9675e+01   4.5847e+00   0.0000e+00   9.1134e-04   2.6568e+02
20251216_06:00:00   2.2848e-01   5.9914e+01   4.5829e+00   0.0000e+00   2.0096e-03   2.6710e+02
20251216_09:00:00   2.4610e-01   6.3518e+01   4.9642e+00   0.0000e+00   1.0321e-03   2.6847e+02
20251216_12:00:00   2.5053e-01   6.4164e+01   5.1194e+00   0.0000e+00   4.0926e-03   2.6558e+02
20251216_15:00:00   2.4628e-01   6.3138e+01   5.0729e+00   0.0000e+00   1.5408e-03   2.6407e+02
20251216_18:00:00   2.5623e-01   6.5013e+01   5.3348e+00   0.0000e+00   2.8356e-03   2.6614e+02
20251216_21:00:00   2.5670e-01   6.5010e+01   5.3695e+00   0.0000e+00   3.2864e-02   2.6832e+02
20251217_00:00:00   2.6820e-01   6.7488e+01   5.5744e+00   0.0000e+00   4.3400e-02   2.6647e+02
20251217_03:00:00   2.3711e-01   6.1094e+01   4.8963e+00   0.0000e+00   6.6383e-02   2.6579e+02
20251217_06:00:00   2.3733e-01   6.1196e+01   4.8952e+00   0.0000e+00   1.7390e-02   2.6413e+02
20251217_09:00:00   2.4473e-01   6.2691e+01   5.0353e+00   0.0000e+00   4.5785e-02   2.6273e+02
20251217_12:00:00   2.4855e-01   6.3416e+01   5.0820e+00   0.0000e+00   8.4544e-02   2.6371e+02
20251217_15:00:00   2.3712e-01   6.1229e+01   4.7878e+00   0.0000e+00   6.8900e-02   2.6145e+02
20251217_18:00:00   2.2921e-01   5.9765e+01   4.5976e+00   0.0000e+00   5.5286e-03   2.6038e+02
20251217_21:00:00   2.2275e-01   5.8739e+01   4.3436e+00   0.0000e+00   1.1666e-03   2.5911e+02
20251218_00:00:00   2.1400e-01   5.6858e+01   4.1687e+00   0.0000e+00   1.9490e-04   2.5685e+02
20251218_03:00:00   2.2498e-01   5.9376e+01   4.3256e+00   0.0000e+00   1.5878e-04   2.5772e+02
20251218_06:00:00   2.3167e-01   6.0699e+01   4.4977e+00   0.0000e+00   0.0000e+00   2.5857e+02
20251218_09:00:00   3.0950e-01   7.6713e+01   6.0044e+00   0.0000e+00   6.4098e-03   2.5646e+02
20251218_12:00:00   5.9956e-01   1.2645e+02   1.1177e+01   0.0000e+00   9.7243e-03   2.5717e+02
20251218_15:00:00   8.2735e-01   1.5617e+02   1.4652e+01   6.7418e-04   2.4120e-01   2.5732e+02
20251218_18:00:00   7.9657e-01   1.5257e+02   1.4142e+01   1.5138e-05   9.9199e-02   2.6236e+02
20251218_21:00:00   7.6998e-01   1.4967e+02   1.3524e+01   0.0000e+00   5.0495e-04   2.6344e+02
20251219_00:00:00   8.2500e-01   1.5680e+02   1.3775e+01   1.1749e-02   2.1685e-04   2.6303e+02
20251219_03:00:00   6.2365e-01   1.3067e+02   1.1102e+01   0.0000e+00   0.0000e+00   2.6648e+02
20251219_06:00:00   5.1678e-01   1.1463e+02   9.2373e+00   0.0000e+00   8.0100e-07   2.6668e+02
20251219_09:00:00   5.0254e-01   1.1207e+02   9.0981e+00   0.0000e+00   0.0000e+00   2.6530e+02
20251219_12:00:00   5.0346e-01   1.1223e+02   9.0570e+00   0.0000e+00   0.0000e+00   2.6688e+02
20251219_15:00:00   4.8857e-01   1.0982e+02   8.7476e+00   0.0000e+00   0.0000e+00   2.6670e+02
20251219_18:00:00   4.6061e-01   1.0511e+02   8.3021e+00   0.0000e+00   0.0000e+00   2.6726e+02
20251219_21:00:00   4.9595e-01   1.1126e+02   8.7119e+00   0.0000e+00   0.0000e+00   2.7041e+02
20251220_00:00:00   4.6345e-01   1.0582e+02   8.1954e+00   0.0000e+00   0.0000e+00   2.6893e+02
20251220_03:00:00   3.8878e-01   9.2545e+01   6.9693e+00   0.0000e+00   0.0000e+00   2.6544e+02
20251220_06:00:00   3.5460e-01   8.6065e+01   6.3744e+00   0.0000e+00   0.0000e+00   2.6655e+02
20251220_09:00:00   3.2656e-01   8.0394e+01   5.9509e+00   0.0000e+00   0.0000e+00   2.6701e+02
20251220_12:00:00   3.0177e-01   7.5396e+01   5.5137e+00   0.0000e+00   0.0000e+00   2.6851e+02
20251220_15:00:00   2.9865e-01   7.4652e+01   5.4495e+00   0.0000e+00   0.0000e+00   2.7079e+02
20251220_18:00:00   2.6698e-01   6.8178e+01   4.9182e+00   0.0000e+00   0.0000e+00   2.7114e+02
20251220_21:00:00   3.0806e-01   7.6798e+01   5.5024e+00   0.0000e+00   0.0000e+00   2.7434e+02
20251221_00:00:00   3.4378e-01   8.4046e+01   5.9933e+00   0.0000e+00   0.0000e+00   2.7360e+02
20251221_03:00:00   2.8293e-01   7.1975e+01   5.0346e+00   0.0000e+00   0.0000e+00   2.7641e+02
20251221_06:00:00   3.1469e-01   7.8445e+01   5.5536e+00   0.0000e+00   1.3186e-05   2.7558e+02
20251221_09:00:00   3.3838e-01   8.3020e+01   5.9880e+00   0.0000e+00   1.3250e-03   2.7674e+02
20251221_12:00:00   3.1160e-01   7.7723e+01   5.5669e+00   0.0000e+00   1.2451e-03   2.7280e+02
20251221_15:00:00   2.8381e-01   7.2070e+01   5.1582e+00   0.0000e+00   1.4936e-03   2.7203e+02
20251221_18:00:00   2.6479e-01   6.8212e+01   4.8371e+00   0.0000e+00   1.5459e-04   2.6900e+02
20251221_21:00:00   2.6706e-01   6.8833e+01   4.8333e+00   0.0000e+00   5.7263e-05   2.6280e+02
20251222_00:00:00   2.4681e-01   6.4691e+01   4.4567e+00   0.0000e+00   4.9420e-03   2.6021e+02
20251222_03:00:00   1.9897e-01   5.4142e+01   3.6550e+00   0.0000e+00   2.1659e-03   2.6281e+02
20251222_06:00:00   2.1342e-01   5.6890e+01   4.1220e+00   0.0000e+00   1.2205e-03   2.6311e+02
20251222_09:00:00   2.2193e-01   5.8736e+01   4.2895e+00   0.0000e+00   5.5549e-03   2.6007e+02
20251222_12:00:00   2.2787e-01   5.9767e+01   4.5231e+00   0.0000e+00   1.0180e-02   2.5875e+02
20251222_15:00:00   2.1472e-01   5.6300e+01   4.5056e+00   0.0000e+00   3.9213e-03   2.5786e+02
20251222_18:00:00   2.0765e-01   5.4783e+01   4.3853e+00   0.0000e+00   5.7137e-03   2.5751e+02
20251222_21:00:00   2.3028e-01   5.9774e+01   4.7856e+00   0.0000e+00   1.1318e-02   2.5616e+02
20251223_00:00:00   2.4982e-01   6.4012e+01   5.1812e+00   0.0000e+00   3.8379e-04   2.5542e+02
20251223_03:00:00   2.2557e-01   5.8667e+01   4.8016e+00   0.0000e+00   2.0040e-03   2.5585e+02
20251223_06:00:00   2.3035e-01   5.9535e+01   4.9366e+00   0.0000e+00   5.7198e-04   2.5561e+02
20251223_09:00:00   2.3005e-01   5.9505e+01   4.8147e+00   0.0000e+00   1.4385e-03   2.5765e+02
20251223_12:00:00   2.5469e-01   6.4911e+01   5.2454e+00   0.0000e+00   1.8018e-04   2.5884e+02
20251223_15:00:00   2.1443e-01   5.6558e+01   4.4084e+00   0.0000e+00   0.0000e+00   2.6241e+02
20251223_18:00:00   1.9490e-01   5.2385e+01   3.9897e+00   0.0000e+00   0.0000e+00   2.6701e+02
20251223_21:00:00   1.9269e-01   5.1739e+01   3.9550e+00   0.0000e+00   0.0000e+00   2.6813e+02
20251224_00:00:00   1.9186e-01   5.1543e+01   3.9736e+00   0.0000e+00   0.0000e+00   2.6851e+02
