#            date       tau255        Tb[K]      pwv[mm] lwp[kg*m^-2] iwp[kg*m^-2]       o3[DU]
20251201_12:00:00   3.4117e-01   8.2219e+01   6.3689e+00   0.0000e+00   0.0000e+00   2.9861e+02
20251201_13:00:00   3.6850e-01   8.7255e+01   6.8012e+00   0.0000e+00   0.0000e+00   2.9307e+02
20251201_14:00:00   3.7934e-01   8.9049e+01   7.0622e+00   0.0000e+00   3.1801e-04   2.9293e+02
20251201_15:00:00   3.7116e-01   8.7332e+01   6.9821e+00   0.0000e+00   2.0211e-03   2.9957e+02
20251201_16:00:00   3.4292e-01   8.2029e+01   6.4768e+00   0.0000e+00   1.6806e-03   3.0217e+02
20251201_17:00:00   3.3624e-01   8.0771e+01   6.3498e+00   0.0000e+00   3.0360e-04   3.0722e+02
20251201_18:00:00   3.3938e-01   8.1644e+01   6.2964e+00   0.0000e+00   3.7840e-06   3.0711e+02
20251201_19:00:00   3.5253e-01   8.4328e+01   6.4244e+00   0.0000e+00   0.0000e+00   3.1010e+02
20251201_20:00:00   3.8397e-01   9.0223e+01   6.8931e+00   0.0000e+00   0.0000e+00   3.1138e+02
20251201_21:00:00   3.7962e-01   8.9498e+01   6.8182e+00   0.0000e+00   0.0000e+00   3.1601e+02
20251201_22:00:00   3.7357e-01   8.8461e+01   6.7060e+00   0.0000e+00   0.0000e+00   3.1836e+02
20251201_23:00:00   3.5425e-01   8.5068e+01   6.3125e+00   0.0000e+00   0.0000e+00   3.1827e+02
20251202_00:00:00   3.5340e-01   8.5000e+01   6.2325e+00   0.0000e+00   0.0000e+00   3.1428e+02
20251202_01:00:00   3.3036e-01   8.0705e+01   5.8276e+00   0.0000e+00   0.0000e+00   3.1040e+02
20251202_02:00:00   3.1457e-01   7.7713e+01   5.5247e+00   0.0000e+00   0.0000e+00   3.0697e+02
20251202_03:00:00   2.8987e-01   7.2834e+01   5.1182e+00   0.0000e+00   0.0000e+00   3.0391e+02
20251202_04:00:00   2.7015e-01   6.8843e+01   4.7902e+00   0.0000e+00   0.0000e+00   3.0219e+02
20251202_05:00:00   2.5241e-01   6.5192e+01   4.4827e+00   0.0000e+00   0.0000e+00   2.9878e+02
20251202_06:00:00   2.4810e-01   6.4282e+01   4.4037e+00   0.0000e+00   0.0000e+00   2.9718e+02
20251202_07:00:00   2.3936e-01   6.2434e+01   4.2677e+00   0.0000e+00   0.0000e+00   2.9665e+02
20251202_08:00:00   2.3960e-01   6.2459e+01   4.2801e+00   0.0000e+00   0.0000e+00   2.9625e+02
20251202_09:00:00   2.3921e-01   6.2361e+01   4.2848e+00   0.0000e+00   0.0000e+00   2.9554e+02
20251202_10:00:00   2.4567e-01   6.3694e+01   4.3976e+00   0.0000e+00   1.3145e-05   2.9555e+02
20251202_11:00:00   2.4677e-01   6.3883e+01   4.4372e+00   0.0000e+00   1.8612e-05   2.9628e+02
20251202_12:00:00   2.4902e-01   6.4325e+01   4.5027e+00   0.0000e+00   3.7840e-06   2.9643e+02
20251202_13:00:00   2.4990e-01   6.4481e+01   4.5355e+00   0.0000e+00   1.6832e-05   2.9618e+02
20251202_14:00:00   2.5277e-01   6.5082e+01   4.5783e+00   0.0000e+00   1.6832e-05   2.9706e+02
20251202_15:00:00   2.4231e-01   6.2847e+01   4.4338e+00   0.0000e+00   0.0000e+00   3.0013e+02
20251202_16:00:00   2.3102e-01   6.0407e+01   4.2834e+00   0.0000e+00   4.1240e-05   2.9877e+02
20251202_17:00:00   2.3069e-01   6.0326e+01   4.2811e+00   0.0000e+00   0.0000e+00   2.9895e+02
20251202_18:00:00   2.4557e-01   6.3499e+01   4.5092e+00   0.0000e+00   9.2620e-06   2.9984e+02
20251202_19:00:00   2.5923e-01   6.6362e+01   4.7184e+00   0.0000e+00   0.0000e+00   3.0225e+02
20251202_20:00:00   2.8695e-01   7.2057e+01   5.1681e+00   0.0000e+00   0.0000e+00   3.0596e+02
20251202_21:00:00   2.8952e-01   7.2586e+01   5.1982e+00   0.0000e+00   0.0000e+00   3.0850e+02
20251202_22:00:00   2.9644e-01   7.4004e+01   5.2764e+00   0.0000e+00   0.0000e+00   3.1026e+02
20251202_23:00:00   2.5577e-01   6.5644e+01   4.6121e+00   0.0000e+00   0.0000e+00   3.1119e+02
20251203_00:00:00   2.3040e-01   6.0231e+01   4.1815e+00   0.0000e+00   0.0000e+00   3.1389e+02
20251203_01:00:00   2.0868e-01   5.5444e+01   3.8413e+00   0.0000e+00   0.0000e+00   3.1660e+02
20251203_02:00:00   1.8299e-01   4.9642e+01   3.4160e+00   0.0000e+00   0.0000e+00   3.1520e+02
20251203_03:00:00   1.5363e-01   4.2806e+01   2.9364e+00   0.0000e+00   0.0000e+00   3.1397e+02
20251203_04:00:00   1.5738e-01   4.3560e+01   3.0572e+00   0.0000e+00   0.0000e+00   3.1156e+02
20251203_05:00:00   1.9302e-01   5.1683e+01   3.7276e+00   0.0000e+00   0.0000e+00   3.1353e+02
20251203_06:00:00   2.6319e-01   6.6584e+01   5.0827e+00   0.0000e+00   0.0000e+00   3.1067e+02
20251203_07:00:00   3.1520e-01   7.6730e+01   6.1773e+00   0.0000e+00   1.2200e-04   3.1147e+02
20251203_08:00:00   3.2494e-01   7.8608e+01   6.3747e+00   0.0000e+00   2.8580e-04   3.0982e+02
20251203_09:00:00   3.0645e-01   7.5300e+01   5.8954e+00   0.0000e+00   7.4100e-05   3.0982e+02
20251203_10:00:00   2.9769e-01   7.3998e+01   5.5349e+00   0.0000e+00   2.0744e-05   3.1081e+02
20251203_11:00:00   3.2218e-01   7.8910e+01   5.8987e+00   0.0000e+00   6.4041e-05   3.1079e+02
20251203_12:00:00   2.9878e-01   7.4295e+01   5.4424e+00   0.0000e+00   2.8520e-05   3.1069e+02
20251203_13:00:00   2.6873e-01   6.8169e+01   4.9115e+00   0.0000e+00   7.1440e-05   3.1017e+02
20251203_14:00:00   2.8253e-01   7.0840e+01   5.1342e+00   0.0000e+00   1.5326e-05   3.1054e+02
20251203_15:00:00   3.0799e-01   7.5758e+01   5.6320e+00   0.0000e+00   1.2528e-03   3.0853e+02
20251203_16:00:00   3.2986e-01   7.9769e+01   6.0613e+00   0.0000e+00   1.5752e-02   3.0821e+02
20251203_17:00:00   3.5075e-01   8.3583e+01   6.4758e+00   0.0000e+00   6.8137e-02   3.0803e+02
20251203_18:00:00   3.7690e-01   8.8289e+01   6.9739e+00   0.0000e+00   6.1565e-02   3.1375e+02
20251203_19:00:00   3.9064e-01   9.0912e+01   7.1539e+00   0.0000e+00   5.1851e-03   3.1945e+02
20251203_20:00:00   4.2684e-01   9.7410e+01   7.6672e+00   0.0000e+00   1.6728e-04   3.2139e+02
20251203_21:00:00   4.6576e-01   1.0412e+02   8.2588e+00   0.0000e+00   0.0000e+00   3.1871e+02
20251203_22:00:00   4.6381e-01   1.0393e+02   8.1522e+00   0.0000e+00   0.0000e+00   3.1874e+02
20251203_23:00:00   4.4794e-01   1.0138e+02   7.8093e+00   0.0000e+00   0.0000e+00   3.1996e+02
20251204_00:00:00   4.1511e-01   9.5743e+01   7.2445e+00   0.0000e+00   0.0000e+00   3.2209e+02
20251204_01:00:00   4.0424e-01   9.3888e+01   6.9687e+00   0.0000e+00   0.0000e+00   3.2386e+02
20251204_02:00:00   5.5563e-01   1.1911e+02   7.8464e+00   3.4600e-02   3.0280e-06   3.2248e+02
20251204_03:00:00   5.9699e-01   1.2574e+02   6.9736e+00   7.3264e-02   1.5138e-06   3.2502e+02
20251204_04:00:00   6.2763e-01   1.3009e+02   7.1335e+00   8.0080e-02   1.1612e-05   3.2946e+02
20251204_05:00:00   5.0364e-01   1.1095e+02   6.8702e+00   3.6401e-02   1.0758e-05   3.2941e+02
20251204_06:00:00   4.5070e-01   1.0210e+02   6.4767e+00   2.4440e-02   5.0672e-04   3.2921e+02
20251204_07:00:00   3.8771e-01   9.0957e+01   6.0701e+00   9.1400e-03   4.7460e-04   3.2889e+02
20251204_08:00:00   3.3689e-01   8.1386e+01   5.5890e+00   1.6541e-03   7.8894e-04   3.2787e+02
20251204_09:00:00   3.1319e-01   7.6804e+01   5.2098e+00   1.3458e-03   6.8962e-04   3.2832e+02
20251204_10:00:00   3.1306e-01   7.6678e+01   5.2529e+00   1.4488e-04   1.6188e-03   3.3007e+02
20251204_11:00:00   3.1572e-01   7.7109e+01   5.2980e+00   1.0744e-03   7.9970e-04   3.3287e+02
20251204_12:00:00   2.8008e-01   6.9938e+01   4.8346e+00   0.0000e+00   1.2644e-03   3.3451e+02
20251204_13:00:00   2.6623e-01   6.7138e+01   4.6091e+00   0.0000e+00   2.4400e-05   3.3533e+02
20251204_14:00:00   2.7244e-01   6.8410e+01   4.6861e+00   0.0000e+00   0.0000e+00   3.3653e+02
20251204_15:00:00   2.7964e-01   6.9881e+01   4.7832e+00   0.0000e+00   0.0000e+00   3.4009e+02
20251204_16:00:00   2.8271e-01   7.0450e+01   4.8658e+00   0.0000e+00   0.0000e+00   3.4325e+02
20251204_17:00:00   2.7465e-01   6.8860e+01   4.7417e+00   0.0000e+00   0.0000e+00   3.4689e+02
20251204_18:00:00   2.9758e-01   7.3486e+01   5.0963e+00   0.0000e+00   2.5820e-06   3.4804e+02
20251204_19:00:00   3.0158e-01   7.4241e+01   5.2326e+00   0.0000e+00   1.7779e-03   3.4920e+02
20251204_20:00:00   3.6381e-01   8.6053e+01   6.2917e+00   0.0000e+00   2.0838e-02   3.5186e+02
20251204_21:00:00   3.9809e-01   9.2213e+01   6.9382e+00   0.0000e+00   6.3503e-02   3.5028e+02
20251204_22:00:00   4.4356e-01   1.0002e+02   7.7362e+00   0.0000e+00   1.2277e-01   3.4812e+02
20251204_23:00:00   4.5550e-01   1.0200e+02   7.9907e+00   0.0000e+00   1.3515e-01   3.4333e+02
20251205_00:00:00   4.2388e-01   9.6672e+01   7.5171e+00   0.0000e+00   7.6948e-02   3.3755e+02
20251205_01:00:00   4.0480e-01   9.3560e+01   7.0736e+00   0.0000e+00   3.4051e-02   3.3369e+02
20251205_02:00:00   3.9453e-01   9.1930e+01   6.7465e+00   0.0000e+00   9.4290e-03   3.2974e+02
20251205_03:00:00   3.6775e-01   8.7200e+01   6.2117e+00   0.0000e+00   5.1882e-03   3.2907e+02
20251205_04:00:00   3.2744e-01   7.9762e+01   5.4570e+00   0.0000e+00   1.5720e-03   3.3010e+02
20251205_05:00:00   2.8915e-01   7.2405e+01   4.7321e+00   0.0000e+00   1.1763e-05   3.3371e+02
20251205_06:00:00   2.7527e-01   6.9577e+01   4.4958e+00   0.0000e+00   0.0000e+00   3.3775e+02
20251205_07:00:00   2.5038e-01   6.4383e+01   4.1228e+00   0.0000e+00   0.0000e+00   3.3816e+02
20251205_08:00:00   2.3697e-01   6.1484e+01   3.9260e+00   0.0000e+00   0.0000e+00   3.3564e+02
20251205_09:00:00   2.2570e-01   5.9042e+01   3.7617e+00   0.0000e+00   0.0000e+00   3.2747e+02
20251205_10:00:00   2.0538e-01   5.4552e+01   3.4689e+00   0.0000e+00   0.0000e+00   3.1534e+02
20251205_11:00:00   2.0024e-01   5.3338e+01   3.4127e+00   0.0000e+00   0.0000e+00   3.1047e+02
20251205_12:00:00   2.0149e-01   5.3469e+01   3.4901e+00   0.0000e+00   0.0000e+00   3.0696e+02
20251205_13:00:00   1.9928e-01   5.2832e+01   3.5036e+00   0.0000e+00   5.1500e-04   3.0323e+02
20251205_14:00:00   1.9666e-01   5.2137e+01   3.5057e+00   0.0000e+00   2.9400e-06   3.0309e+02
20251205_15:00:00   1.8998e-01   5.0478e+01   3.4720e+00   0.0000e+00   0.0000e+00   3.0489e+02
20251205_16:00:00   1.8176e-01   4.8483e+01   3.4091e+00   0.0000e+00   7.5700e-06   3.0527e+02
20251205_17:00:00   1.9287e-01   5.0950e+01   3.6219e+00   0.0000e+00   0.0000e+00   3.0546e+02
20251205_18:00:00   2.0383e-01   5.3183e+01   3.8983e+00   0.0000e+00   0.0000e+00   3.0480e+02
20251205_19:00:00   2.0912e-01   5.4375e+01   3.9966e+00   0.0000e+00   0.0000e+00   3.0375e+02
20251205_20:00:00   2.1077e-01   5.4817e+01   4.0415e+00   0.0000e+00   0.0000e+00   3.0346e+02
20251205_21:00:00   2.2782e-01   5.8669e+01   4.3555e+00   0.0000e+00   0.0000e+00   3.0455e+02
20251205_22:00:00   2.3913e-01   6.1252e+01   4.5590e+00   0.0000e+00   0.0000e+00   3.0406e+02
20251205_23:00:00   2.3931e-01   6.1311e+01   4.5797e+00   0.0000e+00   0.0000e+00   3.0243e+02
20251206_00:00:00   2.2648e-01   5.8698e+01   4.3442e+00   0.0000e+00   0.0000e+00   2.9936e+02
20251206_01:00:00   2.2316e-01   5.8032e+01   4.3216e+00   0.0000e+00   0.0000e+00   2.9656e+02
20251206_02:00:00   2.2160e-01   5.7708e+01   4.3306e+00   0.0000e+00   0.0000e+00   2.9400e+02
20251206_03:00:00   2.2386e-01   5.8266e+01   4.3854e+00   0.0000e+00   0.0000e+00   2.9316e+02
20251206_04:00:00   2.2723e-01   5.9037e+01   4.4539e+00   0.0000e+00   0.0000e+00   2.9195e+02
20251206_05:00:00   2.3081e-01   5.9822e+01   4.5322e+00   0.0000e+00   0.0000e+00   2.9016e+02
20251206_06:00:00   2.3213e-01   6.0193e+01   4.5806e+00   0.0000e+00   0.0000e+00   2.8936e+02
20251206_07:00:00   2.3933e-01   6.1709e+01   4.7454e+00   0.0000e+00   0.0000e+00   2.8769e+02
20251206_08:00:00   2.5061e-01   6.3971e+01   4.9748e+00   0.0000e+00   0.0000e+00   2.8493e+02
20251206_09:00:00   2.5838e-01   6.5594e+01   5.1677e+00   0.0000e+00   0.0000e+00   2.8333e+02
20251206_10:00:00   2.6799e-01   6.7557e+01   5.4125e+00   0.0000e+00   1.3802e-05   2.8245e+02
20251206_11:00:00   2.8180e-01   7.0329e+01   5.7024e+00   0.0000e+00   0.0000e+00   2.8166e+02
20251206_12:00:00   2.9638e-01   7.3237e+01   6.0298e+00   0.0000e+00   0.0000e+00   2.8114e+02
20251206_15:00:00   3.3105e-01   8.0327e+01   6.7053e+00   0.0000e+00   0.0000e+00   2.7963e+02
20251206_18:00:00   3.5052e-01   8.4368e+01   6.9970e+00   0.0000e+00   0.0000e+00   2.7678e+02
20251206_21:00:00   3.6638e-01   8.7666e+01   7.0852e+00   0.0000e+00   0.0000e+00   2.7505e+02
20251207_00:00:00   3.7798e-01   8.9964e+01   7.2147e+00   0.0000e+00   0.0000e+00   2.7209e+02
20251207_03:00:00   3.9673e-01   9.3608e+01   7.6153e+00   0.0000e+00   0.0000e+00   2.7003e+02
20251207_06:00:00   3.6478e-01   8.7808e+01   7.0187e+00   0.0000e+00   0.0000e+00   2.7466e+02
20251207_09:00:00   3.4448e-01   8.3849e+01   6.6308e+00   0.0000e+00   0.0000e+00   2.6832e+02
20251207_12:00:00   3.5469e-01   8.5727e+01   6.8311e+00   0.0000e+00   0.0000e+00   2.6464e+02
20251207_15:00:00   3.5461e-01   8.5778e+01   6.8621e+00   0.0000e+00   0.0000e+00   2.6382e+02
20251207_18:00:00   3.3532e-01   8.2230e+01   6.5011e+00   0.0000e+00   0.0000e+00   2.6518e+02
20251207_21:00:00   2.6371e-01   6.8006e+01   5.0505e+00   0.0000e+00   0.0000e+00   2.6600e+02
20251208_00:00:00   1.7749e-01   4.9176e+01   3.3187e+00   0.0000e+00   0.0000e+00   2.6594e+02
20251208_03:00:00   1.5750e-01   4.4459e+01   2.9698e+00   0.0000e+00   0.0000e+00   2.6478e+02
20251208_06:00:00   1.6561e-01   4.6336e+01   3.1230e+00   0.0000e+00   0.0000e+00   2.6678e+02
20251208_09:00:00   1.7222e-01   4.7920e+01   3.2141e+00   0.0000e+00   0.0000e+00   2.6752e+02
20251208_12:00:00   1.6371e-01   4.5881e+01   3.0722e+00   0.0000e+00   0.0000e+00   2.6521e+02
20251208_15:00:00   2.1367e-01   5.6924e+01   4.1876e+00   0.0000e+00   0.0000e+00   2.6759e+02
20251208_18:00:00   2.6526e-01   6.7822e+01   5.2498e+00   0.0000e+00   0.0000e+00   2.7065e+02
20251208_21:00:00   2.8678e-01   7.2058e+01   5.6837e+00   0.0000e+00   0.0000e+00   2.7189e+02
20251209_00:00:00   2.8898e-01   7.2394e+01   5.7169e+00   0.0000e+00   0.0000e+00   2.7817e+02
20251209_03:00:00   2.9117e-01   7.3006e+01   5.6826e+00   0.0000e+00   2.9400e-06   2.8602e+02
20251209_06:00:00   2.8849e-01   7.2846e+01   5.4539e+00   0.0000e+00   0.0000e+00   2.8913e+02
20251209_09:00:00   2.7474e-01   7.0105e+01   5.1439e+00   0.0000e+00   0.0000e+00   3.0042e+02
20251209_12:00:00   2.4509e-01   6.4153e+01   4.5038e+00   0.0000e+00   0.0000e+00   2.9991e+02
20251209_15:00:00   2.0268e-01   5.5154e+01   3.6148e+00   0.0000e+00   0.0000e+00   2.9804e+02
20251209_18:00:00   1.8133e-01   5.0238e+01   3.2508e+00   0.0000e+00   0.0000e+00   2.9275e+02
20251209_21:00:00   1.7198e-01   4.7679e+01   3.2391e+00   0.0000e+00   0.0000e+00   2.9120e+02
20251210_00:00:00   1.9464e-01   5.2327e+01   3.8659e+00   0.0000e+00   1.9770e-05   2.9083e+02
20251210_03:00:00   2.0970e-01   5.5312e+01   4.3446e+00   0.0000e+00   9.1140e-05   2.8815e+02
20251210_06:00:00   1.9211e-01   5.1991e+01   3.8690e+00   0.0000e+00   7.3848e-03   2.8778e+02
20251210_09:00:00   1.8794e-01   5.1501e+01   3.6796e+00   0.0000e+00   3.1975e-03   2.8620e+02
20251210_12:00:00   1.6630e-01   4.6440e+01   3.2426e+00   0.0000e+00   0.0000e+00   2.8374e+02
20251210_15:00:00   1.4596e-01   4.1569e+01   2.8720e+00   0.0000e+00   2.7780e-05   2.8380e+02
20251210_18:00:00   1.5439e-01   4.3464e+01   3.1019e+00   0.0000e+00   3.4521e-04   2.8317e+02
20251210_21:00:00   1.6930e-01   4.7019e+01   3.3989e+00   0.0000e+00   0.0000e+00   2.8047e+02
20251211_00:00:00   2.3457e-01   6.1853e+01   4.7175e+00   0.0000e+00   0.0000e+00   2.7824e+02
20251211_03:00:00   3.3664e-01   8.3180e+01   6.5928e+00   0.0000e+00   0.0000e+00   2.7561e+02
20251211_06:00:00   3.7373e-01   9.0450e+01   7.2889e+00   0.0000e+00   0.0000e+00   2.7376e+02
20251211_09:00:00   3.6827e-01   8.9470e+01   7.1941e+00   0.0000e+00   0.0000e+00   2.7455e+02
20251211_12:00:00   3.4640e-01   8.5378e+01   6.7350e+00   0.0000e+00   0.0000e+00   2.7374e+02
20251211_15:00:00   3.2851e-01   8.1895e+01   6.3606e+00   0.0000e+00   0.0000e+00   2.7433e+02
20251211_18:00:00   2.8818e-01   7.3763e+01   5.5997e+00   0.0000e+00   0.0000e+00   2.7193e+02
20251211_21:00:00   3.2031e-01   8.0421e+01   6.1636e+00   0.0000e+00   0.0000e+00   2.7121e+02
20251212_00:00:00   3.4874e-01   8.6052e+01   6.7076e+00   0.0000e+00   0.0000e+00   2.6700e+02
20251212_03:00:00   3.1517e-01   7.9271e+01   6.1578e+00   0.0000e+00   0.0000e+00   2.6369e+02
20251212_06:00:00   3.3990e-01   8.4132e+01   6.6131e+00   0.0000e+00   0.0000e+00   2.5944e+02
20251212_09:00:00   3.4932e-01   8.5783e+01   6.7974e+00   0.0000e+00   0.0000e+00   2.5605e+02
20251212_12:00:00   3.3733e-01   8.3379e+01   6.5818e+00   0.0000e+00   0.0000e+00   2.5150e+02
20251212_15:00:00   3.1939e-01   7.9831e+01   6.2526e+00   0.0000e+00   0.0000e+00   2.5635e+02
20251212_18:00:00   3.0162e-01   7.6304e+01   5.8889e+00   0.0000e+00   0.0000e+00   2.5873e+02
20251212_21:00:00   2.9840e-01   7.5682e+01   5.7594e+00   0.0000e+00   0.0000e+00   2.6370e+02
20251213_00:00:00   3.0022e-01   7.6090e+01   5.7918e+00   0.0000e+00   0.0000e+00   2.6526e+02
20251213_03:00:00   2.9858e-01   7.5790e+01   5.7386e+00   0.0000e+00   0.0000e+00   2.6745e+02
20251213_06:00:00   2.9346e-01   7.4852e+01   5.5690e+00   0.0000e+00   0.0000e+00   2.7106e+02
20251213_09:00:00   2.8736e-01   7.3655e+01   5.3888e+00   0.0000e+00   0.0000e+00   2.7316e+02
20251213_12:00:00   2.7092e-01   7.0197e+01   5.0771e+00   0.0000e+00   0.0000e+00   2.7548e+02
20251213_15:00:00   2.4813e-01   6.5082e+01   4.7494e+00   0.0000e+00   0.0000e+00   2.7411e+02
20251213_18:00:00   2.2700e-01   6.0432e+01   4.3415e+00   0.0000e+00   0.0000e+00   2.7510e+02
20251213_21:00:00   2.6923e-01   6.8458e+01   5.4033e+00   0.0000e+00   0.0000e+00   2.7530e+02
20251214_00:00:00   3.1783e-01   7.8180e+01   6.3438e+00   0.0000e+00   0.0000e+00   2.7546e+02
20251214_03:00:00   3.2098e-01   7.8518e+01   6.4838e+00   0.0000e+00   4.6320e-06   2.7635e+02
20251214_06:00:00   3.5549e-01   8.5529e+01   7.0624e+00   0.0000e+00   0.0000e+00   2.8156e+02
20251214_09:00:00   4.5384e-01   1.0319e+02   8.9215e+00   0.0000e+00   5.4136e-04   2.9243e+02
20251214_12:00:00   5.8729e-01   1.2410e+02   1.1201e+01   0.0000e+00   1.4148e-01   2.9369e+02
20251214_15:00:00   7.4122e-01   1.4582e+02   1.3604e+01   0.0000e+00   1.3612e-01   2.9456e+02
20251214_18:00:00   7.5390e-01   1.4748e+02   1.3635e+01   7.8420e-06   9.2273e-03   2.9546e+02
20251214_21:00:00   7.3520e-01   1.4525e+02   1.3044e+01   0.0000e+00   1.9667e-04   2.9888e+02
20251215_00:00:00   7.2785e-01   1.4451e+02   1.2844e+01   0.0000e+00   3.6680e-06   2.9372e+02
20251215_03:00:00   7.4752e-01   1.4709e+02   1.3049e+01   0.0000e+00   6.7884e-05   2.8434e+02
20251215_06:00:00   6.7239e-01   1.3741e+02   1.1985e+01   0.0000e+00   0.0000e+00   2.7966e+02
20251215_09:00:00   6.3195e-01   1.3186e+02   1.1282e+01   0.0000e+00   0.0000e+00   2.8198e+02
20251215_12:00:00   5.2426e-01   1.1579e+02   9.4797e+00   0.0000e+00   0.0000e+00   2.8184e+02
20251215_15:00:00   4.6163e-01   1.0544e+02   8.3654e+00   0.0000e+00   4.0520e-03   2.8197e+02
20251215_18:00:00   3.9135e-01   9.2776e+01   7.3062e+00   0.0000e+00   4.1940e-03   2.8358e+02
20251215_21:00:00   4.1701e-01   9.7151e+01   7.8552e+00   0.0000e+00   1.1290e-02   2.7922e+02
20251216_00:00:00   4.5122e-01   1.0272e+02   8.6357e+00   0.0000e+00   6.2922e-02   2.7700e+02
20251216_03:00:00   4.4615e-01   1.0139e+02   8.7763e+00   0.0000e+00   1.0716e-01   2.7597e+02
20251216_06:00:00   4.1939e-01   9.6672e+01   8.3207e+00   0.0000e+00   9.0786e-02   2.7611e+02
20251216_09:00:00   4.1795e-01   9.5749e+01   8.4674e+00   0.0000e+00   2.8781e-02   2.7979e+02
20251216_12:00:00   4.1611e-01   9.4879e+01   8.5217e+00   0.0000e+00   5.6863e-02   2.8214e+02
20251216_15:00:00   4.3210e-01   9.7654e+01   8.7142e+00   0.0000e+00   1.3388e-01   2.8141e+02
20251216_18:00:00   4.2129e-01   9.6028e+01   8.4220e+00   0.0000e+00   2.2308e-02   2.7603e+02
20251216_21:00:00   4.0819e-01   9.4456e+01   7.8196e+00   0.0000e+00   8.4922e-03   2.7422e+02
20251217_00:00:00   5.0998e-01   1.1090e+02   9.5448e+00   0.0000e+00   7.9075e-02   2.7222e+02
20251217_03:00:00   4.0457e-01   9.3801e+01   7.3767e+00   0.0000e+00   1.1116e-05   2.7975e+02
20251217_06:00:00   3.5300e-01   8.4601e+01   6.1427e+00   0.0000e+00   0.0000e+00   2.8676e+02
20251217_09:00:00   3.3959e-01   8.2344e+01   5.4437e+00   0.0000e+00   0.0000e+00   2.9312e+02
20251217_12:00:00   1.0115e-01   3.0661e+01   1.5570e+00   0.0000e+00   0.0000e+00   2.8619e+02
