#            date       tau255        Tb[K]      pwv[mm] lwp[kg*m^-2] iwp[kg*m^-2]       o3[DU]
20251201_06:00:00   2.1112e-01   5.5651e+01   4.0867e+00   0.0000e+00   0.0000e+00   2.9299e+02
20251201_07:00:00   2.2792e-01   5.9289e+01   4.3900e+00   0.0000e+00   0.0000e+00   2.9506e+02
20251201_08:00:00   2.5378e-01   6.4758e+01   4.8625e+00   0.0000e+00   0.0000e+00   2.9578e+02
20251201_09:00:00   2.8012e-01   7.0240e+01   5.2926e+00   0.0000e+00   0.0000e+00   2.9308e+02
20251201_10:00:00   2.9897e-01   7.4030e+01   5.6034e+00   0.0000e+00   0.0000e+00   2.9522e+02
20251201_11:00:00   3.1554e-01   7.7251e+01   5.9213e+00   0.0000e+00   0.0000e+00   2.9816e+02
20251201_12:00:00   3.3559e-01   8.1086e+01   6.2895e+00   0.0000e+00   0.0000e+00   3.0018e+02
20251201_13:00:00   3.6290e-01   8.6138e+01   6.7450e+00   0.0000e+00   0.0000e+00   2.9543e+02
20251201_14:00:00   3.7268e-01   8.7736e+01   6.9912e+00   0.0000e+00   1.8927e-04   2.9725e+02
20251201_15:00:00   3.6532e-01   8.6218e+01   6.9026e+00   0.0000e+00   1.5094e-03   3.0393e+02
20251201_16:00:00   3.3987e-01   8.1498e+01   6.4203e+00   0.0000e+00   1.5180e-03   3.0589e+02
20251201_17:00:00   3.3746e-01   8.1017e+01   6.3751e+00   0.0000e+00   5.3360e-04   3.0908e+02
20251201_18:00:00   3.3665e-01   8.1025e+01   6.3013e+00   0.0000e+00   3.5840e-04   3.0914e+02
20251201_19:00:00   3.5744e-01   8.5034e+01   6.6091e+00   0.0000e+00   3.2420e-05   3.1189e+02
20251201_20:00:00   3.8643e-01   9.0428e+01   7.0444e+00   0.0000e+00   3.7840e-06   3.1531e+02
20251201_21:00:00   3.8685e-01   9.0554e+01   7.0619e+00   0.0000e+00   1.3894e-05   3.1870e+02
20251201_22:00:00   3.7906e-01   8.9334e+01   6.8560e+00   0.0000e+00   0.0000e+00   3.2137e+02
20251201_23:00:00   3.5914e-01   8.5874e+01   6.4462e+00   0.0000e+00   0.0000e+00   3.2041e+02
20251202_00:00:00   3.5223e-01   8.4724e+01   6.2400e+00   0.0000e+00   0.0000e+00   3.1488e+02
20251202_01:00:00   3.3742e-01   8.2031e+01   5.9450e+00   0.0000e+00   0.0000e+00   3.1076e+02
20251202_02:00:00   3.1383e-01   7.7559e+01   5.5043e+00   0.0000e+00   0.0000e+00   3.0727e+02
20251202_03:00:00   2.8506e-01   7.1878e+01   5.0056e+00   0.0000e+00   0.0000e+00   3.0433e+02
20251202_04:00:00   2.5941e-01   6.6679e+01   4.5581e+00   0.0000e+00   0.0000e+00   3.0227e+02
20251202_05:00:00   2.5143e-01   6.5012e+01   4.4288e+00   0.0000e+00   0.0000e+00   2.9968e+02
20251202_06:00:00   2.4118e-01   6.2849e+01   4.2606e+00   0.0000e+00   0.0000e+00   2.9884e+02
20251202_07:00:00   2.3253e-01   6.0984e+01   4.1408e+00   0.0000e+00   8.4160e-06   2.9894e+02
20251202_08:00:00   2.3092e-01   6.0606e+01   4.1220e+00   0.0000e+00   8.1580e-06   2.9800e+02
20251202_09:00:00   2.2552e-01   5.9432e+01   4.0345e+00   0.0000e+00   6.7320e-06   2.9728e+02
20251202_10:00:00   2.2839e-01   6.0028e+01   4.0783e+00   0.0000e+00   5.3440e-06   2.9597e+02
20251202_11:00:00   2.3158e-01   6.0675e+01   4.1508e+00   0.0000e+00   4.5580e-05   2.9622e+02
20251202_12:00:00   2.3926e-01   6.2286e+01   4.2910e+00   0.0000e+00   3.1520e-05   2.9832e+02
20251202_13:00:00   2.3734e-01   6.1844e+01   4.2817e+00   0.0000e+00   6.1620e-05   2.9833e+02
20251202_14:00:00   2.3248e-01   6.0768e+01   4.2348e+00   0.0000e+00   1.6832e-05   2.9884e+02
20251202_15:00:00   2.1989e-01   5.8058e+01   4.0353e+00   0.0000e+00   0.0000e+00   2.9955e+02
20251202_16:00:00   2.1519e-01   5.6985e+01   3.9832e+00   0.0000e+00   0.0000e+00   2.9979e+02
20251202_17:00:00   2.1148e-01   5.6143e+01   3.9396e+00   0.0000e+00   0.0000e+00   3.0047e+02
20251202_18:00:00   2.2703e-01   5.9522e+01   4.2030e+00   0.0000e+00   0.0000e+00   3.0202e+02
20251202_19:00:00   2.4795e-01   6.4004e+01   4.5358e+00   0.0000e+00   0.0000e+00   3.0513e+02
20251202_20:00:00   2.6711e-01   6.7989e+01   4.8598e+00   0.0000e+00   0.0000e+00   3.0806e+02
20251202_21:00:00   2.7436e-01   6.9509e+01   4.9668e+00   0.0000e+00   0.0000e+00   3.1037e+02
20251202_22:00:00   2.7962e-01   7.0615e+01   5.0402e+00   0.0000e+00   0.0000e+00   3.1120e+02
20251202_23:00:00   2.5934e-01   6.6406e+01   4.7039e+00   0.0000e+00   0.0000e+00   3.1085e+02
20251203_00:00:00   2.4816e-01   6.3992e+01   4.5400e+00   0.0000e+00   0.0000e+00   3.1181e+02
20251203_01:00:00   2.2956e-01   5.9948e+01   4.2612e+00   0.0000e+00   0.0000e+00   3.1374e+02
20251203_02:00:00   2.0661e-01   5.4877e+01   3.8706e+00   0.0000e+00   0.0000e+00   3.1231e+02
20251203_03:00:00   1.7546e-01   4.7802e+01   3.3695e+00   0.0000e+00   0.0000e+00   3.1190e+02
20251203_04:00:00   1.6971e-01   4.6476e+01   3.2954e+00   0.0000e+00   0.0000e+00   3.0959e+02
20251203_05:00:00   2.0089e-01   5.3542e+01   3.8772e+00   0.0000e+00   0.0000e+00   3.1104e+02
20251203_06:00:00   2.5427e-01   6.4938e+01   4.8824e+00   0.0000e+00   0.0000e+00   3.1254e+02
20251203_07:00:00   2.9421e-01   7.2932e+01   5.6597e+00   0.0000e+00   2.4320e-04   3.1076e+02
20251203_08:00:00   3.1899e-01   7.7594e+01   6.1847e+00   0.0000e+00   1.2886e-04   3.1035e+02
20251203_09:00:00   3.2207e-01   7.8199e+01   6.2310e+00   0.0000e+00   2.1520e-04   3.0873e+02
20251203_10:00:00   3.0931e-01   7.6223e+01   5.8188e+00   0.0000e+00   2.6460e-04   3.1136e+02
20251203_11:00:00   3.1604e-01   7.7832e+01   5.8229e+00   0.0000e+00   1.6422e-04   3.1294e+02
20251203_12:00:00   3.1616e-01   7.7884e+01   5.7334e+00   0.0000e+00   1.0884e-04   3.1422e+02
20251203_13:00:00   2.7828e-01   7.0213e+01   5.0378e+00   0.0000e+00   3.9220e-06   3.1576e+02
20251203_14:00:00   2.7532e-01   6.9585e+01   4.9891e+00   0.0000e+00   0.0000e+00   3.1588e+02
20251203_15:00:00   2.8578e-01   7.1677e+01   5.1355e+00   0.0000e+00   0.0000e+00   3.1631e+02
20251203_16:00:00   3.0586e-01   7.5457e+01   5.5635e+00   0.0000e+00   0.0000e+00   3.1640e+02
20251203_17:00:00   3.1577e-01   7.7271e+01   5.7769e+00   0.0000e+00   2.0616e-05   3.1470e+02
20251203_18:00:00   3.4426e-01   8.2587e+01   6.2949e+00   0.0000e+00   6.4940e-04   3.1422e+02
20251203_19:00:00   3.7579e-01   8.8316e+01   6.8509e+00   0.0000e+00   1.4294e-02   3.1885e+02
20251203_20:00:00   4.0063e-01   9.2828e+01   7.1987e+00   0.0000e+00   7.7680e-03   3.2614e+02
20251203_21:00:00   4.2297e-01   9.6795e+01   7.5188e+00   0.0000e+00   4.9163e-04   3.2585e+02
20251203_22:00:00   4.2735e-01   9.7702e+01   7.5175e+00   0.0000e+00   4.9980e-05   3.2195e+02
20251203_23:00:00   4.5270e-01   1.0208e+02   7.9625e+00   0.0000e+00   0.0000e+00   3.2117e+02
20251204_00:00:00   4.4864e-01   1.0159e+02   7.7371e+00   0.0000e+00   0.0000e+00   3.2340e+02
20251204_01:00:00   4.1679e-01   9.6172e+01   7.1890e+00   0.0000e+00   0.0000e+00   3.2607e+02
20251204_02:00:00   4.4813e-01   1.0166e+02   7.5280e+00   6.1060e-04   0.0000e+00   3.2819e+02
20251204_03:00:00   6.3631e-01   1.3111e+02   8.2729e+00   5.3794e-02   3.3817e-05   3.2944e+02
20251204_04:00:00   8.8797e-01   1.6268e+02   8.4572e+00   1.5041e-01   8.1180e-05   3.3049e+02
20251204_05:00:00   1.0573e+00   1.7964e+02   8.0162e+00   2.3241e-01   9.7631e-04   3.3058e+02
20251204_06:00:00   5.5284e-01   1.1860e+02   7.0540e+00   4.9145e-02   3.3518e-03   3.2951e+02
20251204_07:00:00   3.7359e-01   8.8385e+01   6.0094e+00   2.3312e-03   2.5283e-03   3.2815e+02
20251204_08:00:00   3.5039e-01   8.4001e+01   5.6033e+00   3.9683e-03   2.0517e-03   3.2907e+02
20251204_09:00:00   3.3259e-01   8.0563e+01   5.3694e+00   1.7755e-03   2.5819e-03   3.3099e+02
20251204_10:00:00   2.8902e-01   7.1990e+01   4.7410e+00   0.0000e+00   5.3357e-03   3.3384e+02
20251204_11:00:00   2.5831e-01   6.5715e+01   4.2497e+00   0.0000e+00   1.0626e-02   3.3591e+02
20251204_12:00:00   2.2279e-01   5.8194e+01   3.6881e+00   0.0000e+00   4.7913e-03   3.3725e+02
20251204_13:00:00   2.1425e-01   5.6369e+01   3.5223e+00   0.0000e+00   3.7857e-03   3.3831e+02
20251204_14:00:00   2.3000e-01   5.9729e+01   3.7423e+00   0.0000e+00   3.2632e-03   3.4006e+02
20251204_15:00:00   2.4515e-01   6.2892e+01   3.9657e+00   0.0000e+00   2.6226e-03   3.4174e+02
20251204_16:00:00   2.0348e-01   5.3969e+01   3.3232e+00   0.0000e+00   1.1797e-02   3.4375e+02
20251204_17:00:00   1.9753e-01   5.2615e+01   3.2615e+00   0.0000e+00   1.9410e-02   3.4489e+02
20251204_18:00:00   1.9762e-01   5.2585e+01   3.2939e+00   0.0000e+00   3.0518e-02   3.4420e+02
20251204_19:00:00   2.1486e-01   5.6328e+01   3.5762e+00   0.0000e+00   3.6180e-02   3.4209e+02
20251204_20:00:00   2.3571e-01   6.0765e+01   3.9479e+00   0.0000e+00   2.9935e-02   3.4114e+02
20251204_21:00:00   2.7490e-01   6.8956e+01   4.5621e+00   0.0000e+00   2.2991e-02   3.3801e+02
20251204_22:00:00   2.8148e-01   7.0340e+01   4.6760e+00   0.0000e+00   3.0857e-02   3.3348e+02
20251204_23:00:00   2.9257e-01   7.2529e+01   4.9003e+00   0.0000e+00   2.5950e-02   3.3146e+02
20251205_00:00:00   2.9893e-01   7.3784e+01   5.0349e+00   0.0000e+00   3.1322e-02   3.2877e+02
20251205_01:00:00   2.8965e-01   7.1972e+01   4.9266e+00   0.0000e+00   2.5926e-02   3.2750e+02
20251205_02:00:00   2.8719e-01   7.1541e+01   4.8948e+00   0.0000e+00   2.1412e-02   3.2654e+02
20251205_03:00:00   2.8780e-01   7.1685e+01   4.9212e+00   0.0000e+00   1.8082e-02   3.2800e+02
20251205_04:00:00   3.1362e-01   7.6765e+01   5.3332e+00   0.0000e+00   1.8272e-02   3.2919e+02
20251205_05:00:00   3.2491e-01   7.8951e+01   5.5225e+00   0.0000e+00   6.5322e-03   3.3025e+02
20251205_06:00:00   3.1069e-01   7.6208e+01   5.3076e+00   0.0000e+00   1.4686e-03   3.3229e+02
20251205_07:00:00   2.8949e-01   7.2040e+01   4.9460e+00   0.0000e+00   1.5138e-03   3.3211e+02
20251205_08:00:00   2.6502e-01   6.7092e+01   4.5464e+00   0.0000e+00   2.6197e-04   3.2876e+02
20251205_09:00:00   2.5716e-01   6.5510e+01   4.3941e+00   0.0000e+00   0.0000e+00   3.2383e+02
20251205_10:00:00   2.5282e-01   6.4583e+01   4.3097e+00   0.0000e+00   0.0000e+00   3.1890e+02
20251205_11:00:00   2.2841e-01   5.9476e+01   3.8881e+00   0.0000e+00   0.0000e+00   3.1429e+02
20251205_12:00:00   2.0782e-01   5.5115e+01   3.5047e+00   0.0000e+00   0.0000e+00   3.1201e+02
20251205_13:00:00   2.0243e-01   5.4029e+01   3.3654e+00   0.0000e+00   0.0000e+00   3.1015e+02
20251205_14:00:00   1.9756e-01   5.2972e+01   3.2723e+00   0.0000e+00   0.0000e+00   3.0694e+02
20251205_15:00:00   1.8922e-01   5.1157e+01   3.1233e+00   0.0000e+00   0.0000e+00   3.0607e+02
20251205_16:00:00   1.9191e-01   5.1709e+01   3.1971e+00   0.0000e+00   0.0000e+00   3.0677e+02
20251205_17:00:00   1.9349e-01   5.2046e+01   3.2414e+00   0.0000e+00   0.0000e+00   3.0651e+02
20251205_18:00:00   1.9011e-01   5.1257e+01   3.2249e+00   0.0000e+00   0.0000e+00   3.0489e+02
20251205_19:00:00   1.8452e-01   4.9897e+01   3.1962e+00   0.0000e+00   0.0000e+00   3.0387e+02
20251205_20:00:00   1.7809e-01   4.8355e+01   3.1416e+00   0.0000e+00   0.0000e+00   3.0287e+02
20251205_21:00:00   1.9340e-01   5.1705e+01   3.4671e+00   0.0000e+00   4.7280e-04   3.0110e+02
20251205_22:00:00   2.0916e-01   5.5047e+01   3.8168e+00   0.0000e+00   2.1360e-04   2.9930e+02
20251205_23:00:00   2.0255e-01   5.3494e+01   3.7859e+00   0.0000e+00   6.5641e-05   2.9740e+02
20251206_00:00:00   2.0207e-01   5.3289e+01   3.8342e+00   0.0000e+00   5.0920e-04   2.9752e+02
20251206_01:00:00   1.9820e-01   5.2373e+01   3.8127e+00   0.0000e+00   3.4200e-05   2.9673e+02
20251206_02:00:00   1.9886e-01   5.2501e+01   3.8740e+00   0.0000e+00   0.0000e+00   2.9588e+02
20251206_03:00:00   2.0469e-01   5.3754e+01   4.0469e+00   0.0000e+00   0.0000e+00   2.9510e+02
20251206_04:00:00   2.1057e-01   5.5043e+01   4.1830e+00   0.0000e+00   0.0000e+00   2.9351e+02
20251206_05:00:00   2.1366e-01   5.5714e+01   4.2848e+00   0.0000e+00   0.0000e+00   2.9120e+02
20251206_06:00:00   2.1721e-01   5.6549e+01   4.3244e+00   0.0000e+00   0.0000e+00   2.8982e+02
20251206_09:00:00   2.6049e-01   6.5677e+01   5.2831e+00   0.0000e+00   0.0000e+00   2.8469e+02
20251206_12:00:00   3.0477e-01   7.5053e+01   6.0779e+00   0.0000e+00   0.0000e+00   2.8319e+02
20251206_15:00:00   3.3527e-01   8.1235e+01   6.5863e+00   0.0000e+00   0.0000e+00   2.8167e+02
20251206_18:00:00   3.5385e-01   8.5048e+01   6.8961e+00   0.0000e+00   0.0000e+00   2.7865e+02
20251206_21:00:00   3.0497e-01   7.5945e+01   5.8985e+00   0.0000e+00   0.0000e+00   2.7641e+02
20251207_00:00:00   3.1397e-01   7.7692e+01   6.0696e+00   0.0000e+00   0.0000e+00   2.7454e+02
20251207_03:00:00   3.2794e-01   8.0384e+01   6.4216e+00   0.0000e+00   0.0000e+00   2.7251e+02
20251207_06:00:00   3.4447e-01   8.3756e+01   6.7301e+00   0.0000e+00   0.0000e+00   2.7678e+02
20251207_09:00:00   3.6994e-01   8.8609e+01   7.1195e+00   0.0000e+00   0.0000e+00   2.7504e+02
20251207_12:00:00   3.5472e-01   8.5783e+01   6.7714e+00   0.0000e+00   0.0000e+00   2.6997e+02
20251207_15:00:00   3.1666e-01   7.8487e+01   6.0752e+00   0.0000e+00   0.0000e+00   2.6820e+02
20251207_18:00:00   2.8145e-01   7.1501e+01   5.3888e+00   0.0000e+00   0.0000e+00   2.6817e+02
20251207_21:00:00   2.6378e-01   6.8010e+01   5.0005e+00   0.0000e+00   0.0000e+00   2.7112e+02
20251208_00:00:00   2.4711e-01   6.4579e+01   4.7221e+00   0.0000e+00   0.0000e+00   2.6745e+02
20251208_03:00:00   2.5453e-01   6.6130e+01   4.9354e+00   0.0000e+00   0.0000e+00   2.6808e+02
20251208_06:00:00   2.5620e-01   6.6505e+01   4.9903e+00   0.0000e+00   0.0000e+00   2.6887e+02
20251208_09:00:00   2.6881e-01   6.9115e+01   5.2218e+00   0.0000e+00   0.0000e+00   2.6976e+02
20251208_12:00:00   2.9442e-01   7.4243e+01   5.7083e+00   0.0000e+00   0.0000e+00   2.7397e+02
20251208_15:00:00   3.1272e-01   7.7900e+01   6.0462e+00   0.0000e+00   0.0000e+00   2.7532e+02
20251208_18:00:00   2.9553e-01   7.4478e+01   5.7228e+00   0.0000e+00   0.0000e+00   2.7670e+02
20251208_21:00:00   2.5373e-01   6.5839e+01   4.9239e+00   0.0000e+00   0.0000e+00   2.7681e+02
20251209_00:00:00   2.3213e-01   6.1337e+01   4.4639e+00   0.0000e+00   0.0000e+00   2.8054e+02
20251209_03:00:00   2.0671e-01   5.6034e+01   3.7923e+00   0.0000e+00   0.0000e+00   2.8616e+02
20251209_06:00:00   1.8846e-01   5.1906e+01   3.4937e+00   0.0000e+00   4.4700e-05   2.9040e+02
20251209_09:00:00   1.8894e-01   5.1967e+01   3.4762e+00   0.0000e+00   0.0000e+00   2.9367e+02
20251209_12:00:00   1.7004e-01   4.7760e+01   3.0577e+00   0.0000e+00   0.0000e+00   2.9002e+02
20251209_15:00:00   1.4488e-01   4.1936e+01   2.5586e+00   0.0000e+00   0.0000e+00   2.9523e+02
20251209_18:00:00   1.2671e-01   3.7526e+01   2.2425e+00   0.0000e+00   0.0000e+00   2.9075e+02
20251209_21:00:00   1.3742e-01   4.0003e+01   2.4741e+00   0.0000e+00   0.0000e+00   2.9005e+02
20251210_00:00:00   1.1452e-01   3.4360e+01   2.0677e+00   0.0000e+00   0.0000e+00   2.8871e+02
20251210_03:00:00   1.0324e-01   3.1537e+01   1.8522e+00   0.0000e+00   0.0000e+00   2.8506e+02
20251210_06:00:00   9.8452e-02   3.0416e+01   1.7424e+00   0.0000e+00   0.0000e+00   2.8312e+02
20251210_09:00:00   1.3429e-01   3.8827e+01   2.6557e+00   0.0000e+00   0.0000e+00   2.7818e+02
20251210_12:00:00   1.9969e-01   5.3806e+01   4.1415e+00   0.0000e+00   9.2620e-06   2.8401e+02
20251210_15:00:00   2.7368e-01   6.9766e+01   5.6864e+00   0.0000e+00   0.0000e+00   2.8293e+02
20251210_18:00:00   3.0894e-01   7.6933e+01   6.4420e+00   0.0000e+00   0.0000e+00   2.8354e+02
20251210_21:00:00   3.2567e-01   8.0566e+01   6.6775e+00   0.0000e+00   0.0000e+00   2.8450e+02
20251211_00:00:00   3.2621e-01   8.0955e+01   6.6325e+00   0.0000e+00   0.0000e+00   2.8665e+02
20251211_03:00:00   3.4677e-01   8.5138e+01   7.0157e+00   0.0000e+00   0.0000e+00   2.8423e+02
20251211_06:00:00   3.6675e-01   8.9111e+01   7.3397e+00   0.0000e+00   0.0000e+00   2.8441e+02
20251211_09:00:00   3.4972e-01   8.5764e+01   6.9984e+00   0.0000e+00   0.0000e+00   2.8353e+02
20251211_12:00:00   3.3016e-01   8.1809e+01   6.6157e+00   0.0000e+00   0.0000e+00   2.8331e+02
20251211_15:00:00   3.2726e-01   8.1118e+01   6.5737e+00   0.0000e+00   0.0000e+00   2.7810e+02
20251211_18:00:00   3.2231e-01   8.0100e+01   6.4886e+00   0.0000e+00   0.0000e+00   2.7459e+02
20251211_21:00:00   3.3059e-01   8.1618e+01   6.6213e+00   0.0000e+00   0.0000e+00   2.7506e+02
20251212_00:00:00   3.2990e-01   8.1365e+01   6.6223e+00   0.0000e+00   0.0000e+00   2.7336e+02
20251212_03:00:00   3.3008e-01   8.1474e+01   6.6128e+00   0.0000e+00   3.9440e-05   2.7365e+02
20251212_06:00:00   3.2690e-01   8.0879e+01   6.4851e+00   0.0000e+00   2.2936e-03   2.7408e+02
20251212_09:00:00   3.5311e-01   8.5436e+01   7.1148e+00   0.0000e+00   2.7851e-03   2.7439e+02
20251212_12:00:00   3.9283e-01   9.2421e+01   7.9692e+00   0.0000e+00   7.8420e-06   2.7159e+02
20251212_15:00:00   3.9049e-01   9.2337e+01   7.7776e+00   0.0000e+00   0.0000e+00   2.6679e+02
20251212_18:00:00   3.7868e-01   9.0337e+01   7.4956e+00   0.0000e+00   0.0000e+00   2.6470e+02
20251212_21:00:00   3.8982e-01   9.2351e+01   7.6990e+00   0.0000e+00   7.5700e-06   2.6364e+02
20251213_00:00:00   3.9762e-01   9.3611e+01   7.8831e+00   0.0000e+00   9.8760e-03   2.6613e+02
20251213_03:00:00   3.9873e-01   9.3673e+01   7.9656e+00   0.0000e+00   2.9633e-02   2.7119e+02
20251213_06:00:00   4.5086e-01   1.0193e+02   9.1801e+00   0.0000e+00   6.0657e-02   2.7189e+02
20251213_09:00:00   4.4043e-01   1.0024e+02   8.8215e+00   0.0000e+00   1.5532e-03   2.6878e+02
20251213_12:00:00   4.1014e-01   9.5179e+01   8.1362e+00   0.0000e+00   1.3718e-03   2.7198e+02
20251213_15:00:00   3.6926e-01   8.8055e+01   7.2789e+00   0.0000e+00   0.0000e+00   2.6949e+02
20251213_18:00:00   3.4734e-01   8.4009e+01   6.8961e+00   0.0000e+00   0.0000e+00   2.7052e+02
20251213_21:00:00   3.8616e-01   9.1447e+01   7.5401e+00   0.0000e+00   0.0000e+00   2.7092e+02
20251214_00:00:00   3.9124e-01   9.2270e+01   7.7163e+00   0.0000e+00   1.1224e-05   2.7310e+02
20251214_03:00:00   3.9242e-01   9.2107e+01   7.9467e+00   0.0000e+00   3.5620e-06   2.7324e+02
20251214_06:00:00   4.0859e-01   9.4809e+01   8.2969e+00   0.0000e+00   1.5542e-03   2.7564e+02
20251214_09:00:00   3.9170e-01   9.1816e+01   7.9916e+00   0.0000e+00   4.4121e-04   2.7373e+02
20251214_12:00:00   3.8310e-01   9.0310e+01   7.7708e+00   0.0000e+00   1.6484e-02   2.7086e+02
20251214_15:00:00   3.1044e-01   7.6680e+01   6.1999e+00   0.0000e+00   8.2459e-04   2.7464e+02
20251214_18:00:00   2.6711e-01   6.7833e+01   5.2319e+00   0.0000e+00   2.1020e-02   2.7826e+02
20251214_21:00:00   2.5285e-01   6.4846e+01   4.8536e+00   0.0000e+00   2.5126e-02   2.7789e+02
20251215_00:00:00   2.5091e-01   6.4720e+01   4.6486e+00   0.0000e+00   3.6677e-03   2.7895e+02
20251215_03:00:00   2.6194e-01   6.6730e+01   4.9512e+00   0.0000e+00   3.4514e-02   2.7833e+02
20251215_06:00:00   3.1644e-01   7.6861e+01   6.2195e+00   0.0000e+00   1.1966e-01   2.8309e+02
20251215_09:00:00   2.5812e-01   6.5694e+01   5.0256e+00   0.0000e+00   5.3676e-04   2.8409e+02
20251215_12:00:00   2.6215e-01   6.6490e+01   5.1227e+00   0.0000e+00   6.5343e-03   2.8017e+02
20251215_15:00:00   3.5591e-01   8.4531e+01   7.0415e+00   0.0000e+00   1.4314e-02   2.7813e+02
20251215_18:00:00   3.1521e-01   7.6896e+01   6.1942e+00   0.0000e+00   2.7358e-03   2.8165e+02
20251215_21:00:00   3.3299e-01   8.0126e+01   6.5807e+00   0.0000e+00   6.0731e-02   2.8429e+02
20251216_00:00:00   4.1815e-01   9.4794e+01   8.3142e+00   0.0000e+00   2.4420e-01   2.8408e+02
20251216_03:00:00   4.4770e-01   9.9846e+01   8.9630e+00   0.0000e+00   1.2015e-01   2.8199e+02
20251216_06:00:00   5.7127e-01   1.1933e+02   1.0949e+01   0.0000e+00   3.2518e-01   2.8166e+02
20251216_09:00:00   7.2813e-01   1.4155e+02   1.3235e+01   0.0000e+00   3.5749e-01   2.8439e+02
20251216_12:00:00   6.5472e-01   1.3223e+02   1.1793e+01   0.0000e+00   1.9701e-01   2.8353e+02
20251216_15:00:00   5.8418e-01   1.2217e+02   1.0240e+01   0.0000e+00   3.4915e-06   2.9340e+02
20251216_18:00:00   7.2008e-01   1.4092e+02   1.0765e+01   3.4627e-02   4.3730e-02   3.2798e+02
20251216_21:00:00   2.1782e+00   2.4116e+02   1.1229e+01   6.3056e-01   2.9204e-01   3.5850e+02
20251217_00:00:00   2.2471e+00   2.4339e+02   9.2081e+00   7.0454e-01   5.1536e-02   3.3230e+02
20251217_03:00:00   6.4141e-01   1.2979e+02   6.3743e+00   1.0542e-01   8.1366e-03   3.1930e+02
20251217_06:00:00   2.3813e-01   6.0676e+01   3.9132e+00   0.0000e+00   7.0400e-06   3.0261e+02
