#            date       tau255        Tb[K]      pwv[mm] lwp[kg*m^-2] iwp[kg*m^-2]       o3[DU]
20251201_18:00:00   3.3466e-01   8.0834e+01   6.1766e+00   0.0000e+00   0.0000e+00   3.0743e+02
20251201_19:00:00   3.4934e-01   8.3839e+01   6.3097e+00   0.0000e+00   0.0000e+00   3.1014e+02
20251201_20:00:00   3.8233e-01   9.0076e+01   6.7692e+00   0.0000e+00   0.0000e+00   3.1223e+02
20251201_21:00:00   3.7309e-01   8.8510e+01   6.5817e+00   0.0000e+00   0.0000e+00   3.1699e+02
20251201_22:00:00   3.7014e-01   8.8059e+01   6.4982e+00   0.0000e+00   0.0000e+00   3.1956e+02
20251201_23:00:00   3.5522e-01   8.5434e+01   6.1931e+00   0.0000e+00   0.0000e+00   3.1854e+02
20251202_00:00:00   3.6066e-01   8.6516e+01   6.2103e+00   0.0000e+00   0.0000e+00   3.1329e+02
20251202_01:00:00   3.4116e-01   8.2872e+01   5.8969e+00   0.0000e+00   0.0000e+00   3.0792e+02
20251202_02:00:00   3.1201e-01   7.7285e+01   5.4166e+00   0.0000e+00   0.0000e+00   3.0349e+02
20251202_03:00:00   2.9047e-01   7.2987e+01   5.0778e+00   0.0000e+00   0.0000e+00   2.9945e+02
20251202_04:00:00   2.6810e-01   6.8455e+01   4.7156e+00   0.0000e+00   0.0000e+00   2.9757e+02
20251202_05:00:00   2.5428e-01   6.5585e+01   4.5001e+00   0.0000e+00   0.0000e+00   2.9400e+02
20251202_06:00:00   2.4231e-01   6.3046e+01   4.3197e+00   0.0000e+00   0.0000e+00   2.9155e+02
20251202_07:00:00   2.3638e-01   6.1772e+01   4.2318e+00   0.0000e+00   0.0000e+00   2.8944e+02
20251202_08:00:00   2.3325e-01   6.1072e+01   4.1912e+00   0.0000e+00   1.3802e-05   2.8867e+02
20251202_09:00:00   2.3541e-01   6.1513e+01   4.2365e+00   0.0000e+00   5.5660e-06   2.8684e+02
20251202_10:00:00   2.3718e-01   6.1851e+01   4.2776e+00   0.0000e+00   0.0000e+00   2.8689e+02
20251202_11:00:00   2.4080e-01   6.2582e+01   4.3611e+00   0.0000e+00   1.0198e-05   2.8929e+02
20251202_12:00:00   2.5253e-01   6.5031e+01   4.5727e+00   0.0000e+00   0.0000e+00   2.8867e+02
20251202_13:00:00   2.5562e-01   6.5635e+01   4.6538e+00   0.0000e+00   1.6656e-05   2.8954e+02
20251202_14:00:00   2.4538e-01   6.3450e+01   4.5161e+00   0.0000e+00   6.5280e-05   2.9043e+02
20251202_15:00:00   2.3211e-01   6.0596e+01   4.3244e+00   0.0000e+00   2.4400e-05   2.9414e+02
20251202_16:00:00   2.2286e-01   5.8585e+01   4.1858e+00   0.0000e+00   6.1100e-05   2.9481e+02
20251202_17:00:00   2.2458e-01   5.8960e+01   4.2197e+00   0.0000e+00   6.4840e-05   2.9594e+02
20251202_18:00:00   2.3512e-01   6.1237e+01   4.3717e+00   0.0000e+00   2.4400e-05   2.9580e+02
20251202_19:00:00   2.5703e-01   6.5905e+01   4.6886e+00   0.0000e+00   3.5360e-05   2.9768e+02
20251202_20:00:00   2.8531e-01   7.1739e+01   5.1285e+00   0.0000e+00   0.0000e+00   3.0018e+02
20251202_21:00:00   2.8245e-01   7.1178e+01   5.0782e+00   0.0000e+00   0.0000e+00   3.0425e+02
20251202_22:00:00   2.9487e-01   7.3735e+01   5.2267e+00   0.0000e+00   0.0000e+00   3.0767e+02
20251202_23:00:00   2.5614e-01   6.5781e+01   4.5920e+00   0.0000e+00   0.0000e+00   3.0632e+02
20251203_00:00:00   2.3080e-01   6.0385e+01   4.1615e+00   0.0000e+00   0.0000e+00   3.0874e+02
20251203_01:00:00   2.1510e-01   5.6942e+01   3.9140e+00   0.0000e+00   0.0000e+00   3.1131e+02
20251203_02:00:00   2.0125e-01   5.3779e+01   3.7192e+00   0.0000e+00   0.0000e+00   3.1275e+02
20251203_03:00:00   1.5849e-01   4.3887e+01   3.0510e+00   0.0000e+00   0.0000e+00   3.1271e+02
20251203_04:00:00   1.5456e-01   4.2824e+01   3.0307e+00   0.0000e+00   0.0000e+00   3.0991e+02
20251203_05:00:00   1.6028e-01   4.4099e+01   3.1433e+00   0.0000e+00   0.0000e+00   3.0833e+02
20251203_06:00:00   1.9365e-01   5.1564e+01   3.8048e+00   0.0000e+00   0.0000e+00   3.0842e+02
20251203_07:00:00   2.4228e-01   6.1891e+01   4.7742e+00   0.0000e+00   3.7840e-05   3.0657e+02
20251203_08:00:00   2.8466e-01   7.0377e+01   5.6672e+00   0.0000e+00   4.7920e-04   3.0544e+02
20251203_09:00:00   2.9486e-01   7.2578e+01   5.8370e+00   0.0000e+00   1.5032e-04   3.0684e+02
20251203_10:00:00   2.7685e-01   6.9421e+01   5.3446e+00   0.0000e+00   1.7437e-03   3.0886e+02
20251203_11:00:00   2.8399e-01   7.1157e+01   5.3433e+00   0.0000e+00   1.3496e-03   3.0926e+02
20251203_12:00:00   3.1363e-01   7.7054e+01   5.7512e+00   0.0000e+00   1.5586e-03   3.1042e+02
20251203_13:00:00   2.9940e-01   7.4260e+01   5.4957e+00   0.0000e+00   1.2990e-03   3.1293e+02
20251203_14:00:00   2.7943e-01   7.0152e+01   5.1446e+00   0.0000e+00   4.3080e-04   3.1446e+02
20251203_15:00:00   2.8364e-01   7.0926e+01   5.2196e+00   0.0000e+00   0.0000e+00   3.1394e+02
20251203_16:00:00   2.8909e-01   7.1929e+01   5.2965e+00   0.0000e+00   1.2868e-04   3.1490e+02
20251203_17:00:00   3.0511e-01   7.5004e+01   5.5704e+00   0.0000e+00   2.2462e-03   3.1629e+02
20251203_18:00:00   3.4121e-01   8.1884e+01   6.2082e+00   0.0000e+00   1.1222e-02   3.1414e+02
20251203_19:00:00   3.8448e-01   8.9837e+01   6.9270e+00   0.0000e+00   1.7191e-02   3.1157e+02
20251203_20:00:00   4.3901e-01   9.9309e+01   7.8109e+00   0.0000e+00   5.4739e-02   3.1375e+02
20251203_21:00:00   4.6724e-01   1.0401e+02   8.3143e+00   0.0000e+00   4.1960e-02   3.1818e+02
20251203_22:00:00   4.7065e-01   1.0473e+02   8.3429e+00   0.0000e+00   7.1858e-04   3.2096e+02
20251203_23:00:00   4.3288e-01   9.8531e+01   7.6699e+00   0.0000e+00   1.6022e-06   3.2071e+02
20251204_00:00:00   3.9890e-01   9.2799e+01   6.9346e+00   0.0000e+00   4.2060e-05   3.2169e+02
20251204_01:00:00   3.8844e-01   9.1077e+01   6.5825e+00   0.0000e+00   2.2460e-05   3.2279e+02
20251204_02:00:00   4.2036e-01   9.6788e+01   6.9113e+00   5.6989e-04   0.0000e+00   3.2543e+02
20251204_03:00:00   5.7433e-01   1.2212e+02   6.8888e+00   6.1159e-02   2.4060e-05   3.2684e+02
20251204_04:00:00   8.4656e-01   1.5833e+02   6.7186e+00   1.7637e-01   3.4500e-05   3.2776e+02
20251204_05:00:00   5.0383e-01   1.1098e+02   6.0979e+00   5.2372e-02   1.7492e-05   3.2876e+02
20251204_06:00:00   3.5804e-01   8.5468e+01   5.4420e+00   1.0902e-02   8.3020e-06   3.3014e+02
20251204_07:00:00   3.2814e-01   7.9706e+01   5.2754e+00   3.5880e-03   1.7746e-05   3.3287e+02
20251204_08:00:00   2.8128e-01   7.0465e+01   4.6650e+00   3.2840e-04   4.2236e-04   3.3430e+02
20251204_09:00:00   2.4992e-01   6.4067e+01   4.1525e+00   3.2740e-04   5.8820e-06   3.3417e+02
20251204_10:00:00   2.1462e-01   5.6570e+01   3.5838e+00   0.0000e+00   0.0000e+00   3.3358e+02
20251204_11:00:00   2.2636e-01   5.9064e+01   3.7296e+00   0.0000e+00   0.0000e+00   3.3414e+02
20251204_12:00:00   2.3211e-01   6.0258e+01   3.7923e+00   0.0000e+00   8.0100e-07   3.3529e+02
20251204_13:00:00   2.3080e-01   5.9939e+01   3.7616e+00   0.0000e+00   1.6022e-06   3.3606e+02
20251204_14:00:00   2.2082e-01   5.7805e+01   3.5896e+00   0.0000e+00   9.2640e-05   3.3599e+02
20251204_15:00:00   1.9977e-01   5.3225e+01   3.2581e+00   0.0000e+00   1.8130e-04   3.3918e+02
20251204_16:00:00   1.9414e-01   5.1976e+01   3.1729e+00   0.0000e+00   1.5136e-05   3.4241e+02
20251204_17:00:00   1.8690e-01   5.0365e+01   3.0663e+00   0.0000e+00   1.5138e-05   3.4341e+02
20251204_18:00:00   1.7893e-01   4.8588e+01   2.9481e+00   0.0000e+00   1.5984e-05   3.4203e+02
20251204_19:00:00   1.8378e-01   4.9667e+01   3.0432e+00   0.0000e+00   0.0000e+00   3.4208e+02
20251204_20:00:00   2.2344e-01   5.8420e+01   3.6934e+00   0.0000e+00   0.0000e+00   3.4339e+02
20251204_21:00:00   2.6782e-01   6.7828e+01   4.3678e+00   0.0000e+00   0.0000e+00   3.4360e+02
20251204_22:00:00   2.9698e-01   7.3726e+01   4.8584e+00   0.0000e+00   0.0000e+00   3.4206e+02
20251204_23:00:00   2.9948e-01   7.4199e+01   4.9297e+00   0.0000e+00   1.6485e-05   3.3814e+02
20251205_00:00:00   3.0670e-01   7.5576e+01   5.0635e+00   0.0000e+00   6.6962e-04   3.3521e+02
20251205_01:00:00   2.9531e-01   7.3326e+01   4.8941e+00   0.0000e+00   2.7683e-03   3.3537e+02
20251205_02:00:00   2.9825e-01   7.3895e+01   4.9710e+00   0.0000e+00   9.2668e-03   3.3143e+02
20251205_03:00:00   3.1879e-01   7.7823e+01   5.3550e+00   0.0000e+00   1.5916e-02   3.2850e+02
20251205_04:00:00   3.2951e-01   7.9836e+01   5.5369e+00   0.0000e+00   2.2765e-02   3.2664e+02
20251205_05:00:00   3.2142e-01   7.8302e+01   5.3762e+00   0.0000e+00   9.7921e-03   3.2828e+02
20251205_06:00:00   3.0845e-01   7.5804e+01   5.1494e+00   0.0000e+00   4.9066e-03   3.3278e+02
20251205_07:00:00   2.8447e-01   7.1047e+01   4.7696e+00   0.0000e+00   6.1233e-04   3.3251e+02
20251205_08:00:00   2.6446e-01   6.6943e+01   4.4616e+00   0.0000e+00   9.8020e-07   3.2316e+02
20251205_09:00:00   2.5474e-01   6.4935e+01   4.3077e+00   0.0000e+00   0.0000e+00   3.1859e+02
20251205_10:00:00   2.3450e-01   6.0684e+01   3.9890e+00   0.0000e+00   0.0000e+00   3.1468e+02
20251205_11:00:00   2.2408e-01   5.8402e+01   3.8387e+00   0.0000e+00   0.0000e+00   3.1065e+02
20251205_12:00:00   2.1331e-01   5.6053e+01   3.6700e+00   0.0000e+00   0.0000e+00   3.0616e+02
20251205_13:00:00   2.0949e-01   5.5089e+01   3.6672e+00   0.0000e+00   0.0000e+00   3.0375e+02
20251205_14:00:00   2.0771e-01   5.4497e+01   3.7181e+00   0.0000e+00   8.3100e-04   3.0478e+02
20251205_15:00:00   2.0583e-01   5.3933e+01   3.7518e+00   0.0000e+00   1.7704e-03   3.0375e+02
20251205_16:00:00   2.1394e-01   5.5507e+01   3.9780e+00   0.0000e+00   2.3463e-03   3.0359e+02
20251205_17:00:00   2.2013e-01   5.6660e+01   4.1696e+00   0.0000e+00   4.8590e-04   3.0472e+02
20251205_18:00:00   2.3294e-01   5.9322e+01   4.4424e+00   0.0000e+00   5.4736e-04   3.0604e+02
20251205_19:00:00   2.4524e-01   6.2018e+01   4.6426e+00   0.0000e+00   9.8020e-07   3.0716e+02
20251205_20:00:00   2.6025e-01   6.5440e+01   4.8562e+00   0.0000e+00   0.0000e+00   3.0576e+02
20251205_21:00:00   2.6744e-01   6.7114e+01   4.9557e+00   0.0000e+00   0.0000e+00   3.0399e+02
20251205_22:00:00   2.6336e-01   6.6354e+01   4.9207e+00   0.0000e+00   0.0000e+00   3.0259e+02
20251205_23:00:00   2.4625e-01   6.2886e+01   4.6393e+00   0.0000e+00   0.0000e+00   3.0183e+02
20251206_00:00:00   2.3761e-01   6.1127e+01   4.5118e+00   0.0000e+00   0.0000e+00   3.0064e+02
20251206_01:00:00   2.3524e-01   6.0707e+01   4.4908e+00   0.0000e+00   0.0000e+00   2.9904e+02
20251206_02:00:00   2.3399e-01   6.0459e+01   4.4596e+00   0.0000e+00   0.0000e+00   2.9720e+02
20251206_03:00:00   2.3036e-01   5.9699e+01   4.4126e+00   0.0000e+00   0.0000e+00   2.9510e+02
20251206_04:00:00   2.1917e-01   5.7390e+01   4.2241e+00   0.0000e+00   0.0000e+00   2.9392e+02
20251206_05:00:00   2.2037e-01   5.7687e+01   4.2284e+00   0.0000e+00   0.0000e+00   2.9007e+02
20251206_06:00:00   2.2076e-01   5.7827e+01   4.2348e+00   0.0000e+00   0.0000e+00   2.8901e+02
20251206_07:00:00   2.2316e-01   5.8406e+01   4.2797e+00   0.0000e+00   0.0000e+00   2.8688e+02
20251206_08:00:00   2.3037e-01   5.9907e+01   4.4252e+00   0.0000e+00   0.0000e+00   2.8585e+02
20251206_09:00:00   2.3384e-01   6.0620e+01   4.5212e+00   0.0000e+00   0.0000e+00   2.8527e+02
20251206_10:00:00   2.3111e-01   5.9982e+01   4.5458e+00   0.0000e+00   0.0000e+00   2.8410e+02
20251206_11:00:00   2.4635e-01   6.3046e+01   4.9122e+00   0.0000e+00   0.0000e+00   2.8257e+02
20251206_12:00:00   2.6331e-01   6.6427e+01   5.3259e+00   0.0000e+00   0.0000e+00   2.8238e+02
20251206_13:00:00   2.7679e-01   6.9123e+01   5.6572e+00   0.0000e+00   3.7840e-06   2.8246e+02
20251206_14:00:00   2.8981e-01   7.1730e+01   5.9379e+00   0.0000e+00   0.0000e+00   2.8209e+02
20251206_15:00:00   3.0548e-01   7.4833e+01   6.2796e+00   0.0000e+00   1.6832e-05   2.8234e+02
20251206_16:00:00   3.2316e-01   7.8348e+01   6.6476e+00   0.0000e+00   2.1583e-04   2.8232e+02
20251206_17:00:00   3.4049e-01   8.1802e+01   6.9821e+00   0.0000e+00   3.6899e-04   2.8128e+02
20251206_18:00:00   3.3785e-01   8.1448e+01   6.8700e+00   0.0000e+00   0.0000e+00   2.7955e+02
20251206_21:00:00   3.5867e-01   8.5933e+01   7.0439e+00   0.0000e+00   0.0000e+00   2.7613e+02
20251207_00:00:00   3.5024e-01   8.4916e+01   6.7180e+00   0.0000e+00   0.0000e+00   2.7298e+02
20251207_03:00:00   3.1320e-01   7.7649e+01   6.0967e+00   0.0000e+00   0.0000e+00   2.7363e+02
20251207_06:00:00   2.9081e-01   7.3180e+01   5.7120e+00   0.0000e+00   0.0000e+00   2.7409e+02
20251207_09:00:00   2.6571e-01   6.8185e+01   5.1861e+00   0.0000e+00   0.0000e+00   2.7092e+02
20251207_12:00:00   2.4377e-01   6.3568e+01   4.7756e+00   0.0000e+00   0.0000e+00   2.6659e+02
20251207_15:00:00   2.4239e-01   6.3359e+01   4.7650e+00   0.0000e+00   0.0000e+00   2.6596e+02
20251207_18:00:00   2.8073e-01   7.1612e+01   5.4610e+00   0.0000e+00   0.0000e+00   2.6651e+02
20251207_21:00:00   2.4980e-01   6.5134e+01   4.8642e+00   0.0000e+00   0.0000e+00   2.6706e+02
20251208_00:00:00   2.3114e-01   6.1253e+01   4.4892e+00   0.0000e+00   0.0000e+00   2.6666e+02
20251208_03:00:00   2.2678e-01   6.0337e+01   4.4240e+00   0.0000e+00   0.0000e+00   2.6597e+02
20251208_06:00:00   2.1602e-01   5.8034e+01   4.2065e+00   0.0000e+00   0.0000e+00   2.6419e+02
20251208_09:00:00   2.1253e-01   5.7237e+01   4.1162e+00   0.0000e+00   0.0000e+00   2.6176e+02
20251208_12:00:00   2.1750e-01   5.8236e+01   4.1997e+00   0.0000e+00   0.0000e+00   2.6442e+02
20251208_15:00:00   2.1345e-01   5.7316e+01   4.0872e+00   0.0000e+00   0.0000e+00   2.6481e+02
20251208_18:00:00   2.3799e-01   6.2422e+01   4.6240e+00   0.0000e+00   0.0000e+00   2.6692e+02
20251208_21:00:00   2.6399e-01   6.7879e+01   5.1139e+00   0.0000e+00   0.0000e+00   2.7033e+02
20251209_00:00:00   2.5159e-01   6.5218e+01   4.8262e+00   0.0000e+00   0.0000e+00   2.7635e+02
20251209_03:00:00   2.0054e-01   5.4408e+01   3.6854e+00   0.0000e+00   0.0000e+00   2.7999e+02
20251209_06:00:00   2.1282e-01   5.6958e+01   3.9292e+00   0.0000e+00   0.0000e+00   2.9018e+02
20251209_09:00:00   2.0039e-01   5.4452e+01   3.4821e+00   0.0000e+00   0.0000e+00   3.0071e+02
20251209_12:00:00   1.4762e-01   4.2478e+01   2.4601e+00   0.0000e+00   0.0000e+00   3.0542e+02
20251209_15:00:00   1.3148e-01   3.8518e+01   2.2022e+00   0.0000e+00   0.0000e+00   2.9716e+02
20251209_18:00:00   1.5320e-01   4.3467e+01   2.7210e+00   0.0000e+00   0.0000e+00   2.9021e+02
20251209_21:00:00   1.5571e-01   4.3763e+01   2.9516e+00   0.0000e+00   0.0000e+00   2.8982e+02
20251210_00:00:00   1.6810e-01   4.6741e+01   3.1945e+00   0.0000e+00   0.0000e+00   2.8831e+02
20251210_03:00:00   1.7809e-01   4.8993e+01   3.4494e+00   0.0000e+00   0.0000e+00   2.8743e+02
20251210_06:00:00   1.9419e-01   5.2628e+01   3.8131e+00   0.0000e+00   0.0000e+00   2.8877e+02
20251210_09:00:00   2.0323e-01   5.4718e+01   3.9706e+00   0.0000e+00   0.0000e+00   2.8654e+02
20251210_12:00:00   1.9125e-01   5.1970e+01   3.7423e+00   0.0000e+00   0.0000e+00   2.8525e+02
20251210_15:00:00   2.1254e-01   5.6610e+01   4.2333e+00   0.0000e+00   0.0000e+00   2.8238e+02
20251210_18:00:00   2.5491e-01   6.5602e+01   5.1552e+00   0.0000e+00   0.0000e+00   2.8708e+02
20251210_21:00:00   3.0698e-01   7.6232e+01   6.1136e+00   0.0000e+00   0.0000e+00   2.8323e+02
20251211_00:00:00   2.6635e-01   6.8297e+01   5.1652e+00   0.0000e+00   0.0000e+00   2.8236e+02
20251211_03:00:00   2.3986e-01   6.2804e+01   4.6217e+00   0.0000e+00   1.1354e-05   2.8434e+02
20251211_06:00:00   2.5969e-01   6.6239e+01   5.2702e+00   0.0000e+00   8.3978e-04   2.8519e+02
20251211_09:00:00   2.3317e-01   6.1060e+01   4.6262e+00   0.0000e+00   0.0000e+00   2.8206e+02
20251211_12:00:00   2.7045e-01   6.8770e+01   5.3699e+00   0.0000e+00   0.0000e+00   2.7822e+02
20251211_15:00:00   2.6768e-01   6.8321e+01   5.3133e+00   0.0000e+00   2.9560e-05   2.7480e+02
20251211_18:00:00   3.1765e-01   7.8177e+01   6.3678e+00   0.0000e+00   8.5860e-05   2.7258e+02
20251211_21:00:00   3.6973e-01   8.8353e+01   7.3344e+00   0.0000e+00   0.0000e+00   2.7181e+02
20251212_00:00:00   3.8091e-01   9.0396e+01   7.6323e+00   0.0000e+00   0.0000e+00   2.7186e+02
20251212_03:00:00   3.8446e-01   9.1173e+01   7.7715e+00   0.0000e+00   0.0000e+00   2.7219e+02
20251212_06:00:00   3.8763e-01   9.1824e+01   7.7892e+00   0.0000e+00   9.9560e-05   2.7094e+02
20251212_09:00:00   3.5970e-01   8.6921e+01   7.1826e+00   0.0000e+00   2.0220e-04   2.7202e+02
20251212_12:00:00   3.2654e-01   8.0681e+01   6.5065e+00   0.0000e+00   1.0376e-04   2.6938e+02
20251212_15:00:00   2.8988e-01   7.3578e+01   5.7613e+00   0.0000e+00   0.0000e+00   2.7106e+02
20251212_18:00:00   2.8311e-01   7.2117e+01   5.6677e+00   0.0000e+00   0.0000e+00   2.7110e+02
20251212_21:00:00   3.0351e-01   7.6163e+01   6.0560e+00   0.0000e+00   0.0000e+00   2.7178e+02
20251213_00:00:00   3.1063e-01   7.7585e+01   6.2037e+00   0.0000e+00   0.0000e+00   2.7262e+02
20251213_03:00:00   2.9839e-01   7.5272e+01   5.9630e+00   0.0000e+00   0.0000e+00   2.7601e+02
20251213_06:00:00   2.9337e-01   7.4379e+01   5.8108e+00   0.0000e+00   0.0000e+00   2.7892e+02
20251213_09:00:00   2.9792e-01   7.5323e+01   5.8687e+00   0.0000e+00   0.0000e+00   2.7695e+02
20251213_12:00:00   2.1878e-01   5.8341e+01   4.3475e+00   0.0000e+00   0.0000e+00   2.7765e+02
20251213_15:00:00   2.2537e-01   5.9662e+01   4.5098e+00   0.0000e+00   0.0000e+00   2.8377e+02
20251213_18:00:00   3.9360e-01   9.4038e+01   7.4079e+00   0.0000e+00   0.0000e+00   2.8094e+02
20251213_21:00:00   4.7052e-01   1.0776e+02   8.6643e+00   0.0000e+00   0.0000e+00   2.8197e+02
20251214_00:00:00   5.3629e-01   1.1856e+02   9.8288e+00   0.0000e+00   0.0000e+00   2.8284e+02
20251214_03:00:00   5.6676e-01   1.2337e+02   1.0359e+01   0.0000e+00   0.0000e+00   2.8054e+02
20251214_06:00:00   5.8104e-01   1.2553e+02   1.0578e+01   0.0000e+00   0.0000e+00   2.8141e+02
20251214_09:00:00   5.5525e-01   1.2152e+02   1.0164e+01   0.0000e+00   0.0000e+00   2.8046e+02
20251214_12:00:00   6.0690e-01   1.2910e+02   1.0924e+01   0.0000e+00   0.0000e+00   2.8040e+02
20251214_15:00:00   6.2568e-01   1.3176e+02   1.1197e+01   0.0000e+00   1.0596e-04   2.8505e+02
20251214_18:00:00   5.6580e-01   1.2283e+02   1.0297e+01   0.0000e+00   1.5144e-02   2.8809e+02
20251214_21:00:00   5.5137e-01   1.1998e+02   1.0201e+01   0.0000e+00   3.5962e-03   2.9067e+02
20251215_00:00:00   4.9963e-01   1.1151e+02   9.3661e+00   0.0000e+00   0.0000e+00   2.8635e+02
20251215_03:00:00   4.3376e-01   9.9993e+01   8.2873e+00   0.0000e+00   9.2620e-06   2.8337e+02
20251215_06:00:00   3.8727e-01   9.1642e+01   7.4536e+00   0.0000e+00   0.0000e+00   2.9076e+02
20251215_09:00:00   3.3291e-01   8.1842e+01   6.2501e+00   0.0000e+00   0.0000e+00   3.0239e+02
20251215_12:00:00   2.9235e-01   7.3801e+01   5.4535e+00   0.0000e+00   0.0000e+00   3.0294e+02
20251215_15:00:00   2.6518e-01   6.8259e+01   4.9305e+00   0.0000e+00   0.0000e+00   2.9843e+02
20251215_18:00:00   2.2427e-01   5.9751e+01   4.1684e+00   0.0000e+00   0.0000e+00   2.9829e+02
20251215_21:00:00   2.4094e-01   6.3536e+01   4.2983e+00   0.0000e+00   0.0000e+00   2.9248e+02
20251216_00:00:00   2.3077e-01   6.1368e+01   4.0623e+00   0.0000e+00   1.6022e-05   2.8663e+02
20251216_03:00:00   2.1047e-01   5.6639e+01   3.7886e+00   0.0000e+00   8.6165e-03   2.8413e+02
20251216_06:00:00   2.2175e-01   5.8685e+01   4.1544e+00   0.0000e+00   3.2040e-06   2.8568e+02
20251216_09:00:00   2.0686e-01   5.4949e+01   4.0706e+00   0.0000e+00   5.6860e-05   2.8226e+02
20251216_12:00:00   2.4597e-01   6.3205e+01   4.9495e+00   0.0000e+00   0.0000e+00   2.8031e+02
20251216_15:00:00   2.7460e-01   6.9158e+01   5.5318e+00   0.0000e+00   0.0000e+00   2.8073e+02
20251216_18:00:00   2.7324e-01   6.9305e+01   5.4054e+00   0.0000e+00   0.0000e+00   2.8159e+02
20251216_21:00:00   3.0038e-01   7.5181e+01   5.7960e+00   0.0000e+00   0.0000e+00   2.7945e+02
20251217_00:00:00   2.8332e-01   7.1738e+01   5.4755e+00   0.0000e+00   2.7680e-04   2.7520e+02
20251217_03:00:00   2.4605e-01   6.4037e+01   4.8033e+00   0.0000e+00   4.0442e-03   2.7060e+02
20251217_06:00:00   2.2849e-01   6.0244e+01   4.5113e+00   0.0000e+00   0.0000e+00   2.7234e+02
20251217_09:00:00   2.3050e-01   6.0372e+01   4.6870e+00   0.0000e+00   1.3634e-03   2.7133e+02
20251217_12:00:00   2.1834e-01   5.7941e+01   4.4009e+00   0.0000e+00   0.0000e+00   2.6881e+02
20251217_15:00:00   2.2042e-01   5.8440e+01   4.4393e+00   0.0000e+00   0.0000e+00   2.6103e+02
20251217_18:00:00   2.2888e-01   5.9978e+01   4.7167e+00   0.0000e+00   5.1640e-06   2.6392e+02
