#            date       tau255        Tb[K]      pwv[mm] lwp[kg*m^-2] iwp[kg*m^-2]       o3[DU]
20251210_12:00:00   2.7189e-01   6.9541e+01   5.6087e+00   0.0000e+00   0.0000e+00   2.7879e+02
20251210_13:00:00   2.5068e-01   6.5191e+01   5.1587e+00   0.0000e+00   0.0000e+00   2.8160e+02
20251210_14:00:00   2.3637e-01   6.2184e+01   4.8519e+00   0.0000e+00   0.0000e+00   2.8411e+02
20251210_15:00:00   2.2818e-01   6.0492e+01   4.6632e+00   0.0000e+00   0.0000e+00   2.8516e+02
20251210_16:00:00   2.1430e-01   5.7590e+01   4.3422e+00   0.0000e+00   0.0000e+00   2.8650e+02
20251210_17:00:00   2.0149e-01   5.4852e+01   4.0378e+00   0.0000e+00   0.0000e+00   2.8701e+02
20251210_18:00:00   2.0021e-01   5.4700e+01   3.9712e+00   0.0000e+00   0.0000e+00   2.8810e+02
20251210_19:00:00   2.0917e-01   5.6843e+01   4.1098e+00   0.0000e+00   0.0000e+00   2.8973e+02
20251210_20:00:00   2.2518e-01   6.0507e+01   4.3931e+00   0.0000e+00   0.0000e+00   2.9054e+02
20251210_21:00:00   2.3855e-01   6.3506e+01   4.6203e+00   0.0000e+00   0.0000e+00   2.9036e+02
20251210_22:00:00   2.4458e-01   6.4851e+01   4.7036e+00   0.0000e+00   0.0000e+00   2.9082e+02
20251210_23:00:00   2.5194e-01   6.6433e+01   4.8244e+00   0.0000e+00   0.0000e+00   2.9141e+02
20251211_00:00:00   2.4731e-01   6.5472e+01   4.7260e+00   0.0000e+00   0.0000e+00   2.8859e+02
20251211_01:00:00   2.3540e-01   6.2961e+01   4.4809e+00   0.0000e+00   0.0000e+00   2.8526e+02
20251211_02:00:00   2.2212e-01   6.0087e+01   4.1884e+00   0.0000e+00   0.0000e+00   2.8360e+02
20251211_03:00:00   2.0741e-01   5.6854e+01   3.8658e+00   0.0000e+00   0.0000e+00   2.8461e+02
20251211_04:00:00   1.9792e-01   5.4759e+01   3.6583e+00   0.0000e+00   0.0000e+00   2.8710e+02
20251211_05:00:00   1.9516e-01   5.4126e+01   3.5994e+00   0.0000e+00   0.0000e+00   2.8975e+02
20251211_06:00:00   1.9172e-01   5.3340e+01   3.5436e+00   0.0000e+00   0.0000e+00   2.9118e+02
20251211_07:00:00   1.8853e-01   5.2578e+01   3.4889e+00   0.0000e+00   0.0000e+00   2.9082e+02
20251211_08:00:00   1.8810e-01   5.2435e+01   3.4864e+00   0.0000e+00   0.0000e+00   2.8973e+02
20251211_09:00:00   1.8860e-01   5.2509e+01   3.5030e+00   0.0000e+00   0.0000e+00   2.8726e+02
20251211_10:00:00   1.8880e-01   5.2512e+01   3.5112e+00   0.0000e+00   0.0000e+00   2.8549e+02
20251211_11:00:00   1.9079e-01   5.2935e+01   3.5572e+00   0.0000e+00   0.0000e+00   2.8434e+02
20251211_12:00:00   1.9076e-01   5.2891e+01   3.5671e+00   0.0000e+00   0.0000e+00   2.8410e+02
20251211_13:00:00   1.8866e-01   5.2420e+01   3.5332e+00   0.0000e+00   0.0000e+00   2.8413e+02
20251211_14:00:00   1.8663e-01   5.1960e+01   3.4916e+00   0.0000e+00   0.0000e+00   2.8348e+02
20251211_15:00:00   1.9085e-01   5.2925e+01   3.5688e+00   0.0000e+00   0.0000e+00   2.8403e+02
20251211_16:00:00   1.9676e-01   5.4272e+01   3.6824e+00   0.0000e+00   0.0000e+00   2.8316e+02
20251211_17:00:00   2.0231e-01   5.5531e+01   3.7901e+00   0.0000e+00   0.0000e+00   2.8006e+02
20251211_18:00:00   2.0585e-01   5.6332e+01   3.8564e+00   0.0000e+00   0.0000e+00   2.7903e+02
20251211_19:00:00   2.1071e-01   5.7404e+01   3.9449e+00   0.0000e+00   0.0000e+00   2.7895e+02
20251211_20:00:00   2.1429e-01   5.8198e+01   4.0039e+00   0.0000e+00   0.0000e+00   2.7927e+02
20251211_21:00:00   2.2237e-01   6.0004e+01   4.1435e+00   0.0000e+00   0.0000e+00   2.7908e+02
20251211_22:00:00   2.3187e-01   6.2119e+01   4.3118e+00   0.0000e+00   0.0000e+00   2.7744e+02
20251211_23:00:00   2.3868e-01   6.3633e+01   4.4357e+00   0.0000e+00   0.0000e+00   2.7666e+02
20251212_00:00:00   2.4721e-01   6.5519e+01   4.6001e+00   0.0000e+00   0.0000e+00   2.7637e+02
20251212_01:00:00   2.6691e-01   6.9708e+01   4.9854e+00   0.0000e+00   0.0000e+00   2.7642e+02
20251212_02:00:00   2.9349e-01   7.5201e+01   5.5110e+00   0.0000e+00   0.0000e+00   2.7696e+02
20251212_03:00:00   3.1968e-01   8.0432e+01   6.0218e+00   0.0000e+00   0.0000e+00   2.7682e+02
20251212_04:00:00   3.3844e-01   8.4079e+01   6.3732e+00   0.0000e+00   0.0000e+00   2.7759e+02
20251212_05:00:00   3.4425e-01   8.5216e+01   6.4859e+00   0.0000e+00   0.0000e+00   2.7677e+02
20251212_06:00:00   3.3951e-01   8.4324e+01   6.3980e+00   0.0000e+00   0.0000e+00   2.7572e+02
20251212_07:00:00   3.3387e-01   8.3211e+01   6.2876e+00   0.0000e+00   0.0000e+00   2.7565e+02
20251212_08:00:00   3.2379e-01   8.1216e+01   6.1001e+00   0.0000e+00   0.0000e+00   2.7435e+02
20251212_09:00:00   3.1695e-01   7.9841e+01   5.9742e+00   0.0000e+00   0.0000e+00   2.7269e+02
20251212_10:00:00   3.1009e-01   7.8459e+01   5.8450e+00   0.0000e+00   0.0000e+00   2.7128e+02
20251212_11:00:00   3.0318e-01   7.7051e+01   5.7148e+00   0.0000e+00   0.0000e+00   2.7065e+02
20251212_12:00:00   2.9962e-01   7.6316e+01   5.6383e+00   0.0000e+00   0.0000e+00   2.7096e+02
20251212_13:00:00   2.9949e-01   7.6253e+01   5.6169e+00   0.0000e+00   0.0000e+00   2.7167e+02
20251212_14:00:00   2.9393e-01   7.5118e+01   5.5037e+00   0.0000e+00   0.0000e+00   2.7300e+02
20251212_15:00:00   2.8364e-01   7.3042e+01   5.3199e+00   0.0000e+00   0.0000e+00   2.7381e+02
20251212_16:00:00   2.8463e-01   7.3237e+01   5.3398e+00   0.0000e+00   0.0000e+00   2.7335e+02
20251212_17:00:00   2.6987e-01   7.0247e+01   5.0577e+00   0.0000e+00   0.0000e+00   2.7302e+02
20251212_18:00:00   2.6671e-01   6.9612e+01   4.9889e+00   0.0000e+00   0.0000e+00   2.7429e+02
20251212_19:00:00   2.6911e-01   7.0088e+01   5.0304e+00   0.0000e+00   0.0000e+00   2.7453e+02
20251212_20:00:00   2.7474e-01   7.1225e+01   5.1454e+00   0.0000e+00   0.0000e+00   2.7369e+02
20251212_21:00:00   2.7463e-01   7.1176e+01   5.1408e+00   0.0000e+00   0.0000e+00   2.7309e+02
20251212_22:00:00   2.7636e-01   7.1507e+01   5.1670e+00   0.0000e+00   0.0000e+00   2.7309e+02
20251212_23:00:00   2.6788e-01   6.9743e+01   5.0162e+00   0.0000e+00   1.0168e-04   2.7486e+02
20251213_00:00:00   2.5543e-01   6.7098e+01   4.7941e+00   0.0000e+00   3.9320e-04   2.7735e+02
20251213_01:00:00   2.4146e-01   6.4110e+01   4.5414e+00   0.0000e+00   2.4398e-03   2.7972e+02
20251213_02:00:00   2.2826e-01   6.1250e+01   4.2955e+00   0.0000e+00   3.7598e-03   2.8278e+02
20251213_03:00:00   2.3045e-01   6.1698e+01   4.3343e+00   0.0000e+00   3.3983e-03   2.8385e+02
20251213_04:00:00   2.2990e-01   6.1559e+01   4.3194e+00   0.0000e+00   4.2795e-03   2.8464e+02
20251213_05:00:00   2.3137e-01   6.1804e+01   4.3545e+00   0.0000e+00   8.1323e-03   2.8564e+02
20251213_06:00:00   2.3220e-01   6.1933e+01   4.3778e+00   0.0000e+00   6.4960e-03   2.8484e+02
20251213_07:00:00   2.3080e-01   6.1577e+01   4.3638e+00   0.0000e+00   7.8783e-03   2.8605e+02
20251213_08:00:00   2.2843e-01   6.0980e+01   4.3284e+00   0.0000e+00   1.2876e-02   2.8650e+02
20251213_09:00:00   2.3698e-01   6.2739e+01   4.5055e+00   0.0000e+00   5.3588e-03   2.8544e+02
20251213_10:00:00   2.3560e-01   6.2386e+01   4.4938e+00   0.0000e+00   5.2840e-03   2.8412e+02
20251213_11:00:00   2.3316e-01   6.1820e+01   4.4586e+00   0.0000e+00   1.6582e-03   2.8314e+02
20251213_12:00:00   2.2925e-01   6.0979e+01   4.3724e+00   0.0000e+00   1.0888e-03   2.8250e+02
20251213_13:00:00   2.2813e-01   6.0721e+01   4.3431e+00   0.0000e+00   5.0920e-04   2.8141e+02
20251213_14:00:00   2.2019e-01   5.8972e+01   4.2076e+00   0.0000e+00   4.8680e-05   2.7956e+02
20251213_15:00:00   2.1694e-01   5.8154e+01   4.1854e+00   0.0000e+00   0.0000e+00   2.7779e+02
20251213_16:00:00   2.1943e-01   5.8644e+01   4.2513e+00   0.0000e+00   0.0000e+00   2.7664e+02
20251213_17:00:00   2.1819e-01   5.8374e+01   4.2319e+00   0.0000e+00   0.0000e+00   2.7559e+02
20251213_18:00:00   2.1704e-01   5.8163e+01   4.2035e+00   0.0000e+00   0.0000e+00   2.7478e+02
20251213_19:00:00   2.1703e-01   5.8143e+01   4.2078e+00   0.0000e+00   7.5700e-06   2.7461e+02
20251213_20:00:00   2.1100e-01   5.6751e+01   4.1191e+00   0.0000e+00   1.1456e-04   2.7495e+02
20251213_21:00:00   2.2092e-01   5.8933e+01   4.3051e+00   0.0000e+00   8.1902e-04   2.7382e+02
20251213_22:00:00   2.2000e-01   5.8731e+01   4.2963e+00   0.0000e+00   3.7145e-03   2.6983e+02
20251213_23:00:00   2.2473e-01   5.9701e+01   4.4081e+00   0.0000e+00   9.4170e-03   2.7012e+02
20251214_00:00:00   2.2195e-01   5.9057e+01   4.3716e+00   0.0000e+00   1.5407e-02   2.7143e+02
20251214_01:00:00   2.1292e-01   5.7046e+01   4.2179e+00   0.0000e+00   1.1730e-02   2.7357e+02
20251214_02:00:00   2.1396e-01   5.7095e+01   4.2992e+00   0.0000e+00   2.3031e-03   2.7316e+02
20251214_03:00:00   2.0743e-01   5.5631e+01   4.1723e+00   0.0000e+00   3.2934e-03   2.7065e+02
20251214_04:00:00   2.0170e-01   5.4267e+01   4.0842e+00   0.0000e+00   1.8298e-04   2.6959e+02
20251214_05:00:00   2.0066e-01   5.3876e+01   4.1133e+00   0.0000e+00   3.2866e-03   2.6973e+02
20251214_06:00:00   2.0287e-01   5.4181e+01   4.1980e+00   0.0000e+00   2.0025e-02   2.7078e+02
20251214_07:00:00   2.0995e-01   5.5503e+01   4.3771e+00   0.0000e+00   6.0256e-02   2.7226e+02
20251214_08:00:00   2.0737e-01   5.4843e+01   4.3340e+00   0.0000e+00   5.9748e-02   2.7334e+02
20251214_09:00:00   2.0756e-01   5.4947e+01   4.3487e+00   0.0000e+00   9.2279e-03   2.7439e+02
20251214_10:00:00   2.1291e-01   5.6074e+01   4.4365e+00   0.0000e+00   5.1252e-02   2.7289e+02
20251214_11:00:00   2.0725e-01   5.4893e+01   4.3253e+00   0.0000e+00   2.1244e-02   2.7138e+02
20251214_12:00:00   2.0692e-01   5.4753e+01   4.2996e+00   0.0000e+00   5.5480e-02   2.7394e+02
20251214_13:00:00   1.9705e-01   5.2855e+01   4.0541e+00   0.0000e+00   1.7620e-02   2.7599e+02
20251214_14:00:00   2.0354e-01   5.4310e+01   4.1698e+00   0.0000e+00   3.5381e-02   2.7613e+02
20251214_15:00:00   2.0796e-01   5.5336e+01   4.2511e+00   0.0000e+00   2.2167e-02   2.7605e+02
20251214_16:00:00   2.2381e-01   5.8629e+01   4.6264e+00   0.0000e+00   8.5239e-03   2.7459e+02
20251214_17:00:00   2.4287e-01   6.2446e+01   5.0895e+00   0.0000e+00   7.6979e-03   2.7334e+02
20251214_18:00:00   2.3806e-01   6.1568e+01   4.9807e+00   0.0000e+00   7.5130e-03   2.7178e+02
20251214_19:00:00   2.3701e-01   6.1357e+01   4.9511e+00   0.0000e+00   1.0485e-02   2.7143e+02
20251214_20:00:00   2.3794e-01   6.1381e+01   4.9722e+00   0.0000e+00   5.7028e-02   2.7110e+02
20251214_21:00:00   2.5315e-01   6.4428e+01   5.3044e+00   0.0000e+00   8.4913e-02   2.6921e+02
20251214_22:00:00   2.5670e-01   6.5281e+01   5.3180e+00   0.0000e+00   1.3472e-01   2.6918e+02
20251214_23:00:00   2.6907e-01   6.7722e+01   5.5474e+00   0.0000e+00   2.2831e-01   2.6818e+02
20251215_00:00:00   3.1733e-01   7.6940e+01   6.6493e+00   0.0000e+00   2.4708e-01   2.6743e+02
20251215_01:00:00   3.1497e-01   7.6399e+01   6.6702e+00   0.0000e+00   1.9253e-01   2.6775e+02
20251215_02:00:00   2.8966e-01   7.1441e+01   6.1924e+00   0.0000e+00   3.9322e-02   2.6696e+02
20251215_03:00:00   2.4211e-01   6.1786e+01   5.1454e+00   0.0000e+00   8.4795e-02   2.6828e+02
20251215_04:00:00   2.1835e-01   5.6883e+01   4.5797e+00   0.0000e+00   1.1097e-01   2.6996e+02
20251215_05:00:00   2.1268e-01   5.5562e+01   4.4626e+00   0.0000e+00   1.1221e-01   2.7398e+02
20251215_06:00:00   2.4572e-01   6.2259e+01   5.1683e+00   0.0000e+00   1.8770e-01   2.7418e+02
20251215_07:00:00   2.8244e-01   6.9726e+01   6.0108e+00   0.0000e+00   8.4103e-02   2.7504e+02
20251215_08:00:00   2.4902e-01   6.3065e+01   5.2888e+00   0.0000e+00   5.5585e-02   2.7451e+02
20251215_09:00:00   2.4613e-01   6.2564e+01   5.2083e+00   0.0000e+00   2.9215e-02   2.7349e+02
20251215_10:00:00   2.6851e-01   6.7085e+01   5.6851e+00   0.0000e+00   6.1797e-02   2.7309e+02
20251215_11:00:00   3.0155e-01   7.3660e+01   6.3276e+00   0.0000e+00   9.9460e-02   2.7173e+02
20251215_12:00:00   3.2695e-01   7.8654e+01   6.8292e+00   0.0000e+00   7.1455e-02   2.7219e+02
20251215_15:00:00   3.4698e-01   8.2849e+01   7.1112e+00   0.0000e+00   4.1531e-02   2.6931e+02
20251215_18:00:00   3.1967e-01   7.7903e+01   6.4880e+00   0.0000e+00   3.2107e-02   2.7236e+02
20251215_21:00:00   3.4386e-01   8.2459e+01   6.9176e+00   0.0000e+00   3.5313e-03   2.7010e+02
20251216_00:00:00   3.1788e-01   7.7168e+01   6.3938e+00   0.0000e+00   7.4573e-02   2.7017e+02
20251216_03:00:00   3.0043e-01   7.3973e+01   6.0823e+00   0.0000e+00   0.0000e+00   2.6815e+02
20251216_06:00:00   1.7393e-01   4.7989e+01   3.3515e+00   0.0000e+00   0.0000e+00   2.6881e+02
20251216_09:00:00   1.6349e-01   4.5640e+01   3.1159e+00   0.0000e+00   3.7840e-06   2.6231e+02
20251216_12:00:00   1.9291e-01   5.1491e+01   3.9610e+00   0.0000e+00   2.1343e-02   2.6176e+02
20251216_15:00:00   2.0218e-01   5.3884e+01   4.1001e+00   0.0000e+00   0.0000e+00   2.5973e+02
20251216_18:00:00   2.1704e-01   5.7250e+01   4.4620e+00   0.0000e+00   1.1872e-02   2.5900e+02
20251216_21:00:00   2.4115e-01   6.2629e+01   4.9103e+00   0.0000e+00   0.0000e+00   2.5974e+02
20251217_00:00:00   2.4572e-01   6.3682e+01   5.0110e+00   0.0000e+00   4.9552e-04   2.6168e+02
20251217_03:00:00   2.7915e-01   7.0367e+01   5.8481e+00   0.0000e+00   3.3599e-04   2.6127e+02
20251217_06:00:00   2.9746e-01   7.4016e+01   6.2846e+00   0.0000e+00   2.1560e-05   2.5727e+02
20251217_09:00:00   3.4671e-01   8.3631e+01   7.3477e+00   0.0000e+00   2.4400e-05   2.5505e+02
20251217_12:00:00   4.1891e-01   9.6771e+01   8.8674e+00   0.0000e+00   5.8191e-03   2.5619e+02
20251217_15:00:00   4.7681e-01   1.0677e+02   9.9164e+00   0.0000e+00   5.0587e-02   2.5480e+02
20251217_18:00:00   4.6313e-01   1.0468e+02   9.5406e+00   0.0000e+00   3.2679e-04   2.5387e+02
20251217_21:00:00   5.0574e-01   1.1167e+02   1.0398e+01   0.0000e+00   2.0722e-02   2.5233e+02
20251218_00:00:00   4.7718e-01   1.0800e+02   9.5381e+00   0.0000e+00   1.8023e-03   2.5383e+02
20251218_03:00:00   4.3047e-01   1.0043e+02   8.5326e+00   0.0000e+00   1.1690e-02   2.5591e+02
20251218_06:00:00   4.0398e-01   9.5513e+01   8.1249e+00   0.0000e+00   5.9328e-03   2.5616e+02
20251218_09:00:00   3.5857e-01   8.6947e+01   7.3343e+00   0.0000e+00   0.0000e+00   2.5734e+02
20251218_12:00:00   3.2090e-01   7.9507e+01   6.6795e+00   0.0000e+00   7.2098e-04   2.6022e+02
20251218_15:00:00   2.6202e-01   6.6933e+01   5.6480e+00   0.0000e+00   7.5700e-06   2.6189e+02
20251218_18:00:00   3.4587e-01   8.3998e+01   7.2904e+00   0.0000e+00   9.2160e-06   2.6042e+02
20251218_21:00:00   4.0331e-01   9.4940e+01   8.3739e+00   0.0000e+00   1.0266e-03   2.6311e+02
20251219_00:00:00   4.1253e-01   9.6821e+01   8.5707e+00   0.0000e+00   2.5776e-04   2.6196e+02
20251219_03:00:00   3.6100e-01   8.7187e+01   7.5867e+00   0.0000e+00   2.3403e-03   2.5860e+02
20251219_06:00:00   3.1992e-01   7.9783e+01   6.5411e+00   0.0000e+00   3.6160e-05   2.5790e+02
20251219_09:00:00   2.9609e-01   7.5185e+01   5.9989e+00   0.0000e+00   6.7240e-05   2.5810e+02
20251219_12:00:00   2.8222e-01   7.2453e+01   5.6506e+00   0.0000e+00   5.9840e-05   2.6011e+02
20251219_15:00:00   2.6934e-01   6.9948e+01   5.3353e+00   0.0000e+00   0.0000e+00   2.5969e+02
20251219_18:00:00   2.6193e-01   6.8448e+01   5.1723e+00   0.0000e+00   0.0000e+00   2.6034e+02
20251219_21:00:00   2.6225e-01   6.8424e+01   5.1857e+00   0.0000e+00   0.0000e+00   2.6044e+02
20251220_00:00:00   2.6369e-01   6.8561e+01   5.2656e+00   0.0000e+00   2.3835e-03   2.6066e+02
20251220_03:00:00   2.7105e-01   6.9902e+01   5.4723e+00   0.0000e+00   5.5386e-05   2.5961e+02
20251220_06:00:00   2.6885e-01   6.9372e+01   5.4222e+00   0.0000e+00   2.1025e-03   2.5758e+02
20251220_09:00:00   2.5555e-01   6.6752e+01   5.0901e+00   0.0000e+00   1.2952e-03   2.5771e+02
20251220_12:00:00   2.4977e-01   6.5551e+01   4.9246e+00   0.0000e+00   3.9327e-03   2.5873e+02
20251220_15:00:00   2.4199e-01   6.3959e+01   4.7274e+00   0.0000e+00   1.9982e-03   2.5678e+02
20251220_18:00:00   2.3192e-01   6.1631e+01   4.5573e+00   0.0000e+00   1.8732e-04   2.5775e+02
20251220_21:00:00   2.4244e-01   6.4103e+01   4.6406e+00   0.0000e+00   8.9960e-06   2.5663e+02
20251221_00:00:00   2.3705e-01   6.2864e+01   4.5414e+00   0.0000e+00   0.0000e+00   2.5795e+02
20251221_03:00:00   2.3804e-01   6.3015e+01   4.5684e+00   0.0000e+00   0.0000e+00   2.5711e+02
20251221_06:00:00   2.5976e-01   6.7600e+01   4.9617e+00   0.0000e+00   1.2610e-04   2.5677e+02
20251221_09:00:00   2.5090e-01   6.5691e+01   4.7990e+00   0.0000e+00   1.7604e-03   2.5606e+02
20251221_12:00:00   2.6358e-01   6.8234e+01   5.0146e+00   0.0000e+00   1.8353e-04   2.5729e+02
20251221_15:00:00   2.7288e-01   6.9970e+01   5.2190e+00   0.0000e+00   1.7082e-03   2.5683e+02
20251221_18:00:00   2.9036e-01   7.3443e+01   5.5139e+00   0.0000e+00   2.5744e-03   2.5442e+02
20251221_21:00:00   3.1390e-01   7.8099e+01   5.9145e+00   0.0000e+00   3.4277e-03   2.5546e+02
20251222_00:00:00   3.4556e-01   8.3872e+01   6.6132e+00   0.0000e+00   3.9709e-03   2.5665e+02
20251222_03:00:00   3.6224e-01   8.6809e+01   6.9886e+00   0.0000e+00   5.7179e-03   2.5974e+02
20251222_06:00:00   3.6063e-01   8.6513e+01   6.8702e+00   0.0000e+00   8.0800e-03   2.5988e+02
20251222_09:00:00   4.2726e-01   9.7596e+01   8.2942e+00   0.0000e+00   5.4852e-02   2.6216e+02
20251222_12:00:00   5.0141e-01   1.0979e+02   9.3778e+00   0.0000e+00   1.8062e-02   2.6879e+02
20251222_15:00:00   4.5092e-01   1.0191e+02   8.2243e+00   0.0000e+00   2.6734e-03   2.7580e+02
20251222_18:00:00   4.6384e-01   1.0481e+02   8.1161e+00   0.0000e+00   0.0000e+00   2.7649e+02
20251222_21:00:00   5.0867e-01   1.1236e+02   8.6902e+00   0.0000e+00   0.0000e+00   2.7522e+02
20251223_00:00:00   5.2613e-01   1.1525e+02   8.7528e+00   0.0000e+00   0.0000e+00   2.7626e+02
20251223_03:00:00   2.7254e-01   6.8738e+01   4.8720e+00   1.0650e-06   2.4938e-03   2.7564e+02
20251223_06:00:00   1.5635e-01   4.3157e+01   2.9002e+00   3.3410e-04   7.4685e-03   2.7918e+02
20251223_09:00:00   9.9560e-02   2.9534e+01   1.8799e+00   0.0000e+00   0.0000e+00   2.8422e+02
20251223_12:00:00   1.0707e-01   3.1236e+01   2.0893e+00   1.1910e-05   4.8360e-04   2.8084e+02
20251223_15:00:00   1.0589e-01   3.1076e+01   2.0732e+00   0.0000e+00   8.9240e-05   2.7666e+02
20251223_18:00:00   1.2218e-01   3.5062e+01   2.4515e+00   0.0000e+00   0.0000e+00   2.7496e+02
20251223_21:00:00   1.8925e-01   5.0643e+01   3.8241e+00   0.0000e+00   3.5360e-05   2.6942e+02
20251224_00:00:00   2.1207e-01   5.5652e+01   4.3542e+00   0.0000e+00   1.0376e-05   2.6630e+02
20251224_03:00:00   2.2418e-01   5.8066e+01   4.7057e+00   0.0000e+00   0.0000e+00   2.6480e+02
20251224_06:00:00   2.4788e-01   6.3140e+01   5.2754e+00   0.0000e+00   2.0840e-04   2.6032e+02
20251224_09:00:00   2.6103e-01   6.5889e+01   5.5169e+00   0.0000e+00   0.0000e+00   2.6045e+02
20251224_12:00:00   2.5256e-01   6.4512e+01   5.2175e+00   0.0000e+00   0.0000e+00   2.5474e+02
20251224_15:00:00   2.3343e-01   6.0844e+01   4.7502e+00   0.0000e+00   0.0000e+00   2.5160e+02
20251224_18:00:00   2.5614e-01   6.6033e+01   5.1541e+00   0.0000e+00   0.0000e+00   2.4911e+02
20251224_21:00:00   2.6680e-01   6.8570e+01   5.3231e+00   0.0000e+00   0.0000e+00   2.5029e+02
20251225_00:00:00   2.7690e-01   7.0950e+01   5.4459e+00   0.0000e+00   0.0000e+00   2.4788e+02
20251225_03:00:00   2.9028e-01   7.3921e+01   5.6372e+00   0.0000e+00   0.0000e+00   2.5010e+02
20251225_06:00:00   2.8384e-01   7.2591e+01   5.4889e+00   0.0000e+00   3.3381e-03   2.4881e+02
20251225_09:00:00   2.6527e-01   6.8366e+01   5.2218e+00   0.0000e+00   4.0002e-03   2.5310e+02
20251225_12:00:00   2.3975e-01   6.2237e+01   4.8889e+00   0.0000e+00   2.3398e-02   2.5623e+02
20251225_15:00:00   3.4434e-01   8.1354e+01   7.3397e+00   0.0000e+00   1.3162e-01   2.5562e+02
20251225_18:00:00   3.7961e-01   8.7471e+01   8.0539e+00   0.0000e+00   3.0936e-02   2.5435e+02
20251225_21:00:00   5.2994e-01   1.1298e+02   1.0704e+01   0.0000e+00   9.0914e-02   2.5179e+02
20251226_00:00:00   8.1175e-01   1.5242e+02   1.4593e+01   1.0447e-02   1.8243e-01   2.5615e+02
20251226_03:00:00   8.6212e-01   1.5872e+02   1.5544e+01   1.0235e-03   1.8308e-01   2.5699e+02
20251226_06:00:00   6.0840e-01   1.2688e+02   1.0864e+01   0.0000e+00   1.1508e-02   2.6179e+02
20251226_09:00:00   3.0162e-01   7.5038e+01   5.0919e+00   0.0000e+00   1.4700e-02   2.6718e+02
20251226_12:00:00   2.1156e-01   5.6246e+01   3.5279e+00   0.0000e+00   5.7621e-03   2.7180e+02
