#            date       tau255        Tb[K]      pwv[mm] lwp[kg*m^-2] iwp[kg*m^-2]       o3[DU]
20251205_12:00:00   1.3717e-01   3.8749e+01   2.5192e+00   0.0000e+00   0.0000e+00   3.0165e+02
20251205_13:00:00   1.3947e-01   3.9255e+01   2.5861e+00   0.0000e+00   0.0000e+00   3.0052e+02
20251205_14:00:00   1.4162e-01   3.9636e+01   2.6713e+00   0.0000e+00   0.0000e+00   3.0021e+02
20251205_15:00:00   1.4731e-01   4.0701e+01   2.8483e+00   0.0000e+00   4.6257e-05   3.0082e+02
20251205_16:00:00   1.7037e-01   4.5464e+01   3.3934e+00   0.0000e+00   5.8766e-03   3.0217e+02
20251205_17:00:00   1.8063e-01   4.7653e+01   3.5992e+00   0.0000e+00   1.1998e-03   3.0290e+02
20251205_18:00:00   1.7169e-01   4.5866e+01   3.3973e+00   0.0000e+00   0.0000e+00   3.0294e+02
20251205_19:00:00   1.7245e-01   4.6375e+01   3.3501e+00   0.0000e+00   0.0000e+00   3.0264e+02
20251205_20:00:00   1.7259e-01   4.6777e+01   3.2813e+00   0.0000e+00   0.0000e+00   3.0285e+02
20251205_21:00:00   1.8099e-01   4.8871e+01   3.4128e+00   0.0000e+00   0.0000e+00   3.0317e+02
20251205_22:00:00   1.8094e-01   4.9058e+01   3.3842e+00   0.0000e+00   0.0000e+00   3.0203e+02
20251205_23:00:00   1.8818e-01   5.0670e+01   3.5409e+00   0.0000e+00   0.0000e+00   3.0065e+02
20251206_00:00:00   1.9160e-01   5.1411e+01   3.6157e+00   0.0000e+00   0.0000e+00   2.9945e+02
20251206_01:00:00   1.8764e-01   5.0625e+01   3.5655e+00   0.0000e+00   0.0000e+00   2.9799e+02
20251206_02:00:00   1.9459e-01   5.2207e+01   3.7019e+00   0.0000e+00   0.0000e+00   2.9462e+02
20251206_03:00:00   1.9878e-01   5.3147e+01   3.7825e+00   0.0000e+00   0.0000e+00   2.9178e+02
20251206_04:00:00   2.0276e-01   5.4049e+01   3.8740e+00   0.0000e+00   0.0000e+00   2.9052e+02
20251206_05:00:00   2.0376e-01   5.4362e+01   3.9033e+00   0.0000e+00   0.0000e+00   2.8793e+02
20251206_06:00:00   2.0824e-01   5.5410e+01   4.0145e+00   0.0000e+00   0.0000e+00   2.8821e+02
20251206_07:00:00   2.1264e-01   5.6349e+01   4.1221e+00   0.0000e+00   0.0000e+00   2.8900e+02
20251206_08:00:00   2.2152e-01   5.8169e+01   4.3280e+00   0.0000e+00   0.0000e+00   2.8883e+02
20251206_09:00:00   2.1762e-01   5.7396e+01   4.2545e+00   0.0000e+00   0.0000e+00   2.8715e+02
20251206_10:00:00   2.2047e-01   5.7995e+01   4.3263e+00   0.0000e+00   0.0000e+00   2.8519e+02
20251206_11:00:00   2.3028e-01   6.0049e+01   4.5495e+00   0.0000e+00   0.0000e+00   2.8487e+02
20251206_12:00:00   2.4654e-01   6.3399e+01   4.9077e+00   0.0000e+00   0.0000e+00   2.8430e+02
20251206_13:00:00   2.5902e-01   6.6025e+01   5.1696e+00   0.0000e+00   0.0000e+00   2.8156e+02
20251206_14:00:00   2.6708e-01   6.7700e+01   5.3459e+00   0.0000e+00   0.0000e+00   2.7917e+02
20251206_15:00:00   2.8929e-01   7.2233e+01   5.7873e+00   0.0000e+00   0.0000e+00   2.7807e+02
20251206_16:00:00   3.0635e-01   7.5718e+01   6.0705e+00   0.0000e+00   0.0000e+00   2.7778e+02
20251206_17:00:00   3.1234e-01   7.7006e+01   6.1598e+00   0.0000e+00   0.0000e+00   2.7696e+02
20251206_18:00:00   3.1189e-01   7.7048e+01   6.1053e+00   0.0000e+00   0.0000e+00   2.7534e+02
20251206_19:00:00   3.1489e-01   7.7701e+01   6.1163e+00   0.0000e+00   0.0000e+00   2.7589e+02
20251206_20:00:00   3.3152e-01   8.1057e+01   6.3727e+00   0.0000e+00   0.0000e+00   2.7637e+02
20251206_21:00:00   3.3553e-01   8.1976e+01   6.3334e+00   0.0000e+00   0.0000e+00   2.7558e+02
20251206_22:00:00   3.3525e-01   8.2035e+01   6.2305e+00   0.0000e+00   0.0000e+00   2.7588e+02
20251206_23:00:00   3.3330e-01   8.1736e+01   6.2083e+00   0.0000e+00   0.0000e+00   2.7571e+02
20251207_00:00:00   3.3235e-01   8.1645e+01   6.2378e+00   0.0000e+00   0.0000e+00   2.7436e+02
20251207_01:00:00   3.5692e-01   8.6322e+01   6.6705e+00   0.0000e+00   0.0000e+00   2.7262e+02
20251207_02:00:00   3.6394e-01   8.7708e+01   6.7902e+00   0.0000e+00   0.0000e+00   2.7274e+02
20251207_03:00:00   3.7214e-01   8.9229e+01   6.9778e+00   0.0000e+00   0.0000e+00   2.7162e+02
20251207_04:00:00   3.8480e-01   9.1524e+01   7.2545e+00   0.0000e+00   0.0000e+00   2.7153e+02
20251207_05:00:00   3.9452e-01   9.3293e+01   7.4400e+00   0.0000e+00   0.0000e+00   2.7285e+02
20251207_06:00:00   3.9450e-01   9.3247e+01   7.4636e+00   0.0000e+00   0.0000e+00   2.7464e+02
20251207_07:00:00   4.0371e-01   9.4806e+01   7.6897e+00   0.0000e+00   0.0000e+00   2.7372e+02
20251207_08:00:00   4.2297e-01   9.8089e+01   8.1260e+00   0.0000e+00   0.0000e+00   2.7156e+02
20251207_09:00:00   4.2156e-01   9.7818e+01   8.1209e+00   0.0000e+00   0.0000e+00   2.7064e+02
20251207_10:00:00   4.1497e-01   9.6639e+01   8.0171e+00   0.0000e+00   0.0000e+00   2.7008e+02
20251207_11:00:00   4.0901e-01   9.5571e+01   7.9273e+00   0.0000e+00   0.0000e+00   2.6675e+02
20251207_12:00:00   3.9052e-01   9.2312e+01   7.5567e+00   0.0000e+00   0.0000e+00   2.6581e+02
20251207_13:00:00   3.8038e-01   9.0439e+01   7.3902e+00   0.0000e+00   0.0000e+00   2.6628e+02
20251207_14:00:00   3.7696e-01   8.9824e+01   7.3218e+00   0.0000e+00   0.0000e+00   2.6704e+02
20251207_15:00:00   3.7165e-01   8.8882e+01   7.1926e+00   0.0000e+00   0.0000e+00   2.6770e+02
20251207_16:00:00   3.6306e-01   8.7352e+01   7.0178e+00   0.0000e+00   0.0000e+00   2.6847e+02
20251207_17:00:00   3.5374e-01   8.5691e+01   6.8245e+00   0.0000e+00   0.0000e+00   2.6842e+02
20251207_18:00:00   3.5173e-01   8.5349e+01   6.7921e+00   0.0000e+00   0.0000e+00   2.6747e+02
20251207_19:00:00   3.5205e-01   8.5449e+01   6.7899e+00   0.0000e+00   0.0000e+00   2.6616e+02
20251207_20:00:00   3.5035e-01   8.5109e+01   6.7677e+00   0.0000e+00   0.0000e+00   2.6549e+02
20251207_21:00:00   3.4763e-01   8.4593e+01   6.7435e+00   0.0000e+00   0.0000e+00   2.6589e+02
20251207_22:00:00   3.3674e-01   8.2593e+01   6.5229e+00   0.0000e+00   0.0000e+00   2.6549e+02
20251207_23:00:00   3.2900e-01   8.1132e+01   6.3605e+00   0.0000e+00   0.0000e+00   2.6494e+02
20251208_00:00:00   3.2022e-01   7.9461e+01   6.1814e+00   0.0000e+00   0.0000e+00   2.6633e+02
20251208_01:00:00   3.1274e-01   7.8028e+01   6.0464e+00   0.0000e+00   0.0000e+00   2.6735e+02
20251208_02:00:00   3.1110e-01   7.7736e+01   6.0197e+00   0.0000e+00   0.0000e+00   2.6754e+02
20251208_03:00:00   3.1258e-01   7.8051e+01   6.0484e+00   0.0000e+00   0.0000e+00   2.6769e+02
20251208_04:00:00   3.1536e-01   7.8610e+01   6.1155e+00   0.0000e+00   0.0000e+00   2.6956e+02
20251208_05:00:00   3.2071e-01   7.9653e+01   6.2159e+00   0.0000e+00   0.0000e+00   2.7065e+02
20251208_06:00:00   3.2186e-01   7.9877e+01   6.2347e+00   0.0000e+00   0.0000e+00   2.7013e+02
20251208_07:00:00   3.1456e-01   7.8433e+01   6.0983e+00   0.0000e+00   0.0000e+00   2.6912e+02
20251208_08:00:00   3.0495e-01   7.6519e+01   5.9020e+00   0.0000e+00   0.0000e+00   2.6815e+02
20251208_09:00:00   2.9227e-01   7.3960e+01   5.6486e+00   0.0000e+00   0.0000e+00   2.6811e+02
20251208_10:00:00   2.7916e-01   7.1226e+01   5.4175e+00   0.0000e+00   0.0000e+00   2.6660e+02
20251208_11:00:00   2.7414e-01   7.0081e+01   5.3382e+00   0.0000e+00   0.0000e+00   2.6596e+02
20251208_12:00:00   2.6572e-01   6.8260e+01   5.1811e+00   0.0000e+00   0.0000e+00   2.6560e+02
20251208_13:00:00   2.6117e-01   6.7316e+01   5.0835e+00   0.0000e+00   0.0000e+00   2.6700e+02
20251208_14:00:00   2.5771e-01   6.6581e+01   5.0033e+00   0.0000e+00   0.0000e+00   2.6828e+02
20251208_15:00:00   2.5105e-01   6.5145e+01   4.8684e+00   0.0000e+00   0.0000e+00   2.6875e+02
20251208_16:00:00   2.4180e-01   6.3179e+01   4.7018e+00   0.0000e+00   0.0000e+00   2.7159e+02
20251208_17:00:00   2.3794e-01   6.2329e+01   4.6350e+00   0.0000e+00   0.0000e+00   2.7499e+02
20251208_18:00:00   2.3197e-01   6.1086e+01   4.5028e+00   0.0000e+00   0.0000e+00   2.7692e+02
20251208_19:00:00   2.1750e-01   5.8089e+01   4.1712e+00   0.0000e+00   0.0000e+00   2.7856e+02
20251208_20:00:00   2.0251e-01   5.4901e+01   3.8301e+00   0.0000e+00   0.0000e+00   2.7793e+02
20251208_21:00:00   1.8780e-01   5.1698e+01   3.5159e+00   0.0000e+00   0.0000e+00   2.8021e+02
20251208_22:00:00   1.8821e-01   5.1797e+01   3.5250e+00   0.0000e+00   0.0000e+00   2.8135e+02
20251208_23:00:00   1.9704e-01   5.3683e+01   3.7257e+00   0.0000e+00   0.0000e+00   2.7984e+02
20251209_00:00:00   2.0046e-01   5.4424e+01   3.8140e+00   0.0000e+00   0.0000e+00   2.8122e+02
20251209_01:00:00   1.8974e-01   5.2127e+01   3.5922e+00   0.0000e+00   0.0000e+00   2.8185e+02
20251209_02:00:00   1.8323e-01   5.0704e+01   3.4617e+00   0.0000e+00   0.0000e+00   2.8339e+02
20251209_03:00:00   1.8590e-01   5.1280e+01   3.5322e+00   0.0000e+00   0.0000e+00   2.8690e+02
20251209_04:00:00   1.9007e-01   5.2212e+01   3.6257e+00   0.0000e+00   0.0000e+00   2.8737e+02
20251209_05:00:00   1.9601e-01   5.3570e+01   3.7336e+00   0.0000e+00   0.0000e+00   2.8815e+02
20251209_06:00:00   1.8942e-01   5.2091e+01   3.6100e+00   0.0000e+00   0.0000e+00   2.8602e+02
20251209_07:00:00   1.8370e-01   5.0789e+01   3.5037e+00   0.0000e+00   0.0000e+00   2.8509e+02
20251209_08:00:00   1.7969e-01   4.9871e+01   3.4348e+00   0.0000e+00   0.0000e+00   2.8526e+02
20251209_09:00:00   1.7821e-01   4.9544e+01   3.4162e+00   0.0000e+00   0.0000e+00   2.8654e+02
20251209_10:00:00   1.7406e-01   4.8593e+01   3.3511e+00   0.0000e+00   0.0000e+00   2.8703e+02
20251209_11:00:00   1.7695e-01   4.9251e+01   3.4079e+00   0.0000e+00   0.0000e+00   2.8407e+02
20251209_12:00:00   1.7833e-01   4.9597e+01   3.4229e+00   0.0000e+00   0.0000e+00   2.8309e+02
20251209_13:00:00   1.7833e-01   4.9607e+01   3.4339e+00   0.0000e+00   0.0000e+00   2.8291e+02
20251209_14:00:00   1.8161e-01   5.0367e+01   3.5100e+00   0.0000e+00   0.0000e+00   2.8349e+02
20251209_15:00:00   1.8477e-01   5.1106e+01   3.5861e+00   0.0000e+00   0.0000e+00   2.8479e+02
20251209_16:00:00   1.8736e-01   5.1713e+01   3.6472e+00   0.0000e+00   0.0000e+00   2.8433e+02
20251209_17:00:00   1.9138e-01   5.2654e+01   3.7303e+00   0.0000e+00   0.0000e+00   2.8397e+02
20251209_18:00:00   1.9754e-01   5.4047e+01   3.8466e+00   0.0000e+00   0.0000e+00   2.8251e+02
20251209_19:00:00   2.0046e-01   5.4692e+01   3.9196e+00   0.0000e+00   0.0000e+00   2.8422e+02
20251209_20:00:00   2.0276e-01   5.5231e+01   3.9752e+00   0.0000e+00   0.0000e+00   2.8553e+02
20251209_21:00:00   2.1246e-01   5.7399e+01   4.1778e+00   0.0000e+00   0.0000e+00   2.8461e+02
20251209_22:00:00   2.2777e-01   6.0811e+01   4.4905e+00   0.0000e+00   0.0000e+00   2.8405e+02
20251209_23:00:00   2.4314e-01   6.4178e+01   4.7932e+00   0.0000e+00   0.0000e+00   2.8454e+02
20251210_00:00:00   2.6129e-01   6.8060e+01   5.1640e+00   0.0000e+00   0.0000e+00   2.8299e+02
20251210_01:00:00   2.7324e-01   7.0603e+01   5.3981e+00   0.0000e+00   0.0000e+00   2.8078e+02
20251210_02:00:00   2.8252e-01   7.2589e+01   5.5830e+00   0.0000e+00   0.0000e+00   2.7820e+02
20251210_03:00:00   2.9597e-01   7.5365e+01   5.8478e+00   0.0000e+00   0.0000e+00   2.7793e+02
20251210_04:00:00   3.0772e-01   7.7754e+01   6.0749e+00   0.0000e+00   0.0000e+00   2.7697e+02
20251210_05:00:00   3.1698e-01   7.9622e+01   6.2567e+00   0.0000e+00   7.3400e-05   2.7667e+02
20251210_06:00:00   3.3042e-01   8.2280e+01   6.5083e+00   0.0000e+00   2.1480e-04   2.7593e+02
20251210_07:00:00   3.5941e-01   8.7872e+01   7.0828e+00   0.0000e+00   5.5080e-05   2.7559e+02
20251210_08:00:00   3.7834e-01   9.1387e+01   7.4511e+00   0.0000e+00   3.7060e-06   2.7642e+02
20251210_09:00:00   3.8128e-01   9.1959e+01   7.5068e+00   0.0000e+00   0.0000e+00   2.7889e+02
20251210_10:00:00   3.7997e-01   9.1739e+01   7.4782e+00   0.0000e+00   0.0000e+00   2.7865e+02
20251210_11:00:00   3.7463e-01   9.0783e+01   7.3576e+00   0.0000e+00   0.0000e+00   2.7576e+02
20251210_12:00:00   3.6809e-01   8.9597e+01   7.2035e+00   0.0000e+00   0.0000e+00   2.7714e+02
20251210_15:00:00   3.4234e-01   8.4806e+01   6.6526e+00   0.0000e+00   0.0000e+00   2.8154e+02
20251210_18:00:00   3.1819e-01   8.0089e+01   6.2225e+00   0.0000e+00   0.0000e+00   2.8152e+02
20251210_21:00:00   3.3231e-01   8.2779e+01   6.4875e+00   0.0000e+00   0.0000e+00   2.7777e+02
20251211_00:00:00   3.6264e-01   8.8631e+01   7.0421e+00   0.0000e+00   0.0000e+00   2.7556e+02
20251211_03:00:00   3.7872e-01   9.1642e+01   7.3354e+00   0.0000e+00   0.0000e+00   2.7322e+02
20251211_06:00:00   3.8014e-01   9.1778e+01   7.3371e+00   0.0000e+00   0.0000e+00   2.7336e+02
20251211_09:00:00   3.8491e-01   9.2389e+01   7.4172e+00   0.0000e+00   0.0000e+00   2.7371e+02
20251211_12:00:00   4.1370e-01   9.7130e+01   8.0736e+00   0.0000e+00   9.8309e-04   2.7239e+02
20251211_15:00:00   4.1460e-01   9.7187e+01   8.0409e+00   0.0000e+00   6.5758e-04   2.7367e+02
20251211_18:00:00   4.2202e-01   9.8227e+01   8.2333e+00   0.0000e+00   2.1189e-03   2.7174e+02
20251211_21:00:00   4.4180e-01   1.0132e+02   8.6308e+00   0.0000e+00   4.9369e-03   2.6991e+02
20251212_00:00:00   4.3455e-01   1.0001e+02   8.4658e+00   0.0000e+00   1.2452e-02   2.7345e+02
20251212_03:00:00   3.9621e-01   9.3614e+01   7.5661e+00   0.0000e+00   4.6734e-04   2.7588e+02
20251212_06:00:00   3.5776e-01   8.6635e+01   6.7769e+00   0.0000e+00   0.0000e+00   2.7717e+02
20251212_09:00:00   3.2821e-01   8.1204e+01   6.0474e+00   0.0000e+00   0.0000e+00   2.7912e+02
20251212_12:00:00   2.8899e-01   7.3466e+01   5.3303e+00   0.0000e+00   0.0000e+00   2.7500e+02
20251212_15:00:00   2.8218e-01   7.2025e+01   5.2593e+00   0.0000e+00   0.0000e+00   2.6841e+02
20251212_18:00:00   3.0612e-01   7.6686e+01   5.8384e+00   0.0000e+00   0.0000e+00   2.7239e+02
20251212_21:00:00   3.3357e-01   8.1899e+01   6.4977e+00   0.0000e+00   0.0000e+00   2.8023e+02
20251213_00:00:00   3.2935e-01   8.1311e+01   6.3381e+00   0.0000e+00   0.0000e+00   2.8126e+02
20251213_03:00:00   3.2881e-01   8.1354e+01   6.3061e+00   0.0000e+00   0.0000e+00   2.7851e+02
20251213_06:00:00   3.0091e-01   7.5916e+01   5.7722e+00   0.0000e+00   0.0000e+00   2.7451e+02
20251213_09:00:00   2.8000e-01   7.1694e+01   5.3813e+00   0.0000e+00   0.0000e+00   2.7376e+02
20251213_12:00:00   2.6843e-01   6.9213e+01   5.2069e+00   0.0000e+00   0.0000e+00   2.7418e+02
20251213_15:00:00   2.5457e-01   6.6240e+01   5.0025e+00   0.0000e+00   3.3980e-04   2.7106e+02
20251213_18:00:00   2.4486e-01   6.4160e+01   4.8479e+00   0.0000e+00   3.3044e-03   2.7300e+02
20251213_21:00:00   2.4818e-01   6.4856e+01   4.9345e+00   0.0000e+00   1.3040e-04   2.7077e+02
20251214_00:00:00   2.4787e-01   6.4770e+01   4.9662e+00   0.0000e+00   2.3912e-03   2.7371e+02
20251214_03:00:00   2.5145e-01   6.5495e+01   5.0553e+00   0.0000e+00   5.7993e-03   2.6771e+02
20251214_06:00:00   2.4457e-01   6.3952e+01   4.9316e+00   0.0000e+00   1.3466e-02   2.6773e+02
20251214_09:00:00   2.5452e-01   6.5639e+01   5.2574e+00   0.0000e+00   1.0272e-02   2.6648e+02
20251214_12:00:00   2.5457e-01   6.5415e+01   5.3074e+00   0.0000e+00   1.3648e-02   2.6433e+02
20251214_15:00:00   2.6253e-01   6.6756e+01   5.5274e+00   0.0000e+00   3.2157e-02   2.6156e+02
20251214_18:00:00   2.6282e-01   6.6784e+01   5.5393e+00   0.0000e+00   2.5049e-02   2.6060e+02
20251214_21:00:00   3.0231e-01   7.4520e+01   6.4094e+00   0.0000e+00   4.6764e-03   2.6012e+02
20251215_00:00:00   3.1046e-01   7.6458e+01   6.4670e+00   0.0000e+00   1.3932e-03   2.5956e+02
20251215_03:00:00   2.8734e-01   7.2239e+01   5.8762e+00   0.0000e+00   0.0000e+00   2.6199e+02
20251215_06:00:00   2.9185e-01   7.3008e+01   5.9964e+00   0.0000e+00   9.5583e-03   2.6039e+02
20251215_09:00:00   3.0265e-01   7.5030e+01   6.1787e+00   0.0000e+00   1.3942e-02   2.6462e+02
20251215_12:00:00   3.0737e-01   7.5900e+01   6.2509e+00   0.0000e+00   8.6697e-03   2.6783e+02
20251215_15:00:00   2.8407e-01   7.1489e+01   5.7058e+00   0.0000e+00   3.6673e-04   2.6223e+02
20251215_18:00:00   2.8160e-01   7.0829e+01   5.6456e+00   0.0000e+00   1.2833e-02   2.5847e+02
20251215_21:00:00   2.8063e-01   7.0825e+01   5.5081e+00   0.0000e+00   7.0940e-04   2.5696e+02
20251216_00:00:00   2.7016e-01   6.8805e+01   5.2404e+00   0.0000e+00   1.4286e-04   2.5834e+02
20251216_03:00:00   2.3767e-01   6.2136e+01   4.6249e+00   0.0000e+00   0.0000e+00   2.5844e+02
20251216_06:00:00   2.4120e-01   6.2663e+01   4.8019e+00   0.0000e+00   0.0000e+00   2.6126e+02
20251216_09:00:00   2.4499e-01   6.3227e+01   4.9648e+00   0.0000e+00   5.7127e-04   2.6405e+02
20251216_12:00:00   2.5964e-01   6.5960e+01   5.3342e+00   0.0000e+00   7.3949e-03   2.6509e+02
20251216_15:00:00   2.1011e-01   5.5814e+01   4.1998e+00   0.0000e+00   1.9606e-06   2.6896e+02
20251216_18:00:00   2.0750e-01   5.5421e+01   4.0797e+00   0.0000e+00   0.0000e+00   2.6967e+02
20251216_21:00:00   2.5664e-01   6.6076e+01   5.0171e+00   0.0000e+00   6.7570e-03   2.6865e+02
20251217_00:00:00   2.5489e-01   6.5501e+01   4.9947e+00   0.0000e+00   2.6572e-02   2.6900e+02
20251217_03:00:00   2.6385e-01   6.6943e+01   5.1952e+00   0.0000e+00   9.8673e-02   2.7316e+02
20251217_06:00:00   2.6148e-01   6.6414e+01   5.1397e+00   0.0000e+00   1.1385e-02   2.7782e+02
20251217_09:00:00   1.9372e-01   5.2013e+01   3.6749e+00   0.0000e+00   1.4634e-04   2.8074e+02
20251217_12:00:00   1.4004e-01   3.9529e+01   2.6098e+00   0.0000e+00   2.9122e-04   2.9349e+02
20251217_15:00:00   1.1543e-01   3.3994e+01   1.9818e+00   0.0000e+00   0.0000e+00   2.9575e+02
20251217_18:00:00   8.6881e-02   2.6943e+01   1.4136e+00   0.0000e+00   2.7524e-04   3.0289e+02
20251217_21:00:00   2.0763e-01   5.4929e+01   3.5525e+00   0.0000e+00   1.1713e-04   3.0332e+02
20251218_00:00:00   1.7769e-01   4.7589e+01   3.2918e+00   0.0000e+00   8.5300e-04   3.0410e+02
20251218_03:00:00   1.6268e-01   4.4404e+01   2.9650e+00   0.0000e+00   2.4759e-04   2.9856e+02
20251218_06:00:00   1.3685e-01   3.8587e+01   2.4776e+00   0.0000e+00   7.5700e-06   2.9538e+02
20251218_09:00:00   1.4669e-01   4.0865e+01   2.7416e+00   0.0000e+00   1.6590e-03   2.9115e+02
20251218_12:00:00   1.8990e-01   5.0337e+01   3.6994e+00   0.0000e+00   1.9718e-03   2.8560e+02
20251218_15:00:00   2.5155e-01   6.2869e+01   5.1031e+00   0.0000e+00   2.2074e-02   2.7656e+02
20251218_18:00:00   2.8104e-01   6.8304e+01   5.8233e+00   0.0000e+00   1.1252e-03   2.7812e+02
20251218_21:00:00   3.2272e-01   7.6650e+01   6.5932e+00   0.0000e+00   1.2826e-05   2.7686e+02
20251219_00:00:00   3.4076e-01   8.0320e+01   6.8705e+00   0.0000e+00   1.1826e-05   2.7873e+02
20251219_03:00:00   3.8068e-01   8.7726e+01   7.6506e+00   0.0000e+00   3.7860e-05   2.7570e+02
20251219_06:00:00   4.1388e-01   9.3780e+01   8.1567e+00   0.0000e+00   0.0000e+00   2.7470e+02
20251219_09:00:00   3.9450e-01   9.0711e+01   7.6120e+00   0.0000e+00   0.0000e+00   2.7315e+02
20251219_12:00:00   3.9236e-01   9.0444e+01   7.4382e+00   0.0000e+00   0.0000e+00   2.7109e+02
20251219_15:00:00   4.2179e-01   9.5537e+01   7.9754e+00   0.0000e+00   0.0000e+00   2.7448e+02
20251219_18:00:00   4.1818e-01   9.5209e+01   7.8795e+00   0.0000e+00   0.0000e+00   2.7346e+02
20251219_21:00:00   3.6358e-01   8.5880e+01   6.7815e+00   0.0000e+00   0.0000e+00   2.7382e+02
20251220_00:00:00   2.4978e-01   6.4069e+01   4.5689e+00   0.0000e+00   0.0000e+00   2.8094e+02
20251220_03:00:00   2.5349e-01   6.4919e+01   4.6975e+00   0.0000e+00   0.0000e+00   2.7672e+02
20251220_06:00:00   2.1572e-01   5.6896e+01   4.1061e+00   0.0000e+00   0.0000e+00   2.7528e+02
20251220_09:00:00   2.2132e-01   5.8086e+01   4.2368e+00   0.0000e+00   0.0000e+00   2.7128e+02
20251220_12:00:00   2.4593e-01   6.3064e+01   4.9146e+00   0.0000e+00   5.6120e-06   2.6741e+02
20251220_15:00:00   2.8742e-01   7.1447e+01   5.9054e+00   0.0000e+00   3.2040e-06   2.6021e+02
20251220_18:00:00   3.1538e-01   7.7160e+01   6.4886e+00   0.0000e+00   4.8100e-05   2.5601e+02
20251220_21:00:00   3.3880e-01   8.1738e+01   7.0260e+00   0.0000e+00   0.0000e+00   2.5269e+02
20251221_00:00:00   3.6108e-01   8.6039e+01   7.5851e+00   0.0000e+00   6.8232e-03   2.5160e+02
20251221_03:00:00   2.9845e-01   7.4726e+01   6.0828e+00   0.0000e+00   0.0000e+00   2.5435e+02
20251221_06:00:00   2.7719e-01   7.0528e+01   5.6476e+00   0.0000e+00   0.0000e+00   2.5604e+02
20251221_09:00:00   2.7384e-01   7.0029e+01   5.4771e+00   0.0000e+00   1.0777e-03   2.5712e+02
20251221_12:00:00   2.9270e-01   7.4028e+01   5.7860e+00   0.0000e+00   5.7580e-05   2.6183e+02
