#            date       tau255        Tb[K]      pwv[mm] lwp[kg*m^-2] iwp[kg*m^-2]       o3[DU]
20251202_06:00:00   2.4524e-01   6.3630e+01   4.4021e+00   0.0000e+00   0.0000e+00   2.8860e+02
20251202_07:00:00   2.3470e-01   6.1368e+01   4.2434e+00   0.0000e+00   0.0000e+00   2.8702e+02
20251202_08:00:00   2.3767e-01   6.1991e+01   4.3006e+00   0.0000e+00   8.1480e-06   2.8535e+02
20251202_09:00:00   2.3553e-01   6.1507e+01   4.2755e+00   0.0000e+00   1.0998e-05   2.8296e+02
20251202_10:00:00   2.3339e-01   6.1036e+01   4.2508e+00   0.0000e+00   2.5820e-06   2.8170e+02
20251202_11:00:00   2.3534e-01   6.1427e+01   4.2946e+00   0.0000e+00   1.0998e-05   2.8269e+02
20251202_12:00:00   2.4917e-01   6.4337e+01   4.5246e+00   0.0000e+00   1.6022e-06   2.8360e+02
20251202_13:00:00   2.4495e-01   6.3414e+01   4.4893e+00   0.0000e+00   2.7960e-05   2.8625e+02
20251202_14:00:00   2.3398e-01   6.1039e+01   4.3398e+00   0.0000e+00   3.3660e-05   2.8832e+02
20251202_15:00:00   2.2208e-01   5.8459e+01   4.1541e+00   0.0000e+00   0.0000e+00   2.8994e+02
20251202_16:00:00   2.2329e-01   5.8687e+01   4.1914e+00   0.0000e+00   1.5138e-05   2.9160e+02
20251202_17:00:00   2.2703e-01   5.9499e+01   4.2631e+00   0.0000e+00   3.7840e-06   2.9458e+02
20251202_18:00:00   2.3615e-01   6.1486e+01   4.3851e+00   0.0000e+00   0.0000e+00   2.9500e+02
20251202_19:00:00   2.4831e-01   6.4094e+01   4.5441e+00   0.0000e+00   0.0000e+00   2.9580e+02
20251202_20:00:00   2.6156e-01   6.6894e+01   4.7431e+00   0.0000e+00   0.0000e+00   2.9790e+02
20251202_21:00:00   2.6586e-01   6.7839e+01   4.7933e+00   0.0000e+00   0.0000e+00   3.0242e+02
20251202_22:00:00   2.7552e-01   6.9892e+01   4.9244e+00   0.0000e+00   0.0000e+00   3.0498e+02
20251202_23:00:00   2.7128e-01   6.9033e+01   4.8395e+00   0.0000e+00   0.0000e+00   3.0391e+02
20251203_00:00:00   2.5470e-01   6.5573e+01   4.5784e+00   0.0000e+00   0.0000e+00   3.0526e+02
20251203_01:00:00   2.3820e-01   6.2059e+01   4.3108e+00   0.0000e+00   0.0000e+00   3.0761e+02
20251203_02:00:00   2.2246e-01   5.8613e+01   4.0463e+00   0.0000e+00   0.0000e+00   3.0739e+02
20251203_03:00:00   2.0097e-01   5.3739e+01   3.7310e+00   0.0000e+00   0.0000e+00   3.0812e+02
20251203_04:00:00   1.8577e-01   5.0177e+01   3.5272e+00   0.0000e+00   0.0000e+00   3.0919e+02
20251203_05:00:00   1.7217e-01   4.6974e+01   3.3233e+00   0.0000e+00   0.0000e+00   3.0664e+02
20251203_06:00:00   1.9171e-01   5.1349e+01   3.7058e+00   0.0000e+00   0.0000e+00   3.0327e+02
20251203_07:00:00   2.2154e-01   5.7933e+01   4.2459e+00   0.0000e+00   0.0000e+00   2.9991e+02
20251203_08:00:00   2.3991e-01   6.1794e+01   4.5874e+00   0.0000e+00   3.7840e-06   3.0307e+02
20251203_09:00:00   2.7563e-01   6.8903e+01   5.3294e+00   0.0000e+00   3.7400e-05   3.0191e+02
20251203_10:00:00   3.2549e-01   7.8667e+01   6.2791e+00   0.0000e+00   4.9837e-05   3.0513e+02
20251203_11:00:00   3.4341e-01   8.2250e+01   6.5453e+00   0.0000e+00   5.2230e-05   3.0872e+02
20251203_12:00:00   3.6504e-01   8.6384e+01   6.8718e+00   0.0000e+00   1.8954e-04   3.0963e+02
20251203_13:00:00   3.1383e-01   7.6762e+01   5.8207e+00   0.0000e+00   9.5080e-04   3.1006e+02
20251203_14:00:00   2.7697e-01   6.9592e+01   5.1037e+00   0.0000e+00   1.0186e-03   3.1345e+02
20251203_15:00:00   3.0111e-01   7.4387e+01   5.4196e+00   0.0000e+00   1.8950e-03   3.1719e+02
20251203_16:00:00   3.2879e-01   7.9739e+01   5.8381e+00   0.0000e+00   2.7800e-04   3.1771e+02
20251203_17:00:00   3.3696e-01   8.1287e+01   6.0086e+00   0.0000e+00   1.0568e-03   3.1907e+02
20251203_18:00:00   3.6412e-01   8.6251e+01   6.4849e+00   0.0000e+00   7.2605e-04   3.1846e+02
20251203_19:00:00   3.9628e-01   9.2062e+01   7.0089e+00   0.0000e+00   5.9843e-04   3.2031e+02
20251203_20:00:00   4.4595e-01   1.0088e+02   7.5749e+00   2.6180e-03   1.3004e-05   3.2097e+02
20251203_21:00:00   6.2574e-01   1.2957e+02   7.9268e+00   6.3885e-02   5.1820e-06   3.2352e+02
20251203_22:00:00   1.6185e+00   2.2029e+02   9.0679e+00   4.4029e-01   2.7055e-04   3.2641e+02
20251203_23:00:00   1.4841e+00   2.1197e+02   9.0824e+00   3.8532e-01   3.6909e-04   3.2740e+02
20251204_00:00:00   1.2222e+00   1.9354e+02   8.8047e+00   2.8385e-01   5.3284e-04   3.2770e+02
20251204_01:00:00   7.6012e-01   1.4752e+02   8.2947e+00   1.0045e-01   1.5037e-04   3.2872e+02
20251204_02:00:00   1.0767e+00   1.8140e+02   8.1800e+00   2.3289e-01   5.3571e-04   3.2994e+02
20251204_03:00:00   1.2381e+00   1.9477e+02   7.9313e+00   3.0712e-01   6.9425e-04   3.3171e+02
20251204_04:00:00   6.9198e-01   1.3839e+02   6.8367e+00   1.0780e-01   2.7162e-04   3.3548e+02
20251204_05:00:00   3.6620e-01   8.7085e+01   5.7082e+00   1.8064e-03   0.0000e+00   3.3626e+02
20251204_06:00:00   3.2393e-01   7.9066e+01   5.1372e+00   1.1201e-05   0.0000e+00   3.3568e+02
20251204_07:00:00   2.9498e-01   7.3322e+01   4.7125e+00   9.7870e-05   0.0000e+00   3.3537e+02
20251204_08:00:00   2.7934e-01   7.0082e+01   4.5014e+00   1.6666e-05   0.0000e+00   3.3584e+02
20251204_09:00:00   2.3899e-01   6.1688e+01   3.9053e+00   0.0000e+00   1.2744e-05   3.3791e+02
20251204_10:00:00   1.9364e-01   5.1863e+01   3.1939e+00   0.0000e+00   0.0000e+00   3.3770e+02
20251204_11:00:00   1.8863e-01   5.0755e+01   3.0791e+00   0.0000e+00   0.0000e+00   3.3875e+02
20251204_12:00:00   2.0432e-01   5.4182e+01   3.3032e+00   0.0000e+00   1.0930e-04   3.4079e+02
20251204_13:00:00   2.0186e-01   5.3578e+01   3.2729e+00   0.0000e+00   2.1000e-04   3.4136e+02
20251204_14:00:00   1.8409e-01   4.9590e+01   3.0255e+00   0.0000e+00   5.0700e-04   3.4200e+02
20251204_15:00:00   1.7568e-01   4.7612e+01   2.9325e+00   0.0000e+00   8.9620e-04   3.4508e+02
20251204_16:00:00   1.5791e-01   4.3595e+01   2.6440e+00   0.0000e+00   0.0000e+00   3.4867e+02
20251204_17:00:00   1.6722e-01   4.5734e+01   2.7903e+00   0.0000e+00   0.0000e+00   3.4895e+02
20251204_18:00:00   1.9017e-01   5.0897e+01   3.1467e+00   0.0000e+00   0.0000e+00   3.4798e+02
20251204_19:00:00   2.0623e-01   5.4423e+01   3.4174e+00   0.0000e+00   8.0100e-07   3.4721e+02
20251204_20:00:00   2.6924e-01   6.7805e+01   4.3609e+00   0.0000e+00   2.1424e-03   3.4619e+02
20251204_21:00:00   2.7186e-01   6.8374e+01   4.4241e+00   0.0000e+00   1.7565e-02   3.4471e+02
20251204_22:00:00   2.9347e-01   7.2693e+01   4.8113e+00   0.0000e+00   3.0859e-02   3.4022e+02
20251204_23:00:00   3.1446e-01   7.6715e+01   5.2039e+00   0.0000e+00   3.4021e-02   3.3655e+02
20251205_00:00:00   3.0500e-01   7.4985e+01   5.0081e+00   4.8040e-04   1.5974e-02   3.3326e+02
20251205_01:00:00   2.8295e-01   7.0729e+01   4.6323e+00   0.0000e+00   6.1704e-03   3.3103e+02
20251205_02:00:00   2.5436e-01   6.4939e+01   4.1836e+00   0.0000e+00   2.2346e-03   3.3057e+02
20251205_03:00:00   2.3879e-01   6.1736e+01   3.9369e+00   0.0000e+00   7.9039e-04   3.3065e+02
20251205_04:00:00   2.5388e-01   6.4915e+01   4.1569e+00   0.0000e+00   3.9216e-06   3.3157e+02
20251205_05:00:00   2.6580e-01   6.7363e+01   4.3316e+00   0.0000e+00   0.0000e+00   3.3461e+02
20251205_06:00:00   2.7925e-01   7.0086e+01   4.5357e+00   0.0000e+00   0.0000e+00   3.3276e+02
20251205_07:00:00   2.5486e-01   6.5075e+01   4.1835e+00   0.0000e+00   0.0000e+00   3.3235e+02
20251205_08:00:00   2.3103e-01   6.0049e+01   3.8439e+00   0.0000e+00   0.0000e+00   3.2524e+02
20251205_09:00:00   2.0138e-01   5.3572e+01   3.4082e+00   0.0000e+00   0.0000e+00   3.1817e+02
20251205_10:00:00   1.9955e-01   5.3134e+01   3.3995e+00   0.0000e+00   0.0000e+00   3.1379e+02
20251205_11:00:00   2.1178e-01   5.5725e+01   3.6428e+00   0.0000e+00   0.0000e+00   3.0846e+02
20251205_12:00:00   2.2995e-01   5.9529e+01   3.9830e+00   0.0000e+00   0.0000e+00   3.0518e+02
20251205_13:00:00   2.3847e-01   6.1225e+01   4.1763e+00   0.0000e+00   0.0000e+00   3.0420e+02
20251205_14:00:00   2.3231e-01   5.9778e+01   4.1547e+00   0.0000e+00   0.0000e+00   3.0488e+02
20251205_15:00:00   2.3001e-01   5.9188e+01   4.1773e+00   0.0000e+00   0.0000e+00   3.0568e+02
20251205_16:00:00   2.3308e-01   5.9747e+01   4.2851e+00   0.0000e+00   0.0000e+00   3.0675e+02
20251205_17:00:00   2.3125e-01   5.9281e+01   4.3137e+00   0.0000e+00   0.0000e+00   3.0669e+02
20251205_18:00:00   2.3759e-01   6.0518e+01   4.4762e+00   0.0000e+00   0.0000e+00   3.0699e+02
20251205_19:00:00   2.4055e-01   6.1149e+01   4.5532e+00   0.0000e+00   0.0000e+00   3.0644e+02
20251205_20:00:00   2.5223e-01   6.3556e+01   4.8152e+00   0.0000e+00   0.0000e+00   3.0654e+02
20251205_21:00:00   2.7718e-01   6.8789e+01   5.2552e+00   0.0000e+00   0.0000e+00   3.0572e+02
20251205_22:00:00   2.9915e-01   7.3222e+01   5.6557e+00   0.0000e+00   0.0000e+00   3.0385e+02
20251205_23:00:00   3.0787e-01   7.4900e+01   5.8505e+00   0.0000e+00   0.0000e+00   3.0228e+02
20251206_00:00:00   3.0109e-01   7.3563e+01   5.7732e+00   0.0000e+00   0.0000e+00   3.0058e+02
20251206_01:00:00   3.0449e-01   7.4251e+01   5.8342e+00   0.0000e+00   0.0000e+00   2.9893e+02
20251206_02:00:00   3.0966e-01   7.5358e+01   5.9286e+00   0.0000e+00   0.0000e+00   2.9733e+02
20251206_03:00:00   3.0565e-01   7.4702e+01   5.8341e+00   0.0000e+00   0.0000e+00   2.9659e+02
20251206_04:00:00   3.0288e-01   7.4242e+01   5.7468e+00   0.0000e+00   0.0000e+00   2.9648e+02
20251206_05:00:00   2.9418e-01   7.2688e+01   5.5803e+00   0.0000e+00   0.0000e+00   2.9562e+02
20251206_06:00:00   2.8550e-01   7.1128e+01   5.4118e+00   0.0000e+00   0.0000e+00   2.9212e+02
20251206_07:00:00   2.8068e-01   7.0226e+01   5.2929e+00   0.0000e+00   0.0000e+00   2.9103e+02
20251206_08:00:00   2.7070e-01   6.8328e+01   5.0947e+00   0.0000e+00   0.0000e+00   2.9171e+02
20251206_09:00:00   2.6763e-01   6.7737e+01   5.0495e+00   0.0000e+00   0.0000e+00   2.8934e+02
20251206_10:00:00   2.6896e-01   6.7981e+01   5.1079e+00   0.0000e+00   0.0000e+00   2.8653e+02
20251206_11:00:00   2.7259e-01   6.8676e+01   5.2308e+00   0.0000e+00   0.0000e+00   2.8427e+02
20251206_12:00:00   2.7975e-01   7.0057e+01   5.4054e+00   0.0000e+00   0.0000e+00   2.8359e+02
20251206_13:00:00   2.8920e-01   7.1904e+01   5.6563e+00   0.0000e+00   0.0000e+00   2.8354e+02
20251206_14:00:00   3.0079e-01   7.4153e+01   5.9309e+00   0.0000e+00   0.0000e+00   2.8349e+02
20251206_15:00:00   3.0765e-01   7.5563e+01   6.0840e+00   0.0000e+00   0.0000e+00   2.8210e+02
20251206_16:00:00   3.2583e-01   7.9044e+01   6.4784e+00   0.0000e+00   0.0000e+00   2.8131e+02
20251206_17:00:00   3.4263e-01   8.2287e+01   6.8434e+00   0.0000e+00   0.0000e+00   2.8184e+02
20251206_18:00:00   3.6480e-01   8.6542e+01   7.2711e+00   0.0000e+00   0.0000e+00   2.8109e+02
20251206_19:00:00   3.8050e-01   8.9548e+01   7.5272e+00   0.0000e+00   0.0000e+00   2.7906e+02
20251206_20:00:00   3.9597e-01   9.2520e+01   7.7676e+00   0.0000e+00   0.0000e+00   2.7610e+02
20251206_21:00:00   3.8606e-01   9.0927e+01   7.5267e+00   0.0000e+00   0.0000e+00   2.7452e+02
20251206_22:00:00   3.8106e-01   9.0121e+01   7.3887e+00   0.0000e+00   0.0000e+00   2.7420e+02
20251206_23:00:00   3.7922e-01   8.9813e+01   7.3514e+00   0.0000e+00   0.0000e+00   2.7388e+02
20251207_00:00:00   3.7966e-01   8.9949e+01   7.3565e+00   0.0000e+00   0.0000e+00   2.7389e+02
20251207_01:00:00   3.7838e-01   8.9870e+01   7.3317e+00   0.0000e+00   0.0000e+00   2.7306e+02
20251207_02:00:00   3.7335e-01   8.9025e+01   7.2399e+00   0.0000e+00   0.0000e+00   2.7278e+02
20251207_03:00:00   3.6132e-01   8.6866e+01   7.0309e+00   0.0000e+00   0.0000e+00   2.7222e+02
20251207_04:00:00   3.5570e-01   8.5835e+01   6.9194e+00   0.0000e+00   0.0000e+00   2.7273e+02
20251207_05:00:00   3.4211e-01   8.3333e+01   6.6489e+00   0.0000e+00   0.0000e+00   2.7433e+02
20251207_06:00:00   3.2538e-01   8.0215e+01   6.2916e+00   0.0000e+00   0.0000e+00   2.7588e+02
20251207_09:00:00   3.1562e-01   7.8382e+01   6.0600e+00   0.0000e+00   0.0000e+00   2.7112e+02
20251207_12:00:00   3.2103e-01   7.9490e+01   6.1250e+00   0.0000e+00   0.0000e+00   2.6809e+02
20251207_15:00:00   3.2011e-01   7.9230e+01   6.1789e+00   0.0000e+00   0.0000e+00   2.6746e+02
20251207_18:00:00   3.3598e-01   8.2252e+01   6.5102e+00   0.0000e+00   0.0000e+00   2.6734e+02
20251207_21:00:00   3.3780e-01   8.2607e+01   6.5760e+00   0.0000e+00   0.0000e+00   2.7018e+02
20251208_00:00:00   3.1316e-01   7.7803e+01   6.1523e+00   0.0000e+00   0.0000e+00   2.7093e+02
20251208_03:00:00   3.1475e-01   7.8234e+01   6.2069e+00   0.0000e+00   0.0000e+00   2.6967e+02
20251208_06:00:00   3.1717e-01   7.8765e+01   6.2709e+00   0.0000e+00   0.0000e+00   2.6885e+02
20251208_09:00:00   3.0660e-01   7.6685e+01   6.0432e+00   0.0000e+00   0.0000e+00   2.7104e+02
20251208_12:00:00   2.8898e-01   7.3136e+01   5.6829e+00   0.0000e+00   0.0000e+00   2.7043e+02
20251208_15:00:00   2.7832e-01   7.0955e+01   5.4645e+00   0.0000e+00   0.0000e+00   2.7108e+02
20251208_18:00:00   2.8724e-01   7.2846e+01   5.6410e+00   0.0000e+00   0.0000e+00   2.7224e+02
20251208_21:00:00   2.9206e-01   7.3874e+01   5.6874e+00   0.0000e+00   0.0000e+00   2.7581e+02
20251209_00:00:00   3.0599e-01   7.6662e+01   5.9698e+00   0.0000e+00   0.0000e+00   2.8230e+02
20251209_03:00:00   3.0346e-01   7.6449e+01   5.8970e+00   0.0000e+00   0.0000e+00   2.8812e+02
20251209_06:00:00   2.5317e-01   6.6271e+01   4.7684e+00   0.0000e+00   0.0000e+00   2.9412e+02
20251209_09:00:00   2.2425e-01   6.0317e+01   4.0305e+00   0.0000e+00   0.0000e+00   2.9445e+02
20251209_12:00:00   1.4801e-01   4.2766e+01   2.6311e+00   0.0000e+00   0.0000e+00   2.9264e+02
20251209_15:00:00   1.2463e-01   3.7006e+01   2.2131e+00   0.0000e+00   0.0000e+00   2.9045e+02
20251209_18:00:00   1.1330e-01   3.4098e+01   2.0476e+00   0.0000e+00   0.0000e+00   2.8390e+02
20251209_21:00:00   1.3302e-01   3.8907e+01   2.4444e+00   0.0000e+00   0.0000e+00   2.8000e+02
20251210_00:00:00   1.3449e-01   3.9216e+01   2.5174e+00   0.0000e+00   0.0000e+00   2.8057e+02
20251210_03:00:00   1.2597e-01   3.6951e+01   2.4421e+00   0.0000e+00   0.0000e+00   2.8380e+02
20251210_06:00:00   1.1929e-01   3.5201e+01   2.3470e+00   0.0000e+00   0.0000e+00   2.8158e+02
20251210_09:00:00   1.2641e-01   3.6918e+01   2.5263e+00   0.0000e+00   0.0000e+00   2.8088e+02
20251210_12:00:00   1.4867e-01   4.2199e+01   3.0550e+00   0.0000e+00   0.0000e+00   2.8176e+02
20251210_15:00:00   1.9034e-01   5.2097e+01   3.9496e+00   0.0000e+00   0.0000e+00   2.8226e+02
20251210_18:00:00   2.4195e-01   6.3964e+01   4.9562e+00   0.0000e+00   0.0000e+00   2.7559e+02
20251210_21:00:00   2.2643e-01   6.0781e+01   4.5505e+00   0.0000e+00   0.0000e+00   2.7333e+02
20251211_00:00:00   2.1503e-01   5.8396e+01   4.2414e+00   0.0000e+00   8.4180e-04   2.7349e+02
20251211_03:00:00   1.9864e-01   5.4791e+01   3.8785e+00   0.0000e+00   6.8710e-03   2.7505e+02
20251211_06:00:00   1.7327e-01   4.8926e+01   3.3347e+00   0.0000e+00   5.8820e-03   2.7490e+02
20251211_09:00:00   1.5576e-01   4.4772e+01   2.9509e+00   0.0000e+00   9.1110e-04   2.7479e+02
20251211_12:00:00   1.5004e-01   4.2966e+01   2.9505e+00   0.0000e+00   9.4296e-03   2.7664e+02
20251211_15:00:00   1.3508e-01   3.9338e+01   2.6322e+00   0.0000e+00   5.4382e-03   2.7600e+02
20251211_18:00:00   1.2018e-01   3.5871e+01   2.2753e+00   0.0000e+00   5.0774e-04   2.7436e+02
20251211_21:00:00   1.3463e-01   3.9057e+01   2.6400e+00   0.0000e+00   1.1058e-03   2.7191e+02
20251212_00:00:00   1.4439e-01   4.1191e+01   2.9022e+00   0.0000e+00   2.2700e-03   2.6948e+02
20251212_03:00:00   1.3589e-01   3.9183e+01   2.7205e+00   0.0000e+00   4.2561e-03   2.7021e+02
20251212_06:00:00   1.3728e-01   3.9644e+01   2.7337e+00   0.0000e+00   6.1460e-06   2.7110e+02
20251212_09:00:00   1.9237e-01   5.2272e+01   3.9619e+00   0.0000e+00   3.0720e-04   2.7162e+02
20251212_12:00:00   2.6018e-01   6.6886e+01   5.3823e+00   0.0000e+00   5.5260e-04   2.7548e+02
20251212_15:00:00   2.7817e-01   7.0588e+01   5.7100e+00   0.0000e+00   3.7543e-04   2.7882e+02
20251212_18:00:00   2.7610e-01   7.0191e+01   5.6222e+00   0.0000e+00   0.0000e+00   2.8190e+02
20251212_21:00:00   2.8375e-01   7.1882e+01   5.6741e+00   0.0000e+00   0.0000e+00   2.7911e+02
20251213_00:00:00   3.2376e-01   8.0134e+01   6.3864e+00   0.0000e+00   0.0000e+00   2.7950e+02
20251213_03:00:00   3.2842e-01   8.1173e+01   6.4039e+00   0.0000e+00   0.0000e+00   2.8419e+02
20251213_06:00:00   3.4716e-01   8.4716e+01   6.7283e+00   0.0000e+00   0.0000e+00   2.8146e+02
20251213_09:00:00   3.7712e-01   9.0040e+01   7.2693e+00   0.0000e+00   0.0000e+00   2.8520e+02
20251213_12:00:00   3.9695e-01   9.3260e+01   7.6621e+00   0.0000e+00   2.0740e-04   2.8864e+02
20251213_15:00:00   4.3334e-01   9.9320e+01   8.3198e+00   0.0000e+00   2.4434e-03   2.9286e+02
20251213_18:00:00   4.6885e-01   1.0518e+02   8.9161e+00   0.0000e+00   1.2135e-02   2.9907e+02
20251213_21:00:00   5.0437e-01   1.1095e+02   9.4379e+00   0.0000e+00   3.8674e-02   2.9686e+02
20251214_00:00:00   4.9538e-01   1.0961e+02   9.2374e+00   0.0000e+00   6.9763e-03   2.9569e+02
20251214_03:00:00   5.2197e-01   1.1391e+02   9.6955e+00   0.0000e+00   2.2241e-03   2.9145e+02
20251214_06:00:00   5.2116e-01   1.1389e+02   9.6772e+00   0.0000e+00   3.7060e-06   2.8323e+02
20251214_09:00:00   4.5678e-01   1.0383e+02   8.4090e+00   0.0000e+00   0.0000e+00   2.7493e+02
20251214_12:00:00   4.1366e-01   9.6561e+01   7.6327e+00   0.0000e+00   0.0000e+00   2.7461e+02
20251214_15:00:00   3.4934e-01   8.4620e+01   6.5697e+00   0.0000e+00   0.0000e+00   2.7957e+02
20251214_18:00:00   3.2967e-01   8.0856e+01   6.2693e+00   0.0000e+00   0.0000e+00   2.9348e+02
20251214_21:00:00   2.9454e-01   7.3943e+01   5.5734e+00   0.0000e+00   0.0000e+00   2.9861e+02
20251215_00:00:00   2.8027e-01   7.0973e+01   5.3175e+00   0.0000e+00   0.0000e+00   2.9781e+02
20251215_03:00:00   2.9043e-01   7.3081e+01   5.4880e+00   0.0000e+00   0.0000e+00   2.9628e+02
20251215_06:00:00   3.1697e-01   7.8321e+01   5.8968e+00   0.0000e+00   0.0000e+00   3.0323e+02
20251215_09:00:00   3.0536e-01   7.6131e+01   5.6697e+00   0.0000e+00   5.1640e-06   3.0029e+02
20251215_12:00:00   2.9656e-01   7.4400e+01   5.5066e+00   0.0000e+00   0.0000e+00   2.9580e+02
20251215_15:00:00   2.8966e-01   7.2981e+01   5.3972e+00   0.0000e+00   0.0000e+00   2.9224e+02
20251215_18:00:00   2.6575e-01   6.8314e+01   4.8988e+00   0.0000e+00   0.0000e+00   2.9082e+02
20251215_21:00:00   2.5383e-01   6.5860e+01   4.6875e+00   0.0000e+00   7.0341e-05   2.8737e+02
20251216_00:00:00   2.6306e-01   6.7620e+01   4.9516e+00   0.0000e+00   2.9400e-04   2.8403e+02
20251216_03:00:00   2.5021e-01   6.4713e+01   4.8071e+00   0.0000e+00   9.3340e-04   2.8304e+02
20251216_06:00:00   2.6224e-01   6.6616e+01   5.1993e+00   0.0000e+00   7.7828e-02   2.8400e+02
20251216_09:00:00   3.9480e-01   9.1231e+01   7.9568e+00   0.0000e+00   1.1427e-01   2.8245e+02
20251216_12:00:00   6.6629e-01   1.3449e+02   1.2571e+01   0.0000e+00   1.8320e-02   2.7897e+02
20251216_15:00:00   6.5765e-01   1.3324e+02   1.2399e+01   0.0000e+00   3.4809e-02   2.7310e+02
20251216_18:00:00   6.9464e-01   1.3917e+02   1.2917e+01   0.0000e+00   7.8415e-04   2.7668e+02
20251216_21:00:00   6.6485e-01   1.3509e+02   1.2352e+01   0.0000e+00   1.6529e-04   2.6859e+02
20251217_00:00:00   6.5968e-01   1.3468e+02   1.2132e+01   0.0000e+00   1.0438e-04   2.6786e+02
20251217_03:00:00   5.2035e-01   1.1450e+02   9.4842e+00   0.0000e+00   0.0000e+00   2.6765e+02
20251217_06:00:00   4.1816e-01   9.7921e+01   7.5162e+00   0.0000e+00   0.0000e+00   2.7624e+02
20251217_09:00:00   3.1443e-01   7.8529e+01   5.6141e+00   0.0000e+00   0.0000e+00   2.7255e+02
20251217_12:00:00   3.5062e-01   8.5469e+01   6.2172e+00   0.0000e+00   0.0000e+00   2.7444e+02
20251217_15:00:00   3.0728e-01   7.6755e+01   5.6619e+00   0.0000e+00   0.0000e+00   2.7319e+02
20251217_18:00:00   2.9597e-01   7.4499e+01   5.4829e+00   0.0000e+00   0.0000e+00   2.7183e+02
20251217_21:00:00   2.8730e-01   7.2883e+01   5.2693e+00   0.0000e+00   0.0000e+00   2.7234e+02
20251218_00:00:00   2.3958e-01   6.2914e+01   4.4409e+00   0.0000e+00   0.0000e+00   2.6988e+02
20251218_03:00:00   2.3641e-01   6.2096e+01   4.4697e+00   0.0000e+00   9.4742e-04   2.7126e+02
20251218_06:00:00   2.6244e-01   6.7185e+01   5.2006e+00   0.0000e+00   0.0000e+00   2.6833e+02
