#            date       tau255        Tb[K]      pwv[mm] lwp[kg*m^-2] iwp[kg*m^-2]       o3[DU]
20251204_18:00:00   1.1047e-01   3.2155e+01   1.9815e+00   0.0000e+00   0.0000e+00   3.3360e+02
20251204_19:00:00   1.1811e-01   3.3959e+01   2.1340e+00   0.0000e+00   0.0000e+00   3.3241e+02
20251204_20:00:00   1.4866e-01   4.1186e+01   2.6470e+00   0.0000e+00   0.0000e+00   3.3344e+02
20251204_21:00:00   1.5942e-01   4.3663e+01   2.8530e+00   0.0000e+00   3.7364e-05   3.3204e+02
20251204_22:00:00   1.7399e-01   4.6985e+01   3.1308e+00   0.0000e+00   0.0000e+00   3.3166e+02
20251204_23:00:00   1.8547e-01   4.9539e+01   3.3614e+00   0.0000e+00   4.8660e-04   3.3073e+02
20251205_00:00:00   1.8467e-01   4.9299e+01   3.3938e+00   0.0000e+00   7.9378e-04   3.3030e+02
20251205_01:00:00   1.8856e-01   5.0143e+01   3.4849e+00   0.0000e+00   8.5706e-04   3.2949e+02
20251205_02:00:00   1.9067e-01   5.0544e+01   3.5564e+00   0.0000e+00   7.3461e-04   3.2904e+02
20251205_03:00:00   2.0218e-01   5.2967e+01   3.7955e+00   0.0000e+00   2.3864e-03   3.2737e+02
20251205_04:00:00   2.1379e-01   5.5405e+01   4.0227e+00   0.0000e+00   6.0763e-03   3.2742e+02
20251205_05:00:00   2.2969e-01   5.8879e+01   4.2779e+00   0.0000e+00   1.3346e-03   3.2477e+02
20251205_06:00:00   2.3700e-01   6.0545e+01   4.3618e+00   0.0000e+00   4.0421e-04   3.2141e+02
20251205_07:00:00   2.3459e-01   6.0196e+01   4.2746e+00   0.0000e+00   1.2565e-05   3.1695e+02
20251205_08:00:00   2.1823e-01   5.6825e+01   3.9506e+00   0.0000e+00   0.0000e+00   3.1359e+02
20251205_09:00:00   1.9232e-01   5.1261e+01   3.4696e+00   0.0000e+00   0.0000e+00   3.1200e+02
20251205_10:00:00   1.7334e-01   4.7075e+01   3.1156e+00   0.0000e+00   0.0000e+00   3.0762e+02
20251205_11:00:00   1.6027e-01   4.4078e+01   2.8927e+00   0.0000e+00   0.0000e+00   3.0397e+02
20251205_12:00:00   1.5034e-01   4.1750e+01   2.7352e+00   0.0000e+00   0.0000e+00   3.0079e+02
20251205_13:00:00   1.5284e-01   4.2228e+01   2.8244e+00   0.0000e+00   8.4955e-05   2.9944e+02
20251205_14:00:00   1.6084e-01   4.3934e+01   3.0367e+00   0.0000e+00   1.2448e-03   2.9916e+02
20251205_15:00:00   1.7615e-01   4.7073e+01   3.4301e+00   0.0000e+00   6.3693e-03   2.9916e+02
20251205_16:00:00   1.8277e-01   4.8307e+01   3.6096e+00   0.0000e+00   2.6239e-03   3.0034e+02
20251205_17:00:00   1.9563e-01   5.1020e+01   3.8681e+00   0.0000e+00   5.7387e-03   3.0163e+02
20251205_18:00:00   2.0382e-01   5.2912e+01   4.0095e+00   0.0000e+00   4.3725e-04   3.0237e+02
20251205_19:00:00   1.9981e-01   5.2437e+01   3.8350e+00   0.0000e+00   2.3520e-06   3.0331e+02
20251205_20:00:00   2.2477e-01   5.7998e+01   4.2442e+00   0.0000e+00   0.0000e+00   3.0256e+02
20251205_21:00:00   2.2949e-01   5.9252e+01   4.3269e+00   0.0000e+00   0.0000e+00   3.0286e+02
20251205_22:00:00   2.3598e-01   6.0757e+01   4.4339e+00   0.0000e+00   0.0000e+00   3.0122e+02
20251205_23:00:00   2.3972e-01   6.1581e+01   4.5093e+00   0.0000e+00   0.0000e+00   2.9890e+02
20251206_00:00:00   2.3485e-01   6.0744e+01   4.4266e+00   0.0000e+00   0.0000e+00   2.9713e+02
20251206_01:00:00   2.3759e-01   6.1391e+01   4.4963e+00   0.0000e+00   0.0000e+00   2.9470e+02
20251206_02:00:00   2.3368e-01   6.0618e+01   4.4278e+00   0.0000e+00   0.0000e+00   2.9179e+02
20251206_03:00:00   2.3166e-01   6.0214e+01   4.3922e+00   0.0000e+00   0.0000e+00   2.9101e+02
20251206_04:00:00   2.3086e-01   6.0073e+01   4.3717e+00   0.0000e+00   0.0000e+00   2.9111e+02
20251206_05:00:00   2.3212e-01   6.0392e+01   4.4226e+00   0.0000e+00   0.0000e+00   2.9015e+02
20251206_06:00:00   2.2999e-01   5.9993e+01   4.3974e+00   0.0000e+00   0.0000e+00   2.8797e+02
20251206_07:00:00   2.3399e-01   6.0869e+01   4.4947e+00   0.0000e+00   0.0000e+00   2.8705e+02
20251206_08:00:00   2.3660e-01   6.1432e+01   4.5531e+00   0.0000e+00   0.0000e+00   2.8727e+02
20251206_09:00:00   2.4198e-01   6.2538e+01   4.7070e+00   0.0000e+00   0.0000e+00   2.8676e+02
20251206_10:00:00   2.4432e-01   6.3029e+01   4.7795e+00   0.0000e+00   0.0000e+00   2.8524e+02
20251206_11:00:00   2.4341e-01   6.2850e+01   4.7778e+00   0.0000e+00   0.0000e+00   2.8525e+02
20251206_12:00:00   2.4650e-01   6.3471e+01   4.8552e+00   0.0000e+00   0.0000e+00   2.8382e+02
20251206_13:00:00   2.5214e-01   6.4645e+01   4.9832e+00   0.0000e+00   0.0000e+00   2.8170e+02
20251206_14:00:00   2.6741e-01   6.7819e+01   5.2912e+00   0.0000e+00   0.0000e+00   2.7936e+02
20251206_15:00:00   2.9436e-01   7.3263e+01   5.8319e+00   0.0000e+00   0.0000e+00   2.7962e+02
20251206_16:00:00   3.0845e-01   7.6169e+01   6.0932e+00   0.0000e+00   0.0000e+00   2.7929e+02
20251206_17:00:00   3.2129e-01   7.8785e+01   6.3151e+00   0.0000e+00   0.0000e+00   2.7864e+02
20251206_18:00:00   3.2648e-01   7.9918e+01   6.3688e+00   0.0000e+00   0.0000e+00   2.7708e+02
20251206_19:00:00   3.3511e-01   8.1723e+01   6.5031e+00   0.0000e+00   0.0000e+00   2.7749e+02
20251206_20:00:00   3.4852e-01   8.4282e+01   6.6897e+00   0.0000e+00   0.0000e+00   2.7657e+02
20251206_21:00:00   3.3571e-01   8.1963e+01   6.3351e+00   0.0000e+00   0.0000e+00   2.7624e+02
20251206_22:00:00   3.3847e-01   8.2532e+01   6.3795e+00   0.0000e+00   0.0000e+00   2.7558e+02
20251206_23:00:00   3.5403e-01   8.5440e+01   6.6767e+00   0.0000e+00   0.0000e+00   2.7422e+02
20251207_00:00:00   3.6454e-01   8.7459e+01   6.9074e+00   0.0000e+00   0.0000e+00   2.7285e+02
20251207_01:00:00   3.7473e-01   8.9462e+01   7.1127e+00   0.0000e+00   0.0000e+00   2.7108e+02
20251207_02:00:00   3.7935e-01   9.0390e+01   7.2080e+00   0.0000e+00   0.0000e+00   2.7038e+02
20251207_03:00:00   3.8617e-01   9.1670e+01   7.3224e+00   0.0000e+00   0.0000e+00   2.6950e+02
20251207_04:00:00   3.9546e-01   9.3456e+01   7.5063e+00   0.0000e+00   0.0000e+00   2.6876e+02
20251207_05:00:00   4.0713e-01   9.5560e+01   7.7313e+00   0.0000e+00   0.0000e+00   2.6952e+02
20251207_06:00:00   4.2255e-01   9.8219e+01   8.0427e+00   0.0000e+00   0.0000e+00   2.7057e+02
20251207_07:00:00   4.2254e-01   9.8208e+01   8.0873e+00   0.0000e+00   0.0000e+00   2.7036e+02
20251207_08:00:00   4.2253e-01   9.8257e+01   8.0937e+00   0.0000e+00   0.0000e+00   2.6801e+02
20251207_09:00:00   4.2991e-01   9.9590e+01   8.2481e+00   0.0000e+00   0.0000e+00   2.6623e+02
20251207_10:00:00   4.3062e-01   9.9816e+01   8.2526e+00   0.0000e+00   0.0000e+00   2.6548e+02
20251207_11:00:00   4.3425e-01   1.0053e+02   8.2897e+00   0.0000e+00   0.0000e+00   2.6424e+02
20251207_12:00:00   4.3566e-01   1.0085e+02   8.2998e+00   0.0000e+00   0.0000e+00   2.6426e+02
20251207_13:00:00   4.2062e-01   9.8298e+01   7.9908e+00   0.0000e+00   0.0000e+00   2.6522e+02
20251207_14:00:00   3.9347e-01   9.3528e+01   7.4749e+00   0.0000e+00   0.0000e+00   2.6661e+02
20251207_15:00:00   3.7062e-01   8.9396e+01   7.0186e+00   0.0000e+00   0.0000e+00   2.6735e+02
20251207_16:00:00   3.5010e-01   8.5563e+01   6.6287e+00   0.0000e+00   0.0000e+00   2.6697e+02
20251207_17:00:00   3.3540e-01   8.2769e+01   6.3249e+00   0.0000e+00   0.0000e+00   2.6718e+02
20251207_18:00:00   3.3671e-01   8.3033e+01   6.3581e+00   0.0000e+00   0.0000e+00   2.6763e+02
20251207_19:00:00   3.4755e-01   8.5099e+01   6.5728e+00   0.0000e+00   0.0000e+00   2.6800e+02
20251207_20:00:00   3.5461e-01   8.6426e+01   6.7361e+00   0.0000e+00   0.0000e+00   2.6728e+02
20251207_21:00:00   3.6019e-01   8.7491e+01   6.8474e+00   0.0000e+00   0.0000e+00   2.6599e+02
20251207_22:00:00   3.5703e-01   8.6883e+01   6.7990e+00   0.0000e+00   0.0000e+00   2.6426e+02
20251207_23:00:00   3.4314e-01   8.4288e+01   6.5515e+00   0.0000e+00   0.0000e+00   2.6436e+02
20251208_00:00:00   3.2959e-01   8.1651e+01   6.3099e+00   0.0000e+00   0.0000e+00   2.6516e+02
20251208_01:00:00   3.1305e-01   7.8392e+01   6.0053e+00   0.0000e+00   0.0000e+00   2.6635e+02
20251208_02:00:00   2.9317e-01   7.4416e+01   5.6275e+00   0.0000e+00   0.0000e+00   2.6815e+02
20251208_03:00:00   2.8234e-01   7.2190e+01   5.4281e+00   0.0000e+00   0.0000e+00   2.7023e+02
20251208_04:00:00   2.7678e-01   7.0985e+01   5.3351e+00   0.0000e+00   0.0000e+00   2.7087e+02
20251208_05:00:00   2.7589e-01   7.0759e+01   5.3245e+00   0.0000e+00   0.0000e+00   2.7134e+02
20251208_06:00:00   2.7217e-01   6.9948e+01   5.2708e+00   0.0000e+00   0.0000e+00   2.7232e+02
20251208_07:00:00   2.7300e-01   7.0077e+01   5.2898e+00   0.0000e+00   0.0000e+00   2.7359e+02
20251208_08:00:00   2.7424e-01   7.0283e+01   5.2987e+00   0.0000e+00   0.0000e+00   2.7502e+02
20251208_09:00:00   2.7303e-01   6.9972e+01   5.2662e+00   0.0000e+00   0.0000e+00   2.7369e+02
20251208_10:00:00   2.7695e-01   7.0720e+01   5.3415e+00   0.0000e+00   0.0000e+00   2.7140e+02
20251208_11:00:00   2.8442e-01   7.2184e+01   5.4949e+00   0.0000e+00   0.0000e+00   2.6828e+02
20251208_12:00:00   2.8327e-01   7.1923e+01   5.4843e+00   0.0000e+00   0.0000e+00   2.6743e+02
20251208_13:00:00   2.7741e-01   7.0693e+01   5.3705e+00   0.0000e+00   0.0000e+00   2.7096e+02
20251208_14:00:00   2.7137e-01   6.9408e+01   5.2584e+00   0.0000e+00   0.0000e+00   2.7264e+02
20251208_15:00:00   2.6231e-01   6.7436e+01   5.1157e+00   0.0000e+00   0.0000e+00   2.7260e+02
20251208_16:00:00   2.5640e-01   6.6128e+01   5.0265e+00   0.0000e+00   0.0000e+00   2.7456e+02
20251208_17:00:00   2.4556e-01   6.3813e+01   4.8421e+00   0.0000e+00   0.0000e+00   2.7531e+02
20251208_18:00:00   2.4295e-01   6.3270e+01   4.7794e+00   0.0000e+00   0.0000e+00   2.7581e+02
20251208_19:00:00   2.3438e-01   6.1706e+01   4.5078e+00   0.0000e+00   0.0000e+00   2.7951e+02
20251208_20:00:00   2.1768e-01   5.8397e+01   4.0552e+00   0.0000e+00   0.0000e+00   2.8235e+02
20251208_21:00:00   2.0045e-01   5.4688e+01   3.6902e+00   0.0000e+00   0.0000e+00   2.8182e+02
20251208_22:00:00   1.9023e-01   5.2380e+01   3.5045e+00   0.0000e+00   0.0000e+00   2.8283e+02
20251208_23:00:00   1.8743e-01   5.1735e+01   3.4289e+00   0.0000e+00   0.0000e+00   2.8522e+02
20251209_00:00:00   1.6257e-01   4.5967e+01   2.9930e+00   0.0000e+00   0.0000e+00   2.8868e+02
20251209_01:00:00   1.5131e-01   4.3352e+01   2.7697e+00   0.0000e+00   0.0000e+00   2.8697e+02
20251209_02:00:00   1.5012e-01   4.3042e+01   2.7661e+00   0.0000e+00   0.0000e+00   2.8557e+02
20251209_03:00:00   1.5608e-01   4.4358e+01   2.9230e+00   0.0000e+00   0.0000e+00   2.8532e+02
20251209_04:00:00   1.5996e-01   4.5261e+01   3.0168e+00   0.0000e+00   0.0000e+00   2.8563e+02
20251209_05:00:00   1.6270e-01   4.5906e+01   3.0796e+00   0.0000e+00   0.0000e+00   2.8548e+02
20251209_06:00:00   1.6005e-01   4.5309e+01   3.0366e+00   0.0000e+00   0.0000e+00   2.8401e+02
20251209_07:00:00   1.6688e-01   4.6862e+01   3.1854e+00   0.0000e+00   0.0000e+00   2.8486e+02
20251209_08:00:00   1.7181e-01   4.7955e+01   3.3025e+00   0.0000e+00   0.0000e+00   2.8724e+02
20251209_09:00:00   1.7113e-01   4.7786e+01   3.3048e+00   0.0000e+00   0.0000e+00   2.8861e+02
20251209_10:00:00   1.6393e-01   4.6162e+01   3.1544e+00   0.0000e+00   0.0000e+00   2.9015e+02
20251209_11:00:00   1.5966e-01   4.5146e+01   3.0830e+00   0.0000e+00   0.0000e+00   2.8937e+02
20251209_12:00:00   1.6282e-01   4.5824e+01   3.1768e+00   0.0000e+00   0.0000e+00   2.8760e+02
20251209_13:00:00   1.7090e-01   4.7662e+01   3.3707e+00   0.0000e+00   0.0000e+00   2.8716e+02
20251209_14:00:00   1.8170e-01   5.0101e+01   3.6196e+00   0.0000e+00   0.0000e+00   2.8639e+02
20251209_15:00:00   1.9283e-01   5.2543e+01   3.8938e+00   0.0000e+00   0.0000e+00   2.8496e+02
20251209_16:00:00   2.1012e-01   5.6331e+01   4.2880e+00   0.0000e+00   0.0000e+00   2.8605e+02
20251209_17:00:00   2.2319e-01   5.9175e+01   4.5707e+00   0.0000e+00   0.0000e+00   2.8476e+02
20251209_18:00:00   2.4199e-01   6.3191e+01   4.9711e+00   0.0000e+00   0.0000e+00   2.8425e+02
20251209_21:00:00   3.0069e-01   7.5428e+01   6.1570e+00   0.0000e+00   0.0000e+00   2.8164e+02
20251210_00:00:00   3.4181e-01   8.3720e+01   6.9715e+00   0.0000e+00   0.0000e+00   2.7904e+02
20251210_03:00:00   4.0002e-01   9.4755e+01   8.1239e+00   0.0000e+00   0.0000e+00   2.7458e+02
20251210_06:00:00   3.4088e-01   8.3766e+01   6.8619e+00   0.0000e+00   9.3640e-04   2.6943e+02
20251210_09:00:00   3.4068e-01   8.3360e+01   6.9717e+00   0.0000e+00   0.0000e+00   2.7303e+02
20251210_12:00:00   3.6354e-01   8.7476e+01   7.4522e+00   0.0000e+00   0.0000e+00   2.8221e+02
20251210_15:00:00   3.2303e-01   7.9535e+01   6.7240e+00   0.0000e+00   0.0000e+00   2.8543e+02
20251210_18:00:00   2.9985e-01   7.4907e+01   6.2342e+00   0.0000e+00   0.0000e+00   2.8630e+02
20251210_21:00:00   2.9197e-01   7.3358e+01   6.0428e+00   0.0000e+00   0.0000e+00   2.8027e+02
20251211_00:00:00   2.9881e-01   7.4824e+01   6.1866e+00   0.0000e+00   0.0000e+00   2.7854e+02
20251211_03:00:00   2.8618e-01   7.2253e+01   5.9537e+00   0.0000e+00   0.0000e+00   2.7710e+02
20251211_06:00:00   3.1550e-01   7.8025e+01   6.5579e+00   0.0000e+00   0.0000e+00   2.7633e+02
20251211_09:00:00   3.5033e-01   8.4830e+01   7.2042e+00   0.0000e+00   0.0000e+00   2.7263e+02
20251211_12:00:00   3.4511e-01   8.3955e+01   7.0187e+00   0.0000e+00   0.0000e+00   2.7173e+02
20251211_15:00:00   3.2506e-01   8.0206e+01   6.5603e+00   0.0000e+00   0.0000e+00   2.7302e+02
20251211_18:00:00   2.9170e-01   7.4021e+01   5.6937e+00   0.0000e+00   0.0000e+00   2.7182e+02
20251211_21:00:00   2.6738e-01   6.9085e+01   5.1646e+00   0.0000e+00   0.0000e+00   2.7363e+02
20251212_00:00:00   2.5712e-01   6.7134e+01   4.9066e+00   0.0000e+00   0.0000e+00   2.7466e+02
20251212_03:00:00   2.3708e-01   6.2948e+01   4.4995e+00   0.0000e+00   0.0000e+00   2.7532e+02
20251212_06:00:00   2.4860e-01   6.5379e+01   4.7268e+00   0.0000e+00   0.0000e+00   2.7560e+02
20251212_09:00:00   2.7793e-01   7.1474e+01   5.2862e+00   0.0000e+00   0.0000e+00   2.7777e+02
20251212_12:00:00   2.9456e-01   7.4882e+01   5.5714e+00   0.0000e+00   0.0000e+00   2.7602e+02
20251212_15:00:00   2.8142e-01   7.2304e+01   5.3599e+00   0.0000e+00   0.0000e+00   2.7313e+02
20251212_18:00:00   2.8570e-01   7.3159e+01   5.5235e+00   0.0000e+00   0.0000e+00   2.7382e+02
20251212_21:00:00   3.1206e-01   7.8413e+01   6.0227e+00   0.0000e+00   0.0000e+00   2.7452e+02
20251213_00:00:00   3.1295e-01   7.8547e+01   6.1171e+00   0.0000e+00   0.0000e+00   2.7036e+02
20251213_03:00:00   3.0925e-01   7.7851e+01   6.0292e+00   0.0000e+00   0.0000e+00   2.7258e+02
20251213_06:00:00   2.9297e-01   7.4570e+01   5.7381e+00   0.0000e+00   0.0000e+00   2.7824e+02
20251213_09:00:00   2.8722e-01   7.3348e+01   5.6112e+00   0.0000e+00   0.0000e+00   2.8161e+02
20251213_12:00:00   2.6258e-01   6.8212e+01   5.1438e+00   0.0000e+00   1.4958e-04   2.7587e+02
20251213_15:00:00   2.4476e-01   6.4354e+01   4.8280e+00   0.0000e+00   0.0000e+00   2.7152e+02
20251213_18:00:00   2.3604e-01   6.2475e+01   4.6647e+00   0.0000e+00   0.0000e+00   2.7022e+02
20251213_21:00:00   2.3579e-01   6.2248e+01   4.7146e+00   0.0000e+00   4.1500e-05   2.6961e+02
20251214_00:00:00   2.3946e-01   6.2989e+01   4.7980e+00   0.0000e+00   2.3500e-05   2.7075e+02
20251214_03:00:00   2.4809e-01   6.4539e+01   5.0550e+00   0.0000e+00   1.1512e-02   2.6621e+02
20251214_06:00:00   2.5727e-01   6.6339e+01   5.2789e+00   0.0000e+00   1.5394e-03   2.6688e+02
20251214_09:00:00   2.9836e-01   7.4057e+01   6.2576e+00   0.0000e+00   2.8710e-02   2.7035e+02
20251214_12:00:00   3.2318e-01   7.8577e+01   6.7521e+00   0.0000e+00   9.8186e-02   2.6685e+02
20251214_15:00:00   3.4391e-01   8.2666e+01   7.2035e+00   0.0000e+00   1.2717e-02   2.6580e+02
20251214_18:00:00   3.1486e-01   7.7006e+01   6.5876e+00   0.0000e+00   2.1345e-02   2.6530e+02
20251214_21:00:00   2.6699e-01   6.8066e+01   5.3928e+00   0.0000e+00   1.9327e-05   2.6260e+02
20251215_00:00:00   2.5652e-01   6.5979e+01   5.1509e+00   0.0000e+00   1.6478e-03   2.6233e+02
20251215_03:00:00   2.5746e-01   6.6127e+01   5.2262e+00   0.0000e+00   2.0566e-03   2.6183e+02
20251215_06:00:00   2.8187e-01   7.0949e+01   5.7814e+00   0.0000e+00   5.2095e-03   2.6160e+02
20251215_09:00:00   3.2984e-01   7.9935e+01   6.7843e+00   0.0000e+00   4.6622e-02   2.5847e+02
20251215_12:00:00   3.5087e-01   8.3536e+01   7.1918e+00   0.0000e+00   9.0780e-02   2.6066e+02
20251215_15:00:00   3.7162e-01   8.7287e+01   7.5284e+00   0.0000e+00   6.4803e-02   2.6156e+02
20251215_18:00:00   4.0910e-01   9.4055e+01   8.2565e+00   0.0000e+00   1.4462e-02   2.6512e+02
20251215_21:00:00   4.6285e-01   1.0375e+02   9.0920e+00   0.0000e+00   1.2922e-02   2.6265e+02
20251216_00:00:00   5.0473e-01   1.1114e+02   9.6853e+00   0.0000e+00   6.0358e-03   2.6566e+02
20251216_03:00:00   4.9160e-01   1.0888e+02   9.3926e+00   0.0000e+00   1.2776e-02   2.6425e+02
20251216_06:00:00   4.9108e-01   1.0835e+02   9.4724e+00   0.0000e+00   3.5672e-02   2.6173e+02
20251216_09:00:00   4.5728e-01   1.0248e+02   8.8966e+00   0.0000e+00   4.4380e-02   2.6351e+02
20251216_12:00:00   4.0763e-01   9.3963e+01   7.9798e+00   0.0000e+00   1.0836e-02   2.6121e+02
20251216_15:00:00   3.8737e-01   9.0577e+01   7.5731e+00   0.0000e+00   8.4801e-05   2.5984e+02
20251216_18:00:00   4.1511e-01   9.5869e+01   8.0173e+00   0.0000e+00   9.6790e-05   2.6351e+02
20251216_21:00:00   4.6917e-01   1.0555e+02   8.9087e+00   0.0000e+00   1.3953e-04   2.6201e+02
20251217_00:00:00   4.6837e-01   1.0578e+02   8.7973e+00   0.0000e+00   6.2582e-05   2.6344e+02
20251217_03:00:00   4.9213e-01   1.0946e+02   9.3352e+00   0.0000e+00   1.8052e-03   2.6058e+02
20251217_06:00:00   4.7457e-01   1.0687e+02   8.9028e+00   0.0000e+00   0.0000e+00   2.6204e+02
20251217_09:00:00   4.6097e-01   1.0479e+02   8.5345e+00   0.0000e+00   0.0000e+00   2.6709e+02
20251217_12:00:00   4.5328e-01   1.0348e+02   8.3773e+00   0.0000e+00   0.0000e+00   2.6392e+02
20251217_15:00:00   4.7391e-01   1.0687e+02   8.7557e+00   0.0000e+00   0.0000e+00   2.7010e+02
20251217_18:00:00   4.8432e-01   1.0839e+02   9.0581e+00   0.0000e+00   0.0000e+00   2.7589e+02
20251217_21:00:00   5.0926e-01   1.1264e+02   9.3582e+00   0.0000e+00   0.0000e+00   2.7617e+02
20251218_00:00:00   5.2544e-01   1.1559e+02   9.4399e+00   0.0000e+00   0.0000e+00   2.7625e+02
20251218_03:00:00   4.8276e-01   1.0864e+02   8.7774e+00   0.0000e+00   0.0000e+00   2.7591e+02
20251218_06:00:00   4.4938e-01   1.0303e+02   8.1942e+00   0.0000e+00   0.0000e+00   2.7918e+02
20251218_09:00:00   4.5323e-01   1.0373e+02   8.1658e+00   0.0000e+00   0.0000e+00   2.7806e+02
20251218_12:00:00   4.0829e-01   9.6024e+01   7.2641e+00   0.0000e+00   0.0000e+00   2.8336e+02
20251218_15:00:00   3.7597e-01   9.0178e+01   6.6897e+00   0.0000e+00   0.0000e+00   2.8370e+02
20251218_18:00:00   3.3616e-01   8.2815e+01   5.9589e+00   0.0000e+00   0.0000e+00   2.7941e+02
20251218_21:00:00   3.7756e-01   9.0922e+01   6.4901e+00   0.0000e+00   0.0000e+00   2.7857e+02
20251219_00:00:00   4.2366e-01   9.9335e+01   7.1814e+00   0.0000e+00   0.0000e+00   2.7463e+02
20251219_03:00:00   3.2377e-01   8.0449e+01   5.7325e+00   0.0000e+00   6.7320e-05   2.6997e+02
20251219_06:00:00   2.9862e-01   7.4940e+01   5.5458e+00   0.0000e+00   1.6694e-04   2.6596e+02
20251219_09:00:00   3.0158e-01   7.5291e+01   5.6954e+00   0.0000e+00   1.6582e-02   2.6736e+02
20251219_12:00:00   2.8759e-01   7.1917e+01   5.6309e+00   0.0000e+00   4.5907e-02   2.7030e+02
20251219_15:00:00   3.0089e-01   7.4157e+01   6.0672e+00   0.0000e+00   1.3002e-02   2.7167e+02
20251219_18:00:00   3.9652e-01   9.1314e+01   8.0709e+00   0.0000e+00   1.8367e-01   2.7401e+02
20251219_21:00:00   4.3480e-01   9.8453e+01   8.6575e+00   0.0000e+00   3.9039e-02   2.7940e+02
20251220_00:00:00   4.8371e-01   1.0631e+02   9.5142e+00   0.0000e+00   1.2605e-01   2.7789e+02
20251220_03:00:00   5.4991e-01   1.1702e+02   1.0659e+01   0.0000e+00   3.2856e-02   2.7908e+02
20251220_06:00:00   5.3082e-01   1.1405e+02   1.0263e+01   0.0000e+00   2.4189e-02   2.8216e+02
20251220_09:00:00   4.9357e-01   1.0835e+02   9.4570e+00   0.0000e+00   5.9075e-03   2.8558e+02
20251220_12:00:00   4.9208e-01   1.0861e+02   9.2411e+00   0.0000e+00   2.0613e-03   2.8790e+02
20251220_15:00:00   4.9374e-01   1.0898e+02   9.1674e+00   0.0000e+00   6.7509e-03   2.8730e+02
20251220_18:00:00   4.6358e-01   1.0443e+02   8.4830e+00   0.0000e+00   1.2442e-03   2.8632e+02
