#            date       tau255        Tb[K]      pwv[mm] lwp[kg*m^-2] iwp[kg*m^-2]       o3[DU]
20251209_12:00:00   1.0872e-01   3.2916e+01   1.9401e+00   0.0000e+00   0.0000e+00   2.9025e+02
20251209_13:00:00   1.0437e-01   3.1797e+01   1.8645e+00   0.0000e+00   0.0000e+00   2.8864e+02
20251209_14:00:00   1.0451e-01   3.1770e+01   1.8901e+00   0.0000e+00   0.0000e+00   2.8675e+02
20251209_15:00:00   1.0718e-01   3.2386e+01   1.9632e+00   0.0000e+00   0.0000e+00   2.8613e+02
20251209_16:00:00   1.0878e-01   3.2778e+01   2.0062e+00   0.0000e+00   0.0000e+00   2.8758e+02
20251209_17:00:00   1.1076e-01   3.3245e+01   2.0630e+00   0.0000e+00   0.0000e+00   2.8675e+02
20251209_18:00:00   1.1713e-01   3.4790e+01   2.2135e+00   0.0000e+00   0.0000e+00   2.8703e+02
20251209_19:00:00   1.2451e-01   3.6560e+01   2.3917e+00   0.0000e+00   0.0000e+00   2.8728e+02
20251209_20:00:00   1.3247e-01   3.8477e+01   2.5768e+00   0.0000e+00   0.0000e+00   2.8796e+02
20251209_21:00:00   1.4105e-01   4.0555e+01   2.7642e+00   0.0000e+00   0.0000e+00   2.8824e+02
20251209_22:00:00   1.5107e-01   4.2989e+01   2.9800e+00   0.0000e+00   0.0000e+00   2.8750e+02
20251209_23:00:00   1.6500e-01   4.6323e+01   3.2681e+00   0.0000e+00   0.0000e+00   2.8732e+02
20251210_00:00:00   1.7667e-01   4.9111e+01   3.4975e+00   0.0000e+00   0.0000e+00   2.8601e+02
20251210_01:00:00   1.8659e-01   5.1436e+01   3.6964e+00   0.0000e+00   0.0000e+00   2.8508e+02
20251210_02:00:00   1.9477e-01   5.3344e+01   3.8583e+00   0.0000e+00   0.0000e+00   2.8624e+02
20251210_03:00:00   2.0242e-01   5.5088e+01   4.0224e+00   0.0000e+00   0.0000e+00   2.8978e+02
20251210_04:00:00   2.1364e-01   5.7591e+01   4.2616e+00   0.0000e+00   0.0000e+00   2.9070e+02
20251210_05:00:00   2.3047e-01   6.1257e+01   4.6195e+00   0.0000e+00   0.0000e+00   2.8954e+02
20251210_06:00:00   2.4457e-01   6.4255e+01   4.9177e+00   0.0000e+00   0.0000e+00   2.8882e+02
20251210_07:00:00   2.5194e-01   6.5771e+01   5.0697e+00   0.0000e+00   0.0000e+00   2.8868e+02
20251210_08:00:00   2.5411e-01   6.6187e+01   5.1206e+00   0.0000e+00   0.0000e+00   2.8582e+02
20251210_09:00:00   2.5269e-01   6.5875e+01   5.1002e+00   0.0000e+00   0.0000e+00   2.8306e+02
20251210_10:00:00   2.5232e-01   6.5783e+01   5.1021e+00   0.0000e+00   0.0000e+00   2.8130e+02
20251210_11:00:00   2.5803e-01   6.6946e+01   5.2465e+00   0.0000e+00   0.0000e+00   2.8100e+02
20251210_12:00:00   2.6829e-01   6.9010e+01   5.4924e+00   0.0000e+00   0.0000e+00   2.8041e+02
20251210_13:00:00   2.7395e-01   7.0156e+01   5.6270e+00   0.0000e+00   0.0000e+00   2.8282e+02
20251210_14:00:00   2.7101e-01   6.9601e+01   5.5603e+00   0.0000e+00   0.0000e+00   2.8508e+02
20251210_15:00:00   2.6193e-01   6.7769e+01   5.3547e+00   0.0000e+00   0.0000e+00   2.8578e+02
20251210_16:00:00   2.5777e-01   6.6953e+01   5.2481e+00   0.0000e+00   0.0000e+00   2.8805e+02
20251210_17:00:00   2.5209e-01   6.5854e+01   5.1147e+00   0.0000e+00   0.0000e+00   2.8983e+02
20251210_18:00:00   2.4536e-01   6.4502e+01   4.9509e+00   0.0000e+00   0.0000e+00   2.8904e+02
20251210_19:00:00   2.4128e-01   6.3684e+01   4.8453e+00   0.0000e+00   0.0000e+00   2.8889e+02
20251210_20:00:00   2.3738e-01   6.2861e+01   4.7484e+00   0.0000e+00   0.0000e+00   2.8825e+02
20251210_21:00:00   2.3439e-01   6.2264e+01   4.6684e+00   0.0000e+00   0.0000e+00   2.8491e+02
20251210_22:00:00   2.3558e-01   6.2579e+01   4.6622e+00   0.0000e+00   0.0000e+00   2.8497e+02
20251210_23:00:00   2.3772e-01   6.3127e+01   4.6784e+00   0.0000e+00   0.0000e+00   2.8548e+02
20251211_00:00:00   2.3757e-01   6.3209e+01   4.6511e+00   0.0000e+00   0.0000e+00   2.8353e+02
20251211_01:00:00   2.3507e-01   6.2748e+01   4.5668e+00   0.0000e+00   0.0000e+00   2.8325e+02
20251211_02:00:00   2.2602e-01   6.0821e+01   4.3613e+00   0.0000e+00   0.0000e+00   2.8418e+02
20251211_03:00:00   2.1152e-01   5.7656e+01   4.0609e+00   0.0000e+00   0.0000e+00   2.8565e+02
20251211_04:00:00   2.0326e-01   5.5816e+01   3.8815e+00   0.0000e+00   0.0000e+00   2.8632e+02
20251211_05:00:00   1.9885e-01   5.4806e+01   3.7764e+00   0.0000e+00   0.0000e+00   2.8634e+02
20251211_06:00:00   1.9752e-01   5.4481e+01   3.7436e+00   0.0000e+00   0.0000e+00   2.8525e+02
20251211_07:00:00   1.9302e-01   5.3455e+01   3.6529e+00   0.0000e+00   0.0000e+00   2.8353e+02
20251211_08:00:00   1.8873e-01   5.2470e+01   3.5620e+00   0.0000e+00   0.0000e+00   2.8269e+02
20251211_09:00:00   1.8386e-01   5.1341e+01   3.4653e+00   0.0000e+00   0.0000e+00   2.8181e+02
20251211_10:00:00   1.7998e-01   5.0429e+01   3.3928e+00   0.0000e+00   0.0000e+00   2.7943e+02
20251211_11:00:00   1.7682e-01   4.9674e+01   3.3308e+00   0.0000e+00   0.0000e+00   2.7832e+02
20251211_12:00:00   1.7489e-01   4.9214e+01   3.2859e+00   0.0000e+00   0.0000e+00   2.7800e+02
20251211_13:00:00   1.7331e-01   4.8853e+01   3.2437e+00   0.0000e+00   0.0000e+00   2.7939e+02
20251211_14:00:00   1.7061e-01   4.8222e+01   3.1801e+00   0.0000e+00   0.0000e+00   2.7913e+02
20251211_15:00:00   1.6907e-01   4.7865e+01   3.1431e+00   0.0000e+00   0.0000e+00   2.7705e+02
20251211_16:00:00   1.6651e-01   4.7265e+01   3.0900e+00   0.0000e+00   0.0000e+00   2.7442e+02
20251211_17:00:00   1.6455e-01   4.6807e+01   3.0462e+00   0.0000e+00   0.0000e+00   2.7357e+02
20251211_18:00:00   1.6433e-01   4.6746e+01   3.0386e+00   0.0000e+00   0.0000e+00   2.7259e+02
20251211_19:00:00   1.6310e-01   4.6441e+01   3.0153e+00   0.0000e+00   0.0000e+00   2.7289e+02
20251211_20:00:00   1.6078e-01   4.5869e+01   2.9720e+00   0.0000e+00   0.0000e+00   2.7369e+02
20251211_21:00:00   1.6106e-01   4.5934e+01   2.9721e+00   0.0000e+00   0.0000e+00   2.7396e+02
20251211_22:00:00   1.6216e-01   4.6207e+01   2.9858e+00   0.0000e+00   0.0000e+00   2.7284e+02
20251211_23:00:00   1.6345e-01   4.6527e+01   3.0044e+00   0.0000e+00   0.0000e+00   2.7199e+02
20251212_00:00:00   1.6673e-01   4.7326e+01   3.0646e+00   0.0000e+00   0.0000e+00   2.7209e+02
20251212_01:00:00   1.8954e-01   5.2634e+01   3.5054e+00   0.0000e+00   0.0000e+00   2.7278e+02
20251212_02:00:00   2.2719e-01   6.1137e+01   4.2219e+00   0.0000e+00   0.0000e+00   2.7390e+02
20251212_03:00:00   2.6283e-01   6.8872e+01   4.8888e+00   0.0000e+00   0.0000e+00   2.7374e+02
20251212_04:00:00   2.8650e-01   7.3817e+01   5.3306e+00   0.0000e+00   0.0000e+00   2.7466e+02
20251212_05:00:00   3.0059e-01   7.6672e+01   5.5985e+00   0.0000e+00   0.0000e+00   2.7568e+02
20251212_06:00:00   3.1155e-01   7.8847e+01   5.8082e+00   0.0000e+00   0.0000e+00   2.7536e+02
20251212_07:00:00   3.1799e-01   8.0072e+01   5.9388e+00   0.0000e+00   0.0000e+00   2.7516e+02
20251212_08:00:00   3.1942e-01   8.0335e+01   5.9763e+00   0.0000e+00   0.0000e+00   2.7421e+02
20251212_09:00:00   3.2101e-01   8.0611e+01   6.0112e+00   0.0000e+00   0.0000e+00   2.7311e+02
20251212_10:00:00   3.1743e-01   7.9885e+01   5.9550e+00   0.0000e+00   0.0000e+00   2.7151e+02
20251212_11:00:00   3.1362e-01   7.9093e+01   5.8940e+00   0.0000e+00   0.0000e+00   2.7134e+02
20251212_12:00:00   3.1291e-01   7.8892e+01   5.8919e+00   0.0000e+00   0.0000e+00   2.7303e+02
20251212_13:00:00   3.0458e-01   7.7219e+01   5.7409e+00   0.0000e+00   0.0000e+00   2.7398e+02
20251212_14:00:00   2.9705e-01   7.5674e+01   5.6083e+00   0.0000e+00   0.0000e+00   2.7571e+02
20251212_15:00:00   2.8600e-01   7.3406e+01   5.4089e+00   0.0000e+00   0.0000e+00   2.7819e+02
20251212_16:00:00   2.8366e-01   7.2862e+01   5.3647e+00   0.0000e+00   0.0000e+00   2.7883e+02
20251212_17:00:00   2.7793e-01   7.1682e+01   5.2590e+00   0.0000e+00   0.0000e+00   2.7768e+02
20251212_18:00:00   2.6813e-01   6.9665e+01   5.0719e+00   0.0000e+00   0.0000e+00   2.7648e+02
20251212_19:00:00   2.6985e-01   6.9955e+01   5.1066e+00   0.0000e+00   0.0000e+00   2.7632e+02
20251212_20:00:00   2.6405e-01   6.8742e+01   5.0028e+00   0.0000e+00   0.0000e+00   2.7675e+02
20251212_21:00:00   2.7293e-01   7.0575e+01   5.1515e+00   0.0000e+00   0.0000e+00   2.7750e+02
20251212_22:00:00   2.7345e-01   7.0716e+01   5.1528e+00   0.0000e+00   0.0000e+00   2.7780e+02
20251212_23:00:00   2.7731e-01   7.1484e+01   5.2280e+00   0.0000e+00   0.0000e+00   2.7830e+02
20251213_00:00:00   2.7824e-01   7.1684e+01   5.2302e+00   0.0000e+00   0.0000e+00   2.7941e+02
20251213_01:00:00   2.7211e-01   7.0438e+01   5.1110e+00   0.0000e+00   0.0000e+00   2.8188e+02
20251213_02:00:00   2.6369e-01   6.8677e+01   4.9674e+00   0.0000e+00   0.0000e+00   2.8507e+02
20251213_03:00:00   2.6008e-01   6.7917e+01   4.9191e+00   0.0000e+00   0.0000e+00   2.8776e+02
20251213_04:00:00   2.5307e-01   6.6445e+01   4.7861e+00   0.0000e+00   0.0000e+00   2.8818e+02
20251213_05:00:00   2.5605e-01   6.7021e+01   4.8479e+00   0.0000e+00   8.4860e-05   2.8799e+02
20251213_06:00:00   2.5092e-01   6.5900e+01   4.7591e+00   0.0000e+00   1.4324e-03   2.8642e+02
20251213_07:00:00   2.4715e-01   6.5029e+01   4.7040e+00   0.0000e+00   3.3636e-03   2.8366e+02
20251213_08:00:00   2.5862e-01   6.7326e+01   4.9288e+00   0.0000e+00   1.1572e-04   2.8318e+02
20251213_09:00:00   2.5691e-01   6.6900e+01   4.8960e+00   0.0000e+00   1.1224e-05   2.8188e+02
20251213_10:00:00   2.5151e-01   6.5792e+01   4.7755e+00   0.0000e+00   0.0000e+00   2.8068e+02
20251213_11:00:00   2.4591e-01   6.4527e+01   4.7038e+00   0.0000e+00   7.1260e-06   2.7942e+02
20251213_12:00:00   2.5325e-01   6.5972e+01   4.8774e+00   0.0000e+00   7.9620e-05   2.7827e+02
20251213_13:00:00   2.4877e-01   6.4970e+01   4.8227e+00   0.0000e+00   0.0000e+00   2.7814e+02
20251213_14:00:00   2.5616e-01   6.6394e+01   4.9965e+00   0.0000e+00   1.3700e-04   2.7690e+02
20251213_15:00:00   2.4931e-01   6.4923e+01   4.8765e+00   0.0000e+00   1.7756e-04   2.7497e+02
20251213_16:00:00   2.4884e-01   6.4834e+01   4.8697e+00   0.0000e+00   1.1355e-04   2.7413e+02
20251213_17:00:00   2.4853e-01   6.4732e+01   4.8857e+00   0.0000e+00   2.7980e-04   2.7287e+02
20251213_18:00:00   2.5070e-01   6.5163e+01   4.9296e+00   0.0000e+00   1.0868e-03   2.7206e+02
20251213_19:00:00   2.5003e-01   6.4957e+01   4.9337e+00   0.0000e+00   3.1212e-03   2.7268e+02
20251213_20:00:00   2.5501e-01   6.5980e+01   5.0412e+00   0.0000e+00   2.2194e-03   2.7198e+02
20251213_21:00:00   2.5916e-01   6.6834e+01   5.1274e+00   0.0000e+00   3.8510e-03   2.7145e+02
20251213_22:00:00   2.6620e-01   6.8268e+01   5.2734e+00   0.0000e+00   4.0197e-03   2.6993e+02
20251213_23:00:00   2.6880e-01   6.8720e+01   5.3526e+00   0.0000e+00   9.3496e-03   2.7000e+02
20251214_00:00:00   2.6897e-01   6.8693e+01   5.3809e+00   0.0000e+00   1.2211e-02   2.6931e+02
20251214_01:00:00   2.6530e-01   6.7897e+01   5.3306e+00   0.0000e+00   3.3412e-03   2.7023e+02
20251214_02:00:00   2.6248e-01   6.7193e+01   5.3070e+00   0.0000e+00   1.2316e-02   2.7031e+02
20251214_03:00:00   2.5666e-01   6.5915e+01   5.1927e+00   0.0000e+00   2.8867e-02   2.7103e+02
20251214_04:00:00   2.4673e-01   6.3761e+01   4.9912e+00   0.0000e+00   6.5762e-02   2.7251e+02
20251214_05:00:00   2.3972e-01   6.2193e+01   4.8827e+00   0.0000e+00   3.6213e-02   2.7366e+02
20251214_06:00:00   2.4682e-01   6.3514e+01   5.0170e+00   0.0000e+00   1.0855e-01   2.7347e+02
20251214_07:00:00   2.4895e-01   6.3825e+01   5.1077e+00   0.0000e+00   9.4933e-02   2.7000e+02
20251214_08:00:00   2.3699e-01   6.1616e+01   4.7939e+00   0.0000e+00   4.0910e-02   2.6911e+02
20251214_09:00:00   2.7900e-01   6.9717e+01   5.7910e+00   0.0000e+00   9.7768e-02   2.6833e+02
20251214_10:00:00   2.8318e-01   7.0429e+01   5.8848e+00   0.0000e+00   1.3122e-01   2.6834e+02
20251214_11:00:00   2.6885e-01   6.7854e+01   5.5539e+00   0.0000e+00   3.1634e-02   2.6886e+02
20251214_12:00:00   2.5467e-01   6.4855e+01   5.2730e+00   0.0000e+00   4.1967e-02   2.7033e+02
20251214_15:00:00   2.3633e-01   6.1142e+01   4.8425e+00   0.0000e+00   7.3380e-02   2.6929e+02
20251214_18:00:00   2.7363e-01   6.9224e+01   5.5362e+00   0.0000e+00   1.1678e-03   2.6956e+02
20251214_21:00:00   3.0845e-01   7.6759e+01   6.0123e+00   0.0000e+00   0.0000e+00   2.7178e+02
20251215_00:00:00   3.3145e-01   8.1587e+01   6.2758e+00   0.0000e+00   0.0000e+00   2.7195e+02
20251215_03:00:00   3.4082e-01   8.3377e+01   6.4327e+00   0.0000e+00   0.0000e+00   2.6968e+02
20251215_06:00:00   3.2143e-01   7.9701e+01   6.0508e+00   0.0000e+00   0.0000e+00   2.7277e+02
20251215_09:00:00   3.1099e-01   7.7562e+01   5.9018e+00   0.0000e+00   0.0000e+00   2.7207e+02
20251215_12:00:00   3.0599e-01   7.6399e+01   5.8682e+00   0.0000e+00   0.0000e+00   2.6635e+02
20251215_15:00:00   2.9500e-01   7.4253e+01   5.6020e+00   0.0000e+00   0.0000e+00   2.7066e+02
20251215_18:00:00   2.5447e-01   6.5973e+01   4.8028e+00   0.0000e+00   0.0000e+00   2.7326e+02
20251215_21:00:00   2.5105e-01   6.4813e+01   4.8982e+00   0.0000e+00   1.2016e-05   2.7229e+02
20251216_00:00:00   2.6086e-01   6.6859e+01   5.0971e+00   0.0000e+00   2.7780e-05   2.7265e+02
20251216_03:00:00   2.7497e-01   6.9770e+01   5.3849e+00   0.0000e+00   1.2912e-04   2.7199e+02
20251216_06:00:00   2.8064e-01   7.1481e+01   5.3302e+00   0.0000e+00   0.0000e+00   2.7151e+02
20251216_09:00:00   2.9854e-01   7.5113e+01   5.7156e+00   0.0000e+00   0.0000e+00   2.6299e+02
20251216_12:00:00   2.7456e-01   7.0528e+01   5.1296e+00   0.0000e+00   0.0000e+00   2.5689e+02
20251216_15:00:00   2.1469e-01   5.7567e+01   4.0890e+00   0.0000e+00   0.0000e+00   2.5650e+02
20251216_18:00:00   2.1579e-01   5.7351e+01   4.3086e+00   0.0000e+00   0.0000e+00   2.5298e+02
20251216_21:00:00   2.0153e-01   5.4200e+01   4.0330e+00   0.0000e+00   0.0000e+00   2.5374e+02
20251217_00:00:00   2.1728e-01   5.7429e+01   4.4644e+00   0.0000e+00   0.0000e+00   2.5231e+02
20251217_03:00:00   1.9555e-01   5.3021e+01   3.9634e+00   0.0000e+00   3.6143e-04   2.5191e+02
20251217_06:00:00   1.9528e-01   5.2798e+01   4.0345e+00   0.0000e+00   3.9020e-05   2.5272e+02
20251217_09:00:00   2.1779e-01   5.7811e+01   4.5035e+00   0.0000e+00   0.0000e+00   2.5025e+02
20251217_12:00:00   2.5297e-01   6.5363e+01   5.2778e+00   0.0000e+00   2.8940e-05   2.4792e+02
20251217_15:00:00   2.4122e-01   6.2990e+01   4.9546e+00   0.0000e+00   5.4680e-05   2.4891e+02
20251217_18:00:00   2.3487e-01   6.1463e+01   4.8482e+00   0.0000e+00   0.0000e+00   2.4833e+02
20251217_21:00:00   2.7525e-01   6.9700e+01   5.7692e+00   0.0000e+00   2.9554e-03   2.4859e+02
20251218_00:00:00   3.1684e-01   7.8029e+01   6.6981e+00   0.0000e+00   0.0000e+00   2.5091e+02
20251218_03:00:00   3.6657e-01   8.7959e+01   7.5651e+00   0.0000e+00   0.0000e+00   2.5284e+02
20251218_06:00:00   3.5013e-01   8.5193e+01   7.0841e+00   0.0000e+00   0.0000e+00   2.5482e+02
20251218_09:00:00   3.2007e-01   7.9573e+01   6.3372e+00   0.0000e+00   0.0000e+00   2.5576e+02
20251218_12:00:00   3.0388e-01   7.6402e+01   5.9869e+00   0.0000e+00   0.0000e+00   2.5551e+02
20251218_15:00:00   2.9589e-01   7.4988e+01   5.7507e+00   0.0000e+00   0.0000e+00   2.5809e+02
20251218_18:00:00   2.6287e-01   6.8320e+01   5.1132e+00   0.0000e+00   1.8434e-05   2.6355e+02
20251218_21:00:00   2.3246e-01   6.1518e+01   4.6188e+00   0.0000e+00   1.3048e-05   2.6658e+02
20251219_00:00:00   2.2301e-01   5.9199e+01   4.5432e+00   0.0000e+00   0.0000e+00   2.6662e+02
20251219_03:00:00   2.5699e-01   6.6360e+01   5.3056e+00   0.0000e+00   3.7840e-06   2.6629e+02
20251219_06:00:00   2.7123e-01   6.9511e+01   5.5638e+00   0.0000e+00   2.0480e-04   2.6895e+02
20251219_09:00:00   2.6680e-01   6.8631e+01   5.4661e+00   0.0000e+00   3.7093e-03   2.7265e+02
20251219_12:00:00   2.2431e-01   5.9962e+01   4.4623e+00   0.0000e+00   0.0000e+00   2.7132e+02
20251219_15:00:00   1.9958e-01   5.4627e+01   3.9233e+00   0.0000e+00   0.0000e+00   2.6828e+02
20251219_18:00:00   1.8685e-01   5.1831e+01   3.6302e+00   0.0000e+00   0.0000e+00   2.6866e+02
20251219_21:00:00   1.8161e-01   5.0686e+01   3.5105e+00   0.0000e+00   0.0000e+00   2.6980e+02
20251220_00:00:00   1.8015e-01   5.0393e+01   3.4604e+00   0.0000e+00   0.0000e+00   2.6807e+02
20251220_03:00:00   1.6814e-01   4.7593e+01   3.2212e+00   0.0000e+00   0.0000e+00   2.6689e+02
20251220_06:00:00   1.6344e-01   4.6494e+01   3.1174e+00   0.0000e+00   0.0000e+00   2.6654e+02
20251220_09:00:00   1.5960e-01   4.5534e+01   3.0526e+00   0.0000e+00   0.0000e+00   2.6686e+02
20251220_12:00:00   1.5522e-01   4.4405e+01   2.9822e+00   0.0000e+00   0.0000e+00   2.6071e+02
20251220_15:00:00   1.5390e-01   4.4042e+01   2.9721e+00   0.0000e+00   0.0000e+00   2.5799e+02
20251220_18:00:00   1.5439e-01   4.4213e+01   2.9695e+00   0.0000e+00   0.0000e+00   2.5623e+02
20251220_21:00:00   1.7696e-01   4.9457e+01   3.3930e+00   0.0000e+00   0.0000e+00   2.5301e+02
20251221_00:00:00   1.7238e-01   4.8303e+01   3.3658e+00   0.0000e+00   0.0000e+00   2.5102e+02
20251221_03:00:00   1.8901e-01   5.1922e+01   3.7830e+00   0.0000e+00   0.0000e+00   2.5521e+02
20251221_06:00:00   1.7951e-01   4.9680e+01   3.5959e+00   0.0000e+00   0.0000e+00   2.5391e+02
20251221_09:00:00   1.6790e-01   4.6862e+01   3.3804e+00   0.0000e+00   0.0000e+00   2.5293e+02
20251221_12:00:00   1.6520e-01   4.6221e+01   3.3209e+00   0.0000e+00   0.0000e+00   2.5408e+02
20251221_15:00:00   1.6546e-01   4.6356e+01   3.2903e+00   0.0000e+00   0.0000e+00   2.5103e+02
20251221_18:00:00   1.7018e-01   4.7425e+01   3.3965e+00   0.0000e+00   1.4010e-04   2.5105e+02
20251221_21:00:00   1.7981e-01   4.9656e+01   3.5629e+00   0.0000e+00   1.4319e-03   2.4487e+02
20251222_00:00:00   1.6377e-01   4.6001e+01   3.2016e+00   0.0000e+00   2.3244e-03   2.4388e+02
20251222_03:00:00   1.6801e-01   4.6695e+01   3.3803e+00   0.0000e+00   1.6565e-03   2.4344e+02
20251222_06:00:00   1.9806e-01   5.3118e+01   4.0596e+00   0.0000e+00   5.3446e-02   2.4573e+02
20251222_09:00:00   2.3007e-01   5.9373e+01   4.8769e+00   0.0000e+00   9.6370e-03   2.4508e+02
20251222_12:00:00   2.5559e-01   6.4392e+01   5.4381e+00   0.0000e+00   3.7681e-02   2.5107e+02
20251222_15:00:00   2.9139e-01   7.1330e+01   6.0908e+00   0.0000e+00   1.9161e-01   2.5823e+02
20251222_18:00:00   3.8920e-01   8.9672e+01   7.9801e+00   0.0000e+00   1.4975e-01   2.5391e+02
20251222_21:00:00   5.3057e-01   1.1322e+02   1.0381e+01   0.0000e+00   4.1090e-01   2.5640e+02
20251223_00:00:00   4.0604e-01   9.3817e+01   7.6442e+00   0.0000e+00   2.0844e-03   2.6385e+02
20251223_03:00:00   5.2204e-01   1.1277e+02   9.4549e+00   0.0000e+00   9.7863e-03   2.7118e+02
20251223_06:00:00   5.4344e-01   1.1676e+02   9.2903e+00   0.0000e+00   0.0000e+00   2.8114e+02
20251223_09:00:00   4.8070e-01   1.0703e+02   8.2355e+00   0.0000e+00   1.5538e-03   2.8477e+02
20251223_12:00:00   4.9601e-01   1.0898e+02   8.8450e+00   0.0000e+00   3.7168e-04   2.8903e+02
20251223_15:00:00   5.7091e-01   1.2021e+02   1.0140e+01   0.0000e+00   1.6219e-02   3.0170e+02
20251223_18:00:00   7.1842e-01   1.4015e+02   1.2732e+01   1.7136e-04   1.8739e-01   3.1042e+02
20251223_21:00:00   9.2331e-01   1.6455e+02   1.3834e+01   4.7910e-02   1.3923e-01   3.1992e+02
20251224_00:00:00   2.6450e+00   2.5418e+02   1.4527e+01   7.3682e-01   8.1085e-01   3.1389e+02
20251224_03:00:00   2.5186e+00   2.5186e+02   1.4758e+01   6.7447e-01   9.7916e-01   3.2162e+02
20251224_06:00:00   3.1364e+00   2.6123e+02   1.3376e+01   9.7399e-01   2.7228e-01   3.2446e+02
20251224_09:00:00   1.4296e+00   2.0772e+02   1.0204e+01   3.4152e-01   2.6872e-04   3.2867e+02
20251224_12:00:00   4.5256e-01   1.0082e+02   7.3629e+00   5.6125e-03   4.7064e-02   3.3080e+02
20251224_15:00:00   3.9393e-01   9.0962e+01   5.4183e+00   2.5017e-02   9.6799e-03   3.3424e+02
20251224_18:00:00   3.1183e-01   7.5826e+01   4.2981e+00   1.3005e-02   7.1034e-04   3.3699e+02
20251224_21:00:00   2.5800e-01   6.5008e+01   3.8410e+00   1.8076e-03   4.2555e-04   3.3908e+02
20251225_00:00:00   2.2556e-01   5.8284e+01   3.3606e+00   8.3209e-04   1.4163e-04   3.4022e+02
20251225_03:00:00   1.2613e-01   3.6093e+01   1.8399e+00   0.0000e+00   0.0000e+00   3.4777e+02
20251225_06:00:00   1.0540e-01   3.1159e+01   1.4993e+00   0.0000e+00   0.0000e+00   3.4738e+02
20251225_09:00:00   9.0111e-02   2.7212e+01   1.4138e+00   0.0000e+00   0.0000e+00   3.3369e+02
20251225_12:00:00   1.1946e-01   3.3870e+01   2.2361e+00   0.0000e+00   0.0000e+00   3.2599e+02
