#            date       tau255        Tb[K]      pwv[mm] lwp[kg*m^-2] iwp[kg*m^-2]       o3[DU]
20251202_18:00:00   2.3698e-01   6.1699e+01   4.4001e+00   0.0000e+00   0.0000e+00   2.9467e+02
20251202_19:00:00   2.5412e-01   6.5373e+01   4.6467e+00   0.0000e+00   0.0000e+00   2.9538e+02
20251202_20:00:00   2.6883e-01   6.8459e+01   4.8765e+00   0.0000e+00   0.0000e+00   2.9867e+02
20251202_21:00:00   2.7856e-01   7.0516e+01   5.0228e+00   0.0000e+00   0.0000e+00   3.0311e+02
20251202_22:00:00   2.9802e-01   7.4488e+01   5.3030e+00   0.0000e+00   0.0000e+00   3.0330e+02
20251202_23:00:00   2.8786e-01   7.2424e+01   5.1468e+00   0.0000e+00   0.0000e+00   3.0234e+02
20251203_00:00:00   2.7290e-01   6.9355e+01   4.9193e+00   0.0000e+00   0.0000e+00   3.0567e+02
20251203_01:00:00   2.6064e-01   6.6781e+01   4.7507e+00   0.0000e+00   0.0000e+00   3.0997e+02
20251203_02:00:00   2.4466e-01   6.3318e+01   4.5334e+00   0.0000e+00   0.0000e+00   3.1246e+02
20251203_03:00:00   2.4002e-01   6.2150e+01   4.5060e+00   0.0000e+00   0.0000e+00   3.0894e+02
20251203_04:00:00   2.0590e-01   5.4597e+01   3.9535e+00   0.0000e+00   0.0000e+00   3.1295e+02
20251203_05:00:00   2.0483e-01   5.4267e+01   3.9521e+00   0.0000e+00   0.0000e+00   3.1306e+02
20251203_06:00:00   2.1967e-01   5.7467e+01   4.2084e+00   0.0000e+00   0.0000e+00   3.1290e+02
20251203_07:00:00   2.4771e-01   6.3289e+01   4.7528e+00   0.0000e+00   0.0000e+00   3.0649e+02
20251203_08:00:00   2.8525e-01   7.0716e+01   5.5848e+00   0.0000e+00   4.8622e-04   3.0628e+02
20251203_09:00:00   3.2516e-01   7.8239e+01   6.4331e+00   0.0000e+00   5.3558e-04   3.0475e+02
20251203_10:00:00   3.3970e-01   8.1144e+01   6.6593e+00   0.0000e+00   1.6700e-05   3.0596e+02
20251203_11:00:00   3.3915e-01   8.1538e+01   6.4452e+00   0.0000e+00   4.5860e-06   3.0914e+02
20251203_12:00:00   3.5037e-01   8.3856e+01   6.5071e+00   0.0000e+00   7.5700e-06   3.1098e+02
20251203_13:00:00   3.2898e-01   7.9844e+01   6.0567e+00   0.0000e+00   2.0496e-05   3.1219e+02
20251203_14:00:00   2.7799e-01   6.9632e+01   5.1002e+00   0.0000e+00   3.1520e-05   3.1508e+02
20251203_15:00:00   2.7150e-01   6.8223e+01   4.9263e+00   0.0000e+00   1.7814e-06   3.1743e+02
20251203_16:00:00   3.1447e-01   7.6769e+01   5.5917e+00   0.0000e+00   0.0000e+00   3.1895e+02
20251203_17:00:00   3.1730e-01   7.7374e+01   5.6872e+00   0.0000e+00   1.4754e-03   3.1980e+02
20251203_18:00:00   3.4642e-01   8.2796e+01   6.2221e+00   0.0000e+00   2.4336e-03   3.1930e+02
20251203_19:00:00   3.6834e-01   8.6893e+01   6.5603e+00   0.0000e+00   7.3169e-03   3.1910e+02
20251203_20:00:00   4.2879e-01   9.7754e+01   7.3761e+00   1.1354e-04   2.0848e-03   3.2383e+02
20251203_21:00:00   4.5013e-01   1.0163e+02   7.3098e+00   6.1120e-03   2.0640e-05   3.2619e+02
20251203_22:00:00   7.5848e-01   1.4734e+02   7.6021e+00   1.1881e-01   7.6901e-05   3.2810e+02
20251203_23:00:00   1.7226e+00   2.2464e+02   8.0233e+00   5.0806e-01   1.0481e-03   3.2830e+02
20251204_00:00:00   1.1864e+00   1.9020e+02   7.8428e+00   2.9166e-01   7.9129e-04   3.3077e+02
20251204_01:00:00   9.3093e-01   1.6652e+02   7.3321e+00   1.9732e-01   5.8183e-04   3.3291e+02
20251204_02:00:00   7.5006e-01   1.4571e+02   6.7965e+00   1.3366e-01   7.7325e-04   3.3257e+02
20251204_03:00:00   3.8332e-01   9.0128e+01   5.7514e+00   7.3387e-03   4.3621e-05   3.3285e+02
20251204_04:00:00   3.3996e-01   8.2018e+01   5.3358e+00   5.7964e-04   8.6260e-06   3.3319e+02
20251204_05:00:00   3.2817e-01   7.9718e+01   5.1687e+00   0.0000e+00   0.0000e+00   3.3410e+02
20251204_06:00:00   2.9676e-01   7.3549e+01   4.7193e+00   0.0000e+00   0.0000e+00   3.3251e+02
20251204_07:00:00   2.6744e-01   6.7560e+01   4.3155e+00   0.0000e+00   8.4160e-06   3.3061e+02
20251204_08:00:00   2.2930e-01   5.9594e+01   3.7155e+00   0.0000e+00   0.0000e+00   3.3218e+02
20251204_09:00:00   2.0315e-01   5.3914e+01   3.3103e+00   0.0000e+00   3.7260e-05   3.3410e+02
20251204_10:00:00   1.8794e-01   5.0521e+01   3.0854e+00   0.0000e+00   4.5920e-04   3.3323e+02
20251204_11:00:00   1.7857e-01   4.8345e+01   2.9804e+00   0.0000e+00   6.3940e-05   3.3169e+02
20251204_12:00:00   1.7620e-01   4.7770e+01   2.9646e+00   0.0000e+00   3.7840e-06   3.3183e+02
20251204_13:00:00   1.6390e-01   4.4916e+01   2.7933e+00   0.0000e+00   0.0000e+00   3.3374e+02
20251204_14:00:00   1.6135e-01   4.4245e+01   2.7843e+00   0.0000e+00   0.0000e+00   3.3603e+02
20251204_15:00:00   1.7724e-01   4.7813e+01   3.0593e+00   0.0000e+00   0.0000e+00   3.3825e+02
20251204_16:00:00   1.7913e-01   4.8182e+01   3.1179e+00   0.0000e+00   0.0000e+00   3.4065e+02
20251204_17:00:00   1.7673e-01   4.7600e+01   3.1081e+00   0.0000e+00   0.0000e+00   3.4269e+02
20251204_18:00:00   1.7806e-01   4.7937e+01   3.1308e+00   0.0000e+00   0.0000e+00   3.4256e+02
20251204_19:00:00   2.0130e-01   5.3185e+01   3.4855e+00   0.0000e+00   0.0000e+00   3.4287e+02
20251204_20:00:00   2.6962e-01   6.7758e+01   4.5409e+00   0.0000e+00   4.3461e-05   3.4002e+02
20251204_21:00:00   2.8720e-01   7.1364e+01   4.8452e+00   0.0000e+00   8.6746e-04   3.3805e+02
20251204_22:00:00   3.1323e-01   7.6498e+01   5.3045e+00   0.0000e+00   2.7172e-03   3.3461e+02
20251204_23:00:00   3.3284e-01   8.0297e+01   5.6038e+00   2.8260e-04   6.6983e-03   3.3478e+02
20251205_00:00:00   3.2423e-01   7.8694e+01   5.4712e+00   0.0000e+00   2.0075e-02   3.3360e+02
20251205_01:00:00   3.3274e-01   8.0324e+01   5.6255e+00   0.0000e+00   2.9157e-02   3.3276e+02
20251205_02:00:00   3.4310e-01   8.2236e+01   5.8531e+00   0.0000e+00   2.1926e-02   3.3062e+02
20251205_03:00:00   3.6042e-01   8.5344e+01   6.2439e+00   0.0000e+00   1.0990e-02   3.2880e+02
20251205_04:00:00   3.7178e-01   8.7394e+01   6.4744e+00   0.0000e+00   4.9296e-03   3.2854e+02
20251205_05:00:00   3.5953e-01   8.5228e+01   6.2122e+00   0.0000e+00   1.3357e-03   3.2952e+02
20251205_06:00:00   3.2109e-01   7.8134e+01   5.4916e+00   0.0000e+00   1.8316e-04   3.3199e+02
20251205_07:00:00   3.0746e-01   7.5618e+01   5.1713e+00   0.0000e+00   0.0000e+00   3.2826e+02
20251205_08:00:00   2.9413e-01   7.3016e+01   4.9194e+00   0.0000e+00   0.0000e+00   3.2338e+02
20251205_09:00:00   2.8985e-01   7.2128e+01   4.8448e+00   0.0000e+00   0.0000e+00   3.1801e+02
20251205_10:00:00   2.9990e-01   7.4116e+01   4.9888e+00   0.0000e+00   0.0000e+00   3.1199e+02
20251205_11:00:00   2.9332e-01   7.2714e+01   4.9122e+00   0.0000e+00   3.7840e-06   3.0679e+02
20251205_12:00:00   2.7638e-01   6.9195e+01   4.6983e+00   0.0000e+00   1.4260e-03   3.0502e+02
20251205_13:00:00   2.7522e-01   6.8820e+01   4.7272e+00   0.0000e+00   5.4793e-03   3.0398e+02
20251205_14:00:00   2.7043e-01   6.7682e+01   4.7194e+00   0.0000e+00   2.8592e-03   3.0375e+02
20251205_15:00:00   2.7632e-01   6.8650e+01   4.9114e+00   0.0000e+00   4.6563e-03   3.0389e+02
20251205_16:00:00   2.8907e-01   7.0959e+01   5.1883e+00   0.0000e+00   5.3593e-02   3.0425e+02
20251205_17:00:00   3.1136e-01   7.5034e+01   5.6744e+00   0.0000e+00   7.8724e-02   3.0585e+02
20251205_18:00:00   2.9825e-01   7.2536e+01   5.4777e+00   0.0000e+00   1.0560e-02   3.0711e+02
20251205_19:00:00   2.7499e-01   6.7935e+01   5.0699e+00   0.0000e+00   9.9215e-03   3.0810e+02
20251205_20:00:00   2.7956e-01   6.8783e+01   5.1948e+00   0.0000e+00   6.7415e-03   3.0899e+02
20251205_21:00:00   3.0107e-01   7.3295e+01   5.5290e+00   0.0000e+00   2.8199e-04   3.0809e+02
20251205_22:00:00   3.1948e-01   7.7046e+01   5.8375e+00   0.0000e+00   2.3520e-06   3.0699e+02
20251205_23:00:00   3.2005e-01   7.7322e+01   5.8384e+00   0.0000e+00   0.0000e+00   3.0558e+02
20251206_00:00:00   3.2329e-01   7.7967e+01   5.9264e+00   0.0000e+00   0.0000e+00   3.0354e+02
20251206_01:00:00   3.0764e-01   7.4979e+01   5.6848e+00   0.0000e+00   0.0000e+00   3.0183e+02
20251206_02:00:00   2.9684e-01   7.2926e+01   5.5134e+00   0.0000e+00   0.0000e+00   3.0109e+02
20251206_03:00:00   2.9216e-01   7.2086e+01   5.4380e+00   0.0000e+00   0.0000e+00   3.0023e+02
20251206_04:00:00   2.8105e-01   7.0004e+01   5.2261e+00   0.0000e+00   0.0000e+00   2.9841e+02
20251206_05:00:00   2.5899e-01   6.5645e+01   4.8245e+00   0.0000e+00   0.0000e+00   2.9728e+02
20251206_06:00:00   2.4413e-01   6.2601e+01   4.5476e+00   0.0000e+00   0.0000e+00   2.9502e+02
20251206_07:00:00   2.3271e-01   6.0236e+01   4.3501e+00   0.0000e+00   0.0000e+00   2.9329e+02
20251206_08:00:00   2.2885e-01   5.9367e+01   4.3256e+00   0.0000e+00   0.0000e+00   2.9068e+02
20251206_09:00:00   2.3007e-01   5.9536e+01   4.3754e+00   0.0000e+00   0.0000e+00   2.8917e+02
20251206_10:00:00   2.2721e-01   5.8896e+01   4.3796e+00   0.0000e+00   0.0000e+00   2.8701e+02
20251206_11:00:00   2.3261e-01   5.9985e+01   4.5290e+00   0.0000e+00   0.0000e+00   2.8574e+02
20251206_12:00:00   2.4037e-01   6.1641e+01   4.7126e+00   0.0000e+00   0.0000e+00   2.8581e+02
20251206_13:00:00   2.5618e-01   6.4968e+01   5.0487e+00   0.0000e+00   0.0000e+00   2.8590e+02
20251206_14:00:00   2.7338e-01   6.8571e+01   5.4096e+00   0.0000e+00   0.0000e+00   2.8498e+02
20251206_15:00:00   3.1579e-01   7.6933e+01   6.2648e+00   0.0000e+00   0.0000e+00   2.8264e+02
20251206_16:00:00   3.4548e-01   8.2687e+01   6.8088e+00   0.0000e+00   0.0000e+00   2.8148e+02
20251206_17:00:00   3.5895e-01   8.5446e+01   7.0011e+00   0.0000e+00   0.0000e+00   2.7999e+02
20251206_18:00:00   3.6813e-01   8.7384e+01   7.0851e+00   0.0000e+00   0.0000e+00   2.7891e+02
20251206_19:00:00   3.7127e-01   8.8182e+01   7.0527e+00   0.0000e+00   0.0000e+00   2.7798e+02
20251206_20:00:00   3.5707e-01   8.5768e+01   6.7140e+00   0.0000e+00   0.0000e+00   2.7716e+02
20251206_21:00:00   3.2961e-01   8.0663e+01   6.1928e+00   0.0000e+00   0.0000e+00   2.7618e+02
20251206_22:00:00   3.1630e-01   7.7998e+01   5.9657e+00   0.0000e+00   0.0000e+00   2.7490e+02
20251206_23:00:00   3.1288e-01   7.7143e+01   5.9528e+00   0.0000e+00   0.0000e+00   2.7424e+02
20251207_00:00:00   3.0695e-01   7.5991e+01   5.9232e+00   0.0000e+00   0.0000e+00   2.7447e+02
20251207_01:00:00   3.0098e-01   7.4824e+01   5.8762e+00   0.0000e+00   0.0000e+00   2.7364e+02
20251207_02:00:00   2.8274e-01   7.1236e+01   5.5551e+00   0.0000e+00   0.0000e+00   2.7376e+02
20251207_03:00:00   2.6655e-01   6.8010e+01   5.2284e+00   0.0000e+00   0.0000e+00   2.7304e+02
20251207_04:00:00   2.5373e-01   6.5443e+01   4.9724e+00   0.0000e+00   0.0000e+00   2.7349e+02
20251207_05:00:00   2.4876e-01   6.4419e+01   4.8894e+00   0.0000e+00   0.0000e+00   2.7437e+02
20251207_06:00:00   2.5602e-01   6.5910e+01   5.0545e+00   0.0000e+00   0.0000e+00   2.7658e+02
20251207_07:00:00   2.5933e-01   6.6589e+01   5.1226e+00   0.0000e+00   0.0000e+00   2.7564e+02
20251207_08:00:00   2.5459e-01   6.5576e+01   5.0433e+00   0.0000e+00   0.0000e+00   2.7184e+02
20251207_09:00:00   2.4928e-01   6.4446e+01   4.9498e+00   0.0000e+00   0.0000e+00   2.7020e+02
20251207_10:00:00   2.5050e-01   6.4619e+01   4.9961e+00   0.0000e+00   0.0000e+00   2.6873e+02
20251207_11:00:00   2.5846e-01   6.6212e+01   5.1640e+00   0.0000e+00   0.0000e+00   2.6657e+02
20251207_12:00:00   2.5789e-01   6.6079e+01   5.1611e+00   0.0000e+00   0.0000e+00   2.6635e+02
20251207_13:00:00   2.5544e-01   6.5663e+01   5.0790e+00   0.0000e+00   0.0000e+00   2.6788e+02
20251207_14:00:00   2.6177e-01   6.7055e+01   5.1934e+00   0.0000e+00   0.0000e+00   2.6855e+02
20251207_15:00:00   2.6539e-01   6.7888e+01   5.2517e+00   0.0000e+00   0.0000e+00   2.7072e+02
20251207_16:00:00   2.6694e-01   6.8298e+01   5.2580e+00   0.0000e+00   0.0000e+00   2.7239e+02
20251207_17:00:00   2.5608e-01   6.6166e+01   5.0021e+00   0.0000e+00   0.0000e+00   2.7211e+02
20251207_18:00:00   2.4436e-01   6.3767e+01   4.7486e+00   0.0000e+00   0.0000e+00   2.7254e+02
20251207_21:00:00   2.4792e-01   6.4320e+01   4.9321e+00   0.0000e+00   0.0000e+00   2.7007e+02
20251208_00:00:00   2.6068e-01   6.7093e+01   5.1962e+00   0.0000e+00   0.0000e+00   2.6913e+02
20251208_03:00:00   2.5597e-01   6.6114e+01   5.1182e+00   0.0000e+00   0.0000e+00   2.7068e+02
20251208_06:00:00   2.5355e-01   6.5664e+01   5.0658e+00   0.0000e+00   0.0000e+00   2.6757e+02
20251208_09:00:00   2.4578e-01   6.4039e+01   4.8946e+00   0.0000e+00   0.0000e+00   2.6772e+02
20251208_12:00:00   2.4335e-01   6.3328e+01   4.8862e+00   0.0000e+00   0.0000e+00   2.6928e+02
20251208_15:00:00   2.4009e-01   6.2665e+01   4.7903e+00   0.0000e+00   1.4612e-04   2.7143e+02
20251208_18:00:00   2.2873e-01   6.0258e+01   4.5481e+00   0.0000e+00   0.0000e+00   2.7355e+02
20251208_21:00:00   2.3265e-01   6.1022e+01   4.6045e+00   0.0000e+00   0.0000e+00   2.7939e+02
20251209_00:00:00   2.4372e-01   6.3330e+01   4.8432e+00   0.0000e+00   0.0000e+00   2.8547e+02
20251209_03:00:00   2.8911e-01   7.3082e+01   5.6374e+00   0.0000e+00   0.0000e+00   2.9096e+02
20251209_06:00:00   2.4036e-01   6.3685e+01   4.3488e+00   0.0000e+00   0.0000e+00   2.9589e+02
20251209_09:00:00   2.0709e-01   5.6283e+01   3.7688e+00   0.0000e+00   0.0000e+00   2.9832e+02
20251209_12:00:00   1.8143e-01   5.0458e+01   3.2934e+00   0.0000e+00   0.0000e+00   2.8890e+02
20251209_15:00:00   1.6767e-01   4.7070e+01   3.1181e+00   0.0000e+00   0.0000e+00   2.8750e+02
20251209_18:00:00   1.4216e-01   4.0880e+01   2.7376e+00   0.0000e+00   0.0000e+00   2.8570e+02
20251209_21:00:00   1.3801e-01   3.9970e+01   2.6442e+00   0.0000e+00   0.0000e+00   2.8407e+02
20251210_00:00:00   1.5098e-01   4.2904e+01   2.9768e+00   0.0000e+00   0.0000e+00   2.7819e+02
20251210_03:00:00   1.6626e-01   4.6349e+01   3.3767e+00   0.0000e+00   0.0000e+00   2.7842e+02
20251210_06:00:00   2.2931e-01   6.0372e+01   4.7498e+00   0.0000e+00   0.0000e+00   2.7837e+02
20251210_09:00:00   2.7101e-01   6.9038e+01   5.7063e+00   0.0000e+00   0.0000e+00   2.7194e+02
20251210_12:00:00   2.9976e-01   7.4853e+01   6.3088e+00   0.0000e+00   0.0000e+00   2.7471e+02
20251210_15:00:00   3.6306e-01   8.7609e+01   7.5574e+00   0.0000e+00   0.0000e+00   2.7553e+02
20251210_18:00:00   3.8707e-01   9.2622e+01   7.8824e+00   0.0000e+00   0.0000e+00   2.7640e+02
20251210_21:00:00   4.0250e-01   9.5612e+01   8.1219e+00   0.0000e+00   0.0000e+00   2.7818e+02
20251211_00:00:00   3.8105e-01   9.1721e+01   7.6608e+00   0.0000e+00   0.0000e+00   2.7885e+02
20251211_03:00:00   3.6102e-01   8.8002e+01   7.2517e+00   0.0000e+00   0.0000e+00   2.7837e+02
20251211_06:00:00   3.2971e-01   8.1786e+01   6.6719e+00   0.0000e+00   0.0000e+00   2.7699e+02
20251211_09:00:00   2.5288e-01   6.5912e+01   5.1441e+00   0.0000e+00   0.0000e+00   2.7380e+02
20251211_12:00:00   2.1145e-01   5.6897e+01   4.2978e+00   0.0000e+00   0.0000e+00   2.6979e+02
20251211_15:00:00   2.3771e-01   6.2612e+01   4.8539e+00   0.0000e+00   0.0000e+00   2.7041e+02
20251211_18:00:00   2.6903e-01   6.9192e+01   5.4653e+00   0.0000e+00   2.1098e-04   2.7299e+02
20251211_21:00:00   2.7621e-01   7.0726e+01   5.5919e+00   0.0000e+00   1.4694e-05   2.7298e+02
20251212_00:00:00   2.9513e-01   7.4395e+01   6.0020e+00   0.0000e+00   0.0000e+00   2.7734e+02
20251212_03:00:00   3.3935e-01   8.3123e+01   6.8384e+00   0.0000e+00   0.0000e+00   2.7597e+02
20251212_06:00:00   3.1894e-01   7.9380e+01   6.3297e+00   0.0000e+00   0.0000e+00   2.7556e+02
20251212_09:00:00   3.6102e-01   8.7459e+01   7.1676e+00   0.0000e+00   0.0000e+00   2.7467e+02
20251212_12:00:00   3.7874e-01   9.0810e+01   7.4988e+00   0.0000e+00   0.0000e+00   2.7785e+02
20251212_15:00:00   3.8284e-01   9.1644e+01   7.5490e+00   0.0000e+00   0.0000e+00   2.8257e+02
20251212_18:00:00   3.9465e-01   9.3756e+01   7.7372e+00   0.0000e+00   0.0000e+00   2.8821e+02
20251212_21:00:00   4.1050e-01   9.6673e+01   7.9753e+00   0.0000e+00   0.0000e+00   2.9096e+02
20251213_00:00:00   3.8583e-01   9.2354e+01   7.5321e+00   0.0000e+00   0.0000e+00   2.9429e+02
20251213_03:00:00   3.6264e-01   8.8008e+01   7.1401e+00   0.0000e+00   0.0000e+00   2.9291e+02
20251213_06:00:00   3.3756e-01   8.3384e+01   6.5263e+00   0.0000e+00   0.0000e+00   2.9351e+02
20251213_09:00:00   3.2548e-01   8.1120e+01   6.2166e+00   0.0000e+00   0.0000e+00   2.9122e+02
20251213_12:00:00   3.2132e-01   8.0355e+01   6.1258e+00   0.0000e+00   0.0000e+00   2.9048e+02
20251213_15:00:00   3.0860e-01   7.7767e+01   5.8960e+00   0.0000e+00   0.0000e+00   2.8845e+02
20251213_18:00:00   2.9222e-01   7.4378e+01   5.6540e+00   0.0000e+00   0.0000e+00   2.9080e+02
20251213_21:00:00   3.0734e-01   7.7251e+01   6.0072e+00   0.0000e+00   0.0000e+00   2.8724e+02
20251214_00:00:00   3.2170e-01   7.9948e+01   6.3647e+00   0.0000e+00   0.0000e+00   2.8763e+02
20251214_03:00:00   3.0472e-01   7.6628e+01   6.0087e+00   0.0000e+00   0.0000e+00   2.8772e+02
20251214_06:00:00   2.6272e-01   6.7665e+01   5.2706e+00   0.0000e+00   5.2682e-03   2.9172e+02
20251214_09:00:00   2.3159e-01   6.0731e+01   4.6584e+00   0.0000e+00   4.7402e-03   2.9010e+02
20251214_12:00:00   3.0047e-01   7.4668e+01   6.0801e+00   0.0000e+00   1.1935e-04   2.8685e+02
20251214_15:00:00   2.6400e-01   6.7841e+01   5.1541e+00   0.0000e+00   1.7664e-03   2.8670e+02
20251214_18:00:00   3.6998e-01   8.7292e+01   7.4153e+00   0.0000e+00   2.6385e-01   2.8502e+02
20251214_21:00:00   4.8385e-01   1.0691e+02   9.5958e+00   0.0000e+00   1.1681e-01   2.8561e+02
20251215_00:00:00   3.7092e-01   8.8635e+01   7.0268e+00   0.0000e+00   0.0000e+00   2.8597e+02
20251215_03:00:00   4.0021e-01   9.3870e+01   7.4793e+00   0.0000e+00   0.0000e+00   2.8980e+02
20251215_06:00:00   4.2152e-01   9.6935e+01   7.9177e+00   0.0000e+00   9.0720e-04   2.9109e+02
20251215_09:00:00   5.1991e-01   1.1332e+02   9.4118e+00   0.0000e+00   5.3716e-02   2.8878e+02
20251215_12:00:00   4.7080e-01   1.0514e+02   8.5414e+00   0.0000e+00   5.9441e-04   2.8994e+02
20251215_15:00:00   4.0744e-01   9.4354e+01   7.4778e+00   0.0000e+00   0.0000e+00   2.9122e+02
20251215_18:00:00   3.6555e-01   8.7004e+01   6.8184e+00   0.0000e+00   0.0000e+00   2.8895e+02
20251215_21:00:00   3.6181e-01   8.6944e+01   6.6423e+00   0.0000e+00   0.0000e+00   2.8563e+02
20251216_00:00:00   3.6199e-01   8.7184e+01   6.6384e+00   0.0000e+00   0.0000e+00   2.8536e+02
20251216_03:00:00   3.1205e-01   7.7262e+01   5.9587e+00   0.0000e+00   0.0000e+00   2.8533e+02
20251216_06:00:00   3.0757e-01   7.5986e+01   6.0450e+00   0.0000e+00   0.0000e+00   2.8780e+02
20251216_09:00:00   3.2925e-01   8.0259e+01   6.4433e+00   0.0000e+00   0.0000e+00   2.9034e+02
20251216_12:00:00   2.9891e-01   7.4582e+01   5.7867e+00   0.0000e+00   0.0000e+00   2.8828e+02
20251216_15:00:00   2.7453e-01   6.9647e+01   5.3864e+00   0.0000e+00   0.0000e+00   2.8308e+02
20251216_18:00:00   2.5980e-01   6.6823e+01   5.0502e+00   0.0000e+00   0.0000e+00   2.8315e+02
20251216_21:00:00   2.6121e-01   6.7472e+01   4.9701e+00   0.0000e+00   0.0000e+00   2.7631e+02
20251217_00:00:00   2.5820e-01   6.7125e+01   4.8726e+00   0.0000e+00   0.0000e+00   2.7671e+02
20251217_03:00:00   2.5923e-01   6.7468e+01   4.8963e+00   0.0000e+00   0.0000e+00   2.7531e+02
20251217_06:00:00   2.3616e-01   6.2543e+01   4.4639e+00   0.0000e+00   0.0000e+00   2.7224e+02
20251217_09:00:00   2.4395e-01   6.4123e+01   4.6270e+00   0.0000e+00   0.0000e+00   2.7258e+02
20251217_12:00:00   2.4030e-01   6.3373e+01   4.4820e+00   0.0000e+00   0.0000e+00   2.7554e+02
20251217_15:00:00   2.2904e-01   6.0891e+01   4.2864e+00   0.0000e+00   0.0000e+00   2.7438e+02
20251217_18:00:00   2.3559e-01   6.2126e+01   4.4730e+00   0.0000e+00   0.0000e+00   2.7641e+02
20251217_21:00:00   3.2739e-01   8.1154e+01   5.9803e+00   0.0000e+00   0.0000e+00   2.7683e+02
20251218_00:00:00   3.0205e-01   7.6153e+01   5.4640e+00   0.0000e+00   0.0000e+00   2.7521e+02
20251218_03:00:00   2.4449e-01   6.4177e+01   4.5453e+00   0.0000e+00   0.0000e+00   2.7593e+02
20251218_06:00:00   3.8622e-01   9.2865e+01   6.9033e+00   0.0000e+00   0.0000e+00   2.7187e+02
20251218_09:00:00   4.3924e-01   1.0238e+02   7.8168e+00   0.0000e+00   0.0000e+00   2.7231e+02
20251218_12:00:00   4.3757e-01   1.0213e+02   7.8274e+00   0.0000e+00   0.0000e+00   2.7319e+02
20251218_15:00:00   4.2809e-01   1.0040e+02   7.7415e+00   0.0000e+00   0.0000e+00   2.7438e+02
20251218_18:00:00   4.2025e-01   9.8860e+01   7.6632e+00   0.0000e+00   0.0000e+00   2.7486e+02
