#            date       tau255        Tb[K]      pwv[mm] lwp[kg*m^-2] iwp[kg*m^-2]       o3[DU]
20251207_12:00:00   3.3356e-01   8.1496e+01   6.5132e+00   0.0000e+00   0.0000e+00   2.6997e+02
20251207_13:00:00   3.1389e-01   7.7533e+01   6.1716e+00   0.0000e+00   0.0000e+00   2.7242e+02
20251207_14:00:00   2.9245e-01   7.3267e+01   5.7565e+00   0.0000e+00   0.0000e+00   2.7351e+02
20251207_15:00:00   2.8172e-01   7.1112e+01   5.5399e+00   0.0000e+00   0.0000e+00   2.7381e+02
20251207_16:00:00   2.7098e-01   6.8968e+01   5.3286e+00   0.0000e+00   0.0000e+00   2.7319e+02
20251207_17:00:00   2.5969e-01   6.6647e+01   5.1112e+00   0.0000e+00   0.0000e+00   2.7369e+02
20251207_18:00:00   2.5514e-01   6.5677e+01   5.0359e+00   0.0000e+00   0.0000e+00   2.7431e+02
20251207_19:00:00   2.5571e-01   6.5766e+01   5.0604e+00   0.0000e+00   0.0000e+00   2.7297e+02
20251207_20:00:00   2.5561e-01   6.5709e+01   5.0751e+00   0.0000e+00   0.0000e+00   2.7081e+02
20251207_21:00:00   2.5144e-01   6.4819e+01   5.0095e+00   0.0000e+00   0.0000e+00   2.6970e+02
20251207_22:00:00   2.3897e-01   6.2183e+01   4.7735e+00   0.0000e+00   0.0000e+00   2.6870e+02
20251207_23:00:00   2.2560e-01   5.9349e+01   4.5095e+00   0.0000e+00   0.0000e+00   2.7009e+02
20251208_00:00:00   2.1911e-01   5.7987e+01   4.3739e+00   0.0000e+00   0.0000e+00   2.6934e+02
20251208_01:00:00   2.1303e-01   5.6692e+01   4.2452e+00   0.0000e+00   0.0000e+00   2.6905e+02
20251208_02:00:00   2.0555e-01   5.5059e+01   4.0915e+00   0.0000e+00   0.0000e+00   2.7074e+02
20251208_03:00:00   1.9793e-01   5.3381e+01   3.9335e+00   0.0000e+00   0.0000e+00   2.7089e+02
20251208_04:00:00   1.9247e-01   5.2211e+01   3.8158e+00   0.0000e+00   0.0000e+00   2.6987e+02
20251208_05:00:00   1.9071e-01   5.1849e+01   3.7769e+00   0.0000e+00   0.0000e+00   2.7074e+02
20251208_06:00:00   1.9018e-01   5.1746e+01   3.7616e+00   0.0000e+00   0.0000e+00   2.7143e+02
20251208_07:00:00   1.8956e-01   5.1619e+01   3.7480e+00   0.0000e+00   0.0000e+00   2.7255e+02
20251208_08:00:00   1.8995e-01   5.1731e+01   3.7530e+00   0.0000e+00   0.0000e+00   2.7319e+02
20251208_09:00:00   1.9009e-01   5.1778e+01   3.7576e+00   0.0000e+00   0.0000e+00   2.7304e+02
20251208_10:00:00   1.9011e-01   5.1770e+01   3.7637e+00   0.0000e+00   0.0000e+00   2.7221e+02
20251208_11:00:00   1.9170e-01   5.2089e+01   3.8021e+00   0.0000e+00   0.0000e+00   2.7433e+02
20251208_12:00:00   1.9551e-01   5.2923e+01   3.8764e+00   0.0000e+00   0.0000e+00   2.7637e+02
20251208_13:00:00   2.0579e-01   5.5202e+01   4.0854e+00   0.0000e+00   0.0000e+00   2.7724e+02
20251208_14:00:00   2.2111e-01   5.8599e+01   4.3872e+00   0.0000e+00   0.0000e+00   2.7543e+02
20251208_15:00:00   2.4323e-01   6.3339e+01   4.8269e+00   0.0000e+00   0.0000e+00   2.7797e+02
20251208_16:00:00   2.5888e-01   6.6639e+01   5.1295e+00   0.0000e+00   0.0000e+00   2.8372e+02
20251208_17:00:00   2.6625e-01   6.8211e+01   5.2631e+00   0.0000e+00   0.0000e+00   2.8714e+02
20251208_18:00:00   2.7231e-01   6.9481e+01   5.3669e+00   0.0000e+00   0.0000e+00   2.9083e+02
20251208_19:00:00   2.6714e-01   6.8390e+01   5.2545e+00   0.0000e+00   0.0000e+00   2.9156e+02
20251208_20:00:00   2.6290e-01   6.7562e+01   5.1252e+00   0.0000e+00   0.0000e+00   2.9056e+02
20251208_21:00:00   2.5373e-01   6.5838e+01   4.8616e+00   0.0000e+00   0.0000e+00   2.9126e+02
20251208_22:00:00   2.2578e-01   6.0044e+01   4.2365e+00   0.0000e+00   0.0000e+00   2.9197e+02
20251208_23:00:00   1.8872e-01   5.1962e+01   3.4550e+00   0.0000e+00   0.0000e+00   2.9350e+02
20251209_00:00:00   1.7153e-01   4.8110e+01   3.0821e+00   0.0000e+00   0.0000e+00   2.9241e+02
20251209_01:00:00   1.7090e-01   4.8030e+01   3.0273e+00   0.0000e+00   0.0000e+00   2.9096e+02
20251209_02:00:00   1.6527e-01   4.6770e+01   2.9050e+00   0.0000e+00   0.0000e+00   2.9282e+02
20251209_03:00:00   1.5319e-01   4.3958e+01   2.6562e+00   0.0000e+00   0.0000e+00   2.9334e+02
20251209_04:00:00   1.5061e-01   4.3338e+01   2.6001e+00   0.0000e+00   0.0000e+00   2.9537e+02
20251209_05:00:00   1.4556e-01   4.2107e+01   2.5115e+00   0.0000e+00   0.0000e+00   2.9576e+02
20251209_06:00:00   1.4189e-01   4.1233e+01   2.4449e+00   0.0000e+00   0.0000e+00   2.9439e+02
20251209_07:00:00   1.3371e-01   3.9269e+01   2.2974e+00   0.0000e+00   0.0000e+00   2.9245e+02
20251209_08:00:00   1.2972e-01   3.8238e+01   2.2436e+00   0.0000e+00   0.0000e+00   2.9156e+02
20251209_09:00:00   1.2020e-01   3.5868e+01   2.0843e+00   0.0000e+00   0.0000e+00   2.9180e+02
20251209_10:00:00   1.1190e-01   3.3768e+01   1.9472e+00   0.0000e+00   0.0000e+00   2.9192e+02
20251209_11:00:00   1.0617e-01   3.2284e+01   1.8624e+00   0.0000e+00   0.0000e+00   2.8973e+02
20251209_12:00:00   1.0384e-01   3.1622e+01   1.8560e+00   0.0000e+00   0.0000e+00   2.8845e+02
20251209_13:00:00   1.1149e-01   3.3416e+01   2.0524e+00   0.0000e+00   0.0000e+00   2.8660e+02
20251209_14:00:00   1.1807e-01   3.4962e+01   2.2174e+00   0.0000e+00   0.0000e+00   2.8604e+02
20251209_15:00:00   1.2560e-01   3.6670e+01   2.4250e+00   0.0000e+00   0.0000e+00   2.8569e+02
20251209_16:00:00   1.3745e-01   3.9461e+01   2.6937e+00   0.0000e+00   0.0000e+00   2.8402e+02
20251209_17:00:00   1.4555e-01   4.1357e+01   2.8855e+00   0.0000e+00   0.0000e+00   2.8489e+02
20251209_18:00:00   1.5434e-01   4.3417e+01   3.0857e+00   0.0000e+00   0.0000e+00   2.8433e+02
20251209_19:00:00   1.6373e-01   4.5645e+01   3.2869e+00   0.0000e+00   0.0000e+00   2.8263e+02
20251209_20:00:00   1.7504e-01   4.8245e+01   3.5432e+00   0.0000e+00   0.0000e+00   2.8315e+02
20251209_21:00:00   1.8964e-01   5.1510e+01   3.8791e+00   0.0000e+00   0.0000e+00   2.8512e+02
20251209_22:00:00   1.9901e-01   5.3684e+01   4.0820e+00   0.0000e+00   0.0000e+00   2.8752e+02
20251209_23:00:00   2.0791e-01   5.5671e+01   4.2678e+00   0.0000e+00   0.0000e+00   2.8889e+02
20251210_00:00:00   2.1454e-01   5.7119e+01   4.4057e+00   0.0000e+00   0.0000e+00   2.9044e+02
20251210_01:00:00   2.2428e-01   5.9317e+01   4.6124e+00   0.0000e+00   0.0000e+00   2.8791e+02
20251210_02:00:00   2.3302e-01   6.1288e+01   4.7929e+00   0.0000e+00   0.0000e+00   2.8505e+02
20251210_03:00:00   2.4070e-01   6.2980e+01   4.9474e+00   0.0000e+00   0.0000e+00   2.8385e+02
20251210_04:00:00   2.4947e-01   6.4836e+01   5.1206e+00   0.0000e+00   0.0000e+00   2.8425e+02
20251210_05:00:00   2.6049e-01   6.7172e+01   5.3397e+00   0.0000e+00   0.0000e+00   2.8334e+02
20251210_06:00:00   2.7247e-01   6.9797e+01   5.5680e+00   0.0000e+00   0.0000e+00   2.7860e+02
20251210_07:00:00   2.8701e-01   7.2891e+01   5.8358e+00   0.0000e+00   0.0000e+00   2.7650e+02
20251210_08:00:00   3.0073e-01   7.5565e+01   6.1159e+00   0.0000e+00   0.0000e+00   2.7848e+02
20251210_09:00:00   3.0997e-01   7.7444e+01   6.3132e+00   0.0000e+00   0.0000e+00   2.7999e+02
20251210_10:00:00   3.2800e-01   8.0978e+01   6.6730e+00   0.0000e+00   0.0000e+00   2.7955e+02
20251210_11:00:00   3.4872e-01   8.5000e+01   7.0769e+00   0.0000e+00   0.0000e+00   2.7737e+02
20251210_12:00:00   3.5323e-01   8.6043e+01   7.1596e+00   0.0000e+00   0.0000e+00   2.7698e+02
20251210_13:00:00   3.5120e-01   8.5798e+01   7.1271e+00   0.0000e+00   0.0000e+00   2.7685e+02
20251210_14:00:00   3.4593e-01   8.4694e+01   7.0267e+00   0.0000e+00   0.0000e+00   2.7949e+02
20251210_15:00:00   3.3524e-01   8.2573e+01   6.8087e+00   0.0000e+00   0.0000e+00   2.8267e+02
20251210_16:00:00   3.2963e-01   8.1493e+01   6.6897e+00   0.0000e+00   0.0000e+00   2.8570e+02
20251210_17:00:00   3.2480e-01   8.0689e+01   6.5668e+00   0.0000e+00   0.0000e+00   2.8660e+02
20251210_18:00:00   3.2316e-01   8.0474e+01   6.5026e+00   0.0000e+00   0.0000e+00   2.8637e+02
20251210_19:00:00   3.2065e-01   8.0048e+01   6.4264e+00   0.0000e+00   0.0000e+00   2.8556e+02
20251210_20:00:00   3.1420e-01   7.8768e+01   6.2772e+00   0.0000e+00   0.0000e+00   2.8627e+02
20251210_21:00:00   3.1023e-01   7.7977e+01   6.1789e+00   0.0000e+00   0.0000e+00   2.8592e+02
20251210_22:00:00   3.1003e-01   7.8005e+01   6.1710e+00   0.0000e+00   0.0000e+00   2.8700e+02
20251210_23:00:00   3.0991e-01   7.8038e+01   6.1607e+00   0.0000e+00   0.0000e+00   2.8847e+02
20251211_00:00:00   3.0985e-01   7.8085e+01   6.1323e+00   0.0000e+00   0.0000e+00   2.8783e+02
20251211_01:00:00   3.1243e-01   7.8680e+01   6.1452e+00   0.0000e+00   0.0000e+00   2.8719e+02
20251211_02:00:00   3.1164e-01   7.8659e+01   6.0947e+00   0.0000e+00   0.0000e+00   2.8618e+02
20251211_03:00:00   3.0827e-01   7.8068e+01   5.9981e+00   0.0000e+00   0.0000e+00   2.8517e+02
20251211_04:00:00   3.0178e-01   7.6801e+01   5.8440e+00   0.0000e+00   0.0000e+00   2.8461e+02
20251211_05:00:00   2.8635e-01   7.3692e+01   5.5338e+00   0.0000e+00   0.0000e+00   2.8419e+02
20251211_06:00:00   2.7491e-01   7.1328e+01   5.2762e+00   0.0000e+00   0.0000e+00   2.8304e+02
20251211_07:00:00   2.6611e-01   6.9475e+01   5.0739e+00   0.0000e+00   0.0000e+00   2.8172e+02
20251211_08:00:00   2.5507e-01   6.7121e+01   4.8503e+00   0.0000e+00   0.0000e+00   2.8153e+02
20251211_09:00:00   2.4569e-01   6.5086e+01   4.6723e+00   0.0000e+00   0.0000e+00   2.8091e+02
20251211_10:00:00   2.3434e-01   6.2588e+01   4.4533e+00   0.0000e+00   0.0000e+00   2.7916e+02
20251211_11:00:00   2.1873e-01   5.9123e+01   4.1559e+00   0.0000e+00   0.0000e+00   2.7829e+02
20251211_12:00:00   2.0785e-01   5.6658e+01   3.9607e+00   0.0000e+00   0.0000e+00   2.7944e+02
20251211_13:00:00   2.0395e-01   5.5734e+01   3.8944e+00   0.0000e+00   0.0000e+00   2.8098e+02
20251211_14:00:00   1.9670e-01   5.4082e+01   3.7508e+00   0.0000e+00   0.0000e+00   2.8167e+02
20251211_15:00:00   1.8569e-01   5.1573e+01   3.5250e+00   0.0000e+00   0.0000e+00   2.8259e+02
20251211_16:00:00   1.7122e-01   4.8242e+01   3.2244e+00   0.0000e+00   0.0000e+00   2.8418e+02
20251211_17:00:00   1.5868e-01   4.5343e+01   2.9520e+00   0.0000e+00   0.0000e+00   2.8510e+02
20251211_18:00:00   1.5047e-01   4.3415e+01   2.7714e+00   0.0000e+00   0.0000e+00   2.8587e+02
20251211_19:00:00   1.5174e-01   4.3716e+01   2.7931e+00   0.0000e+00   0.0000e+00   2.8638e+02
20251211_20:00:00   1.6694e-01   4.7266e+01   3.1177e+00   0.0000e+00   0.0000e+00   2.8642e+02
20251211_21:00:00   2.0391e-01   5.5721e+01   3.8747e+00   0.0000e+00   0.0000e+00   2.8675e+02
20251211_22:00:00   2.4202e-01   6.4152e+01   4.6215e+00   0.0000e+00   0.0000e+00   2.8693e+02
20251211_23:00:00   2.6930e-01   6.9985e+01   5.1526e+00   0.0000e+00   0.0000e+00   2.8644e+02
20251212_00:00:00   2.9741e-01   7.5843e+01   5.7004e+00   0.0000e+00   0.0000e+00   2.8513e+02
20251212_01:00:00   3.2209e-01   8.0843e+01   6.1821e+00   0.0000e+00   0.0000e+00   2.8426e+02
20251212_02:00:00   3.3605e-01   8.3641e+01   6.4640e+00   0.0000e+00   0.0000e+00   2.8362e+02
20251212_03:00:00   3.4015e-01   8.4445e+01   6.5450e+00   0.0000e+00   0.0000e+00   2.8145e+02
20251212_04:00:00   3.3881e-01   8.4181e+01   6.5101e+00   0.0000e+00   0.0000e+00   2.8090e+02
20251212_05:00:00   3.3015e-01   8.2495e+01   6.3314e+00   0.0000e+00   0.0000e+00   2.7959e+02
20251212_06:00:00   3.2639e-01   8.1744e+01   6.2629e+00   0.0000e+00   0.0000e+00   2.7957e+02
20251212_07:00:00   3.3352e-01   8.3112e+01   6.4235e+00   0.0000e+00   0.0000e+00   2.8030e+02
20251212_08:00:00   3.3655e-01   8.3690e+01   6.5051e+00   0.0000e+00   0.0000e+00   2.8024e+02
20251212_09:00:00   3.3722e-01   8.3809e+01   6.5321e+00   0.0000e+00   0.0000e+00   2.8079e+02
20251212_10:00:00   3.3966e-01   8.4265e+01   6.5864e+00   0.0000e+00   0.0000e+00   2.8109e+02
20251212_11:00:00   3.3405e-01   8.3186e+01   6.4972e+00   0.0000e+00   0.0000e+00   2.8212e+02
20251212_12:00:00   3.2319e-01   8.1103e+01   6.2978e+00   0.0000e+00   0.0000e+00   2.8294e+02
20251212_15:00:00   3.1383e-01   7.9216e+01   6.0973e+00   0.0000e+00   0.0000e+00   2.8578e+02
20251212_18:00:00   3.1366e-01   7.9109e+01   6.0802e+00   0.0000e+00   0.0000e+00   2.8713e+02
20251212_21:00:00   2.9706e-01   7.5731e+01   5.7937e+00   0.0000e+00   2.9940e-05   2.9051e+02
20251213_00:00:00   2.8527e-01   7.3269e+01   5.5999e+00   0.0000e+00   1.6906e-03   2.8580e+02
20251213_03:00:00   2.9531e-01   7.5167e+01   5.8144e+00   0.0000e+00   2.5442e-03   2.7956e+02
20251213_06:00:00   2.7915e-01   7.1712e+01   5.5558e+00   0.0000e+00   7.9510e-03   2.7481e+02
20251213_09:00:00   2.7480e-01   7.0638e+01   5.5075e+00   0.0000e+00   6.4819e-03   2.7617e+02
20251213_12:00:00   2.7558e-01   7.0656e+01   5.5491e+00   0.0000e+00   3.1412e-03   2.7735e+02
20251213_15:00:00   2.8959e-01   7.3609e+01   5.7767e+00   0.0000e+00   4.6188e-04   2.8173e+02
20251213_18:00:00   2.9430e-01   7.4662e+01   5.8198e+00   0.0000e+00   0.0000e+00   2.8102e+02
20251213_21:00:00   2.9100e-01   7.4007e+01   5.7431e+00   0.0000e+00   3.9540e-05   2.7662e+02
20251214_00:00:00   2.9350e-01   7.4427e+01   5.8214e+00   0.0000e+00   1.0106e-03   2.7127e+02
20251214_03:00:00   2.9028e-01   7.3539e+01   5.8473e+00   0.0000e+00   1.0019e-03   2.6750e+02
20251214_06:00:00   2.8289e-01   7.1950e+01   5.7191e+00   0.0000e+00   1.0720e-04   2.6976e+02
20251214_09:00:00   2.7569e-01   7.0259e+01   5.6259e+00   0.0000e+00   2.6337e-04   2.6091e+02
20251214_12:00:00   3.1898e-01   7.8679e+01   6.5202e+00   0.0000e+00   6.3604e-02   2.5838e+02
20251214_15:00:00   3.2408e-01   7.9397e+01   6.6919e+00   0.0000e+00   3.6744e-02   2.5771e+02
20251214_18:00:00   3.4029e-01   8.2857e+01   6.9099e+00   0.0000e+00   3.1225e-02   2.6013e+02
20251214_21:00:00   3.7500e-01   8.9493e+01   7.4926e+00   0.0000e+00   4.9777e-02   2.6158e+02
20251215_00:00:00   4.0627e-01   9.5436e+01   8.0409e+00   0.0000e+00   5.3783e-03   2.6412e+02
20251215_03:00:00   4.0345e-01   9.5278e+01   7.8778e+00   0.0000e+00   6.2425e-03   2.6298e+02
20251215_06:00:00   3.7372e-01   9.0089e+01   7.2058e+00   0.0000e+00   1.2617e-03   2.6567e+02
20251215_09:00:00   3.5476e-01   8.6473e+01   6.8592e+00   0.0000e+00   9.3223e-03   2.6554e+02
20251215_12:00:00   3.7062e-01   8.9233e+01   7.2294e+00   0.0000e+00   1.2762e-02   2.6682e+02
20251215_15:00:00   3.8769e-01   9.2424e+01   7.5396e+00   0.0000e+00   1.3747e-02   2.6715e+02
20251215_18:00:00   3.7255e-01   8.9605e+01   7.2828e+00   0.0000e+00   1.8120e-02   2.6577e+02
20251215_21:00:00   3.7586e-01   9.0007e+01   7.3468e+00   0.0000e+00   1.2215e-01   2.6586e+02
20251216_00:00:00   3.5989e-01   8.7036e+01   7.0981e+00   0.0000e+00   2.1435e-02   2.6715e+02
20251216_03:00:00   3.6739e-01   8.8191e+01   7.3374e+00   0.0000e+00   1.3812e-02   2.6645e+02
20251216_06:00:00   3.7988e-01   9.0249e+01   7.7229e+00   0.0000e+00   1.1090e-02   2.6984e+02
20251216_09:00:00   3.9068e-01   9.2067e+01   7.9873e+00   0.0000e+00   2.5987e-02   2.6940e+02
20251216_12:00:00   4.0653e-01   9.4734e+01   8.3324e+00   0.0000e+00   4.4206e-02   2.6748e+02
20251216_15:00:00   4.1621e-01   9.6185e+01   8.5395e+00   0.0000e+00   8.1316e-02   2.6851e+02
20251216_18:00:00   4.5501e-01   1.0249e+02   9.3237e+00   0.0000e+00   2.0722e-01   2.6704e+02
20251216_21:00:00   4.8588e-01   1.0744e+02   1.0021e+01   0.0000e+00   9.3531e-02   2.6352e+02
20251217_00:00:00   5.4300e-01   1.1676e+02   1.1173e+01   0.0000e+00   3.2843e-02   2.5892e+02
20251217_03:00:00   5.7090e-01   1.2127e+02   1.1635e+01   0.0000e+00   4.4901e-02   2.5996e+02
20251217_06:00:00   5.6477e-01   1.2061e+02   1.1466e+01   0.0000e+00   5.3828e-02   2.6034e+02
20251217_09:00:00   5.4237e-01   1.1752e+02   1.0902e+01   0.0000e+00   4.4523e-02   2.6522e+02
20251217_12:00:00   5.0435e-01   1.1213e+02   9.9064e+00   0.0000e+00   1.5953e-04   2.6988e+02
20251217_15:00:00   4.5887e-01   1.0480e+02   8.9840e+00   0.0000e+00   0.0000e+00   2.7042e+02
20251217_18:00:00   3.8693e-01   9.2567e+01   7.5037e+00   0.0000e+00   0.0000e+00   2.6606e+02
20251217_21:00:00   3.1342e-01   7.8541e+01   6.0531e+00   0.0000e+00   0.0000e+00   2.6128e+02
20251218_00:00:00   2.8190e-01   7.2136e+01   5.3928e+00   0.0000e+00   0.0000e+00   2.6450e+02
20251218_03:00:00   2.0722e-01   5.6090e+01   3.9632e+00   0.0000e+00   0.0000e+00   2.6360e+02
20251218_06:00:00   1.6207e-01   4.5769e+01   3.0641e+00   0.0000e+00   0.0000e+00   2.6498e+02
20251218_09:00:00   1.5284e-01   4.3352e+01   2.9682e+00   0.0000e+00   0.0000e+00   2.6449e+02
20251218_12:00:00   1.8127e-01   4.9505e+01   3.6966e+00   0.0000e+00   0.0000e+00   2.6842e+02
20251218_15:00:00   2.6669e-01   6.7480e+01   5.6261e+00   0.0000e+00   0.0000e+00   2.6835e+02
20251218_18:00:00   3.5939e-01   8.6188e+01   7.3965e+00   0.0000e+00   0.0000e+00   2.7069e+02
20251218_21:00:00   3.9931e-01   9.3907e+01   8.1157e+00   0.0000e+00   6.7320e-05   2.6923e+02
20251219_00:00:00   4.2238e-01   9.8255e+01   8.5312e+00   0.0000e+00   0.0000e+00   2.6613e+02
20251219_03:00:00   4.7734e-01   1.0802e+02   9.4702e+00   0.0000e+00   0.0000e+00   2.6705e+02
20251219_06:00:00   5.2614e-01   1.1627e+02   1.0296e+01   0.0000e+00   0.0000e+00   2.6646e+02
20251219_09:00:00   5.0129e-01   1.1237e+02   9.8611e+00   0.0000e+00   0.0000e+00   2.6312e+02
20251219_12:00:00   4.5587e-01   1.0454e+02   9.0728e+00   0.0000e+00   0.0000e+00   2.6252e+02
20251219_15:00:00   4.9529e-01   1.1122e+02   9.6697e+00   0.0000e+00   0.0000e+00   2.6349e+02
20251219_18:00:00   4.1988e-01   9.8246e+01   8.3834e+00   0.0000e+00   0.0000e+00   2.6794e+02
20251219_21:00:00   4.0585e-01   9.5592e+01   8.0883e+00   0.0000e+00   0.0000e+00   2.6794e+02
20251220_00:00:00   4.6358e-01   1.0611e+02   9.0365e+00   0.0000e+00   0.0000e+00   2.6565e+02
20251220_03:00:00   5.3551e-01   1.1790e+02   1.0197e+01   0.0000e+00   0.0000e+00   2.6758e+02
20251220_06:00:00   5.5586e-01   1.2139e+02   1.0566e+01   0.0000e+00   2.0840e-04   2.6697e+02
20251220_09:00:00   5.6909e-01   1.2313e+02   1.0734e+01   0.0000e+00   1.3934e-04   2.6443e+02
20251220_12:00:00   6.1535e-01   1.3005e+02   1.1458e+01   0.0000e+00   2.1202e-03   2.6348e+02
20251220_15:00:00   5.9827e-01   1.2771e+02   1.1061e+01   0.0000e+00   6.5541e-04   2.6456e+02
20251220_18:00:00   6.2017e-01   1.3059e+02   1.1412e+01   0.0000e+00   5.0240e-04   2.6368e+02
20251220_21:00:00   6.2871e-01   1.3147e+02   1.1619e+01   0.0000e+00   0.0000e+00   2.6520e+02
20251221_00:00:00   5.8808e-01   1.2560e+02   1.1005e+01   0.0000e+00   0.0000e+00   2.6554e+02
20251221_03:00:00   5.8565e-01   1.2528e+02   1.0951e+01   0.0000e+00   2.5480e-05   2.6814e+02
20251221_06:00:00   5.5952e-01   1.2155e+02   1.0317e+01   0.0000e+00   0.0000e+00   2.6638e+02
20251221_09:00:00   5.4066e-01   1.1876e+02   9.8197e+00   0.0000e+00   0.0000e+00   2.6817e+02
20251221_12:00:00   4.8934e-01   1.1061e+02   8.7383e+00   0.0000e+00   0.0000e+00   2.7013e+02
20251221_15:00:00   4.0985e-01   9.6970e+01   7.2211e+00   0.0000e+00   0.0000e+00   2.7271e+02
20251221_18:00:00   3.4786e-01   8.5506e+01   6.2576e+00   0.0000e+00   0.0000e+00   2.6995e+02
20251221_21:00:00   3.4008e-01   8.4134e+01   6.0773e+00   0.0000e+00   0.0000e+00   2.6775e+02
20251222_00:00:00   3.5631e-01   8.7272e+01   6.4588e+00   0.0000e+00   0.0000e+00   2.6403e+02
20251222_03:00:00   3.3602e-01   8.3337e+01   6.2598e+00   0.0000e+00   0.0000e+00   2.6169e+02
20251222_06:00:00   3.1574e-01   7.9247e+01   6.1374e+00   0.0000e+00   0.0000e+00   2.6273e+02
20251222_09:00:00   3.2652e-01   8.1452e+01   6.3778e+00   0.0000e+00   0.0000e+00   2.6636e+02
20251222_12:00:00   3.0750e-01   7.7683e+01   6.0267e+00   0.0000e+00   0.0000e+00   2.6455e+02
20251222_15:00:00   3.1881e-01   7.9942e+01   6.2892e+00   0.0000e+00   0.0000e+00   2.6103e+02
20251222_18:00:00   3.3221e-01   8.2556e+01   6.7475e+00   0.0000e+00   0.0000e+00   2.6375e+02
20251222_21:00:00   3.5358e-01   8.6768e+01   7.1900e+00   0.0000e+00   0.0000e+00   2.6005e+02
20251223_00:00:00   3.7582e-01   9.1053e+01   7.6784e+00   0.0000e+00   0.0000e+00   2.6164e+02
20251223_03:00:00   4.3750e-01   1.0269e+02   8.7932e+00   0.0000e+00   0.0000e+00   2.6426e+02
20251223_06:00:00   4.5367e-01   1.0569e+02   9.1005e+00   0.0000e+00   0.0000e+00   2.6200e+02
20251223_09:00:00   4.1117e-01   9.7961e+01   8.3412e+00   0.0000e+00   0.0000e+00   2.5928e+02
20251223_12:00:00   3.6320e-01   8.8942e+01   7.4121e+00   0.0000e+00   0.0000e+00   2.6058e+02
