#            date       tau255        Tb[K]      pwv[mm] lwp[kg*m^-2] iwp[kg*m^-2]       o3[DU]
20251209_06:00:00   1.2912e-01   3.8045e+01   2.2555e+00   0.0000e+00   0.0000e+00   2.9181e+02
20251209_07:00:00   1.2124e-01   3.6107e+01   2.1207e+00   0.0000e+00   0.0000e+00   2.9076e+02
20251209_08:00:00   1.2121e-01   3.6075e+01   2.1386e+00   0.0000e+00   0.0000e+00   2.8945e+02
20251209_09:00:00   1.2286e-01   3.6440e+01   2.2012e+00   0.0000e+00   0.0000e+00   2.9164e+02
20251209_10:00:00   1.2279e-01   3.6423e+01   2.2066e+00   0.0000e+00   0.0000e+00   2.9135e+02
20251209_11:00:00   1.1645e-01   3.4872e+01   2.0829e+00   0.0000e+00   0.0000e+00   2.9098e+02
20251209_12:00:00   1.1069e-01   3.3441e+01   1.9714e+00   0.0000e+00   0.0000e+00   2.8812e+02
20251209_13:00:00   1.0673e-01   3.2430e+01   1.9033e+00   0.0000e+00   0.0000e+00   2.8574e+02
20251209_14:00:00   1.0730e-01   3.2526e+01   1.9351e+00   0.0000e+00   0.0000e+00   2.8386e+02
20251209_15:00:00   1.1073e-01   3.3341e+01   2.0195e+00   0.0000e+00   0.0000e+00   2.8364e+02
20251209_16:00:00   1.1163e-01   3.3561e+01   2.0472e+00   0.0000e+00   0.0000e+00   2.8597e+02
20251209_17:00:00   1.1250e-01   3.3747e+01   2.0827e+00   0.0000e+00   0.0000e+00   2.8631e+02
20251209_18:00:00   1.1684e-01   3.4784e+01   2.1934e+00   0.0000e+00   0.0000e+00   2.8652e+02
20251209_19:00:00   1.2275e-01   3.6163e+01   2.3450e+00   0.0000e+00   0.0000e+00   2.8646e+02
20251209_20:00:00   1.2928e-01   3.7709e+01   2.5058e+00   0.0000e+00   0.0000e+00   2.8788e+02
20251209_21:00:00   1.3518e-01   3.9129e+01   2.6426e+00   0.0000e+00   0.0000e+00   2.8708e+02
20251209_22:00:00   1.3949e-01   4.0203e+01   2.7386e+00   0.0000e+00   0.0000e+00   2.8611e+02
20251209_23:00:00   1.4550e-01   4.1673e+01   2.8637e+00   0.0000e+00   0.0000e+00   2.8604e+02
20251210_00:00:00   1.5441e-01   4.3834e+01   3.0447e+00   0.0000e+00   0.0000e+00   2.8429e+02
20251210_01:00:00   1.6636e-01   4.6672e+01   3.2905e+00   0.0000e+00   0.0000e+00   2.8361e+02
20251210_02:00:00   1.7865e-01   4.9560e+01   3.5445e+00   0.0000e+00   0.0000e+00   2.8403e+02
20251210_03:00:00   1.9143e-01   5.2508e+01   3.8152e+00   0.0000e+00   0.0000e+00   2.8802e+02
20251210_04:00:00   2.0151e-01   5.4761e+01   4.0372e+00   0.0000e+00   0.0000e+00   2.8935e+02
20251210_05:00:00   2.1015e-01   5.6656e+01   4.2361e+00   0.0000e+00   0.0000e+00   2.8858e+02
20251210_06:00:00   2.1738e-01   5.8221e+01   4.3925e+00   0.0000e+00   0.0000e+00   2.8929e+02
20251210_07:00:00   2.2517e-01   5.9895e+01   4.5502e+00   0.0000e+00   0.0000e+00   2.9032e+02
20251210_08:00:00   2.3451e-01   6.1868e+01   4.7385e+00   0.0000e+00   0.0000e+00   2.8889e+02
20251210_09:00:00   2.4409e-01   6.3860e+01   4.9401e+00   0.0000e+00   0.0000e+00   2.8388e+02
20251210_10:00:00   2.5078e-01   6.5234e+01   5.0965e+00   0.0000e+00   0.0000e+00   2.8071e+02
20251210_11:00:00   2.5615e-01   6.6361e+01   5.2345e+00   0.0000e+00   0.0000e+00   2.7900e+02
20251210_12:00:00   2.6731e-01   6.8656e+01   5.4930e+00   0.0000e+00   0.0000e+00   2.7948e+02
20251210_13:00:00   2.7240e-01   6.9778e+01   5.5971e+00   0.0000e+00   0.0000e+00   2.8018e+02
20251210_14:00:00   2.6523e-01   6.8403e+01   5.4304e+00   0.0000e+00   0.0000e+00   2.8211e+02
20251210_15:00:00   2.5535e-01   6.6328e+01   5.2252e+00   0.0000e+00   0.0000e+00   2.8345e+02
20251210_16:00:00   2.4941e-01   6.5085e+01   5.0882e+00   0.0000e+00   0.0000e+00   2.8600e+02
20251210_17:00:00   2.4383e-01   6.4030e+01   4.9276e+00   0.0000e+00   0.0000e+00   2.8814e+02
20251210_18:00:00   2.3703e-01   6.2719e+01   4.7521e+00   0.0000e+00   0.0000e+00   2.8847e+02
20251210_19:00:00   2.2921e-01   6.1099e+01   4.5725e+00   0.0000e+00   0.0000e+00   2.8736e+02
20251210_20:00:00   2.2552e-01   6.0312e+01   4.4786e+00   0.0000e+00   0.0000e+00   2.8781e+02
20251210_21:00:00   2.2394e-01   5.9990e+01   4.4285e+00   0.0000e+00   0.0000e+00   2.8556e+02
20251210_22:00:00   2.2335e-01   5.9921e+01   4.3887e+00   0.0000e+00   0.0000e+00   2.8384e+02
20251210_23:00:00   2.2256e-01   5.9822e+01   4.3447e+00   0.0000e+00   0.0000e+00   2.8377e+02
20251211_00:00:00   2.1935e-01   5.9175e+01   4.2598e+00   0.0000e+00   0.0000e+00   2.8308e+02
20251211_01:00:00   2.1156e-01   5.7502e+01   4.0950e+00   0.0000e+00   0.0000e+00   2.8264e+02
20251211_02:00:00   2.0300e-01   5.5636e+01   3.9084e+00   0.0000e+00   0.0000e+00   2.8326e+02
20251211_03:00:00   1.9336e-01   5.3479e+01   3.6938e+00   0.0000e+00   0.0000e+00   2.8413e+02
20251211_04:00:00   1.8715e-01   5.2060e+01   3.5461e+00   0.0000e+00   0.0000e+00   2.8439e+02
20251211_05:00:00   1.8517e-01   5.1609e+01   3.4922e+00   0.0000e+00   0.0000e+00   2.8554e+02
20251211_06:00:00   1.8398e-01   5.1345e+01   3.4589e+00   0.0000e+00   0.0000e+00   2.8620e+02
20251211_07:00:00   1.7957e-01   5.0338e+01   3.3655e+00   0.0000e+00   0.0000e+00   2.8668e+02
20251211_08:00:00   1.7554e-01   4.9386e+01   3.2818e+00   0.0000e+00   0.0000e+00   2.8605e+02
20251211_09:00:00   1.7079e-01   4.8269e+01   3.1868e+00   0.0000e+00   0.0000e+00   2.8418e+02
20251211_10:00:00   1.6657e-01   4.7276e+01   3.1010e+00   0.0000e+00   0.0000e+00   2.8054e+02
20251211_11:00:00   1.6338e-01   4.6506e+01   3.0338e+00   0.0000e+00   0.0000e+00   2.7742e+02
20251211_12:00:00   1.6119e-01   4.5976e+01   2.9826e+00   0.0000e+00   0.0000e+00   2.7755e+02
20251211_13:00:00   1.5860e-01   4.5357e+01   2.9229e+00   0.0000e+00   0.0000e+00   2.7961e+02
20251211_14:00:00   1.5557e-01   4.4645e+01   2.8590e+00   0.0000e+00   0.0000e+00   2.8077e+02
20251211_15:00:00   1.5195e-01   4.3779e+01   2.7867e+00   0.0000e+00   0.0000e+00   2.7952e+02
20251211_16:00:00   1.4745e-01   4.2710e+01   2.6983e+00   0.0000e+00   0.0000e+00   2.7795e+02
20251211_17:00:00   1.4547e-01   4.2249e+01   2.6538e+00   0.0000e+00   0.0000e+00   2.7654e+02
20251211_18:00:00   1.4795e-01   4.2833e+01   2.6978e+00   0.0000e+00   0.0000e+00   2.7499e+02
20251211_19:00:00   1.5015e-01   4.3347e+01   2.7358e+00   0.0000e+00   0.0000e+00   2.7472e+02
20251211_20:00:00   1.5165e-01   4.3696e+01   2.7645e+00   0.0000e+00   0.0000e+00   2.7407e+02
20251211_21:00:00   1.5761e-01   4.5108e+01   2.8749e+00   0.0000e+00   0.0000e+00   2.7424e+02
20251211_22:00:00   1.6369e-01   4.6551e+01   2.9901e+00   0.0000e+00   0.0000e+00   2.7534e+02
20251211_23:00:00   1.7130e-01   4.8348e+01   3.1341e+00   0.0000e+00   0.0000e+00   2.7683e+02
20251212_00:00:00   1.8308e-01   5.1107e+01   3.3593e+00   0.0000e+00   0.0000e+00   2.7830e+02
20251212_01:00:00   2.0326e-01   5.5741e+01   3.7425e+00   0.0000e+00   0.0000e+00   2.7842e+02
20251212_02:00:00   2.3150e-01   6.2034e+01   4.2859e+00   0.0000e+00   0.0000e+00   2.7722e+02
20251212_03:00:00   2.5424e-01   6.6959e+01   4.7268e+00   0.0000e+00   0.0000e+00   2.7629e+02
20251212_04:00:00   2.7065e-01   7.0430e+01   5.0462e+00   0.0000e+00   0.0000e+00   2.7341e+02
20251212_05:00:00   2.8457e-01   7.3326e+01   5.3127e+00   0.0000e+00   0.0000e+00   2.7251e+02
20251212_06:00:00   2.9368e-01   7.5172e+01   5.4843e+00   0.0000e+00   0.0000e+00   2.7495e+02
20251212_07:00:00   3.0245e-01   7.6906e+01   5.6535e+00   0.0000e+00   0.0000e+00   2.7619e+02
20251212_08:00:00   3.1068e-01   7.8510e+01   5.8019e+00   0.0000e+00   0.0000e+00   2.7608e+02
20251212_09:00:00   3.0761e-01   7.7878e+01   5.7563e+00   0.0000e+00   0.0000e+00   2.7593e+02
20251212_10:00:00   3.0071e-01   7.6459e+01   5.6450e+00   0.0000e+00   0.0000e+00   2.7544e+02
20251212_11:00:00   2.9470e-01   7.5198e+01   5.5413e+00   0.0000e+00   0.0000e+00   2.7531e+02
20251212_12:00:00   2.8971e-01   7.4134e+01   5.4558e+00   0.0000e+00   0.0000e+00   2.7442e+02
20251212_13:00:00   2.8449e-01   7.3014e+01   5.3592e+00   0.0000e+00   0.0000e+00   2.7505e+02
20251212_14:00:00   2.7739e-01   7.1537e+01   5.2367e+00   0.0000e+00   0.0000e+00   2.7729e+02
20251212_15:00:00   2.7199e-01   7.0389e+01   5.1409e+00   0.0000e+00   0.0000e+00   2.7867e+02
20251212_16:00:00   2.7359e-01   7.0669e+01   5.1749e+00   0.0000e+00   0.0000e+00   2.8070e+02
20251212_17:00:00   2.5926e-01   6.7751e+01   4.9047e+00   0.0000e+00   0.0000e+00   2.8057e+02
20251212_18:00:00   2.5143e-01   6.6124e+01   4.7572e+00   0.0000e+00   0.0000e+00   2.8150e+02
20251212_19:00:00   2.5299e-01   6.6411e+01   4.7788e+00   0.0000e+00   0.0000e+00   2.8178e+02
20251212_20:00:00   2.4753e-01   6.5291e+01   4.6634e+00   0.0000e+00   0.0000e+00   2.8277e+02
20251212_21:00:00   2.6229e-01   6.8351e+01   4.9311e+00   0.0000e+00   0.0000e+00   2.8212e+02
20251212_22:00:00   2.5997e-01   6.7927e+01   4.8696e+00   0.0000e+00   3.2040e-06   2.8018e+02
20251212_23:00:00   2.6103e-01   6.8150e+01   4.8801e+00   0.0000e+00   1.4749e-04   2.8104e+02
20251213_00:00:00   2.5627e-01   6.7154e+01   4.7966e+00   0.0000e+00   2.4240e-03   2.8235e+02
20251213_01:00:00   2.7284e-01   7.0520e+01   5.1194e+00   0.0000e+00   3.0049e-03   2.8451e+02
20251213_02:00:00   2.7187e-01   7.0289e+01   5.1285e+00   0.0000e+00   2.9485e-03   2.8518e+02
20251213_03:00:00   2.5987e-01   6.7743e+01   4.9464e+00   0.0000e+00   5.0650e-03   2.8432e+02
20251213_04:00:00   2.6232e-01   6.8195e+01   5.0208e+00   0.0000e+00   2.6762e-03   2.8177e+02
20251213_05:00:00   2.6051e-01   6.7830e+01   4.9632e+00   0.0000e+00   2.5938e-03   2.8130e+02
20251213_06:00:00   2.5798e-01   6.7280e+01   4.9061e+00   0.0000e+00   2.6324e-03   2.8065e+02
20251213_07:00:00   2.5364e-01   6.6382e+01   4.7971e+00   0.0000e+00   1.7242e-03   2.7977e+02
20251213_08:00:00   2.4667e-01   6.4942e+01   4.6380e+00   0.0000e+00   8.0278e-04   2.7861e+02
20251213_09:00:00   2.4428e-01   6.4358e+01   4.6082e+00   0.0000e+00   1.6948e-03   2.7717e+02
20251213_10:00:00   2.3726e-01   6.2851e+01   4.4821e+00   0.0000e+00   1.0289e-03   2.7647e+02
20251213_11:00:00   2.3790e-01   6.2858e+01   4.5361e+00   0.0000e+00   1.8210e-03   2.7530e+02
20251213_12:00:00   2.3606e-01   6.2493e+01   4.4816e+00   0.0000e+00   7.9120e-05   2.7303e+02
20251213_13:00:00   2.4332e-01   6.4029e+01   4.6010e+00   0.0000e+00   7.0520e-05   2.7206e+02
20251213_14:00:00   2.3913e-01   6.3127e+01   4.5194e+00   0.0000e+00   0.0000e+00   2.7170e+02
20251213_15:00:00   2.4192e-01   6.3669e+01   4.5896e+00   0.0000e+00   1.6022e-06   2.7138e+02
20251213_16:00:00   2.3763e-01   6.2660e+01   4.5468e+00   0.0000e+00   4.1500e-05   2.7285e+02
20251213_17:00:00   2.4124e-01   6.3391e+01   4.6263e+00   0.0000e+00   4.7100e-05   2.7510e+02
20251213_18:00:00   2.4347e-01   6.3838e+01   4.6752e+00   0.0000e+00   2.1380e-05   2.7571e+02
20251213_19:00:00   2.4595e-01   6.4294e+01   4.7492e+00   0.0000e+00   1.7036e-04   2.7470e+02
20251213_20:00:00   2.4772e-01   6.4645e+01   4.7932e+00   0.0000e+00   5.6357e-04   2.7258e+02
20251213_21:00:00   2.5066e-01   6.5267e+01   4.8480e+00   0.0000e+00   4.2269e-04   2.7121e+02
20251213_22:00:00   2.4884e-01   6.4866e+01   4.8257e+00   0.0000e+00   6.5281e-04   2.7045e+02
20251213_23:00:00   2.4616e-01   6.4236e+01   4.8048e+00   0.0000e+00   1.4448e-03   2.7064e+02
20251214_00:00:00   2.4847e-01   6.4668e+01   4.8702e+00   0.0000e+00   1.5894e-03   2.7129e+02
20251214_01:00:00   2.4192e-01   6.3136e+01   4.7962e+00   0.0000e+00   9.4756e-03   2.7060e+02
20251214_02:00:00   2.3910e-01   6.2480e+01   4.7708e+00   0.0000e+00   7.4666e-03   2.7032e+02
20251214_03:00:00   2.3882e-01   6.2372e+01   4.7788e+00   0.0000e+00   4.0049e-03   2.7133e+02
20251214_04:00:00   2.3720e-01   6.2007e+01   4.7542e+00   0.0000e+00   5.6228e-03   2.7045e+02
20251214_05:00:00   2.3651e-01   6.1831e+01   4.7513e+00   0.0000e+00   4.8289e-03   2.7092e+02
20251214_06:00:00   2.3725e-01   6.1974e+01   4.7678e+00   0.0000e+00   6.1517e-03   2.7093e+02
20251214_09:00:00   2.5422e-01   6.5487e+01   5.0912e+00   0.0000e+00   8.0242e-03   2.7129e+02
20251214_12:00:00   2.4414e-01   6.3004e+01   4.9248e+00   0.0000e+00   6.9969e-02   2.7329e+02
20251214_15:00:00   2.8319e-01   7.0210e+01   5.9012e+00   0.0000e+00   1.2607e-01   2.7144e+02
20251214_18:00:00   2.8656e-01   7.1037e+01   6.0276e+00   0.0000e+00   8.1925e-02   2.6936e+02
20251214_21:00:00   3.0993e-01   7.6501e+01   6.3295e+00   0.0000e+00   1.3184e-05   2.6801e+02
20251215_00:00:00   3.3083e-01   8.1311e+01   6.5107e+00   0.0000e+00   0.0000e+00   2.6904e+02
20251215_03:00:00   2.9917e-01   7.5339e+01   5.7697e+00   0.0000e+00   0.0000e+00   2.6583e+02
20251215_06:00:00   2.6230e-01   6.7823e+01   4.9962e+00   0.0000e+00   0.0000e+00   2.6376e+02
20251215_09:00:00   2.5968e-01   6.7148e+01   4.9625e+00   0.0000e+00   0.0000e+00   2.6701e+02
20251215_12:00:00   2.6348e-01   6.7792e+01   5.0590e+00   0.0000e+00   1.5786e-04   2.6647e+02
20251215_15:00:00   2.7222e-01   6.9462e+01   5.2574e+00   0.0000e+00   0.0000e+00   2.6507e+02
20251215_18:00:00   2.4665e-01   6.4426e+01   4.6258e+00   0.0000e+00   0.0000e+00   2.7136e+02
20251215_21:00:00   2.3814e-01   6.2635e+01   4.4319e+00   0.0000e+00   0.0000e+00   2.7450e+02
20251216_00:00:00   2.1773e-01   5.8254e+01   4.0303e+00   0.0000e+00   0.0000e+00   2.6773e+02
20251216_03:00:00   2.1856e-01   5.8329e+01   4.1227e+00   0.0000e+00   0.0000e+00   2.6434e+02
20251216_06:00:00   2.0239e-01   5.4755e+01   3.8280e+00   0.0000e+00   0.0000e+00   2.6293e+02
20251216_09:00:00   1.8491e-01   5.0593e+01   3.5688e+00   0.0000e+00   0.0000e+00   2.6320e+02
20251216_12:00:00   2.1875e-01   5.7165e+01   4.4792e+00   0.0000e+00   3.3914e-03   2.6394e+02
20251216_15:00:00   2.2090e-01   5.7264e+01   4.6132e+00   0.0000e+00   1.5589e-02   2.6516e+02
20251216_18:00:00   2.3104e-01   5.9403e+01   4.8145e+00   0.0000e+00   9.8146e-04   2.6587e+02
20251216_21:00:00   2.7004e-01   6.8011e+01   5.4946e+00   0.0000e+00   1.1307e-02   2.6353e+02
20251217_00:00:00   2.9076e-01   7.2346e+01   5.8159e+00   0.0000e+00   3.0925e-04   2.6340e+02
20251217_03:00:00   1.9505e-01   5.2577e+01   3.7693e+00   0.0000e+00   0.0000e+00   2.6708e+02
20251217_06:00:00   2.1117e-01   5.6707e+01   3.8648e+00   0.0000e+00   0.0000e+00   2.7126e+02
20251217_09:00:00   2.0122e-01   5.4771e+01   3.5865e+00   0.0000e+00   0.0000e+00   2.6969e+02
20251217_12:00:00   1.6668e-01   4.6844e+01   2.8779e+00   0.0000e+00   0.0000e+00   2.7477e+02
20251217_15:00:00   1.1402e-01   3.4054e+01   1.9748e+00   0.0000e+00   0.0000e+00   2.8558e+02
20251217_18:00:00   1.0773e-01   3.2543e+01   1.8879e+00   0.0000e+00   0.0000e+00   2.9106e+02
20251217_21:00:00   1.3021e-01   3.7956e+01   2.3385e+00   0.0000e+00   0.0000e+00   2.9115e+02
20251218_00:00:00   1.2576e-01   3.6983e+01   2.2544e+00   0.0000e+00   0.0000e+00   2.9258e+02
20251218_03:00:00   1.3413e-01   3.8896e+01   2.4916e+00   0.0000e+00   5.9260e-05   2.8857e+02
20251218_06:00:00   1.5200e-01   4.3068e+01   2.9081e+00   0.0000e+00   1.8568e-05   2.8461e+02
20251218_09:00:00   1.6372e-01   4.5719e+01   3.2390e+00   0.0000e+00   5.6120e-06   2.8577e+02
20251218_12:00:00   1.7888e-01   4.9243e+01   3.5733e+00   0.0000e+00   0.0000e+00   2.8931e+02
20251218_15:00:00   1.6704e-01   4.6624e+01   3.3310e+00   0.0000e+00   0.0000e+00   2.9231e+02
20251218_18:00:00   1.3794e-01   3.9759e+01   2.7102e+00   0.0000e+00   1.0376e-05   2.9331e+02
20251218_21:00:00   1.3881e-01   3.9961e+01   2.7292e+00   0.0000e+00   2.0185e-04   2.9160e+02
20251219_00:00:00   1.5683e-01   4.4237e+01   3.1393e+00   0.0000e+00   2.3122e-03   2.8851e+02
20251219_03:00:00   1.8006e-01   4.9707e+01   3.6454e+00   0.0000e+00   2.0261e-03   2.8484e+02
20251219_06:00:00   2.1471e-01   5.7634e+01   4.3952e+00   0.0000e+00   1.2076e-04   2.8304e+02
20251219_09:00:00   2.3466e-01   6.2129e+01   4.7815e+00   0.0000e+00   0.0000e+00   2.8313e+02
20251219_12:00:00   2.5484e-01   6.6492e+01   5.1611e+00   0.0000e+00   0.0000e+00   2.7966e+02
20251219_15:00:00   3.0224e-01   7.6402e+01   6.1157e+00   0.0000e+00   0.0000e+00   2.7416e+02
20251219_18:00:00   3.4880e-01   8.5612e+01   7.0709e+00   0.0000e+00   0.0000e+00   2.7591e+02
20251219_21:00:00   3.5890e-01   8.7441e+01   7.2540e+00   0.0000e+00   0.0000e+00   2.7366e+02
20251220_00:00:00   3.4331e-01   8.4587e+01   6.8809e+00   0.0000e+00   0.0000e+00   2.7094e+02
20251220_03:00:00   3.3954e-01   8.3793e+01   6.8487e+00   0.0000e+00   0.0000e+00   2.6780e+02
20251220_06:00:00   3.2317e-01   8.0561e+01   6.4899e+00   0.0000e+00   0.0000e+00   2.6736e+02
20251220_09:00:00   3.1080e-01   7.8015e+01   6.2052e+00   0.0000e+00   0.0000e+00   2.7008e+02
20251220_12:00:00   2.9700e-01   7.5132e+01   5.9333e+00   0.0000e+00   0.0000e+00   2.7028e+02
20251220_15:00:00   2.9700e-01   7.4993e+01   5.9002e+00   0.0000e+00   0.0000e+00   2.7093e+02
20251220_18:00:00   3.0484e-01   7.6482e+01   6.0376e+00   0.0000e+00   0.0000e+00   2.6898e+02
20251220_21:00:00   3.2051e-01   7.9516e+01   6.3553e+00   0.0000e+00   0.0000e+00   2.6954e+02
20251221_00:00:00   3.1433e-01   7.8221e+01   6.2847e+00   0.0000e+00   4.6468e-04   2.7168e+02
20251221_03:00:00   3.0135e-01   7.5469e+01   6.0977e+00   0.0000e+00   6.1368e-03   2.6902e+02
20251221_06:00:00   2.9791e-01   7.4729e+01   6.0587e+00   0.0000e+00   2.9203e-05   2.7072e+02
20251221_09:00:00   2.7875e-01   7.1417e+01   5.4980e+00   0.0000e+00   0.0000e+00   2.6959e+02
20251221_12:00:00   2.4560e-01   6.4842e+01   4.7407e+00   0.0000e+00   0.0000e+00   2.7132e+02
20251221_15:00:00   2.0685e-01   5.6297e+01   4.0114e+00   0.0000e+00   0.0000e+00   2.6813e+02
20251221_18:00:00   1.9754e-01   5.4129e+01   3.8591e+00   0.0000e+00   0.0000e+00   2.6898e+02
20251221_21:00:00   1.8763e-01   5.1886e+01   3.6440e+00   0.0000e+00   0.0000e+00   2.7083e+02
20251222_00:00:00   1.7897e-01   4.9821e+01   3.5093e+00   0.0000e+00   0.0000e+00   2.6749e+02
20251222_03:00:00   1.5948e-01   4.5352e+01   3.1133e+00   0.0000e+00   0.0000e+00   2.6717e+02
20251222_06:00:00   1.4107e-01   4.1004e+01   2.7121e+00   0.0000e+00   0.0000e+00   2.7025e+02
20251222_09:00:00   1.3415e-01   3.9284e+01   2.5675e+00   0.0000e+00   0.0000e+00   2.8502e+02
20251222_12:00:00   1.3222e-01   3.8719e+01   2.5428e+00   0.0000e+00   0.0000e+00   2.9189e+02
20251222_15:00:00   1.3432e-01   3.9110e+01   2.6177e+00   0.0000e+00   0.0000e+00   2.9057e+02
20251222_18:00:00   1.4369e-01   4.1164e+01   2.8721e+00   0.0000e+00   0.0000e+00   2.8275e+02
20251222_21:00:00   1.4143e-01   4.0560e+01   2.8237e+00   0.0000e+00   0.0000e+00   2.7853e+02
20251223_00:00:00   1.3139e-01   3.8189e+01   2.5903e+00   0.0000e+00   0.0000e+00   2.7368e+02
20251223_03:00:00   1.1578e-01   3.4493e+01   2.2324e+00   0.0000e+00   0.0000e+00   2.6731e+02
20251223_06:00:00   1.0910e-01   3.3008e+01   2.0601e+00   0.0000e+00   0.0000e+00   2.5888e+02
20251223_09:00:00   1.1371e-01   3.4155e+01   2.1650e+00   0.0000e+00   1.7330e-04   2.5801e+02
20251223_12:00:00   1.1346e-01   3.4056e+01   2.1740e+00   0.0000e+00   0.0000e+00   2.5783e+02
20251223_15:00:00   1.1929e-01   3.5233e+01   2.3559e+00   0.0000e+00   0.0000e+00   2.6118e+02
20251223_18:00:00   1.2197e-01   3.5913e+01   2.4189e+00   0.0000e+00   0.0000e+00   2.6830e+02
20251223_21:00:00   1.4220e-01   4.0804e+01   2.8557e+00   0.0000e+00   0.0000e+00   2.6719e+02
20251224_00:00:00   1.5032e-01   4.2746e+01   3.0608e+00   0.0000e+00   0.0000e+00   2.6256e+02
20251224_03:00:00   1.8642e-01   5.0821e+01   3.9376e+00   0.0000e+00   1.0844e-03   2.6249e+02
20251224_06:00:00   2.1965e-01   5.7952e+01   4.7143e+00   0.0000e+00   1.5898e-03   2.5936e+02
20251224_09:00:00   2.0697e-01   5.5081e+01   4.4349e+00   0.0000e+00   1.6022e-06   2.6110e+02
20251224_12:00:00   1.7832e-01   4.9032e+01   3.7270e+00   0.0000e+00   0.0000e+00   2.6291e+02
20251224_15:00:00   1.7822e-01   4.9182e+01   3.6640e+00   0.0000e+00   0.0000e+00   2.6425e+02
20251224_18:00:00   1.5162e-01   4.3062e+01   3.0669e+00   0.0000e+00   0.0000e+00   2.6606e+02
20251224_21:00:00   1.6309e-01   4.5716e+01   3.2789e+00   0.0000e+00   0.0000e+00   2.6742e+02
20251225_00:00:00   1.4908e-01   4.2671e+01   2.8917e+00   0.0000e+00   0.0000e+00   2.7199e+02
20251225_03:00:00   1.3838e-01   4.0158e+01   2.6332e+00   0.0000e+00   5.5360e-05   2.7539e+02
20251225_06:00:00   1.6481e-01   4.5524e+01   3.3701e+00   0.0000e+00   2.2217e-02   2.7290e+02
