#            date       tau255        Tb[K]      pwv[mm] lwp[kg*m^-2] iwp[kg*m^-2]       o3[DU]
20251204_06:00:00   1.3907e-01   3.9445e+01   2.2459e+00   0.0000e+00   0.0000e+00   3.2544e+02
20251204_07:00:00   1.1990e-01   3.4876e+01   1.9302e+00   0.0000e+00   0.0000e+00   3.2418e+02
20251204_08:00:00   1.1038e-01   3.2585e+01   1.7658e+00   0.0000e+00   0.0000e+00   3.2397e+02
20251204_09:00:00   1.0976e-01   3.2435e+01   1.7520e+00   0.0000e+00   0.0000e+00   3.2307e+02
20251204_10:00:00   1.1016e-01   3.2493e+01   1.7716e+00   0.0000e+00   0.0000e+00   3.2374e+02
20251204_11:00:00   1.0625e-01   3.1409e+01   1.7587e+00   0.0000e+00   0.0000e+00   3.2320e+02
20251204_12:00:00   1.0977e-01   3.2130e+01   1.8724e+00   0.0000e+00   2.0180e-04   3.2190e+02
20251204_13:00:00   1.0394e-01   3.0649e+01   1.8064e+00   0.0000e+00   4.6320e-06   3.1979e+02
20251204_14:00:00   1.0327e-01   3.0414e+01   1.8288e+00   0.0000e+00   0.0000e+00   3.1910e+02
20251204_15:00:00   1.0646e-01   3.1174e+01   1.8950e+00   0.0000e+00   0.0000e+00   3.2236e+02
20251204_16:00:00   1.1575e-01   3.3417e+01   2.0666e+00   0.0000e+00   0.0000e+00   3.2589e+02
20251204_17:00:00   1.2078e-01   3.4669e+01   2.1517e+00   0.0000e+00   0.0000e+00   3.3101e+02
20251204_18:00:00   1.2953e-01   3.6738e+01   2.3144e+00   0.0000e+00   0.0000e+00   3.3241e+02
20251204_19:00:00   1.3733e-01   3.8576e+01   2.4526e+00   0.0000e+00   0.0000e+00   3.3214e+02
20251204_20:00:00   1.6118e-01   4.4154e+01   2.8355e+00   0.0000e+00   0.0000e+00   3.3438e+02
20251204_21:00:00   1.7521e-01   4.7405e+01   3.0732e+00   0.0000e+00   0.0000e+00   3.3367e+02
20251204_22:00:00   1.9095e-01   5.0969e+01   3.3404e+00   0.0000e+00   0.0000e+00   3.3373e+02
20251204_23:00:00   2.0217e-01   5.3432e+01   3.5416e+00   0.0000e+00   3.7840e-06   3.3157e+02
20251205_00:00:00   2.0815e-01   5.4694e+01   3.6731e+00   0.0000e+00   3.7069e-04   3.3004e+02
20251205_01:00:00   2.0132e-01   5.3140e+01   3.5901e+00   0.0000e+00   8.2804e-04   3.3136e+02
20251205_02:00:00   2.0278e-01   5.3340e+01   3.6608e+00   0.0000e+00   7.0443e-03   3.3143e+02
20251205_03:00:00   1.9122e-01   5.0543e+01   3.5201e+00   0.0000e+00   2.1560e-02   3.3133e+02
20251205_04:00:00   2.1348e-01   5.5344e+01   3.9371e+00   0.0000e+00   8.6101e-03   3.3293e+02
20251205_05:00:00   2.3376e-01   5.9721e+01   4.2952e+00   0.0000e+00   4.1712e-04   3.2986e+02
20251205_06:00:00   2.3680e-01   6.0350e+01   4.3575e+00   0.0000e+00   1.3724e-05   3.2325e+02
20251205_07:00:00   2.2871e-01   5.8734e+01   4.1787e+00   0.0000e+00   9.8020e-07   3.1780e+02
20251205_08:00:00   2.0753e-01   5.4233e+01   3.7925e+00   0.0000e+00   0.0000e+00   3.1574e+02
20251205_09:00:00   1.9136e-01   5.0745e+01   3.4983e+00   0.0000e+00   0.0000e+00   3.1417e+02
20251205_10:00:00   1.7372e-01   4.6839e+01   3.1877e+00   0.0000e+00   0.0000e+00   3.1106e+02
20251205_11:00:00   1.7322e-01   4.6763e+01   3.1949e+00   0.0000e+00   0.0000e+00   3.0748e+02
20251205_12:00:00   1.6727e-01   4.5439e+01   3.0906e+00   0.0000e+00   0.0000e+00   3.0399e+02
20251205_13:00:00   1.6987e-01   4.5942e+01   3.1764e+00   0.0000e+00   9.0220e-04   3.0148e+02
20251205_14:00:00   1.6178e-01   4.4121e+01   3.0485e+00   0.0000e+00   9.4062e-04   3.0130e+02
20251205_15:00:00   1.6253e-01   4.4185e+01   3.1132e+00   0.0000e+00   1.1017e-02   3.0065e+02
20251205_16:00:00   1.8278e-01   4.8371e+01   3.5961e+00   0.0000e+00   3.2715e-02   3.0016e+02
20251205_17:00:00   2.0960e-01   5.3955e+01   4.1736e+00   0.0000e+00   9.0622e-03   3.0049e+02
20251205_18:00:00   2.0765e-01   5.3676e+01   4.0941e+00   0.0000e+00   1.6914e-03   3.0111e+02
20251205_19:00:00   2.0296e-01   5.3062e+01   3.9202e+00   0.0000e+00   5.4900e-06   3.0207e+02
20251205_20:00:00   2.2424e-01   5.7855e+01   4.2655e+00   0.0000e+00   0.0000e+00   3.0088e+02
20251205_21:00:00   2.4830e-01   6.3018e+01   4.7075e+00   0.0000e+00   0.0000e+00   2.9979e+02
20251205_22:00:00   2.6063e-01   6.5707e+01   4.9229e+00   0.0000e+00   0.0000e+00   2.9768e+02
20251205_23:00:00   2.5460e-01   6.4729e+01   4.8126e+00   0.0000e+00   0.0000e+00   2.9562e+02
20251206_00:00:00   2.6579e-01   6.7012e+01   5.0097e+00   0.0000e+00   0.0000e+00   2.9478e+02
20251206_01:00:00   2.8071e-01   7.0183e+01   5.2987e+00   0.0000e+00   0.0000e+00   2.9277e+02
20251206_02:00:00   2.7045e-01   6.8259e+01   5.0872e+00   0.0000e+00   0.0000e+00   2.9046e+02
20251206_03:00:00   2.6978e-01   6.8174e+01   5.0560e+00   0.0000e+00   0.0000e+00   2.8978e+02
20251206_04:00:00   2.7245e-01   6.8801e+01   5.1199e+00   0.0000e+00   0.0000e+00   2.8908e+02
20251206_05:00:00   2.6659e-01   6.7612e+01   5.0310e+00   0.0000e+00   0.0000e+00   2.8809e+02
20251206_06:00:00   2.6337e-01   6.6980e+01   4.9946e+00   0.0000e+00   0.0000e+00   2.8747e+02
20251206_07:00:00   2.6598e-01   6.7531e+01   5.0542e+00   0.0000e+00   0.0000e+00   2.8616e+02
20251206_08:00:00   2.6590e-01   6.7523e+01   5.0806e+00   0.0000e+00   0.0000e+00   2.8467e+02
20251206_09:00:00   2.6409e-01   6.7172e+01   5.0807e+00   0.0000e+00   0.0000e+00   2.8455e+02
20251206_10:00:00   2.6954e-01   6.8310e+01   5.2201e+00   0.0000e+00   0.0000e+00   2.8405e+02
20251206_11:00:00   2.7425e-01   6.9277e+01   5.3760e+00   0.0000e+00   0.0000e+00   2.8295e+02
20251206_12:00:00   2.8436e-01   7.1304e+01   5.6044e+00   0.0000e+00   0.0000e+00   2.7929e+02
20251206_13:00:00   2.8946e-01   7.2313e+01   5.6983e+00   0.0000e+00   0.0000e+00   2.7789e+02
20251206_14:00:00   2.9889e-01   7.4207e+01   5.9014e+00   0.0000e+00   0.0000e+00   2.7642e+02
20251206_15:00:00   3.1058e-01   7.6549e+01   6.1394e+00   0.0000e+00   0.0000e+00   2.7595e+02
20251206_16:00:00   3.1255e-01   7.7008e+01   6.1648e+00   0.0000e+00   0.0000e+00   2.7555e+02
20251206_17:00:00   3.1198e-01   7.7040e+01   6.1156e+00   0.0000e+00   0.0000e+00   2.7507e+02
20251206_18:00:00   3.3089e-01   8.0778e+01   6.4440e+00   0.0000e+00   0.0000e+00   2.7515e+02
20251206_19:00:00   3.4756e-01   8.4052e+01   6.7272e+00   0.0000e+00   0.0000e+00   2.7508e+02
20251206_20:00:00   3.6339e-01   8.7123e+01   7.0023e+00   0.0000e+00   0.0000e+00   2.7500e+02
20251206_21:00:00   3.6175e-01   8.6935e+01   6.8919e+00   0.0000e+00   0.0000e+00   2.7421e+02
20251206_22:00:00   3.5166e-01   8.5160e+01   6.6231e+00   0.0000e+00   0.0000e+00   2.7484e+02
20251206_23:00:00   3.3883e-01   8.2882e+01   6.3359e+00   0.0000e+00   0.0000e+00   2.7472e+02
20251207_00:00:00   3.3922e-01   8.2953e+01   6.3657e+00   0.0000e+00   0.0000e+00   2.7335e+02
20251207_01:00:00   3.4888e-01   8.4608e+01   6.6398e+00   0.0000e+00   0.0000e+00   2.7219e+02
20251207_02:00:00   3.7500e-01   8.9558e+01   7.1611e+00   0.0000e+00   0.0000e+00   2.7095e+02
20251207_03:00:00   3.7959e-01   9.0669e+01   7.1650e+00   0.0000e+00   0.0000e+00   2.6920e+02
20251207_04:00:00   3.8425e-01   9.1583e+01   7.2860e+00   0.0000e+00   0.0000e+00   2.6992e+02
20251207_05:00:00   3.8270e-01   9.1332e+01   7.2607e+00   0.0000e+00   0.0000e+00   2.7126e+02
20251207_06:00:00   3.9063e-01   9.2719e+01   7.4213e+00   0.0000e+00   0.0000e+00   2.7171e+02
20251207_07:00:00   4.0044e-01   9.4436e+01   7.6448e+00   0.0000e+00   0.0000e+00   2.7170e+02
20251207_08:00:00   4.1528e-01   9.6957e+01   7.9862e+00   0.0000e+00   0.0000e+00   2.7277e+02
20251207_09:00:00   4.3218e-01   9.9873e+01   8.3605e+00   0.0000e+00   0.0000e+00   2.7180e+02
20251207_10:00:00   4.3536e-01   1.0047e+02   8.4008e+00   0.0000e+00   0.0000e+00   2.7011e+02
20251207_11:00:00   4.1670e-01   9.7204e+01   8.0461e+00   0.0000e+00   0.0000e+00   2.6930e+02
20251207_12:00:00   3.9112e-01   9.2489e+01   7.6286e+00   0.0000e+00   0.0000e+00   2.6813e+02
20251207_13:00:00   3.9017e-01   9.2222e+01   7.6359e+00   0.0000e+00   0.0000e+00   2.6862e+02
20251207_14:00:00   3.9956e-01   9.3970e+01   7.7897e+00   0.0000e+00   0.0000e+00   2.7002e+02
20251207_15:00:00   4.0946e-01   9.5822e+01   7.9306e+00   0.0000e+00   0.0000e+00   2.7289e+02
20251207_16:00:00   4.1370e-01   9.6706e+01   7.9794e+00   0.0000e+00   0.0000e+00   2.7400e+02
20251207_17:00:00   4.0475e-01   9.5286e+01   7.7590e+00   0.0000e+00   0.0000e+00   2.7429e+02
20251207_18:00:00   3.9354e-01   9.3367e+01   7.5370e+00   0.0000e+00   0.0000e+00   2.7341e+02
20251207_19:00:00   3.9308e-01   9.3290e+01   7.5374e+00   0.0000e+00   0.0000e+00   2.7234e+02
20251207_20:00:00   3.8649e-01   9.2093e+01   7.4272e+00   0.0000e+00   0.0000e+00   2.6996e+02
20251207_21:00:00   3.7568e-01   9.0126e+01   7.2358e+00   0.0000e+00   0.0000e+00   2.6809e+02
20251207_22:00:00   3.6891e-01   8.8846e+01   7.1369e+00   0.0000e+00   0.0000e+00   2.6761e+02
20251207_23:00:00   3.6223e-01   8.7615e+01   7.0322e+00   0.0000e+00   0.0000e+00   2.6890e+02
20251208_00:00:00   3.5012e-01   8.5354e+01   6.7996e+00   0.0000e+00   0.0000e+00   2.6873e+02
20251208_01:00:00   3.3971e-01   8.3390e+01   6.5984e+00   0.0000e+00   0.0000e+00   2.6860e+02
20251208_02:00:00   3.3335e-01   8.2139e+01   6.4958e+00   0.0000e+00   0.0000e+00   2.6989e+02
20251208_03:00:00   3.2668e-01   8.0832e+01   6.3788e+00   0.0000e+00   0.0000e+00   2.6991e+02
20251208_04:00:00   3.1652e-01   7.8824e+01   6.1881e+00   0.0000e+00   0.0000e+00   2.7122e+02
20251208_05:00:00   3.0644e-01   7.6796e+01   6.0033e+00   0.0000e+00   0.0000e+00   2.7437e+02
20251208_06:00:00   2.9574e-01   7.4627e+01   5.7843e+00   0.0000e+00   0.0000e+00   2.7676e+02
20251208_07:00:00   2.8370e-01   7.2190e+01   5.5383e+00   0.0000e+00   0.0000e+00   2.7778e+02
20251208_08:00:00   2.7982e-01   7.1380e+01   5.4407e+00   0.0000e+00   0.0000e+00   2.7706e+02
20251208_09:00:00   2.7495e-01   7.0389e+01   5.3472e+00   0.0000e+00   0.0000e+00   2.7727e+02
20251208_10:00:00   2.7033e-01   6.9418e+01   5.2496e+00   0.0000e+00   0.0000e+00   2.7912e+02
20251208_11:00:00   2.6993e-01   6.9268e+01   5.2378e+00   0.0000e+00   0.0000e+00   2.7732e+02
20251208_12:00:00   2.7209e-01   6.9626e+01   5.2849e+00   0.0000e+00   0.0000e+00   2.7421e+02
20251208_13:00:00   2.7358e-01   6.9895e+01   5.3179e+00   0.0000e+00   0.0000e+00   2.7190e+02
20251208_14:00:00   2.7475e-01   7.0118e+01   5.3412e+00   0.0000e+00   0.0000e+00   2.7326e+02
20251208_15:00:00   2.8501e-01   7.2131e+01   5.5555e+00   0.0000e+00   0.0000e+00   2.7616e+02
20251208_16:00:00   2.7932e-01   7.0945e+01   5.4714e+00   0.0000e+00   0.0000e+00   2.7758e+02
20251208_17:00:00   2.7292e-01   6.9519e+01   5.3834e+00   0.0000e+00   0.0000e+00   2.8142e+02
20251208_18:00:00   2.5782e-01   6.6546e+01   4.9930e+00   0.0000e+00   0.0000e+00   2.8342e+02
20251208_19:00:00   2.2979e-01   6.0781e+01   4.3897e+00   0.0000e+00   0.0000e+00   2.8473e+02
20251208_20:00:00   2.1440e-01   5.7501e+01   4.0244e+00   0.0000e+00   0.0000e+00   2.8686e+02
20251208_21:00:00   2.1772e-01   5.8340e+01   4.0086e+00   0.0000e+00   0.0000e+00   2.8951e+02
20251208_22:00:00   2.2514e-01   6.0012e+01   4.1878e+00   0.0000e+00   0.0000e+00   2.8922e+02
20251208_23:00:00   2.1897e-01   5.8770e+01   4.0788e+00   0.0000e+00   0.0000e+00   2.8857e+02
20251209_00:00:00   2.1871e-01   5.8715e+01   4.0557e+00   0.0000e+00   0.0000e+00   2.8903e+02
20251209_01:00:00   2.0252e-01   5.5124e+01   3.7464e+00   0.0000e+00   0.0000e+00   2.8903e+02
20251209_02:00:00   1.9029e-01   5.2310e+01   3.5470e+00   0.0000e+00   0.0000e+00   2.8897e+02
20251209_03:00:00   1.7974e-01   4.9850e+01   3.3726e+00   0.0000e+00   0.0000e+00   2.8784e+02
20251209_04:00:00   1.8060e-01   5.0000e+01   3.4025e+00   0.0000e+00   0.0000e+00   2.8998e+02
20251209_05:00:00   1.7850e-01   4.9524e+01   3.3664e+00   0.0000e+00   0.0000e+00   2.8641e+02
20251209_06:00:00   1.7788e-01   4.9307e+01   3.3997e+00   0.0000e+00   0.0000e+00   2.8613e+02
20251209_09:00:00   1.7033e-01   4.7273e+01   3.3528e+00   0.0000e+00   0.0000e+00   2.8901e+02
20251209_12:00:00   1.5951e-01   4.4681e+01   3.1485e+00   0.0000e+00   0.0000e+00   2.9235e+02
20251209_15:00:00   2.0192e-01   5.4356e+01   4.0753e+00   0.0000e+00   0.0000e+00   2.9136e+02
20251209_18:00:00   2.5267e-01   6.5525e+01   5.1376e+00   0.0000e+00   0.0000e+00   2.8443e+02
20251209_21:00:00   2.8951e-01   7.3373e+01   5.8925e+00   0.0000e+00   0.0000e+00   2.8611e+02
20251210_00:00:00   3.2131e-01   7.9862e+01   6.5608e+00   0.0000e+00   0.0000e+00   2.8616e+02
20251210_03:00:00   3.6197e-01   8.8099e+01   7.2991e+00   0.0000e+00   0.0000e+00   2.7898e+02
20251210_06:00:00   3.3615e-01   8.3233e+01   6.7800e+00   0.0000e+00   4.1235e-05   2.7380e+02
20251210_09:00:00   3.5648e-01   8.7430e+01   7.0604e+00   0.0000e+00   1.5138e-05   2.7858e+02
20251210_12:00:00   3.5695e-01   8.7561e+01   7.0425e+00   0.0000e+00   7.5700e-06   2.7732e+02
20251210_15:00:00   3.6850e-01   8.9588e+01   7.4206e+00   0.0000e+00   0.0000e+00   2.8429e+02
20251210_18:00:00   3.5394e-01   8.6920e+01   7.1388e+00   0.0000e+00   0.0000e+00   2.8373e+02
20251210_21:00:00   3.5668e-01   8.7444e+01   7.1974e+00   0.0000e+00   0.0000e+00   2.8275e+02
20251211_00:00:00   3.4438e-01   8.5228e+01   6.9092e+00   0.0000e+00   0.0000e+00   2.8252e+02
20251211_03:00:00   3.3460e-01   8.3568e+01   6.6008e+00   0.0000e+00   0.0000e+00   2.8275e+02
20251211_06:00:00   3.2831e-01   8.2483e+01   6.3560e+00   0.0000e+00   0.0000e+00   2.8590e+02
20251211_09:00:00   3.2028e-01   8.0894e+01   6.1472e+00   0.0000e+00   0.0000e+00   2.8329e+02
20251211_12:00:00   3.0484e-01   7.7748e+01   5.8110e+00   0.0000e+00   0.0000e+00   2.8381e+02
20251211_15:00:00   2.7016e-01   7.0601e+01   5.1038e+00   0.0000e+00   0.0000e+00   2.8391e+02
20251211_18:00:00   2.4664e-01   6.5491e+01   4.6805e+00   0.0000e+00   2.6740e-05   2.8305e+02
20251211_21:00:00   2.5457e-01   6.6901e+01   4.8884e+00   0.0000e+00   3.4443e-03   2.8149e+02
20251212_00:00:00   2.3263e-01   6.2023e+01   4.4690e+00   0.0000e+00   4.0227e-03   2.7926e+02
20251212_03:00:00   2.1675e-01   5.8257e+01   4.2437e+00   0.0000e+00   1.3575e-02   2.7733e+02
20251212_06:00:00   2.3128e-01   6.1103e+01   4.5926e+00   0.0000e+00   1.7898e-02   2.7861e+02
20251212_09:00:00   2.5348e-01   6.5523e+01   5.1471e+00   0.0000e+00   5.8302e-03   2.7636e+02
20251212_12:00:00   2.5384e-01   6.5669e+01   5.1261e+00   0.0000e+00   2.7198e-04   2.7406e+02
20251212_15:00:00   2.6067e-01   6.7199e+01   5.1730e+00   0.0000e+00   0.0000e+00   2.7507e+02
20251212_18:00:00   2.5205e-01   6.5463e+01   4.9649e+00   0.0000e+00   0.0000e+00   2.7642e+02
20251212_21:00:00   2.6720e-01   6.8844e+01   5.1439e+00   0.0000e+00   0.0000e+00   2.7736e+02
20251213_00:00:00   2.7014e-01   6.9472e+01   5.1761e+00   0.0000e+00   1.6786e-05   2.7486e+02
20251213_03:00:00   2.3751e-01   6.2463e+01   4.5674e+00   0.0000e+00   9.0943e-03   2.7520e+02
20251213_06:00:00   2.3959e-01   6.2713e+01   4.6074e+00   0.0000e+00   4.2597e-03   2.7484e+02
20251213_09:00:00   2.4689e-01   6.4029e+01   4.7577e+00   0.0000e+00   1.6819e-02   2.7224e+02
20251213_12:00:00   2.3195e-01   6.0843e+01   4.4645e+00   0.0000e+00   1.3938e-04   2.7245e+02
20251213_15:00:00   2.2286e-01   5.8610e+01   4.3771e+00   0.0000e+00   1.9606e-06   2.7267e+02
20251213_18:00:00   1.9956e-01   5.3932e+01   3.7400e+00   0.0000e+00   2.5120e-05   2.7381e+02
20251213_21:00:00   2.2808e-01   6.0465e+01   4.1233e+00   0.0000e+00   6.8437e-03   2.7155e+02
20251214_00:00:00   2.1403e-01   5.7245e+01   3.9381e+00   0.0000e+00   1.8917e-03   2.7168e+02
20251214_03:00:00   1.8564e-01   5.0804e+01   3.4708e+00   0.0000e+00   7.7930e-04   2.7236e+02
20251214_06:00:00   1.8197e-01   4.9892e+01   3.4310e+00   0.0000e+00   2.0140e-03   2.7533e+02
20251214_09:00:00   1.8127e-01   4.9750e+01   3.4165e+00   0.0000e+00   9.3140e-04   2.7590e+02
20251214_12:00:00   1.6541e-01   4.6080e+01   3.1280e+00   0.0000e+00   2.6381e-04   2.7336e+02
20251214_15:00:00   1.5162e-01   4.2657e+01   2.9337e+00   0.0000e+00   2.2772e-04   2.7331e+02
20251214_18:00:00   1.4588e-01   4.1172e+01   2.8718e+00   0.0000e+00   5.9596e-04   2.7075e+02
20251214_21:00:00   1.8884e-01   5.1114e+01   3.6748e+00   0.0000e+00   2.1041e-02   2.6833e+02
20251215_00:00:00   1.6781e-01   4.6013e+01   3.4043e+00   0.0000e+00   3.6140e-03   2.7566e+02
20251215_03:00:00   1.6757e-01   4.6340e+01   3.3295e+00   0.0000e+00   6.5543e-06   2.7080e+02
20251215_06:00:00   1.7225e-01   4.7353e+01   3.4490e+00   0.0000e+00   1.9218e-03   2.6807e+02
20251215_09:00:00   2.0253e-01   5.3991e+01   4.1181e+00   0.0000e+00   1.1860e-03   2.6826e+02
20251215_12:00:00   2.5810e-01   6.5253e+01   5.3311e+00   0.0000e+00   9.6893e-02   2.6289e+02
20251215_15:00:00   3.1644e-01   7.6571e+01   6.5173e+00   0.0000e+00   1.0895e-01   2.5886e+02
20251215_18:00:00   3.1650e-01   7.6697e+01   6.4825e+00   0.0000e+00   6.1796e-02   2.5493e+02
20251215_21:00:00   3.2244e-01   7.7977e+01   6.5616e+00   0.0000e+00   5.6512e-02   2.5735e+02
20251216_00:00:00   2.8032e-01   7.0604e+01   5.5993e+00   0.0000e+00   9.2781e-05   2.6125e+02
20251216_03:00:00   2.8208e-01   7.1404e+01   5.5831e+00   0.0000e+00   0.0000e+00   2.5936e+02
20251216_06:00:00   3.1523e-01   7.8504e+01   6.1194e+00   0.0000e+00   0.0000e+00   2.5637e+02
20251216_09:00:00   3.3480e-01   8.2383e+01   6.4421e+00   0.0000e+00   1.0548e-03   2.5515e+02
20251216_12:00:00   3.2611e-01   8.0612e+01   6.2918e+00   0.0000e+00   4.4540e-03   2.5587e+02
20251216_15:00:00   3.4236e-01   8.3844e+01   6.5862e+00   0.0000e+00   3.0915e-03   2.6109e+02
20251216_18:00:00   4.0814e-01   9.6096e+01   7.8512e+00   0.0000e+00   7.1919e-03   2.6430e+02
20251216_21:00:00   4.3938e-01   1.0169e+02   8.3807e+00   0.0000e+00   1.6748e-03   2.6502e+02
20251217_00:00:00   4.1910e-01   9.8353e+01   7.9155e+00   0.0000e+00   1.3998e-04   2.6572e+02
20251217_03:00:00   3.2167e-01   8.0124e+01   6.1788e+00   0.0000e+00   1.1354e-05   2.6857e+02
20251217_06:00:00   3.2811e-01   8.1555e+01   6.2113e+00   0.0000e+00   0.0000e+00   2.6807e+02
20251217_09:00:00   3.2258e-01   8.0497e+01   6.0389e+00   0.0000e+00   0.0000e+00   2.6948e+02
20251217_12:00:00   2.5816e-01   6.7279e+01   4.8806e+00   0.0000e+00   0.0000e+00   2.6836e+02
20251217_15:00:00   2.0091e-01   5.4765e+01   3.7997e+00   0.0000e+00   0.0000e+00   2.6601e+02
20251217_18:00:00   2.0134e-01   5.4938e+01   3.7652e+00   0.0000e+00   0.0000e+00   2.6386e+02
20251217_21:00:00   1.5595e-01   4.4308e+01   2.9793e+00   0.0000e+00   0.0000e+00   2.6105e+02
20251218_00:00:00   1.3482e-01   3.9300e+01   2.5571e+00   0.0000e+00   0.0000e+00   2.5945e+02
20251218_03:00:00   1.3542e-01   3.9463e+01   2.5711e+00   0.0000e+00   0.0000e+00   2.5775e+02
20251218_06:00:00   1.3753e-01   3.9811e+01   2.6797e+00   0.0000e+00   0.0000e+00   2.5782e+02
20251218_09:00:00   1.4181e-01   4.0682e+01   2.8330e+00   0.0000e+00   0.0000e+00   2.5333e+02
20251218_12:00:00   1.5505e-01   4.3611e+01   3.1776e+00   0.0000e+00   0.0000e+00   2.5530e+02
20251218_15:00:00   1.5854e-01   4.4345e+01   3.2851e+00   0.0000e+00   0.0000e+00   2.5745e+02
20251218_18:00:00   1.7716e-01   4.8455e+01   3.7409e+00   0.0000e+00   0.0000e+00   2.5895e+02
20251218_21:00:00   1.8986e-01   5.1428e+01   4.0007e+00   0.0000e+00   0.0000e+00   2.5954e+02
20251219_00:00:00   2.0658e-01   5.5454e+01   4.2862e+00   0.0000e+00   0.0000e+00   2.5997e+02
20251219_03:00:00   2.3798e-01   6.2350e+01   4.9404e+00   0.0000e+00   0.0000e+00   2.6223e+02
20251219_06:00:00   2.7798e-01   7.0996e+01   5.6577e+00   0.0000e+00   0.0000e+00   2.5925e+02
20251219_09:00:00   3.1282e-01   7.8402e+01   6.2664e+00   0.0000e+00   0.0000e+00   2.6048e+02
20251219_12:00:00   3.5350e-01   8.6978e+01   6.8899e+00   0.0000e+00   0.0000e+00   2.6264e+02
20251219_15:00:00   3.6906e-01   8.9801e+01   7.3119e+00   0.0000e+00   0.0000e+00   2.6241e+02
20251219_18:00:00   3.4864e-01   8.5710e+01   6.9415e+00   0.0000e+00   0.0000e+00   2.6887e+02
20251219_21:00:00   3.3634e-01   8.3267e+01   6.7510e+00   0.0000e+00   0.0000e+00   2.6818e+02
20251220_00:00:00   3.3911e-01   8.3764e+01   6.8386e+00   0.0000e+00   4.3300e-05   2.6922e+02
20251220_03:00:00   3.4279e-01   8.4495e+01   6.9525e+00   0.0000e+00   8.5300e-04   2.7280e+02
20251220_06:00:00   3.8033e-01   9.1686e+01   7.6878e+00   0.0000e+00   1.3968e-04   2.7345e+02
