#            date       tau255        Tb[K]      pwv[mm] lwp[kg*m^-2] iwp[kg*m^-2]       o3[DU]
20251202_12:00:00   2.4554e-01   6.3562e+01   4.4789e+00   0.0000e+00   0.0000e+00   2.8394e+02
20251202_13:00:00   2.4075e-01   6.2511e+01   4.4389e+00   0.0000e+00   0.0000e+00   2.8629e+02
20251202_14:00:00   2.3120e-01   6.0444e+01   4.3074e+00   0.0000e+00   0.0000e+00   2.8785e+02
20251202_15:00:00   2.2380e-01   5.8814e+01   4.2100e+00   0.0000e+00   0.0000e+00   2.8924e+02
20251202_16:00:00   2.2487e-01   5.9029e+01   4.2398e+00   0.0000e+00   0.0000e+00   2.8989e+02
20251202_17:00:00   2.2608e-01   5.9301e+01   4.2601e+00   0.0000e+00   0.0000e+00   2.9287e+02
20251202_18:00:00   2.3516e-01   6.1281e+01   4.3801e+00   0.0000e+00   0.0000e+00   2.9439e+02
20251202_19:00:00   2.5058e-01   6.4587e+01   4.6060e+00   0.0000e+00   0.0000e+00   2.9487e+02
20251202_20:00:00   2.6376e-01   6.7368e+01   4.8093e+00   0.0000e+00   0.0000e+00   2.9741e+02
20251202_21:00:00   2.7240e-01   6.9213e+01   4.9293e+00   0.0000e+00   0.0000e+00   3.0096e+02
20251202_22:00:00   2.9231e-01   7.3304e+01   5.2099e+00   0.0000e+00   0.0000e+00   3.0109e+02
20251202_23:00:00   2.8794e-01   7.2405e+01   5.1388e+00   0.0000e+00   0.0000e+00   3.0033e+02
20251203_00:00:00   2.7203e-01   6.9153e+01   4.8807e+00   0.0000e+00   0.0000e+00   3.0294e+02
20251203_01:00:00   2.5289e-01   6.5174e+01   4.5740e+00   0.0000e+00   0.0000e+00   3.0705e+02
20251203_02:00:00   2.1911e-01   5.7885e+01   4.0195e+00   0.0000e+00   0.0000e+00   3.1009e+02
20251203_03:00:00   2.0364e-01   5.4310e+01   3.8081e+00   0.0000e+00   0.0000e+00   3.0653e+02
20251203_04:00:00   1.8198e-01   4.9267e+01   3.4990e+00   0.0000e+00   0.0000e+00   3.0918e+02
20251203_05:00:00   1.8323e-01   4.9453e+01   3.5510e+00   0.0000e+00   0.0000e+00   3.0703e+02
20251203_06:00:00   2.1235e-01   5.5885e+01   4.0693e+00   0.0000e+00   0.0000e+00   3.0442e+02
20251203_07:00:00   2.5115e-01   6.4049e+01   4.7933e+00   0.0000e+00   0.0000e+00   2.9883e+02
20251203_08:00:00   2.9778e-01   7.3195e+01   5.8111e+00   0.0000e+00   0.0000e+00   2.9788e+02
20251203_09:00:00   3.3693e-01   8.0461e+01   6.6720e+00   0.0000e+00   0.0000e+00   3.0005e+02
20251203_10:00:00   3.3742e-01   8.0823e+01   6.6035e+00   0.0000e+00   1.4188e-04   3.0429e+02
20251203_11:00:00   3.2272e-01   7.8522e+01   6.1205e+00   0.0000e+00   1.9462e-05   3.0794e+02
20251203_12:00:00   3.1733e-01   7.7744e+01   5.8398e+00   0.0000e+00   1.0100e-04   3.0946e+02
20251203_13:00:00   3.0466e-01   7.5297e+01   5.5364e+00   0.0000e+00   1.1362e-03   3.1058e+02
20251203_14:00:00   2.7882e-01   6.9853e+01   5.1171e+00   0.0000e+00   1.2952e-03   3.1270e+02
20251203_15:00:00   2.7288e-01   6.8606e+01   4.9707e+00   0.0000e+00   2.2280e-03   3.1511e+02
20251203_16:00:00   3.0054e-01   7.4167e+01   5.4172e+00   0.0000e+00   1.6452e-03   3.1820e+02
20251203_17:00:00   3.2812e-01   7.9515e+01   5.8687e+00   0.0000e+00   1.3866e-03   3.1644e+02
20251203_18:00:00   3.4825e-01   8.3199e+01   6.2572e+00   0.0000e+00   7.0517e-04   3.1656e+02
20251203_19:00:00   3.7417e-01   8.8059e+01   6.6467e+00   0.0000e+00   2.1140e-04   3.1714e+02
20251203_20:00:00   4.1984e-01   9.6285e+01   7.2864e+00   0.0000e+00   7.9080e-05   3.2005e+02
20251203_21:00:00   4.6675e-01   1.0446e+02   7.7573e+00   3.9882e-03   3.1103e-05   3.2230e+02
20251203_22:00:00   1.0706e+00   1.8076e+02   8.6377e+00   2.2759e-01   3.7602e-04   3.2378e+02
20251203_23:00:00   1.4636e+00   2.1024e+02   8.8731e+00   3.8345e-01   1.8923e-03   3.2542e+02
20251204_00:00:00   9.8115e-01   1.7202e+02   8.4952e+00   1.8824e-01   7.0221e-04   3.2691e+02
20251204_01:00:00   8.6626e-01   1.6012e+02   8.1368e+00   1.4574e-01   5.0358e-04   3.2927e+02
20251204_02:00:00   8.1149e-01   1.5358e+02   7.7031e+00   1.3287e-01   4.6483e-04   3.3118e+02
20251204_03:00:00   9.9771e-01   1.7365e+02   7.2785e+00   2.2227e-01   5.4935e-04   3.3303e+02
20251204_04:00:00   4.7453e-01   1.0595e+02   6.3009e+00   3.1259e-02   9.4758e-05   3.3480e+02
20251204_05:00:00   3.6774e-01   8.7270e+01   5.7346e+00   2.2652e-04   3.7060e-06   3.3838e+02
20251204_06:00:00   3.3129e-01   8.0459e+01   5.0977e+00   2.1687e-03   0.0000e+00   3.3858e+02
20251204_07:00:00   3.0193e-01   7.4686e+01   4.6768e+00   1.5029e-03   0.0000e+00   3.3948e+02
20251204_08:00:00   2.6592e-01   6.7420e+01   4.0235e+00   4.6734e-03   0.0000e+00   3.4023e+02
20251204_09:00:00   2.2818e-01   5.9444e+01   3.5896e+00   9.7430e-04   0.0000e+00   3.3947e+02
20251204_10:00:00   2.0792e-01   5.4986e+01   3.3258e+00   1.1852e-04   8.0105e-06   3.3847e+02
20251204_11:00:00   1.9455e-01   5.1972e+01   3.1486e+00   2.6523e-05   9.2970e-05   3.3816e+02
20251204_12:00:00   1.9157e-01   5.1274e+01   3.1074e+00   0.0000e+00   6.6359e-04   3.3883e+02
20251204_13:00:00   1.8802e-01   5.0486e+01   3.0509e+00   0.0000e+00   2.1660e-04   3.3888e+02
20251204_14:00:00   1.6889e-01   4.6195e+01   2.7554e+00   0.0000e+00   1.5308e-04   3.3775e+02
20251204_15:00:00   1.5259e-01   4.2414e+01   2.5252e+00   0.0000e+00   0.0000e+00   3.3666e+02
20251204_16:00:00   1.5311e-01   4.2409e+01   2.5892e+00   0.0000e+00   1.2618e-04   3.3848e+02
20251204_17:00:00   1.5862e-01   4.3651e+01   2.6917e+00   0.0000e+00   2.4140e-04   3.4048e+02
20251204_18:00:00   1.6668e-01   4.5526e+01   2.8112e+00   0.0000e+00   4.7640e-06   3.4097e+02
20251204_19:00:00   2.2014e-01   5.7362e+01   3.6741e+00   0.0000e+00   5.3861e-06   3.4104e+02
20251204_20:00:00   2.5841e-01   6.5457e+01   4.2779e+00   0.0000e+00   7.5941e-04   3.3955e+02
20251204_21:00:00   2.7728e-01   6.9323e+01   4.6331e+00   0.0000e+00   5.1040e-03   3.3810e+02
20251204_22:00:00   2.6847e-01   6.7612e+01   4.4775e+00   0.0000e+00   1.9962e-02   3.3373e+02
20251204_23:00:00   2.7017e-01   6.7965e+01   4.5100e+00   0.0000e+00   1.5786e-02   3.3219e+02
20251205_00:00:00   2.7658e-01   6.9144e+01   4.6615e+00   0.0000e+00   3.2886e-02   3.3011e+02
20251205_01:00:00   2.8224e-01   7.0225e+01   4.7832e+00   0.0000e+00   3.7578e-02   3.2626e+02
20251205_02:00:00   2.7205e-01   6.8155e+01   4.6501e+00   0.0000e+00   1.6160e-02   3.2530e+02
20251205_03:00:00   2.5876e-01   6.5402e+01   4.4666e+00   0.0000e+00   9.5064e-03   3.2636e+02
20251205_04:00:00   2.6244e-01   6.6245e+01   4.5086e+00   0.0000e+00   1.3960e-03   3.2745e+02
20251205_05:00:00   2.6816e-01   6.7403e+01   4.6188e+00   0.0000e+00   5.4261e-05   3.3033e+02
20251205_06:00:00   2.4977e-01   6.3529e+01   4.3689e+00   0.0000e+00   4.1200e-04   3.2976e+02
20251205_07:00:00   2.5914e-01   6.5610e+01   4.4737e+00   0.0000e+00   0.0000e+00   3.2574e+02
20251205_08:00:00   2.6871e-01   6.7706e+01   4.5848e+00   0.0000e+00   0.0000e+00   3.2149e+02
20251205_09:00:00   2.5773e-01   6.5507e+01   4.3874e+00   0.0000e+00   0.0000e+00   3.1494e+02
20251205_10:00:00   2.1169e-01   5.5755e+01   3.6568e+00   0.0000e+00   0.0000e+00   3.0849e+02
20251205_11:00:00   1.9441e-01   5.1944e+01   3.3796e+00   0.0000e+00   3.7840e-06   3.0614e+02
20251205_12:00:00   2.0340e-01   5.3853e+01   3.5478e+00   0.0000e+00   1.4889e-04   3.0484e+02
20251205_13:00:00   2.1302e-01   5.5806e+01   3.7769e+00   0.0000e+00   1.1782e-04   3.0431e+02
20251205_14:00:00   2.3658e-01   6.0669e+01   4.2546e+00   0.0000e+00   4.7156e-05   3.0489e+02
20251205_15:00:00   2.2564e-01   5.8309e+01   4.1171e+00   0.0000e+00   2.1320e-05   3.0585e+02
20251205_16:00:00   2.2864e-01   5.8823e+01   4.2353e+00   0.0000e+00   9.8020e-07   3.0674e+02
20251205_17:00:00   2.3772e-01   6.0542e+01   4.4906e+00   0.0000e+00   0.0000e+00   3.0636e+02
20251205_18:00:00   2.4364e-01   6.1775e+01   4.6204e+00   0.0000e+00   0.0000e+00   3.0601e+02
20251205_19:00:00   2.4884e-01   6.2937e+01   4.6910e+00   0.0000e+00   0.0000e+00   3.0551e+02
20251205_20:00:00   2.5135e-01   6.3560e+01   4.7367e+00   0.0000e+00   0.0000e+00   3.0547e+02
20251205_21:00:00   2.5939e-01   6.5354e+01   4.8864e+00   0.0000e+00   0.0000e+00   3.0582e+02
20251205_22:00:00   2.7480e-01   6.8556e+01   5.1798e+00   0.0000e+00   0.0000e+00   3.0494e+02
20251205_23:00:00   2.8671e-01   7.0988e+01   5.4107e+00   0.0000e+00   0.0000e+00   3.0379e+02
20251206_00:00:00   2.9070e-01   7.1766e+01   5.5056e+00   0.0000e+00   0.0000e+00   3.0170e+02
20251206_01:00:00   2.8394e-01   7.0429e+01   5.4170e+00   0.0000e+00   0.0000e+00   2.9925e+02
20251206_02:00:00   2.8562e-01   7.0868e+01   5.4808e+00   0.0000e+00   0.0000e+00   2.9665e+02
20251206_03:00:00   2.9283e-01   7.2278e+01   5.6504e+00   0.0000e+00   0.0000e+00   2.9642e+02
20251206_04:00:00   2.9784e-01   7.3308e+01   5.7622e+00   0.0000e+00   0.0000e+00   2.9460e+02
20251206_05:00:00   3.0301e-01   7.4356e+01   5.8983e+00   0.0000e+00   0.0000e+00   2.9285e+02
20251206_06:00:00   3.1284e-01   7.6214e+01   6.1210e+00   0.0000e+00   0.0000e+00   2.9157e+02
20251206_07:00:00   3.2105e-01   7.7798e+01   6.3098e+00   0.0000e+00   5.9750e-05   2.8923e+02
20251206_08:00:00   3.3523e-01   8.0493e+01   6.6109e+00   0.0000e+00   0.0000e+00   2.8617e+02
20251206_09:00:00   3.4234e-01   8.1881e+01   6.7567e+00   0.0000e+00   0.0000e+00   2.8631e+02
20251206_10:00:00   3.4465e-01   8.2255e+01   6.8375e+00   0.0000e+00   0.0000e+00   2.8652e+02
20251206_11:00:00   3.4491e-01   8.2421e+01   6.8503e+00   0.0000e+00   0.0000e+00   2.8490e+02
20251206_12:00:00   3.4267e-01   8.2088e+01   6.7793e+00   0.0000e+00   0.0000e+00   2.8442e+02
20251206_13:00:00   3.4358e-01   8.2269e+01   6.7957e+00   0.0000e+00   0.0000e+00   2.8350e+02
20251206_14:00:00   3.6001e-01   8.5452e+01   7.1220e+00   0.0000e+00   0.0000e+00   2.8165e+02
20251206_15:00:00   3.7230e-01   8.8064e+01   7.2514e+00   0.0000e+00   0.0000e+00   2.8030e+02
20251206_16:00:00   3.6730e-01   8.7302e+01   7.0901e+00   0.0000e+00   0.0000e+00   2.7942e+02
20251206_17:00:00   3.5498e-01   8.5056e+01   6.8248e+00   0.0000e+00   0.0000e+00   2.7982e+02
20251206_18:00:00   3.4503e-01   8.3265e+01   6.6472e+00   0.0000e+00   0.0000e+00   2.7953e+02
20251206_19:00:00   3.3929e-01   8.2167e+01   6.5455e+00   0.0000e+00   0.0000e+00   2.7843e+02
20251206_20:00:00   3.3356e-01   8.0961e+01   6.4719e+00   0.0000e+00   0.0000e+00   2.7659e+02
20251206_21:00:00   3.2759e-01   7.9750e+01   6.4316e+00   0.0000e+00   0.0000e+00   2.7622e+02
20251206_22:00:00   3.1682e-01   7.7680e+01   6.2783e+00   0.0000e+00   0.0000e+00   2.7582e+02
20251206_23:00:00   3.1008e-01   7.6369e+01   6.1669e+00   0.0000e+00   0.0000e+00   2.7645e+02
20251207_00:00:00   2.9971e-01   7.4360e+01   5.9743e+00   0.0000e+00   0.0000e+00   2.7594e+02
20251207_01:00:00   2.9273e-01   7.3069e+01   5.8277e+00   0.0000e+00   0.0000e+00   2.7678e+02
20251207_02:00:00   2.8665e-01   7.1878e+01   5.7063e+00   0.0000e+00   0.0000e+00   2.7577e+02
20251207_03:00:00   2.8475e-01   7.1505e+01   5.6765e+00   0.0000e+00   0.0000e+00   2.7596e+02
20251207_04:00:00   2.8596e-01   7.1726e+01   5.7167e+00   0.0000e+00   0.0000e+00   2.7545e+02
20251207_05:00:00   2.8578e-01   7.1652e+01   5.7367e+00   0.0000e+00   0.0000e+00   2.7587e+02
20251207_06:00:00   2.7518e-01   6.9465e+01   5.5448e+00   0.0000e+00   0.0000e+00   2.7539e+02
20251207_07:00:00   2.7458e-01   6.9315e+01   5.5216e+00   0.0000e+00   0.0000e+00   2.7438e+02
20251207_08:00:00   2.7562e-01   6.9480e+01   5.5519e+00   0.0000e+00   0.0000e+00   2.7292e+02
20251207_09:00:00   2.7314e-01   6.8972e+01   5.5008e+00   0.0000e+00   0.0000e+00   2.7260e+02
20251207_10:00:00   2.7561e-01   6.9452e+01   5.5542e+00   0.0000e+00   0.0000e+00   2.7098e+02
20251207_11:00:00   2.8242e-01   7.0812e+01   5.6862e+00   0.0000e+00   0.0000e+00   2.7065e+02
20251207_12:00:00   2.8916e-01   7.2150e+01   5.8349e+00   0.0000e+00   0.0000e+00   2.6917e+02
20251207_15:00:00   2.9537e-01   7.3664e+01   5.9240e+00   0.0000e+00   0.0000e+00   2.7409e+02
20251207_18:00:00   3.1901e-01   7.8562e+01   6.3385e+00   0.0000e+00   0.0000e+00   2.7271e+02
20251207_21:00:00   3.1888e-01   7.8682e+01   6.3119e+00   0.0000e+00   0.0000e+00   2.7354e+02
20251208_00:00:00   3.2048e-01   7.9137e+01   6.3375e+00   0.0000e+00   0.0000e+00   2.7131e+02
20251208_03:00:00   3.3285e-01   8.1773e+01   6.5209e+00   0.0000e+00   0.0000e+00   2.7106e+02
20251208_06:00:00   3.3872e-01   8.3083e+01   6.5438e+00   0.0000e+00   0.0000e+00   2.6858e+02
20251208_09:00:00   3.4345e-01   8.4172e+01   6.5810e+00   0.0000e+00   0.0000e+00   2.7195e+02
20251208_12:00:00   3.6164e-01   8.7601e+01   6.9339e+00   0.0000e+00   0.0000e+00   2.7123e+02
20251208_15:00:00   3.7079e-01   8.9294e+01   7.0390e+00   0.0000e+00   0.0000e+00   2.7378e+02
20251208_18:00:00   4.0201e-01   9.4911e+01   7.5728e+00   0.0000e+00   0.0000e+00   2.8607e+02
20251208_21:00:00   3.3368e-01   8.1736e+01   6.4327e+00   0.0000e+00   0.0000e+00   2.8855e+02
20251209_00:00:00   3.1180e-01   7.7711e+01   5.8061e+00   0.0000e+00   0.0000e+00   2.9822e+02
20251209_03:00:00   2.2468e-01   5.9971e+01   3.9328e+00   0.0000e+00   0.0000e+00   3.0418e+02
20251209_06:00:00   1.5137e-01   4.3259e+01   2.5932e+00   0.0000e+00   0.0000e+00   2.9988e+02
20251209_09:00:00   9.6938e-02   2.9831e+01   1.6488e+00   0.0000e+00   0.0000e+00   2.9933e+02
20251209_12:00:00   1.2723e-01   3.7310e+01   2.2944e+00   0.0000e+00   0.0000e+00   2.9194e+02
20251209_15:00:00   1.3782e-01   3.9691e+01   2.5982e+00   0.0000e+00   0.0000e+00   2.8411e+02
20251209_18:00:00   1.3945e-01   4.0025e+01   2.7184e+00   0.0000e+00   0.0000e+00   2.8525e+02
20251209_21:00:00   1.5396e-01   4.3484e+01   3.0533e+00   0.0000e+00   0.0000e+00   2.8184e+02
20251210_00:00:00   1.8975e-01   5.1692e+01   3.8627e+00   0.0000e+00   0.0000e+00   2.8215e+02
20251210_03:00:00   2.4066e-01   6.3098e+01   4.9312e+00   0.0000e+00   0.0000e+00   2.8375e+02
20251210_06:00:00   2.4546e-01   6.4485e+01   4.9509e+00   0.0000e+00   0.0000e+00   2.8008e+02
20251210_09:00:00   2.2505e-01   6.0274e+01   4.4670e+00   0.0000e+00   0.0000e+00   2.7287e+02
20251210_12:00:00   2.0885e-01   5.6792e+01   4.0448e+00   0.0000e+00   0.0000e+00   2.7602e+02
20251210_15:00:00   1.7712e-01   4.9795e+01   3.3537e+00   0.0000e+00   0.0000e+00   2.7801e+02
20251210_18:00:00   1.4882e-01   4.3191e+01   2.7590e+00   0.0000e+00   0.0000e+00   2.7487e+02
20251210_21:00:00   1.3425e-01   3.9544e+01   2.4933e+00   0.0000e+00   0.0000e+00   2.7669e+02
20251211_00:00:00   1.2962e-01   3.8308e+01   2.4409e+00   0.0000e+00   0.0000e+00   2.7817e+02
20251211_03:00:00   1.2596e-01   3.7304e+01   2.4082e+00   0.0000e+00   0.0000e+00   2.7529e+02
20251211_06:00:00   1.2529e-01   3.7165e+01   2.3950e+00   0.0000e+00   3.3840e-05   2.7418e+02
20251211_09:00:00   1.2079e-01   3.6071e+01   2.3042e+00   0.0000e+00   4.7240e-04   2.7618e+02
20251211_12:00:00   1.1704e-01   3.5205e+01   2.1867e+00   0.0000e+00   4.0940e-03   2.7399e+02
20251211_15:00:00   1.1377e-01   3.4374e+01   2.1191e+00   0.0000e+00   9.8303e-04   2.7298e+02
20251211_18:00:00   1.1036e-01   3.3484e+01   2.0581e+00   0.0000e+00   2.0400e-05   2.7491e+02
20251211_21:00:00   1.1726e-01   3.4963e+01   2.2544e+00   0.0000e+00   3.0720e-05   2.7635e+02
20251212_00:00:00   1.1258e-01   3.3769e+01   2.1615e+00   0.0000e+00   0.0000e+00   2.7636e+02
20251212_03:00:00   1.0799e-01   3.2515e+01   2.0872e+00   0.0000e+00   0.0000e+00   2.7306e+02
20251212_06:00:00   1.0955e-01   3.2804e+01   2.1457e+00   0.0000e+00   0.0000e+00   2.7249e+02
20251212_09:00:00   1.0403e-01   3.1559e+01   1.9899e+00   0.0000e+00   2.3516e-05   2.7149e+02
20251212_12:00:00   1.0690e-01   3.2004e+01   2.1007e+00   0.0000e+00   2.8692e-03   2.7235e+02
20251212_15:00:00   1.3550e-01   3.8427e+01   2.8148e+00   0.0000e+00   1.6682e-02   2.7506e+02
20251212_18:00:00   1.4919e-01   4.1601e+01   3.1172e+00   0.0000e+00   8.7889e-03   2.7469e+02
20251212_21:00:00   1.9635e-01   5.2196e+01   4.1094e+00   0.0000e+00   5.1653e-02   2.7768e+02
20251213_00:00:00   2.0639e-01   5.4761e+01   4.2371e+00   0.0000e+00   7.6488e-03   2.8198e+02
20251213_03:00:00   2.3313e-01   6.0028e+01   4.8947e+00   0.0000e+00   1.2995e-02   2.8142e+02
20251213_06:00:00   2.6947e-01   6.8138e+01   5.4505e+00   0.0000e+00   2.7157e-03   2.8169e+02
20251213_09:00:00   2.0656e-01   5.5361e+01   4.0434e+00   0.0000e+00   0.0000e+00   2.8162e+02
20251213_12:00:00   2.3223e-01   6.0755e+01   4.5830e+00   0.0000e+00   0.0000e+00   2.8408e+02
20251213_15:00:00   2.7880e-01   7.0225e+01   5.5410e+00   0.0000e+00   1.3380e-04   2.8531e+02
20251213_18:00:00   3.1163e-01   7.6825e+01   6.2063e+00   0.0000e+00   2.1883e-04   2.8809e+02
20251213_21:00:00   3.4777e-01   8.3576e+01   6.9989e+00   0.0000e+00   6.3735e-03   2.8269e+02
20251214_00:00:00   4.0209e-01   9.3340e+01   8.1652e+00   0.0000e+00   1.1642e-02   2.7769e+02
20251214_03:00:00   4.2121e-01   9.6398e+01   8.6010e+00   0.0000e+00   2.2433e-02   2.7634e+02
20251214_06:00:00   5.2507e-01   1.1317e+02   1.0635e+01   0.0000e+00   1.1457e-01   2.7497e+02
20251214_09:00:00   5.9798e-01   1.2456e+02   1.1667e+01   0.0000e+00   1.7515e-01   2.7492e+02
20251214_12:00:00   4.7332e-01   1.0560e+02   9.0784e+00   1.0900e-04   6.1394e-02   2.7457e+02
20251214_15:00:00   3.7164e-01   8.8542e+01   6.3860e+00   0.0000e+00   6.1699e-02   2.7386e+02
20251214_18:00:00   4.3836e-01   1.0124e+02   5.2150e+00   4.5430e-02   4.1069e-02   2.7439e+02
20251214_21:00:00   1.9896e-01   5.3770e+01   3.2444e+00   0.0000e+00   6.8238e-03   2.7391e+02
20251215_00:00:00   1.6525e-01   4.6212e+01   2.7028e+00   0.0000e+00   3.7840e-06   2.8264e+02
20251215_03:00:00   2.2463e-01   5.9231e+01   3.7041e+00   5.7730e-06   0.0000e+00   2.8419e+02
20251215_06:00:00   2.8232e-01   7.1395e+01   4.2138e+00   1.0585e-02   0.0000e+00   2.8622e+02
20251215_09:00:00   1.7744e-01   4.8867e+01   3.0332e+00   3.4080e-05   1.1798e-04   2.8042e+02
20251215_12:00:00   1.4965e-01   4.2291e+01   2.6615e+00   0.0000e+00   2.9832e-04   2.8191e+02
20251215_15:00:00   1.6813e-01   4.6556e+01   3.0020e+00   4.4348e-04   1.2934e-03   2.7833e+02
20251215_18:00:00   1.5425e-01   4.3146e+01   2.8585e+00   0.0000e+00   3.5055e-03   2.7692e+02
20251215_21:00:00   2.2367e-01   5.8081e+01   4.3416e+00   0.0000e+00   4.1563e-02   2.7729e+02
20251216_00:00:00   2.4653e-01   6.2483e+01   4.9753e+00   0.0000e+00   2.1735e-02   2.8282e+02
20251216_03:00:00   2.9194e-01   7.1344e+01   5.9670e+00   0.0000e+00   9.0273e-02   2.8770e+02
20251216_06:00:00   3.5918e-01   8.3755e+01   7.4991e+00   0.0000e+00   4.2019e-02   2.8688e+02
20251216_09:00:00   4.2953e-01   9.6377e+01   8.7858e+00   0.0000e+00   6.2943e-02   2.8482e+02
20251216_12:00:00   4.6528e-01   1.0235e+02   9.3375e+00   0.0000e+00   1.2066e-01   2.7898e+02
20251216_15:00:00   4.8946e-01   1.0607e+02   9.6505e+00   0.0000e+00   3.9033e-01   2.7970e+02
20251216_18:00:00   5.5640e-01   1.1712e+02   1.0753e+01   0.0000e+00   3.2228e-01   2.8437e+02
20251216_21:00:00   5.2910e-01   1.1340e+02   9.8558e+00   0.0000e+00   1.8323e-01   2.9901e+02
20251217_00:00:00   5.5916e-01   1.1802e+02   1.0027e+01   0.0000e+00   1.8089e-01   3.1506e+02
20251217_03:00:00   4.8784e-01   1.0736e+02   8.8823e+00   0.0000e+00   6.2445e-02   3.0475e+02
20251217_06:00:00   3.5869e-01   8.5373e+01   6.5458e+00   0.0000e+00   0.0000e+00   3.0316e+02
20251217_09:00:00   2.6898e-01   6.8167e+01   4.8627e+00   0.0000e+00   0.0000e+00   2.9213e+02
20251217_12:00:00   2.1089e-01   5.6046e+01   3.7992e+00   0.0000e+00   0.0000e+00   2.8444e+02
20251217_15:00:00   1.9937e-01   5.3488e+01   3.6719e+00   0.0000e+00   0.0000e+00   2.7926e+02
20251217_18:00:00   2.0813e-01   5.5123e+01   4.0473e+00   0.0000e+00   0.0000e+00   2.8529e+02
20251217_21:00:00   2.5051e-01   6.3706e+01   5.0916e+00   0.0000e+00   1.4555e-03   2.7913e+02
20251218_00:00:00   3.0574e-01   7.4875e+01   6.3438e+00   0.0000e+00   5.1287e-03   2.8136e+02
20251218_03:00:00   3.9380e-01   9.3004e+01   7.7012e+00   0.0000e+00   0.0000e+00   2.8128e+02
20251218_06:00:00   3.5514e-01   8.6430e+01   6.6819e+00   0.0000e+00   0.0000e+00   2.7764e+02
20251218_09:00:00   3.3257e-01   8.1749e+01   6.3835e+00   0.0000e+00   2.0303e-03   2.7414e+02
20251218_12:00:00   2.7774e-01   6.9958e+01   5.6281e+00   0.0000e+00   2.4048e-03   2.6958e+02
