#            date       tau255        Tb[K]      pwv[mm] lwp[kg*m^-2] iwp[kg*m^-2]       o3[DU]
20251206_00:00:00   2.3852e-01   6.1701e+01   4.4446e+00   0.0000e+00   0.0000e+00   2.9916e+02
20251206_01:00:00   2.2538e-01   5.8986e+01   4.2506e+00   0.0000e+00   0.0000e+00   2.9628e+02
20251206_02:00:00   2.2200e-01   5.8280e+01   4.2075e+00   0.0000e+00   0.0000e+00   2.9400e+02
20251206_03:00:00   2.1939e-01   5.7688e+01   4.1725e+00   0.0000e+00   0.0000e+00   2.9201e+02
20251206_04:00:00   2.1551e-01   5.6867e+01   4.1020e+00   0.0000e+00   0.0000e+00   2.9316e+02
20251206_05:00:00   2.0678e-01   5.5062e+01   3.9465e+00   0.0000e+00   0.0000e+00   2.9139e+02
20251206_06:00:00   2.0951e-01   5.5702e+01   4.0119e+00   0.0000e+00   0.0000e+00   2.9059e+02
20251206_07:00:00   2.1589e-01   5.7063e+01   4.1492e+00   0.0000e+00   0.0000e+00   2.8960e+02
20251206_08:00:00   2.1923e-01   5.7781e+01   4.2213e+00   0.0000e+00   0.0000e+00   2.8891e+02
20251206_09:00:00   2.1863e-01   5.7707e+01   4.2174e+00   0.0000e+00   0.0000e+00   2.8714e+02
20251206_10:00:00   2.2366e-01   5.8788e+01   4.3363e+00   0.0000e+00   0.0000e+00   2.8687e+02
20251206_11:00:00   2.3198e-01   6.0516e+01   4.5264e+00   0.0000e+00   0.0000e+00   2.8608e+02
20251206_12:00:00   2.3552e-01   6.1274e+01   4.6049e+00   0.0000e+00   0.0000e+00   2.8372e+02
20251206_13:00:00   2.4940e-01   6.4152e+01   4.9103e+00   0.0000e+00   0.0000e+00   2.8012e+02
20251206_14:00:00   2.5791e-01   6.5940e+01   5.0932e+00   0.0000e+00   0.0000e+00   2.7712e+02
20251206_15:00:00   2.7216e-01   6.8918e+01   5.3658e+00   0.0000e+00   0.0000e+00   2.7617e+02
20251206_16:00:00   2.9386e-01   7.3386e+01   5.7613e+00   0.0000e+00   0.0000e+00   2.7675e+02
20251206_17:00:00   3.1632e-01   7.7929e+01   6.1735e+00   0.0000e+00   0.0000e+00   2.7818e+02
20251206_18:00:00   3.1929e-01   7.8600e+01   6.2017e+00   0.0000e+00   0.0000e+00   2.7663e+02
20251206_19:00:00   3.1927e-01   7.8689e+01   6.1569e+00   0.0000e+00   0.0000e+00   2.7727e+02
20251206_20:00:00   3.2708e-01   8.0311e+01   6.2496e+00   0.0000e+00   0.0000e+00   2.7700e+02
20251206_21:00:00   3.3612e-01   8.2154e+01   6.3197e+00   0.0000e+00   0.0000e+00   2.7615e+02
20251206_22:00:00   3.4561e-01   8.3965e+01   6.4094e+00   0.0000e+00   0.0000e+00   2.7538e+02
20251206_23:00:00   3.4208e-01   8.3495e+01   6.4352e+00   0.0000e+00   0.0000e+00   2.7495e+02
20251207_00:00:00   3.5795e-01   8.6383e+01   6.7391e+00   0.0000e+00   0.0000e+00   2.7293e+02
20251207_01:00:00   3.8573e-01   9.1595e+01   7.2778e+00   0.0000e+00   0.0000e+00   2.7222e+02
20251207_02:00:00   3.9676e-01   9.3628e+01   7.5277e+00   0.0000e+00   0.0000e+00   2.7202e+02
20251207_03:00:00   3.9950e-01   9.4064e+01   7.6277e+00   0.0000e+00   0.0000e+00   2.7162e+02
20251207_04:00:00   3.9205e-01   9.2819e+01   7.4763e+00   0.0000e+00   0.0000e+00   2.7170e+02
20251207_05:00:00   3.8710e-01   9.1920e+01   7.3727e+00   0.0000e+00   0.0000e+00   2.7271e+02
20251207_06:00:00   3.9474e-01   9.3188e+01   7.5452e+00   0.0000e+00   0.0000e+00   2.7291e+02
20251207_07:00:00   4.0459e-01   9.4840e+01   7.7948e+00   0.0000e+00   0.0000e+00   2.7238e+02
20251207_08:00:00   3.9936e-01   9.3888e+01   7.7224e+00   0.0000e+00   0.0000e+00   2.7192e+02
20251207_09:00:00   3.9482e-01   9.2997e+01   7.6675e+00   0.0000e+00   0.0000e+00   2.7163e+02
20251207_10:00:00   3.9473e-01   9.2946e+01   7.6736e+00   0.0000e+00   0.0000e+00   2.7167e+02
20251207_11:00:00   3.9646e-01   9.3215e+01   7.7335e+00   0.0000e+00   0.0000e+00   2.7057e+02
20251207_12:00:00   3.9135e-01   9.2305e+01   7.6380e+00   0.0000e+00   0.0000e+00   2.6955e+02
20251207_13:00:00   3.8515e-01   9.1212e+01   7.5228e+00   0.0000e+00   0.0000e+00   2.7115e+02
20251207_14:00:00   3.8416e-01   9.1049e+01   7.4784e+00   0.0000e+00   0.0000e+00   2.7029e+02
20251207_15:00:00   3.7596e-01   8.9593e+01   7.3274e+00   0.0000e+00   0.0000e+00   2.6925e+02
20251207_16:00:00   3.7161e-01   8.8837e+01   7.2458e+00   0.0000e+00   0.0000e+00   2.6865e+02
20251207_17:00:00   3.6475e-01   8.7612e+01   7.1093e+00   0.0000e+00   0.0000e+00   2.6933e+02
20251207_18:00:00   3.4949e-01   8.4823e+01   6.8123e+00   0.0000e+00   0.0000e+00   2.6919e+02
20251207_19:00:00   3.3339e-01   8.1773e+01   6.5009e+00   0.0000e+00   0.0000e+00   2.6807e+02
20251207_20:00:00   3.2203e-01   7.9586e+01   6.2819e+00   0.0000e+00   0.0000e+00   2.6715e+02
20251207_21:00:00   3.1664e-01   7.8495e+01   6.1969e+00   0.0000e+00   0.0000e+00   2.6639e+02
20251207_22:00:00   3.1097e-01   7.7407e+01   6.0980e+00   0.0000e+00   0.0000e+00   2.6632e+02
20251207_23:00:00   3.0350e-01   7.5963e+01   5.9551e+00   0.0000e+00   0.0000e+00   2.6643e+02
20251208_00:00:00   2.9459e-01   7.4206e+01   5.7731e+00   0.0000e+00   0.0000e+00   2.6737e+02
20251208_01:00:00   2.8447e-01   7.2196e+01   5.5627e+00   0.0000e+00   0.0000e+00   2.7030e+02
20251208_02:00:00   2.7767e-01   7.0843e+01   5.4269e+00   0.0000e+00   0.0000e+00   2.7248e+02
20251208_03:00:00   2.7116e-01   6.9523e+01   5.2959e+00   0.0000e+00   0.0000e+00   2.7329e+02
20251208_04:00:00   2.6767e-01   6.8793e+01   5.2278e+00   0.0000e+00   0.0000e+00   2.7317e+02
20251208_05:00:00   2.6210e-01   6.7658e+01   5.1189e+00   0.0000e+00   0.0000e+00   2.7176e+02
20251208_06:00:00   2.5907e-01   6.7043e+01   5.0569e+00   0.0000e+00   0.0000e+00   2.7147e+02
20251208_07:00:00   2.5716e-01   6.6638e+01   5.0184e+00   0.0000e+00   0.0000e+00   2.7086e+02
20251208_08:00:00   2.5630e-01   6.6450e+01   5.0037e+00   0.0000e+00   0.0000e+00   2.6992e+02
20251208_09:00:00   2.5913e-01   6.7020e+01   5.0698e+00   0.0000e+00   0.0000e+00   2.6873e+02
20251208_10:00:00   2.6193e-01   6.7584e+01   5.1294e+00   0.0000e+00   0.0000e+00   2.6948e+02
20251208_11:00:00   2.6647e-01   6.8475e+01   5.2295e+00   0.0000e+00   0.0000e+00   2.6935e+02
20251208_12:00:00   2.6470e-01   6.8087e+01   5.1939e+00   0.0000e+00   0.0000e+00   2.6897e+02
20251208_13:00:00   2.6064e-01   6.7253e+01   5.1012e+00   0.0000e+00   0.0000e+00   2.6960e+02
20251208_14:00:00   2.5908e-01   6.6875e+01   5.0720e+00   0.0000e+00   0.0000e+00   2.7085e+02
20251208_15:00:00   2.6505e-01   6.8011e+01   5.1951e+00   0.0000e+00   0.0000e+00   2.7251e+02
20251208_16:00:00   2.6560e-01   6.8108e+01   5.2099e+00   0.0000e+00   0.0000e+00   2.7326e+02
20251208_17:00:00   2.6808e-01   6.8581e+01   5.2703e+00   0.0000e+00   0.0000e+00   2.7210e+02
20251208_18:00:00   2.6692e-01   6.8357e+01   5.2461e+00   0.0000e+00   0.0000e+00   2.7316e+02
20251208_19:00:00   2.5345e-01   6.5664e+01   4.9388e+00   0.0000e+00   0.0000e+00   2.7631e+02
20251208_20:00:00   2.3773e-01   6.2517e+01   4.5518e+00   0.0000e+00   0.0000e+00   2.8094e+02
20251208_21:00:00   2.2704e-01   6.0345e+01   4.2794e+00   0.0000e+00   0.0000e+00   2.8159e+02
20251208_22:00:00   2.1837e-01   5.8519e+01   4.0921e+00   0.0000e+00   0.0000e+00   2.8084e+02
20251208_23:00:00   1.9977e-01   5.4453e+01   3.6981e+00   0.0000e+00   0.0000e+00   2.8065e+02
20251209_00:00:00   1.7698e-01   4.9306e+01   3.2495e+00   0.0000e+00   0.0000e+00   2.8194e+02
20251209_01:00:00   1.6371e-01   4.6207e+01   2.9916e+00   0.0000e+00   0.0000e+00   2.8375e+02
20251209_02:00:00   1.6255e-01   4.5881e+01   2.9746e+00   0.0000e+00   0.0000e+00   2.8691e+02
20251209_03:00:00   1.6626e-01   4.6650e+01   3.0824e+00   0.0000e+00   0.0000e+00   2.8520e+02
20251209_04:00:00   1.7206e-01   4.7907e+01   3.2463e+00   0.0000e+00   0.0000e+00   2.8030e+02
20251209_05:00:00   1.8758e-01   5.1285e+01   3.6159e+00   0.0000e+00   0.0000e+00   2.8263e+02
20251209_06:00:00   1.9726e-01   5.3354e+01   3.8618e+00   0.0000e+00   0.0000e+00   2.8630e+02
20251209_07:00:00   1.9439e-01   5.2750e+01   3.8156e+00   0.0000e+00   0.0000e+00   2.8994e+02
20251209_08:00:00   1.8637e-01   5.1114e+01   3.5993e+00   0.0000e+00   0.0000e+00   2.9107e+02
20251209_09:00:00   1.8314e-01   5.0524e+01   3.4904e+00   0.0000e+00   0.0000e+00   2.9094e+02
20251209_10:00:00   1.7774e-01   4.9327e+01   3.3666e+00   0.0000e+00   0.0000e+00   2.8988e+02
20251209_11:00:00   1.7236e-01   4.8093e+01   3.2593e+00   0.0000e+00   0.0000e+00   2.9019e+02
20251209_12:00:00   1.6686e-01   4.6843e+01   3.1472e+00   0.0000e+00   0.0000e+00   2.9070e+02
20251209_13:00:00   1.6108e-01   4.5519e+01   3.0296e+00   0.0000e+00   0.0000e+00   2.8921e+02
20251209_14:00:00   1.6145e-01   4.5603e+01   3.0398e+00   0.0000e+00   0.0000e+00   2.8853e+02
20251209_15:00:00   1.6369e-01   4.6110e+01   3.1004e+00   0.0000e+00   0.0000e+00   2.8826e+02
20251209_16:00:00   1.6828e-01   4.7146e+01   3.2243e+00   0.0000e+00   0.0000e+00   2.8835e+02
20251209_17:00:00   1.7141e-01   4.7863e+01   3.3157e+00   0.0000e+00   0.0000e+00   2.8843e+02
20251209_18:00:00   1.7705e-01   4.9162e+01   3.4437e+00   0.0000e+00   0.0000e+00   2.8789e+02
20251209_19:00:00   1.8279e-01   5.0464e+01   3.5686e+00   0.0000e+00   0.0000e+00   2.8468e+02
20251209_20:00:00   1.8554e-01   5.1065e+01   3.6527e+00   0.0000e+00   0.0000e+00   2.8521e+02
20251209_21:00:00   1.9181e-01   5.2472e+01   3.7887e+00   0.0000e+00   0.0000e+00   2.8499e+02
20251209_22:00:00   1.9395e-01   5.2927e+01   3.8399e+00   0.0000e+00   0.0000e+00   2.8540e+02
20251209_23:00:00   1.9290e-01   5.2612e+01   3.8436e+00   0.0000e+00   0.0000e+00   2.8819e+02
20251210_00:00:00   1.8687e-01   5.1198e+01   3.7516e+00   0.0000e+00   0.0000e+00   2.9004e+02
20251210_01:00:00   1.9028e-01   5.1908e+01   3.8568e+00   0.0000e+00   0.0000e+00   2.8782e+02
20251210_02:00:00   2.0125e-01   5.4340e+01   4.1072e+00   0.0000e+00   0.0000e+00   2.8848e+02
20251210_03:00:00   2.2656e-01   5.9850e+01   4.6576e+00   0.0000e+00   0.0000e+00   2.8622e+02
20251210_04:00:00   2.3980e-01   6.2707e+01   4.9387e+00   0.0000e+00   0.0000e+00   2.8341e+02
20251210_05:00:00   2.5122e-01   6.5078e+01   5.2046e+00   0.0000e+00   0.0000e+00   2.8103e+02
20251210_06:00:00   2.9192e-01   7.3594e+01   6.0589e+00   0.0000e+00   0.0000e+00   2.7954e+02
20251210_07:00:00   3.4612e-01   8.4395e+01   7.0945e+00   0.0000e+00   0.0000e+00   2.7915e+02
20251210_08:00:00   3.8164e-01   9.1080e+01   7.7892e+00   0.0000e+00   0.0000e+00   2.7897e+02
20251210_09:00:00   3.9465e-01   9.3353e+01   8.0520e+00   0.0000e+00   0.0000e+00   2.7678e+02
20251210_10:00:00   4.0789e-01   9.5842e+01   8.2829e+00   0.0000e+00   0.0000e+00   2.7678e+02
20251210_11:00:00   4.2215e-01   9.8623e+01   8.5126e+00   0.0000e+00   0.0000e+00   2.7808e+02
20251210_12:00:00   4.2419e-01   9.9270e+01   8.5014e+00   0.0000e+00   0.0000e+00   2.8000e+02
20251210_13:00:00   4.2278e-01   9.9086e+01   8.4371e+00   0.0000e+00   0.0000e+00   2.8254e+02
20251210_14:00:00   4.0929e-01   9.6690e+01   8.1741e+00   0.0000e+00   0.0000e+00   2.8325e+02
20251210_15:00:00   4.1566e-01   9.7955e+01   8.2799e+00   0.0000e+00   0.0000e+00   2.8373e+02
20251210_16:00:00   4.2421e-01   9.9631e+01   8.4489e+00   0.0000e+00   0.0000e+00   2.8493e+02
20251210_17:00:00   4.3026e-01   1.0074e+02   8.5711e+00   0.0000e+00   0.0000e+00   2.8700e+02
20251210_18:00:00   4.2380e-01   9.9558e+01   8.4392e+00   0.0000e+00   0.0000e+00   2.8908e+02
20251210_19:00:00   4.1711e-01   9.8374e+01   8.2917e+00   0.0000e+00   0.0000e+00   2.9041e+02
20251210_20:00:00   4.1623e-01   9.8232e+01   8.2509e+00   0.0000e+00   0.0000e+00   2.9041e+02
20251210_21:00:00   4.3573e-01   1.0186e+02   8.5649e+00   0.0000e+00   0.0000e+00   2.8894e+02
20251210_22:00:00   4.4669e-01   1.0398e+02   8.7092e+00   0.0000e+00   0.0000e+00   2.8844e+02
20251210_23:00:00   4.4728e-01   1.0408e+02   8.6638e+00   0.0000e+00   0.0000e+00   2.8850e+02
20251211_00:00:00   4.4811e-01   1.0423e+02   8.6752e+00   0.0000e+00   0.0000e+00   2.8872e+02
20251211_03:00:00   4.5593e-01   1.0563e+02   8.8386e+00   0.0000e+00   0.0000e+00   2.8535e+02
20251211_06:00:00   4.4679e-01   1.0383e+02   8.7134e+00   0.0000e+00   0.0000e+00   2.8305e+02
20251211_09:00:00   4.7261e-01   1.0826e+02   9.2037e+00   0.0000e+00   0.0000e+00   2.8349e+02
20251211_12:00:00   4.5361e-01   1.0493e+02   8.8722e+00   0.0000e+00   0.0000e+00   2.7837e+02
20251211_15:00:00   4.6043e-01   1.0578e+02   9.1030e+00   0.0000e+00   0.0000e+00   2.7677e+02
20251211_18:00:00   4.2042e-01   9.8860e+01   8.3144e+00   0.0000e+00   0.0000e+00   2.7348e+02
20251211_21:00:00   4.2892e-01   1.0068e+02   8.2806e+00   0.0000e+00   0.0000e+00   2.7401e+02
20251212_00:00:00   4.0548e-01   9.6490e+01   7.8033e+00   0.0000e+00   0.0000e+00   2.7706e+02
20251212_03:00:00   3.8854e-01   9.3488e+01   7.4247e+00   0.0000e+00   0.0000e+00   2.7585e+02
20251212_06:00:00   3.9160e-01   9.4047e+01   7.4787e+00   0.0000e+00   0.0000e+00   2.7536e+02
20251212_09:00:00   3.8161e-01   9.2333e+01   7.1607e+00   0.0000e+00   0.0000e+00   2.7802e+02
20251212_12:00:00   3.5048e-01   8.6400e+01   6.5933e+00   0.0000e+00   0.0000e+00   2.7594e+02
20251212_15:00:00   3.2705e-01   8.1665e+01   6.2252e+00   0.0000e+00   0.0000e+00   2.7481e+02
20251212_18:00:00   2.9012e-01   7.4101e+01   5.5833e+00   0.0000e+00   0.0000e+00   2.8148e+02
20251212_21:00:00   2.6792e-01   6.9303e+01   5.2358e+00   0.0000e+00   0.0000e+00   2.8780e+02
20251213_00:00:00   2.4276e-01   6.3930e+01   4.7548e+00   0.0000e+00   0.0000e+00   2.8655e+02
20251213_03:00:00   2.3738e-01   6.2766e+01   4.6552e+00   0.0000e+00   0.0000e+00   2.8395e+02
20251213_06:00:00   2.3223e-01   6.1750e+01   4.5251e+00   0.0000e+00   0.0000e+00   2.8184e+02
20251213_09:00:00   2.3567e-01   6.2579e+01   4.5486e+00   0.0000e+00   0.0000e+00   2.8049e+02
20251213_12:00:00   2.3181e-01   6.1748e+01   4.4600e+00   0.0000e+00   0.0000e+00   2.7579e+02
20251213_15:00:00   2.2487e-01   6.0237e+01   4.3292e+00   0.0000e+00   0.0000e+00   2.7129e+02
20251213_18:00:00   2.1262e-01   5.7523e+01   4.1013e+00   0.0000e+00   0.0000e+00   2.7148e+02
20251213_21:00:00   2.2931e-01   6.1276e+01   4.3635e+00   0.0000e+00   0.0000e+00   2.6753e+02
20251214_00:00:00   2.2972e-01   6.1398e+01   4.3527e+00   0.0000e+00   0.0000e+00   2.6558e+02
20251214_03:00:00   1.9879e-01   5.4490e+01   3.8026e+00   0.0000e+00   0.0000e+00   2.6612e+02
20251214_06:00:00   2.0451e-01   5.5823e+01   3.8795e+00   0.0000e+00   0.0000e+00   2.6150e+02
20251214_09:00:00   1.9734e-01   5.4111e+01   3.7519e+00   0.0000e+00   0.0000e+00   2.6101e+02
20251214_12:00:00   1.8873e-01   5.2012e+01   3.6092e+00   0.0000e+00   2.8900e-04   2.5985e+02
20251214_15:00:00   1.7794e-01   4.9312e+01   3.4472e+00   0.0000e+00   8.8423e-04   2.6323e+02
20251214_18:00:00   1.6437e-01   4.6077e+01   3.1968e+00   0.0000e+00   1.8342e-05   2.6289e+02
20251214_21:00:00   1.8089e-01   4.9948e+01   3.4969e+00   0.0000e+00   3.5948e-03   2.6085e+02
20251215_00:00:00   2.0449e-01   5.4787e+01   4.1013e+00   0.0000e+00   6.9222e-03   2.6077e+02
20251215_03:00:00   2.1776e-01   5.7130e+01   4.5156e+00   0.0000e+00   1.0122e-02   2.6412e+02
20251215_06:00:00   2.0205e-01   5.3987e+01   4.1167e+00   0.0000e+00   2.1545e-04   2.6415e+02
20251215_09:00:00   1.9492e-01   5.2864e+01   3.8189e+00   0.0000e+00   1.3806e-03   2.6633e+02
20251215_12:00:00   2.0689e-01   5.5325e+01   4.1174e+00   0.0000e+00   4.1580e-04   2.6581e+02
20251215_15:00:00   2.1473e-01   5.7011e+01   4.2779e+00   0.0000e+00   3.6942e-03   2.6814e+02
20251215_18:00:00   2.0972e-01   5.5907e+01   4.1788e+00   0.0000e+00   1.0513e-04   2.6937e+02
20251215_21:00:00   2.3365e-01   6.1329e+01   4.5560e+00   0.0000e+00   0.0000e+00   2.7039e+02
20251216_00:00:00   2.5661e-01   6.6071e+01   5.0335e+00   0.0000e+00   0.0000e+00   2.7023e+02
20251216_03:00:00   2.3072e-01   6.0555e+01   4.5432e+00   0.0000e+00   0.0000e+00   2.6598e+02
20251216_06:00:00   2.4997e-01   6.4556e+01   4.9396e+00   0.0000e+00   0.0000e+00   2.6346e+02
20251216_09:00:00   2.5024e-01   6.4684e+01   4.9167e+00   0.0000e+00   0.0000e+00   2.6204e+02
20251216_12:00:00   2.5032e-01   6.4827e+01   4.8705e+00   0.0000e+00   0.0000e+00   2.6475e+02
20251216_15:00:00   2.5364e-01   6.5578e+01   4.9162e+00   0.0000e+00   0.0000e+00   2.6593e+02
20251216_18:00:00   2.6057e-01   6.7065e+01   5.0564e+00   0.0000e+00   0.0000e+00   2.6740e+02
20251216_21:00:00   2.8036e-01   7.1062e+01   5.4327e+00   0.0000e+00   0.0000e+00   2.6788e+02
20251217_00:00:00   3.3226e-01   8.1438e+01   6.3940e+00   0.0000e+00   0.0000e+00   2.6850e+02
20251217_03:00:00   3.0782e-01   7.6989e+01   5.8369e+00   0.0000e+00   0.0000e+00   2.7226e+02
20251217_06:00:00   2.7818e-01   7.0879e+01   5.2993e+00   0.0000e+00   0.0000e+00   2.7129e+02
20251217_09:00:00   2.7633e-01   7.0433e+01   5.2654e+00   0.0000e+00   0.0000e+00   2.7197e+02
20251217_12:00:00   2.6361e-01   6.7622e+01   5.0450e+00   0.0000e+00   0.0000e+00   2.7366e+02
20251217_15:00:00   2.5267e-01   6.5227e+01   4.8425e+00   0.0000e+00   0.0000e+00   2.8135e+02
20251217_18:00:00   2.5202e-01   6.4975e+01   4.8547e+00   0.0000e+00   0.0000e+00   2.8034e+02
20251217_21:00:00   2.8519e-01   7.1898e+01   5.4348e+00   0.0000e+00   0.0000e+00   2.7750e+02
20251218_00:00:00   2.8685e-01   7.2377e+01   5.4353e+00   0.0000e+00   0.0000e+00   2.7410e+02
20251218_03:00:00   2.6896e-01   6.8601e+01   5.1526e+00   0.0000e+00   0.0000e+00   2.7476e+02
20251218_06:00:00   2.6650e-01   6.8091e+01   5.0976e+00   0.0000e+00   0.0000e+00   2.7285e+02
20251218_09:00:00   2.6046e-01   6.6819e+01   4.9785e+00   0.0000e+00   0.0000e+00   2.7400e+02
20251218_12:00:00   2.5554e-01   6.5749e+01   4.8791e+00   0.0000e+00   0.0000e+00   2.7331e+02
20251218_15:00:00   2.4424e-01   6.3304e+01   4.6931e+00   0.0000e+00   0.0000e+00   2.7275e+02
20251218_18:00:00   2.2394e-01   5.9085e+01   4.2816e+00   0.0000e+00   0.0000e+00   2.7421e+02
20251218_21:00:00   2.4454e-01   6.3847e+01   4.5434e+00   0.0000e+00   0.0000e+00   2.7326e+02
20251219_00:00:00   2.3363e-01   6.1784e+01   4.2760e+00   0.0000e+00   0.0000e+00   2.7537e+02
20251219_03:00:00   2.0317e-01   5.5127e+01   3.7217e+00   0.0000e+00   0.0000e+00   2.7464e+02
20251219_06:00:00   1.9109e-01   5.2461e+01   3.4879e+00   0.0000e+00   9.8020e-07   2.7369e+02
20251219_09:00:00   1.7646e-01   4.9124e+01   3.2080e+00   0.0000e+00   2.1037e-03   2.7204e+02
20251219_12:00:00   1.5252e-01   4.3572e+01   2.7521e+00   0.0000e+00   4.8596e-03   2.7420e+02
20251219_15:00:00   1.2920e-01   3.7941e+01   2.3306e+00   0.0000e+00   3.4517e-03   2.7650e+02
20251219_18:00:00   1.1993e-01   3.5765e+01   2.1284e+00   0.0000e+00   9.8103e-04   2.7627e+02
20251219_21:00:00   1.2297e-01   3.6518e+01   2.1955e+00   0.0000e+00   1.5582e-03   2.7221e+02
20251220_00:00:00   1.2984e-01   3.8257e+01   2.3063e+00   0.0000e+00   1.5430e-03   2.6883e+02
20251220_03:00:00   1.1133e-01   3.3413e+01   2.0511e+00   0.0000e+00   0.0000e+00   2.6676e+02
20251220_06:00:00   1.0173e-01   3.0870e+01   1.8963e+00   0.0000e+00   0.0000e+00   2.6480e+02
20251220_09:00:00   1.0178e-01   3.0904e+01   1.8910e+00   0.0000e+00   0.0000e+00   2.6381e+02
20251220_12:00:00   1.0642e-01   3.1965e+01   2.0154e+00   0.0000e+00   0.0000e+00   2.6081e+02
20251220_15:00:00   1.0646e-01   3.1999e+01   2.0246e+00   0.0000e+00   0.0000e+00   2.6165e+02
20251220_18:00:00   1.2417e-01   3.6325e+01   2.4203e+00   0.0000e+00   0.0000e+00   2.5931e+02
20251220_21:00:00   1.4588e-01   4.1457e+01   2.8903e+00   0.0000e+00   0.0000e+00   2.5649e+02
20251221_00:00:00   1.6463e-01   4.5683e+01   3.3332e+00   0.0000e+00   0.0000e+00   2.5584e+02
20251221_03:00:00   1.6821e-01   4.6346e+01   3.4516e+00   0.0000e+00   0.0000e+00   2.5741e+02
20251221_06:00:00   1.7287e-01   4.7579e+01   3.4702e+00   0.0000e+00   0.0000e+00   2.5837e+02
20251221_09:00:00   1.6917e-01   4.6680e+01   3.3566e+00   0.0000e+00   0.0000e+00   2.5915e+02
20251221_12:00:00   1.9257e-01   5.1496e+01   3.9193e+00   0.0000e+00   0.0000e+00   2.6379e+02
20251221_15:00:00   4.7542e-01   1.0531e+02   9.5296e+00   0.0000e+00   3.0434e-02   2.6330e+02
20251221_18:00:00   5.6634e-01   1.2057e+02   1.0870e+01   0.0000e+00   3.9475e-03   2.6451e+02
20251221_21:00:00   7.5919e-01   1.4760e+02   1.3230e+01   1.6422e-02   4.5002e-03   2.6717e+02
20251222_00:00:00   9.0133e-01   1.6361e+02   1.4387e+01   4.3978e-02   1.2655e-01   2.7148e+02
