#            date       tau255        Tb[K]      pwv[mm] lwp[kg*m^-2] iwp[kg*m^-2]       o3[DU]
20251208_12:00:00   1.8219e-01   4.9742e+01   3.6530e+00   0.0000e+00   0.0000e+00   2.7236e+02
20251208_13:00:00   1.8109e-01   4.9489e+01   3.6267e+00   0.0000e+00   0.0000e+00   2.7435e+02
20251208_14:00:00   1.7788e-01   4.8768e+01   3.5535e+00   0.0000e+00   0.0000e+00   2.7644e+02
20251208_15:00:00   1.7861e-01   4.8828e+01   3.5833e+00   0.0000e+00   0.0000e+00   2.7908e+02
20251208_16:00:00   1.8154e-01   4.9416e+01   3.6560e+00   0.0000e+00   0.0000e+00   2.8567e+02
20251208_17:00:00   1.8702e-01   5.0625e+01   3.7717e+00   0.0000e+00   0.0000e+00   2.8883e+02
20251208_18:00:00   1.9345e-01   5.2062e+01   3.8911e+00   0.0000e+00   0.0000e+00   2.9110e+02
20251208_19:00:00   2.0182e-01   5.3962e+01   4.0439e+00   0.0000e+00   0.0000e+00   2.8940e+02
20251208_20:00:00   2.1391e-01   5.6724e+01   4.2581e+00   0.0000e+00   0.0000e+00   2.8550e+02
20251208_21:00:00   2.1211e-01   5.6569e+01   4.1451e+00   0.0000e+00   0.0000e+00   2.8661e+02
20251208_22:00:00   2.0206e-01   5.4614e+01   3.8634e+00   0.0000e+00   0.0000e+00   2.8798e+02
20251208_23:00:00   1.8888e-01   5.1832e+01   3.5402e+00   0.0000e+00   0.0000e+00   2.8711e+02
20251209_00:00:00   1.7656e-01   4.9151e+01   3.2468e+00   0.0000e+00   0.0000e+00   2.8791e+02
20251209_01:00:00   1.7610e-01   4.9106e+01   3.2060e+00   0.0000e+00   0.0000e+00   2.8642e+02
20251209_02:00:00   1.7321e-01   4.8512e+01   3.1108e+00   0.0000e+00   0.0000e+00   2.8438e+02
20251209_03:00:00   1.5876e-01   4.5208e+01   2.8061e+00   0.0000e+00   0.0000e+00   2.8527e+02
20251209_04:00:00   1.4433e-01   4.1802e+01   2.5237e+00   0.0000e+00   0.0000e+00   2.8820e+02
20251209_05:00:00   1.3352e-01   3.9193e+01   2.3141e+00   0.0000e+00   0.0000e+00   2.8942e+02
20251209_06:00:00   1.2221e-01   3.6430e+01   2.1029e+00   0.0000e+00   0.0000e+00   2.9159e+02
20251209_07:00:00   1.1612e-01   3.4901e+01   1.9941e+00   0.0000e+00   0.0000e+00   2.9238e+02
20251209_08:00:00   1.1037e-01   3.3454e+01   1.8971e+00   0.0000e+00   0.0000e+00   2.8893e+02
20251209_09:00:00   1.0639e-01   3.2434e+01   1.8409e+00   0.0000e+00   0.0000e+00   2.8677e+02
20251209_10:00:00   1.0805e-01   3.2822e+01   1.8917e+00   0.0000e+00   0.0000e+00   2.8560e+02
20251209_11:00:00   1.0256e-01   3.1462e+01   1.7852e+00   0.0000e+00   0.0000e+00   2.8543e+02
20251209_12:00:00   9.6991e-02   3.0071e+01   1.6733e+00   0.0000e+00   0.0000e+00   2.8485e+02
20251209_13:00:00   9.7913e-02   3.0270e+01   1.7024e+00   0.0000e+00   0.0000e+00   2.8537e+02
20251209_14:00:00   9.7852e-02   3.0189e+01   1.7298e+00   0.0000e+00   0.0000e+00   2.8353e+02
20251209_15:00:00   1.0192e-01   3.1158e+01   1.8316e+00   0.0000e+00   0.0000e+00   2.8375e+02
20251209_16:00:00   1.0693e-01   3.2325e+01   1.9716e+00   0.0000e+00   0.0000e+00   2.8800e+02
20251209_17:00:00   1.1906e-01   3.5184e+01   2.2738e+00   0.0000e+00   0.0000e+00   2.8825e+02
20251209_18:00:00   1.3185e-01   3.8175e+01   2.5885e+00   0.0000e+00   0.0000e+00   2.8591e+02
20251209_19:00:00   1.4699e-01   4.1633e+01   2.9621e+00   0.0000e+00   0.0000e+00   2.8456e+02
20251209_20:00:00   1.6726e-01   4.6224e+01   3.4380e+00   0.0000e+00   0.0000e+00   2.8503e+02
20251209_21:00:00   1.8337e-01   4.9919e+01   3.7944e+00   0.0000e+00   0.0000e+00   2.8374e+02
20251209_22:00:00   1.9865e-01   5.3415e+01   4.1143e+00   0.0000e+00   0.0000e+00   2.8405e+02
20251209_23:00:00   2.1433e-01   5.6932e+01   4.4452e+00   0.0000e+00   0.0000e+00   2.8276e+02
20251210_00:00:00   2.2781e-01   5.9925e+01   4.7282e+00   0.0000e+00   0.0000e+00   2.8206e+02
20251210_01:00:00   2.3221e-01   6.0970e+01   4.8072e+00   0.0000e+00   0.0000e+00   2.8164e+02
20251210_02:00:00   2.3566e-01   6.1802e+01   4.8716e+00   0.0000e+00   0.0000e+00   2.8630e+02
20251210_03:00:00   2.4122e-01   6.3053e+01   4.9814e+00   0.0000e+00   0.0000e+00   2.8821e+02
20251210_04:00:00   2.4466e-01   6.3843e+01   5.0468e+00   0.0000e+00   0.0000e+00   2.8854e+02
20251210_05:00:00   2.4664e-01   6.4286e+01   5.0879e+00   0.0000e+00   0.0000e+00   2.8667e+02
20251210_06:00:00   2.5175e-01   6.5337e+01   5.1990e+00   0.0000e+00   0.0000e+00   2.8379e+02
20251210_07:00:00   2.5424e-01   6.5839e+01   5.2432e+00   0.0000e+00   0.0000e+00   2.8130e+02
20251210_08:00:00   2.5428e-01   6.5889e+01   5.2357e+00   0.0000e+00   0.0000e+00   2.7962e+02
20251210_09:00:00   2.4776e-01   6.4598e+01   5.0841e+00   0.0000e+00   0.0000e+00   2.7736e+02
20251210_10:00:00   2.4381e-01   6.3763e+01   4.9989e+00   0.0000e+00   0.0000e+00   2.7650e+02
20251210_11:00:00   2.3961e-01   6.2838e+01   4.9140e+00   0.0000e+00   0.0000e+00   2.7693e+02
20251210_12:00:00   2.4224e-01   6.3337e+01   4.9821e+00   0.0000e+00   0.0000e+00   2.7806e+02
20251210_13:00:00   2.4966e-01   6.4853e+01   5.1524e+00   0.0000e+00   0.0000e+00   2.7903e+02
20251210_14:00:00   2.5918e-01   6.6855e+01   5.3559e+00   0.0000e+00   0.0000e+00   2.7975e+02
20251210_15:00:00   2.7166e-01   6.9512e+01   5.6130e+00   0.0000e+00   0.0000e+00   2.7878e+02
20251210_16:00:00   2.8639e-01   7.2652e+01   5.8984e+00   0.0000e+00   0.0000e+00   2.7900e+02
20251210_17:00:00   3.0287e-01   7.6142e+01   6.2117e+00   0.0000e+00   0.0000e+00   2.7953e+02
20251210_18:00:00   3.1250e-01   7.8163e+01   6.3795e+00   0.0000e+00   0.0000e+00   2.7970e+02
20251210_19:00:00   3.1482e-01   7.8700e+01   6.3950e+00   0.0000e+00   0.0000e+00   2.8075e+02
20251210_20:00:00   3.1014e-01   7.7820e+01   6.2710e+00   0.0000e+00   0.0000e+00   2.7964e+02
20251210_21:00:00   3.0437e-01   7.6728e+01   6.1278e+00   0.0000e+00   0.0000e+00   2.7915e+02
20251210_22:00:00   2.9357e-01   7.4636e+01   5.8766e+00   0.0000e+00   0.0000e+00   2.7888e+02
20251210_23:00:00   2.8194e-01   7.2315e+01   5.6157e+00   0.0000e+00   0.0000e+00   2.7958e+02
20251211_00:00:00   2.7138e-01   7.0143e+01   5.3916e+00   0.0000e+00   0.0000e+00   2.7912e+02
20251211_01:00:00   2.6139e-01   6.8074e+01   5.1802e+00   0.0000e+00   0.0000e+00   2.8004e+02
20251211_02:00:00   2.5108e-01   6.5908e+01   4.9576e+00   0.0000e+00   0.0000e+00   2.8146e+02
20251211_03:00:00   2.3995e-01   6.3561e+01   4.7249e+00   0.0000e+00   0.0000e+00   2.8130e+02
20251211_04:00:00   2.3398e-01   6.2265e+01   4.5915e+00   0.0000e+00   0.0000e+00   2.8447e+02
20251211_05:00:00   2.2868e-01   6.1115e+01   4.4776e+00   0.0000e+00   0.0000e+00   2.8615e+02
20251211_06:00:00   2.2398e-01   6.0088e+01   4.3741e+00   0.0000e+00   0.0000e+00   2.8623e+02
20251211_07:00:00   2.1754e-01   5.8668e+01   4.2408e+00   0.0000e+00   0.0000e+00   2.8511e+02
20251211_08:00:00   2.1197e-01   5.7426e+01   4.1208e+00   0.0000e+00   0.0000e+00   2.8367e+02
20251211_09:00:00   2.0548e-01   5.5993e+01   3.9753e+00   0.0000e+00   0.0000e+00   2.8336e+02
20251211_10:00:00   1.9835e-01   5.4420e+01   3.8147e+00   0.0000e+00   0.0000e+00   2.8058e+02
20251211_11:00:00   1.9310e-01   5.3251e+01   3.6867e+00   0.0000e+00   0.0000e+00   2.7812e+02
20251211_12:00:00   1.8733e-01   5.1964e+01   3.5514e+00   0.0000e+00   0.0000e+00   2.7773e+02
20251211_13:00:00   1.8120e-01   5.0586e+01   3.4130e+00   0.0000e+00   0.0000e+00   2.7784e+02
20251211_14:00:00   1.7516e-01   4.9218e+01   3.2784e+00   0.0000e+00   0.0000e+00   2.7866e+02
20251211_15:00:00   1.6961e-01   4.7941e+01   3.1570e+00   0.0000e+00   0.0000e+00   2.7981e+02
20251211_16:00:00   1.6689e-01   4.7294e+01   3.0947e+00   0.0000e+00   0.0000e+00   2.7951e+02
20251211_17:00:00   1.6601e-01   4.7084e+01   3.0751e+00   0.0000e+00   0.0000e+00   2.7856e+02
20251211_18:00:00   1.6659e-01   4.7210e+01   3.0829e+00   0.0000e+00   0.0000e+00   2.7867e+02
20251211_19:00:00   1.6684e-01   4.7260e+01   3.0855e+00   0.0000e+00   0.0000e+00   2.7849e+02
20251211_20:00:00   1.6490e-01   4.6797e+01   3.0411e+00   0.0000e+00   0.0000e+00   2.7833e+02
20251211_21:00:00   1.6355e-01   4.6482e+01   3.0073e+00   0.0000e+00   0.0000e+00   2.7739e+02
20251211_22:00:00   1.5815e-01   4.5215e+01   2.8974e+00   0.0000e+00   0.0000e+00   2.7769e+02
20251211_23:00:00   1.5300e-01   4.4006e+01   2.7917e+00   0.0000e+00   0.0000e+00   2.7777e+02
20251212_00:00:00   1.4850e-01   4.2934e+01   2.6997e+00   0.0000e+00   0.0000e+00   2.7865e+02
20251212_01:00:00   1.4472e-01   4.2027e+01   2.6275e+00   0.0000e+00   0.0000e+00   2.7910e+02
20251212_02:00:00   1.5248e-01   4.3871e+01   2.7903e+00   0.0000e+00   0.0000e+00   2.8021e+02
20251212_03:00:00   1.7171e-01   4.8363e+01   3.1956e+00   0.0000e+00   0.0000e+00   2.7983e+02
20251212_04:00:00   1.9592e-01   5.3868e+01   3.6949e+00   0.0000e+00   0.0000e+00   2.7895e+02
20251212_05:00:00   2.1071e-01   5.7162e+01   4.0039e+00   0.0000e+00   0.0000e+00   2.7833e+02
20251212_06:00:00   2.2001e-01   5.9198e+01   4.1989e+00   0.0000e+00   0.0000e+00   2.7895e+02
20251212_07:00:00   2.2765e-01   6.0843e+01   4.3537e+00   0.0000e+00   0.0000e+00   2.7962e+02
20251212_08:00:00   2.4057e-01   6.3580e+01   4.6047e+00   0.0000e+00   0.0000e+00   2.7921e+02
20251212_09:00:00   2.4094e-01   6.3700e+01   4.6094e+00   0.0000e+00   0.0000e+00   2.7921e+02
20251212_10:00:00   2.5806e-01   6.7259e+01   4.9459e+00   0.0000e+00   0.0000e+00   2.7739e+02
20251212_11:00:00   2.4957e-01   6.5606e+01   4.7750e+00   0.0000e+00   0.0000e+00   2.7876e+02
20251212_12:00:00   2.7685e-01   7.1165e+01   5.3081e+00   0.0000e+00   0.0000e+00   2.8095e+02
20251212_13:00:00   2.6747e-01   6.9390e+01   5.1155e+00   0.0000e+00   0.0000e+00   2.8214e+02
20251212_14:00:00   2.7829e-01   7.1614e+01   5.3334e+00   0.0000e+00   0.0000e+00   2.8303e+02
20251212_15:00:00   2.7789e-01   7.1576e+01   5.3158e+00   0.0000e+00   0.0000e+00   2.8249e+02
20251212_16:00:00   2.8672e-01   7.3335e+01   5.4757e+00   0.0000e+00   8.1760e-05   2.8191e+02
20251212_17:00:00   2.8644e-01   7.3300e+01   5.4747e+00   0.0000e+00   3.5620e-06   2.8122e+02
20251212_18:00:00   2.8291e-01   7.2603e+01   5.3965e+00   0.0000e+00   1.1932e-05   2.8222e+02
20251212_19:00:00   2.9430e-01   7.4777e+01   5.6329e+00   0.0000e+00   7.4998e-04   2.8340e+02
20251212_20:00:00   2.9820e-01   7.5504e+01   5.6968e+00   0.0000e+00   1.2766e-03   2.8347e+02
20251212_21:00:00   3.0210e-01   7.6319e+01   5.7489e+00   0.0000e+00   6.9679e-04   2.8212e+02
20251212_22:00:00   3.0425e-01   7.6758e+01   5.7924e+00   0.0000e+00   1.1398e-04   2.8284e+02
20251212_23:00:00   2.9900e-01   7.5778e+01   5.6783e+00   0.0000e+00   2.4320e-05   2.8384e+02
20251213_00:00:00   3.0100e-01   7.6176e+01   5.7302e+00   0.0000e+00   5.1640e-06   2.8419e+02
20251213_01:00:00   2.9226e-01   7.4442e+01   5.5559e+00   0.0000e+00   0.0000e+00   2.8483e+02
20251213_02:00:00   2.8736e-01   7.3448e+01   5.4770e+00   0.0000e+00   1.6022e-06   2.8670e+02
20251213_03:00:00   2.8863e-01   7.3674e+01   5.5003e+00   0.0000e+00   0.0000e+00   2.8798e+02
20251213_04:00:00   2.8607e-01   7.3096e+01   5.4776e+00   0.0000e+00   0.0000e+00   2.8883e+02
20251213_05:00:00   2.8363e-01   7.2538e+01   5.4537e+00   0.0000e+00   0.0000e+00   2.8733e+02
20251213_06:00:00   2.8579e-01   7.2975e+01   5.4666e+00   0.0000e+00   1.2200e-05   2.8608e+02
20251213_07:00:00   2.9230e-01   7.4224e+01   5.5719e+00   0.0000e+00   4.3640e-06   2.8470e+02
20251213_08:00:00   2.8626e-01   7.2992e+01   5.4348e+00   0.0000e+00   7.5700e-06   2.8365e+02
20251213_09:00:00   2.8203e-01   7.2114e+01   5.3454e+00   0.0000e+00   0.0000e+00   2.8183e+02
20251213_10:00:00   2.8747e-01   7.3113e+01   5.4544e+00   0.0000e+00   1.7678e-05   2.8071e+02
20251213_11:00:00   2.7592e-01   7.0739e+01   5.2406e+00   0.0000e+00   0.0000e+00   2.8000e+02
20251213_12:00:00   2.7064e-01   6.9620e+01   5.1519e+00   0.0000e+00   1.4336e-05   2.7858e+02
20251213_15:00:00   2.7066e-01   6.9371e+01   5.2192e+00   0.0000e+00   1.0597e-02   2.7894e+02
20251213_18:00:00   2.7913e-01   7.1020e+01   5.4291e+00   0.0000e+00   2.9274e-04   2.8239e+02
20251213_21:00:00   2.9265e-01   7.3593e+01   5.7572e+00   0.0000e+00   5.8939e-03   2.8117e+02
20251214_00:00:00   2.9130e-01   7.3258e+01   5.7452e+00   0.0000e+00   1.8448e-02   2.7982e+02
20251214_03:00:00   2.8359e-01   7.1670e+01   5.6452e+00   0.0000e+00   1.8235e-02   2.7785e+02
20251214_06:00:00   2.8347e-01   7.1658e+01   5.6009e+00   0.0000e+00   2.1074e-02   2.7518e+02
20251214_09:00:00   2.7588e-01   6.9771e+01   5.4994e+00   0.0000e+00   4.0583e-02   2.7729e+02
20251214_12:00:00   2.4180e-01   6.3002e+01   4.7005e+00   0.0000e+00   5.0410e-03   2.7992e+02
20251214_15:00:00   2.0478e-01   5.5012e+01   3.9479e+00   0.0000e+00   6.0476e-04   2.7565e+02
20251214_18:00:00   1.7026e-01   4.7376e+01   3.2204e+00   0.0000e+00   1.9606e-06   2.7486e+02
20251214_21:00:00   1.9138e-01   5.2215e+01   3.6137e+00   0.0000e+00   2.8520e-04   2.6819e+02
20251215_00:00:00   2.0641e-01   5.5639e+01   3.9066e+00   0.0000e+00   3.7359e-03   2.6738e+02
20251215_03:00:00   2.1065e-01   5.6583e+01   4.0156e+00   0.0000e+00   6.2179e-03   2.6947e+02
20251215_06:00:00   2.4065e-01   6.3052e+01   4.5764e+00   0.0000e+00   4.1754e-03   2.6593e+02
20251215_09:00:00   2.1383e-01   5.7202e+01   4.0793e+00   0.0000e+00   1.1032e-03   2.5972e+02
20251215_12:00:00   1.8356e-01   5.0440e+01   3.4903e+00   0.0000e+00   1.5444e-03   2.6245e+02
20251215_15:00:00   1.7504e-01   4.8488e+01   3.3145e+00   0.0000e+00   2.8521e-03   2.6680e+02
20251215_18:00:00   1.7567e-01   4.8361e+01   3.4164e+00   0.0000e+00   1.9192e-03   2.6800e+02
20251215_21:00:00   1.9250e-01   5.1891e+01   3.8360e+00   0.0000e+00   3.6475e-03   2.7107e+02
20251216_00:00:00   1.9019e-01   5.1238e+01   3.8381e+00   0.0000e+00   1.0623e-02   2.7035e+02
20251216_03:00:00   1.9756e-01   5.2809e+01   4.0063e+00   0.0000e+00   1.9697e-02   2.6876e+02
20251216_06:00:00   2.0760e-01   5.4875e+01   4.2520e+00   0.0000e+00   6.0851e-03   2.6903e+02
20251216_09:00:00   1.8786e-01   5.0663e+01   3.8053e+00   0.0000e+00   0.0000e+00   2.6960e+02
20251216_12:00:00   1.8302e-01   4.9691e+01   3.6660e+00   0.0000e+00   1.1804e-03   2.6782e+02
20251216_15:00:00   1.6162e-01   4.5170e+01   3.1227e+00   0.0000e+00   3.1075e-05   2.6734e+02
20251216_18:00:00   1.5391e-01   4.3436e+01   2.9485e+00   0.0000e+00   4.6480e-05   2.6426e+02
20251216_21:00:00   1.6848e-01   4.7078e+01   3.1274e+00   0.0000e+00   5.8459e-04   2.6107e+02
20251217_00:00:00   1.8152e-01   4.9911e+01   3.4112e+00   0.0000e+00   2.6666e-02   2.5876e+02
20251217_03:00:00   1.6629e-01   4.6506e+01   3.1350e+00   0.0000e+00   9.3420e-04   2.6203e+02
20251217_06:00:00   1.5837e-01   4.4571e+01   3.0424e+00   0.0000e+00   8.5860e-04   2.6036e+02
20251217_09:00:00   1.5892e-01   4.4588e+01   3.0831e+00   0.0000e+00   6.8253e-03   2.6267e+02
20251217_12:00:00   1.5728e-01   4.4036e+01   3.1010e+00   0.0000e+00   1.2663e-02   2.6209e+02
20251217_15:00:00   1.5423e-01   4.3080e+01   3.0441e+00   0.0000e+00   1.2327e-01   2.5564e+02
20251217_18:00:00   1.5550e-01   4.3009e+01   3.1172e+00   0.0000e+00   1.9704e-01   2.5448e+02
20251217_21:00:00   1.7075e-01   4.6020e+01   3.5870e+00   0.0000e+00   1.1273e-01   2.5258e+02
20251218_00:00:00   1.9329e-01   5.0735e+01   4.0839e+00   0.0000e+00   1.6588e-01   2.5255e+02
20251218_03:00:00   2.0175e-01   5.2495e+01   4.3569e+00   0.0000e+00   5.4031e-02   2.5411e+02
20251218_06:00:00   1.9733e-01   5.2018e+01   4.2098e+00   0.0000e+00   1.6864e-02   2.5442e+02
20251218_09:00:00   2.3295e-01   6.0024e+01   4.9667e+00   0.0000e+00   1.2891e-03   2.5336e+02
20251218_12:00:00   2.4928e-01   6.3969e+01   5.2218e+00   0.0000e+00   7.8060e-04   2.5448e+02
20251218_15:00:00   2.4072e-01   6.2070e+01   5.0427e+00   0.0000e+00   2.9404e-05   2.5279e+02
20251218_18:00:00   2.5859e-01   6.5666e+01   5.4173e+00   0.0000e+00   3.7088e-02   2.5090e+02
20251218_21:00:00   2.5159e-01   6.4332e+01   5.2663e+00   0.0000e+00   2.5539e-02   2.5167e+02
20251219_00:00:00   2.2657e-01   5.9032e+01   4.7689e+00   0.0000e+00   2.7517e-02   2.5446e+02
20251219_03:00:00   2.2234e-01   5.8105e+01   4.7412e+00   0.0000e+00   1.1697e-02   2.5228e+02
20251219_06:00:00   2.2401e-01   5.8239e+01   4.8470e+00   0.0000e+00   1.9606e-02   2.5174e+02
20251219_09:00:00   3.1681e-01   7.6810e+01   6.9470e+00   0.0000e+00   5.4260e-02   2.5154e+02
20251219_12:00:00   4.6368e-01   1.0307e+02   9.7931e+00   0.0000e+00   2.0791e-01   2.5491e+02
20251219_15:00:00   5.3853e-01   1.1518e+02   1.1208e+01   0.0000e+00   3.8628e-02   2.5590e+02
20251219_18:00:00   5.7339e-01   1.2064e+02   1.1832e+01   0.0000e+00   3.6683e-02   2.5659e+02
20251219_21:00:00   6.1077e-01   1.2606e+02   1.2390e+01   0.0000e+00   1.6526e-01   2.5369e+02
20251220_00:00:00   7.3065e-01   1.4246e+02   1.4250e+01   9.0180e-05   3.7677e-01   2.5502e+02
20251220_03:00:00   7.0931e-01   1.3941e+02   1.3831e+01   1.9606e-06   3.0842e-01   2.5807e+02
20251220_06:00:00   2.0612e+00   2.4020e+02   1.8836e+01   4.1943e-01   1.2778e-01   2.5862e+02
20251220_09:00:00   3.0176e+00   2.6164e+02   1.9501e+01   7.8232e-01   4.5377e-01   2.5899e+02
20251220_12:00:00   3.2472e+00   2.6437e+02   1.6309e+01   9.3787e-01   1.1975e-01   2.5898e+02
20251220_15:00:00   2.8276e+00   2.5871e+02   1.5610e+01   7.7306e-01   2.0186e-01   2.5907e+02
20251220_18:00:00   1.0717e+00   1.8174e+02   1.5181e+01   6.4259e-02   3.4007e-02   2.6125e+02
20251220_21:00:00   2.1202e+00   2.4236e+02   1.4737e+01   5.0248e-01   1.0304e-02   2.6045e+02
20251221_00:00:00   1.0629e+00   1.8057e+02   1.2852e+01   1.2006e-01   9.8494e-03   2.6061e+02
20251221_03:00:00   6.8652e-01   1.3811e+02   1.1518e+01   1.5678e-03   1.8527e-05   2.5778e+02
20251221_06:00:00   6.5767e-01   1.3438e+02   1.1291e+01   0.0000e+00   0.0000e+00   2.6124e+02
20251221_09:00:00   6.8246e-01   1.3743e+02   1.1872e+01   0.0000e+00   0.0000e+00   2.6010e+02
20251221_12:00:00   6.7225e-01   1.3624e+02   1.1901e+01   0.0000e+00   0.0000e+00   2.6355e+02
20251221_15:00:00   5.5259e-01   1.1954e+02   9.6172e+00   0.0000e+00   0.0000e+00   2.6490e+02
20251221_18:00:00   3.7684e-01   9.0011e+01   6.7099e+00   0.0000e+00   0.0000e+00   2.6692e+02
20251221_21:00:00   3.2955e-01   8.0363e+01   6.2631e+00   0.0000e+00   0.0000e+00   2.6926e+02
20251222_00:00:00   2.6104e-01   6.6778e+01   5.0920e+00   0.0000e+00   0.0000e+00   2.7720e+02
20251222_03:00:00   1.9281e-01   5.2627e+01   3.6341e+00   0.0000e+00   0.0000e+00   2.7791e+02
20251222_06:00:00   1.6631e-01   4.6667e+01   3.0978e+00   0.0000e+00   0.0000e+00   2.7678e+02
20251222_09:00:00   1.4708e-01   4.2217e+01   2.7345e+00   0.0000e+00   0.0000e+00   2.7538e+02
20251222_12:00:00   1.4102e-01   4.0641e+01   2.6807e+00   0.0000e+00   0.0000e+00   2.7639e+02
20251222_15:00:00   1.4998e-01   4.2583e+01   2.9849e+00   0.0000e+00   0.0000e+00   2.7614e+02
20251222_18:00:00   1.6501e-01   4.6102e+01   3.3321e+00   0.0000e+00   0.0000e+00   2.7400e+02
20251222_21:00:00   1.9837e-01   5.3690e+01   4.0545e+00   0.0000e+00   0.0000e+00   2.6615e+02
20251223_00:00:00   2.2699e-01   6.0107e+01   4.6827e+00   0.0000e+00   0.0000e+00   2.6624e+02
20251223_03:00:00   2.7147e-01   6.9636e+01   5.6216e+00   0.0000e+00   0.0000e+00   2.6725e+02
20251223_06:00:00   4.1028e-01   9.7131e+01   8.1520e+00   0.0000e+00   0.0000e+00   2.6634e+02
20251223_09:00:00   4.3230e-01   1.0093e+02   8.6133e+00   0.0000e+00   0.0000e+00   2.7055e+02
20251223_12:00:00   4.1401e-01   9.7904e+01   8.0833e+00   0.0000e+00   0.0000e+00   2.7472e+02
20251223_15:00:00   2.7015e-01   7.0251e+01   5.1500e+00   0.0000e+00   0.0000e+00   2.7332e+02
20251223_18:00:00   1.9771e-01   5.4556e+01   3.6898e+00   0.0000e+00   0.0000e+00   2.6653e+02
20251223_21:00:00   1.8096e-01   5.0572e+01   3.3997e+00   0.0000e+00   0.0000e+00   2.6023e+02
20251224_00:00:00   1.6733e-01   4.7209e+01   3.1961e+00   0.0000e+00   0.0000e+00   2.5719e+02
20251224_03:00:00   1.7090e-01   4.7984e+01   3.3190e+00   0.0000e+00   0.0000e+00   2.5525e+02
20251224_06:00:00   2.2144e-01   5.9437e+01   4.3350e+00   0.0000e+00   0.0000e+00   2.5584e+02
20251224_09:00:00   2.2806e-01   6.1093e+01   4.3561e+00   0.0000e+00   0.0000e+00   2.5384e+02
20251224_12:00:00   2.1497e-01   5.8209e+01   4.0591e+00   0.0000e+00   0.0000e+00   2.5039e+02
