#            date       tau255        Tb[K]      pwv[mm] lwp[kg*m^-2] iwp[kg*m^-2]       o3[DU]
20251211_00:00:00   2.2542e-01   6.0624e+01   4.3430e+00   0.0000e+00   0.0000e+00   2.8911e+02
20251211_01:00:00   2.2054e-01   5.9648e+01   4.2231e+00   0.0000e+00   0.0000e+00   2.8692e+02
20251211_02:00:00   2.1528e-01   5.8555e+01   4.0761e+00   0.0000e+00   0.0000e+00   2.8479e+02
20251211_03:00:00   2.1122e-01   5.7723e+01   3.9598e+00   0.0000e+00   0.0000e+00   2.8409e+02
20251211_04:00:00   2.1009e-01   5.7507e+01   3.9097e+00   0.0000e+00   0.0000e+00   2.8347e+02
20251211_05:00:00   2.1328e-01   5.8234e+01   3.9619e+00   0.0000e+00   0.0000e+00   2.8467e+02
20251211_06:00:00   2.1535e-01   5.8712e+01   4.0136e+00   0.0000e+00   0.0000e+00   2.8674e+02
20251211_07:00:00   2.2084e-01   5.9904e+01   4.1396e+00   0.0000e+00   0.0000e+00   2.8711e+02
20251211_08:00:00   2.3014e-01   6.1885e+01   4.3334e+00   0.0000e+00   0.0000e+00   2.8652e+02
20251211_09:00:00   2.3762e-01   6.3468e+01   4.4840e+00   0.0000e+00   0.0000e+00   2.8462e+02
20251211_10:00:00   2.4082e-01   6.4110e+01   4.5508e+00   0.0000e+00   0.0000e+00   2.8247e+02
20251211_11:00:00   2.4330e-01   6.4621e+01   4.6042e+00   0.0000e+00   0.0000e+00   2.8148e+02
20251211_12:00:00   2.4422e-01   6.4806e+01   4.6231e+00   0.0000e+00   0.0000e+00   2.8197e+02
20251211_13:00:00   2.3932e-01   6.3761e+01   4.5229e+00   0.0000e+00   0.0000e+00   2.8230e+02
20251211_14:00:00   2.3721e-01   6.3321e+01   4.4738e+00   0.0000e+00   0.0000e+00   2.8220e+02
20251211_15:00:00   2.4259e-01   6.4485e+01   4.5677e+00   0.0000e+00   0.0000e+00   2.8159e+02
20251211_16:00:00   2.4548e-01   6.5112e+01   4.6156e+00   0.0000e+00   0.0000e+00   2.8145e+02
20251211_17:00:00   2.4678e-01   6.5428e+01   4.6365e+00   0.0000e+00   0.0000e+00   2.8010e+02
20251211_18:00:00   2.4877e-01   6.5863e+01   4.6686e+00   0.0000e+00   0.0000e+00   2.7915e+02
20251211_19:00:00   2.5171e-01   6.6487e+01   4.7165e+00   0.0000e+00   0.0000e+00   2.7970e+02
20251211_20:00:00   2.5472e-01   6.7134e+01   4.7677e+00   0.0000e+00   0.0000e+00   2.8223e+02
20251211_21:00:00   2.6353e-01   6.9008e+01   4.9259e+00   0.0000e+00   0.0000e+00   2.8224e+02
20251211_22:00:00   2.7206e-01   7.0823e+01   5.0811e+00   0.0000e+00   0.0000e+00   2.8187e+02
20251211_23:00:00   2.8693e-01   7.3932e+01   5.3671e+00   0.0000e+00   0.0000e+00   2.8116e+02
20251212_00:00:00   3.0479e-01   7.7587e+01   5.7166e+00   0.0000e+00   0.0000e+00   2.8002e+02
20251212_01:00:00   3.2544e-01   8.1672e+01   6.1312e+00   0.0000e+00   0.0000e+00   2.7784e+02
20251212_02:00:00   3.4426e-01   8.5311e+01   6.5088e+00   0.0000e+00   0.0000e+00   2.7735e+02
20251212_03:00:00   3.5557e-01   8.7459e+01   6.7270e+00   0.0000e+00   0.0000e+00   2.7701e+02
20251212_04:00:00   3.5945e-01   8.8186e+01   6.8063e+00   0.0000e+00   0.0000e+00   2.7702e+02
20251212_05:00:00   3.5754e-01   8.7843e+01   6.7714e+00   0.0000e+00   0.0000e+00   2.7853e+02
20251212_06:00:00   3.5036e-01   8.6527e+01   6.6255e+00   0.0000e+00   0.0000e+00   2.8001e+02
20251212_07:00:00   3.4759e-01   8.5976e+01   6.5520e+00   0.0000e+00   0.0000e+00   2.7967e+02
20251212_08:00:00   3.4628e-01   8.5731e+01   6.5100e+00   0.0000e+00   0.0000e+00   2.7842e+02
20251212_09:00:00   3.4208e-01   8.4905e+01   6.4321e+00   0.0000e+00   0.0000e+00   2.7660e+02
20251212_10:00:00   3.3497e-01   8.3503e+01   6.2986e+00   0.0000e+00   0.0000e+00   2.7669e+02
20251212_11:00:00   3.2829e-01   8.2175e+01   6.1628e+00   0.0000e+00   0.0000e+00   2.7578e+02
20251212_12:00:00   3.2233e-01   8.0984e+01   6.0364e+00   0.0000e+00   0.0000e+00   2.7507e+02
20251212_13:00:00   3.0973e-01   7.8476e+01   5.7953e+00   0.0000e+00   0.0000e+00   2.7472e+02
20251212_14:00:00   2.9692e-01   7.5907e+01   5.5528e+00   0.0000e+00   0.0000e+00   2.7502e+02
20251212_15:00:00   2.8556e-01   7.3594e+01   5.3364e+00   0.0000e+00   0.0000e+00   2.7515e+02
20251212_16:00:00   2.7834e-01   7.2116e+01   5.1897e+00   0.0000e+00   0.0000e+00   2.7584e+02
20251212_17:00:00   2.7279e-01   7.0988e+01   5.0793e+00   0.0000e+00   0.0000e+00   2.7767e+02
20251212_18:00:00   2.7401e-01   7.1274e+01   5.1003e+00   0.0000e+00   0.0000e+00   2.7801e+02
20251212_19:00:00   2.7350e-01   7.1183e+01   5.0877e+00   0.0000e+00   0.0000e+00   2.7726e+02
20251212_20:00:00   2.7582e-01   7.1658e+01   5.1286e+00   0.0000e+00   0.0000e+00   2.7610e+02
20251212_21:00:00   2.7947e-01   7.2410e+01   5.1958e+00   0.0000e+00   0.0000e+00   2.7621e+02
20251212_22:00:00   2.8432e-01   7.3413e+01   5.2695e+00   0.0000e+00   0.0000e+00   2.7749e+02
20251212_23:00:00   2.8113e-01   7.2754e+01   5.2048e+00   0.0000e+00   0.0000e+00   2.7963e+02
20251213_00:00:00   2.8466e-01   7.3460e+01   5.2750e+00   0.0000e+00   0.0000e+00   2.8278e+02
20251213_01:00:00   2.7915e-01   7.2302e+01   5.1783e+00   0.0000e+00   2.1184e-05   2.8477e+02
20251213_02:00:00   2.6705e-01   6.9761e+01   4.9778e+00   0.0000e+00   8.1698e-04   2.8643e+02
20251213_03:00:00   2.5935e-01   6.8124e+01   4.8470e+00   0.0000e+00   7.7148e-04   2.8836e+02
20251213_04:00:00   2.4820e-01   6.5700e+01   4.6579e+00   0.0000e+00   1.3947e-03   2.8777e+02
20251213_05:00:00   2.4018e-01   6.3954e+01   4.5122e+00   0.0000e+00   2.0602e-03   2.8785e+02
20251213_06:00:00   2.4206e-01   6.4327e+01   4.5463e+00   0.0000e+00   3.0155e-03   2.8833e+02
20251213_07:00:00   2.5064e-01   6.6135e+01   4.6964e+00   0.0000e+00   2.8262e-03   2.8906e+02
20251213_08:00:00   2.5693e-01   6.7417e+01   4.8126e+00   0.0000e+00   3.1205e-03   2.8701e+02
20251213_09:00:00   2.6195e-01   6.8450e+01   4.8954e+00   0.0000e+00   4.6703e-03   2.8480e+02
20251213_10:00:00   2.6403e-01   6.8839e+01   4.9343e+00   0.0000e+00   4.5425e-03   2.8214e+02
20251213_11:00:00   2.6635e-01   6.9195e+01   5.0199e+00   0.0000e+00   7.5465e-03   2.8045e+02
20251213_12:00:00   2.7141e-01   7.0065e+01   5.1715e+00   0.0000e+00   6.4981e-03   2.7924e+02
20251213_13:00:00   2.6685e-01   6.9100e+01   5.0956e+00   0.0000e+00   3.8135e-03   2.7729e+02
20251213_14:00:00   2.6203e-01   6.8093e+01   5.0048e+00   0.0000e+00   3.4082e-03   2.7529e+02
20251213_15:00:00   2.6096e-01   6.7913e+01   4.9660e+00   0.0000e+00   6.6800e-05   2.7554e+02
20251213_16:00:00   2.5707e-01   6.7023e+01   4.9129e+00   0.0000e+00   2.8540e-04   2.7755e+02
20251213_17:00:00   2.4432e-01   6.4388e+01   4.6579e+00   0.0000e+00   0.0000e+00   2.7991e+02
20251213_18:00:00   2.3589e-01   6.2615e+01   4.4865e+00   0.0000e+00   0.0000e+00   2.8008e+02
20251213_19:00:00   2.3710e-01   6.2857e+01   4.5038e+00   0.0000e+00   0.0000e+00   2.7893e+02
20251213_20:00:00   2.3143e-01   6.1677e+01   4.3789e+00   0.0000e+00   0.0000e+00   2.7776e+02
20251213_21:00:00   2.3524e-01   6.2475e+01   4.4648e+00   0.0000e+00   0.0000e+00   2.7884e+02
20251213_22:00:00   2.3603e-01   6.2594e+01   4.4942e+00   0.0000e+00   0.0000e+00   2.7974e+02
20251213_23:00:00   2.3567e-01   6.2497e+01   4.4837e+00   0.0000e+00   1.0712e-04   2.8190e+02
20251214_00:00:00   2.2588e-01   6.0327e+01   4.3194e+00   0.0000e+00   3.0557e-03   2.8088e+02
20251214_01:00:00   2.1112e-01   5.6986e+01   4.0789e+00   0.0000e+00   2.1724e-03   2.7704e+02
20251214_02:00:00   2.0080e-01   5.4561e+01   3.9255e+00   0.0000e+00   1.7908e-03   2.7623e+02
20251214_03:00:00   1.9957e-01   5.4167e+01   3.9359e+00   0.0000e+00   5.4860e-03   2.7613e+02
20251214_04:00:00   2.0072e-01   5.4326e+01   3.9831e+00   0.0000e+00   9.4460e-03   2.7553e+02
20251214_05:00:00   1.9552e-01   5.3020e+01   3.9159e+00   0.0000e+00   2.0922e-02   2.7370e+02
20251214_06:00:00   1.9256e-01   5.2298e+01   3.8754e+00   0.0000e+00   9.6940e-03   2.7324e+02
20251214_07:00:00   1.8793e-01   5.1176e+01   3.8054e+00   0.0000e+00   5.4821e-03   2.7322e+02
20251214_08:00:00   1.8714e-01   5.1017e+01   3.7753e+00   0.0000e+00   2.1595e-03   2.7358e+02
20251214_09:00:00   1.9080e-01   5.1801e+01   3.8599e+00   0.0000e+00   1.3477e-03   2.7319e+02
20251214_10:00:00   1.9279e-01   5.2151e+01   3.9137e+00   0.0000e+00   1.4860e-02   2.7341e+02
20251214_11:00:00   1.9504e-01   5.2586e+01   3.9676e+00   0.0000e+00   1.9356e-02   2.7410e+02
20251214_12:00:00   1.9660e-01   5.2907e+01   3.9898e+00   0.0000e+00   3.4088e-02   2.7578e+02
20251214_13:00:00   2.1704e-01   5.7047e+01   4.4523e+00   0.0000e+00   1.1138e-01   2.7519e+02
20251214_14:00:00   2.4116e-01   6.1955e+01   5.0447e+00   0.0000e+00   5.8032e-02   2.7603e+02
20251214_15:00:00   2.4546e-01   6.2989e+01   5.1039e+00   0.0000e+00   7.4979e-02   2.7760e+02
20251214_16:00:00   2.3048e-01   5.9926e+01   4.8010e+00   0.0000e+00   3.8278e-02   2.7717e+02
20251214_17:00:00   2.2374e-01   5.8606e+01   4.6314e+00   0.0000e+00   2.4448e-02   2.7636e+02
20251214_18:00:00   2.3052e-01   5.9928e+01   4.7934e+00   0.0000e+00   3.9706e-02   2.7468e+02
20251214_19:00:00   2.5150e-01   6.4120e+01   5.2710e+00   0.0000e+00   9.4953e-02   2.7338e+02
20251214_20:00:00   2.5281e-01   6.4251e+01   5.3771e+00   0.0000e+00   2.8995e-02   2.7122e+02
20251214_21:00:00   2.6250e-01   6.6338e+01   5.5711e+00   0.0000e+00   2.1037e-02   2.6951e+02
20251214_22:00:00   2.7065e-01   6.8080e+01   5.7364e+00   0.0000e+00   1.0530e-02   2.6936e+02
20251214_23:00:00   2.3960e-01   6.1950e+01   5.0029e+00   0.0000e+00   5.7982e-03   2.7032e+02
20251215_00:00:00   2.1800e-01   5.7522e+01   4.4956e+00   0.0000e+00   1.4162e-02   2.6938e+02
20251215_01:00:00   2.1360e-01   5.6681e+01   4.3793e+00   0.0000e+00   1.2528e-02   2.6984e+02
20251215_02:00:00   2.0830e-01   5.5393e+01   4.3003e+00   0.0000e+00   3.4545e-03   2.7187e+02
20251215_03:00:00   2.0051e-01   5.3662e+01   4.1504e+00   0.0000e+00   3.5156e-03   2.7254e+02
20251215_04:00:00   2.0425e-01   5.4485e+01   4.2347e+00   0.0000e+00   3.4848e-03   2.7382e+02
20251215_05:00:00   2.1461e-01   5.6653e+01   4.4869e+00   0.0000e+00   2.7453e-03   2.7751e+02
20251215_06:00:00   2.2019e-01   5.7889e+01   4.5932e+00   0.0000e+00   4.9065e-03   2.7885e+02
20251215_07:00:00   2.1953e-01   5.7792e+01   4.5644e+00   0.0000e+00   1.2864e-02   2.7630e+02
20251215_08:00:00   2.1223e-01   5.6293e+01   4.3756e+00   0.0000e+00   2.3070e-02   2.7008e+02
20251215_09:00:00   2.1081e-01   5.5943e+01   4.3516e+00   0.0000e+00   2.3792e-02   2.6574e+02
20251215_10:00:00   2.0717e-01   5.5145e+01   4.2721e+00   0.0000e+00   1.9921e-02   2.6438e+02
20251215_11:00:00   1.9709e-01   5.2893e+01   4.0629e+00   0.0000e+00   2.0471e-02   2.6368e+02
20251215_12:00:00   2.0172e-01   5.3752e+01   4.1989e+00   0.0000e+00   1.8680e-02   2.6352e+02
20251215_13:00:00   2.0042e-01   5.3435e+01   4.1806e+00   0.0000e+00   2.0745e-02   2.6381e+02
20251215_14:00:00   2.0221e-01   5.3824e+01   4.2174e+00   0.0000e+00   1.8138e-02   2.6495e+02
20251215_15:00:00   2.0272e-01   5.3825e+01   4.2595e+00   0.0000e+00   1.5088e-02   2.6716e+02
20251215_16:00:00   1.9484e-01   5.2258e+01   4.0564e+00   0.0000e+00   1.0494e-02   2.6884e+02
20251215_17:00:00   1.8970e-01   5.1251e+01   3.9144e+00   0.0000e+00   9.0738e-03   2.6961e+02
20251215_18:00:00   1.7807e-01   4.8890e+01   3.5906e+00   0.0000e+00   6.1000e-03   2.7136e+02
20251215_19:00:00   1.6030e-01   4.5061e+01   3.1318e+00   0.0000e+00   4.9318e-03   2.7225e+02
20251215_20:00:00   1.5446e-01   4.3773e+01   2.9735e+00   0.0000e+00   5.7008e-03   2.7229e+02
20251215_21:00:00   1.4891e-01   4.2534e+01   2.8281e+00   0.0000e+00   3.5800e-03   2.7144e+02
20251215_22:00:00   1.4213e-01   4.0930e+01   2.6882e+00   0.0000e+00   3.9357e-03   2.7000e+02
20251215_23:00:00   1.4017e-01   4.0437e+01   2.6523e+00   0.0000e+00   2.5480e-03   2.6944e+02
20251216_00:00:00   1.3195e-01   3.8478e+01   2.4767e+00   0.0000e+00   5.1200e-04   2.6874e+02
20251216_03:00:00   1.0723e-01   3.2542e+01   1.9289e+00   0.0000e+00   0.0000e+00   2.6824e+02
20251216_06:00:00   1.0589e-01   3.2055e+01   1.9593e+00   0.0000e+00   0.0000e+00   2.6268e+02
20251216_09:00:00   1.1140e-01   3.3201e+01   2.1534e+00   0.0000e+00   0.0000e+00   2.5520e+02
20251216_12:00:00   1.3575e-01   3.8729e+01   2.8163e+00   0.0000e+00   0.0000e+00   2.5273e+02
20251216_15:00:00   1.9998e-01   5.3220e+01   4.2527e+00   0.0000e+00   0.0000e+00   2.5359e+02
20251216_18:00:00   2.2182e-01   5.8390e+01   4.6858e+00   0.0000e+00   0.0000e+00   2.5227e+02
20251216_21:00:00   2.2212e-01   5.8747e+01   4.6892e+00   0.0000e+00   0.0000e+00   2.4899e+02
20251217_00:00:00   2.2551e-01   5.9756e+01   4.7801e+00   0.0000e+00   0.0000e+00   2.4704e+02
20251217_03:00:00   2.2576e-01   5.9875e+01   4.7426e+00   0.0000e+00   0.0000e+00   2.4654e+02
20251217_06:00:00   2.2558e-01   5.9878e+01   4.7468e+00   0.0000e+00   0.0000e+00   2.4656e+02
20251217_09:00:00   2.2043e-01   5.8608e+01   4.6506e+00   0.0000e+00   2.5740e-05   2.4896e+02
20251217_12:00:00   2.0657e-01   5.5447e+01   4.3790e+00   0.0000e+00   8.1600e-04   2.4803e+02
20251217_15:00:00   1.8425e-01   5.0339e+01   3.9180e+00   0.0000e+00   3.4459e-04   2.4771e+02
20251217_18:00:00   1.7949e-01   4.9050e+01   3.8549e+00   0.0000e+00   1.0045e-03   2.4987e+02
20251217_21:00:00   1.9461e-01   5.2135e+01   4.2302e+00   0.0000e+00   1.7953e-02   2.4961e+02
20251218_00:00:00   2.7261e-01   6.7559e+01   6.0286e+00   0.0000e+00   1.0097e-01   2.5233e+02
20251218_03:00:00   2.9477e-01   7.2353e+01   6.4040e+00   0.0000e+00   9.4298e-05   2.5341e+02
20251218_06:00:00   2.2832e-01   5.9354e+01   4.9292e+00   0.0000e+00   0.0000e+00   2.5297e+02
20251218_09:00:00   2.2093e-01   5.7689e+01   4.8630e+00   0.0000e+00   1.2144e-04   2.5406e+02
20251218_12:00:00   2.6455e-01   6.6915e+01   5.7736e+00   0.0000e+00   0.0000e+00   2.5451e+02
20251218_15:00:00   3.0071e-01   7.4478e+01   6.4861e+00   0.0000e+00   1.5656e-04   2.5507e+02
20251218_18:00:00   2.9881e-01   7.4292e+01   6.4349e+00   0.0000e+00   1.3208e-04   2.5625e+02
20251218_21:00:00   2.9039e-01   7.2790e+01   6.1901e+00   0.0000e+00   1.2140e-04   2.5528e+02
20251219_00:00:00   3.2956e-01   8.0845e+01   6.9284e+00   0.0000e+00   0.0000e+00   2.5654e+02
20251219_03:00:00   3.7423e-01   8.9843e+01   7.6199e+00   0.0000e+00   0.0000e+00   2.5660e+02
20251219_06:00:00   4.3606e-01   1.0121e+02   8.7476e+00   0.0000e+00   0.0000e+00   2.5529e+02
20251219_09:00:00   4.6149e-01   1.0598e+02   9.1115e+00   0.0000e+00   0.0000e+00   2.5231e+02
20251219_12:00:00   3.5130e-01   8.5611e+01   7.0853e+00   0.0000e+00   0.0000e+00   2.5679e+02
20251219_15:00:00   3.3255e-01   8.1569e+01   6.8704e+00   0.0000e+00   0.0000e+00   2.5998e+02
20251219_18:00:00   3.2296e-01   7.9526e+01   6.7086e+00   0.0000e+00   0.0000e+00   2.6004e+02
20251219_21:00:00   3.1049e-01   7.6824e+01   6.5084e+00   0.0000e+00   0.0000e+00   2.5742e+02
20251220_00:00:00   3.2145e-01   7.8774e+01   6.7824e+00   0.0000e+00   3.7840e-06   2.5686e+02
20251220_03:00:00   3.7129e-01   8.7652e+01   7.9223e+00   0.0000e+00   2.3146e-04   2.5642e+02
20251220_06:00:00   3.7276e-01   8.7993e+01   7.9020e+00   0.0000e+00   0.0000e+00   2.5381e+02
20251220_09:00:00   3.5278e-01   8.4198e+01   7.4811e+00   0.0000e+00   6.0788e-05   2.5364e+02
20251220_12:00:00   3.7476e-01   8.8400e+01   7.8241e+00   0.0000e+00   8.2520e-06   2.5437e+02
20251220_15:00:00   4.2690e-01   9.7594e+01   8.9118e+00   0.0000e+00   0.0000e+00   2.5378e+02
20251220_18:00:00   4.3234e-01   9.8703e+01   8.9738e+00   0.0000e+00   3.9980e-05   2.5313e+02
20251220_21:00:00   4.3729e-01   9.9673e+01   8.9694e+00   0.0000e+00   0.0000e+00   2.5088e+02
20251221_00:00:00   4.3584e-01   9.9453e+01   8.9126e+00   0.0000e+00   0.0000e+00   2.5262e+02
20251221_03:00:00   4.7798e-01   1.0666e+02   9.7218e+00   0.0000e+00   7.5500e-04   2.5382e+02
20251221_06:00:00   5.2761e-01   1.1498e+02   1.0473e+01   0.0000e+00   2.4656e-03   2.5375e+02
20251221_09:00:00   4.9658e-01   1.1039e+02   9.7918e+00   0.0000e+00   1.8308e-03   2.5532e+02
20251221_12:00:00   4.6637e-01   1.0526e+02   9.2938e+00   0.0000e+00   7.6440e-04   2.5837e+02
20251221_15:00:00   4.1295e-01   9.5190e+01   8.4896e+00   0.0000e+00   1.0688e-05   2.5740e+02
20251221_18:00:00   4.4906e-01   1.0178e+02   9.1458e+00   0.0000e+00   0.0000e+00   2.6375e+02
20251221_21:00:00   4.8051e-01   1.0772e+02   9.5060e+00   0.0000e+00   0.0000e+00   2.6452e+02
20251222_00:00:00   5.2314e-01   1.1480e+02   1.0186e+01   0.0000e+00   3.4220e-04   2.6434e+02
20251222_03:00:00   5.3626e-01   1.1713e+02   1.0383e+01   0.0000e+00   4.9160e-03   2.6479e+02
20251222_06:00:00   5.4071e-01   1.1767e+02   1.0405e+01   0.0000e+00   5.9260e-03   2.6403e+02
20251222_09:00:00   6.1758e-01   1.2981e+02   1.1545e+01   0.0000e+00   5.6919e-03   2.6432e+02
20251222_12:00:00   5.5193e-01   1.2008e+02   1.0276e+01   0.0000e+00   1.7142e-03   2.6273e+02
20251222_15:00:00   3.8109e-01   9.0454e+01   7.4006e+00   0.0000e+00   1.3127e-04   2.6417e+02
20251222_18:00:00   4.0796e-01   9.4954e+01   7.8632e+00   0.0000e+00   6.1220e-04   2.6510e+02
20251222_21:00:00   5.2649e-01   1.1486e+02   9.8672e+00   0.0000e+00   2.2009e-03   2.6511e+02
20251223_00:00:00   8.2661e-01   1.5553e+02   1.4003e+01   2.0340e-02   9.1002e-02   2.6704e+02
20251223_03:00:00   1.5220e+00   2.1458e+02   1.6966e+01   2.1283e-01   6.7292e-01   2.6668e+02
20251223_06:00:00   1.6997e+00   2.2443e+02   1.6160e+01   3.0465e-01   3.6909e-01   2.6807e+02
20251223_09:00:00   1.3325e+00   2.0379e+02   1.4370e+01   1.9024e-01   2.2256e-01   2.7452e+02
20251223_12:00:00   1.6874e+00   2.2736e+02   8.1129e+00   4.5994e-01   8.5860e-05   2.8866e+02
20251223_15:00:00   7.9511e-01   1.5391e+02   5.8301e+00   1.6615e-01   0.0000e+00   2.8729e+02
20251223_18:00:00   3.4888e-01   8.4498e+01   4.2962e+00   2.8538e-02   0.0000e+00   2.8187e+02
20251223_21:00:00   1.1391e+00   1.8890e+02   6.0370e+00   3.0448e-01   5.5139e-03   2.8209e+02
20251224_00:00:00   5.0205e-01   1.1119e+02   5.2640e+00   6.8505e-02   1.8966e-03   2.7982e+02
20251224_03:00:00   2.1239e-01   5.5574e+01   3.8104e+00   0.0000e+00   2.0842e-03   2.7789e+02
20251224_06:00:00   2.1796e-01   5.5747e+01   4.3455e+00   0.0000e+00   1.1795e-02   2.8071e+02
20251224_09:00:00   2.4636e-01   6.1109e+01   4.9290e+00   0.0000e+00   2.0429e-01   2.7940e+02
20251224_12:00:00   2.5307e-01   6.2281e+01   4.9892e+00   0.0000e+00   4.1252e-01   2.8130e+02
20251224_15:00:00   3.1016e-01   7.3401e+01   6.1641e+00   0.0000e+00   3.5207e-01   2.8245e+02
20251224_18:00:00   4.5167e-01   9.9064e+01   8.8333e+00   0.0000e+00   3.2446e-01   2.8753e+02
20251224_21:00:00   4.0434e-01   9.1572e+01   7.8897e+00   0.0000e+00   3.8291e-03   2.8850e+02
20251225_00:00:00   4.7606e-01   1.0425e+02   9.0648e+00   0.0000e+00   6.2714e-03   2.9142e+02
20251225_03:00:00   3.4569e-01   8.2244e+01   6.5730e+00   0.0000e+00   2.4320e-05   2.9213e+02
20251225_06:00:00   3.1090e-01   7.5661e+01   5.9307e+00   0.0000e+00   4.4900e-04   2.8971e+02
20251225_09:00:00   2.9097e-01   7.2124e+01   5.3548e+00   0.0000e+00   0.0000e+00   2.8700e+02
20251225_12:00:00   2.7951e-01   6.9884e+01   5.0823e+00   0.0000e+00   0.0000e+00   2.8852e+02
20251225_15:00:00   2.7137e-01   6.8357e+01   4.8549e+00   0.0000e+00   0.0000e+00   2.8640e+02
20251225_18:00:00   2.6683e-01   6.7523e+01   4.7472e+00   0.0000e+00   1.5584e-04   2.8496e+02
20251225_21:00:00   2.5725e-01   6.5601e+01   4.5666e+00   0.0000e+00   3.3466e-04   2.8278e+02
20251226_00:00:00   2.2014e-01   5.7878e+01   3.7914e+00   0.0000e+00   0.0000e+00   2.8042e+02
20251226_03:00:00   1.5928e-01   4.4469e+01   2.6633e+00   0.0000e+00   1.8876e-04   2.8390e+02
20251226_06:00:00   1.3486e-01   3.8642e+01   2.2499e+00   0.0000e+00   9.1720e-06   2.8121e+02
20251226_09:00:00   1.1989e-01   3.4690e+01   2.1264e+00   0.0000e+00   3.0073e-03   2.7733e+02
20251226_12:00:00   1.3049e-01   3.7049e+01   2.3742e+00   0.0000e+00   8.3860e-03   2.7402e+02
20251226_15:00:00   1.6159e-01   4.3681e+01   3.1551e+00   0.0000e+00   1.1128e-03   2.7579e+02
20251226_18:00:00   1.5553e-01   4.2075e+01   3.1371e+00   0.0000e+00   6.1456e-05   2.7271e+02
20251226_21:00:00   1.7978e-01   4.7528e+01   3.6390e+00   0.0000e+00   7.0260e-04   2.6829e+02
20251227_00:00:00   2.1622e-01   5.5506e+01   4.3534e+00   0.0000e+00   3.1752e-03   2.6759e+02
