#            date       tau255        Tb[K]      pwv[mm] lwp[kg*m^-2] iwp[kg*m^-2]       o3[DU]
20251209_18:00:00   1.1791e-01   3.4968e+01   2.2344e+00   0.0000e+00   0.0000e+00   2.8753e+02
20251209_19:00:00   1.2696e-01   3.7128e+01   2.4488e+00   0.0000e+00   0.0000e+00   2.8817e+02
20251209_20:00:00   1.3896e-01   4.0010e+01   2.7231e+00   0.0000e+00   0.0000e+00   2.8860e+02
20251209_21:00:00   1.5376e-01   4.3552e+01   3.0442e+00   0.0000e+00   0.0000e+00   2.8796e+02
20251209_22:00:00   1.7030e-01   4.7492e+01   3.3908e+00   0.0000e+00   0.0000e+00   2.8744e+02
20251209_23:00:00   1.8710e-01   5.1419e+01   3.7297e+00   0.0000e+00   0.0000e+00   2.8690e+02
20251210_00:00:00   1.9862e-01   5.4106e+01   3.9509e+00   0.0000e+00   0.0000e+00   2.8574e+02
20251210_01:00:00   2.0603e-01   5.5800e+01   4.0953e+00   0.0000e+00   0.0000e+00   2.8579e+02
20251210_02:00:00   2.1191e-01   5.7124e+01   4.2138e+00   0.0000e+00   0.0000e+00   2.8751e+02
20251210_03:00:00   2.2248e-01   5.9464e+01   4.4400e+00   0.0000e+00   0.0000e+00   2.8966e+02
20251210_04:00:00   2.4024e-01   6.3313e+01   4.8169e+00   0.0000e+00   0.0000e+00   2.8955e+02
20251210_05:00:00   2.5568e-01   6.6577e+01   5.1379e+00   0.0000e+00   0.0000e+00   2.8904e+02
20251210_06:00:00   2.6279e-01   6.8088e+01   5.2761e+00   0.0000e+00   0.0000e+00   2.8932e+02
20251210_07:00:00   2.6529e-01   6.8609e+01   5.3211e+00   0.0000e+00   0.0000e+00   2.9008e+02
20251210_08:00:00   2.6989e-01   6.9555e+01   5.4266e+00   0.0000e+00   0.0000e+00   2.8706e+02
20251210_09:00:00   2.7316e-01   7.0154e+01   5.5132e+00   0.0000e+00   0.0000e+00   2.8326e+02
20251210_10:00:00   2.7647e-01   7.0783e+01   5.6046e+00   0.0000e+00   0.0000e+00   2.8084e+02
20251210_11:00:00   2.8483e-01   7.2430e+01   5.8143e+00   0.0000e+00   0.0000e+00   2.8007e+02
20251210_12:00:00   2.9234e-01   7.3885e+01   5.9979e+00   0.0000e+00   0.0000e+00   2.8145e+02
20251210_13:00:00   2.9228e-01   7.3865e+01   6.0200e+00   0.0000e+00   0.0000e+00   2.8397e+02
20251210_14:00:00   2.8240e-01   7.1930e+01   5.7978e+00   0.0000e+00   0.0000e+00   2.8556e+02
20251210_15:00:00   2.7175e-01   6.9856e+01   5.5408e+00   0.0000e+00   0.0000e+00   2.8561e+02
20251210_16:00:00   2.6891e-01   6.9345e+01   5.4659e+00   0.0000e+00   0.0000e+00   2.8717e+02
20251210_17:00:00   2.6551e-01   6.8695e+01   5.3922e+00   0.0000e+00   0.0000e+00   2.8817e+02
20251210_18:00:00   2.6111e-01   6.7830e+01   5.2817e+00   0.0000e+00   0.0000e+00   2.8830e+02
20251210_19:00:00   2.6553e-01   6.8855e+01   5.3331e+00   0.0000e+00   0.0000e+00   2.8873e+02
20251210_20:00:00   2.7657e-01   7.1303e+01   5.5014e+00   0.0000e+00   0.0000e+00   2.8847e+02
20251210_21:00:00   2.8230e-01   7.2604e+01   5.5604e+00   0.0000e+00   0.0000e+00   2.8560e+02
20251210_22:00:00   2.8150e-01   7.2505e+01   5.5132e+00   0.0000e+00   0.0000e+00   2.8383e+02
20251210_23:00:00   2.7497e-01   7.1189e+01   5.3568e+00   0.0000e+00   0.0000e+00   2.8195e+02
20251211_00:00:00   2.6098e-01   6.8310e+01   5.0698e+00   0.0000e+00   0.0000e+00   2.8282e+02
20251211_01:00:00   2.4636e-01   6.5230e+01   4.7794e+00   0.0000e+00   0.0000e+00   2.8344e+02
20251211_02:00:00   2.3207e-01   6.2150e+01   4.4777e+00   0.0000e+00   0.0000e+00   2.8544e+02
20251211_03:00:00   2.1686e-01   5.8829e+01   4.1658e+00   0.0000e+00   0.0000e+00   2.8723e+02
20251211_04:00:00   2.0440e-01   5.6070e+01   3.9004e+00   0.0000e+00   0.0000e+00   2.8810e+02
20251211_05:00:00   1.9520e-01   5.4010e+01   3.6910e+00   0.0000e+00   0.0000e+00   2.8801e+02
20251211_06:00:00   1.8990e-01   5.2807e+01   3.5671e+00   0.0000e+00   0.0000e+00   2.8784e+02
20251211_07:00:00   1.8906e-01   5.2608e+01   3.5412e+00   0.0000e+00   0.0000e+00   2.8789e+02
20251211_08:00:00   1.8908e-01   5.2586e+01   3.5382e+00   0.0000e+00   0.0000e+00   2.8652e+02
20251211_09:00:00   1.8682e-01   5.2057e+01   3.4926e+00   0.0000e+00   0.0000e+00   2.8431e+02
20251211_10:00:00   1.8593e-01   5.1825e+01   3.4761e+00   0.0000e+00   0.0000e+00   2.8275e+02
20251211_11:00:00   1.7965e-01   5.0382e+01   3.3527e+00   0.0000e+00   0.0000e+00   2.8114e+02
20251211_12:00:00   1.7734e-01   4.9831e+01   3.3025e+00   0.0000e+00   0.0000e+00   2.8098e+02
20251211_13:00:00   1.7589e-01   4.9481e+01   3.2639e+00   0.0000e+00   0.0000e+00   2.7961e+02
20251211_14:00:00   1.7289e-01   4.8787e+01   3.1988e+00   0.0000e+00   0.0000e+00   2.7766e+02
20251211_15:00:00   1.6959e-01   4.8016e+01   3.1287e+00   0.0000e+00   0.0000e+00   2.7786e+02
20251211_16:00:00   1.6546e-01   4.7047e+01   3.0448e+00   0.0000e+00   0.0000e+00   2.7787e+02
20251211_17:00:00   1.6231e-01   4.6300e+01   2.9828e+00   0.0000e+00   0.0000e+00   2.7720e+02
20251211_18:00:00   1.5974e-01   4.5681e+01   2.9347e+00   0.0000e+00   0.0000e+00   2.7630e+02
20251211_19:00:00   1.6274e-01   4.6357e+01   2.9950e+00   0.0000e+00   0.0000e+00   2.7566e+02
20251211_20:00:00   1.6332e-01   4.6459e+01   3.0069e+00   0.0000e+00   0.0000e+00   2.7442e+02
20251211_21:00:00   1.6269e-01   4.6311e+01   2.9919e+00   0.0000e+00   0.0000e+00   2.7400e+02
20251211_22:00:00   1.5989e-01   4.5661e+01   2.9314e+00   0.0000e+00   0.0000e+00   2.7354e+02
20251211_23:00:00   1.6088e-01   4.5904e+01   2.9441e+00   0.0000e+00   0.0000e+00   2.7391e+02
20251212_00:00:00   1.6134e-01   4.6009e+01   2.9524e+00   0.0000e+00   0.0000e+00   2.7320e+02
20251212_01:00:00   1.6360e-01   4.6539e+01   2.9930e+00   0.0000e+00   0.0000e+00   2.7194e+02
20251212_02:00:00   1.6655e-01   4.7227e+01   3.0495e+00   0.0000e+00   0.0000e+00   2.7195e+02
20251212_03:00:00   1.6982e-01   4.7980e+01   3.1220e+00   0.0000e+00   0.0000e+00   2.7275e+02
20251212_04:00:00   1.8588e-01   5.1656e+01   3.4539e+00   0.0000e+00   0.0000e+00   2.7409e+02
20251212_05:00:00   2.1351e-01   5.7843e+01   4.0098e+00   0.0000e+00   0.0000e+00   2.7382e+02
20251212_06:00:00   2.3892e-01   6.3377e+01   4.5140e+00   0.0000e+00   0.0000e+00   2.7346e+02
20251212_07:00:00   2.5347e-01   6.6486e+01   4.7947e+00   0.0000e+00   0.0000e+00   2.7394e+02
20251212_08:00:00   2.5939e-01   6.7749e+01   4.9065e+00   0.0000e+00   0.0000e+00   2.7355e+02
20251212_09:00:00   2.6282e-01   6.8476e+01   4.9678e+00   0.0000e+00   0.0000e+00   2.7164e+02
20251212_10:00:00   2.6463e-01   6.8844e+01   4.9983e+00   0.0000e+00   0.0000e+00   2.6941e+02
20251212_11:00:00   2.6263e-01   6.8435e+01   4.9506e+00   0.0000e+00   0.0000e+00   2.6923e+02
20251212_12:00:00   2.6047e-01   6.7963e+01   4.8987e+00   0.0000e+00   0.0000e+00   2.7059e+02
20251212_13:00:00   2.5266e-01   6.6342e+01   4.7468e+00   0.0000e+00   0.0000e+00   2.7259e+02
20251212_14:00:00   2.4422e-01   6.4593e+01   4.5850e+00   0.0000e+00   0.0000e+00   2.7363e+02
20251212_15:00:00   2.4357e-01   6.4445e+01   4.5670e+00   0.0000e+00   0.0000e+00   2.7389e+02
20251212_16:00:00   2.4753e-01   6.5260e+01   4.6363e+00   0.0000e+00   0.0000e+00   2.7238e+02
20251212_17:00:00   2.4837e-01   6.5446e+01   4.6446e+00   0.0000e+00   0.0000e+00   2.7164e+02
20251212_18:00:00   2.4610e-01   6.4986e+01   4.6022e+00   0.0000e+00   0.0000e+00   2.7322e+02
20251212_19:00:00   2.4889e-01   6.5570e+01   4.6604e+00   0.0000e+00   0.0000e+00   2.7390e+02
20251212_20:00:00   2.5617e-01   6.7092e+01   4.8017e+00   0.0000e+00   0.0000e+00   2.7404e+02
20251212_21:00:00   2.6429e-01   6.8793e+01   4.9463e+00   0.0000e+00   2.9840e-05   2.7343e+02
20251212_22:00:00   2.6718e-01   6.9454e+01   4.9840e+00   0.0000e+00   2.6720e-05   2.7304e+02
20251212_23:00:00   2.6853e-01   6.9761e+01   5.0025e+00   0.0000e+00   0.0000e+00   2.7336e+02
20251213_00:00:00   2.6973e-01   7.0029e+01   5.0140e+00   0.0000e+00   1.6022e-06   2.7413e+02
20251213_01:00:00   2.7293e-01   7.0682e+01   5.0709e+00   0.0000e+00   0.0000e+00   2.7691e+02
20251213_02:00:00   2.6140e-01   6.8310e+01   4.8592e+00   0.0000e+00   0.0000e+00   2.8275e+02
20251213_03:00:00   2.5386e-01   6.6725e+01   4.7303e+00   0.0000e+00   0.0000e+00   2.8431e+02
20251213_04:00:00   2.5092e-01   6.6112e+01   4.6575e+00   0.0000e+00   0.0000e+00   2.8613e+02
20251213_05:00:00   2.5756e-01   6.7466e+01   4.7712e+00   0.0000e+00   0.0000e+00   2.8705e+02
20251213_06:00:00   2.5464e-01   6.6838e+01   4.7068e+00   0.0000e+00   0.0000e+00   2.8578e+02
20251213_07:00:00   2.5186e-01   6.6182e+01   4.6701e+00   0.0000e+00   0.0000e+00   2.8455e+02
20251213_08:00:00   2.4795e-01   6.5279e+01   4.6174e+00   0.0000e+00   0.0000e+00   2.8393e+02
20251213_09:00:00   2.4601e-01   6.4787e+01   4.6047e+00   0.0000e+00   0.0000e+00   2.8200e+02
20251213_10:00:00   2.3776e-01   6.2972e+01   4.4740e+00   0.0000e+00   0.0000e+00   2.7959e+02
20251213_11:00:00   2.3826e-01   6.3034e+01   4.4836e+00   0.0000e+00   0.0000e+00   2.7871e+02
20251213_12:00:00   2.3736e-01   6.2772e+01   4.4727e+00   0.0000e+00   0.0000e+00   2.7802e+02
20251213_13:00:00   2.3592e-01   6.2365e+01   4.4835e+00   0.0000e+00   0.0000e+00   2.7628e+02
20251213_14:00:00   2.3201e-01   6.1440e+01   4.4441e+00   0.0000e+00   8.0100e-07   2.7488e+02
20251213_15:00:00   2.3123e-01   6.1172e+01   4.4719e+00   0.0000e+00   4.4476e-05   2.7387e+02
20251213_16:00:00   2.3516e-01   6.1911e+01   4.5842e+00   0.0000e+00   2.4441e-03   2.7253e+02
20251213_17:00:00   2.4040e-01   6.2981e+01   4.7010e+00   0.0000e+00   3.1227e-03   2.7142e+02
20251213_18:00:00   2.3811e-01   6.2464e+01   4.6699e+00   0.0000e+00   1.7366e-05   2.7094e+02
20251213_19:00:00   2.3211e-01   6.1212e+01   4.5395e+00   0.0000e+00   1.2245e-04   2.7146e+02
20251213_20:00:00   2.2561e-01   5.9785e+01   4.4182e+00   0.0000e+00   4.5893e-04   2.7056e+02
20251213_21:00:00   2.3540e-01   6.1904e+01   4.5965e+00   0.0000e+00   6.2460e-04   2.7021e+02
20251213_22:00:00   2.4147e-01   6.3159e+01   4.7182e+00   0.0000e+00   2.4473e-03   2.6861e+02
20251213_23:00:00   2.4241e-01   6.3352e+01   4.7429e+00   0.0000e+00   3.2569e-03   2.6667e+02
20251214_00:00:00   2.3916e-01   6.2644e+01   4.7001e+00   0.0000e+00   2.7714e-03   2.6651e+02
20251214_01:00:00   2.2912e-01   6.0373e+01   4.5661e+00   0.0000e+00   2.3167e-03   2.6686e+02
20251214_02:00:00   2.3233e-01   6.0950e+01   4.6803e+00   0.0000e+00   8.0618e-04   2.6725e+02
20251214_03:00:00   2.3269e-01   6.0944e+01   4.7165e+00   0.0000e+00   1.9111e-04   2.6769e+02
20251214_04:00:00   2.3219e-01   6.0713e+01   4.7411e+00   0.0000e+00   1.6302e-03   2.6827e+02
20251214_05:00:00   2.2812e-01   5.9696e+01   4.7061e+00   0.0000e+00   4.3199e-03   2.6702e+02
20251214_06:00:00   2.3448e-01   6.0920e+01   4.8734e+00   0.0000e+00   9.6545e-03   2.6590e+02
20251214_07:00:00   2.3264e-01   6.0352e+01   4.8517e+00   0.0000e+00   4.1563e-02   2.6510e+02
20251214_08:00:00   2.2589e-01   5.8809e+01   4.7064e+00   0.0000e+00   6.3480e-02   2.6363e+02
20251214_09:00:00   2.1270e-01   5.5923e+01   4.4294e+00   0.0000e+00   6.1228e-02   2.6340e+02
20251214_10:00:00   2.2102e-01   5.7735e+01   4.6064e+00   0.0000e+00   2.2531e-02   2.6390e+02
20251214_11:00:00   2.1347e-01   5.5987e+01   4.4787e+00   0.0000e+00   3.4860e-02   2.6463e+02
20251214_12:00:00   2.1976e-01   5.7249e+01   4.6051e+00   0.0000e+00   7.3254e-02   2.6710e+02
20251214_13:00:00   2.3283e-01   5.9820e+01   4.9033e+00   0.0000e+00   1.2520e-01   2.6821e+02
20251214_14:00:00   2.0826e-01   5.4570e+01   4.3358e+00   0.0000e+00   1.9588e-01   2.6979e+02
20251214_15:00:00   2.1213e-01   5.5487e+01   4.4754e+00   0.0000e+00   5.7179e-02   2.7169e+02
20251214_16:00:00   2.3491e-01   6.0353e+01   4.9791e+00   0.0000e+00   4.8588e-02   2.7355e+02
20251214_17:00:00   2.8283e-01   7.0233e+01   6.0385e+00   0.0000e+00   2.6279e-02   2.7373e+02
20251214_18:00:00   3.1491e-01   7.6812e+01   6.6372e+00   0.0000e+00   6.1464e-02   2.7394e+02
20251214_21:00:00   3.9443e-01   9.2138e+01   8.1312e+00   0.0000e+00   5.3996e-02   2.7213e+02
20251215_00:00:00   3.4677e-01   8.3440e+01   7.0962e+00   0.0000e+00   7.1412e-02   2.6903e+02
20251215_03:00:00   2.9583e-01   7.3955e+01   5.9120e+00   0.0000e+00   5.7301e-02   2.6838e+02
20251215_06:00:00   3.1834e-01   7.8556e+01   6.2661e+00   0.0000e+00   6.2120e-02   2.6825e+02
20251215_09:00:00   3.0450e-01   7.6298e+01   5.7869e+00   0.0000e+00   0.0000e+00   2.7176e+02
20251215_12:00:00   3.1750e-01   7.8694e+01   5.9882e+00   0.0000e+00   0.0000e+00   2.7402e+02
20251215_15:00:00   3.2696e-01   8.0313e+01   6.1362e+00   0.0000e+00   0.0000e+00   2.7332e+02
20251215_18:00:00   3.4026e-01   8.2501e+01   6.4373e+00   0.0000e+00   0.0000e+00   2.7511e+02
20251215_21:00:00   3.2883e-01   8.0403e+01   6.1946e+00   0.0000e+00   4.8698e-04   2.7118e+02
20251216_00:00:00   2.7790e-01   7.0876e+01   5.1061e+00   0.0000e+00   0.0000e+00   2.7285e+02
20251216_03:00:00   2.4973e-01   6.4988e+01   4.6046e+00   0.0000e+00   0.0000e+00   2.7119e+02
20251216_06:00:00   2.1961e-01   5.8454e+01   4.0879e+00   0.0000e+00   0.0000e+00   2.6977e+02
20251216_09:00:00   1.9768e-01   5.3568e+01   3.6934e+00   0.0000e+00   0.0000e+00   2.6509e+02
20251216_12:00:00   1.7459e-01   4.8181e+01   3.3094e+00   0.0000e+00   0.0000e+00   2.6217e+02
20251216_15:00:00   1.9842e-01   5.2705e+01   4.0678e+00   0.0000e+00   0.0000e+00   2.5685e+02
20251216_18:00:00   2.4622e-01   6.2548e+01   5.1658e+00   0.0000e+00   2.3640e-04   2.5489e+02
20251216_21:00:00   2.7866e-01   7.0009e+01   5.6641e+00   0.0000e+00   0.0000e+00   2.5629e+02
20251217_00:00:00   3.3943e-01   8.2312e+01   6.7954e+00   0.0000e+00   1.5662e-04   2.5292e+02
20251217_03:00:00   3.6149e-01   8.6907e+01   7.2418e+00   0.0000e+00   1.8822e-04   2.5037e+02
20251217_06:00:00   3.2031e-01   7.9118e+01   6.4969e+00   0.0000e+00   0.0000e+00   2.4903e+02
20251217_09:00:00   3.3066e-01   8.1116e+01   6.7013e+00   0.0000e+00   0.0000e+00   2.4814e+02
20251217_12:00:00   3.2894e-01   8.0640e+01   6.7404e+00   0.0000e+00   0.0000e+00   2.5004e+02
20251217_15:00:00   3.7110e-01   8.8406e+01   7.6713e+00   0.0000e+00   0.0000e+00   2.5052e+02
20251217_18:00:00   3.8712e-01   9.1363e+01   8.0855e+00   0.0000e+00   0.0000e+00   2.5029e+02
20251217_21:00:00   4.2940e-01   9.8782e+01   8.9000e+00   0.0000e+00   9.4959e-04   2.4974e+02
20251218_00:00:00   4.1287e-01   9.6472e+01   8.3280e+00   0.0000e+00   0.0000e+00   2.5012e+02
20251218_03:00:00   4.0941e-01   9.5934e+01   8.2210e+00   0.0000e+00   4.5860e-06   2.4940e+02
20251218_06:00:00   3.8277e-01   9.1490e+01   7.5060e+00   0.0000e+00   0.0000e+00   2.4819e+02
20251218_09:00:00   3.5787e-01   8.6888e+01   6.9496e+00   0.0000e+00   7.6549e-03   2.4882e+02
20251218_12:00:00   3.5665e-01   8.6803e+01   6.9420e+00   0.0000e+00   0.0000e+00   2.5388e+02
20251218_15:00:00   3.6020e-01   8.7412e+01   7.0830e+00   0.0000e+00   0.0000e+00   2.5388e+02
20251218_18:00:00   3.4033e-01   8.3674e+01   6.7332e+00   0.0000e+00   0.0000e+00   2.5389e+02
20251218_21:00:00   3.3934e-01   8.3456e+01   6.7297e+00   0.0000e+00   6.4120e-05   2.5339e+02
20251219_00:00:00   3.1188e-01   7.8185e+01   6.2169e+00   0.0000e+00   9.5057e-03   2.5581e+02
20251219_03:00:00   3.0439e-01   7.6807e+01   5.9916e+00   0.0000e+00   1.0065e-02   2.5534e+02
20251219_06:00:00   2.9412e-01   7.4893e+01   5.7860e+00   0.0000e+00   4.2880e-05   2.5734e+02
20251219_09:00:00   2.9035e-01   7.4141e+01   5.6633e+00   0.0000e+00   0.0000e+00   2.6022e+02
20251219_12:00:00   2.8722e-01   7.3447e+01   5.6106e+00   0.0000e+00   0.0000e+00   2.6192e+02
20251219_15:00:00   2.8184e-01   7.2341e+01   5.5197e+00   0.0000e+00   0.0000e+00   2.6075e+02
20251219_18:00:00   2.7355e-01   7.0646e+01   5.4026e+00   0.0000e+00   0.0000e+00   2.5849e+02
20251219_21:00:00   2.6866e-01   6.9579e+01   5.2664e+00   0.0000e+00   0.0000e+00   2.5946e+02
20251220_00:00:00   2.2004e-01   5.9016e+01   4.3574e+00   0.0000e+00   8.4160e-06   2.6067e+02
20251220_03:00:00   1.8371e-01   5.0734e+01   3.6731e+00   0.0000e+00   3.7840e-06   2.6182e+02
20251220_06:00:00   2.1853e-01   5.8606e+01   4.3470e+00   0.0000e+00   1.6686e-04   2.6308e+02
20251220_09:00:00   1.9899e-01   5.4120e+01   3.9970e+00   0.0000e+00   9.2620e-06   2.6378e+02
20251220_12:00:00   2.1303e-01   5.7185e+01   4.3089e+00   0.0000e+00   8.0100e-07   2.6256e+02
20251220_15:00:00   2.1910e-01   5.8272e+01   4.4806e+00   0.0000e+00   0.0000e+00   2.6399e+02
20251220_18:00:00   2.1806e-01   5.7968e+01   4.4582e+00   0.0000e+00   0.0000e+00   2.6514e+02
20251220_21:00:00   2.5420e-01   6.5301e+01   5.3547e+00   0.0000e+00   0.0000e+00   2.6689e+02
20251221_00:00:00   3.0364e-01   7.5668e+01   6.3310e+00   0.0000e+00   6.3040e-04   2.6427e+02
20251221_03:00:00   3.4183e-01   8.3153e+01   7.1707e+00   0.0000e+00   1.9974e-03   2.6198e+02
20251221_06:00:00   4.1187e-01   9.6968e+01   8.3226e+00   0.0000e+00   0.0000e+00   2.6175e+02
20251221_09:00:00   4.7172e-01   1.0795e+02   9.2164e+00   0.0000e+00   9.5240e-04   2.5816e+02
20251221_12:00:00   4.2158e-01   9.9146e+01   8.2632e+00   0.0000e+00   3.3400e-05   2.5647e+02
20251221_15:00:00   4.1820e-01   9.8469e+01   8.3275e+00   0.0000e+00   1.6022e-06   2.5776e+02
20251221_18:00:00   4.4723e-01   1.0356e+02   8.9393e+00   0.0000e+00   0.0000e+00   2.5682e+02
20251221_21:00:00   4.7568e-01   1.0863e+02   9.3387e+00   0.0000e+00   7.5700e-06   2.5558e+02
20251222_00:00:00   5.0199e-01   1.1314e+02   9.6901e+00   0.0000e+00   5.5118e-04   2.5360e+02
20251222_03:00:00   5.5130e-01   1.2099e+02   1.0562e+01   0.0000e+00   2.9120e-05   2.5248e+02
20251222_06:00:00   5.7698e-01   1.2519e+02   1.1030e+01   0.0000e+00   0.0000e+00   2.5104e+02
20251222_09:00:00   5.8209e-01   1.2623e+02   1.1063e+01   0.0000e+00   0.0000e+00   2.4933e+02
20251222_12:00:00   5.2432e-01   1.1733e+02   9.9987e+00   0.0000e+00   0.0000e+00   2.5045e+02
20251222_15:00:00   4.5822e-01   1.0624e+02   8.8093e+00   0.0000e+00   1.7678e-05   2.5272e+02
20251222_18:00:00   4.4470e-01   1.0378e+02   8.5952e+00   0.0000e+00   0.0000e+00   2.5307e+02
20251222_21:00:00   3.8235e-01   9.2255e+01   7.4428e+00   0.0000e+00   0.0000e+00   2.5497e+02
20251223_00:00:00   3.1144e-01   7.8209e+01   6.1984e+00   0.0000e+00   0.0000e+00   2.5548e+02
20251223_03:00:00   2.6333e-01   6.8116e+01   5.3367e+00   0.0000e+00   0.0000e+00   2.6080e+02
20251223_06:00:00   2.5446e-01   6.6382e+01   5.1648e+00   0.0000e+00   0.0000e+00   2.6064e+02
20251223_09:00:00   2.9547e-01   7.4976e+01   5.9660e+00   0.0000e+00   0.0000e+00   2.6134e+02
20251223_12:00:00   2.9401e-01   7.4548e+01   5.9500e+00   0.0000e+00   0.0000e+00   2.6666e+02
20251223_15:00:00   2.8432e-01   7.2643e+01   5.6978e+00   0.0000e+00   0.0000e+00   2.6679e+02
20251223_18:00:00   2.7764e-01   7.1341e+01   5.5145e+00   0.0000e+00   1.8868e-03   2.6940e+02
20251223_21:00:00   2.6496e-01   6.8872e+01   5.0925e+00   0.0000e+00   0.0000e+00   2.6646e+02
20251224_00:00:00   2.7092e-01   7.0000e+01   5.1104e+00   0.0000e+00   4.2960e-04   2.6892e+02
20251224_03:00:00   2.6711e-01   6.8883e+01   5.1416e+00   0.0000e+00   4.3640e-04   2.6865e+02
20251224_06:00:00   3.9187e-01   9.2006e+01   7.7677e+00   0.0000e+00   9.1781e-03   2.6921e+02
20251224_09:00:00   3.4105e-01   8.2574e+01   6.7034e+00   0.0000e+00   1.2562e-03   2.8304e+02
20251224_12:00:00   3.5850e-01   8.5404e+01   7.1747e+00   0.0000e+00   2.4924e-03   2.7937e+02
20251224_15:00:00   3.7970e-01   8.9289e+01   7.6608e+00   0.0000e+00   3.1212e-04   2.8248e+02
20251224_18:00:00   3.9821e-01   9.2921e+01   7.9767e+00   0.0000e+00   3.7469e-03   2.8539e+02
20251224_21:00:00   3.9543e-01   9.2790e+01   7.7802e+00   0.0000e+00   0.0000e+00   2.8798e+02
20251225_00:00:00   4.3719e-01   9.9907e+01   8.8615e+00   0.0000e+00   4.8623e-03   2.8237e+02
20251225_03:00:00   4.4081e-01   1.0061e+02   9.0520e+00   0.0000e+00   7.7895e-04   2.7501e+02
20251225_06:00:00   4.1327e-01   9.5913e+01   8.5415e+00   0.0000e+00   0.0000e+00   2.7359e+02
20251225_09:00:00   4.0670e-01   9.4593e+01   8.4924e+00   0.0000e+00   0.0000e+00   2.7383e+02
20251225_12:00:00   4.0587e-01   9.4484e+01   8.4538e+00   0.0000e+00   0.0000e+00   2.7388e+02
20251225_15:00:00   4.2740e-01   9.8907e+01   8.7596e+00   0.0000e+00   1.6832e-05   2.6979e+02
20251225_18:00:00   3.5391e-01   8.6181e+01   6.9117e+00   0.0000e+00   0.0000e+00   2.6834e+02
