#            date       tau255        Tb[K]      pwv[mm] lwp[kg*m^-2] iwp[kg*m^-2]       o3[DU]
20251202_00:00:00   3.5488e-01   8.5461e+01   6.1077e+00   0.0000e+00   0.0000e+00   3.1254e+02
20251202_01:00:00   3.3525e-01   8.1766e+01   5.8006e+00   0.0000e+00   0.0000e+00   3.0692e+02
20251202_02:00:00   3.0468e-01   7.5843e+01   5.3146e+00   0.0000e+00   0.0000e+00   3.0195e+02
20251202_03:00:00   2.8473e-01   7.1835e+01   5.0159e+00   0.0000e+00   0.0000e+00   2.9725e+02
20251202_04:00:00   2.6815e-01   6.8438e+01   4.7503e+00   0.0000e+00   0.0000e+00   2.9445e+02
20251202_05:00:00   2.5692e-01   6.6106e+01   4.5723e+00   0.0000e+00   0.0000e+00   2.9040e+02
20251202_06:00:00   2.4766e-01   6.4144e+01   4.4405e+00   0.0000e+00   0.0000e+00   2.8777e+02
20251202_07:00:00   2.3789e-01   6.2046e+01   4.2971e+00   0.0000e+00   0.0000e+00   2.8604e+02
20251202_08:00:00   2.4027e-01   6.2521e+01   4.3478e+00   0.0000e+00   4.7640e-06   2.8521e+02
20251202_09:00:00   2.4075e-01   6.2593e+01   4.3679e+00   0.0000e+00   8.4160e-06   2.8388e+02
20251202_10:00:00   2.3861e-01   6.2112e+01   4.3490e+00   0.0000e+00   5.3860e-06   2.8445e+02
20251202_11:00:00   2.4262e-01   6.2942e+01   4.4348e+00   0.0000e+00   2.6760e-05   2.8555e+02
20251202_12:00:00   2.5746e-01   6.6046e+01   4.6798e+00   0.0000e+00   4.9340e-05   2.8622e+02
20251202_13:00:00   2.5419e-01   6.5339e+01   4.6527e+00   0.0000e+00   2.4580e-04   2.8822e+02
20251202_14:00:00   2.4119e-01   6.2565e+01   4.4613e+00   0.0000e+00   1.7998e-04   2.8975e+02
20251202_15:00:00   2.2826e-01   5.9764e+01   4.2650e+00   0.0000e+00   8.1120e-05   2.9177e+02
20251202_16:00:00   2.2347e-01   5.8711e+01   4.2062e+00   0.0000e+00   1.4072e-04   2.9382e+02
20251202_17:00:00   2.2509e-01   5.9045e+01   4.2459e+00   0.0000e+00   1.4562e-04   2.9471e+02
20251202_18:00:00   2.2979e-01   6.0073e+01   4.3007e+00   0.0000e+00   5.1560e-05   2.9434e+02
20251202_19:00:00   2.4729e-01   6.3848e+01   4.5410e+00   0.0000e+00   2.4800e-05   2.9423e+02
20251202_20:00:00   2.6271e-01   6.7107e+01   4.7700e+00   0.0000e+00   1.5138e-05   2.9546e+02
20251202_21:00:00   2.6488e-01   6.7611e+01   4.7841e+00   0.0000e+00   0.0000e+00   2.9971e+02
20251202_22:00:00   2.8264e-01   7.1333e+01   5.0325e+00   0.0000e+00   0.0000e+00   3.0166e+02
20251202_23:00:00   2.6681e-01   6.8086e+01   4.7653e+00   0.0000e+00   0.0000e+00   3.0107e+02
20251203_00:00:00   2.5197e-01   6.4940e+01   4.5168e+00   0.0000e+00   0.0000e+00   3.0319e+02
20251203_01:00:00   2.2764e-01   5.9722e+01   4.1167e+00   0.0000e+00   0.0000e+00   3.0653e+02
20251203_02:00:00   2.1258e-01   5.6372e+01   3.8823e+00   0.0000e+00   0.0000e+00   3.0903e+02
20251203_03:00:00   1.9964e-01   5.3392e+01   3.7039e+00   0.0000e+00   0.0000e+00   3.0894e+02
20251203_04:00:00   1.6746e-01   4.5954e+01   3.2122e+00   0.0000e+00   0.0000e+00   3.0889e+02
20251203_05:00:00   1.4743e-01   4.1151e+01   2.8756e+00   0.0000e+00   0.0000e+00   3.0850e+02
20251203_06:00:00   1.6351e-01   4.4830e+01   3.2071e+00   0.0000e+00   0.0000e+00   3.1050e+02
20251203_07:00:00   2.0184e-01   5.3402e+01   3.9540e+00   0.0000e+00   0.0000e+00   3.1125e+02
20251203_08:00:00   2.3746e-01   6.0947e+01   4.6713e+00   0.0000e+00   1.1901e-04   3.0907e+02
20251203_09:00:00   2.7965e-01   6.9452e+01   5.5427e+00   0.0000e+00   2.6154e-03   3.0463e+02
20251203_10:00:00   3.1081e-01   7.5714e+01   6.1082e+00   0.0000e+00   2.9316e-03   3.0704e+02
20251203_11:00:00   3.3962e-01   8.1493e+01   6.5372e+00   0.0000e+00   1.2201e-03   3.0940e+02
20251203_12:00:00   3.4247e-01   8.2262e+01   6.5016e+00   0.0000e+00   2.6804e-03   3.1324e+02
20251203_13:00:00   3.0423e-01   7.4964e+01   5.7303e+00   0.0000e+00   4.2338e-03   3.1510e+02
20251203_14:00:00   2.7970e-01   7.0144e+01   5.1656e+00   0.0000e+00   4.2255e-03   3.1681e+02
20251203_15:00:00   2.9754e-01   7.3665e+01   5.4259e+00   0.0000e+00   7.1096e-03   3.1792e+02
20251203_16:00:00   2.9933e-01   7.4078e+01   5.4073e+00   0.0000e+00   2.0177e-03   3.1826e+02
20251203_17:00:00   3.2520e-01   7.9041e+01   5.8551e+00   0.0000e+00   4.0362e-03   3.1664e+02
20251203_18:00:00   3.2989e-01   7.9960e+01   5.9285e+00   0.0000e+00   7.9196e-03   3.1744e+02
20251203_19:00:00   3.5640e-01   8.4850e+01   6.4246e+00   0.0000e+00   4.7317e-03   3.1806e+02
20251203_20:00:00   3.9835e-01   9.2387e+01   7.1517e+00   0.0000e+00   4.6451e-03   3.1631e+02
20251203_21:00:00   4.2342e-01   9.6850e+01   7.5279e+00   0.0000e+00   1.9682e-03   3.1856e+02
20251203_22:00:00   4.6346e-01   1.0358e+02   8.1968e+00   0.0000e+00   2.3864e-03   3.2033e+02
20251203_23:00:00   4.6220e-01   1.0357e+02   8.0339e+00   0.0000e+00   5.5247e-03   3.2048e+02
20251204_00:00:00   4.9638e-01   1.0936e+02   8.0282e+00   1.0663e-02   2.7817e-04   3.2000e+02
20251204_01:00:00   7.6526e-01   1.4778e+02   8.2075e+00   1.1602e-01   1.0181e-03   3.2055e+02
20251204_02:00:00   7.7144e-01   1.4865e+02   8.1599e+00   1.1667e-01   9.4726e-04   3.2381e+02
20251204_03:00:00   6.0017e-01   1.2569e+02   7.7568e+00   5.0506e-02   1.5030e-04   3.2608e+02
20251204_04:00:00   1.0304e+00   1.7692e+02   8.0691e+00   2.1786e-01   3.7128e-04   3.2690e+02
20251204_05:00:00   1.3863e+00   2.0546e+02   8.0189e+00   3.6749e-01   7.2041e-04   3.2975e+02
20251204_06:00:00   5.5327e-01   1.1866e+02   7.0159e+00   4.7216e-02   1.0472e-04   3.2996e+02
20251204_07:00:00   3.5616e-01   8.5398e+01   5.6776e+00   7.7600e-04   0.0000e+00   3.3098e+02
20251204_08:00:00   3.9810e-01   9.3011e+01   6.0178e+00   7.3227e-03   7.4100e-06   3.3296e+02
20251204_09:00:00   4.3976e-01   1.0046e+02   5.8023e+00   2.9441e-02   5.5580e-06   3.3586e+02
20251204_10:00:00   3.7947e-01   8.9585e+01   5.3067e+00   2.0054e-02   9.2620e-06   3.3581e+02
20251204_11:00:00   3.3631e-01   8.1352e+01   5.1373e+00   7.7390e-03   0.0000e+00   3.3599e+02
20251204_12:00:00   3.0761e-01   7.5685e+01   4.9952e+00   3.3570e-04   0.0000e+00   3.3657e+02
20251204_13:00:00   2.8777e-01   7.1699e+01   4.7286e+00   0.0000e+00   0.0000e+00   3.3765e+02
20251204_14:00:00   2.8715e-01   7.1490e+01   4.7466e+00   0.0000e+00   0.0000e+00   3.4132e+02
20251204_15:00:00   2.6410e-01   6.6819e+01   4.4024e+00   0.0000e+00   0.0000e+00   3.4491e+02
20251204_16:00:00   2.5946e-01   6.5852e+01   4.3308e+00   0.0000e+00   0.0000e+00   3.4757e+02
20251204_17:00:00   2.5828e-01   6.5633e+01   4.3215e+00   0.0000e+00   0.0000e+00   3.4833e+02
20251204_18:00:00   2.8996e-01   7.2102e+01   4.7848e+00   0.0000e+00   0.0000e+00   3.4675e+02
20251204_19:00:00   3.2476e-01   7.8973e+01   5.2953e+00   2.0040e-04   1.6022e-06   3.4609e+02
20251204_20:00:00   3.5339e-01   8.4467e+01   5.7300e+00   0.0000e+00   2.6875e-04   3.4780e+02
20251204_21:00:00   3.8640e-01   9.0572e+01   6.2192e+00   1.2086e-03   1.6143e-03   3.4904e+02
20251204_22:00:00   4.2741e-01   9.7888e+01   6.5249e+00   1.0558e-02   3.1293e-03   3.4791e+02
20251204_23:00:00   5.6712e-01   1.2057e+02   6.6719e+00   6.4765e-02   1.1166e-02   3.4305e+02
20251205_00:00:00   5.2300e-01   1.1375e+02   6.4904e+00   5.2632e-02   1.6036e-02   3.3996e+02
20251205_01:00:00   3.6075e-01   8.5862e+01   5.9584e+00   3.9220e-06   2.0310e-02   3.3548e+02
20251205_02:00:00   3.4514e-01   8.3019e+01   5.6897e+00   0.0000e+00   8.9583e-03   3.3305e+02
20251205_03:00:00   3.4291e-01   8.2659e+01   5.6236e+00   0.0000e+00   5.1222e-03   3.3079e+02
20251205_04:00:00   3.3320e-01   8.0885e+01   5.4223e+00   0.0000e+00   1.9222e-03   3.3073e+02
20251205_05:00:00   3.2165e-01   7.8771e+01   5.1681e+00   0.0000e+00   1.0132e-04   3.3276e+02
20251205_06:00:00   3.0349e-01   7.5263e+01   4.8524e+00   0.0000e+00   0.0000e+00   3.3679e+02
20251205_07:00:00   2.8530e-01   7.1619e+01   4.5848e+00   0.0000e+00   0.0000e+00   3.4010e+02
20251205_08:00:00   2.7545e-01   6.9533e+01   4.4645e+00   0.0000e+00   0.0000e+00   3.3840e+02
20251205_09:00:00   2.7474e-01   6.9289e+01   4.5046e+00   0.0000e+00   0.0000e+00   3.2823e+02
20251205_10:00:00   2.6343e-01   6.6909e+01   4.3547e+00   0.0000e+00   0.0000e+00   3.2050e+02
20251205_11:00:00   2.5318e-01   6.4743e+01   4.2063e+00   0.0000e+00   0.0000e+00   3.1698e+02
20251205_12:00:00   2.4150e-01   6.2215e+01   4.0652e+00   0.0000e+00   0.0000e+00   3.1153e+02
20251205_13:00:00   2.2450e-01   5.8509e+01   3.8597e+00   0.0000e+00   0.0000e+00   3.0874e+02
20251205_14:00:00   2.3097e-01   5.9807e+01   4.0157e+00   0.0000e+00   0.0000e+00   3.0580e+02
20251205_15:00:00   2.3929e-01   6.1436e+01   4.2142e+00   0.0000e+00   0.0000e+00   3.0428e+02
20251205_16:00:00   2.5368e-01   6.4430e+01   4.4722e+00   0.0000e+00   0.0000e+00   3.0506e+02
20251205_17:00:00   2.6060e-01   6.5732e+01   4.6638e+00   0.0000e+00   4.6778e-04   3.0699e+02
20251205_18:00:00   2.5461e-01   6.4320e+01   4.6604e+00   0.0000e+00   1.3452e-03   3.0817e+02
20251205_19:00:00   2.4360e-01   6.2006e+01   4.5058e+00   0.0000e+00   3.7421e-06   3.0835e+02
20251205_20:00:00   2.4189e-01   6.1621e+01   4.5255e+00   0.0000e+00   0.0000e+00   3.0876e+02
20251205_21:00:00   2.6009e-01   6.5518e+01   4.8589e+00   0.0000e+00   0.0000e+00   3.0873e+02
20251205_22:00:00   2.6902e-01   6.7433e+01   5.0282e+00   0.0000e+00   0.0000e+00   3.0769e+02
20251205_23:00:00   2.6804e-01   6.7292e+01   5.0302e+00   0.0000e+00   0.0000e+00   3.0595e+02
20251206_00:00:00   2.6589e-01   6.6870e+01   5.0079e+00   0.0000e+00   0.0000e+00   3.0457e+02
20251206_01:00:00   2.4366e-01   6.2339e+01   4.6158e+00   0.0000e+00   0.0000e+00   3.0380e+02
20251206_02:00:00   2.3853e-01   6.1296e+01   4.5351e+00   0.0000e+00   0.0000e+00   3.0193e+02
20251206_03:00:00   2.3918e-01   6.1457e+01   4.5535e+00   0.0000e+00   0.0000e+00   3.0022e+02
20251206_04:00:00   2.3940e-01   6.1616e+01   4.5158e+00   0.0000e+00   0.0000e+00   2.9799e+02
20251206_05:00:00   2.3320e-01   6.0417e+01   4.4014e+00   0.0000e+00   0.0000e+00   2.9598e+02
20251206_06:00:00   2.3066e-01   5.9967e+01   4.3292e+00   0.0000e+00   0.0000e+00   2.9380e+02
20251206_07:00:00   2.3019e-01   5.9900e+01   4.3221e+00   0.0000e+00   0.0000e+00   2.9142e+02
20251206_08:00:00   2.2179e-01   5.8161e+01   4.1967e+00   0.0000e+00   0.0000e+00   2.9006e+02
20251206_09:00:00   2.1888e-01   5.7497e+01   4.1671e+00   0.0000e+00   0.0000e+00   2.8999e+02
20251206_10:00:00   2.2023e-01   5.7699e+01   4.2334e+00   0.0000e+00   0.0000e+00   2.8792e+02
20251206_11:00:00   2.2227e-01   5.8042e+01   4.3484e+00   0.0000e+00   0.0000e+00   2.8379e+02
20251206_12:00:00   2.3126e-01   5.9897e+01   4.5757e+00   0.0000e+00   0.0000e+00   2.8230e+02
20251206_13:00:00   2.3680e-01   6.1049e+01   4.7185e+00   0.0000e+00   0.0000e+00   2.8208e+02
20251206_14:00:00   2.4144e-01   6.1980e+01   4.8467e+00   0.0000e+00   0.0000e+00   2.8223e+02
20251206_15:00:00   2.4346e-01   6.2446e+01   4.9282e+00   0.0000e+00   0.0000e+00   2.8154e+02
20251206_16:00:00   2.5449e-01   6.4751e+01   5.2141e+00   0.0000e+00   0.0000e+00   2.8053e+02
20251206_17:00:00   2.7252e-01   6.8456e+01   5.6052e+00   0.0000e+00   0.0000e+00   2.7899e+02
20251206_18:00:00   2.8857e-01   7.1720e+01   5.9221e+00   0.0000e+00   0.0000e+00   2.7738e+02
20251206_19:00:00   3.0636e-01   7.5300e+01   6.2791e+00   0.0000e+00   0.0000e+00   2.7757e+02
20251206_20:00:00   3.3393e-01   8.0738e+01   6.8088e+00   0.0000e+00   0.0000e+00   2.7597e+02
20251206_21:00:00   3.5155e-01   8.4401e+01   7.0391e+00   0.0000e+00   1.6832e-05   2.7388e+02
20251206_22:00:00   3.6278e-01   8.6773e+01   7.2026e+00   0.0000e+00   0.0000e+00   2.7395e+02
20251206_23:00:00   3.9638e-01   9.3021e+01   7.8292e+00   0.0000e+00   0.0000e+00   2.7312e+02
20251207_00:00:00   4.3229e-01   9.9445e+01   8.5513e+00   0.0000e+00   0.0000e+00   2.7201e+02
20251207_03:00:00   3.8914e-01   9.2010e+01   7.6486e+00   0.0000e+00   0.0000e+00   2.6860e+02
20251207_06:00:00   3.7851e-01   9.0282e+01   7.4012e+00   0.0000e+00   0.0000e+00   2.7303e+02
20251207_09:00:00   3.6289e-01   8.7590e+01   7.0459e+00   0.0000e+00   0.0000e+00   2.6891e+02
20251207_12:00:00   3.5432e-01   8.6070e+01   6.7988e+00   0.0000e+00   0.0000e+00   2.6471e+02
20251207_15:00:00   3.3335e-01   8.2153e+01   6.3738e+00   0.0000e+00   0.0000e+00   2.6538e+02
20251207_18:00:00   3.2033e-01   7.9649e+01   6.1397e+00   0.0000e+00   0.0000e+00   2.6648e+02
20251207_21:00:00   2.7484e-01   7.0556e+01   5.2737e+00   0.0000e+00   0.0000e+00   2.6629e+02
20251208_00:00:00   2.4986e-01   6.5321e+01   4.8412e+00   0.0000e+00   0.0000e+00   2.6672e+02
20251208_03:00:00   2.4150e-01   6.3536e+01   4.7085e+00   0.0000e+00   0.0000e+00   2.6535e+02
20251208_06:00:00   2.4241e-01   6.3753e+01   4.6954e+00   0.0000e+00   0.0000e+00   2.6567e+02
20251208_09:00:00   2.3567e-01   6.2289e+01   4.5402e+00   0.0000e+00   0.0000e+00   2.6414e+02
20251208_12:00:00   2.3060e-01   6.1122e+01   4.4243e+00   0.0000e+00   0.0000e+00   2.6483e+02
20251208_15:00:00   2.3511e-01   6.2065e+01   4.5113e+00   0.0000e+00   0.0000e+00   2.6472e+02
20251208_18:00:00   2.8953e-01   7.3506e+01   5.5142e+00   0.0000e+00   0.0000e+00   2.6597e+02
20251208_21:00:00   2.7035e-01   6.9482e+01   5.1805e+00   0.0000e+00   0.0000e+00   2.6777e+02
20251209_00:00:00   2.7258e-01   6.9814e+01   5.2099e+00   0.0000e+00   0.0000e+00   2.7253e+02
20251209_03:00:00   2.1923e-01   5.8740e+01   4.0464e+00   0.0000e+00   0.0000e+00   2.7777e+02
20251209_06:00:00   1.7199e-01   4.8088e+01   3.1430e+00   0.0000e+00   0.0000e+00   2.8150e+02
20251209_09:00:00   1.6928e-01   4.7247e+01   3.1514e+00   0.0000e+00   0.0000e+00   2.8880e+02
20251209_12:00:00   1.5490e-01   4.4120e+01   2.8066e+00   0.0000e+00   0.0000e+00   2.9581e+02
20251209_15:00:00   1.7133e-01   4.7868e+01   3.1700e+00   0.0000e+00   0.0000e+00   2.9124e+02
20251209_18:00:00   1.5964e-01   4.5233e+01   2.9526e+00   0.0000e+00   0.0000e+00   2.9075e+02
20251209_21:00:00   1.4785e-01   4.2482e+01   2.7107e+00   0.0000e+00   0.0000e+00   2.8512e+02
20251210_00:00:00   1.4534e-01   4.1922e+01   2.6589e+00   0.0000e+00   0.0000e+00   2.8229e+02
20251210_03:00:00   1.7754e-01   4.9463e+01   3.2475e+00   0.0000e+00   0.0000e+00   2.8428e+02
20251210_06:00:00   1.8354e-01   5.0565e+01   3.4876e+00   0.0000e+00   8.5064e-04   2.8640e+02
20251210_09:00:00   1.6733e-01   4.6827e+01   3.1857e+00   0.0000e+00   2.3996e-03   2.8120e+02
20251210_12:00:00   1.5947e-01   4.4969e+01   3.0459e+00   0.0000e+00   1.4398e-03   2.8195e+02
20251210_15:00:00   1.5563e-01   4.4125e+01   2.9463e+00   0.0000e+00   1.4632e-04   2.7215e+02
20251210_18:00:00   1.6195e-01   4.5667e+01   3.0460e+00   0.0000e+00   0.0000e+00   2.7202e+02
20251210_21:00:00   1.7944e-01   4.9663e+01   3.4103e+00   0.0000e+00   0.0000e+00   2.7233e+02
20251211_00:00:00   1.9312e-01   5.2621e+01   3.7923e+00   0.0000e+00   0.0000e+00   2.7503e+02
20251211_03:00:00   2.1439e-01   5.7376e+01   4.1797e+00   0.0000e+00   0.0000e+00   2.7872e+02
20251211_06:00:00   2.1647e-01   5.7533e+01   4.3762e+00   0.0000e+00   0.0000e+00   2.7930e+02
20251211_09:00:00   2.2386e-01   5.9240e+01   4.4799e+00   0.0000e+00   0.0000e+00   2.7892e+02
20251211_12:00:00   2.2699e-01   5.9931e+01   4.5542e+00   0.0000e+00   0.0000e+00   2.7863e+02
20251211_15:00:00   2.4016e-01   6.2599e+01   4.8617e+00   0.0000e+00   1.5138e-05   2.7083e+02
20251211_18:00:00   2.3670e-01   6.2023e+01   4.7531e+00   0.0000e+00   0.0000e+00   2.6770e+02
20251211_21:00:00   2.3752e-01   6.2405e+01   4.7214e+00   0.0000e+00   0.0000e+00   2.7023e+02
20251212_00:00:00   2.3258e-01   6.1426e+01   4.5841e+00   0.0000e+00   0.0000e+00   2.7582e+02
20251212_03:00:00   2.4797e-01   6.4743e+01   4.9210e+00   0.0000e+00   0.0000e+00   2.7375e+02
20251212_06:00:00   2.5427e-01   6.5986e+01   5.0979e+00   0.0000e+00   0.0000e+00   2.7251e+02
20251212_09:00:00   2.1616e-01   5.7681e+01   4.3494e+00   0.0000e+00   0.0000e+00   2.7135e+02
20251212_12:00:00   1.9424e-01   5.2756e+01   3.8764e+00   0.0000e+00   0.0000e+00   2.7127e+02
20251212_15:00:00   2.2397e-01   5.9551e+01   4.3954e+00   0.0000e+00   0.0000e+00   2.7161e+02
20251212_18:00:00   2.8073e-01   7.1931e+01   5.3211e+00   0.0000e+00   0.0000e+00   2.7491e+02
20251212_21:00:00   2.7824e-01   7.1463e+01   5.2234e+00   0.0000e+00   0.0000e+00   2.7645e+02
20251213_00:00:00   3.1178e-01   7.7746e+01   6.0643e+00   0.0000e+00   5.8820e-06   2.7740e+02
20251213_03:00:00   3.9494e-01   9.2904e+01   7.9309e+00   0.0000e+00   4.0732e-03   2.7880e+02
20251213_06:00:00   4.2738e-01   9.8969e+01   8.4111e+00   0.0000e+00   0.0000e+00   2.7983e+02
20251213_09:00:00   4.3006e-01   9.9377e+01   8.4304e+00   0.0000e+00   1.7739e-04   2.8242e+02
20251213_12:00:00   4.2055e-01   9.7641e+01   8.1742e+00   0.0000e+00   1.3443e-03   2.8229e+02
20251213_15:00:00   3.6732e-01   8.8273e+01   6.9904e+00   0.0000e+00   1.2120e-04   2.8476e+02
20251213_18:00:00   3.7066e-01   8.8415e+01   7.2067e+00   0.0000e+00   5.2940e-05   2.8480e+02
20251213_21:00:00   5.5426e-01   1.1928e+02   1.0521e+01   0.0000e+00   8.4400e-04   2.8244e+02
20251214_00:00:00   6.1418e-01   1.2847e+02   1.1399e+01   0.0000e+00   1.7740e-04   2.8192e+02
20251214_03:00:00   6.2547e-01   1.3029e+02   1.1495e+01   0.0000e+00   1.3982e-04   2.8035e+02
20251214_06:00:00   5.5554e-01   1.1966e+02   1.0210e+01   0.0000e+00   0.0000e+00   2.7877e+02
20251214_09:00:00   5.5725e-01   1.1997e+02   1.0235e+01   0.0000e+00   0.0000e+00   2.7946e+02
20251214_12:00:00   5.2534e-01   1.1467e+02   9.7429e+00   0.0000e+00   1.1073e-04   2.8135e+02
20251214_15:00:00   5.8459e-01   1.2371e+02   1.0892e+01   0.0000e+00   4.4561e-04   2.8005e+02
20251214_18:00:00   6.4315e-01   1.3220e+02   1.1803e+01   0.0000e+00   2.1799e-03   2.7718e+02
20251214_21:00:00   6.7661e-01   1.3706e+02   1.1973e+01   0.0000e+00   3.4615e-03   2.7567e+02
20251215_00:00:00   3.5743e-01   8.6570e+01   6.0072e+00   0.0000e+00   2.8460e-05   2.8019e+02
20251215_03:00:00   2.8415e-01   7.1991e+01   4.7540e+00   0.0000e+00   3.5460e-04   2.8064e+02
20251215_06:00:00   2.1316e-01   5.6773e+01   3.5908e+00   0.0000e+00   5.7654e-04   2.8262e+02
20251215_09:00:00   1.4005e-01   3.9983e+01   2.4278e+00   0.0000e+00   1.2230e-04   2.8537e+02
20251215_12:00:00   1.2123e-01   3.5246e+01   2.1814e+00   0.0000e+00   0.0000e+00   2.8243e+02
20251215_15:00:00   1.6095e-01   4.4374e+01   2.9843e+00   0.0000e+00   0.0000e+00   2.7860e+02
20251215_18:00:00   2.0875e-01   5.5319e+01   3.6303e+00   0.0000e+00   0.0000e+00   2.7754e+02
20251215_21:00:00   2.3117e-01   6.0263e+01   3.9100e+00   0.0000e+00   8.3700e-06   2.7474e+02
20251216_00:00:00   2.7980e-01   7.0201e+01   4.7059e+00   2.1860e-04   1.3714e-04   2.7185e+02
20251216_03:00:00   2.2277e-01   5.8034e+01   3.9053e+00   0.0000e+00   0.0000e+00   2.7363e+02
20251216_06:00:00   2.1249e-01   5.5726e+01   3.7000e+00   0.0000e+00   0.0000e+00   2.8163e+02
20251216_09:00:00   2.0462e-01   5.3626e+01   3.5774e+00   0.0000e+00   2.5660e-05   2.8326e+02
20251216_12:00:00   6.2289e-01   1.2730e+02   5.4867e+00   1.2452e-01   7.7890e-04   2.8711e+02
20251216_15:00:00   1.5957e+00   2.1453e+02   6.5759e+00   5.1717e-01   2.1259e-02   2.9247e+02
20251216_18:00:00   1.4464e+00   2.0556e+02   7.0354e+00   4.4072e-01   2.2944e-01   2.9748e+02
20251216_21:00:00   8.4273e-01   1.5379e+02   6.6982e+00   1.8774e-01   1.7391e-01   3.0038e+02
20251217_00:00:00   3.8254e-01   8.7561e+01   5.9070e+00   5.5790e-03   5.5681e-02   3.0770e+02
20251217_03:00:00   3.9645e-01   8.9443e+01   6.3230e+00   1.4584e-03   4.3732e-02   3.2649e+02
20251217_06:00:00   4.0022e-01   8.9739e+01   6.3170e+00   6.0640e-06   3.0601e-01   3.5509e+02
20251217_09:00:00   2.7831e-01   6.7070e+01   4.4770e+00   0.0000e+00   9.5481e-03   3.6944e+02
20251217_12:00:00   1.0589e-01   3.0749e+01   1.6050e+00   0.0000e+00   0.0000e+00   3.2518e+02
20251217_15:00:00   1.0573e-01   3.0519e+01   1.8358e+00   0.0000e+00   0.0000e+00   3.1925e+02
20251217_18:00:00   1.1735e-01   3.3302e+01   2.0348e+00   0.0000e+00   0.0000e+00   3.1436e+02
20251217_21:00:00   1.3207e-01   3.6902e+01   2.1992e+00   0.0000e+00   0.0000e+00   3.1141e+02
20251218_00:00:00   1.3044e-01   3.6621e+01   2.1442e+00   0.0000e+00   0.0000e+00   3.1203e+02
