#            date       tau255        Tb[K]      pwv[mm] lwp[kg*m^-2] iwp[kg*m^-2]       o3[DU]
20251210_00:00:00   2.0444e-01   5.5417e+01   4.0683e+00   0.0000e+00   0.0000e+00   2.8522e+02
20251210_01:00:00   2.1292e-01   5.7339e+01   4.2373e+00   0.0000e+00   0.0000e+00   2.8420e+02
20251210_02:00:00   2.1865e-01   5.8627e+01   4.3566e+00   0.0000e+00   0.0000e+00   2.8459e+02
20251210_03:00:00   2.2890e-01   6.0874e+01   4.5824e+00   0.0000e+00   0.0000e+00   2.8623e+02
20251210_04:00:00   2.4825e-01   6.5021e+01   4.9928e+00   0.0000e+00   0.0000e+00   2.8603e+02
20251210_05:00:00   2.6835e-01   6.9241e+01   5.4038e+00   0.0000e+00   0.0000e+00   2.8685e+02
20251210_06:00:00   2.8259e-01   7.2201e+01   5.6812e+00   0.0000e+00   0.0000e+00   2.8755e+02
20251210_07:00:00   2.9000e-01   7.3721e+01   5.8275e+00   0.0000e+00   0.0000e+00   2.8733e+02
20251210_08:00:00   2.9309e-01   7.4326e+01   5.8941e+00   0.0000e+00   0.0000e+00   2.8519e+02
20251210_09:00:00   2.9606e-01   7.4858e+01   5.9797e+00   0.0000e+00   0.0000e+00   2.8132e+02
20251210_10:00:00   2.9744e-01   7.5055e+01   6.0476e+00   0.0000e+00   0.0000e+00   2.7879e+02
20251210_11:00:00   3.0038e-01   7.5543e+01   6.1571e+00   0.0000e+00   0.0000e+00   2.7851e+02
20251210_12:00:00   2.9393e-01   7.4207e+01   6.0413e+00   0.0000e+00   0.0000e+00   2.7944e+02
20251210_13:00:00   2.7603e-01   7.0643e+01   5.6624e+00   0.0000e+00   0.0000e+00   2.8188e+02
20251210_14:00:00   2.6066e-01   6.7518e+01   5.3329e+00   0.0000e+00   0.0000e+00   2.8310e+02
20251210_15:00:00   2.5058e-01   6.5403e+01   5.1133e+00   0.0000e+00   0.0000e+00   2.8271e+02
20251210_16:00:00   2.4190e-01   6.3641e+01   4.9087e+00   0.0000e+00   0.0000e+00   2.8471e+02
20251210_17:00:00   2.3244e-01   6.1706e+01   4.6803e+00   0.0000e+00   0.0000e+00   2.8760e+02
20251210_18:00:00   2.2731e-01   6.0701e+01   4.5476e+00   0.0000e+00   0.0000e+00   2.8768e+02
20251210_19:00:00   2.2581e-01   6.0421e+01   4.4994e+00   0.0000e+00   0.0000e+00   2.8797e+02
20251210_20:00:00   2.2529e-01   6.0349e+01   4.4667e+00   0.0000e+00   0.0000e+00   2.8817e+02
20251210_21:00:00   2.2723e-01   6.0841e+01   4.4737e+00   0.0000e+00   0.0000e+00   2.8728e+02
20251210_22:00:00   2.3640e-01   6.2920e+01   4.6172e+00   0.0000e+00   0.0000e+00   2.8750e+02
20251210_23:00:00   2.4671e-01   6.5225e+01   4.7881e+00   0.0000e+00   0.0000e+00   2.8549e+02
20251211_00:00:00   2.4556e-01   6.5063e+01   4.7509e+00   0.0000e+00   0.0000e+00   2.8338e+02
20251211_01:00:00   2.3776e-01   6.3432e+01   4.5822e+00   0.0000e+00   0.0000e+00   2.8219e+02
20251211_02:00:00   2.3012e-01   6.1794e+01   4.4135e+00   0.0000e+00   0.0000e+00   2.8404e+02
20251211_03:00:00   2.2202e-01   6.0026e+01   4.2403e+00   0.0000e+00   0.0000e+00   2.8531e+02
20251211_04:00:00   2.1566e-01   5.8638e+01   4.0986e+00   0.0000e+00   0.0000e+00   2.8617e+02
20251211_05:00:00   2.0726e-01   5.6785e+01   3.9204e+00   0.0000e+00   0.0000e+00   2.8678e+02
20251211_06:00:00   2.0253e-01   5.5713e+01   3.8159e+00   0.0000e+00   0.0000e+00   2.8751e+02
20251211_07:00:00   1.9725e-01   5.4498e+01   3.7071e+00   0.0000e+00   0.0000e+00   2.8851e+02
20251211_08:00:00   1.9693e-01   5.4386e+01   3.6983e+00   0.0000e+00   0.0000e+00   2.8731e+02
20251211_09:00:00   1.9292e-01   5.3464e+01   3.6189e+00   0.0000e+00   0.0000e+00   2.8554e+02
20251211_10:00:00   1.9070e-01   5.2941e+01   3.5750e+00   0.0000e+00   0.0000e+00   2.8433e+02
20251211_11:00:00   1.8680e-01   5.2038e+01   3.4951e+00   0.0000e+00   0.0000e+00   2.8308e+02
20251211_12:00:00   1.8459e-01   5.1526e+01   3.4514e+00   0.0000e+00   0.0000e+00   2.8363e+02
20251211_13:00:00   1.8081e-01   5.0662e+01   3.3761e+00   0.0000e+00   0.0000e+00   2.8532e+02
20251211_14:00:00   1.7888e-01   5.0223e+01   3.3305e+00   0.0000e+00   0.0000e+00   2.8567e+02
20251211_15:00:00   1.7757e-01   4.9907e+01   3.2958e+00   0.0000e+00   0.0000e+00   2.8535e+02
20251211_16:00:00   1.7629e-01   4.9606e+01   3.2642e+00   0.0000e+00   0.0000e+00   2.8457e+02
20251211_17:00:00   1.7643e-01   4.9623e+01   3.2650e+00   0.0000e+00   0.0000e+00   2.8322e+02
20251211_18:00:00   1.7528e-01   4.9351e+01   3.2399e+00   0.0000e+00   0.0000e+00   2.8292e+02
20251211_19:00:00   1.7500e-01   4.9270e+01   3.2330e+00   0.0000e+00   0.0000e+00   2.8184e+02
20251211_20:00:00   1.7478e-01   4.9207e+01   3.2242e+00   0.0000e+00   0.0000e+00   2.7997e+02
20251211_21:00:00   1.7040e-01   4.8192e+01   3.1307e+00   0.0000e+00   0.0000e+00   2.7901e+02
20251211_22:00:00   1.7025e-01   4.8153e+01   3.1239e+00   0.0000e+00   0.0000e+00   2.7857e+02
20251211_23:00:00   1.7077e-01   4.8260e+01   3.1346e+00   0.0000e+00   0.0000e+00   2.7776e+02
20251212_00:00:00   1.7102e-01   4.8310e+01   3.1417e+00   0.0000e+00   0.0000e+00   2.7657e+02
20251212_01:00:00   1.7357e-01   4.8897e+01   3.1907e+00   0.0000e+00   0.0000e+00   2.7629e+02
20251212_02:00:00   1.7633e-01   4.9541e+01   3.2465e+00   0.0000e+00   0.0000e+00   2.7558e+02
20251212_03:00:00   1.8207e-01   5.0868e+01   3.3619e+00   0.0000e+00   0.0000e+00   2.7426e+02
20251212_04:00:00   1.9436e-01   5.3646e+01   3.6198e+00   0.0000e+00   0.0000e+00   2.7367e+02
20251212_05:00:00   2.1416e-01   5.8050e+01   4.0244e+00   0.0000e+00   0.0000e+00   2.7358e+02
20251212_06:00:00   2.3228e-01   6.2016e+01   4.3823e+00   0.0000e+00   0.0000e+00   2.7378e+02
20251212_07:00:00   2.5238e-01   6.6326e+01   4.7563e+00   0.0000e+00   0.0000e+00   2.7343e+02
20251212_08:00:00   2.6260e-01   6.8499e+01   4.9413e+00   0.0000e+00   0.0000e+00   2.7327e+02
20251212_09:00:00   2.6805e-01   6.9660e+01   5.0425e+00   0.0000e+00   0.0000e+00   2.7290e+02
20251212_10:00:00   2.6875e-01   6.9818e+01   5.0614e+00   0.0000e+00   0.0000e+00   2.7183e+02
20251212_11:00:00   2.6639e-01   6.9350e+01   5.0136e+00   0.0000e+00   0.0000e+00   2.7101e+02
20251212_12:00:00   2.6529e-01   6.9142e+01   4.9822e+00   0.0000e+00   0.0000e+00   2.7159e+02
20251212_13:00:00   2.6446e-01   6.8977e+01   4.9514e+00   0.0000e+00   0.0000e+00   2.7277e+02
20251212_14:00:00   2.6821e-01   6.9739e+01   5.0110e+00   0.0000e+00   0.0000e+00   2.7531e+02
20251212_15:00:00   2.6593e-01   6.9223e+01   4.9564e+00   0.0000e+00   0.0000e+00   2.7556e+02
20251212_16:00:00   2.5702e-01   6.7387e+01   4.7821e+00   0.0000e+00   0.0000e+00   2.7653e+02
20251212_17:00:00   2.4791e-01   6.5472e+01   4.6185e+00   0.0000e+00   0.0000e+00   2.7785e+02
20251212_18:00:00   2.4059e-01   6.3928e+01   4.4924e+00   0.0000e+00   0.0000e+00   2.7830e+02
20251212_19:00:00   2.4027e-01   6.3828e+01   4.4944e+00   0.0000e+00   0.0000e+00   2.7889e+02
20251212_20:00:00   2.4161e-01   6.4100e+01   4.5178e+00   0.0000e+00   0.0000e+00   2.7863e+02
20251212_21:00:00   2.4437e-01   6.4713e+01   4.5592e+00   0.0000e+00   0.0000e+00   2.7780e+02
20251212_22:00:00   2.4654e-01   6.5208e+01   4.5883e+00   0.0000e+00   0.0000e+00   2.7697e+02
20251212_23:00:00   2.5456e-01   6.6918e+01   4.7214e+00   0.0000e+00   0.0000e+00   2.7698e+02
20251213_00:00:00   2.5034e-01   6.6025e+01   4.6540e+00   0.0000e+00   0.0000e+00   2.7755e+02
20251213_01:00:00   2.4797e-01   6.5511e+01   4.6191e+00   0.0000e+00   0.0000e+00   2.7840e+02
20251213_02:00:00   2.4127e-01   6.4095e+01   4.4991e+00   0.0000e+00   0.0000e+00   2.8009e+02
20251213_03:00:00   2.4814e-01   6.5543e+01   4.6215e+00   0.0000e+00   7.7420e-04   2.8037e+02
20251213_04:00:00   2.3962e-01   6.3697e+01   4.4735e+00   0.0000e+00   3.9965e-03   2.8140e+02
20251213_05:00:00   2.3301e-01   6.2269e+01   4.3561e+00   0.0000e+00   5.1535e-03   2.8269e+02
20251213_06:00:00   2.3540e-01   6.2744e+01   4.4103e+00   0.0000e+00   2.1101e-03   2.8268e+02
20251213_07:00:00   2.3793e-01   6.3242e+01   4.4625e+00   0.0000e+00   2.3660e-04   2.8157e+02
20251213_08:00:00   2.3638e-01   6.2871e+01   4.4277e+00   0.0000e+00   6.3140e-05   2.8004e+02
20251213_09:00:00   2.4022e-01   6.3661e+01   4.4941e+00   0.0000e+00   8.8880e-04   2.7759e+02
20251213_10:00:00   2.3492e-01   6.2480e+01   4.3926e+00   0.0000e+00   8.4820e-04   2.7602e+02
20251213_11:00:00   2.3165e-01   6.1796e+01   4.3132e+00   0.0000e+00   0.0000e+00   2.7571e+02
20251213_12:00:00   2.3028e-01   6.1365e+01   4.3327e+00   0.0000e+00   1.6022e-06   2.7552e+02
20251213_13:00:00   2.3296e-01   6.1883e+01   4.3967e+00   0.0000e+00   4.0880e-05   2.7551e+02
20251213_14:00:00   2.3001e-01   6.1247e+01   4.3388e+00   0.0000e+00   8.1140e-05   2.7515e+02
20251213_15:00:00   2.1925e-01   5.8899e+01   4.1372e+00   0.0000e+00   6.0039e-04   2.7433e+02
20251213_16:00:00   2.2507e-01   6.0061e+01   4.2851e+00   0.0000e+00   1.0655e-03   2.7370e+02
20251213_17:00:00   2.2853e-01   6.0697e+01   4.3945e+00   0.0000e+00   1.5490e-03   2.7399e+02
20251213_18:00:00   2.2349e-01   5.9574e+01   4.3078e+00   0.0000e+00   1.2824e-05   2.7379e+02
20251213_19:00:00   2.2571e-01   5.9975e+01   4.3756e+00   0.0000e+00   3.0125e-04   2.7377e+02
20251213_20:00:00   2.2308e-01   5.9350e+01   4.3515e+00   0.0000e+00   3.2040e-06   2.7228e+02
20251213_21:00:00   2.2775e-01   6.0357e+01   4.4507e+00   0.0000e+00   4.1140e-05   2.7148e+02
20251213_22:00:00   2.3360e-01   6.1682e+01   4.5370e+00   0.0000e+00   1.5083e-03   2.7083e+02
20251213_23:00:00   2.2787e-01   6.0410e+01   4.4377e+00   0.0000e+00   1.7742e-03   2.7235e+02
20251214_00:00:00   2.1979e-01   5.8610e+01   4.3031e+00   0.0000e+00   7.2962e-04   2.7009e+02
20251214_01:00:00   2.1367e-01   5.7189e+01   4.2170e+00   0.0000e+00   1.9407e-03   2.6708e+02
20251214_02:00:00   2.1294e-01   5.6854e+01   4.2602e+00   0.0000e+00   9.0127e-03   2.6788e+02
20251214_03:00:00   2.3463e-01   6.1287e+01   4.7491e+00   4.9670e-06   3.9765e-02   2.6924e+02
20251214_04:00:00   2.3940e-01   6.2038e+01   4.8955e+00   0.0000e+00   7.2424e-02   2.6751e+02
20251214_05:00:00   2.2422e-01   5.8789e+01   4.6091e+00   0.0000e+00   4.2698e-02   2.6743e+02
20251214_06:00:00   2.0833e-01   5.5123e+01   4.3262e+00   0.0000e+00   5.9994e-02   2.6858e+02
20251214_07:00:00   2.0160e-01   5.3559e+01   4.1990e+00   0.0000e+00   5.9437e-02   2.6955e+02
20251214_08:00:00   1.9413e-01   5.1920e+01   4.0532e+00   0.0000e+00   1.8522e-02   2.7070e+02
20251214_09:00:00   1.8840e-01   5.0822e+01   3.8774e+00   0.0000e+00   7.1802e-03   2.7255e+02
20251214_10:00:00   1.7586e-01   4.7695e+01   3.6675e+00   0.0000e+00   4.1278e-02   2.7283e+02
20251214_11:00:00   1.8205e-01   4.8879e+01   3.8187e+00   0.0000e+00   5.2756e-02   2.7255e+02
20251214_12:00:00   1.6941e-01   4.6020e+01   3.5596e+00   0.0000e+00   4.9102e-02   2.7491e+02
20251214_13:00:00   1.5469e-01   4.2756e+01   3.2298e+00   0.0000e+00   3.7924e-02   2.7565e+02
20251214_14:00:00   1.5956e-01   4.3852e+01   3.2928e+00   0.0000e+00   1.0380e-01   2.7540e+02
20251214_15:00:00   1.7155e-01   4.6413e+01   3.5638e+00   0.0000e+00   1.4084e-01   2.7685e+02
20251214_16:00:00   1.6659e-01   4.5574e+01   3.3992e+00   0.0000e+00   1.4318e-01   2.7805e+02
20251214_17:00:00   1.8820e-01   5.0367e+01   3.9149e+00   0.0000e+00   8.7124e-02   2.7833e+02
20251214_18:00:00   2.2084e-01   5.7444e+01   4.6405e+00   0.0000e+00   8.4837e-02   2.7864e+02
20251214_19:00:00   2.6904e-01   6.7415e+01   5.6317e+00   0.0000e+00   1.7457e-01   2.7908e+02
20251214_20:00:00   3.4146e-01   8.1643e+01   7.0858e+00   0.0000e+00   3.1457e-01   2.8024e+02
20251214_21:00:00   4.3033e-01   9.8080e+01   8.9224e+00   0.0000e+00   2.3054e-01   2.8159e+02
20251214_22:00:00   4.7061e-01   1.0549e+02   9.7193e+00   0.0000e+00   8.8604e-02   2.8102e+02
20251214_23:00:00   4.7938e-01   1.0708e+02   9.8857e+00   0.0000e+00   5.8048e-02   2.8058e+02
20251215_00:00:00   4.8936e-01   1.0877e+02   1.0047e+01   0.0000e+00   3.6283e-02   2.7973e+02
20251215_03:00:00   4.5673e-01   1.0354e+02   9.2114e+00   0.0000e+00   9.2957e-02   2.7660e+02
20251215_06:00:00   3.8627e-01   9.1346e+01   7.7423e+00   0.0000e+00   2.9778e-02   2.7415e+02
20251215_09:00:00   3.1422e-01   7.8203e+01   6.1030e+00   0.0000e+00   0.0000e+00   2.7246e+02
20251215_12:00:00   3.4107e-01   8.3117e+01   6.6045e+00   0.0000e+00   3.6000e-04   2.7634e+02
20251215_15:00:00   3.6240e-01   8.6988e+01   6.9518e+00   0.0000e+00   4.9720e-04   2.7721e+02
20251215_18:00:00   3.7550e-01   8.9292e+01   7.1731e+00   0.0000e+00   1.6976e-04   2.7717e+02
20251215_21:00:00   4.1648e-01   9.6488e+01   7.9034e+00   0.0000e+00   5.8355e-03   2.7942e+02
20251216_00:00:00   3.9783e-01   9.3053e+01   7.6888e+00   0.0000e+00   4.4278e-03   2.7773e+02
20251216_03:00:00   3.2230e-01   7.9681e+01   6.0456e+00   0.0000e+00   4.5860e-06   2.7870e+02
20251216_06:00:00   3.0769e-01   7.6554e+01   5.8344e+00   0.0000e+00   0.0000e+00   2.7651e+02
20251216_09:00:00   2.2937e-01   6.0657e+01   4.2314e+00   0.0000e+00   0.0000e+00   2.6539e+02
20251216_12:00:00   1.7039e-01   4.7197e+01   3.2030e+00   0.0000e+00   3.3760e-04   2.6262e+02
20251216_15:00:00   1.8623e-01   5.0077e+01   3.7206e+00   0.0000e+00   5.5610e-02   2.6424e+02
20251216_18:00:00   3.1843e-01   7.6589e+01   6.5739e+00   0.0000e+00   1.6471e-03   2.6431e+02
20251216_21:00:00   2.6481e-01   6.7518e+01   5.1709e+00   0.0000e+00   1.8658e-04   2.6676e+02
20251217_00:00:00   2.4910e-01   6.4285e+01   4.9300e+00   0.0000e+00   0.0000e+00   2.7046e+02
20251217_03:00:00   2.0565e-01   5.5131e+01   4.0267e+00   0.0000e+00   0.0000e+00   2.6921e+02
20251217_06:00:00   1.9196e-01   5.2081e+01   3.7409e+00   0.0000e+00   0.0000e+00   2.6551e+02
20251217_09:00:00   2.1603e-01   5.6980e+01   4.3521e+00   0.0000e+00   0.0000e+00   2.6603e+02
20251217_12:00:00   2.5823e-01   6.5405e+01   5.3458e+00   0.0000e+00   0.0000e+00   2.6604e+02
20251217_15:00:00   2.5660e-01   6.4924e+01   5.3558e+00   0.0000e+00   1.0474e-03   2.6522e+02
20251217_18:00:00   2.8018e-01   6.9543e+01   5.8757e+00   0.0000e+00   7.5700e-06   2.6832e+02
20251217_21:00:00   2.8081e-01   6.9847e+01   5.8260e+00   0.0000e+00   0.0000e+00   2.6888e+02
20251218_00:00:00   2.8121e-01   7.0407e+01   5.7263e+00   0.0000e+00   0.0000e+00   2.6639e+02
20251218_03:00:00   2.8199e-01   7.1102e+01   5.5928e+00   0.0000e+00   7.1800e-04   2.6731e+02
20251218_06:00:00   2.8708e-01   7.2459e+01   5.6481e+00   0.0000e+00   0.0000e+00   2.6435e+02
20251218_09:00:00   2.5067e-01   6.5115e+01   4.9174e+00   0.0000e+00   8.4160e-06   2.6084e+02
20251218_12:00:00   2.0298e-01   5.4835e+01   3.9808e+00   0.0000e+00   0.0000e+00   2.5987e+02
20251218_15:00:00   1.4776e-01   4.2354e+01   2.8480e+00   0.0000e+00   0.0000e+00   2.6006e+02
20251218_18:00:00   1.2426e-01   3.6799e+01   2.3555e+00   0.0000e+00   0.0000e+00   2.6252e+02
20251218_21:00:00   1.1376e-01   3.4223e+01   2.1416e+00   0.0000e+00   0.0000e+00   2.6327e+02
20251219_00:00:00   1.2163e-01   3.6144e+01   2.3059e+00   0.0000e+00   2.3680e-04   2.6357e+02
20251219_03:00:00   1.2258e-01   3.6032e+01   2.4375e+00   0.0000e+00   6.0513e-03   2.6751e+02
20251219_06:00:00   1.3010e-01   3.7530e+01   2.6622e+00   0.0000e+00   9.7072e-03   2.6782e+02
20251219_09:00:00   1.2223e-01   3.5991e+01   2.4163e+00   0.0000e+00   1.2386e-05   2.6959e+02
20251219_12:00:00   1.2197e-01   3.5919e+01   2.4233e+00   0.0000e+00   0.0000e+00   2.6414e+02
20251219_15:00:00   1.3388e-01   3.8678e+01   2.7231e+00   0.0000e+00   0.0000e+00   2.6211e+02
20251219_18:00:00   1.5215e-01   4.3008e+01   3.1302e+00   0.0000e+00   0.0000e+00   2.6174e+02
20251219_21:00:00   1.6508e-01   4.6133e+01   3.3902e+00   0.0000e+00   0.0000e+00   2.5851e+02
20251220_00:00:00   1.6016e-01   4.5198e+01   3.2509e+00   0.0000e+00   0.0000e+00   2.5862e+02
20251220_03:00:00   1.4385e-01   4.1346e+01   2.9022e+00   0.0000e+00   0.0000e+00   2.6096e+02
20251220_06:00:00   1.3136e-01   3.8369e+01   2.6278e+00   0.0000e+00   0.0000e+00   2.5915e+02
20251220_09:00:00   1.2758e-01   3.7430e+01   2.5451e+00   0.0000e+00   0.0000e+00   2.6109e+02
20251220_12:00:00   1.2873e-01   3.7817e+01   2.5351e+00   0.0000e+00   0.0000e+00   2.6122e+02
20251220_15:00:00   1.2868e-01   3.7934e+01   2.4935e+00   0.0000e+00   0.0000e+00   2.6094e+02
20251220_18:00:00   1.2677e-01   3.7545e+01   2.4279e+00   0.0000e+00   0.0000e+00   2.5965e+02
20251220_21:00:00   1.2334e-01   3.6692e+01   2.3478e+00   0.0000e+00   0.0000e+00   2.5962e+02
20251221_00:00:00   1.1674e-01   3.5101e+01   2.2025e+00   0.0000e+00   0.0000e+00   2.5964e+02
20251221_03:00:00   1.1655e-01   3.5021e+01   2.2057e+00   0.0000e+00   0.0000e+00   2.6085e+02
20251221_06:00:00   1.2428e-01   3.6918e+01   2.3558e+00   0.0000e+00   0.0000e+00   2.5850e+02
20251221_09:00:00   1.3146e-01   3.8600e+01   2.5003e+00   0.0000e+00   0.0000e+00   2.5816e+02
20251221_12:00:00   1.2315e-01   3.6576e+01   2.3235e+00   0.0000e+00   0.0000e+00   2.5927e+02
20251221_15:00:00   1.1902e-01   3.5558e+01   2.2297e+00   0.0000e+00   0.0000e+00   2.5722e+02
20251221_18:00:00   1.1970e-01   3.5686e+01   2.2520e+00   0.0000e+00   0.0000e+00   2.5931e+02
20251221_21:00:00   1.4505e-01   4.1743e+01   2.7635e+00   0.0000e+00   0.0000e+00   2.6001e+02
20251222_00:00:00   1.6297e-01   4.5858e+01   3.2510e+00   0.0000e+00   0.0000e+00   2.6107e+02
20251222_03:00:00   1.6595e-01   4.6517e+01   3.3202e+00   0.0000e+00   0.0000e+00   2.6150e+02
20251222_06:00:00   1.6217e-01   4.5484e+01   3.3028e+00   0.0000e+00   9.2620e-06   2.6070e+02
20251222_09:00:00   1.6363e-01   4.5696e+01   3.3430e+00   0.0000e+00   0.0000e+00   2.6354e+02
20251222_12:00:00   2.3708e-01   6.1828e+01   5.0104e+00   0.0000e+00   0.0000e+00   2.6522e+02
20251222_15:00:00   2.9555e-01   7.4178e+01   6.2056e+00   0.0000e+00   0.0000e+00   2.6488e+02
20251222_18:00:00   3.0676e-01   7.6617e+01   6.3540e+00   0.0000e+00   0.0000e+00   2.6725e+02
20251222_21:00:00   3.2329e-01   7.9992e+01   6.6362e+00   0.0000e+00   4.6320e-06   2.6453e+02
20251223_00:00:00   3.1505e-01   7.8474e+01   6.4565e+00   0.0000e+00   0.0000e+00   2.6558e+02
20251223_03:00:00   3.0690e-01   7.6838e+01   6.2916e+00   0.0000e+00   0.0000e+00   2.6735e+02
20251223_06:00:00   2.9026e-01   7.3335e+01   5.9664e+00   0.0000e+00   0.0000e+00   2.6883e+02
20251223_09:00:00   2.4564e-01   6.3998e+01   5.0434e+00   0.0000e+00   2.5778e-04   2.7099e+02
20251223_12:00:00   2.1186e-01   5.6545e+01   4.3443e+00   0.0000e+00   4.3857e-03   2.6883e+02
20251223_15:00:00   2.0157e-01   5.4187e+01   4.1233e+00   0.0000e+00   8.8158e-03   2.6641e+02
20251223_18:00:00   1.6054e-01   4.4564e+01   3.3075e+00   0.0000e+00   3.4362e-03   2.6464e+02
20251223_21:00:00   2.3583e-01   6.0217e+01   5.1171e+00   0.0000e+00   3.3907e-02   2.6308e+02
20251224_00:00:00   4.0598e-01   9.3056e+01   8.5914e+00   0.0000e+00   1.3108e-02   2.6446e+02
20251224_03:00:00   5.3979e-01   1.1569e+02   1.1047e+01   0.0000e+00   5.5494e-02   2.6531e+02
20251224_06:00:00   7.2228e-01   1.4196e+02   1.3877e+01   1.9606e-06   2.7049e-01   2.6538e+02
20251224_09:00:00   6.0490e-01   1.2659e+02   1.1393e+01   1.5580e-05   1.0450e-02   2.6405e+02
20251224_12:00:00   5.1072e-01   1.1274e+02   9.3880e+00   0.0000e+00   1.6523e-04   2.6326e+02
20251224_15:00:00   4.2433e-01   9.8594e+01   7.7558e+00   0.0000e+00   0.0000e+00   2.6948e+02
20251224_18:00:00   3.3939e-01   8.3108e+01   6.2838e+00   0.0000e+00   0.0000e+00   2.7203e+02
20251224_21:00:00   3.3678e-01   8.2415e+01   6.2090e+00   0.0000e+00   0.0000e+00   2.7195e+02
20251225_00:00:00   3.6205e-01   8.7121e+01   6.7013e+00   0.0000e+00   0.0000e+00   2.7101e+02
20251225_03:00:00   3.6435e-01   8.7191e+01   6.9865e+00   0.0000e+00   0.0000e+00   2.6814e+02
20251225_06:00:00   3.0631e-01   7.5916e+01   5.9684e+00   0.0000e+00   0.0000e+00   2.6696e+02
20251225_09:00:00   2.9323e-01   7.3137e+01   5.8441e+00   0.0000e+00   0.0000e+00   2.6607e+02
20251225_12:00:00   3.4516e-01   8.2614e+01   7.1325e+00   0.0000e+00   0.0000e+00   2.6322e+02
20251225_15:00:00   4.0808e-01   9.3954e+01   8.4582e+00   0.0000e+00   0.0000e+00   2.6161e+02
20251225_18:00:00   4.6503e-01   1.0390e+02   9.5694e+00   0.0000e+00   0.0000e+00   2.5977e+02
20251225_21:00:00   5.0298e-01   1.1045e+02   1.0173e+01   0.0000e+00   0.0000e+00   2.5662e+02
20251226_00:00:00   5.9618e-01   1.2553e+02   1.1714e+01   0.0000e+00   0.0000e+00   2.5441e+02
