#            date       tau255        Tb[K]      pwv[mm] lwp[kg*m^-2] iwp[kg*m^-2]       o3[DU]
20251201_18:00:00   1.2652e-01   3.5840e+01   2.9792e+00   0.0000e+00   2.5900e-04   2.5094e+02
20251201_19:00:00   1.2938e-01   3.6537e+01   3.0426e+00   0.0000e+00   6.2220e-04   2.5138e+02
20251201_20:00:00   1.2848e-01   3.6416e+01   3.0084e+00   0.0000e+00   3.6420e-05   2.4960e+02
20251201_21:00:00   1.2903e-01   3.6596e+01   3.0088e+00   0.0000e+00   1.6772e-05   2.4905e+02
20251201_22:00:00   1.3129e-01   3.7122e+01   3.0582e+00   0.0000e+00   5.1805e-05   2.4820e+02
20251201_23:00:00   1.2940e-01   3.6705e+01   3.0090e+00   0.0000e+00   1.3862e-04   2.4803e+02
20251202_00:00:00   1.2892e-01   3.6601e+01   2.9949e+00   4.3840e-06   1.2756e-04   2.4664e+02
20251202_01:00:00   1.2957e-01   3.6779e+01   3.0114e+00   1.7390e-05   3.6939e-05   2.4502e+02
20251202_02:00:00   1.3761e-01   3.8642e+01   3.2051e+00   9.6070e-05   7.9600e-05   2.4460e+02
20251202_03:00:00   1.4167e-01   3.9562e+01   3.3100e+00   8.0810e-05   1.1552e-05   2.4616e+02
20251202_04:00:00   1.4800e-01   4.0945e+01   3.4758e+00   8.8430e-05   2.4300e-04   2.4694e+02
20251202_05:00:00   1.5221e-01   4.1842e+01   3.5777e+00   1.8530e-04   2.3220e-05   2.4625e+02
20251202_06:00:00   1.5857e-01   4.3278e+01   3.7379e+00   0.0000e+00   5.1820e-06   2.4629e+02
20251202_07:00:00   1.6259e-01   4.4151e+01   3.8417e+00   0.0000e+00   4.9100e-04   2.4725e+02
20251202_08:00:00   1.6900e-01   4.5516e+01   4.0034e+00   0.0000e+00   1.0588e-03   2.4802e+02
20251202_09:00:00   1.7063e-01   4.5812e+01   4.0390e+00   0.0000e+00   2.3977e-03   2.4910e+02
20251202_10:00:00   1.7149e-01   4.5940e+01   4.0601e+00   0.0000e+00   2.4316e-03   2.4889e+02
20251202_11:00:00   1.6995e-01   4.5586e+01   4.0211e+00   0.0000e+00   2.5425e-03   2.4839e+02
20251202_12:00:00   1.6837e-01   4.5234e+01   3.9874e+00   0.0000e+00   1.2182e-03   2.4878e+02
20251202_13:00:00   1.6806e-01   4.5164e+01   3.9859e+00   0.0000e+00   1.6976e-03   2.4971e+02
20251202_14:00:00   1.6724e-01   4.5052e+01   3.9642e+00   0.0000e+00   5.7515e-04   2.5015e+02
20251202_15:00:00   1.6408e-01   4.4428e+01   3.8784e+00   0.0000e+00   1.6582e-04   2.5116e+02
20251202_16:00:00   1.6810e-01   4.5377e+01   3.9738e+00   0.0000e+00   6.5121e-04   2.5097e+02
20251202_17:00:00   1.7953e-01   4.7985e+01   4.2403e+00   0.0000e+00   1.5566e-03   2.4983e+02
20251202_18:00:00   1.9360e-01   5.1212e+01   4.5588e+00   0.0000e+00   7.7140e-04   2.4988e+02
20251202_19:00:00   2.0651e-01   5.4092e+01   4.8450e+00   0.0000e+00   6.2280e-04   2.5027e+02
20251202_20:00:00   2.1698e-01   5.6411e+01   5.0785e+00   0.0000e+00   9.5260e-04   2.5062e+02
20251202_21:00:00   2.2507e-01   5.8143e+01   5.2617e+00   0.0000e+00   2.2680e-03   2.5126e+02
20251202_22:00:00   2.3346e-01   5.9953e+01   5.4543e+00   0.0000e+00   3.0105e-03   2.5276e+02
20251202_23:00:00   2.3704e-01   6.0748e+01   5.5407e+00   0.0000e+00   3.1662e-03   2.5357e+02
20251203_00:00:00   2.3803e-01   6.1016e+01   5.5610e+00   0.0000e+00   3.1485e-03   2.5333e+02
20251203_01:00:00   2.3613e-01   6.0696e+01   5.5001e+00   0.0000e+00   1.1148e-03   2.5255e+02
20251203_02:00:00   2.3261e-01   6.0019e+01   5.4029e+00   0.0000e+00   1.7674e-04   2.5306e+02
20251203_03:00:00   2.3100e-01   5.9647e+01   5.3775e+00   0.0000e+00   3.3580e-06   2.5390e+02
20251203_04:00:00   2.3626e-01   6.0660e+01   5.5200e+00   1.3160e-07   1.3302e-04   2.5280e+02
20251203_05:00:00   2.3815e-01   6.0961e+01   5.5804e+00   0.0000e+00   1.6870e-03   2.5288e+02
20251203_06:00:00   2.3500e-01   6.0266e+01   5.5007e+00   0.0000e+00   1.1526e-02   2.5409e+02
20251203_07:00:00   2.1949e-01   5.7127e+01   5.1143e+00   2.9360e-05   8.1334e-03   2.5296e+02
20251203_08:00:00   2.0570e-01   5.4330e+01   4.7341e+00   3.3820e-05   8.0908e-03   2.5240e+02
20251203_09:00:00   2.0393e-01   5.4022e+01   4.6478e+00   1.6970e-05   2.3100e-03   2.5415e+02
20251203_10:00:00   2.0484e-01   5.4210e+01   4.6548e+00   0.0000e+00   1.8316e-03   2.5296e+02
20251203_11:00:00   2.0347e-01   5.3965e+01   4.5946e+00   0.0000e+00   9.1886e-04   2.5514e+02
20251203_12:00:00   1.9690e-01   5.2528e+01   4.4410e+00   0.0000e+00   3.1117e-04   2.5625e+02
20251203_13:00:00   1.9398e-01   5.1877e+01   4.3731e+00   0.0000e+00   4.4272e-04   2.5785e+02
20251203_14:00:00   1.8924e-01   5.0844e+01   4.2521e+00   0.0000e+00   6.9820e-05   2.5892e+02
20251203_15:00:00   1.8115e-01   4.9079e+01   4.0675e+00   0.0000e+00   0.0000e+00   2.5981e+02
20251203_16:00:00   1.7522e-01   4.7812e+01   3.9094e+00   0.0000e+00   2.6140e-04   2.5969e+02
20251203_17:00:00   1.7041e-01   4.6790e+01   3.7707e+00   0.0000e+00   1.3326e-04   2.6001e+02
20251203_18:00:00   1.6889e-01   4.6501e+01   3.7176e+00   0.0000e+00   2.8760e-06   2.6167e+02
20251203_19:00:00   1.6967e-01   4.6701e+01   3.7316e+00   0.0000e+00   0.0000e+00   2.6233e+02
20251203_20:00:00   1.7538e-01   4.7971e+01   3.8617e+00   0.0000e+00   0.0000e+00   2.6230e+02
20251203_21:00:00   1.7748e-01   4.8439e+01   3.9158e+00   0.0000e+00   0.0000e+00   2.6117e+02
20251203_22:00:00   1.8079e-01   4.9159e+01   3.9917e+00   2.9210e-07   0.0000e+00   2.6062e+02
20251203_23:00:00   1.8527e-01   5.0096e+01   4.0943e+00   3.3970e-06   0.0000e+00   2.6010e+02
20251204_00:00:00   1.8841e-01   5.0760e+01   4.1663e+00   2.1750e-05   0.0000e+00   2.5908e+02
20251204_01:00:00   1.8865e-01   5.0829e+01   4.1627e+00   0.0000e+00   0.0000e+00   2.5866e+02
20251204_02:00:00   1.8419e-01   4.9880e+01   4.0480e+00   2.3480e-05   0.0000e+00   2.5869e+02
20251204_03:00:00   1.7865e-01   4.8662e+01   3.9203e+00   0.0000e+00   0.0000e+00   2.5850e+02
20251204_04:00:00   1.7468e-01   4.7778e+01   3.8175e+00   2.0910e-04   0.0000e+00   2.5869e+02
20251204_05:00:00   1.6874e-01   4.6392e+01   3.7059e+00   0.0000e+00   0.0000e+00   2.5963e+02
20251204_06:00:00   1.6090e-01   4.4593e+01   3.5356e+00   0.0000e+00   1.3318e-05   2.6000e+02
20251204_07:00:00   1.5665e-01   4.3650e+01   3.4284e+00   0.0000e+00   1.0556e-04   2.6064e+02
20251204_08:00:00   1.5303e-01   4.2834e+01   3.3361e+00   0.0000e+00   1.5090e-05   2.6140e+02
20251204_09:00:00   1.5473e-01   4.3215e+01   3.3658e+00   0.0000e+00   2.3760e-05   2.6264e+02
20251204_10:00:00   1.5487e-01   4.3249e+01   3.3582e+00   0.0000e+00   3.7300e-07   2.6336e+02
20251204_11:00:00   1.5590e-01   4.3481e+01   3.3663e+00   1.7190e-06   0.0000e+00   2.6359e+02
20251204_12:00:00   1.5217e-01   4.2625e+01   3.2846e+00   0.0000e+00   0.0000e+00   2.6341e+02
20251204_13:00:00   1.5128e-01   4.2412e+01   3.2654e+00   0.0000e+00   0.0000e+00   2.6363e+02
20251204_14:00:00   1.5521e-01   4.3305e+01   3.3492e+00   0.0000e+00   0.0000e+00   2.6317e+02
20251204_15:00:00   1.5901e-01   4.4177e+01   3.4221e+00   0.0000e+00   0.0000e+00   2.6317e+02
20251204_16:00:00   1.6652e-01   4.5869e+01   3.5820e+00   0.0000e+00   0.0000e+00   2.6286e+02
20251204_17:00:00   1.6551e-01   4.5558e+01   3.5772e+00   0.0000e+00   0.0000e+00   2.6192e+02
20251204_18:00:00   1.5877e-01   4.3971e+01   3.4550e+00   0.0000e+00   0.0000e+00   2.6131e+02
20251204_19:00:00   1.5067e-01   4.2052e+01   3.2947e+00   0.0000e+00   0.0000e+00   2.6109e+02
20251204_20:00:00   1.3885e-01   3.9265e+01   3.0562e+00   0.0000e+00   0.0000e+00   2.6183e+02
20251204_21:00:00   1.3268e-01   3.7800e+01   2.9289e+00   0.0000e+00   0.0000e+00   2.6242e+02
20251204_22:00:00   1.3993e-01   3.9495e+01   3.0885e+00   0.0000e+00   0.0000e+00   2.6347e+02
20251204_23:00:00   1.5342e-01   4.2633e+01   3.3704e+00   1.0810e-04   0.0000e+00   2.6335e+02
20251205_00:00:00   1.6502e-01   4.5330e+01   3.5523e+00   9.8960e-04   0.0000e+00   2.6194e+02
20251205_01:00:00   1.6824e-01   4.6102e+01   3.5860e+00   1.3930e-03   0.0000e+00   2.5985e+02
20251205_02:00:00   1.5934e-01   4.4060e+01   3.4880e+00   8.3890e-06   0.0000e+00   2.5849e+02
20251205_03:00:00   1.6041e-01   4.4259e+01   3.5309e+00   0.0000e+00   0.0000e+00   2.5725e+02
20251205_04:00:00   1.6256e-01   4.4694e+01   3.5877e+00   0.0000e+00   0.0000e+00   2.5610e+02
20251205_05:00:00   1.6216e-01   4.4554e+01   3.5949e+00   0.0000e+00   0.0000e+00   2.5520e+02
20251205_06:00:00   1.6448e-01   4.5044e+01   3.6506e+00   0.0000e+00   0.0000e+00   2.5519e+02
20251205_07:00:00   1.6768e-01   4.5785e+01   3.7044e+00   0.0000e+00   0.0000e+00   2.5586e+02
20251205_08:00:00   1.7045e-01   4.6454e+01   3.7213e+00   0.0000e+00   0.0000e+00   2.5663e+02
20251205_09:00:00   1.7409e-01   4.7329e+01   3.7240e+00   1.4270e-06   0.0000e+00   2.5620e+02
20251205_10:00:00   1.7678e-01   4.7974e+01   3.7020e+00   1.6200e-04   0.0000e+00   2.5540e+02
20251205_11:00:00   1.6028e-01   4.4272e+01   3.3228e+00   5.6220e-04   0.0000e+00   2.5416e+02
20251205_12:00:00   1.2795e-01   3.6731e+01   2.6480e+00   8.5690e-04   0.0000e+00   2.5286e+02
20251205_13:00:00   9.7776e-02   2.9418e+01   2.0617e+00   0.0000e+00   0.0000e+00   2.5318e+02
20251205_14:00:00   8.4868e-02   2.6224e+01   1.7746e+00   0.0000e+00   0.0000e+00   2.5449e+02
20251205_15:00:00   7.6136e-02   2.4039e+01   1.5804e+00   0.0000e+00   0.0000e+00   2.5466e+02
20251205_16:00:00   6.9282e-02   2.2314e+01   1.4247e+00   0.0000e+00   0.0000e+00   2.5480e+02
20251205_17:00:00   6.5752e-02   2.1417e+01   1.3401e+00   0.0000e+00   0.0000e+00   2.5537e+02
20251205_18:00:00   6.2137e-02   2.0489e+01   1.2558e+00   0.0000e+00   0.0000e+00   2.5567e+02
20251205_19:00:00   5.8063e-02   1.9440e+01   1.1600e+00   0.0000e+00   0.0000e+00   2.5720e+02
20251205_20:00:00   5.6355e-02   1.9018e+01   1.1138e+00   0.0000e+00   0.0000e+00   2.5751e+02
20251205_21:00:00   5.7631e-02   1.9362e+01   1.1407e+00   0.0000e+00   0.0000e+00   2.5707e+02
20251205_22:00:00   6.1597e-02   2.0397e+01   1.2272e+00   0.0000e+00   0.0000e+00   2.5625e+02
20251205_23:00:00   6.7914e-02   2.2033e+01   1.3634e+00   2.7030e-05   0.0000e+00   2.5578e+02
20251206_00:00:00   7.5676e-02   2.4011e+01   1.5203e+00   1.4639e-04   0.0000e+00   2.5570e+02
20251206_01:00:00   8.4850e-02   2.6370e+01   1.5822e+00   2.6603e-03   0.0000e+00   2.5487e+02
20251206_02:00:00   7.1243e-02   2.2908e+01   1.4389e+00   4.7940e-05   0.0000e+00   2.5563e+02
20251206_03:00:00   6.6677e-02   2.1733e+01   1.3441e+00   0.0000e+00   0.0000e+00   2.5607e+02
20251206_04:00:00   6.9359e-02   2.2406e+01   1.4047e+00   0.0000e+00   8.1580e-06   2.5527e+02
20251206_05:00:00   6.6651e-02   2.1709e+01   1.3447e+00   0.0000e+00   0.0000e+00   2.5568e+02
20251206_06:00:00   6.2907e-02   2.0740e+01   1.2641e+00   0.0000e+00   0.0000e+00   2.5685e+02
20251206_07:00:00   6.0757e-02   2.0174e+01   1.2167e+00   0.0000e+00   0.0000e+00   2.5864e+02
20251206_08:00:00   6.0122e-02   1.9991e+01   1.2059e+00   0.0000e+00   6.6500e-05   2.5889e+02
20251206_09:00:00   6.1281e-02   2.0265e+01   1.2364e+00   0.0000e+00   1.1306e-03   2.5729e+02
20251206_10:00:00   5.9767e-02   1.9855e+01   1.2054e+00   0.0000e+00   3.0563e-03   2.5654e+02
20251206_11:00:00   5.8480e-02   1.9503e+01   1.1808e+00   0.0000e+00   2.9177e-03   2.5736e+02
20251206_12:00:00   5.7733e-02   1.9316e+01   1.1619e+00   0.0000e+00   3.3140e-03   2.5678e+02
20251206_13:00:00   5.8173e-02   1.9399e+01   1.1751e+00   0.0000e+00   3.1406e-03   2.5599e+02
20251206_14:00:00   5.7597e-02   1.9208e+01   1.1707e+00   0.0000e+00   6.1760e-03   2.5691e+02
20251206_15:00:00   5.8346e-02   1.9371e+01   1.1965e+00   0.0000e+00   6.9240e-03   2.5781e+02
20251206_16:00:00   5.9328e-02   1.9602e+01   1.2250e+00   0.0000e+00   7.9444e-03   2.5798e+02
20251206_17:00:00   6.1352e-02   2.0074e+01   1.2789e+00   0.0000e+00   1.7461e-02   2.5805e+02
20251206_18:00:00   6.5114e-02   2.0988e+01   1.3792e+00   0.0000e+00   1.2620e-02   2.5846e+02
20251206_21:00:00   6.8653e-02   2.1827e+01   1.4748e+00   0.0000e+00   2.3573e-02   2.6094e+02
20251207_00:00:00   7.2694e-02   2.2790e+01   1.5829e+00   0.0000e+00   1.3775e-02   2.5881e+02
20251207_03:00:00   7.5341e-02   2.3496e+01   1.6404e+00   0.0000e+00   2.2254e-03   2.5926e+02
20251207_06:00:00   7.8726e-02   2.4198e+01   1.7475e+00   0.0000e+00   2.7751e-02   2.5997e+02
20251207_09:00:00   8.5482e-02   2.5714e+01   1.9358e+00   0.0000e+00   1.8842e-02   2.5859e+02
20251207_12:00:00   9.2514e-02   2.7242e+01   2.1035e+00   0.0000e+00   7.0770e-02   2.5888e+02
20251207_15:00:00   9.8033e-02   2.8529e+01   2.2588e+00   0.0000e+00   4.5093e-02   2.5829e+02
20251207_18:00:00   1.1037e-01   3.1320e+01   2.5427e+00   0.0000e+00   1.1435e-01   2.5903e+02
20251207_21:00:00   1.1053e-01   3.1342e+01   2.5844e+00   0.0000e+00   6.3441e-02   2.5768e+02
20251208_00:00:00   1.1430e-01   3.2222e+01   2.6840e+00   0.0000e+00   5.5817e-02   2.5750e+02
20251208_03:00:00   1.1270e-01   3.1865e+01   2.6649e+00   0.0000e+00   1.2062e-02   2.5804e+02
20251208_06:00:00   1.1381e-01   3.2111e+01   2.6322e+00   0.0000e+00   1.2296e-01   2.5879e+02
20251208_09:00:00   1.0971e-01   3.1316e+01   2.5560e+00   0.0000e+00   3.9101e-02   2.5737e+02
20251208_12:00:00   1.2946e-01   3.6209e+01   2.9509e+00   0.0000e+00   3.2130e-02   2.5646e+02
20251208_15:00:00   1.2006e-01   3.4328e+01   2.6043e+00   0.0000e+00   1.1715e-01   2.5830e+02
20251208_18:00:00   8.7626e-02   2.6424e+01   1.9130e+00   0.0000e+00   7.3402e-02   2.5881e+02
20251208_21:00:00   7.0780e-02   2.2088e+01   1.4410e+00   0.0000e+00   2.5327e-01   2.6233e+02
20251209_00:00:00   6.4360e-02   2.0696e+01   1.3730e+00   0.0000e+00   3.8175e-02   2.5842e+02
20251209_03:00:00   7.2705e-02   2.2667e+01   1.5291e+00   0.0000e+00   1.8168e-01   2.5749e+02
20251209_06:00:00   6.0286e-02   1.9898e+01   1.2474e+00   0.0000e+00   1.8156e-02   2.5635e+02
20251209_09:00:00   5.5260e-02   1.8793e+01   1.0708e+00   0.0000e+00   1.6146e-02   2.5689e+02
20251209_12:00:00   5.7894e-02   1.9529e+01   1.1267e+00   0.0000e+00   6.1872e-03   2.5475e+02
20251209_15:00:00   5.6325e-02   1.9082e+01   1.1062e+00   0.0000e+00   1.6061e-02   2.5410e+02
20251209_18:00:00   5.5815e-02   1.8876e+01   1.1243e+00   0.0000e+00   1.0800e-02   2.5634e+02
20251209_21:00:00   5.7374e-02   1.9286e+01   1.1757e+00   0.0000e+00   3.7460e-03   2.5667e+02
20251210_00:00:00   6.5235e-02   2.1314e+01   1.3713e+00   7.9820e-07   4.9964e-03   2.5451e+02
20251210_03:00:00   7.9131e-02   2.4852e+01   1.7055e+00   1.5440e-06   2.7400e-03   2.5443e+02
20251210_06:00:00   9.5032e-02   2.8721e+01   2.0863e+00   0.0000e+00   1.7256e-05   2.5319e+02
20251210_09:00:00   1.0789e-01   3.1704e+01   2.4153e+00   0.0000e+00   3.0863e-03   2.5543e+02
20251210_12:00:00   1.2001e-01   3.4475e+01   2.7597e+00   0.0000e+00   1.2790e-02   2.5033e+02
20251210_15:00:00   1.2225e-01   3.5037e+01   2.8008e+00   0.0000e+00   5.4050e-03   2.5079e+02
20251210_18:00:00   1.2499e-01   3.5752e+01   2.8492e+00   0.0000e+00   3.3903e-03   2.5339e+02
20251210_21:00:00   1.3096e-01   3.7176e+01   2.9738e+00   0.0000e+00   4.1040e-03   2.5363e+02
20251211_00:00:00   1.3770e-01   3.8742e+01   3.1147e+00   0.0000e+00   0.0000e+00   2.5314e+02
20251211_03:00:00   1.6359e-01   4.4822e+01   3.3808e+00   5.2190e-03   0.0000e+00   2.5432e+02
20251211_06:00:00   1.3727e-01   3.8783e+01   3.0133e+00   2.4390e-04   0.0000e+00   2.5580e+02
20251211_09:00:00   1.2477e-01   3.5902e+01   2.7011e+00   1.2750e-04   0.0000e+00   2.5516e+02
20251211_12:00:00   1.1325e-01   3.3206e+01   2.4466e+00   0.0000e+00   0.0000e+00   2.5402e+02
20251211_15:00:00   1.1043e-01   3.2562e+01   2.3572e+00   0.0000e+00   0.0000e+00   2.5488e+02
20251211_18:00:00   1.1478e-01   3.3560e+01   2.4699e+00   0.0000e+00   0.0000e+00   2.5661e+02
20251211_21:00:00   1.1375e-01   3.3328e+01   2.4546e+00   0.0000e+00   0.0000e+00   2.5599e+02
20251212_00:00:00   1.8687e-01   4.9818e+01   3.8830e+00   4.5350e-03   1.7534e-03   2.5121e+02
20251212_03:00:00   2.0974e-01   5.4222e+01   4.8342e+00   0.0000e+00   2.2489e-02   2.4961e+02
20251212_06:00:00   3.0058e-01   7.2673e+01   6.7265e+00   0.0000e+00   2.3798e-02   2.5307e+02
20251212_09:00:00   3.4129e-01   8.0355e+01   7.5802e+00   5.0100e-06   1.0508e-01   2.4982e+02
20251212_12:00:00   3.3784e-01   7.9564e+01   7.5109e+00   0.0000e+00   1.2940e-01   2.5176e+02
20251212_15:00:00   3.9962e-01   9.0845e+01   8.7258e+00   0.0000e+00   1.3127e-01   2.5087e+02
20251212_18:00:00   4.1707e-01   9.4362e+01   8.9104e+00   1.5018e-03   3.5199e-02   2.5192e+02
20251212_21:00:00   5.1397e-01   1.1075e+02   1.0580e+01   4.5213e-03   2.9702e-02   2.5190e+02
20251213_00:00:00   5.5393e-01   1.1681e+02   1.1362e+01   1.2872e-04   6.6493e-02   2.5060e+02
20251213_03:00:00   5.5932e-01   1.1746e+02   1.1410e+01   1.0026e-03   2.6985e-01   2.4994e+02
20251213_06:00:00   5.6445e-01   1.1864e+02   1.0880e+01   1.4320e-02   9.1672e-02   2.5178e+02
20251213_09:00:00   4.9135e-01   1.0739e+02   9.9919e+00   5.8590e-07   2.0667e-02   2.5596e+02
20251213_12:00:00   3.0976e-01   7.5222e+01   6.6441e+00   3.2160e-06   5.0566e-03   2.5606e+02
20251213_15:00:00   1.6333e-01   4.4627e+01   3.5417e+00   0.0000e+00   2.5455e-04   2.5414e+02
20251213_18:00:00   1.0889e-01   3.2084e+01   2.2660e+00   7.7110e-05   1.6772e-05   2.5671e+02
20251213_21:00:00   8.5582e-02   2.6392e+01   1.7877e+00   1.0260e-04   0.0000e+00   2.5813e+02
20251214_00:00:00   7.1619e-02   2.3070e+01   1.4509e+00   0.0000e+00   0.0000e+00   2.5541e+02
20251214_03:00:00   7.4895e-02   2.3873e+01   1.5442e+00   0.0000e+00   0.0000e+00   2.5221e+02
20251214_06:00:00   7.8746e-02   2.4811e+01   1.6385e+00   0.0000e+00   0.0000e+00   2.5316e+02
20251214_09:00:00   8.1497e-02   2.5468e+01   1.7137e+00   0.0000e+00   0.0000e+00   2.5561e+02
20251214_12:00:00   8.3501e-02   2.5914e+01   1.7720e+00   0.0000e+00   0.0000e+00   2.5340e+02
20251214_15:00:00   7.5845e-02   2.4043e+01   1.5922e+00   0.0000e+00   0.0000e+00   2.5504e+02
20251214_18:00:00   7.6130e-02   2.4032e+01   1.6041e+00   0.0000e+00   0.0000e+00   2.5756e+02
20251214_21:00:00   7.7282e-02   2.4361e+01   1.6266e+00   0.0000e+00   0.0000e+00   2.5516e+02
20251215_00:00:00   8.4231e-02   2.6104e+01   1.7872e+00   0.0000e+00   0.0000e+00   2.5235e+02
20251215_03:00:00   8.7355e-02   2.6861e+01   1.8573e+00   0.0000e+00   0.0000e+00   2.5060e+02
20251215_06:00:00   1.0013e-01   2.9974e+01   2.1502e+00   0.0000e+00   0.0000e+00   2.5233e+02
20251215_09:00:00   1.1196e-01   3.2734e+01   2.4229e+00   0.0000e+00   0.0000e+00   2.4949e+02
20251215_12:00:00   1.0221e-01   3.0361e+01   2.1954e+00   0.0000e+00   0.0000e+00   2.4847e+02
20251215_15:00:00   7.9862e-02   2.5090e+01   1.6139e+00   0.0000e+00   0.0000e+00   2.4821e+02
20251215_18:00:00   7.5498e-02   2.3983e+01   1.5069e+00   0.0000e+00   0.0000e+00   2.4866e+02
20251215_21:00:00   6.7886e-02   2.2067e+01   1.3288e+00   0.0000e+00   0.0000e+00   2.4817e+02
20251216_00:00:00   6.8649e-02   2.2207e+01   1.3645e+00   0.0000e+00   0.0000e+00   2.4619e+02
20251216_03:00:00   7.3826e-02   2.3399e+01   1.5119e+00   0.0000e+00   0.0000e+00   2.4435e+02
20251216_06:00:00   8.4526e-02   2.5877e+01   1.7875e+00   0.0000e+00   0.0000e+00   2.4594e+02
20251216_09:00:00   9.0691e-02   2.7300e+01   1.9343e+00   0.0000e+00   0.0000e+00   2.4851e+02
20251216_12:00:00   1.1225e-01   3.2223e+01   2.4497e+00   0.0000e+00   2.2523e-03   2.5141e+02
20251216_15:00:00   1.2149e-01   3.4263e+01   2.6526e+00   0.0000e+00   4.9906e-03   2.5523e+02
20251216_18:00:00   1.2131e-01   3.4120e+01   2.6409e+00   0.0000e+00   5.7615e-03   2.6900e+02
20251216_21:00:00   1.3433e-01   3.6969e+01   2.9007e+00   0.0000e+00   7.4543e-02   2.7262e+02
20251217_00:00:00   1.3354e-01   3.6833e+01   2.8857e+00   0.0000e+00   1.0233e-02   2.7576e+02
20251217_03:00:00   1.2203e-01   3.4443e+01   2.5930e+00   0.0000e+00   1.1138e-04   2.7872e+02
20251217_06:00:00   1.3396e-01   3.7052e+01   2.8690e+00   0.0000e+00   1.2353e-03   2.8056e+02
20251217_09:00:00   1.2724e-01   3.5633e+01   2.7148e+00   0.0000e+00   6.7088e-05   2.8019e+02
20251217_12:00:00   1.0592e-01   3.0862e+01   2.2035e+00   0.0000e+00   0.0000e+00   2.7721e+02
20251217_15:00:00   9.4621e-02   2.8276e+01   1.9305e+00   0.0000e+00   0.0000e+00   2.7045e+02
20251217_18:00:00   7.4159e-02   2.3453e+01   1.4425e+00   0.0000e+00   0.0000e+00   2.6653e+02
