#            date       tau255        Tb[K]      pwv[mm] lwp[kg*m^-2] iwp[kg*m^-2]       o3[DU]
20251205_06:00:00   1.3194e-01   3.7386e+01   2.9152e+00   0.0000e+00   0.0000e+00   2.5791e+02
20251205_07:00:00   1.4151e-01   3.9624e+01   3.1203e+00   0.0000e+00   0.0000e+00   2.5651e+02
20251205_08:00:00   1.5235e-01   4.2194e+01   3.3175e+00   0.0000e+00   0.0000e+00   2.5656e+02
20251205_09:00:00   1.6025e-01   4.4071e+01   3.4454e+00   0.0000e+00   0.0000e+00   2.5731e+02
20251205_10:00:00   1.5953e-01   4.3980e+01   3.4009e+00   0.0000e+00   0.0000e+00   2.5942e+02
20251205_11:00:00   1.4850e-01   4.1448e+01   3.1672e+00   0.0000e+00   0.0000e+00   2.5945e+02
20251205_12:00:00   1.3832e-01   3.9088e+01   2.9468e+00   0.0000e+00   0.0000e+00   2.6020e+02
20251205_13:00:00   1.2196e-01   3.5254e+01   2.5898e+00   0.0000e+00   0.0000e+00   2.6051e+02
20251205_14:00:00   1.1278e-01   3.3084e+01   2.3777e+00   6.2320e-08   0.0000e+00   2.6124e+02
20251205_15:00:00   1.0193e-01   3.0472e+01   2.1373e+00   0.0000e+00   0.0000e+00   2.6179e+02
20251205_16:00:00   9.4462e-02   2.8648e+01   1.9774e+00   0.0000e+00   0.0000e+00   2.6148e+02
20251205_17:00:00   8.9017e-02   2.7303e+01   1.8611e+00   0.0000e+00   0.0000e+00   2.6111e+02
20251205_18:00:00   8.6631e-02   2.6715e+01   1.8124e+00   0.0000e+00   0.0000e+00   2.6225e+02
20251205_19:00:00   9.1577e-02   2.7948e+01   1.9208e+00   0.0000e+00   0.0000e+00   2.6406e+02
20251205_20:00:00   1.0214e-01   3.0537e+01   2.1429e+00   2.0340e-05   0.0000e+00   2.6440e+02
20251205_21:00:00   1.1509e-01   3.3730e+01   2.3918e+00   0.0000e+00   1.0366e-05   2.6408e+02
20251205_22:00:00   1.2754e-01   3.6722e+01   2.6320e+00   2.2370e-05   0.0000e+00   2.6331e+02
20251205_23:00:00   1.3801e-01   3.9217e+01   2.7438e+00   1.7770e-03   0.0000e+00   2.6193e+02
20251206_00:00:00   1.5071e-01   4.2198e+01   2.8807e+00   3.7873e-03   6.8120e-06   2.6279e+02
20251206_01:00:00   1.7068e-01   4.6836e+01   2.9780e+00   9.3450e-03   1.7276e-06   2.6131e+02
20251206_02:00:00   6.0332e-01   1.2731e+02   3.1925e+00   1.7811e-01   0.0000e+00   2.5966e+02
20251206_03:00:00   8.1910e-01   1.5613e+02   3.1427e+00   2.6577e-01   8.3860e-06   2.6003e+02
20251206_04:00:00   4.6485e-01   1.0505e+02   3.0303e+00   1.2586e-01   7.8140e-05   2.5972e+02
20251206_05:00:00   1.6602e-01   4.5712e+01   2.8995e+00   7.9800e-03   2.0540e-04   2.5848e+02
20251206_06:00:00   1.5648e-01   4.3480e+01   2.9497e+00   3.2980e-03   1.9526e-04   2.5862e+02
20251206_07:00:00   1.3844e-01   3.9277e+01   2.7528e+00   7.3920e-04   1.7536e-04   2.5941e+02
20251206_08:00:00   1.3866e-01   3.9317e+01   2.7454e+00   1.3185e-03   6.3059e-04   2.6026e+02
20251206_09:00:00   1.3898e-01   3.9379e+01   2.7162e+00   2.2719e-03   1.4970e-04   2.6168e+02
20251206_10:00:00   1.2391e-01   3.5805e+01   2.5084e+00   5.4420e-04   1.0668e-03   2.6202e+02
20251206_11:00:00   1.1466e-01   3.3586e+01   2.3431e+00   2.7973e-04   1.2158e-04   2.6141e+02
20251206_12:00:00   1.0666e-01   3.1631e+01   2.1977e+00   3.1230e-07   0.0000e+00   2.6330e+02
20251206_13:00:00   9.8634e-02   2.9649e+01   2.0410e+00   0.0000e+00   0.0000e+00   2.6362e+02
20251206_14:00:00   9.4120e-02   2.8507e+01   1.9562e+00   0.0000e+00   0.0000e+00   2.6147e+02
20251206_15:00:00   8.7705e-02   2.6912e+01   1.8251e+00   0.0000e+00   3.6060e-04   2.6142e+02
20251206_16:00:00   7.7934e-02   2.4486e+01   1.6131e+00   0.0000e+00   0.0000e+00   2.5999e+02
20251206_17:00:00   7.5256e-02   2.3792e+01   1.5602e+00   0.0000e+00   0.0000e+00   2.5949e+02
20251206_18:00:00   7.4842e-02   2.3661e+01   1.5633e+00   0.0000e+00   0.0000e+00   2.5855e+02
20251206_19:00:00   7.7657e-02   2.4361e+01   1.6299e+00   0.0000e+00   5.9280e-06   2.5897e+02
20251206_20:00:00   7.5740e-02   2.3844e+01   1.6055e+00   0.0000e+00   4.9700e-05   2.5871e+02
20251206_21:00:00   7.9209e-02   2.4640e+01   1.7123e+00   0.0000e+00   7.9755e-04   2.5809e+02
20251206_22:00:00   8.6265e-02   2.6400e+01   1.8686e+00   0.0000e+00   2.2564e-04   2.5884e+02
20251206_23:00:00   1.0526e-01   3.1043e+01   2.2668e+00   1.0742e-04   6.8303e-03   2.5959e+02
20251207_00:00:00   1.0628e-01   3.1272e+01   2.2995e+00   1.2770e-04   3.7951e-03   2.5847e+02
20251207_01:00:00   8.6880e-02   2.6446e+01   1.9200e+00   3.1540e-05   2.7505e-03   2.5897e+02
20251207_02:00:00   8.2991e-02   2.5466e+01   1.8349e+00   9.5690e-05   2.8026e-04   2.5834e+02
20251207_03:00:00   8.8291e-02   2.6709e+01   1.9763e+00   5.3490e-05   1.2528e-03   2.5798e+02
20251207_04:00:00   8.8532e-02   2.6691e+01   2.0054e+00   0.0000e+00   1.3039e-03   2.5694e+02
20251207_05:00:00   9.1086e-02   2.7277e+01   2.0720e+00   0.0000e+00   5.8258e-04   2.5769e+02
20251207_06:00:00   9.3755e-02   2.7864e+01   2.1462e+00   0.0000e+00   1.4567e-03   2.5796e+02
20251207_07:00:00   9.5454e-02   2.8232e+01   2.1951e+00   0.0000e+00   6.8928e-04   2.5828e+02
20251207_08:00:00   9.6867e-02   2.8568e+01   2.2323e+00   0.0000e+00   3.0479e-03   2.5988e+02
20251207_09:00:00   1.0014e-01   2.9427e+01   2.2900e+00   0.0000e+00   1.9345e-03   2.5961e+02
20251207_10:00:00   1.0447e-01   3.0469e+01   2.3950e+00   0.0000e+00   6.6437e-03   2.5828e+02
20251207_11:00:00   1.1613e-01   3.3225e+01   2.6675e+00   0.0000e+00   2.0035e-02   2.5891e+02
20251207_12:00:00   1.3703e-01   3.8040e+01   3.1616e+00   0.0000e+00   1.0216e-02   2.5784e+02
20251207_13:00:00   1.4946e-01   4.0941e+01   3.4191e+00   0.0000e+00   1.1961e-02   2.5643e+02
20251207_14:00:00   1.5005e-01   4.1133e+01   3.4083e+00   0.0000e+00   3.2433e-03   2.5623e+02
20251207_15:00:00   1.5242e-01   4.1585e+01   3.4757e+00   0.0000e+00   2.5356e-03   2.5767e+02
20251207_16:00:00   1.3850e-01   3.8582e+01   3.1177e+00   0.0000e+00   1.7772e-03   2.5942e+02
20251207_17:00:00   1.1199e-01   3.2774e+01   2.4005e+00   0.0000e+00   1.5314e-03   2.5816e+02
20251207_18:00:00   1.1026e-01   3.2537e+01   2.2765e+00   0.0000e+00   3.1580e-03   2.5785e+02
20251207_19:00:00   1.0710e-01   3.1820e+01   2.1964e+00   0.0000e+00   3.3623e-03   2.5962e+02
20251207_20:00:00   1.0021e-01   3.0174e+01   2.0438e+00   0.0000e+00   2.3660e-03   2.6010e+02
20251207_21:00:00   1.0808e-01   3.2082e+01   2.2019e+00   3.8910e-05   9.5401e-04   2.6088e+02
20251207_22:00:00   1.1696e-01   3.4232e+01   2.2147e+00   3.4610e-03   6.1233e-04   2.6110e+02
20251207_23:00:00   2.5817e-01   6.6061e+01   2.4696e+00   5.4680e-02   7.6980e-04   2.6008e+02
20251208_00:00:00   6.1948e-01   1.2958e+02   2.6707e+00   1.9579e-01   1.2532e-03   2.6036e+02
20251208_01:00:00   1.9529e-01   5.2444e+01   2.4996e+00   2.8715e-02   3.0440e-03   2.5809e+02
20251208_02:00:00   1.4992e-01   4.2066e+01   2.3350e+00   1.3683e-02   8.1939e-05   2.5740e+02
20251208_03:00:00   9.3187e-02   2.8398e+01   1.8787e+00   2.1860e-04   5.2560e-04   2.5708e+02
20251208_04:00:00   8.4166e-02   2.6122e+01   1.7162e+00   0.0000e+00   2.9640e-03   2.5725e+02
20251208_05:00:00   8.3691e-02   2.6019e+01   1.7008e+00   0.0000e+00   3.9960e-03   2.5721e+02
20251208_06:00:00   8.2940e-02   2.5849e+01   1.6811e+00   0.0000e+00   1.6678e-03   2.5735e+02
20251208_07:00:00   8.1992e-02   2.5618e+01   1.6589e+00   0.0000e+00   0.0000e+00   2.5726e+02
20251208_08:00:00   7.9921e-02   2.5103e+01   1.6126e+00   0.0000e+00   0.0000e+00   2.5797e+02
20251208_09:00:00   7.6966e-02   2.4361e+01   1.5488e+00   0.0000e+00   0.0000e+00   2.5713e+02
20251208_10:00:00   7.4554e-02   2.3724e+01   1.5034e+00   0.0000e+00   4.9480e-06   2.5704e+02
20251208_11:00:00   7.5623e-02   2.3934e+01   1.5434e+00   0.0000e+00   2.1000e-06   2.5460e+02
20251208_12:00:00   7.7042e-02   2.4285e+01   1.5744e+00   0.0000e+00   0.0000e+00   2.5404e+02
20251208_13:00:00   7.4256e-02   2.3605e+01   1.5103e+00   0.0000e+00   0.0000e+00   2.5417e+02
20251208_14:00:00   7.5205e-02   2.3837e+01   1.5313e+00   0.0000e+00   0.0000e+00   2.5338e+02
20251208_15:00:00   7.4727e-02   2.3724e+01   1.5189e+00   0.0000e+00   7.4620e-07   2.5269e+02
20251208_16:00:00   7.4659e-02   2.3715e+01   1.5186e+00   0.0000e+00   0.0000e+00   2.5340e+02
20251208_17:00:00   7.5009e-02   2.3808e+01   1.5297e+00   0.0000e+00   3.7300e-07   2.5544e+02
20251208_18:00:00   7.5186e-02   2.3869e+01   1.5316e+00   0.0000e+00   0.0000e+00   2.5755e+02
20251208_19:00:00   7.4586e-02   2.3753e+01   1.5136e+00   0.0000e+00   0.0000e+00   2.5921e+02
20251208_20:00:00   7.4198e-02   2.3676e+01   1.4983e+00   0.0000e+00   0.0000e+00   2.5822e+02
20251208_21:00:00   7.2380e-02   2.3219e+01   1.4550e+00   0.0000e+00   0.0000e+00   2.5850e+02
20251208_22:00:00   7.1401e-02   2.2981e+01   1.4278e+00   1.7330e-06   0.0000e+00   2.5995e+02
20251208_23:00:00   6.9689e-02   2.2537e+01   1.3917e+00   2.7280e-05   2.1420e-05   2.5867e+02
20251209_00:00:00   6.8820e-02   2.2331e+01   1.3711e+00   9.7200e-06   6.6580e-06   2.5817e+02
20251209_01:00:00   7.7101e-02   2.4459e+01   1.5333e+00   2.7100e-04   0.0000e+00   2.5574e+02
20251209_02:00:00   7.6326e-02   2.4284e+01   1.4968e+00   6.5413e-04   0.0000e+00   2.5502e+02
20251209_03:00:00   7.2388e-02   2.3264e+01   1.4565e+00   0.0000e+00   0.0000e+00   2.5544e+02
20251209_04:00:00   7.3910e-02   2.3642e+01   1.4659e+00   4.7860e-04   0.0000e+00   2.5514e+02
20251209_05:00:00   6.9845e-02   2.2637e+01   1.3973e+00   0.0000e+00   0.0000e+00   2.5499e+02
20251209_06:00:00   6.7748e-02   2.2093e+01   1.3521e+00   0.0000e+00   0.0000e+00   2.5491e+02
20251209_07:00:00   6.9767e-02   2.2583e+01   1.4034e+00   0.0000e+00   0.0000e+00   2.5534e+02
20251209_08:00:00   6.6539e-02   2.1766e+01   1.3259e+00   0.0000e+00   0.0000e+00   2.5689e+02
20251209_09:00:00   6.6569e-02   2.1785e+01   1.3287e+00   0.0000e+00   0.0000e+00   2.5817e+02
20251209_10:00:00   6.8606e-02   2.2306e+01   1.3758e+00   0.0000e+00   0.0000e+00   2.5926e+02
20251209_11:00:00   6.9166e-02   2.2447e+01   1.3902e+00   0.0000e+00   0.0000e+00   2.5866e+02
20251209_12:00:00   6.8313e-02   2.2238e+01   1.3676e+00   0.0000e+00   0.0000e+00   2.5972e+02
20251209_13:00:00   6.5632e-02   2.1571e+01   1.2988e+00   0.0000e+00   0.0000e+00   2.5830e+02
20251209_14:00:00   6.4005e-02   2.1166e+01   1.2583e+00   0.0000e+00   0.0000e+00   2.5791e+02
20251209_15:00:00   6.4423e-02   2.1277e+01   1.2635e+00   0.0000e+00   0.0000e+00   2.5829e+02
20251209_16:00:00   6.4244e-02   2.1247e+01   1.2531e+00   0.0000e+00   0.0000e+00   2.5864e+02
20251209_17:00:00   6.3675e-02   2.1121e+01   1.2319e+00   0.0000e+00   0.0000e+00   2.5801e+02
20251209_18:00:00   6.2654e-02   2.0873e+01   1.2058e+00   0.0000e+00   0.0000e+00   2.5847e+02
20251209_19:00:00   6.3526e-02   2.1102e+01   1.2205e+00   0.0000e+00   0.0000e+00   2.5870e+02
20251209_20:00:00   6.5801e-02   2.1690e+01   1.2656e+00   0.0000e+00   0.0000e+00   2.5860e+02
20251209_21:00:00   6.5542e-02   2.1610e+01   1.2664e+00   0.0000e+00   0.0000e+00   2.5887e+02
20251209_22:00:00   6.4576e-02   2.1379e+01   1.2383e+00   0.0000e+00   0.0000e+00   2.5926e+02
20251209_23:00:00   6.8617e-02   2.2426e+01   1.3174e+00   0.0000e+00   0.0000e+00   2.5843e+02
20251210_00:00:00   7.6573e-02   2.4447e+01   1.4710e+00   3.6200e-04   0.0000e+00   2.5757e+02
20251210_01:00:00   8.2406e-02   2.5931e+01   1.5134e+00   1.9030e-03   0.0000e+00   2.5662e+02
20251210_02:00:00   8.4244e-02   2.6361e+01   1.5918e+00   1.2510e-03   0.0000e+00   2.5709e+02
20251210_03:00:00   1.0075e-01   3.0426e+01   1.6755e+00   6.6880e-03   0.0000e+00   2.5806e+02
20251210_04:00:00   9.1515e-02   2.8094e+01   1.7523e+00   1.6140e-03   0.0000e+00   2.5906e+02
20251210_05:00:00   1.1629e-01   3.4201e+01   1.8734e+00   9.0040e-03   0.0000e+00   2.6013e+02
20251210_06:00:00   1.1861e-01   3.4728e+01   1.9730e+00   8.1170e-03   0.0000e+00   2.6033e+02
20251210_09:00:00   1.0199e-01   3.0562e+01   1.8556e+00   4.8470e-03   0.0000e+00   2.5892e+02
20251210_12:00:00   8.6467e-02   2.6532e+01   1.8453e+00   0.0000e+00   3.4560e-06   2.5574e+02
20251210_15:00:00   8.4718e-02   2.5888e+01   1.8779e+00   0.0000e+00   7.1166e-04   2.5500e+02
20251210_18:00:00   9.4076e-02   2.8021e+01   2.1399e+00   0.0000e+00   1.1334e-03   2.5394e+02
20251210_21:00:00   1.0512e-01   3.0605e+01   2.4195e+00   0.0000e+00   3.6716e-03   2.5450e+02
20251211_00:00:00   1.3497e-01   3.7953e+01   3.0117e+00   6.1080e-05   0.0000e+00   2.5419e+02
20251211_03:00:00   1.2494e-01   3.5646e+01   2.8109e+00   0.0000e+00   0.0000e+00   2.5446e+02
20251211_06:00:00   1.1697e-01   3.3862e+01   2.5955e+00   0.0000e+00   0.0000e+00   2.5671e+02
20251211_09:00:00   1.2643e-01   3.5958e+01   2.8394e+00   0.0000e+00   0.0000e+00   2.5719e+02
20251211_12:00:00   1.0841e-01   3.1608e+01   2.4316e+00   0.0000e+00   0.0000e+00   2.5722e+02
20251211_15:00:00   1.1497e-01   3.2935e+01   2.6155e+00   0.0000e+00   0.0000e+00   2.5890e+02
20251211_18:00:00   1.2732e-01   3.5872e+01   2.9165e+00   0.0000e+00   0.0000e+00   2.6101e+02
20251211_21:00:00   1.3111e-01   3.6999e+01   2.9701e+00   0.0000e+00   0.0000e+00   2.6085e+02
20251212_00:00:00   1.7735e-01   4.7628e+01   3.9732e+00   0.0000e+00   0.0000e+00   2.5849e+02
20251212_03:00:00   2.1559e-01   5.6077e+01   4.7417e+00   0.0000e+00   0.0000e+00   2.5928e+02
20251212_06:00:00   2.8099e-01   6.9730e+01   5.9788e+00   0.0000e+00   0.0000e+00   2.5674e+02
20251212_09:00:00   3.4222e-01   8.1590e+01   7.1195e+00   0.0000e+00   0.0000e+00   2.5625e+02
20251212_12:00:00   3.7650e-01   8.7736e+01   7.8834e+00   0.0000e+00   0.0000e+00   2.5687e+02
20251212_15:00:00   4.1564e-01   9.4695e+01   8.6286e+00   0.0000e+00   0.0000e+00   2.5628e+02
20251212_18:00:00   3.7107e-01   8.7038e+01   7.6696e+00   0.0000e+00   0.0000e+00   2.5532e+02
20251212_21:00:00   2.9021e-01   7.1794e+01   6.0599e+00   3.3750e-07   0.0000e+00   2.5692e+02
20251213_00:00:00   2.7767e-01   6.9000e+01   5.9732e+00   1.3140e-04   0.0000e+00   2.5449e+02
20251213_03:00:00   2.8938e-01   7.1270e+01   6.2940e+00   9.6900e-05   0.0000e+00   2.5355e+02
20251213_06:00:00   3.3689e-01   8.0511e+01   7.1076e+00   5.4370e-07   0.0000e+00   2.4957e+02
20251213_09:00:00   4.2618e-01   9.6256e+01   8.9240e+00   0.0000e+00   1.6766e-03   2.4883e+02
20251213_12:00:00   4.8880e-01   1.0678e+02   9.9913e+00   0.0000e+00   4.4296e-03   2.5014e+02
20251213_15:00:00   5.1471e-01   1.1078e+02   1.0474e+01   0.0000e+00   6.6150e-03   2.4868e+02
20251213_18:00:00   5.7200e-01   1.1973e+02   1.1400e+01   2.8590e-04   1.3261e-02   2.4791e+02
20251213_21:00:00   6.5426e-01   1.3238e+02   1.0907e+01   4.1960e-02   2.3639e-03   2.4647e+02
20251214_00:00:00   7.5925e-01   1.4648e+02   1.1329e+01   7.5450e-02   3.8521e-03   2.4419e+02
20251214_03:00:00   5.7770e-01   1.2161e+02   1.0200e+01   2.7300e-02   1.4270e-03   2.4247e+02
20251214_06:00:00   6.1652e-01   1.2755e+02   1.0122e+01   4.5341e-02   2.7433e-03   2.4427e+02
20251214_09:00:00   5.8875e-01   1.2363e+02   9.3527e+00   5.0222e-02   1.0256e-03   2.4408e+02
20251214_12:00:00   1.0797e+00   1.8204e+02   9.7662e+00   2.3934e-01   2.2603e-04   2.4189e+02
20251214_15:00:00   5.3834e-01   1.1551e+02   9.5846e+00   2.6003e-02   3.4560e-06   2.4289e+02
20251214_18:00:00   4.2882e-01   9.7461e+01   8.7585e+00   9.6260e-05   0.0000e+00   2.4306e+02
20251214_21:00:00   3.9682e-01   9.2023e+01   7.9965e+00   2.6350e-03   0.0000e+00   2.4124e+02
20251215_00:00:00   4.5770e-01   1.0237e+02   9.2012e+00   1.5283e-03   0.0000e+00   2.3962e+02
20251215_03:00:00   4.3668e-01   9.8855e+01   8.8133e+00   5.8313e-04   0.0000e+00   2.3851e+02
20251215_06:00:00   4.5139e-01   1.0146e+02   8.7848e+00   5.6070e-03   0.0000e+00   2.3908e+02
20251215_09:00:00   4.0521e-01   9.3428e+01   8.1476e+00   2.1753e-03   0.0000e+00   2.3975e+02
20251215_12:00:00   3.8501e-01   8.9689e+01   7.9958e+00   1.5340e-05   0.0000e+00   2.3675e+02
20251215_15:00:00   4.4255e-01   9.9751e+01   9.0172e+00   0.0000e+00   0.0000e+00   2.3777e+02
20251215_18:00:00   4.4065e-01   9.9332e+01   9.0544e+00   0.0000e+00   0.0000e+00   2.3795e+02
20251215_21:00:00   4.4756e-01   1.0059e+02   9.2131e+00   4.1660e-04   1.5386e-04   2.3781e+02
20251216_00:00:00   4.3568e-01   9.8546e+01   8.9767e+00   1.1989e-03   9.0613e-03   2.3807e+02
20251216_03:00:00   3.9122e-01   9.0540e+01   8.3807e+00   0.0000e+00   4.6561e-02   2.3679e+02
20251216_06:00:00   4.1023e-01   9.3862e+01   8.7734e+00   0.0000e+00   1.5311e-02   2.3979e+02
20251216_09:00:00   4.1973e-01   9.5423e+01   9.0181e+00   0.0000e+00   2.6348e-02   2.3896e+02
20251216_12:00:00   4.5745e-01   1.0171e+02   9.7782e+00   0.0000e+00   3.1170e-02   2.3883e+02
20251216_15:00:00   4.8158e-01   1.0564e+02   1.0291e+01   0.0000e+00   9.0303e-02   2.3833e+02
20251216_18:00:00   5.3312e-01   1.1386e+02   1.1244e+01   0.0000e+00   6.1050e-02   2.3985e+02
20251216_21:00:00   5.8583e-01   1.2179e+02   1.2213e+01   0.0000e+00   8.4640e-02   2.4138e+02
20251217_00:00:00   6.9573e-01   1.3720e+02   1.3353e+01   1.3338e-02   2.6628e-01   2.4117e+02
20251217_03:00:00   6.9641e-01   1.3725e+02   1.3481e+01   1.0619e-02   1.6754e-01   2.4233e+02
20251217_06:00:00   1.0592e+00   1.7895e+02   1.3647e+01   1.5094e-01   1.1887e-01   2.4542e+02
20251217_09:00:00   1.7510e+00   2.2600e+02   1.3869e+01   4.3219e-01   1.5730e-01   2.4616e+02
20251217_12:00:00   1.0380e+00   1.7659e+02   1.3923e+01   1.3605e-01   2.3150e-01   2.4793e+02
20251217_15:00:00   1.3221e+00   2.0074e+02   1.3841e+01   2.5301e-01   2.5962e-01   2.4747e+02
20251217_18:00:00   1.0547e+00   1.7878e+02   1.3648e+01   1.4466e-01   1.5944e-01   2.5021e+02
20251217_21:00:00   1.3956e+00   2.0587e+02   1.3802e+01   2.8378e-01   2.9943e-01   2.5046e+02
20251218_00:00:00   1.8302e+00   2.3055e+02   1.3619e+01   4.6412e-01   1.1812e-01   2.4966e+02
20251218_03:00:00   1.1740e+00   1.8936e+02   1.3590e+01   1.9631e-01   2.0952e-01   2.4945e+02
20251218_06:00:00   8.7551e-01   1.5968e+02   1.3249e+01   7.9205e-02   5.3458e-01   2.4812e+02
20251218_09:00:00   2.5804e+00   2.5355e+02   1.2725e+01   7.9502e-01   1.6240e-01   2.4837e+02
20251218_12:00:00   2.6802e+00   2.5446e+02   1.2259e+01   8.5627e-01   1.0636e-01   2.4836e+02
20251218_15:00:00   8.1093e-01   1.5217e+02   1.0861e+01   1.0924e-01   5.9946e-02   2.5031e+02
20251218_18:00:00   4.3675e-01   9.8176e+01   8.9028e+00   9.3120e-04   2.8151e-03   2.5447e+02
20251218_21:00:00   3.6854e-01   8.6368e+01   7.5417e+00   0.0000e+00   0.0000e+00   2.5217e+02
20251219_00:00:00   3.7349e-01   8.7305e+01   7.5645e+00   2.6500e-03   0.0000e+00   2.5121e+02
20251219_03:00:00   5.5663e-01   1.1865e+02   7.8548e+00   7.0444e-02   0.0000e+00   2.5128e+02
20251219_06:00:00   3.2915e-01   7.9145e+01   6.7644e+00   2.9566e-03   0.0000e+00   2.4963e+02
20251219_09:00:00   2.9107e-01   7.1798e+01   6.0973e+00   0.0000e+00   0.0000e+00   2.4819e+02
20251219_12:00:00   2.8116e-01   6.9977e+01   5.8769e+00   0.0000e+00   0.0000e+00   2.4663e+02
20251219_15:00:00   2.7959e-01   6.9689e+01   5.8298e+00   0.0000e+00   0.0000e+00   2.4680e+02
20251219_18:00:00   2.8980e-01   7.1851e+01   5.9450e+00   0.0000e+00   0.0000e+00   2.4852e+02
20251219_21:00:00   3.4207e-01   8.1961e+01   6.8513e+00   3.6490e-04   0.0000e+00   2.4463e+02
20251220_00:00:00   5.7076e-01   1.2096e+02   7.9517e+00   7.1419e-02   1.2242e-03   2.4304e+02
20251220_03:00:00   4.4345e-01   9.9974e+01   8.5778e+00   1.0616e-02   2.0008e-03   2.4086e+02
20251220_06:00:00   3.8442e-01   8.9448e+01   7.9850e+00   2.6244e-03   8.1570e-03   2.4283e+02
20251220_09:00:00   3.7006e-01   8.6611e+01   7.9004e+00   0.0000e+00   3.3366e-03   2.4720e+02
20251220_12:00:00   3.5497e-01   8.3873e+01   7.6684e+00   0.0000e+00   1.9806e-04   2.5147e+02
20251220_15:00:00   4.1898e-01   9.5436e+01   8.4617e+00   6.9710e-03   3.1248e-02   2.5583e+02
20251220_18:00:00   3.9169e-01   9.0605e+01   8.2924e+00   0.0000e+00   1.8134e-03   2.5542e+02
20251220_21:00:00   4.8307e-01   1.0630e+02   9.2740e+00   1.4239e-02   5.1550e-02   2.5286e+02
20251221_00:00:00   5.7481e-01   1.2064e+02   1.0547e+01   2.3209e-02   6.6436e-02   2.5406e+02
20251221_03:00:00   4.4467e-01   1.0044e+02   8.8032e+00   3.7320e-06   1.5934e-02   2.5363e+02
20251221_06:00:00   4.8096e-01   1.0680e+02   8.5097e+00   1.7137e-02   1.2194e-02   2.5554e+02
