#            date       tau255        Tb[K]      pwv[mm] lwp[kg*m^-2] iwp[kg*m^-2]       o3[DU]
20251211_00:00:00   9.1563e-02   2.7611e+01   2.0645e+00   0.0000e+00   0.0000e+00   2.5875e+02
20251211_01:00:00   9.6789e-02   2.8899e+01   2.1975e+00   0.0000e+00   0.0000e+00   2.5724e+02
20251211_02:00:00   1.0343e-01   3.0385e+01   2.3807e+00   0.0000e+00   0.0000e+00   2.5796e+02
20251211_03:00:00   1.1016e-01   3.1904e+01   2.5548e+00   0.0000e+00   0.0000e+00   2.5914e+02
20251211_04:00:00   1.0392e-01   3.0479e+01   2.3986e+00   0.0000e+00   0.0000e+00   2.5854e+02
20251211_05:00:00   1.0411e-01   3.0465e+01   2.4146e+00   0.0000e+00   0.0000e+00   2.5831e+02
20251211_06:00:00   1.0963e-01   3.1701e+01   2.5589e+00   0.0000e+00   0.0000e+00   2.5899e+02
20251211_07:00:00   1.1066e-01   3.1991e+01   2.5795e+00   0.0000e+00   5.6161e-04   2.5984e+02
20251211_08:00:00   1.0587e-01   3.0983e+01   2.4401e+00   0.0000e+00   0.0000e+00   2.6215e+02
20251211_09:00:00   1.0251e-01   3.0198e+01   2.3544e+00   0.0000e+00   2.3284e-04   2.6228e+02
20251211_10:00:00   1.0455e-01   3.0635e+01   2.4177e+00   0.0000e+00   5.7579e-05   2.6258e+02
20251211_11:00:00   1.0331e-01   3.0379e+01   2.3814e+00   0.0000e+00   0.0000e+00   2.6314e+02
20251211_12:00:00   1.0371e-01   3.0483e+01   2.3945e+00   0.0000e+00   0.0000e+00   2.6129e+02
20251211_13:00:00   1.0635e-01   3.1089e+01   2.4663e+00   0.0000e+00   0.0000e+00   2.5924e+02
20251211_14:00:00   1.0965e-01   3.1853e+01   2.5571e+00   0.0000e+00   5.5936e-05   2.6021e+02
20251211_15:00:00   1.1351e-01   3.2800e+01   2.6465e+00   0.0000e+00   0.0000e+00   2.6114e+02
20251211_16:00:00   1.1622e-01   3.3480e+01   2.7077e+00   0.0000e+00   0.0000e+00   2.6133e+02
20251211_17:00:00   1.1526e-01   3.3301e+01   2.6753e+00   0.0000e+00   0.0000e+00   2.6075e+02
20251211_18:00:00   1.1679e-01   3.3656e+01   2.7139e+00   0.0000e+00   0.0000e+00   2.6003e+02
20251211_19:00:00   1.1982e-01   3.4308e+01   2.8017e+00   0.0000e+00   1.1784e-04   2.5903e+02
20251211_20:00:00   1.2087e-01   3.4532e+01   2.8379e+00   0.0000e+00   8.7143e-05   2.5671e+02
20251211_21:00:00   1.1831e-01   3.3970e+01   2.7674e+00   0.0000e+00   0.0000e+00   2.5493e+02
20251211_22:00:00   1.2091e-01   3.4536e+01   2.8482e+00   0.0000e+00   2.2937e-04   2.5359e+02
20251211_23:00:00   1.2190e-01   3.4771e+01   2.8729e+00   0.0000e+00   6.6441e-04   2.5309e+02
20251212_00:00:00   1.2172e-01   3.4748e+01   2.8547e+00   0.0000e+00   6.8705e-06   2.5265e+02
20251212_01:00:00   1.2484e-01   3.5561e+01   2.9202e+00   0.0000e+00   0.0000e+00   2.5370e+02
20251212_02:00:00   1.2392e-01   3.5382e+01   2.8981e+00   0.0000e+00   0.0000e+00   2.5444e+02
20251212_03:00:00   1.2444e-01   3.5569e+01   2.8870e+00   0.0000e+00   0.0000e+00   2.5467e+02
20251212_04:00:00   1.3173e-01   3.7361e+01   3.0388e+00   0.0000e+00   0.0000e+00   2.5566e+02
20251212_05:00:00   1.3985e-01   3.9275e+01   3.2171e+00   0.0000e+00   0.0000e+00   2.5685e+02
20251212_06:00:00   1.3748e-01   3.8795e+01   3.1460e+00   0.0000e+00   0.0000e+00   2.5766e+02
20251212_07:00:00   1.3942e-01   3.9264e+01   3.1855e+00   0.0000e+00   0.0000e+00   2.5817e+02
20251212_08:00:00   1.4696e-01   4.1001e+01   3.3690e+00   0.0000e+00   0.0000e+00   2.5972e+02
20251212_09:00:00   1.5556e-01   4.2967e+01   3.5675e+00   0.0000e+00   0.0000e+00   2.6058e+02
20251212_10:00:00   1.6294e-01   4.4650e+01   3.7364e+00   0.0000e+00   0.0000e+00   2.6010e+02
20251212_11:00:00   1.6674e-01   4.5507e+01   3.8178e+00   0.0000e+00   0.0000e+00   2.5890e+02
20251212_12:00:00   1.6449e-01   4.5007e+01   3.7576e+00   0.0000e+00   0.0000e+00   2.5748e+02
20251212_13:00:00   1.6625e-01   4.5409e+01   3.7886e+00   0.0000e+00   0.0000e+00   2.5614e+02
20251212_14:00:00   1.7499e-01   4.7390e+01   3.9812e+00   0.0000e+00   0.0000e+00   2.5657e+02
20251212_15:00:00   1.8236e-01   4.9038e+01   4.1432e+00   0.0000e+00   0.0000e+00   2.5659e+02
20251212_16:00:00   1.9153e-01   5.1029e+01   4.3546e+00   0.0000e+00   0.0000e+00   2.5643e+02
20251212_17:00:00   1.9345e-01   5.1493e+01   4.3850e+00   0.0000e+00   0.0000e+00   2.5766e+02
20251212_18:00:00   1.9353e-01   5.1585e+01   4.3620e+00   0.0000e+00   0.0000e+00   2.5719e+02
20251212_19:00:00   1.9754e-01   5.2526e+01   4.4461e+00   0.0000e+00   0.0000e+00   2.5603e+02
20251212_20:00:00   2.0311e-01   5.3808e+01   4.5571e+00   0.0000e+00   0.0000e+00   2.5453e+02
20251212_21:00:00   2.0594e-01   5.4473e+01   4.5989e+00   0.0000e+00   0.0000e+00   2.5335e+02
20251212_22:00:00   2.0403e-01   5.4084e+01   4.5346e+00   0.0000e+00   0.0000e+00   2.5134e+02
20251212_23:00:00   1.9459e-01   5.2093e+01   4.3242e+00   0.0000e+00   0.0000e+00   2.4879e+02
20251213_00:00:00   1.8109e-01   4.9155e+01   4.0188e+00   0.0000e+00   0.0000e+00   2.4810e+02
20251213_01:00:00   1.6879e-01   4.6421e+01   3.7328e+00   0.0000e+00   0.0000e+00   2.4727e+02
20251213_02:00:00   1.6016e-01   4.4473e+01   3.5403e+00   0.0000e+00   0.0000e+00   2.4679e+02
20251213_03:00:00   1.5295e-01   4.2812e+01   3.3808e+00   0.0000e+00   0.0000e+00   2.4589e+02
20251213_04:00:00   1.4528e-01   4.1019e+01   3.2087e+00   0.0000e+00   0.0000e+00   2.4660e+02
20251213_05:00:00   1.3934e-01   3.9610e+01   3.0795e+00   0.0000e+00   0.0000e+00   2.4786e+02
20251213_06:00:00   1.3443e-01   3.8453e+01   2.9690e+00   0.0000e+00   0.0000e+00   2.4858e+02
20251213_07:00:00   1.3080e-01   3.7590e+01   2.8856e+00   0.0000e+00   0.0000e+00   2.4909e+02
20251213_08:00:00   1.2612e-01   3.6474e+01   2.7756e+00   0.0000e+00   0.0000e+00   2.4925e+02
20251213_09:00:00   1.2448e-01   3.6061e+01   2.7360e+00   0.0000e+00   0.0000e+00   2.4865e+02
20251213_10:00:00   1.2456e-01   3.6056e+01   2.7436e+00   0.0000e+00   0.0000e+00   2.4859e+02
20251213_11:00:00   1.2305e-01   3.5648e+01   2.7218e+00   0.0000e+00   0.0000e+00   2.4912e+02
20251213_12:00:00   1.1949e-01   3.4770e+01   2.6520e+00   0.0000e+00   0.0000e+00   2.4873e+02
20251213_13:00:00   1.1441e-01   3.3532e+01   2.5413e+00   0.0000e+00   0.0000e+00   2.4764e+02
20251213_14:00:00   1.0915e-01   3.2242e+01   2.4275e+00   0.0000e+00   0.0000e+00   2.4710e+02
20251213_15:00:00   1.0555e-01   3.1345e+01   2.3495e+00   0.0000e+00   0.0000e+00   2.4690e+02
20251213_16:00:00   1.0336e-01   3.0816e+01   2.2957e+00   0.0000e+00   0.0000e+00   2.4744e+02
20251213_17:00:00   1.0157e-01   3.0368e+01   2.2561e+00   0.0000e+00   0.0000e+00   2.4814e+02
20251213_18:00:00   1.0092e-01   3.0173e+01   2.2549e+00   0.0000e+00   0.0000e+00   2.4942e+02
20251213_19:00:00   9.8181e-02   2.9504e+01   2.1906e+00   0.0000e+00   0.0000e+00   2.5065e+02
20251213_20:00:00   9.4838e-02   2.8711e+01   2.1042e+00   0.0000e+00   0.0000e+00   2.5043e+02
20251213_21:00:00   9.3364e-02   2.8352e+01   2.0688e+00   0.0000e+00   0.0000e+00   2.4996e+02
20251213_22:00:00   9.2306e-02   2.8072e+01   2.0493e+00   0.0000e+00   0.0000e+00   2.4904e+02
20251213_23:00:00   9.4334e-02   2.8535e+01   2.1011e+00   0.0000e+00   0.0000e+00   2.4858e+02
20251214_00:00:00   9.4162e-02   2.8546e+01   2.0787e+00   0.0000e+00   0.0000e+00   2.4908e+02
20251214_01:00:00   1.0197e-01   3.0444e+01   2.2626e+00   2.4610e-07   0.0000e+00   2.4856e+02
20251214_02:00:00   1.1246e-01   3.2794e+01   2.5630e+00   0.0000e+00   1.9976e-05   2.4768e+02
20251214_03:00:00   1.2008e-01   3.4470e+01   2.7771e+00   6.7230e-08   4.8232e-05   2.4744e+02
20251214_04:00:00   1.1893e-01   3.4217e+01   2.7347e+00   0.0000e+00   2.1000e-06   2.4752e+02
20251214_05:00:00   1.1953e-01   3.4344e+01   2.7420e+00   0.0000e+00   1.0856e-03   2.4811e+02
20251214_06:00:00   1.1453e-01   3.3223e+01   2.6061e+00   0.0000e+00   2.0620e-05   2.4887e+02
20251214_07:00:00   1.0640e-01   3.1399e+01   2.3856e+00   0.0000e+00   0.0000e+00   2.4990e+02
20251214_08:00:00   1.0643e-01   3.1341e+01   2.3993e+00   0.0000e+00   0.0000e+00   2.4881e+02
20251214_09:00:00   1.0361e-01   3.0679e+01   2.3244e+00   0.0000e+00   0.0000e+00   2.4854e+02
20251214_10:00:00   1.0624e-01   3.1343e+01   2.3756e+00   0.0000e+00   0.0000e+00   2.4778e+02
20251214_11:00:00   1.1077e-01   3.2429e+01   2.4768e+00   0.0000e+00   0.0000e+00   2.4760e+02
20251214_12:00:00   1.1548e-01   3.3531e+01   2.5959e+00   0.0000e+00   0.0000e+00   2.4708e+02
20251214_13:00:00   1.1951e-01   3.4475e+01   2.6910e+00   0.0000e+00   0.0000e+00   2.4689e+02
20251214_14:00:00   1.3075e-01   3.7080e+01   2.9642e+00   0.0000e+00   0.0000e+00   2.4568e+02
20251214_15:00:00   1.4921e-01   4.1278e+01   3.4137e+00   0.0000e+00   1.3820e-05   2.4470e+02
20251214_16:00:00   1.7816e-01   4.7639e+01   4.1204e+00   0.0000e+00   2.0740e-05   2.4375e+02
20251214_17:00:00   2.0539e-01   5.3573e+01   4.7289e+00   0.0000e+00   4.1040e-06   2.4368e+02
20251214_18:00:00   2.2691e-01   5.8248e+01   5.1751e+00   0.0000e+00   0.0000e+00   2.4324e+02
20251214_19:00:00   2.4611e-01   6.2342e+01   5.5612e+00   0.0000e+00   0.0000e+00   2.4352e+02
20251214_20:00:00   2.6884e-01   6.7057e+01   6.0107e+00   0.0000e+00   0.0000e+00   2.4314e+02
20251214_21:00:00   2.7775e-01   6.8979e+01   6.1119e+00   0.0000e+00   0.0000e+00   2.4255e+02
20251214_22:00:00   2.8708e-01   7.0945e+01   6.2329e+00   0.0000e+00   0.0000e+00   2.4148e+02
20251214_23:00:00   2.9155e-01   7.1899e+01   6.2909e+00   0.0000e+00   0.0000e+00   2.3838e+02
20251215_00:00:00   2.9861e-01   7.3360e+01   6.3858e+00   3.1529e-05   0.0000e+00   2.3647e+02
20251215_01:00:00   3.2316e-01   7.8221e+01   6.6090e+00   5.2150e-03   0.0000e+00   2.3563e+02
20251215_02:00:00   3.2951e-01   7.9325e+01   7.0301e+00   8.1190e-05   0.0000e+00   2.3556e+02
20251215_03:00:00   3.6305e-01   8.5692e+01   7.3389e+00   7.9820e-03   4.2860e-04   2.3600e+02
20251215_04:00:00   3.7893e-01   8.8500e+01   7.7329e+00   7.4410e-03   1.7298e-03   2.3673e+02
20251215_05:00:00   3.5671e-01   8.4230e+01   7.7093e+00   0.0000e+00   1.9355e-03   2.3701e+02
20251215_06:00:00   3.5595e-01   8.3952e+01   7.7787e+00   0.0000e+00   3.3629e-03   2.3794e+02
20251215_07:00:00   3.5732e-01   8.4126e+01   7.8602e+00   0.0000e+00   2.6503e-03   2.3903e+02
20251215_08:00:00   3.6244e-01   8.4936e+01   8.0311e+00   0.0000e+00   1.4594e-02   2.4028e+02
20251215_09:00:00   3.6862e-01   8.6038e+01   8.1970e+00   0.0000e+00   6.3609e-03   2.4148e+02
20251215_10:00:00   3.8537e-01   8.9069e+01   8.5193e+00   0.0000e+00   3.4597e-03   2.4252e+02
20251215_11:00:00   3.9332e-01   9.0456e+01   8.7097e+00   0.0000e+00   1.6628e-03   2.4298e+02
20251215_12:00:00   3.9912e-01   9.1418e+01   8.8591e+00   0.0000e+00   7.5163e-03   2.4241e+02
20251215_13:00:00   4.0311e-01   9.2120e+01   8.9367e+00   0.0000e+00   2.7134e-03   2.4191e+02
20251215_14:00:00   3.9809e-01   9.1325e+01   8.8261e+00   0.0000e+00   7.8040e-05   2.4145e+02
20251215_15:00:00   4.0059e-01   9.1752e+01   8.8917e+00   0.0000e+00   9.5700e-03   2.4120e+02
20251215_16:00:00   4.0967e-01   9.3232e+01   9.0717e+00   0.0000e+00   4.6996e-02   2.4131e+02
20251215_17:00:00   4.0985e-01   9.3271e+01   9.0261e+00   0.0000e+00   9.8937e-02   2.4080e+02
20251215_18:00:00   4.0594e-01   9.2584e+01   8.9993e+00   0.0000e+00   1.3540e-02   2.3907e+02
20251215_19:00:00   4.1177e-01   9.3549e+01   9.1566e+00   0.0000e+00   6.3932e-03   2.3750e+02
20251215_20:00:00   4.1468e-01   9.4067e+01   9.1808e+00   0.0000e+00   1.2530e-02   2.3577e+02
20251215_21:00:00   4.0219e-01   9.1880e+01   8.9804e+00   1.9760e-06   5.6890e-03   2.3499e+02
20251215_22:00:00   4.0717e-01   9.2602e+01   9.0890e+00   3.5760e-05   8.2108e-02   2.3489e+02
20251215_23:00:00   4.1332e-01   9.3843e+01   9.1425e+00   3.9870e-05   3.0672e-02   2.3524e+02
20251216_00:00:00   4.0763e-01   9.3058e+01   8.9925e+00   6.6730e-05   1.6246e-03   2.3640e+02
20251216_03:00:00   3.9224e-01   8.9846e+01   8.7378e+00   1.4540e-04   1.5261e-01   2.3681e+02
20251216_06:00:00   3.6524e-01   8.4844e+01   7.7840e+00   9.4540e-03   1.8978e-01   2.3884e+02
20251216_09:00:00   3.1271e-01   7.4812e+01   7.1017e+00   3.0343e-03   1.8367e-02   2.3763e+02
20251216_12:00:00   2.8315e-01   6.8899e+01   6.6143e+00   0.0000e+00   3.2644e-02   2.3732e+02
20251216_15:00:00   3.6837e-01   8.5041e+01   8.1517e+00   0.0000e+00   4.0000e-01   2.3851e+02
20251216_18:00:00   4.3616e-01   9.7456e+01   9.3681e+00   0.0000e+00   1.1287e-01   2.4100e+02
20251216_21:00:00   4.8258e-01   1.0570e+02   1.0280e+01   0.0000e+00   1.8394e-02   2.4154e+02
20251217_00:00:00   4.9218e-01   1.0713e+02   1.0567e+01   0.0000e+00   1.3802e-01   2.3976e+02
20251217_03:00:00   3.8859e-01   8.9171e+01   8.5686e+00   0.0000e+00   2.6286e-01   2.3754e+02
20251217_06:00:00   3.9481e-01   9.0783e+01   8.5639e+00   0.0000e+00   3.1968e-02   2.3847e+02
20251217_09:00:00   3.5076e-01   8.2955e+01   7.6084e+00   0.0000e+00   6.2212e-03   2.4133e+02
20251217_12:00:00   3.1830e-01   7.6870e+01   6.8969e+00   0.0000e+00   1.6732e-02   2.4169e+02
20251217_15:00:00   3.0840e-01   7.5079e+01   6.6575e+00   0.0000e+00   7.9432e-04   2.4586e+02
20251217_18:00:00   3.2115e-01   7.7376e+01   7.0293e+00   0.0000e+00   8.9880e-04   2.4813e+02
20251217_21:00:00   3.2712e-01   7.8534e+01   7.1838e+00   0.0000e+00   2.5720e-03   2.4778e+02
20251218_00:00:00   3.3291e-01   7.9883e+01   7.1855e+00   3.8573e-04   1.6891e-04   2.4658e+02
20251218_03:00:00   3.2524e-01   7.8502e+01   7.0516e+00   9.7770e-04   3.3959e-04   2.4541e+02
20251218_06:00:00   3.0092e-01   7.3717e+01   6.6384e+00   1.0250e-06   5.2000e-05   2.4390e+02
20251218_09:00:00   2.9272e-01   7.2050e+01   6.4944e+00   0.0000e+00   2.2580e-05   2.4352e+02
20251218_12:00:00   2.8968e-01   7.1412e+01   6.4003e+00   0.0000e+00   2.6019e-05   2.4343e+02
20251218_15:00:00   2.7132e-01   6.7717e+01   6.0415e+00   0.0000e+00   0.0000e+00   2.4462e+02
20251218_18:00:00   2.6097e-01   6.5660e+01   5.8402e+00   0.0000e+00   0.0000e+00   2.4508e+02
20251218_21:00:00   2.5770e-01   6.5071e+01   5.7549e+00   1.5100e-06   0.0000e+00   2.4764e+02
20251219_00:00:00   2.7005e-01   6.7701e+01   5.9482e+00   4.0230e-04   0.0000e+00   2.4538e+02
20251219_03:00:00   2.8496e-01   7.0927e+01   6.1392e+00   1.4614e-03   0.0000e+00   2.4458e+02
20251219_06:00:00   2.4329e-01   6.2457e+01   5.3238e+00   0.0000e+00   0.0000e+00   2.4455e+02
20251219_09:00:00   2.2533e-01   5.8682e+01   4.8869e+00   0.0000e+00   0.0000e+00   2.4861e+02
20251219_12:00:00   2.0832e-01   5.4862e+01   4.6179e+00   0.0000e+00   0.0000e+00   2.4918e+02
20251219_15:00:00   2.1227e-01   5.5440e+01   4.8126e+00   0.0000e+00   8.3336e-05   2.4767e+02
20251219_18:00:00   1.9225e-01   5.1198e+01   4.3573e+00   0.0000e+00   0.0000e+00   2.4716e+02
20251219_21:00:00   1.8499e-01   4.9663e+01   4.1999e+00   0.0000e+00   0.0000e+00   2.4876e+02
20251220_00:00:00   1.7666e-01   4.7734e+01   4.0598e+00   3.3540e-05   0.0000e+00   2.4924e+02
20251220_03:00:00   1.8661e-01   4.9870e+01   4.3242e+00   0.0000e+00   4.6580e-06   2.4848e+02
20251220_06:00:00   1.9446e-01   5.1690e+01   4.4821e+00   9.4250e-07   1.4486e-04   2.4958e+02
20251220_09:00:00   1.8556e-01   4.9887e+01   4.2261e+00   0.0000e+00   0.0000e+00   2.5143e+02
20251220_12:00:00   1.9040e-01   5.0888e+01   4.3224e+00   0.0000e+00   6.4400e-06   2.4896e+02
20251220_15:00:00   1.8752e-01   5.0331e+01   4.2256e+00   0.0000e+00   3.4578e-04   2.4951e+02
20251220_18:00:00   1.8829e-01   5.0508e+01   4.2302e+00   0.0000e+00   0.0000e+00   2.5047e+02
20251220_21:00:00   1.7940e-01   4.8528e+01   4.0656e+00   0.0000e+00   0.0000e+00   2.5099e+02
20251221_00:00:00   1.8005e-01   4.8614e+01   4.0863e+00   3.3160e-04   0.0000e+00   2.4879e+02
20251221_03:00:00   1.6937e-01   4.6266e+01   3.8670e+00   1.1430e-04   0.0000e+00   2.4803e+02
20251221_06:00:00   1.5577e-01   4.3243e+01   3.5432e+00   0.0000e+00   0.0000e+00   2.4693e+02
20251221_09:00:00   1.4085e-01   3.9772e+01   3.2145e+00   0.0000e+00   0.0000e+00   2.4821e+02
20251221_12:00:00   1.3445e-01   3.8224e+01   3.0674e+00   0.0000e+00   0.0000e+00   2.4729e+02
20251221_15:00:00   1.2367e-01   3.5739e+01   2.7777e+00   0.0000e+00   0.0000e+00   2.4731e+02
20251221_18:00:00   1.1676e-01   3.4081e+01   2.6265e+00   0.0000e+00   0.0000e+00   2.4764e+02
20251221_21:00:00   1.0567e-01   3.1456e+01   2.3718e+00   0.0000e+00   0.0000e+00   2.4706e+02
20251222_00:00:00   9.6802e-02   2.9283e+01   2.1613e+00   0.0000e+00   0.0000e+00   2.4487e+02
20251222_03:00:00   8.9610e-02   2.7537e+01   1.9893e+00   0.0000e+00   0.0000e+00   2.4570e+02
20251222_06:00:00   8.5804e-02   2.6590e+01   1.8967e+00   0.0000e+00   0.0000e+00   2.4709e+02
20251222_09:00:00   8.3226e-02   2.5885e+01   1.8368e+00   0.0000e+00   0.0000e+00   2.4860e+02
20251222_12:00:00   8.2153e-02   2.5540e+01   1.8210e+00   0.0000e+00   1.6942e-05   2.4742e+02
20251222_15:00:00   8.2744e-02   2.5655e+01   1.8371e+00   0.0000e+00   0.0000e+00   2.4673e+02
20251222_18:00:00   8.4641e-02   2.6170e+01   1.8771e+00   0.0000e+00   0.0000e+00   2.4814e+02
20251222_21:00:00   8.2500e-02   2.5731e+01   1.8200e+00   0.0000e+00   0.0000e+00   2.4855e+02
20251223_00:00:00   8.7942e-02   2.7135e+01   1.9388e+00   2.6360e-07   0.0000e+00   2.4666e+02
20251223_03:00:00   9.8981e-02   2.9801e+01   2.1824e+00   3.8930e-04   3.7440e-04   2.4752e+02
20251223_06:00:00   9.7530e-02   2.9409e+01   2.1794e+00   0.0000e+00   8.4520e-04   2.4616e+02
20251223_09:00:00   9.5515e-02   2.9007e+01   2.1095e+00   0.0000e+00   0.0000e+00   2.4779e+02
20251223_12:00:00   9.3676e-02   2.8575e+01   2.0588e+00   0.0000e+00   0.0000e+00   2.4881e+02
20251223_15:00:00   9.5538e-02   2.9023e+01   2.0988e+00   0.0000e+00   0.0000e+00   2.4723e+02
20251223_18:00:00   9.4693e-02   2.8839e+01   2.0743e+00   0.0000e+00   1.0366e-05   2.4753e+02
20251223_21:00:00   1.0033e-01   3.0223e+01   2.2064e+00   0.0000e+00   0.0000e+00   2.4602e+02
20251224_00:00:00   1.2936e-01   3.7256e+01   2.8461e+00   1.8530e-06   1.0082e-03   2.4565e+02
20251224_03:00:00   1.4187e-01   4.0181e+01   3.1217e+00   0.0000e+00   6.1840e-03   2.4576e+02
20251224_06:00:00   1.5905e-01   4.4042e+01   3.4949e+00   8.5500e-05   8.7784e-03   2.4590e+02
20251224_09:00:00   1.4582e-01   4.0996e+01   3.1913e+00   1.3910e-05   7.7900e-04   2.4631e+02
20251224_12:00:00   1.6637e-01   4.5520e+01   3.6000e+00   0.0000e+00   1.8638e-03   2.4593e+02
20251224_15:00:00   1.7194e-01   4.6835e+01   3.6947e+00   0.0000e+00   5.3421e-03   2.4721e+02
20251224_18:00:00   1.4350e-01   4.0140e+01   3.1976e+00   0.0000e+00   2.4417e-03   2.4715e+02
20251224_21:00:00   1.1237e-01   3.2926e+01   2.4439e+00   0.0000e+00   6.8168e-03   2.4883e+02
20251225_00:00:00   2.0055e-01   5.2955e+01   4.4055e+00   2.1790e-05   0.0000e+00   2.4830e+02
20251225_03:00:00   2.7447e-01   6.9316e+01   4.2751e+00   2.7879e-02   0.0000e+00   2.4861e+02
20251225_06:00:00   1.9523e-01   5.2223e+01   4.1458e+00   1.6410e-06   5.5000e-05   2.5821e+02
20251225_09:00:00   1.8326e-01   4.9288e+01   3.9811e+00   0.0000e+00   0.0000e+00   2.5507e+02
20251225_12:00:00   1.6669e-01   4.5605e+01   3.5854e+00   0.0000e+00   0.0000e+00   2.5477e+02
20251225_15:00:00   1.5442e-01   4.2792e+01   3.3441e+00   0.0000e+00   1.7882e-04   2.5366e+02
20251225_18:00:00   1.4635e-01   4.0876e+01   3.1769e+00   0.0000e+00   7.5523e-03   2.5307e+02
20251225_21:00:00   1.2744e-01   3.6482e+01   2.7757e+00   0.0000e+00   0.0000e+00   2.4768e+02
20251226_00:00:00   1.3159e-01   3.7175e+01   2.9569e+00   3.6240e-06   1.3559e-02   2.4551e+02
20251226_03:00:00   1.4445e-01   3.9990e+01   3.2572e+00   1.1589e-03   3.7479e-03   2.4557e+02
20251226_06:00:00   1.5087e-01   4.1412e+01   3.4667e+00   0.0000e+00   5.4416e-03   2.4606e+02
20251226_09:00:00   1.7194e-01   4.6014e+01   3.9393e+00   0.0000e+00   8.2817e-03   2.4653e+02
20251226_12:00:00   1.7732e-01   4.7110e+01   4.0554e+00   0.0000e+00   6.5890e-03   2.4612e+02
20251226_15:00:00   1.7241e-01   4.6111e+01   3.8670e+00   0.0000e+00   2.6346e-02   2.4938e+02
20251226_18:00:00   1.6886e-01   4.5404e+01   3.7474e+00   0.0000e+00   1.3159e-02   2.5411e+02
20251226_21:00:00   1.6152e-01   4.4162e+01   3.4992e+00   0.0000e+00   2.5400e-03   2.5508e+02
20251227_00:00:00   4.3086e-01   9.8742e+01   4.7652e+00   8.0601e-02   4.3100e-05   2.5102e+02
