#            date       tau255        Tb[K]      pwv[mm] lwp[kg*m^-2] iwp[kg*m^-2]       o3[DU]
20251205_12:00:00   1.3805e-01   3.9022e+01   2.9412e+00   1.8420e-05   0.0000e+00   2.5996e+02
20251205_13:00:00   1.2182e-01   3.5229e+01   2.5893e+00   0.0000e+00   0.0000e+00   2.5983e+02
20251205_14:00:00   1.1603e-01   3.3877e+01   2.4449e+00   0.0000e+00   0.0000e+00   2.6028e+02
20251205_15:00:00   1.1158e-01   3.2826e+01   2.3360e+00   0.0000e+00   0.0000e+00   2.6020e+02
20251205_16:00:00   1.0807e-01   3.2001e+01   2.2624e+00   0.0000e+00   0.0000e+00   2.6023e+02
20251205_17:00:00   1.0920e-01   3.2309e+01   2.2745e+00   0.0000e+00   0.0000e+00   2.5994e+02
20251205_18:00:00   1.0885e-01   3.2241e+01   2.2641e+00   0.0000e+00   0.0000e+00   2.6164e+02
20251205_19:00:00   1.1048e-01   3.2647e+01   2.2898e+00   0.0000e+00   0.0000e+00   2.6235e+02
20251205_20:00:00   1.1463e-01   3.3653e+01   2.3700e+00   9.7610e-08   0.0000e+00   2.6231e+02
20251205_21:00:00   1.2100e-01   3.5189e+01   2.4880e+00   1.0580e-06   3.4560e-06   2.6173e+02
20251205_22:00:00   1.2463e-01   3.6088e+01   2.5488e+00   2.4520e-06   1.4922e-06   2.6172e+02
20251205_23:00:00   1.3724e-01   3.9102e+01   2.6896e+00   1.9107e-03   0.0000e+00   2.6019e+02
20251206_00:00:00   1.5157e-01   4.2439e+01   2.8870e+00   3.4431e-03   0.0000e+00   2.5959e+02
20251206_01:00:00   1.5376e-01   4.2917e+01   2.9939e+00   1.8832e-03   6.6580e-06   2.5860e+02
20251206_02:00:00   3.8682e-01   9.1407e+01   3.1191e+00   9.2600e-02   1.2476e-03   2.5800e+02
20251206_03:00:00   4.8371e-01   1.0832e+02   3.1671e+00   1.3052e-01   2.3282e-04   2.5772e+02
20251206_04:00:00   1.9524e-01   5.2354e+01   2.9290e+00   1.9143e-02   1.7994e-03   2.5794e+02
20251206_05:00:00   1.5087e-01   4.2186e+01   2.8795e+00   2.3248e-03   1.7037e-03   2.5859e+02
20251206_06:00:00   1.5389e-01   4.2903e+01   2.8149e+00   5.2125e-03   4.0258e-04   2.5858e+02
20251206_07:00:00   1.4900e-01   4.1763e+01   2.7199e+00   5.7035e-03   9.1740e-05   2.5935e+02
20251206_08:00:00   1.4976e-01   4.1934e+01   2.6126e+00   8.7630e-03   2.9263e-04   2.6064e+02
20251206_09:00:00   1.8223e-01   4.9341e+01   2.7629e+00   1.8829e-02   4.2840e-06   2.6194e+02
20251206_10:00:00   1.5181e-01   4.2343e+01   2.5916e+00   1.0370e-02   0.0000e+00   2.6122e+02
20251206_11:00:00   1.5695e-01   4.3549e+01   2.4785e+00   1.4874e-02   0.0000e+00   2.6053e+02
20251206_12:00:00   1.1104e-01   3.2604e+01   2.2689e+00   9.4310e-04   0.0000e+00   2.6139e+02
20251206_13:00:00   1.0223e-01   3.0454e+01   2.1427e+00   0.0000e+00   0.0000e+00   2.6109e+02
20251206_14:00:00   9.6592e-02   2.9070e+01   2.0328e+00   0.0000e+00   0.0000e+00   2.5995e+02
20251206_15:00:00   9.0993e-02   2.7703e+01   1.9102e+00   0.0000e+00   0.0000e+00   2.6107e+02
20251206_16:00:00   8.4230e-02   2.6015e+01   1.7692e+00   0.0000e+00   1.6772e-05   2.6068e+02
20251206_17:00:00   7.7061e-02   2.4208e+01   1.6183e+00   0.0000e+00   0.0000e+00   2.6099e+02
20251206_18:00:00   7.4235e-02   2.3467e+01   1.5636e+00   0.0000e+00   1.4380e-06   2.6148e+02
20251206_19:00:00   7.5229e-02   2.3682e+01   1.5945e+00   0.0000e+00   4.4140e-05   2.6304e+02
20251206_20:00:00   7.4128e-02   2.3366e+01   1.5849e+00   0.0000e+00   7.7940e-05   2.6332e+02
20251206_21:00:00   7.2258e-02   2.2845e+01   1.5561e+00   0.0000e+00   2.1420e-05   2.6155e+02
20251206_22:00:00   8.6510e-02   2.6399e+01   1.8762e+00   5.1080e-07   1.3318e-05   2.6134e+02
20251206_23:00:00   9.7171e-02   2.9089e+01   2.0757e+00   1.8480e-04   0.0000e+00   2.6116e+02
20251207_00:00:00   9.3154e-02   2.8122e+01   1.9861e+00   3.3950e-04   1.3318e-05   2.6185e+02
20251207_01:00:00   9.9819e-02   2.9786e+01   2.1178e+00   3.2130e-04   1.5472e-03   2.6083e+02
20251207_02:00:00   1.1031e-01   3.2308e+01   2.2525e+00   2.2475e-03   2.5224e-03   2.6052e+02
20251207_03:00:00   8.8658e-02   2.6913e+01   1.9211e+00   5.0490e-04   1.2134e-03   2.5863e+02
20251207_04:00:00   9.4978e-02   2.8533e+01   2.0693e+00   8.2199e-05   4.0554e-04   2.5790e+02
20251207_05:00:00   9.1391e-02   2.7598e+01   1.9089e+00   1.9750e-03   3.9260e-05   2.5771e+02
20251207_06:00:00   8.7021e-02   2.6484e+01   1.9241e+00   0.0000e+00   4.5737e-05   2.5668e+02
20251207_07:00:00   8.4545e-02   2.5840e+01   1.8728e+00   0.0000e+00   4.5556e-05   2.5646e+02
20251207_08:00:00   8.0363e-02   2.4717e+01   1.7945e+00   0.0000e+00   2.6485e-04   2.5667e+02
20251207_09:00:00   8.1903e-02   2.5025e+01   1.8464e+00   0.0000e+00   2.3125e-03   2.5658e+02
20251207_10:00:00   8.3123e-02   2.5294e+01   1.8786e+00   0.0000e+00   6.7539e-03   2.5700e+02
20251207_11:00:00   8.6931e-02   2.6225e+01   1.9715e+00   0.0000e+00   6.8004e-03   2.5683e+02
20251207_12:00:00   9.2932e-02   2.7691e+01   2.1147e+00   1.7610e-06   3.3016e-03   2.5630e+02
20251207_13:00:00   1.0198e-01   2.9851e+01   2.3353e+00   3.5720e-06   1.4752e-03   2.5520e+02
20251207_14:00:00   1.0819e-01   3.1330e+01   2.4733e+00   0.0000e+00   3.3425e-03   2.5420e+02
20251207_15:00:00   1.1608e-01   3.3171e+01   2.6592e+00   0.0000e+00   4.8453e-03   2.5604e+02
20251207_16:00:00   1.2135e-01   3.4415e+01   2.7733e+00   0.0000e+00   5.9496e-03   2.5667e+02
20251207_17:00:00   1.2431e-01   3.5122e+01   2.8420e+00   0.0000e+00   4.5672e-03   2.5757e+02
20251207_18:00:00   1.1645e-01   3.3324e+01   2.6483e+00   0.0000e+00   2.3704e-03   2.5647e+02
20251207_19:00:00   1.1899e-01   3.3860e+01   2.7186e+00   0.0000e+00   4.6488e-03   2.5673e+02
20251207_20:00:00   1.1867e-01   3.3783e+01   2.7074e+00   0.0000e+00   6.1460e-03   2.5623e+02
20251207_21:00:00   1.1849e-01   3.3758e+01   2.6885e+00   0.0000e+00   5.8474e-03   2.5840e+02
20251207_22:00:00   1.2046e-01   3.4207e+01   2.7331e+00   0.0000e+00   5.9336e-03   2.5822e+02
20251207_23:00:00   1.4237e-01   3.9433e+01   3.1195e+00   8.1190e-04   4.4812e-03   2.5792e+02
20251208_00:00:00   1.3818e-01   3.8469e+01   3.0615e+00   4.0250e-04   7.2214e-04   2.5700e+02
20251208_01:00:00   1.2538e-01   3.5462e+01   2.8127e+00   2.0240e-04   2.1000e-06   2.5775e+02
20251208_02:00:00   1.1966e-01   3.4167e+01   2.6690e+00   1.2760e-04   3.6420e-05   2.5629e+02
20251208_03:00:00   1.2244e-01   3.4813e+01   2.7044e+00   5.3610e-04   1.3292e-05   2.5669e+02
20251208_04:00:00   1.2167e-01   3.4699e+01   2.6959e+00   1.3610e-05   0.0000e+00   2.6102e+02
20251208_05:00:00   1.1797e-01   3.3894e+01   2.5964e+00   0.0000e+00   0.0000e+00   2.5899e+02
20251208_06:00:00   1.1672e-01   3.3624e+01   2.5595e+00   0.0000e+00   0.0000e+00   2.5732e+02
20251208_07:00:00   1.1103e-01   3.2356e+01   2.4159e+00   0.0000e+00   0.0000e+00   2.5760e+02
20251208_08:00:00   9.9393e-02   2.9627e+01   2.1296e+00   0.0000e+00   0.0000e+00   2.5711e+02
20251208_09:00:00   8.7742e-02   2.6846e+01   1.8540e+00   0.0000e+00   0.0000e+00   2.5566e+02
20251208_10:00:00   8.0448e-02   2.5083e+01   1.6764e+00   0.0000e+00   0.0000e+00   2.5635e+02
20251208_11:00:00   7.6526e-02   2.4129e+01   1.5784e+00   0.0000e+00   0.0000e+00   2.5625e+02
20251208_12:00:00   7.4540e-02   2.3631e+01   1.5325e+00   0.0000e+00   0.0000e+00   2.5492e+02
20251208_13:00:00   7.2560e-02   2.3138e+01   1.4809e+00   0.0000e+00   0.0000e+00   2.5496e+02
20251208_14:00:00   7.2084e-02   2.2984e+01   1.4759e+00   0.0000e+00   0.0000e+00   2.5547e+02
20251208_15:00:00   7.0737e-02   2.2652e+01   1.4455e+00   0.0000e+00   0.0000e+00   2.5601e+02
20251208_16:00:00   7.0242e-02   2.2533e+01   1.4317e+00   0.0000e+00   0.0000e+00   2.5630e+02
20251208_17:00:00   6.9333e-02   2.2329e+01   1.4055e+00   0.0000e+00   0.0000e+00   2.5633e+02
20251208_18:00:00   6.7832e-02   2.1994e+01   1.3600e+00   0.0000e+00   0.0000e+00   2.5757e+02
20251208_19:00:00   6.7759e-02   2.1996e+01   1.3550e+00   0.0000e+00   0.0000e+00   2.5848e+02
20251208_20:00:00   6.6548e-02   2.1720e+01   1.3203e+00   0.0000e+00   0.0000e+00   2.6091e+02
20251208_21:00:00   6.6558e-02   2.1761e+01   1.3066e+00   7.9290e-06   0.0000e+00   2.6107e+02
20251208_22:00:00   6.9487e-02   2.2500e+01   1.3755e+00   4.2190e-05   0.0000e+00   2.5890e+02
20251208_23:00:00   8.5733e-02   2.6656e+01   1.5087e+00   4.0480e-03   0.0000e+00   2.5653e+02
20251209_00:00:00   7.5272e-02   2.3980e+01   1.5093e+00   4.6630e-05   0.0000e+00   2.5636e+02
20251209_01:00:00   7.5556e-02   2.4078e+01   1.5113e+00   5.2170e-06   0.0000e+00   2.5552e+02
20251209_02:00:00   7.3639e-02   2.3622e+01   1.4686e+00   4.3360e-06   0.0000e+00   2.5562e+02
20251209_03:00:00   7.4215e-02   2.3794e+01   1.4640e+00   2.3270e-04   0.0000e+00   2.5465e+02
20251209_04:00:00   6.9923e-02   2.2706e+01   1.3767e+00   0.0000e+00   0.0000e+00   2.5558e+02
20251209_05:00:00   6.8485e-02   2.2316e+01   1.3468e+00   0.0000e+00   0.0000e+00   2.5481e+02
20251209_06:00:00   7.1447e-02   2.3036e+01   1.4214e+00   0.0000e+00   0.0000e+00   2.5421e+02
20251209_07:00:00   7.3244e-02   2.3452e+01   1.4736e+00   0.0000e+00   0.0000e+00   2.5507e+02
20251209_08:00:00   7.6212e-02   2.4135e+01   1.5630e+00   0.0000e+00   0.0000e+00   2.5512e+02
20251209_09:00:00   7.4459e-02   2.3679e+01   1.5325e+00   0.0000e+00   0.0000e+00   2.5505e+02
20251209_10:00:00   7.3725e-02   2.3504e+01   1.5178e+00   0.0000e+00   0.0000e+00   2.5340e+02
20251209_11:00:00   7.4414e-02   2.3679e+01   1.5380e+00   0.0000e+00   0.0000e+00   2.5203e+02
20251209_12:00:00   7.3281e-02   2.3430e+01   1.5027e+00   0.0000e+00   0.0000e+00   2.5201e+02
20251209_13:00:00   7.2537e-02   2.3259e+01   1.4836e+00   0.0000e+00   0.0000e+00   2.5250e+02
20251209_14:00:00   7.1607e-02   2.3035e+01   1.4609e+00   0.0000e+00   0.0000e+00   2.5305e+02
20251209_15:00:00   6.9742e-02   2.2579e+01   1.4147e+00   0.0000e+00   0.0000e+00   2.5317e+02
20251209_16:00:00   6.8804e-02   2.2365e+01   1.3924e+00   0.0000e+00   0.0000e+00   2.5356e+02
20251209_17:00:00   6.8817e-02   2.2384e+01   1.3908e+00   0.0000e+00   0.0000e+00   2.5364e+02
20251209_18:00:00   6.9733e-02   2.2600e+01   1.4180e+00   0.0000e+00   0.0000e+00   2.5443e+02
20251209_19:00:00   6.9950e-02   2.2670e+01   1.4188e+00   0.0000e+00   0.0000e+00   2.5434e+02
20251209_20:00:00   6.9882e-02   2.2652e+01   1.4190e+00   0.0000e+00   1.8400e-04   2.5542e+02
20251209_21:00:00   7.3607e-02   2.3593e+01   1.5036e+00   0.0000e+00   6.1040e-04   2.5517e+02
20251209_22:00:00   7.5306e-02   2.4048e+01   1.5323e+00   1.3230e-05   1.5616e-04   2.5389e+02
20251209_23:00:00   9.8392e-02   2.9861e+01   1.7414e+00   5.1520e-03   2.5603e-04   2.5394e+02
20251210_00:00:00   9.3675e-02   2.8646e+01   1.8649e+00   9.0550e-04   1.3988e-03   2.5292e+02
20251210_01:00:00   9.7220e-02   2.9514e+01   1.8895e+00   1.9200e-03   1.6520e-03   2.5350e+02
20251210_02:00:00   1.1244e-01   3.3319e+01   1.8146e+00   9.3690e-03   6.9040e-05   2.5577e+02
20251210_03:00:00   8.5546e-02   2.6638e+01   1.6801e+00   1.2382e-03   1.4922e-06   2.5667e+02
20251210_04:00:00   8.5930e-02   2.6667e+01   1.7666e+00   3.4730e-05   0.0000e+00   2.5715e+02
20251210_05:00:00   1.0238e-01   3.0764e+01   1.7776e+00   6.4880e-03   2.8597e-04   2.5656e+02
20251210_06:00:00   8.7988e-02   2.7075e+01   1.8412e+00   0.0000e+00   2.6897e-03   2.5563e+02
20251210_07:00:00   8.7747e-02   2.6985e+01   1.8428e+00   0.0000e+00   2.2681e-03   2.5496e+02
20251210_08:00:00   8.9339e-02   2.7326e+01   1.8904e+00   0.0000e+00   2.0861e-03   2.5555e+02
20251210_09:00:00   8.8034e-02   2.6990e+01   1.8608e+00   0.0000e+00   3.4824e-03   2.5711e+02
20251210_10:00:00   8.6627e-02   2.6650e+01   1.8225e+00   0.0000e+00   1.9333e-03   2.5639e+02
20251210_11:00:00   8.6441e-02   2.6569e+01   1.8282e+00   0.0000e+00   2.8525e-03   2.5537e+02
20251210_12:00:00   8.2251e-02   2.5555e+01   1.7295e+00   0.0000e+00   1.2130e-03   2.5436e+02
20251210_15:00:00   8.1377e-02   2.5270e+01   1.7264e+00   0.0000e+00   1.2868e-03   2.5392e+02
20251210_18:00:00   7.8031e-02   2.4389e+01   1.6740e+00   0.0000e+00   1.0402e-04   2.5355e+02
20251210_21:00:00   8.5508e-02   2.6102e+01   1.8881e+00   0.0000e+00   9.1556e-04   2.5251e+02
20251211_00:00:00   9.1747e-02   2.7764e+01   2.0055e+00   0.0000e+00   0.0000e+00   2.5131e+02
20251211_03:00:00   8.9624e-02   2.7210e+01   1.9745e+00   0.0000e+00   0.0000e+00   2.5058e+02
20251211_06:00:00   1.0415e-01   3.0767e+01   2.2962e+00   0.0000e+00   0.0000e+00   2.5146e+02
20251211_09:00:00   1.0899e-01   3.2031e+01   2.3516e+00   0.0000e+00   0.0000e+00   2.5156e+02
20251211_12:00:00   9.4370e-02   2.8371e+01   2.0659e+00   0.0000e+00   0.0000e+00   2.5250e+02
20251211_15:00:00   1.0217e-01   3.0061e+01   2.2795e+00   0.0000e+00   0.0000e+00   2.5589e+02
20251211_18:00:00   1.3046e-01   3.6909e+01   2.8718e+00   0.0000e+00   0.0000e+00   2.5761e+02
20251211_21:00:00   1.7092e-01   4.6195e+01   3.7145e+00   0.0000e+00   0.0000e+00   2.5714e+02
20251212_00:00:00   1.8997e-01   5.0654e+01   4.0540e+00   0.0000e+00   4.9840e-04   2.5726e+02
20251212_03:00:00   2.2597e-01   5.8681e+01   4.6173e+00   0.0000e+00   5.0760e-03   2.5684e+02
20251212_06:00:00   2.0199e-01   5.3489e+01   4.1526e+00   0.0000e+00   4.4924e-03   2.5895e+02
20251212_09:00:00   1.8901e-01   5.0564e+01   3.9426e+00   0.0000e+00   7.7697e-03   2.5976e+02
20251212_12:00:00   1.6555e-01   4.5289e+01   3.5019e+00   0.0000e+00   1.7374e-03   2.5858e+02
20251212_15:00:00   2.1330e-01   5.5956e+01   4.3530e+00   0.0000e+00   0.0000e+00   2.5753e+02
20251212_18:00:00   2.4492e-01   6.2652e+01   4.8838e+00   0.0000e+00   0.0000e+00   2.5744e+02
20251212_21:00:00   2.6604e-01   6.7087e+01   5.2470e+00   0.0000e+00   0.0000e+00   2.5596e+02
20251213_00:00:00   3.0652e-01   7.5113e+01   6.0222e+00   1.8250e-04   0.0000e+00   2.5709e+02
20251213_03:00:00   3.2098e-01   7.7297e+01   6.6904e+00   2.7160e-05   0.0000e+00   2.5306e+02
20251213_06:00:00   3.1699e-01   7.5858e+01   6.8569e+00   0.0000e+00   1.6249e-03   2.5293e+02
20251213_09:00:00   3.1707e-01   7.5663e+01   6.8610e+00   0.0000e+00   8.2935e-03   2.5444e+02
20251213_12:00:00   3.0881e-01   7.4164e+01   6.6439e+00   7.8200e-05   9.2923e-04   2.5355e+02
20251213_15:00:00   2.5083e-01   6.2636e+01   5.4216e+00   0.0000e+00   7.0399e-05   2.5079e+02
20251213_18:00:00   2.2218e-01   5.6781e+01   4.7547e+00   6.0800e-04   0.0000e+00   2.5160e+02
20251213_21:00:00   1.6554e-01   4.4903e+01   3.4676e+00   0.0000e+00   0.0000e+00   2.5188e+02
20251214_00:00:00   1.2518e-01   3.5993e+01   2.5121e+00   0.0000e+00   0.0000e+00   2.5060e+02
20251214_03:00:00   7.3660e-02   2.3642e+01   1.3775e+00   0.0000e+00   0.0000e+00   2.4767e+02
20251214_06:00:00   5.4017e-02   1.8660e+01   9.4363e-01   0.0000e+00   0.0000e+00   2.4756e+02
20251214_09:00:00   4.6945e-02   1.6792e+01   7.9958e-01   0.0000e+00   0.0000e+00   2.4649e+02
20251214_12:00:00   5.0355e-02   1.7637e+01   8.9733e-01   0.0000e+00   0.0000e+00   2.4375e+02
20251214_15:00:00   5.2146e-02   1.8097e+01   9.4542e-01   0.0000e+00   0.0000e+00   2.4373e+02
20251214_18:00:00   6.4792e-02   2.1291e+01   1.2592e+00   0.0000e+00   0.0000e+00   2.4407e+02
20251214_21:00:00   8.9209e-02   2.7340e+01   1.8570e+00   0.0000e+00   0.0000e+00   2.4485e+02
20251215_00:00:00   1.2834e-01   3.6696e+01   2.7883e+00   0.0000e+00   0.0000e+00   2.4217e+02
20251215_03:00:00   1.6962e-01   4.6282e+01   3.6713e+00   0.0000e+00   0.0000e+00   2.4071e+02
20251215_06:00:00   2.3333e-01   6.0135e+01   5.0282e+00   0.0000e+00   0.0000e+00   2.3995e+02
20251215_09:00:00   2.4639e-01   6.2710e+01   5.4149e+00   0.0000e+00   0.0000e+00   2.4103e+02
20251215_12:00:00   2.4627e-01   6.2580e+01   5.4545e+00   0.0000e+00   0.0000e+00   2.3892e+02
20251215_15:00:00   2.7032e-01   6.7495e+01   5.9195e+00   0.0000e+00   0.0000e+00   2.3968e+02
20251215_18:00:00   3.0857e-01   7.5060e+01   6.6848e+00   0.0000e+00   0.0000e+00   2.3741e+02
20251215_21:00:00   3.1157e-01   7.5608e+01   6.7783e+00   0.0000e+00   9.4903e-05   2.3841e+02
20251216_00:00:00   3.1042e-01   7.5483e+01   6.7475e+00   1.2170e-05   4.5198e-03   2.3791e+02
20251216_03:00:00   3.0528e-01   7.4574e+01   6.6813e+00   9.9950e-05   1.9726e-02   2.3736e+02
20251216_06:00:00   3.3605e-01   8.0507e+01   7.2814e+00   0.0000e+00   1.2844e-02   2.3656e+02
20251216_09:00:00   3.4468e-01   8.1871e+01   7.5685e+00   0.0000e+00   1.0731e-03   2.3501e+02
20251216_12:00:00   3.3720e-01   8.0524e+01   7.4148e+00   0.0000e+00   1.3318e-05   2.3443e+02
20251216_15:00:00   3.3606e-01   8.0283e+01   7.3188e+00   0.0000e+00   0.0000e+00   2.3503e+02
20251216_18:00:00   3.2740e-01   7.8673e+01   7.1603e+00   0.0000e+00   0.0000e+00   2.3666e+02
20251216_21:00:00   3.3991e-01   8.0909e+01   7.5234e+00   0.0000e+00   0.0000e+00   2.3694e+02
20251217_00:00:00   3.5740e-01   8.4389e+01   7.8286e+00   4.2830e-04   0.0000e+00   2.3880e+02
20251217_03:00:00   3.6823e-01   8.6040e+01   8.2009e+00   0.0000e+00   5.1577e-04   2.4072e+02
20251217_06:00:00   3.6452e-01   8.5458e+01   8.0343e+00   0.0000e+00   3.8393e-03   2.4208e+02
20251217_09:00:00   3.3464e-01   7.9765e+01   7.4483e+00   0.0000e+00   2.5558e-02   2.4386e+02
20251217_12:00:00   3.4549e-01   8.1597e+01   7.6721e+00   0.0000e+00   2.7394e-03   2.4651e+02
20251217_15:00:00   3.6336e-01   8.5039e+01   7.8846e+00   0.0000e+00   1.7710e-04   2.4495e+02
20251217_18:00:00   3.7501e-01   8.7438e+01   8.0175e+00   0.0000e+00   0.0000e+00   2.4474e+02
20251217_21:00:00   3.7118e-01   8.6849e+01   7.9251e+00   0.0000e+00   1.0502e-04   2.4530e+02
20251218_00:00:00   3.8746e-01   8.9882e+01   8.0503e+00   2.7083e-03   3.4741e-04   2.4354e+02
20251218_03:00:00   3.9927e-01   9.1986e+01   8.3244e+00   3.3871e-03   1.1894e-03   2.4303e+02
20251218_06:00:00   3.5022e-01   8.3061e+01   7.5431e+00   0.0000e+00   1.0290e-04   2.4451e+02
20251218_09:00:00   3.5607e-01   8.4061e+01   7.6616e+00   0.0000e+00   8.1482e-04   2.4673e+02
20251218_12:00:00   3.3886e-01   8.0799e+01   7.3323e+00   0.0000e+00   0.0000e+00   2.4775e+02
20251218_15:00:00   3.0908e-01   7.5080e+01   6.8317e+00   0.0000e+00   1.0530e-04   2.4709e+02
20251218_18:00:00   3.1733e-01   7.6636e+01   7.0783e+00   0.0000e+00   1.4922e-06   2.4751e+02
20251218_21:00:00   3.2002e-01   7.7359e+01   7.0860e+00   0.0000e+00   1.9948e-03   2.4848e+02
20251219_00:00:00   3.4060e-01   8.1242e+01   7.5107e+00   2.6940e-04   2.4035e-03   2.4958e+02
20251219_03:00:00   3.5031e-01   8.3140e+01   7.6341e+00   2.3290e-03   2.9223e-04   2.5031e+02
20251219_06:00:00   3.4257e-01   8.1701e+01   7.5147e+00   4.4790e-04   2.3024e-04   2.4879e+02
20251219_09:00:00   3.1600e-01   7.6709e+01   7.0226e+00   0.0000e+00   0.0000e+00   2.4768e+02
20251219_12:00:00   2.9666e-01   7.2885e+01   6.6369e+00   0.0000e+00   2.6060e-05   2.4678e+02
20251219_15:00:00   2.7747e-01   6.9153e+01   6.1946e+00   0.0000e+00   5.9120e-05   2.4823e+02
20251219_18:00:00   2.6632e-01   6.6998e+01   5.9217e+00   0.0000e+00   0.0000e+00   2.5131e+02
20251219_21:00:00   2.5280e-01   6.4324e+01   5.6461e+00   0.0000e+00   0.0000e+00   2.5334e+02
20251220_00:00:00   2.3890e-01   6.1580e+01   5.3179e+00   3.7290e-05   0.0000e+00   2.5009e+02
20251220_03:00:00   2.7112e-01   6.8533e+01   4.9034e+00   2.0910e-02   0.0000e+00   2.5046e+02
20251220_06:00:00   2.1774e-01   5.6873e+01   4.7988e+00   2.2436e-03   0.0000e+00   2.5135e+02
20251220_09:00:00   2.0760e-01   5.4494e+01   4.7303e+00   0.0000e+00   0.0000e+00   2.5131e+02
20251220_12:00:00   2.0592e-01   5.4170e+01   4.6498e+00   0.0000e+00   0.0000e+00   2.5134e+02
20251220_15:00:00   1.9862e-01   5.2588e+01   4.4850e+00   0.0000e+00   0.0000e+00   2.5121e+02
20251220_18:00:00   2.0066e-01   5.2907e+01   4.6332e+00   0.0000e+00   2.4980e-04   2.5074e+02
20251220_21:00:00   1.9423e-01   5.1726e+01   4.3848e+00   0.0000e+00   1.8606e-03   2.5616e+02
20251221_00:00:00   1.9478e-01   5.1900e+01   4.3765e+00   8.9720e-08   5.0903e-04   2.5388e+02
20251221_03:00:00   2.2638e-01   5.8465e+01   5.1312e+00   0.0000e+00   4.0706e-02   2.5373e+02
20251221_06:00:00   2.2397e-01   5.8000e+01   5.0506e+00   0.0000e+00   3.2100e-03   2.5743e+02
20251221_09:00:00   2.1251e-01   5.5492e+01   4.8199e+00   0.0000e+00   8.3914e-04   2.5696e+02
20251221_12:00:00   2.0923e-01   5.4751e+01   4.7472e+00   0.0000e+00   0.0000e+00   2.5437e+02
