#            date       tau255        Tb[K]      pwv[mm] lwp[kg*m^-2] iwp[kg*m^-2]       o3[DU]
20251206_06:00:00   9.4188e-02   2.8647e+01   1.9168e+00   1.1713e-04   3.5945e-03   2.6323e+02
20251206_07:00:00   9.4711e-02   2.8743e+01   1.9502e+00   0.0000e+00   2.2135e-03   2.6405e+02
20251206_08:00:00   9.8490e-02   2.9666e+01   2.0307e+00   0.0000e+00   6.1142e-05   2.6451e+02
20251206_09:00:00   1.0205e-01   3.0503e+01   2.0890e+00   3.9903e-04   0.0000e+00   2.6507e+02
20251206_10:00:00   9.7956e-02   2.9476e+01   2.0296e+00   0.0000e+00   8.6380e-06   2.6497e+02
20251206_11:00:00   9.7306e-02   2.9291e+01   2.0203e+00   0.0000e+00   1.7276e-06   2.6303e+02
20251206_12:00:00   9.2930e-02   2.8195e+01   1.9356e+00   0.0000e+00   0.0000e+00   2.6342e+02
20251206_13:00:00   8.8409e-02   2.7017e+01   1.8612e+00   0.0000e+00   1.3836e-03   2.6063e+02
20251206_14:00:00   7.9972e-02   2.4892e+01   1.6869e+00   0.0000e+00   6.3400e-04   2.5904e+02
20251206_15:00:00   7.9296e-02   2.4702e+01   1.6777e+00   0.0000e+00   3.2805e-04   2.6008e+02
20251206_16:00:00   7.2859e-02   2.3126e+01   1.5231e+00   0.0000e+00   0.0000e+00   2.6006e+02
20251206_17:00:00   7.2625e-02   2.3049e+01   1.5217e+00   0.0000e+00   8.3460e-05   2.6065e+02
20251206_18:00:00   7.3838e-02   2.3343e+01   1.5551e+00   0.0000e+00   1.4420e-03   2.6210e+02
20251206_19:00:00   7.5016e-02   2.3630e+01   1.5833e+00   0.0000e+00   2.1160e-03   2.6361e+02
20251206_20:00:00   7.8350e-02   2.4438e+01   1.6665e+00   0.0000e+00   7.9619e-04   2.6402e+02
20251206_21:00:00   7.9329e-02   2.4687e+01   1.6901e+00   0.0000e+00   1.1908e-04   2.6176e+02
20251206_22:00:00   7.9896e-02   2.4792e+01   1.7139e+00   0.0000e+00   3.5102e-03   2.5815e+02
20251206_23:00:00   9.4524e-02   2.8398e+01   2.0300e+00   0.0000e+00   2.3177e-03   2.5618e+02
20251207_00:00:00   9.3676e-02   2.8128e+01   2.0330e+00   0.0000e+00   4.8950e-03   2.5506e+02
20251207_01:00:00   8.2491e-02   2.5320e+01   1.8055e+00   1.5130e-06   1.1571e-03   2.5595e+02
20251207_02:00:00   8.2912e-02   2.5377e+01   1.8161e+00   1.9920e-04   2.2746e-04   2.5638e+02
20251207_03:00:00   7.7825e-02   2.4034e+01   1.7299e+00   3.8980e-06   5.8432e-04   2.5514e+02
20251207_04:00:00   7.9729e-02   2.4491e+01   1.7759e+00   1.1120e-04   1.2424e-03   2.5370e+02
20251207_05:00:00   7.9687e-02   2.4459e+01   1.7886e+00   4.5290e-05   7.0519e-04   2.5221e+02
20251207_06:00:00   8.2950e-02   2.5215e+01   1.8842e+00   0.0000e+00   8.1818e-04   2.5353e+02
20251207_07:00:00   8.6176e-02   2.5941e+01   1.9749e+00   0.0000e+00   2.0476e-03   2.5397e+02
20251207_08:00:00   8.5737e-02   2.5919e+01   1.9498e+00   0.0000e+00   4.2020e-06   2.5278e+02
20251207_09:00:00   8.5842e-02   2.5945e+01   1.9591e+00   0.0000e+00   1.3592e-04   2.5292e+02
20251207_10:00:00   9.0293e-02   2.6998e+01   2.0761e+00   0.0000e+00   1.2237e-03   2.5344e+02
20251207_11:00:00   9.2370e-02   2.7537e+01   2.1170e+00   0.0000e+00   2.8224e-03   2.5414e+02
20251207_12:00:00   1.0033e-01   2.9396e+01   2.3154e+00   0.0000e+00   1.3776e-03   2.5532e+02
20251207_13:00:00   1.0712e-01   3.0981e+01   2.4926e+00   0.0000e+00   3.2901e-03   2.5539e+02
20251207_14:00:00   1.1289e-01   3.2345e+01   2.6185e+00   0.0000e+00   5.4539e-03   2.5794e+02
20251207_15:00:00   1.2014e-01   3.4005e+01   2.7991e+00   0.0000e+00   3.7861e-03   2.6074e+02
20251207_16:00:00   1.1310e-01   3.2460e+01   2.5981e+00   0.0000e+00   1.0423e-03   2.6154e+02
20251207_17:00:00   1.0777e-01   3.1342e+01   2.4219e+00   0.0000e+00   1.1076e-03   2.6213e+02
20251207_18:00:00   9.7032e-02   2.8899e+01   2.1354e+00   0.0000e+00   8.2100e-04   2.6167e+02
20251207_19:00:00   8.7435e-02   2.6765e+01   1.8489e+00   0.0000e+00   1.3318e-05   2.5797e+02
20251207_20:00:00   8.7615e-02   2.6872e+01   1.8262e+00   0.0000e+00   2.8100e-04   2.5867e+02
20251207_21:00:00   9.7207e-02   2.9352e+01   1.9868e+00   8.8010e-05   3.4560e-06   2.6146e+02
20251207_22:00:00   1.1247e-01   3.3056e+01   2.2539e+00   1.0558e-03   2.0980e-05   2.6201e+02
20251207_23:00:00   2.0114e-01   5.3635e+01   2.7312e+00   2.6133e-02   3.7300e-07   2.6121e+02
20251208_00:00:00   6.6720e-01   1.3615e+02   2.8747e+00   2.1118e-01   0.0000e+00   2.5889e+02
20251208_01:00:00   6.1062e-01   1.2827e+02   2.6972e+00   1.9192e-01   1.9886e-05   2.5772e+02
20251208_02:00:00   1.0786e-01   3.2003e+01   2.2000e+00   1.8610e-05   3.6820e-06   2.5737e+02
20251208_03:00:00   1.0686e-01   3.1743e+01   2.0728e+00   2.4800e-03   4.7220e-04   2.5913e+02
20251208_04:00:00   2.1123e-01   5.6077e+01   2.0396e+00   4.4880e-02   2.5780e-04   2.5760e+02
20251208_05:00:00   9.3236e-02   2.8370e+01   1.9166e+00   0.0000e+00   4.7520e-05   2.5976e+02
20251208_06:00:00   8.7816e-02   2.6995e+01   1.8106e+00   0.0000e+00   0.0000e+00   2.5824e+02
20251208_07:00:00   8.1698e-02   2.5471e+01   1.6811e+00   0.0000e+00   0.0000e+00   2.5846e+02
20251208_08:00:00   8.2830e-02   2.5757e+01   1.7009e+00   0.0000e+00   0.0000e+00   2.5747e+02
20251208_09:00:00   8.0811e-02   2.5240e+01   1.6586e+00   0.0000e+00   0.0000e+00   2.5520e+02
20251208_10:00:00   8.2138e-02   2.5548e+01   1.6933e+00   0.0000e+00   1.4380e-06   2.5505e+02
20251208_11:00:00   7.7972e-02   2.4533e+01   1.5993e+00   0.0000e+00   0.0000e+00   2.5599e+02
20251208_12:00:00   7.6781e-02   2.4230e+01   1.5721e+00   0.0000e+00   0.0000e+00   2.5528e+02
20251208_13:00:00   7.4387e-02   2.3622e+01   1.5149e+00   0.0000e+00   0.0000e+00   2.5569e+02
20251208_14:00:00   7.1211e-02   2.2843e+01   1.4354e+00   0.0000e+00   0.0000e+00   2.5636e+02
20251208_15:00:00   7.0290e-02   2.2611e+01   1.4130e+00   0.0000e+00   0.0000e+00   2.5631e+02
20251208_16:00:00   6.8028e-02   2.2076e+01   1.3544e+00   0.0000e+00   0.0000e+00   2.5781e+02
20251208_17:00:00   6.5720e-02   2.1515e+01   1.2973e+00   0.0000e+00   2.8760e-06   2.6072e+02
20251208_18:00:00   6.4709e-02   2.1284e+01   1.2678e+00   0.0000e+00   0.0000e+00   2.6286e+02
20251208_19:00:00   6.3870e-02   2.1089e+01   1.2463e+00   0.0000e+00   0.0000e+00   2.6394e+02
20251208_20:00:00   6.3359e-02   2.0967e+01   1.2317e+00   0.0000e+00   0.0000e+00   2.6373e+02
20251208_21:00:00   6.1470e-02   2.0506e+01   1.1829e+00   0.0000e+00   0.0000e+00   2.6354e+02
20251208_22:00:00   5.7745e-02   1.9559e+01   1.0948e+00   0.0000e+00   0.0000e+00   2.6282e+02
20251208_23:00:00   6.2743e-02   2.0879e+01   1.1964e+00   5.0320e-05   0.0000e+00   2.6266e+02
20251209_00:00:00   6.3910e-02   2.1199e+01   1.2217e+00   4.2330e-05   0.0000e+00   2.6019e+02
20251209_01:00:00   6.3205e-02   2.1003e+01   1.2048e+00   1.7010e-04   0.0000e+00   2.5915e+02
20251209_02:00:00   5.9361e-02   2.0040e+01   1.1042e+00   4.1270e-04   0.0000e+00   2.5848e+02
20251209_03:00:00   6.0104e-02   2.0251e+01   1.0944e+00   8.3320e-04   0.0000e+00   2.5670e+02
20251209_04:00:00   5.7228e-02   1.9508e+01   1.0746e+00   0.0000e+00   0.0000e+00   2.5664e+02
20251209_05:00:00   5.5226e-02   1.8953e+01   1.0411e+00   0.0000e+00   0.0000e+00   2.5663e+02
20251209_06:00:00   5.4876e-02   1.8881e+01   1.0316e+00   0.0000e+00   0.0000e+00   2.5729e+02
20251209_07:00:00   5.5100e-02   1.8922e+01   1.0405e+00   0.0000e+00   3.2380e-05   2.5770e+02
20251209_08:00:00   5.4893e-02   1.8854e+01   1.0431e+00   0.0000e+00   9.9260e-05   2.5688e+02
20251209_09:00:00   5.5035e-02   1.8855e+01   1.0562e+00   0.0000e+00   1.5298e-03   2.5417e+02
20251209_10:00:00   5.7476e-02   1.9428e+01   1.1395e+00   0.0000e+00   1.4212e-03   2.5274e+02
20251209_11:00:00   5.6641e-02   1.9210e+01   1.1224e+00   0.0000e+00   7.0660e-04   2.5205e+02
20251209_12:00:00   5.6805e-02   1.9253e+01   1.1228e+00   0.0000e+00   4.1100e-03   2.5169e+02
20251209_13:00:00   5.7559e-02   1.9438e+01   1.1467e+00   0.0000e+00   2.7280e-03   2.5329e+02
20251209_14:00:00   5.8370e-02   1.9622e+01   1.1751e+00   0.0000e+00   8.3720e-04   2.5634e+02
20251209_15:00:00   5.9446e-02   1.9869e+01   1.2077e+00   0.0000e+00   1.3494e-04   2.6006e+02
20251209_16:00:00   6.0121e-02   2.0037e+01   1.2255e+00   0.0000e+00   5.4900e-05   2.5969e+02
20251209_17:00:00   6.0110e-02   2.0019e+01   1.2295e+00   0.0000e+00   6.3334e-04   2.5916e+02
20251209_18:00:00   5.8491e-02   1.9613e+01   1.1884e+00   0.0000e+00   1.6651e-03   2.5784e+02
20251209_19:00:00   6.1574e-02   2.0384e+01   1.2714e+00   0.0000e+00   2.3655e-03   2.5697e+02
20251209_20:00:00   6.4562e-02   2.1130e+01   1.3509e+00   0.0000e+00   4.0814e-03   2.5570e+02
20251209_21:00:00   6.5852e-02   2.1466e+01   1.3810e+00   0.0000e+00   2.9661e-03   2.5498e+02
20251209_22:00:00   6.9361e-02   2.2340e+01   1.4677e+00   0.0000e+00   5.1696e-03   2.5400e+02
20251209_23:00:00   7.3602e-02   2.3401e+01   1.5744e+00   2.1020e-06   4.0902e-03   2.5456e+02
20251210_00:00:00   7.9012e-02   2.4709e+01   1.7171e+00   0.0000e+00   3.1460e-03   2.5491e+02
20251210_01:00:00   7.9741e-02   2.4877e+01   1.7383e+00   0.0000e+00   4.0449e-03   2.5419e+02
20251210_02:00:00   7.9821e-02   2.4866e+01   1.7468e+00   0.0000e+00   5.9079e-03   2.5240e+02
20251210_03:00:00   8.5221e-02   2.6216e+01   1.8702e+00   9.9650e-06   1.2178e-03   2.5140e+02
20251210_04:00:00   8.3229e-02   2.5738e+01   1.8197e+00   0.0000e+00   1.7006e-03   2.5284e+02
20251210_05:00:00   8.5732e-02   2.6360e+01   1.8712e+00   0.0000e+00   1.1908e-03   2.5369e+02
20251210_06:00:00   8.9972e-02   2.7400e+01   1.9635e+00   2.4320e-05   1.8234e-03   2.5486e+02
20251210_07:00:00   9.2641e-02   2.8035e+01   2.0304e+00   0.0000e+00   1.3648e-03   2.5508e+02
20251210_08:00:00   9.8620e-02   2.9464e+01   2.1687e+00   0.0000e+00   2.5387e-03   2.5470e+02
20251210_09:00:00   9.9010e-02   2.9546e+01   2.1784e+00   0.0000e+00   5.9620e-03   2.5410e+02
20251210_10:00:00   1.0084e-01   2.9994e+01   2.2117e+00   0.0000e+00   4.6195e-03   2.5416e+02
20251210_11:00:00   1.0064e-01   2.9938e+01   2.2091e+00   0.0000e+00   4.8458e-03   2.5350e+02
20251210_12:00:00   1.0102e-01   2.9995e+01   2.2309e+00   0.0000e+00   3.6556e-03   2.5395e+02
20251210_13:00:00   1.0169e-01   3.0184e+01   2.2395e+00   0.0000e+00   4.4214e-04   2.5280e+02
20251210_14:00:00   9.9502e-02   2.9651e+01   2.1916e+00   0.0000e+00   1.3318e-05   2.5254e+02
20251210_15:00:00   9.2029e-02   2.7866e+01   2.0164e+00   0.0000e+00   0.0000e+00   2.5233e+02
20251210_16:00:00   8.3990e-02   2.5922e+01   1.8218e+00   0.0000e+00   0.0000e+00   2.5274e+02
20251210_17:00:00   8.0587e-02   2.5037e+01   1.7505e+00   0.0000e+00   0.0000e+00   2.5167e+02
20251210_18:00:00   7.9670e-02   2.4765e+01   1.7330e+00   0.0000e+00   0.0000e+00   2.5157e+02
20251210_19:00:00   7.9256e-02   2.4654e+01   1.7215e+00   0.0000e+00   0.0000e+00   2.5230e+02
20251210_20:00:00   8.0304e-02   2.4902e+01   1.7447e+00   0.0000e+00   3.4560e-06   2.5123e+02
20251210_21:00:00   8.0560e-02   2.4941e+01   1.7548e+00   0.0000e+00   1.1068e-04   2.5264e+02
20251210_22:00:00   8.0642e-02   2.4963e+01   1.7582e+00   0.0000e+00   1.0366e-05   2.5297e+02
20251210_23:00:00   8.5315e-02   2.6156e+01   1.8564e+00   0.0000e+00   5.1820e-06   2.5304e+02
20251211_00:00:00   9.3620e-02   2.8324e+01   1.9974e+00   0.0000e+00   0.0000e+00   2.5322e+02
20251211_01:00:00   1.0022e-01   2.9981e+01   2.0535e+00   1.3620e-03   4.2020e-06   2.5366e+02
20251211_02:00:00   1.0590e-01   3.1360e+01   2.1866e+00   1.1150e-03   0.0000e+00   2.5416e+02
20251211_03:00:00   2.1747e-01   5.6931e+01   2.7061e+00   3.6960e-02   8.1300e-05   2.5491e+02
20251211_04:00:00   1.0432e-01   3.0872e+01   2.1945e+00   1.1970e-03   2.1840e-03   2.5575e+02
20251211_05:00:00   9.7885e-02   2.9301e+01   2.0930e+00   2.1660e-04   2.7680e-03   2.5827e+02
20251211_06:00:00   8.5313e-02   2.6171e+01   1.8405e+00   0.0000e+00   3.2140e-03   2.5824e+02
20251211_09:00:00   7.3419e-02   2.3253e+01   1.5417e+00   0.0000e+00   0.0000e+00   2.5763e+02
20251211_12:00:00   7.1332e-02   2.2702e+01   1.5015e+00   0.0000e+00   0.0000e+00   2.5698e+02
20251211_15:00:00   8.1565e-02   2.5202e+01   1.7629e+00   0.0000e+00   0.0000e+00   2.5962e+02
20251211_18:00:00   1.0468e-01   3.0695e+01   2.3399e+00   0.0000e+00   0.0000e+00   2.5710e+02
20251211_21:00:00   1.4571e-01   4.0532e+01   3.2377e+00   0.0000e+00   0.0000e+00   2.5634e+02
20251212_00:00:00   2.2058e-01   5.7192e+01   4.6770e+00   1.0040e-03   0.0000e+00   2.5345e+02
20251212_03:00:00   2.8646e-01   7.0841e+01   5.9779e+00   1.1750e-03   1.7212e-04   2.5160e+02
20251212_06:00:00   2.2461e-01   5.7930e+01   4.9210e+00   0.0000e+00   1.0430e-04   2.5363e+02
20251212_09:00:00   3.6607e-01   8.5827e+01   7.6393e+00   0.0000e+00   1.1703e-04   2.5527e+02
20251212_12:00:00   3.3149e-01   7.9126e+01   7.1022e+00   0.0000e+00   2.7863e-03   2.5452e+02
20251212_15:00:00   3.5014e-01   8.2784e+01   7.3081e+00   0.0000e+00   3.4739e-05   2.5181e+02
20251212_18:00:00   3.1135e-01   7.5548e+01   6.5113e+00   0.0000e+00   0.0000e+00   2.5348e+02
20251212_21:00:00   3.2399e-01   7.7810e+01   6.8051e+00   0.0000e+00   3.4560e-06   2.5441e+02
20251213_00:00:00   3.3011e-01   7.8805e+01   6.9180e+00   8.6290e-04   4.4571e-05   2.5323e+02
20251213_03:00:00   3.5821e-01   8.4010e+01   7.4426e+00   0.0000e+00   5.8701e-05   2.5349e+02
20251213_06:00:00   2.5199e-01   6.3978e+01   5.1412e+00   0.0000e+00   0.0000e+00   2.5660e+02
20251213_09:00:00   1.7768e-01   4.8072e+01   3.6508e+00   0.0000e+00   0.0000e+00   2.5636e+02
20251213_12:00:00   1.1695e-01   3.4019e+01   2.4315e+00   0.0000e+00   0.0000e+00   2.5419e+02
20251213_15:00:00   1.2619e-01   3.6210e+01   2.6272e+00   0.0000e+00   0.0000e+00   2.5286e+02
20251213_18:00:00   1.6143e-01   4.4067e+01   3.4912e+00   0.0000e+00   0.0000e+00   2.5399e+02
20251213_21:00:00   1.8153e-01   4.8392e+01   3.9623e+00   0.0000e+00   0.0000e+00   2.5298e+02
20251214_00:00:00   2.4360e-01   6.1794e+01   5.1023e+00   0.0000e+00   0.0000e+00   2.4919e+02
20251214_03:00:00   2.2648e-01   5.8227e+01   4.7741e+00   0.0000e+00   6.9098e-06   2.4762e+02
20251214_06:00:00   2.1503e-01   5.5619e+01   4.6371e+00   0.0000e+00   3.7300e-07   2.4919e+02
20251214_09:00:00   2.0522e-01   5.3397e+01   4.4888e+00   0.0000e+00   0.0000e+00   2.5069e+02
20251214_12:00:00   1.8766e-01   4.9813e+01   4.0112e+00   0.0000e+00   0.0000e+00   2.4815e+02
20251214_15:00:00   1.5643e-01   4.2841e+01   3.3737e+00   0.0000e+00   0.0000e+00   2.4981e+02
20251214_18:00:00   1.1133e-01   3.2383e+01   2.4055e+00   0.0000e+00   0.0000e+00   2.4844e+02
20251214_21:00:00   1.2773e-01   3.6364e+01   2.7516e+00   0.0000e+00   0.0000e+00   2.4574e+02
20251215_00:00:00   1.4992e-01   4.1578e+01   3.2303e+00   0.0000e+00   0.0000e+00   2.4571e+02
20251215_03:00:00   1.3539e-01   3.8178e+01   2.9794e+00   0.0000e+00   0.0000e+00   2.4690e+02
20251215_06:00:00   1.4236e-01   3.9731e+01   3.1605e+00   0.0000e+00   0.0000e+00   2.4710e+02
20251215_09:00:00   1.9588e-01   5.1802e+01   4.3033e+00   0.0000e+00   0.0000e+00   2.4697e+02
20251215_12:00:00   2.2339e-01   5.7843e+01   4.8295e+00   0.0000e+00   0.0000e+00   2.4457e+02
20251215_15:00:00   2.7736e-01   6.8828e+01   5.9591e+00   0.0000e+00   0.0000e+00   2.4313e+02
20251215_18:00:00   2.9043e-01   7.1327e+01   6.2679e+00   0.0000e+00   5.0979e-04   2.4329e+02
20251215_21:00:00   4.0093e-01   9.1833e+01   8.4468e+00   3.3280e-06   2.5820e-03   2.4173e+02
20251216_00:00:00   5.5228e-01   1.1654e+02   1.1106e+01   1.8888e-03   6.9476e-02   2.4054e+02
20251216_03:00:00   4.7292e-01   1.0406e+02   9.7843e+00   7.2750e-04   9.8303e-02   2.3979e+02
20251216_06:00:00   4.9202e-01   1.0705e+02   1.0106e+01   0.0000e+00   1.6792e-01   2.4226e+02
20251216_09:00:00   3.9033e-01   8.9987e+01   8.2533e+00   0.0000e+00   1.4867e-03   2.4232e+02
20251216_12:00:00   3.7171e-01   8.6405e+01   8.0213e+00   0.0000e+00   7.7650e-06   2.4178e+02
20251216_15:00:00   4.1208e-01   9.3575e+01   8.7131e+00   0.0000e+00   5.3120e-04   2.4327e+02
20251216_18:00:00   4.3702e-01   9.7855e+01   9.1447e+00   0.0000e+00   1.4452e-03   2.4500e+02
20251216_21:00:00   4.3988e-01   9.8519e+01   9.1329e+00   0.0000e+00   2.6881e-03   2.4386e+02
20251217_00:00:00   4.4299e-01   9.9742e+01   8.4842e+00   9.8590e-03   1.6300e-05   2.4196e+02
20251217_03:00:00   4.1848e-01   9.5607e+01   8.3928e+00   0.0000e+00   0.0000e+00   2.4456e+02
20251217_06:00:00   4.6216e-01   1.0294e+02   9.2867e+00   0.0000e+00   7.4874e-04   2.4362e+02
20251217_09:00:00   4.8955e-01   1.0715e+02   9.8637e+00   0.0000e+00   3.3379e-03   2.4279e+02
20251217_12:00:00   5.2739e-01   1.1291e+02   1.0660e+01   0.0000e+00   1.1922e-02   2.4223e+02
20251217_15:00:00   5.7773e-01   1.2042e+02   1.1410e+01   1.8021e-03   2.6657e-01   2.4348e+02
20251217_18:00:00   5.5272e-01   1.1677e+02   1.1113e+01   5.7518e-05   8.1735e-02   2.4615e+02
20251217_21:00:00   5.3867e-01   1.1455e+02   1.0914e+01   0.0000e+00   2.4529e-02   2.4464e+02
20251218_00:00:00   5.5423e-01   1.1697e+02   1.1172e+01   6.2136e-05   2.6708e-02   2.4422e+02
20251218_03:00:00   5.4579e-01   1.1584e+02   1.1046e+01   0.0000e+00   8.0142e-03   2.4181e+02
20251218_06:00:00   5.0133e-01   1.0898e+02   1.0252e+01   0.0000e+00   1.8998e-03   2.4207e+02
20251218_09:00:00   4.5987e-01   1.0226e+02   9.3742e+00   0.0000e+00   7.2814e-05   2.4182e+02
20251218_12:00:00   4.5418e-01   1.0121e+02   9.2499e+00   0.0000e+00   3.4560e-06   2.4210e+02
20251218_15:00:00   4.5143e-01   1.0078e+02   9.1675e+00   0.0000e+00   3.2402e-06   2.4388e+02
20251218_18:00:00   4.2675e-01   9.6654e+01   8.7128e+00   0.0000e+00   0.0000e+00   2.4378e+02
20251218_21:00:00   4.0615e-01   9.3260e+01   8.3523e+00   0.0000e+00   0.0000e+00   2.4366e+02
20251219_00:00:00   4.4462e-01   1.0017e+02   8.7819e+00   5.4860e-03   9.5336e-05   2.4432e+02
20251219_03:00:00   3.9829e-01   9.2169e+01   8.2686e+00   0.0000e+00   0.0000e+00   2.4367e+02
20251219_06:00:00   3.9052e-01   9.0762e+01   8.1209e+00   0.0000e+00   3.4560e-06   2.4237e+02
20251219_09:00:00   3.9632e-01   9.1547e+01   8.3624e+00   0.0000e+00   6.2241e-04   2.4403e+02
20251219_12:00:00   3.8981e-01   9.0278e+01   8.2404e+00   0.0000e+00   0.0000e+00   2.4564e+02
20251219_15:00:00   3.6809e-01   8.6322e+01   7.8784e+00   0.0000e+00   1.5044e-04   2.4504e+02
20251219_18:00:00   3.6259e-01   8.5282e+01   7.8033e+00   0.0000e+00   1.3846e-04   2.5026e+02
20251219_21:00:00   3.5846e-01   8.4507e+01   7.8143e+00   0.0000e+00   0.0000e+00   2.4903e+02
20251220_00:00:00   3.5619e-01   8.4269e+01   7.7640e+00   1.9760e-04   0.0000e+00   2.5039e+02
20251220_03:00:00   3.9373e-01   9.1423e+01   8.4046e+00   0.0000e+00   0.0000e+00   2.5074e+02
20251220_06:00:00   3.9472e-01   9.1793e+01   8.2382e+00   0.0000e+00   6.2020e-05   2.4983e+02
20251220_09:00:00   3.5815e-01   8.5095e+01   7.5948e+00   0.0000e+00   0.0000e+00   2.5009e+02
20251220_12:00:00   3.4782e-01   8.3068e+01   7.4296e+00   0.0000e+00   0.0000e+00   2.5095e+02
20251220_15:00:00   3.1630e-01   7.7067e+01   6.8914e+00   0.0000e+00   0.0000e+00   2.5071e+02
20251220_18:00:00   2.8874e-01   7.1628e+01   6.3760e+00   0.0000e+00   0.0000e+00   2.5224e+02
20251220_21:00:00   2.8741e-01   7.1265e+01   6.4106e+00   0.0000e+00   0.0000e+00   2.5203e+02
20251221_00:00:00   2.5007e-01   6.3903e+01   5.6127e+00   3.1990e-06   0.0000e+00   2.5084e+02
20251221_03:00:00   2.6481e-01   6.7243e+01   5.3714e+00   8.8200e-03   0.0000e+00   2.5104e+02
20251221_06:00:00   2.2905e-01   5.9648e+01   5.0917e+00   0.0000e+00   0.0000e+00   2.5156e+02
20251221_09:00:00   2.0870e-01   5.5332e+01   4.6727e+00   0.0000e+00   0.0000e+00   2.5190e+02
20251221_12:00:00   1.9986e-01   5.3384e+01   4.4641e+00   0.0000e+00   9.1823e-04   2.5125e+02
20251221_15:00:00   2.0956e-01   5.5316e+01   4.7356e+00   0.0000e+00   0.0000e+00   2.5053e+02
20251221_18:00:00   2.1125e-01   5.5685e+01   4.8086e+00   0.0000e+00   0.0000e+00   2.5104e+02
20251221_21:00:00   2.1444e-01   5.6298e+01   4.9394e+00   0.0000e+00   5.6500e-04   2.5232e+02
20251222_00:00:00   2.2984e-01   5.9463e+01   5.2813e+00   0.0000e+00   7.9200e-04   2.4951e+02
20251222_03:00:00   2.4378e-01   6.2316e+01   5.6660e+00   4.4740e-07   4.2900e-04   2.4560e+02
20251222_06:00:00   2.6176e-01   6.6116e+01   6.0313e+00   0.0000e+00   0.0000e+00   2.4612e+02
