#            date       tau255        Tb[K]      pwv[mm] lwp[kg*m^-2] iwp[kg*m^-2]       o3[DU]
20251209_12:00:00   6.3679e-02   2.0961e+01   1.3116e+00   0.0000e+00   0.0000e+00   2.6551e+02
20251209_13:00:00   6.3245e-02   2.0863e+01   1.3051e+00   0.0000e+00   0.0000e+00   2.6455e+02
20251209_14:00:00   6.4109e-02   2.1081e+01   1.3331e+00   0.0000e+00   6.6580e-06   2.6177e+02
20251209_15:00:00   6.5342e-02   2.1398e+01   1.3642e+00   0.0000e+00   0.0000e+00   2.6172e+02
20251209_16:00:00   6.6317e-02   2.1658e+01   1.3862e+00   0.0000e+00   9.4680e-06   2.6033e+02
20251209_17:00:00   6.4436e-02   2.1214e+01   1.3316e+00   0.0000e+00   3.2480e-05   2.5993e+02
20251209_18:00:00   6.3536e-02   2.0994e+01   1.3093e+00   0.0000e+00   3.9660e-06   2.6201e+02
20251209_19:00:00   6.3955e-02   2.1087e+01   1.3193e+00   0.0000e+00   4.5740e-06   2.6381e+02
20251209_20:00:00   6.2316e-02   2.0665e+01   1.2814e+00   0.0000e+00   0.0000e+00   2.6427e+02
20251209_21:00:00   6.3107e-02   2.0874e+01   1.2928e+00   0.0000e+00   0.0000e+00   2.6569e+02
20251209_22:00:00   6.3221e-02   2.0902e+01   1.2946e+00   0.0000e+00   0.0000e+00   2.6609e+02
20251209_23:00:00   6.3722e-02   2.0987e+01   1.3160e+00   0.0000e+00   4.7480e-04   2.6696e+02
20251210_00:00:00   6.8137e-02   2.2084e+01   1.4250e+00   7.4890e-07   2.9480e-03   2.6732e+02
20251210_01:00:00   6.7883e-02   2.1999e+01   1.4291e+00   1.9770e-06   3.0728e-03   2.6672e+02
20251210_02:00:00   6.7942e-02   2.2036e+01   1.4259e+00   6.0370e-06   4.2081e-03   2.6789e+02
20251210_03:00:00   7.0099e-02   2.2575e+01   1.4763e+00   9.3390e-05   6.0578e-03   2.6767e+02
20251210_04:00:00   7.1323e-02   2.2887e+01   1.5027e+00   9.1330e-05   5.7738e-03   2.6665e+02
20251210_05:00:00   6.9428e-02   2.2435e+01   1.4552e+00   1.0950e-05   6.9710e-04   2.6612e+02
20251210_06:00:00   6.8452e-02   2.2173e+01   1.4364e+00   1.4580e-06   3.6824e-04   2.6443e+02
20251210_07:00:00   7.1112e-02   2.2734e+01   1.5211e+00   5.2750e-06   5.9460e-03   2.6186e+02
20251210_08:00:00   7.1350e-02   2.2763e+01   1.5333e+00   0.0000e+00   2.9999e-03   2.6049e+02
20251210_09:00:00   7.6025e-02   2.3847e+01   1.6615e+00   4.5730e-05   2.6478e-03   2.6004e+02
20251210_10:00:00   6.9722e-02   2.2409e+01   1.4759e+00   2.9300e-05   1.2466e-05   2.5784e+02
20251210_11:00:00   6.7625e-02   2.1924e+01   1.4148e+00   0.0000e+00   0.0000e+00   2.5786e+02
20251210_12:00:00   6.8352e-02   2.2060e+01   1.4430e+00   0.0000e+00   2.5160e-05   2.5747e+02
20251210_13:00:00   7.0539e-02   2.2544e+01   1.5106e+00   0.0000e+00   9.8919e-04   2.5710e+02
20251210_14:00:00   7.1325e-02   2.2750e+01   1.5300e+00   0.0000e+00   1.0549e-04   2.5545e+02
20251210_15:00:00   7.4610e-02   2.3491e+01   1.6259e+00   0.0000e+00   1.9074e-04   2.5497e+02
20251210_16:00:00   8.1193e-02   2.4969e+01   1.8125e+00   0.0000e+00   1.0102e-03   2.5567e+02
20251210_17:00:00   7.9934e-02   2.4630e+01   1.7753e+00   0.0000e+00   1.8396e-02   2.5680e+02
20251210_18:00:00   8.0643e-02   2.4812e+01   1.8024e+00   0.0000e+00   2.6035e-03   2.5757e+02
20251210_19:00:00   9.2304e-02   2.7556e+01   2.1067e+00   0.0000e+00   4.7243e-03   2.5731e+02
20251210_20:00:00   7.0907e-02   2.2598e+01   1.5152e+00   0.0000e+00   2.7640e-05   2.5691e+02
20251210_21:00:00   8.1910e-02   2.5058e+01   1.8255e+00   0.0000e+00   1.5222e-03   2.5834e+02
20251210_22:00:00   9.8327e-02   2.8984e+01   2.2426e+00   0.0000e+00   7.4620e-07   2.5893e+02
20251210_23:00:00   1.0241e-01   2.9896e+01   2.3422e+00   0.0000e+00   4.2920e-04   2.5914e+02
20251211_00:00:00   1.0494e-01   3.0584e+01   2.4053e+00   0.0000e+00   0.0000e+00   2.5943e+02
20251211_01:00:00   1.0435e-01   3.0636e+01   2.3657e+00   0.0000e+00   0.0000e+00   2.5940e+02
20251211_02:00:00   9.5517e-02   2.8547e+01   2.1512e+00   0.0000e+00   0.0000e+00   2.5859e+02
20251211_03:00:00   1.0321e-01   3.0311e+01   2.3581e+00   0.0000e+00   0.0000e+00   2.5666e+02
20251211_04:00:00   1.0561e-01   3.0813e+01   2.4310e+00   0.0000e+00   3.1620e-04   2.5575e+02
20251211_05:00:00   1.0482e-01   3.0672e+01   2.4088e+00   0.0000e+00   2.8760e-06   2.5708e+02
20251211_06:00:00   1.0948e-01   3.1819e+01   2.5223e+00   0.0000e+00   0.0000e+00   2.5787e+02
20251211_07:00:00   1.1721e-01   3.3538e+01   2.7250e+00   0.0000e+00   2.5080e-05   2.5851e+02
20251211_08:00:00   1.2806e-01   3.5932e+01   3.0120e+00   0.0000e+00   4.2156e-03   2.5835e+02
20251211_09:00:00   1.2766e-01   3.5967e+01   2.9905e+00   0.0000e+00   3.8396e-04   2.5850e+02
20251211_10:00:00   1.2373e-01   3.5156e+01   2.8764e+00   0.0000e+00   1.7276e-05   2.5849e+02
20251211_11:00:00   1.1946e-01   3.4223e+01   2.7557e+00   0.0000e+00   1.4922e-06   2.5775e+02
20251211_12:00:00   1.1883e-01   3.4108e+01   2.7339e+00   0.0000e+00   2.2380e-06   2.5711e+02
20251211_13:00:00   1.1890e-01   3.4161e+01   2.7296e+00   0.0000e+00   0.0000e+00   2.5625e+02
20251211_14:00:00   1.1646e-01   3.3645e+01   2.6584e+00   0.0000e+00   0.0000e+00   2.5468e+02
20251211_15:00:00   1.1824e-01   3.4077e+01   2.7034e+00   0.0000e+00   0.0000e+00   2.5457e+02
20251211_16:00:00   1.1824e-01   3.4097e+01   2.6955e+00   0.0000e+00   0.0000e+00   2.5440e+02
20251211_17:00:00   1.2391e-01   3.5418e+01   2.8345e+00   0.0000e+00   0.0000e+00   2.5352e+02
20251211_18:00:00   1.2765e-01   3.6301e+01   2.9285e+00   0.0000e+00   0.0000e+00   2.5391e+02
20251211_19:00:00   1.3064e-01   3.7017e+01   2.9930e+00   0.0000e+00   0.0000e+00   2.5615e+02
20251211_20:00:00   1.3332e-01   3.7651e+01   3.0633e+00   0.0000e+00   0.0000e+00   2.5705e+02
20251211_21:00:00   1.3195e-01   3.7367e+01   3.0319e+00   0.0000e+00   0.0000e+00   2.5794e+02
20251211_22:00:00   1.2696e-01   3.6206e+01   2.9153e+00   0.0000e+00   0.0000e+00   2.5756e+02
20251211_23:00:00   1.2016e-01   3.4595e+01   2.7539e+00   0.0000e+00   0.0000e+00   2.5714e+02
20251212_00:00:00   1.1601e-01   3.3645e+01   2.6478e+00   0.0000e+00   0.0000e+00   2.5732e+02
20251212_01:00:00   1.1545e-01   3.3541e+01   2.6314e+00   0.0000e+00   0.0000e+00   2.5809e+02
20251212_02:00:00   1.1952e-01   3.4480e+01   2.7490e+00   0.0000e+00   1.8600e-05   2.5854e+02
20251212_03:00:00   1.2033e-01   3.4668e+01   2.7644e+00   0.0000e+00   0.0000e+00   2.5902e+02
20251212_04:00:00   1.2230e-01   3.5199e+01   2.7896e+00   0.0000e+00   0.0000e+00   2.5818e+02
20251212_05:00:00   1.2469e-01   3.5776e+01   2.8331e+00   0.0000e+00   0.0000e+00   2.5748e+02
20251212_06:00:00   1.2709e-01   3.6331e+01   2.8917e+00   0.0000e+00   0.0000e+00   2.5666e+02
20251212_07:00:00   1.2967e-01   3.6960e+01   2.9408e+00   0.0000e+00   0.0000e+00   2.5752e+02
20251212_08:00:00   1.3400e-01   3.7992e+01   3.0313e+00   0.0000e+00   0.0000e+00   2.5703e+02
20251212_09:00:00   1.3523e-01   3.8326e+01   3.0471e+00   0.0000e+00   0.0000e+00   2.5562e+02
20251212_10:00:00   1.3275e-01   3.7795e+01   2.9785e+00   0.0000e+00   0.0000e+00   2.5411e+02
20251212_11:00:00   1.2904e-01   3.6987e+01   2.8721e+00   0.0000e+00   0.0000e+00   2.5412e+02
20251212_12:00:00   1.2568e-01   3.6241e+01   2.7754e+00   0.0000e+00   0.0000e+00   2.5429e+02
20251212_13:00:00   1.2497e-01   3.6077e+01   2.7543e+00   0.0000e+00   0.0000e+00   2.5375e+02
20251212_14:00:00   1.3321e-01   3.7956e+01   2.9607e+00   0.0000e+00   0.0000e+00   2.5289e+02
20251212_15:00:00   1.4775e-01   4.1229e+01   3.3265e+00   0.0000e+00   0.0000e+00   2.5203e+02
20251212_16:00:00   1.5664e-01   4.3259e+01   3.5334e+00   0.0000e+00   0.0000e+00   2.5139e+02
20251212_17:00:00   1.5999e-01   4.4037e+01   3.6121e+00   0.0000e+00   0.0000e+00   2.5155e+02
20251212_18:00:00   1.6260e-01   4.4649e+01   3.6675e+00   0.0000e+00   0.0000e+00   2.5292e+02
20251212_19:00:00   1.6288e-01   4.4739e+01   3.6797e+00   0.0000e+00   0.0000e+00   2.5273e+02
20251212_20:00:00   1.6294e-01   4.4796e+01   3.6763e+00   0.0000e+00   0.0000e+00   2.5271e+02
20251212_21:00:00   1.6116e-01   4.4413e+01   3.6394e+00   0.0000e+00   0.0000e+00   2.5214e+02
20251212_22:00:00   1.6191e-01   4.4570e+01   3.6489e+00   0.0000e+00   2.9520e-05   2.5095e+02
20251212_23:00:00   1.5968e-01   4.4067e+01   3.5959e+00   0.0000e+00   5.7520e-06   2.4976e+02
20251213_00:00:00   1.5716e-01   4.3494e+01   3.5530e+00   0.0000e+00   0.0000e+00   2.4831e+02
20251213_01:00:00   1.5610e-01   4.3248e+01   3.5361e+00   0.0000e+00   3.6220e-06   2.4653e+02
20251213_02:00:00   1.5419e-01   4.2827e+01   3.4866e+00   0.0000e+00   0.0000e+00   2.4652e+02
20251213_03:00:00   1.5082e-01   4.2052e+01   3.4153e+00   0.0000e+00   3.7300e-07   2.4533e+02
20251213_04:00:00   1.4630e-01   4.1013e+01   3.3103e+00   0.0000e+00   0.0000e+00   2.4440e+02
20251213_05:00:00   1.4116e-01   3.9824e+01   3.1885e+00   0.0000e+00   0.0000e+00   2.4529e+02
20251213_06:00:00   1.3431e-01   3.8239e+01   3.0217e+00   0.0000e+00   0.0000e+00   2.4523e+02
20251213_07:00:00   1.2705e-01   3.6556e+01   2.8423e+00   0.0000e+00   0.0000e+00   2.4459e+02
20251213_08:00:00   1.2082e-01   3.5108e+01   2.6848e+00   0.0000e+00   0.0000e+00   2.4598e+02
20251213_09:00:00   1.1559e-01   3.3874e+01   2.5550e+00   0.0000e+00   0.0000e+00   2.4638e+02
20251213_10:00:00   1.1116e-01   3.2811e+01   2.4490e+00   0.0000e+00   0.0000e+00   2.4626e+02
20251213_11:00:00   1.0822e-01   3.2097e+01   2.3714e+00   0.0000e+00   0.0000e+00   2.4705e+02
20251213_12:00:00   1.0526e-01   3.1383e+01   2.2966e+00   0.0000e+00   0.0000e+00   2.4688e+02
20251213_13:00:00   1.0362e-01   3.0984e+01   2.2584e+00   0.0000e+00   0.0000e+00   2.4696e+02
20251213_14:00:00   1.0336e-01   3.0913e+01   2.2497e+00   0.0000e+00   0.0000e+00   2.4595e+02
20251213_15:00:00   1.0347e-01   3.0939e+01   2.2512e+00   0.0000e+00   0.0000e+00   2.4441e+02
20251213_16:00:00   1.0454e-01   3.1205e+01   2.2718e+00   0.0000e+00   0.0000e+00   2.4304e+02
20251213_17:00:00   1.0327e-01   3.0916e+01   2.2406e+00   0.0000e+00   0.0000e+00   2.4220e+02
20251213_18:00:00   1.0211e-01   3.0660e+01   2.2062e+00   0.0000e+00   0.0000e+00   2.4191e+02
20251213_19:00:00   1.0027e-01   3.0232e+01   2.1615e+00   0.0000e+00   0.0000e+00   2.4186e+02
20251213_20:00:00   9.8856e-02   2.9896e+01   2.1309e+00   0.0000e+00   0.0000e+00   2.4146e+02
20251213_21:00:00   9.9635e-02   3.0059e+01   2.1634e+00   0.0000e+00   0.0000e+00   2.4231e+02
20251213_22:00:00   9.9756e-02   3.0073e+01   2.1784e+00   0.0000e+00   0.0000e+00   2.4305e+02
20251213_23:00:00   9.7321e-02   2.9503e+01   2.1160e+00   0.0000e+00   0.0000e+00   2.4340e+02
20251214_00:00:00   9.6028e-02   2.9216e+01   2.0742e+00   0.0000e+00   0.0000e+00   2.4373e+02
20251214_01:00:00   9.7959e-02   2.9705e+01   2.1100e+00   0.0000e+00   0.0000e+00   2.4299e+02
20251214_02:00:00   1.0119e-01   3.0477e+01   2.1842e+00   5.9190e-07   0.0000e+00   2.4261e+02
20251214_03:00:00   1.0148e-01   3.0527e+01   2.1950e+00   0.0000e+00   0.0000e+00   2.4257e+02
20251214_04:00:00   1.0354e-01   3.1008e+01   2.2473e+00   0.0000e+00   0.0000e+00   2.4328e+02
20251214_05:00:00   1.0590e-01   3.1543e+01   2.3062e+00   0.0000e+00   0.0000e+00   2.4379e+02
20251214_06:00:00   1.0927e-01   3.2316e+01   2.3881e+00   0.0000e+00   0.0000e+00   2.4521e+02
20251214_07:00:00   1.0867e-01   3.2159e+01   2.3701e+00   0.0000e+00   0.0000e+00   2.4595e+02
20251214_08:00:00   1.0597e-01   3.1525e+01   2.2970e+00   0.0000e+00   0.0000e+00   2.4585e+02
20251214_09:00:00   1.0329e-01   3.0882e+01   2.2263e+00   0.0000e+00   0.0000e+00   2.4694e+02
20251214_10:00:00   9.9707e-02   3.0022e+01   2.1370e+00   0.0000e+00   0.0000e+00   2.4736e+02
20251214_11:00:00   1.0219e-01   3.0585e+01   2.2026e+00   0.0000e+00   0.0000e+00   2.4701e+02
20251214_12:00:00   1.1016e-01   3.2448e+01   2.3972e+00   0.0000e+00   0.0000e+00   2.4689e+02
20251214_15:00:00   1.2249e-01   3.5283e+01   2.6981e+00   0.0000e+00   0.0000e+00   2.4652e+02
20251214_18:00:00   1.3386e-01   3.8062e+01   2.9075e+00   0.0000e+00   0.0000e+00   2.4501e+02
20251214_21:00:00   1.5969e-01   4.3955e+01   3.5066e+00   0.0000e+00   0.0000e+00   2.4468e+02
20251215_00:00:00   2.0611e-01   5.4006e+01   4.5613e+00   2.6180e-06   0.0000e+00   2.4317e+02
20251215_03:00:00   2.3081e-01   5.9249e+01   4.9937e+00   3.1330e-03   3.3740e-05   2.4104e+02
20251215_06:00:00   2.7545e-01   6.8253e+01   6.1295e+00   0.0000e+00   0.0000e+00   2.4434e+02
20251215_09:00:00   3.0012e-01   7.3009e+01   6.6355e+00   0.0000e+00   1.1111e-03   2.4565e+02
20251215_12:00:00   3.2908e-01   7.8290e+01   7.2952e+00   0.0000e+00   3.4586e-03   2.4279e+02
20251215_15:00:00   3.1484e-01   7.5691e+01   6.9267e+00   0.0000e+00   1.5474e-03   2.3880e+02
20251215_18:00:00   3.6461e-01   8.4889e+01   7.9499e+00   0.0000e+00   1.1028e-02   2.3996e+02
20251215_21:00:00   4.3930e-01   9.8060e+01   9.4707e+00   0.0000e+00   1.6156e-02   2.3925e+02
20251216_00:00:00   4.0524e-01   9.1936e+01   8.9289e+00   7.5990e-06   2.1235e-02   2.3823e+02
20251216_03:00:00   3.7353e-01   8.6057e+01   8.2395e+00   4.4630e-04   1.0735e-01   2.3815e+02
20251216_06:00:00   4.2298e-01   9.4688e+01   9.0679e+00   4.4450e-05   4.1771e-01   2.3980e+02
20251216_09:00:00   5.3464e-01   1.1318e+02   1.0871e+01   0.0000e+00   2.8812e-01   2.3943e+02
20251216_12:00:00   5.0449e-01   1.0833e+02   1.0349e+01   0.0000e+00   4.0682e-01   2.4037e+02
20251216_15:00:00   5.4394e-01   1.1470e+02   1.0949e+01   0.0000e+00   3.5679e-01   2.4209e+02
20251216_18:00:00   4.9275e-01   1.0678e+02   1.0083e+01   0.0000e+00   2.0745e-01   2.4384e+02
20251216_21:00:00   3.9468e-01   9.0602e+01   8.2466e+00   0.0000e+00   1.4265e-02   2.4386e+02
20251217_00:00:00   3.7553e-01   8.7520e+01   7.4412e+00   7.6290e-03   4.1520e-03   2.4234e+02
20251217_03:00:00   3.1722e-01   7.6781e+01   6.6336e+00   6.7560e-06   0.0000e+00   2.4425e+02
20251217_06:00:00   2.8592e-01   7.0619e+01   5.9795e+00   0.0000e+00   0.0000e+00   2.4369e+02
20251217_09:00:00   2.6192e-01   6.5696e+01   5.6410e+00   0.0000e+00   7.3822e-04   2.4454e+02
20251217_12:00:00   2.5602e-01   6.4428e+01   5.5216e+00   0.0000e+00   9.0000e-06   2.4534e+02
20251217_15:00:00   2.4422e-01   6.2118e+01   5.1915e+00   0.0000e+00   0.0000e+00   2.4779e+02
20251217_18:00:00   2.3246e-01   5.9590e+01   5.0472e+00   0.0000e+00   0.0000e+00   2.4975e+02
20251217_21:00:00   2.5136e-01   6.3308e+01   5.5494e+00   0.0000e+00   0.0000e+00   2.5045e+02
20251218_00:00:00   3.1550e-01   7.6180e+01   6.4801e+00   7.6480e-03   0.0000e+00   2.4920e+02
20251218_03:00:00   3.3659e-01   8.0167e+01   7.2674e+00   1.1370e-03   0.0000e+00   2.4711e+02
20251218_06:00:00   3.4498e-01   8.1643e+01   7.4953e+00   5.4690e-05   0.0000e+00   2.4836e+02
20251218_09:00:00   3.3818e-01   8.0218e+01   7.4011e+00   3.1980e-05   0.0000e+00   2.4919e+02
20251218_12:00:00   3.3662e-01   7.9925e+01   7.3595e+00   0.0000e+00   7.4620e-07   2.4992e+02
20251218_15:00:00   3.1761e-01   7.6559e+01   6.9209e+00   0.0000e+00   0.0000e+00   2.5137e+02
20251218_18:00:00   3.0345e-01   7.3993e+01   6.5628e+00   0.0000e+00   0.0000e+00   2.5208e+02
20251218_21:00:00   3.2042e-01   7.7519e+01   6.8695e+00   0.0000e+00   0.0000e+00   2.4970e+02
20251219_00:00:00   3.0796e-01   7.5226e+01   6.5101e+00   1.4155e-03   0.0000e+00   2.4955e+02
20251219_03:00:00   2.9702e-01   7.3079e+01   6.4201e+00   5.3340e-05   1.9976e-05   2.4932e+02
20251219_06:00:00   2.7293e-01   6.8018e+01   6.0753e+00   0.0000e+00   2.6400e-05   2.5196e+02
20251219_09:00:00   2.6123e-01   6.5535e+01   5.8522e+00   1.5790e-07   0.0000e+00   2.5123e+02
20251219_12:00:00   2.5203e-01   6.3738e+01   5.6314e+00   0.0000e+00   0.0000e+00   2.5185e+02
20251219_15:00:00   2.6089e-01   6.5477e+01   5.8474e+00   0.0000e+00   0.0000e+00   2.5067e+02
20251219_18:00:00   2.6710e-01   6.6713e+01   6.0159e+00   0.0000e+00   8.2365e-03   2.5130e+02
20251219_21:00:00   2.5379e-01   6.3947e+01   5.7698e+00   0.0000e+00   0.0000e+00   2.5323e+02
20251220_00:00:00   2.5234e-01   6.3612e+01   5.7532e+00   9.8410e-05   0.0000e+00   2.5145e+02
20251220_03:00:00   2.8221e-01   6.9781e+01   6.3856e+00   1.5030e-06   0.0000e+00   2.4964e+02
20251220_06:00:00   2.6995e-01   6.7322e+01   6.1290e+00   0.0000e+00   0.0000e+00   2.4840e+02
20251220_09:00:00   2.7792e-01   6.8940e+01   6.3003e+00   0.0000e+00   0.0000e+00   2.5120e+02
20251220_12:00:00   2.9308e-01   7.1821e+01   6.6572e+00   0.0000e+00   9.2587e-05   2.5282e+02
20251220_15:00:00   3.0841e-01   7.4737e+01   7.0094e+00   0.0000e+00   0.0000e+00   2.5088e+02
20251220_18:00:00   3.0374e-01   7.4079e+01   6.8610e+00   0.0000e+00   8.2923e-05   2.4938e+02
20251220_21:00:00   2.9699e-01   7.2949e+01   6.6942e+00   3.4220e-06   0.0000e+00   2.5037e+02
20251221_00:00:00   2.9404e-01   7.2360e+01   6.6597e+00   1.4850e-04   6.2442e-05   2.4964e+02
20251221_03:00:00   2.9654e-01   7.3190e+01   6.6691e+00   0.0000e+00   2.1569e-05   2.4821e+02
20251221_06:00:00   2.9117e-01   7.2141e+01   6.5777e+00   0.0000e+00   6.9100e-06   2.4680e+02
20251221_09:00:00   2.7647e-01   6.9292e+01   6.2088e+00   0.0000e+00   0.0000e+00   2.4688e+02
20251221_12:00:00   2.7246e-01   6.8362e+01   6.1242e+00   0.0000e+00   0.0000e+00   2.4578e+02
20251221_15:00:00   2.6116e-01   6.6116e+01   5.8958e+00   0.0000e+00   2.0423e-04   2.4594e+02
20251221_18:00:00   2.4724e-01   6.3228e+01   5.6430e+00   0.0000e+00   3.8903e-03   2.4631e+02
20251221_21:00:00   2.3599e-01   6.0897e+01   5.3993e+00   0.0000e+00   3.1421e-04   2.4496e+02
20251222_00:00:00   2.1799e-01   5.7131e+01   5.0141e+00   0.0000e+00   9.7426e-04   2.4508e+02
20251222_03:00:00   2.2061e-01   5.7617e+01   5.0821e+00   0.0000e+00   1.9126e-02   2.4480e+02
20251222_06:00:00   2.2230e-01   5.7964e+01   5.0811e+00   0.0000e+00   3.1895e-04   2.4409e+02
20251222_09:00:00   2.0977e-01   5.5393e+01   4.7827e+00   0.0000e+00   0.0000e+00   2.4385e+02
20251222_12:00:00   2.1564e-01   5.6549e+01   4.9345e+00   0.0000e+00   0.0000e+00   2.4622e+02
20251222_15:00:00   2.0441e-01   5.4207e+01   4.6366e+00   0.0000e+00   0.0000e+00   2.4518e+02
20251222_18:00:00   1.9976e-01   5.3265e+01   4.5159e+00   0.0000e+00   0.0000e+00   2.4372e+02
20251222_21:00:00   1.8588e-01   5.0324e+01   4.1878e+00   0.0000e+00   0.0000e+00   2.4486e+02
20251223_00:00:00   1.7794e-01   4.8570e+01   3.9995e+00   6.2230e-07   0.0000e+00   2.4337e+02
20251223_03:00:00   1.7077e-01   4.6996e+01   3.8510e+00   0.0000e+00   0.0000e+00   2.4318e+02
20251223_06:00:00   1.6900e-01   4.6565e+01   3.8026e+00   0.0000e+00   0.0000e+00   2.4093e+02
20251223_09:00:00   1.5631e-01   4.3640e+01   3.5155e+00   0.0000e+00   0.0000e+00   2.4220e+02
20251223_12:00:00   1.3784e-01   3.9404e+01   3.0691e+00   0.0000e+00   0.0000e+00   2.4257e+02
20251223_15:00:00   1.2845e-01   3.7236e+01   2.8394e+00   0.0000e+00   0.0000e+00   2.4297e+02
20251223_18:00:00   1.2366e-01   3.6102e+01   2.7090e+00   0.0000e+00   0.0000e+00   2.4466e+02
20251223_21:00:00   1.2363e-01   3.6140e+01   2.6950e+00   0.0000e+00   6.5320e-05   2.4497e+02
20251224_00:00:00   1.3266e-01   3.8349e+01   2.8935e+00   0.0000e+00   1.9052e-04   2.4224e+02
20251224_03:00:00   1.2920e-01   3.7606e+01   2.7910e+00   0.0000e+00   6.9920e-04   2.4190e+02
20251224_06:00:00   1.4426e-01   4.1162e+01   3.0984e+00   0.0000e+00   2.1120e-03   2.4186e+02
20251224_09:00:00   1.5253e-01   4.3143e+01   3.2389e+00   0.0000e+00   3.7520e-03   2.4239e+02
20251224_12:00:00   1.6931e-01   4.6916e+01   3.5649e+00   0.0000e+00   1.8820e-03   2.4381e+02
20251224_15:00:00   1.9084e-01   5.1674e+01   4.0115e+00   0.0000e+00   1.9282e-04   2.4381e+02
20251224_18:00:00   1.7320e-01   4.7738e+01   3.6542e+00   0.0000e+00   2.0318e-03   2.4377e+02
20251224_21:00:00   1.6842e-01   4.6663e+01   3.5224e+00   0.0000e+00   4.4254e-03   2.4753e+02
20251225_00:00:00   1.7289e-01   4.7654e+01   3.6154e+00   1.2680e-05   5.8270e-03   2.5034e+02
20251225_03:00:00   1.6249e-01   4.5285e+01   3.3397e+00   1.2130e-03   1.2256e-03   2.4854e+02
20251225_06:00:00   1.5491e-01   4.3456e+01   3.2524e+00   0.0000e+00   1.3106e-04   2.5018e+02
20251225_09:00:00   1.5204e-01   4.2704e+01   3.1922e+00   0.0000e+00   5.4876e-03   2.4971e+02
20251225_12:00:00   1.4274e-01   4.0495e+01   2.9925e+00   0.0000e+00   6.5995e-04   2.4813e+02
