#            date       tau255        Tb[K]      pwv[mm] lwp[kg*m^-2] iwp[kg*m^-2]       o3[DU]
20251212_00:00:00   1.1763e-01   3.3807e+01   2.7605e+00   0.0000e+00   3.7300e-07   2.5376e+02
20251212_01:00:00   1.1371e-01   3.2937e+01   2.6470e+00   0.0000e+00   0.0000e+00   2.5394e+02
20251212_02:00:00   1.1478e-01   3.3233e+01   2.6723e+00   0.0000e+00   0.0000e+00   2.5390e+02
20251212_03:00:00   1.1849e-01   3.4112e+01   2.7635e+00   0.0000e+00   0.0000e+00   2.5574e+02
20251212_04:00:00   1.2168e-01   3.4918e+01   2.8289e+00   0.0000e+00   0.0000e+00   2.5732e+02
20251212_05:00:00   1.2639e-01   3.6077e+01   2.9307e+00   0.0000e+00   0.0000e+00   2.5755e+02
20251212_06:00:00   1.3081e-01   3.7158e+01   3.0272e+00   0.0000e+00   0.0000e+00   2.5772e+02
20251212_07:00:00   1.2652e-01   3.6249e+01   2.8959e+00   0.0000e+00   0.0000e+00   2.5816e+02
20251212_08:00:00   1.2632e-01   3.6221e+01   2.8855e+00   0.0000e+00   0.0000e+00   2.5900e+02
20251212_09:00:00   1.3515e-01   3.8293e+01   3.0960e+00   0.0000e+00   0.0000e+00   2.5839e+02
20251212_10:00:00   1.4944e-01   4.1587e+01   3.4284e+00   0.0000e+00   0.0000e+00   2.5757e+02
20251212_11:00:00   1.6244e-01   4.4554e+01   3.7194e+00   0.0000e+00   0.0000e+00   2.5684e+02
20251212_12:00:00   1.6818e-01   4.5857e+01   3.8421e+00   0.0000e+00   0.0000e+00   2.5591e+02
20251212_13:00:00   1.7031e-01   4.6348e+01   3.8760e+00   0.0000e+00   0.0000e+00   2.5543e+02
20251212_14:00:00   1.6582e-01   4.5367e+01   3.7601e+00   0.0000e+00   0.0000e+00   2.5579e+02
20251212_15:00:00   1.6245e-01   4.4599e+01   3.6887e+00   0.0000e+00   0.0000e+00   2.5616e+02
20251212_16:00:00   1.6442e-01   4.5013e+01   3.7394e+00   0.0000e+00   0.0000e+00   2.5764e+02
20251212_17:00:00   1.7782e-01   4.8013e+01   4.0441e+00   0.0000e+00   0.0000e+00   2.5928e+02
20251212_18:00:00   1.9063e-01   5.0897e+01   4.3195e+00   0.0000e+00   0.0000e+00   2.6069e+02
20251212_19:00:00   2.0233e-01   5.3522e+01   4.5665e+00   0.0000e+00   0.0000e+00   2.6141e+02
20251212_20:00:00   2.1161e-01   5.5566e+01   4.7633e+00   0.0000e+00   0.0000e+00   2.6086e+02
20251212_21:00:00   2.1612e-01   5.6580e+01   4.8466e+00   0.0000e+00   0.0000e+00   2.5961e+02
20251212_22:00:00   2.1649e-01   5.6719e+01   4.8302e+00   0.0000e+00   0.0000e+00   2.5817e+02
20251212_23:00:00   2.1680e-01   5.6837e+01   4.8050e+00   2.0400e-08   0.0000e+00   2.5695e+02
20251213_00:00:00   2.1530e-01   5.6520e+01   4.7798e+00   0.0000e+00   0.0000e+00   2.5634e+02
20251213_01:00:00   2.1428e-01   5.6325e+01   4.7554e+00   0.0000e+00   0.0000e+00   2.5745e+02
20251213_02:00:00   2.1509e-01   5.6535e+01   4.7715e+00   2.5770e-06   0.0000e+00   2.5654e+02
20251213_03:00:00   2.1222e-01   5.5943e+01   4.6897e+00   2.4650e-04   0.0000e+00   2.5445e+02
20251213_04:00:00   2.0563e-01   5.4543e+01   4.5612e+00   5.1210e-06   0.0000e+00   2.5138e+02
20251213_05:00:00   1.9362e-01   5.1952e+01   4.2914e+00   1.0520e-06   0.0000e+00   2.4904e+02
20251213_06:00:00   1.7756e-01   4.8396e+01   3.9373e+00   3.7920e-07   0.0000e+00   2.4925e+02
20251213_07:00:00   1.6025e-01   4.4460e+01   3.5590e+00   9.3040e-07   0.0000e+00   2.5008e+02
20251213_08:00:00   1.4637e-01   4.1221e+01   3.2516e+00   0.0000e+00   0.0000e+00   2.5092e+02
20251213_09:00:00   1.3646e-01   3.8884e+01   3.0281e+00   0.0000e+00   0.0000e+00   2.5036e+02
20251213_10:00:00   1.3072e-01   3.7501e+01   2.9032e+00   0.0000e+00   0.0000e+00   2.5002e+02
20251213_11:00:00   1.2618e-01   3.6446e+01   2.7932e+00   0.0000e+00   0.0000e+00   2.4961e+02
20251213_12:00:00   1.2177e-01   3.5409e+01   2.6852e+00   0.0000e+00   0.0000e+00   2.4942e+02
20251213_13:00:00   1.1837e-01   3.4596e+01   2.6068e+00   0.0000e+00   0.0000e+00   2.5021e+02
20251213_14:00:00   1.1577e-01   3.3987e+01   2.5478e+00   0.0000e+00   0.0000e+00   2.5011e+02
20251213_15:00:00   1.1668e-01   3.4194e+01   2.5658e+00   0.0000e+00   0.0000e+00   2.4912e+02
20251213_16:00:00   1.1815e-01   3.4558e+01   2.5935e+00   0.0000e+00   0.0000e+00   2.4914e+02
20251213_17:00:00   1.1592e-01   3.4041e+01   2.5347e+00   0.0000e+00   0.0000e+00   2.4889e+02
20251213_18:00:00   1.1176e-01   3.3057e+01   2.4352e+00   0.0000e+00   0.0000e+00   2.4895e+02
20251213_19:00:00   1.0704e-01   3.1924e+01   2.3255e+00   0.0000e+00   0.0000e+00   2.4893e+02
20251213_20:00:00   1.0309e-01   3.0962e+01   2.2345e+00   0.0000e+00   0.0000e+00   2.4866e+02
20251213_21:00:00   1.0261e-01   3.0819e+01   2.2275e+00   0.0000e+00   0.0000e+00   2.4805e+02
20251213_22:00:00   1.0280e-01   3.0848e+01   2.2365e+00   0.0000e+00   0.0000e+00   2.4778e+02
20251213_23:00:00   1.0540e-01   3.1467e+01   2.2978e+00   0.0000e+00   0.0000e+00   2.4794e+02
20251214_00:00:00   1.0598e-01   3.1595e+01   2.3116e+00   0.0000e+00   0.0000e+00   2.4722e+02
20251214_01:00:00   1.0603e-01   3.1597e+01   2.3099e+00   0.0000e+00   0.0000e+00   2.4765e+02
20251214_02:00:00   1.0318e-01   3.0906e+01   2.2450e+00   0.0000e+00   0.0000e+00   2.4708e+02
20251214_03:00:00   1.0098e-01   3.0327e+01   2.2128e+00   0.0000e+00   0.0000e+00   2.4714e+02
20251214_04:00:00   1.0188e-01   3.0515e+01   2.2404e+00   0.0000e+00   0.0000e+00   2.4795e+02
20251214_05:00:00   1.0335e-01   3.0810e+01   2.2917e+00   0.0000e+00   0.0000e+00   2.4841e+02
20251214_06:00:00   1.0876e-01   3.1997e+01   2.4455e+00   0.0000e+00   0.0000e+00   2.4841e+02
20251214_07:00:00   1.0781e-01   3.1758e+01   2.4217e+00   0.0000e+00   0.0000e+00   2.4868e+02
20251214_08:00:00   1.0728e-01   3.1615e+01   2.4121e+00   0.0000e+00   0.0000e+00   2.4839e+02
20251214_09:00:00   1.0243e-01   3.0469e+01   2.2878e+00   0.0000e+00   0.0000e+00   2.4785e+02
20251214_10:00:00   1.0009e-01   2.9905e+01   2.2264e+00   0.0000e+00   0.0000e+00   2.4723e+02
20251214_11:00:00   1.0259e-01   3.0470e+01   2.2893e+00   0.0000e+00   3.4560e-06   2.4726e+02
20251214_12:00:00   1.0437e-01   3.0847e+01   2.3456e+00   0.0000e+00   3.4560e-06   2.4725e+02
20251214_13:00:00   1.0941e-01   3.2008e+01   2.4753e+00   0.0000e+00   1.7276e-06   2.4777e+02
20251214_14:00:00   1.1280e-01   3.2871e+01   2.5384e+00   0.0000e+00   0.0000e+00   2.4758e+02
20251214_15:00:00   1.1917e-01   3.4393e+01   2.6838e+00   0.0000e+00   0.0000e+00   2.4685e+02
20251214_16:00:00   1.2900e-01   3.6721e+01   2.9014e+00   0.0000e+00   0.0000e+00   2.4705e+02
20251214_17:00:00   1.3508e-01   3.8138e+01   3.0404e+00   0.0000e+00   0.0000e+00   2.4642e+02
20251214_18:00:00   1.3970e-01   3.9193e+01   3.1532e+00   0.0000e+00   0.0000e+00   2.4603e+02
20251214_19:00:00   1.4196e-01   3.9664e+01   3.2233e+00   0.0000e+00   0.0000e+00   2.4643e+02
20251214_20:00:00   1.4583e-01   4.0479e+01   3.3368e+00   0.0000e+00   0.0000e+00   2.4632e+02
20251214_21:00:00   1.4723e-01   4.0775e+01   3.3816e+00   0.0000e+00   0.0000e+00   2.4578e+02
20251214_22:00:00   1.4881e-01   4.1146e+01   3.4171e+00   0.0000e+00   0.0000e+00   2.4406e+02
20251214_23:00:00   1.5851e-01   4.3385e+01   3.6263e+00   0.0000e+00   0.0000e+00   2.4238e+02
20251215_00:00:00   1.6994e-01   4.5937e+01   3.8913e+00   1.3000e-06   0.0000e+00   2.4096e+02
20251215_01:00:00   1.8593e-01   4.9523e+01   4.1720e+00   1.4869e-03   0.0000e+00   2.4007e+02
20251215_02:00:00   1.9687e-01   5.1896e+01   4.4832e+00   2.2727e-04   0.0000e+00   2.4093e+02
20251215_03:00:00   2.2489e-01   5.8063e+01   5.0208e+00   5.9710e-04   3.4556e-06   2.4118e+02
20251215_04:00:00   2.5988e-01   6.5394e+01   5.7424e+00   5.7102e-04   0.0000e+00   2.4094e+02
20251215_05:00:00   2.8732e-01   7.0851e+01   6.3504e+00   1.7790e-04   2.0735e-05   2.4102e+02
20251215_06:00:00   3.0273e-01   7.3758e+01   6.7115e+00   6.9330e-06   7.4286e-05   2.4175e+02
20251215_07:00:00   2.9605e-01   7.2331e+01   6.6326e+00   0.0000e+00   1.9672e-04   2.4376e+02
20251215_08:00:00   3.0389e-01   7.3728e+01   6.8487e+00   3.4900e-06   5.4326e-04   2.4431e+02
20251215_09:00:00   3.0807e-01   7.4441e+01   6.9739e+00   8.9840e-05   2.2039e-03   2.4432e+02
20251215_10:00:00   3.1865e-01   7.6360e+01   7.2175e+00   1.7770e-04   6.5733e-03   2.4452e+02
20251215_11:00:00   3.2344e-01   7.7208e+01   7.3700e+00   1.2960e-05   1.8220e-02   2.4512e+02
20251215_12:00:00   3.3482e-01   7.9281e+01   7.6406e+00   8.0340e-07   4.1373e-03   2.4538e+02
20251215_13:00:00   3.5386e-01   8.2856e+01   8.0119e+00   0.0000e+00   7.2789e-03   2.4528e+02
20251215_14:00:00   3.8040e-01   8.7597e+01   8.5825e+00   0.0000e+00   3.1380e-02   2.4493e+02
20251215_15:00:00   3.9922e-01   9.1023e+01   8.9414e+00   0.0000e+00   3.1299e-02   2.4475e+02
20251215_16:00:00   4.2563e-01   9.5714e+01   9.3917e+00   0.0000e+00   1.0755e-01   2.4366e+02
20251215_17:00:00   4.4001e-01   9.8319e+01   9.6812e+00   0.0000e+00   2.6630e-02   2.4435e+02
20251215_18:00:00   4.5809e-01   1.0138e+02   9.9925e+00   0.0000e+00   8.7077e-02   2.4513e+02
20251215_19:00:00   5.0973e-01   1.0995e+02   1.0880e+01   0.0000e+00   1.1133e-01   2.4501e+02
20251215_20:00:00   5.4616e-01   1.1586e+02   1.1484e+01   0.0000e+00   1.0043e-01   2.4512e+02
20251215_21:00:00   5.1342e-01   1.1059e+02   1.0894e+01   0.0000e+00   1.3873e-01   2.4612e+02
20251215_22:00:00   5.1301e-01   1.1042e+02   1.0864e+01   0.0000e+00   2.2424e-01   2.4673e+02
20251215_23:00:00   4.6156e-01   1.0214e+02   9.9416e+00   0.0000e+00   2.1923e-02   2.4702e+02
20251216_00:00:00   4.7810e-01   1.0464e+02   1.0213e+01   9.5140e-07   2.2394e-01   2.4691e+02
20251216_01:00:00   5.0283e-01   1.0850e+02   1.0582e+01   7.8540e-05   4.0049e-01   2.4785e+02
20251216_02:00:00   5.3936e-01   1.1427e+02   1.1232e+01   8.1100e-05   4.8714e-01   2.4757e+02
20251216_03:00:00   5.6897e-01   1.1898e+02   1.1677e+01   4.8320e-04   2.9759e-01   2.4711e+02
20251216_04:00:00   5.8189e-01   1.2084e+02   1.1884e+01   6.1236e-04   2.8544e-01   2.4615e+02
20251216_05:00:00   5.9762e-01   1.2335e+02   1.2080e+01   4.8796e-04   2.2874e-01   2.4691e+02
20251216_06:00:00   5.5998e-01   1.1764e+02   1.1594e+01   3.5852e-04   6.3211e-02   2.4749e+02
20251216_07:00:00   5.5610e-01   1.1689e+02   1.1457e+01   1.5620e-04   2.6486e-01   2.4888e+02
20251216_08:00:00   5.7356e-01   1.1971e+02   1.1555e+01   2.6278e-03   3.6735e-01   2.4917e+02
20251216_09:00:00   5.4478e-01   1.1528e+02   1.1162e+01   4.8380e-05   2.4319e-01   2.4724e+02
20251216_10:00:00   5.9594e-01   1.2316e+02   1.1956e+01   0.0000e+00   2.5274e-01   2.4517e+02
20251216_11:00:00   5.9312e-01   1.2254e+02   1.1898e+01   0.0000e+00   3.0859e-01   2.4519e+02
20251216_12:00:00   6.5690e-01   1.3209e+02   1.2211e+01   1.4949e-02   2.3716e-01   2.4596e+02
20251216_13:00:00   6.1190e-01   1.2570e+02   1.1977e+01   1.9411e-03   2.0146e-01   2.4508e+02
20251216_14:00:00   6.2292e-01   1.2718e+02   1.2136e+01   2.9597e-03   1.7742e-01   2.4422e+02
20251216_15:00:00   6.2837e-01   1.2765e+02   1.2206e+01   1.7195e-03   5.9343e-01   2.4343e+02
20251216_16:00:00   5.7558e-01   1.2005e+02   1.1429e+01   5.9540e-04   3.6141e-01   2.4224e+02
20251216_17:00:00   5.0254e-01   1.0891e+02   1.0331e+01   0.0000e+00   1.0559e-01   2.4124e+02
20251216_18:00:00   4.4471e-01   9.9589e+01   9.2161e+00   0.0000e+00   2.5921e-02   2.4003e+02
20251216_19:00:00   4.1081e-01   9.3765e+01   8.6270e+00   0.0000e+00   9.6667e-03   2.4051e+02
20251216_20:00:00   3.7294e-01   8.7067e+01   7.8981e+00   0.0000e+00   4.7230e-05   2.4178e+02
20251216_21:00:00   3.7919e-01   8.7946e+01   8.0893e+00   1.3610e-06   4.8633e-02   2.4240e+02
20251216_22:00:00   4.0986e-01   9.4017e+01   7.7447e+00   1.6763e-02   3.9722e-03   2.4231e+02
20251216_23:00:00   5.9962e-01   1.2586e+02   6.8380e+00   1.0790e-01   0.0000e+00   2.4322e+02
20251217_00:00:00   4.7332e-01   1.0580e+02   6.7170e+00   5.7433e-02   0.0000e+00   2.4179e+02
20251217_03:00:00   2.8911e-01   7.1589e+01   5.9861e+00   1.0805e-04   0.0000e+00   2.4094e+02
20251217_06:00:00   2.4101e-01   6.1843e+01   5.0646e+00   0.0000e+00   0.0000e+00   2.4194e+02
20251217_09:00:00   2.0000e-01   5.3117e+01   4.2394e+00   0.0000e+00   0.0000e+00   2.4114e+02
20251217_12:00:00   1.8246e-01   4.9220e+01   3.8802e+00   0.0000e+00   0.0000e+00   2.4516e+02
20251217_15:00:00   1.7074e-01   4.6454e+01   3.7075e+00   0.0000e+00   0.0000e+00   2.4648e+02
20251217_18:00:00   1.7628e-01   4.7593e+01   3.8535e+00   0.0000e+00   0.0000e+00   2.4773e+02
20251217_21:00:00   1.6155e-01   4.4380e+01   3.5411e+00   0.0000e+00   0.0000e+00   2.4931e+02
20251218_00:00:00   1.6978e-01   4.6285e+01   3.6998e+00   9.7840e-05   0.0000e+00   2.4960e+02
20251218_03:00:00   1.6291e-01   4.4741e+01   3.5821e+00   2.8740e-05   0.0000e+00   2.4679e+02
20251218_06:00:00   1.6311e-01   4.4692e+01   3.6216e+00   0.0000e+00   0.0000e+00   2.4504e+02
20251218_09:00:00   1.7467e-01   4.7289e+01   3.8601e+00   0.0000e+00   0.0000e+00   2.4508e+02
20251218_12:00:00   1.7101e-01   4.6391e+01   3.8061e+00   0.0000e+00   0.0000e+00   2.4616e+02
20251218_15:00:00   1.5695e-01   4.3170e+01   3.5306e+00   0.0000e+00   0.0000e+00   2.4646e+02
20251218_18:00:00   1.4569e-01   4.0642e+01   3.2881e+00   0.0000e+00   0.0000e+00   2.4551e+02
20251218_21:00:00   1.4296e-01   3.9935e+01   3.2621e+00   0.0000e+00   0.0000e+00   2.4598e+02
20251219_00:00:00   1.4461e-01   4.0302e+01   3.3078e+00   8.9960e-05   0.0000e+00   2.4496e+02
20251219_03:00:00   1.4483e-01   4.0497e+01   3.1973e+00   1.3620e-03   0.0000e+00   2.4551e+02
20251219_06:00:00   1.3116e-01   3.7226e+01   2.9903e+00   2.3620e-07   0.0000e+00   2.4673e+02
20251219_09:00:00   1.3395e-01   3.7895e+01   3.0509e+00   0.0000e+00   0.0000e+00   2.4687e+02
20251219_12:00:00   1.4313e-01   3.9870e+01   3.2922e+00   0.0000e+00   0.0000e+00   2.4684e+02
20251219_15:00:00   1.5984e-01   4.3368e+01   3.7623e+00   0.0000e+00   5.3938e-04   2.4428e+02
20251219_18:00:00   1.5084e-01   4.1394e+01   3.5497e+00   0.0000e+00   1.0366e-05   2.4772e+02
20251219_21:00:00   1.4603e-01   4.0299e+01   3.4418e+00   0.0000e+00   0.0000e+00   2.5011e+02
20251220_00:00:00   1.3796e-01   3.8544e+01   3.2364e+00   1.6120e-06   0.0000e+00   2.4907e+02
20251220_03:00:00   1.3388e-01   3.7657e+01   3.1209e+00   1.2420e-04   0.0000e+00   2.5027e+02
20251220_06:00:00   1.3048e-01   3.6878e+01   3.0252e+00   1.4320e-04   0.0000e+00   2.4927e+02
20251220_09:00:00   1.5433e-01   4.2316e+01   3.6100e+00   7.2580e-05   0.0000e+00   2.4921e+02
20251220_12:00:00   1.7759e-01   4.7482e+01   4.1654e+00   1.3110e-06   0.0000e+00   2.4792e+02
20251220_15:00:00   2.1269e-01   5.5170e+01   4.9332e+00   0.0000e+00   0.0000e+00   2.4771e+02
20251220_18:00:00   2.2788e-01   5.8607e+01   5.2236e+00   0.0000e+00   2.4903e-04   2.4989e+02
20251220_21:00:00   2.3489e-01   6.0139e+01   5.3853e+00   0.0000e+00   1.6725e-04   2.5126e+02
20251221_00:00:00   2.5477e-01   6.4357e+01   5.7900e+00   1.0130e-04   0.0000e+00   2.5153e+02
20251221_03:00:00   2.6547e-01   6.6685e+01   6.0057e+00   8.6780e-06   3.4560e-06   2.4846e+02
20251221_06:00:00   2.7020e-01   6.7666e+01   6.1015e+00   0.0000e+00   6.1664e-04   2.4831e+02
20251221_09:00:00   2.6296e-01   6.6096e+01   5.9892e+00   0.0000e+00   4.7284e-04   2.4745e+02
20251221_12:00:00   2.4722e-01   6.2795e+01   5.6585e+00   0.0000e+00   0.0000e+00   2.4517e+02
20251221_15:00:00   2.3030e-01   5.9374e+01   5.2649e+00   0.0000e+00   0.0000e+00   2.4437e+02
20251221_18:00:00   2.0468e-01   5.4035e+01   4.6912e+00   0.0000e+00   5.0360e-04   2.4606e+02
20251221_21:00:00   1.8753e-01   5.0254e+01   4.3583e+00   0.0000e+00   8.6400e-05   2.4687e+02
20251222_00:00:00   1.7248e-01   4.7015e+01   3.9883e+00   1.5250e-07   0.0000e+00   2.4631e+02
20251222_03:00:00   1.7788e-01   4.8233e+01   4.1460e+00   1.5090e-06   0.0000e+00   2.4413e+02
20251222_06:00:00   1.9454e-01   5.1803e+01   4.5710e+00   0.0000e+00   0.0000e+00   2.4502e+02
20251222_09:00:00   2.0878e-01   5.4789e+01   4.8680e+00   0.0000e+00   1.3318e-05   2.4534e+02
20251222_12:00:00   2.1371e-01   5.5894e+01   4.9802e+00   0.0000e+00   1.4934e-04   2.4398e+02
20251222_15:00:00   2.1727e-01   5.6509e+01   5.0892e+00   0.0000e+00   7.9696e-03   2.4079e+02
20251222_18:00:00   2.2696e-01   5.8580e+01   5.3313e+00   0.0000e+00   3.9052e-03   2.3931e+02
20251222_21:00:00   2.2711e-01   5.8811e+01   5.2966e+00   0.0000e+00   3.2421e-03   2.4171e+02
20251223_00:00:00   2.1741e-01   5.6708e+01   5.1217e+00   0.0000e+00   2.1510e-03   2.4034e+02
20251223_03:00:00   2.1472e-01   5.6123e+01   5.0593e+00   0.0000e+00   1.0274e-02   2.3823e+02
20251223_06:00:00   2.2748e-01   5.8817e+01   5.3311e+00   0.0000e+00   5.1306e-02   2.4110e+02
20251223_09:00:00   2.2421e-01   5.8294e+01   5.1854e+00   0.0000e+00   4.0717e-02   2.4046e+02
20251223_12:00:00   2.0720e-01   5.4851e+01   4.6968e+00   0.0000e+00   2.6433e-02   2.4315e+02
20251223_15:00:00   1.9794e-01   5.2861e+01   4.4441e+00   0.0000e+00   1.1717e-02   2.4486e+02
20251223_18:00:00   1.9563e-01   5.2431e+01   4.3209e+00   0.0000e+00   5.2117e-03   2.4663e+02
20251223_21:00:00   1.6991e-01   4.6839e+01   3.6991e+00   0.0000e+00   2.9641e-03   2.4707e+02
20251224_00:00:00   1.7602e-01   4.8322e+01   3.7725e+00   0.0000e+00   1.2976e-03   2.4537e+02
20251224_03:00:00   1.7245e-01   4.7600e+01   3.6364e+00   0.0000e+00   1.0534e-03   2.4556e+02
20251224_06:00:00   1.7922e-01   4.9157e+01   3.7334e+00   0.0000e+00   1.7432e-03   2.4502e+02
20251224_09:00:00   1.7598e-01   4.8412e+01   3.6626e+00   0.0000e+00   1.7799e-03   2.4535e+02
20251224_12:00:00   1.6418e-01   4.5718e+01   3.4293e+00   0.0000e+00   8.6380e-04   2.4748e+02
20251224_15:00:00   1.5315e-01   4.3201e+01   3.2148e+00   0.0000e+00   1.5193e-03   2.4860e+02
20251224_18:00:00   1.4307e-01   4.0856e+01   3.0180e+00   0.0000e+00   2.0801e-04   2.5011e+02
20251224_21:00:00   1.3750e-01   3.9555e+01   2.8950e+00   0.0000e+00   5.9497e-05   2.4967e+02
20251225_00:00:00   1.5091e-01   4.2720e+01   3.1304e+00   0.0000e+00   7.4800e-06   2.4931e+02
20251225_03:00:00   1.5693e-01   4.4108e+01   3.2882e+00   0.0000e+00   1.4380e-06   2.4868e+02
20251225_06:00:00   1.5153e-01   4.2789e+01   3.2134e+00   0.0000e+00   0.0000e+00   2.4642e+02
20251225_09:00:00   1.4919e-01   4.2206e+01   3.1612e+00   0.0000e+00   0.0000e+00   2.4810e+02
20251225_12:00:00   1.4854e-01   4.2061e+01   3.1303e+00   0.0000e+00   0.0000e+00   2.4584e+02
20251225_15:00:00   1.4551e-01   4.1341e+01   3.0500e+00   0.0000e+00   4.5700e-04   2.4612e+02
20251225_18:00:00   1.4299e-01   4.0760e+01   3.0020e+00   0.0000e+00   8.8480e-04   2.4620e+02
20251225_21:00:00   1.3465e-01   3.8815e+01   2.8380e+00   0.0000e+00   9.8620e-04   2.4666e+02
20251226_00:00:00   1.3585e-01   3.9078e+01   2.8639e+00   0.0000e+00   2.1480e-04   2.4772e+02
20251226_03:00:00   1.2894e-01   3.7506e+01   2.7150e+00   0.0000e+00   3.0760e-04   2.4786e+02
20251226_06:00:00   1.2583e-01   3.6767e+01   2.6268e+00   0.0000e+00   5.1900e-05   2.4871e+02
20251226_09:00:00   1.1851e-01   3.4977e+01   2.4646e+00   0.0000e+00   3.1860e-04   2.5020e+02
20251226_12:00:00   1.1561e-01   3.4258e+01   2.3849e+00   0.0000e+00   3.2960e-04   2.5084e+02
20251226_15:00:00   1.1780e-01   3.4737e+01   2.4353e+00   0.0000e+00   3.4020e-04   2.4934e+02
20251226_18:00:00   1.0896e-01   3.2563e+01   2.2595e+00   0.0000e+00   1.8162e-03   2.5110e+02
20251226_21:00:00   1.0727e-01   3.2128e+01   2.2257e+00   0.0000e+00   1.7970e-03   2.5395e+02
20251227_00:00:00   1.0439e-01   3.1412e+01   2.1590e+00   0.0000e+00   3.7607e-03   2.5162e+02
20251227_03:00:00   9.8488e-02   2.9919e+01   2.0539e+00   0.0000e+00   3.9596e-03   2.5429e+02
20251227_06:00:00   9.6881e-02   2.9547e+01   1.9998e+00   0.0000e+00   2.3622e-03   2.5660e+02
20251227_09:00:00   1.0417e-01   3.1227e+01   2.1706e+00   0.0000e+00   9.1555e-03   2.5747e+02
20251227_12:00:00   1.0238e-01   3.0746e+01   2.1269e+00   0.0000e+00   6.5259e-03   2.5545e+02
20251227_15:00:00   9.9803e-02   3.0022e+01   2.0911e+00   0.0000e+00   3.0626e-03   2.5826e+02
20251227_18:00:00   1.0324e-01   3.0790e+01   2.1843e+00   0.0000e+00   3.2359e-03   2.5937e+02
20251227_21:00:00   1.0949e-01   3.2039e+01   2.4255e+00   0.0000e+00   1.2090e-03   2.5843e+02
20251228_00:00:00   1.1346e-01   3.3148e+01   2.4284e+00   5.7510e-05   0.0000e+00   2.5903e+02
