#            date       tau255        Tb[K]      pwv[mm] lwp[kg*m^-2] iwp[kg*m^-2]       o3[DU]
20251207_12:00:00   8.4682e-02   2.5372e+01   1.9565e+00   0.0000e+00   4.6094e-03   2.5922e+02
20251207_13:00:00   8.7013e-02   2.5945e+01   2.0109e+00   0.0000e+00   3.0815e-03   2.5714e+02
20251207_14:00:00   8.9538e-02   2.6532e+01   2.0793e+00   0.0000e+00   9.1200e-03   2.5824e+02
20251207_15:00:00   9.3389e-02   2.7421e+01   2.1656e+00   0.0000e+00   2.1757e-02   2.5979e+02
20251207_16:00:00   9.6543e-02   2.8205e+01   2.2358e+00   0.0000e+00   1.6402e-02   2.5904e+02
20251207_17:00:00   9.7832e-02   2.8544e+01   2.2640e+00   0.0000e+00   1.8670e-02   2.6038e+02
20251207_18:00:00   1.0268e-01   2.9720e+01   2.3757e+00   0.0000e+00   8.4343e-03   2.6157e+02
20251207_19:00:00   1.0709e-01   3.0845e+01   2.4631e+00   0.0000e+00   3.9990e-03   2.6253e+02
20251207_20:00:00   1.0189e-01   2.9696e+01   2.2997e+00   0.0000e+00   3.1852e-03   2.6195e+02
20251207_21:00:00   9.0402e-02   2.7203e+01   1.9704e+00   0.0000e+00   1.9010e-03   2.6155e+02
20251207_22:00:00   8.7548e-02   2.6693e+01   1.8543e+00   0.0000e+00   1.9888e-03   2.6126e+02
20251207_23:00:00   1.1314e-01   3.3094e+01   2.3247e+00   1.8940e-04   2.9440e-04   2.5990e+02
20251208_00:00:00   2.7154e-01   6.8661e+01   2.7735e+00   5.3780e-02   0.0000e+00   2.6197e+02
20251208_01:00:00   7.8961e-01   1.5232e+02   2.9358e+00   2.5900e-01   0.0000e+00   2.6271e+02
20251208_02:00:00   6.8262e-01   1.3838e+02   2.9199e+00   2.1660e-01   0.0000e+00   2.6005e+02
20251208_03:00:00   1.2435e-01   3.5853e+01   2.5272e+00   2.9420e-04   0.0000e+00   2.6003e+02
20251208_04:00:00   1.1230e-01   3.2926e+01   2.3058e+00   3.4530e-04   0.0000e+00   2.5944e+02
20251208_05:00:00   1.0926e-01   3.2143e+01   2.2647e+00   1.8000e-05   0.0000e+00   2.5745e+02
20251208_06:00:00   9.9925e-02   2.9888e+01   2.0663e+00   0.0000e+00   0.0000e+00   2.5929e+02
20251208_07:00:00   9.8585e-02   2.9506e+01   2.0530e+00   0.0000e+00   0.0000e+00   2.5918e+02
20251208_08:00:00   9.3078e-02   2.8105e+01   1.9414e+00   0.0000e+00   0.0000e+00   2.5671e+02
20251208_09:00:00   8.7982e-02   2.6884e+01   1.8204e+00   0.0000e+00   0.0000e+00   2.5622e+02
20251208_10:00:00   8.0368e-02   2.5024e+01   1.6534e+00   0.0000e+00   0.0000e+00   2.5757e+02
20251208_11:00:00   8.4019e-02   2.5921e+01   1.7345e+00   0.0000e+00   0.0000e+00   2.5837e+02
20251208_12:00:00   8.1232e-02   2.5238e+01   1.6665e+00   0.0000e+00   0.0000e+00   2.5940e+02
20251208_13:00:00   7.8495e-02   2.4530e+01   1.6133e+00   0.0000e+00   0.0000e+00   2.6134e+02
20251208_14:00:00   7.8186e-02   2.4467e+01   1.6054e+00   0.0000e+00   0.0000e+00   2.6082e+02
20251208_15:00:00   7.8730e-02   2.4594e+01   1.6263e+00   0.0000e+00   0.0000e+00   2.6061e+02
20251208_16:00:00   8.0417e-02   2.5032e+01   1.6634e+00   0.0000e+00   0.0000e+00   2.6079e+02
20251208_17:00:00   7.5515e-02   2.3898e+01   1.5379e+00   0.0000e+00   0.0000e+00   2.5992e+02
20251208_18:00:00   7.1896e-02   2.3005e+01   1.4582e+00   0.0000e+00   0.0000e+00   2.6199e+02
20251208_19:00:00   7.0422e-02   2.2681e+01   1.4149e+00   0.0000e+00   0.0000e+00   2.6445e+02
20251208_20:00:00   7.1240e-02   2.2897e+01   1.4319e+00   0.0000e+00   0.0000e+00   2.6415e+02
20251208_21:00:00   6.9838e-02   2.2569e+01   1.3916e+00   0.0000e+00   0.0000e+00   2.6353e+02
20251208_22:00:00   6.5548e-02   2.1513e+01   1.2881e+00   0.0000e+00   0.0000e+00   2.6095e+02
20251208_23:00:00   6.7404e-02   2.1993e+01   1.3353e+00   0.0000e+00   0.0000e+00   2.6057e+02
20251209_00:00:00   7.0656e-02   2.2848e+01   1.3991e+00   0.0000e+00   0.0000e+00   2.5896e+02
20251209_01:00:00   7.1913e-02   2.3195e+01   1.4184e+00   3.7780e-06   0.0000e+00   2.5707e+02
20251209_02:00:00   7.2586e-02   2.3370e+01   1.4221e+00   2.8200e-04   0.0000e+00   2.5770e+02
20251209_03:00:00   6.6350e-02   2.1761e+01   1.2760e+00   6.4800e-04   0.0000e+00   2.5805e+02
20251209_04:00:00   6.2633e-02   2.0832e+01   1.2251e+00   3.3940e-05   0.0000e+00   2.5818e+02
20251209_05:00:00   6.0161e-02   2.0188e+01   1.1733e+00   1.1510e-05   0.0000e+00   2.5955e+02
20251209_06:00:00   6.1182e-02   2.0419e+01   1.2029e+00   0.0000e+00   0.0000e+00   2.5999e+02
20251209_07:00:00   6.4508e-02   2.1234e+01   1.2878e+00   0.0000e+00   0.0000e+00   2.5911e+02
20251209_08:00:00   6.4601e-02   2.1208e+01   1.3045e+00   0.0000e+00   0.0000e+00   2.5846e+02
20251209_09:00:00   6.3432e-02   2.0860e+01   1.2886e+00   0.0000e+00   0.0000e+00   2.5768e+02
20251209_10:00:00   6.4271e-02   2.1033e+01   1.3196e+00   0.0000e+00   0.0000e+00   2.5755e+02
20251209_11:00:00   6.6175e-02   2.1481e+01   1.3811e+00   0.0000e+00   0.0000e+00   2.5648e+02
20251209_12:00:00   6.5056e-02   2.1248e+01   1.3447e+00   0.0000e+00   0.0000e+00   2.5648e+02
20251209_13:00:00   6.4934e-02   2.1245e+01   1.3389e+00   0.0000e+00   0.0000e+00   2.5850e+02
20251209_14:00:00   6.7555e-02   2.1873e+01   1.4176e+00   0.0000e+00   0.0000e+00   2.5862e+02
20251209_15:00:00   6.9805e-02   2.2432e+01   1.4840e+00   0.0000e+00   0.0000e+00   2.5643e+02
20251209_16:00:00   6.8354e-02   2.2144e+01   1.4293e+00   0.0000e+00   0.0000e+00   2.5506e+02
20251209_17:00:00   7.0156e-02   2.2598e+01   1.4789e+00   0.0000e+00   0.0000e+00   2.5638e+02
20251209_18:00:00   7.0475e-02   2.2688e+01   1.4888e+00   0.0000e+00   0.0000e+00   2.5700e+02
20251209_19:00:00   6.9959e-02   2.2545e+01   1.4822e+00   0.0000e+00   4.7320e-05   2.5660e+02
20251209_20:00:00   7.0425e-02   2.2636e+01   1.5018e+00   0.0000e+00   1.4980e-04   2.5646e+02
20251209_21:00:00   7.0828e-02   2.2754e+01   1.5081e+00   0.0000e+00   6.4783e-05   2.5530e+02
20251209_22:00:00   7.4876e-02   2.3798e+01   1.6004e+00   7.8800e-07   4.7102e-04   2.5480e+02
20251209_23:00:00   8.5889e-02   2.6545e+01   1.8592e+00   6.1540e-07   9.5647e-04   2.5506e+02
20251210_00:00:00   1.0106e-01   3.0331e+01   2.1759e+00   5.6500e-05   3.2204e-03   2.5440e+02
20251210_01:00:00   9.3454e-02   2.8455e+01   2.0199e+00   0.0000e+00   3.7039e-03   2.5302e+02
20251210_02:00:00   8.7364e-02   2.6949e+01   1.8842e+00   0.0000e+00   1.9556e-03   2.5265e+02
20251210_03:00:00   8.2166e-02   2.5688e+01   1.7531e+00   0.0000e+00   4.7560e-04   2.5365e+02
20251210_04:00:00   8.0731e-02   2.5293e+01   1.7302e+00   0.0000e+00   2.6454e-03   2.5492e+02
20251210_05:00:00   8.2954e-02   2.5738e+01   1.8002e+00   3.0500e-06   1.6935e-02   2.5545e+02
20251210_06:00:00   8.3170e-02   2.5755e+01   1.8215e+00   2.2440e-05   1.7468e-03   2.5558e+02
20251210_07:00:00   8.0357e-02   2.5024e+01   1.7597e+00   0.0000e+00   5.1043e-03   2.5461e+02
20251210_08:00:00   7.8248e-02   2.4493e+01   1.7090e+00   0.0000e+00   1.9528e-03   2.5527e+02
20251210_09:00:00   7.7736e-02   2.4332e+01   1.6986e+00   0.0000e+00   6.6913e-03   2.5540e+02
20251210_10:00:00   7.6890e-02   2.4090e+01   1.6797e+00   0.0000e+00   1.4322e-02   2.5571e+02
20251210_11:00:00   7.6615e-02   2.4007e+01   1.6781e+00   0.0000e+00   1.0946e-02   2.5567e+02
20251210_12:00:00   7.6764e-02   2.4083e+01   1.6804e+00   0.0000e+00   3.1242e-03   2.5603e+02
20251210_13:00:00   7.8620e-02   2.4513e+01   1.7360e+00   0.0000e+00   1.2741e-03   2.5471e+02
20251210_14:00:00   8.4824e-02   2.5869e+01   1.9238e+00   0.0000e+00   3.4117e-03   2.5410e+02
20251210_15:00:00   8.5189e-02   2.5993e+01   1.9249e+00   0.0000e+00   2.5848e-03   2.5335e+02
20251210_16:00:00   8.6947e-02   2.6386e+01   1.9707e+00   0.0000e+00   3.5186e-03   2.5391e+02
20251210_17:00:00   7.9205e-02   2.4602e+01   1.7571e+00   0.0000e+00   1.9845e-03   2.5517e+02
20251210_18:00:00   7.7133e-02   2.4104e+01   1.7012e+00   0.0000e+00   3.5634e-03   2.5574e+02
20251210_19:00:00   7.7652e-02   2.4238e+01   1.7096e+00   0.0000e+00   2.5055e-03   2.5616e+02
20251210_20:00:00   7.7303e-02   2.4197e+01   1.6905e+00   0.0000e+00   2.5679e-03   2.5606e+02
20251210_21:00:00   8.6961e-02   2.6540e+01   1.9249e+00   0.0000e+00   1.0394e-03   2.5546e+02
20251210_22:00:00   9.5258e-02   2.8566e+01   2.1036e+00   0.0000e+00   5.7200e-04   2.5402e+02
20251210_23:00:00   1.0398e-01   3.0440e+01   2.3726e+00   0.0000e+00   1.3370e-04   2.5257e+02
20251211_00:00:00   1.0410e-01   3.0570e+01   2.3433e+00   2.8860e-05   1.4696e-04   2.5265e+02
20251211_01:00:00   9.0381e-02   2.7445e+01   1.9724e+00   0.0000e+00   0.0000e+00   2.5308e+02
20251211_02:00:00   1.0605e-01   3.1321e+01   2.0973e+00   3.7720e-03   7.3240e-05   2.5288e+02
20251211_03:00:00   1.1871e-01   3.4536e+01   2.0223e+00   9.4160e-03   0.0000e+00   2.5308e+02
20251211_04:00:00   7.2893e-02   2.3137e+01   1.5486e+00   0.0000e+00   0.0000e+00   2.5380e+02
20251211_05:00:00   7.1747e-02   2.2820e+01   1.5279e+00   0.0000e+00   0.0000e+00   2.5443e+02
20251211_06:00:00   6.4031e-02   2.0981e+01   1.3136e+00   0.0000e+00   0.0000e+00   2.5476e+02
20251211_07:00:00   6.1061e-02   2.0228e+01   1.2424e+00   0.0000e+00   0.0000e+00   2.5571e+02
20251211_08:00:00   6.2683e-02   2.0606e+01   1.2906e+00   0.0000e+00   0.0000e+00   2.5537e+02
20251211_09:00:00   6.9125e-02   2.2197e+01   1.4621e+00   0.0000e+00   0.0000e+00   2.5597e+02
20251211_10:00:00   7.3671e-02   2.3327e+01   1.5750e+00   0.0000e+00   0.0000e+00   2.5613e+02
20251211_11:00:00   7.7506e-02   2.4248e+01   1.6730e+00   0.0000e+00   0.0000e+00   2.5590e+02
20251211_12:00:00   8.1900e-02   2.5321e+01   1.7883e+00   0.0000e+00   0.0000e+00   2.5448e+02
20251211_13:00:00   8.2102e-02   2.5362e+01   1.7971e+00   0.0000e+00   0.0000e+00   2.5395e+02
20251211_14:00:00   8.3399e-02   2.5676e+01   1.8336e+00   0.0000e+00   0.0000e+00   2.5261e+02
20251211_15:00:00   8.4115e-02   2.5865e+01   1.8494e+00   0.0000e+00   0.0000e+00   2.5241e+02
20251211_16:00:00   8.6107e-02   2.6364e+01   1.8992e+00   0.0000e+00   0.0000e+00   2.5337e+02
20251211_17:00:00   8.6650e-02   2.6516e+01   1.9045e+00   0.0000e+00   0.0000e+00   2.5277e+02
20251211_18:00:00   8.6065e-02   2.6393e+01   1.8874e+00   0.0000e+00   0.0000e+00   2.5251e+02
20251211_19:00:00   8.5944e-02   2.6376e+01   1.8861e+00   0.0000e+00   0.0000e+00   2.5297e+02
20251211_20:00:00   8.6341e-02   2.6495e+01   1.8944e+00   0.0000e+00   0.0000e+00   2.5402e+02
20251211_21:00:00   8.8161e-02   2.6945e+01   1.9413e+00   0.0000e+00   0.0000e+00   2.5486e+02
20251211_22:00:00   9.1927e-02   2.7870e+01   2.0382e+00   0.0000e+00   0.0000e+00   2.5564e+02
20251211_23:00:00   9.7837e-02   2.9292e+01   2.1943e+00   0.0000e+00   0.0000e+00   2.5397e+02
20251212_00:00:00   1.0087e-01   3.0055e+01   2.2650e+00   0.0000e+00   0.0000e+00   2.5306e+02
20251212_01:00:00   1.0230e-01   3.0405e+01   2.3001e+00   0.0000e+00   0.0000e+00   2.5477e+02
20251212_02:00:00   1.0194e-01   3.0346e+01   2.2849e+00   0.0000e+00   0.0000e+00   2.5617e+02
20251212_03:00:00   9.9714e-02   2.9785e+01   2.2273e+00   0.0000e+00   0.0000e+00   2.5710e+02
20251212_04:00:00   9.8647e-02   2.9509e+01   2.2045e+00   0.0000e+00   0.0000e+00   2.5620e+02
20251212_05:00:00   9.8016e-02   2.9356e+01   2.1921e+00   0.0000e+00   0.0000e+00   2.5586e+02
20251212_06:00:00   9.7590e-02   2.9256e+01   2.1789e+00   0.0000e+00   0.0000e+00   2.5529e+02
20251212_07:00:00   9.7631e-02   2.9270e+01   2.1801e+00   0.0000e+00   0.0000e+00   2.5537e+02
20251212_08:00:00   9.7013e-02   2.9142e+01   2.1549e+00   0.0000e+00   0.0000e+00   2.5524e+02
20251212_09:00:00   9.6740e-02   2.9085e+01   2.1455e+00   0.0000e+00   0.0000e+00   2.5359e+02
20251212_10:00:00   9.7550e-02   2.9272e+01   2.1677e+00   0.0000e+00   0.0000e+00   2.5211e+02
20251212_11:00:00   1.0461e-01   3.0902e+01   2.3537e+00   0.0000e+00   0.0000e+00   2.5175e+02
20251212_12:00:00   1.0768e-01   3.1599e+01   2.4331e+00   0.0000e+00   0.0000e+00   2.5134e+02
20251212_15:00:00   1.2653e-01   3.6091e+01   2.8553e+00   0.0000e+00   0.0000e+00   2.5143e+02
20251212_18:00:00   1.4085e-01   3.9440e+01   3.1847e+00   0.0000e+00   0.0000e+00   2.5311e+02
20251212_21:00:00   1.3661e-01   3.8549e+01   3.0483e+00   0.0000e+00   0.0000e+00   2.5414e+02
20251213_00:00:00   1.3056e-01   3.7128e+01   2.9295e+00   0.0000e+00   0.0000e+00   2.5235e+02
20251213_03:00:00   1.2941e-01   3.6929e+01   2.8867e+00   0.0000e+00   0.0000e+00   2.5167e+02
20251213_06:00:00   1.3277e-01   3.7741e+01   2.9505e+00   0.0000e+00   0.0000e+00   2.5055e+02
20251213_09:00:00   1.2397e-01   3.5735e+01   2.7202e+00   0.0000e+00   0.0000e+00   2.4987e+02
20251213_12:00:00   1.2092e-01   3.4986e+01   2.6439e+00   0.0000e+00   0.0000e+00   2.4775e+02
20251213_15:00:00   1.2321e-01   3.5498e+01   2.6985e+00   0.0000e+00   0.0000e+00   2.4473e+02
20251213_18:00:00   1.4831e-01   4.1289e+01   3.2779e+00   0.0000e+00   0.0000e+00   2.4509e+02
20251213_21:00:00   1.8741e-01   4.9936e+01   4.1787e+00   0.0000e+00   0.0000e+00   2.4201e+02
20251214_00:00:00   2.9168e-01   7.1571e+01   6.3525e+00   0.0000e+00   0.0000e+00   2.4012e+02
20251214_03:00:00   3.5500e-01   8.4164e+01   7.3685e+00   5.9170e-07   0.0000e+00   2.4025e+02
20251214_06:00:00   3.9099e-01   9.0750e+01   8.0158e+00   2.9540e-06   0.0000e+00   2.4197e+02
20251214_09:00:00   4.6657e-01   1.0350e+02   9.6223e+00   0.0000e+00   1.9070e-04   2.4289e+02
20251214_12:00:00   5.1724e-01   1.1162e+02   1.0578e+01   0.0000e+00   1.8859e-04   2.4133e+02
20251214_15:00:00   5.2576e-01   1.1318e+02   1.0656e+01   0.0000e+00   0.0000e+00   2.4211e+02
20251214_18:00:00   5.2824e-01   1.1368e+02   1.0678e+01   0.0000e+00   1.3318e-05   2.4388e+02
20251214_21:00:00   4.9420e-01   1.0841e+02   1.0086e+01   1.6190e-05   1.1962e-03   2.4198e+02
20251215_00:00:00   5.3113e-01   1.1458e+02   9.8975e+00   1.9300e-02   0.0000e+00   2.4033e+02
20251215_03:00:00   4.8026e-01   1.0631e+02   9.7960e+00   9.1040e-04   0.0000e+00   2.3932e+02
20251215_06:00:00   4.7125e-01   1.0479e+02   9.6955e+00   4.5760e-04   3.4560e-06   2.4130e+02
20251215_09:00:00   4.9901e-01   1.0945e+02   9.8135e+00   6.5460e-03   0.0000e+00   2.4332e+02
20251215_12:00:00   5.1303e-01   1.1154e+02   1.0149e+01   4.4200e-03   2.6464e-04   2.4303e+02
20251215_15:00:00   5.0108e-01   1.0948e+02   1.0247e+01   0.0000e+00   2.3505e-03   2.4220e+02
20251215_18:00:00   5.2318e-01   1.1304e+02   1.0611e+01   0.0000e+00   1.7295e-03   2.4345e+02
20251215_21:00:00   5.3895e-01   1.1545e+02   1.0978e+01   1.8720e-05   1.1558e-03   2.4262e+02
20251216_00:00:00   6.3050e-01   1.2978e+02   1.0902e+01   3.8964e-02   2.7504e-03   2.4184e+02
20251216_03:00:00   5.0324e-01   1.0997e+02   1.0441e+01   8.7166e-04   1.5044e-02   2.4221e+02
20251216_06:00:00   4.7732e-01   1.0561e+02   1.0051e+01   2.5630e-05   1.4930e-02   2.4340e+02
20251216_09:00:00   4.8533e-01   1.0690e+02   1.0109e+01   2.5170e-04   1.1632e-03   2.4361e+02
20251216_12:00:00   4.7648e-01   1.0548e+02   9.9174e+00   9.8510e-05   8.1420e-06   2.4329e+02
20251216_15:00:00   4.7432e-01   1.0494e+02   9.9801e+00   0.0000e+00   0.0000e+00   2.4462e+02
20251216_18:00:00   5.0338e-01   1.0932e+02   1.0553e+01   0.0000e+00   1.6014e-03   2.4544e+02
20251216_21:00:00   4.8912e-01   1.0736e+02   1.0327e+01   0.0000e+00   0.0000e+00   2.4724e+02
20251217_00:00:00   5.1911e-01   1.1206e+02   1.0895e+01   4.5680e-07   2.1974e-02   2.4832e+02
20251217_03:00:00   4.8703e-01   1.0713e+02   1.0283e+01   1.2010e-06   9.5192e-03   2.4684e+02
20251217_06:00:00   4.8537e-01   1.0672e+02   1.0219e+01   0.0000e+00   9.2585e-03   2.4915e+02
20251217_09:00:00   4.7942e-01   1.0568e+02   1.0037e+01   0.0000e+00   2.8034e-03   2.5267e+02
20251217_12:00:00   4.8301e-01   1.0620e+02   9.9889e+00   0.0000e+00   2.4873e-02   2.5508e+02
20251217_15:00:00   4.6844e-01   1.0396e+02   9.6124e+00   0.0000e+00   6.4209e-03   2.5497e+02
20251217_18:00:00   4.1261e-01   9.4856e+01   8.4272e+00   0.0000e+00   0.0000e+00   2.5421e+02
20251217_21:00:00   4.0582e-01   9.3687e+01   8.3311e+00   0.0000e+00   1.0366e-05   2.5523e+02
20251218_00:00:00   4.1053e-01   9.4501e+01   8.4623e+00   7.9240e-05   0.0000e+00   2.5603e+02
20251218_03:00:00   4.0859e-01   9.4297e+01   8.4565e+00   2.2240e-04   0.0000e+00   2.5353e+02
20251218_06:00:00   4.0335e-01   9.3222e+01   8.4043e+00   2.2910e-07   0.0000e+00   2.5385e+02
20251218_09:00:00   4.0428e-01   9.3281e+01   8.4349e+00   2.5990e-05   1.3318e-05   2.5249e+02
20251218_12:00:00   3.8737e-01   9.0101e+01   8.1735e+00   0.0000e+00   0.0000e+00   2.5085e+02
20251218_15:00:00   3.8227e-01   8.9122e+01   8.0985e+00   0.0000e+00   0.0000e+00   2.5015e+02
20251218_18:00:00   3.5075e-01   8.3519e+01   7.4921e+00   0.0000e+00   0.0000e+00   2.5191e+02
20251218_21:00:00   3.3272e-01   8.0218e+01   7.1676e+00   0.0000e+00   0.0000e+00   2.5402e+02
20251219_00:00:00   3.3467e-01   8.0780e+01   7.1826e+00   2.2340e-04   0.0000e+00   2.5143e+02
20251219_03:00:00   3.7659e-01   8.8706e+01   7.8312e+00   1.0787e-03   6.6580e-06   2.4938e+02
20251219_06:00:00   3.1429e-01   7.6781e+01   6.8448e+00   0.0000e+00   0.0000e+00   2.4859e+02
20251219_09:00:00   3.1750e-01   7.7160e+01   7.0096e+00   0.0000e+00   1.0420e-04   2.4918e+02
20251219_12:00:00   3.0091e-01   7.3696e+01   6.7807e+00   0.0000e+00   2.9322e-03   2.4767e+02
20251219_15:00:00   3.0721e-01   7.4757e+01   6.9908e+00   0.0000e+00   2.7051e-02   2.4889e+02
20251219_18:00:00   2.9872e-01   7.3230e+01   6.7831e+00   0.0000e+00   4.0829e-04   2.5078e+02
20251219_21:00:00   3.0411e-01   7.4256e+01   6.9383e+00   0.0000e+00   4.2159e-04   2.5304e+02
20251220_00:00:00   3.1904e-01   7.7273e+01   7.1500e+00   0.0000e+00   1.3069e-03   2.5398e+02
20251220_03:00:00   3.1213e-01   7.6143e+01   6.9623e+00   0.0000e+00   0.0000e+00   2.5349e+02
20251220_06:00:00   3.2417e-01   7.8663e+01   7.1145e+00   0.0000e+00   0.0000e+00   2.5284e+02
20251220_09:00:00   3.2718e-01   7.9245e+01   7.1206e+00   0.0000e+00   0.0000e+00   2.5198e+02
20251220_12:00:00   3.0957e-01   7.5881e+01   6.7308e+00   0.0000e+00   1.4756e-05   2.5120e+02
20251220_15:00:00   2.9047e-01   7.2036e+01   6.3591e+00   0.0000e+00   0.0000e+00   2.5200e+02
20251220_18:00:00   2.8063e-01   6.9942e+01   6.2329e+00   0.0000e+00   1.4930e-04   2.5251e+02
20251220_21:00:00   2.7407e-01   6.8567e+01   6.1687e+00   0.0000e+00   8.0360e-03   2.5268e+02
20251221_00:00:00   2.7771e-01   6.9145e+01   6.3233e+00   5.7570e-06   1.7648e-03   2.5368e+02
20251221_03:00:00   2.8763e-01   7.1361e+01   6.4649e+00   2.0110e-05   3.6403e-03   2.5344e+02
20251221_06:00:00   2.8280e-01   7.0120e+01   6.5154e+00   0.0000e+00   4.9363e-03   2.5496e+02
20251221_09:00:00   2.8538e-01   7.0871e+01   6.3929e+00   0.0000e+00   6.4977e-04   2.5525e+02
20251221_12:00:00   2.6895e-01   6.7368e+01   6.1231e+00   0.0000e+00   6.6000e-04   2.5372e+02
20251221_15:00:00   2.6398e-01   6.6311e+01   6.0493e+00   0.0000e+00   2.0020e-03   2.5313e+02
20251221_18:00:00   2.6898e-01   6.7252e+01   6.2069e+00   0.0000e+00   3.1579e-03   2.5345e+02
20251221_21:00:00   2.7627e-01   6.8894e+01   6.3071e+00   0.0000e+00   2.7665e-04   2.5293e+02
20251222_00:00:00   2.8740e-01   7.1239e+01   6.5237e+00   4.4420e-08   6.8802e-04   2.5077e+02
20251222_03:00:00   3.1160e-01   7.6059e+01   6.9903e+00   5.5430e-06   2.7978e-03   2.4813e+02
20251222_06:00:00   3.1333e-01   7.6370e+01   6.9647e+00   0.0000e+00   5.6664e-03   2.4866e+02
20251222_09:00:00   3.1437e-01   7.6339e+01   7.0052e+00   0.0000e+00   1.4711e-02   2.4976e+02
20251222_12:00:00   3.2114e-01   7.7496e+01   7.1339e+00   0.0000e+00   4.8628e-02   2.4834e+02
20251222_15:00:00   3.2206e-01   7.7798e+01   7.0974e+00   0.0000e+00   1.1344e-02   2.4817e+02
20251222_18:00:00   3.0908e-01   7.5383e+01   6.7379e+00   0.0000e+00   1.5434e-02   2.4975e+02
20251222_21:00:00   2.7647e-01   6.9013e+01   6.0475e+00   0.0000e+00   2.9595e-03   2.5103e+02
20251223_00:00:00   2.7665e-01   6.8843e+01   6.0972e+00   0.0000e+00   5.8546e-02   2.5063e+02
20251223_03:00:00   2.5405e-01   6.4595e+01   5.5348e+00   0.0000e+00   4.1041e-06   2.5402e+02
20251223_06:00:00   2.7955e-01   6.9530e+01   6.1262e+00   0.0000e+00   3.5661e-03   2.5322e+02
20251223_09:00:00   3.5185e-01   8.3172e+01   7.5940e+00   2.3324e-05   1.9129e-01   2.5777e+02
20251223_12:00:00   3.8638e-01   8.9685e+01   8.1167e+00   2.1607e-03   1.5648e-02   2.5758e+02
