#            date       tau255        Tb[K]      pwv[mm] lwp[kg*m^-2] iwp[kg*m^-2]       o3[DU]
20251211_06:00:00   1.0480e-01   3.0612e+01   2.4324e+00   0.0000e+00   0.0000e+00   2.5901e+02
20251211_07:00:00   1.0616e-01   3.0966e+01   2.4643e+00   0.0000e+00   1.0312e-04   2.5946e+02
20251211_08:00:00   1.0383e-01   3.0510e+01   2.3893e+00   0.0000e+00   0.0000e+00   2.6114e+02
20251211_09:00:00   9.9019e-02   2.9419e+01   2.2577e+00   0.0000e+00   2.1479e-05   2.6052e+02
20251211_10:00:00   1.0289e-01   3.0298e+01   2.3708e+00   0.0000e+00   1.2288e-04   2.6034e+02
20251211_11:00:00   1.0324e-01   3.0405e+01   2.3768e+00   0.0000e+00   0.0000e+00   2.5967e+02
20251211_12:00:00   1.0319e-01   3.0436e+01   2.3707e+00   0.0000e+00   0.0000e+00   2.5792e+02
20251211_13:00:00   1.0714e-01   3.1383e+01   2.4668e+00   0.0000e+00   0.0000e+00   2.5643e+02
20251211_14:00:00   1.0979e-01   3.1986e+01   2.5394e+00   0.0000e+00   0.0000e+00   2.5710e+02
20251211_15:00:00   1.1248e-01   3.2672e+01   2.5997e+00   0.0000e+00   0.0000e+00   2.5798e+02
20251211_16:00:00   1.1860e-01   3.4077e+01   2.7582e+00   0.0000e+00   0.0000e+00   2.5731e+02
20251211_17:00:00   1.1798e-01   3.3950e+01   2.7360e+00   0.0000e+00   0.0000e+00   2.5594e+02
20251211_18:00:00   1.1834e-01   3.4048e+01   2.7410e+00   0.0000e+00   0.0000e+00   2.5541e+02
20251211_19:00:00   1.2531e-01   3.5552e+01   2.9425e+00   0.0000e+00   9.7237e-04   2.5513e+02
20251211_20:00:00   1.2499e-01   3.5478e+01   2.9398e+00   0.0000e+00   2.0142e-04   2.5444e+02
20251211_21:00:00   1.2298e-01   3.5034e+01   2.8867e+00   0.0000e+00   2.7060e-05   2.5373e+02
20251211_22:00:00   1.2376e-01   3.5204e+01   2.9172e+00   0.0000e+00   1.6668e-04   2.5393e+02
20251211_23:00:00   1.2171e-01   3.4755e+01   2.8623e+00   0.0000e+00   2.1765e-04   2.5313e+02
20251212_00:00:00   1.1917e-01   3.4182e+01   2.7867e+00   0.0000e+00   0.0000e+00   2.5401e+02
20251212_01:00:00   1.2162e-01   3.4799e+01   2.8394e+00   0.0000e+00   0.0000e+00   2.5483e+02
20251212_02:00:00   1.2033e-01   3.4547e+01   2.8072e+00   0.0000e+00   0.0000e+00   2.5303e+02
20251212_03:00:00   1.1857e-01   3.4167e+01   2.7559e+00   0.0000e+00   0.0000e+00   2.5229e+02
20251212_04:00:00   1.2280e-01   3.5230e+01   2.8405e+00   0.0000e+00   0.0000e+00   2.5297e+02
20251212_05:00:00   1.2999e-01   3.6970e+01   2.9923e+00   0.0000e+00   0.0000e+00   2.5372e+02
20251212_06:00:00   1.3236e-01   3.7582e+01   3.0295e+00   0.0000e+00   0.0000e+00   2.5418e+02
20251212_07:00:00   1.3559e-01   3.8381e+01   3.0927e+00   0.0000e+00   0.0000e+00   2.5519e+02
20251212_08:00:00   1.4340e-01   4.0211e+01   3.2711e+00   0.0000e+00   0.0000e+00   2.5614e+02
20251212_09:00:00   1.4711e-01   4.1092e+01   3.3579e+00   0.0000e+00   0.0000e+00   2.5621e+02
20251212_10:00:00   1.5218e-01   4.2260e+01   3.4682e+00   0.0000e+00   0.0000e+00   2.5589e+02
20251212_11:00:00   1.5662e-01   4.3280e+01   3.5668e+00   0.0000e+00   0.0000e+00   2.5505e+02
20251212_12:00:00   1.5624e-01   4.3202e+01   3.5516e+00   0.0000e+00   0.0000e+00   2.5451e+02
20251212_13:00:00   1.5780e-01   4.3525e+01   3.5931e+00   0.0000e+00   0.0000e+00   2.5355e+02
20251212_14:00:00   1.6333e-01   4.4779e+01   3.7193e+00   0.0000e+00   0.0000e+00   2.5306e+02
20251212_15:00:00   1.7595e-01   4.7612e+01   4.0003e+00   0.0000e+00   0.0000e+00   2.5325e+02
20251212_16:00:00   1.8308e-01   4.9193e+01   4.1566e+00   0.0000e+00   0.0000e+00   2.5321e+02
20251212_17:00:00   1.8608e-01   4.9862e+01   4.2267e+00   0.0000e+00   0.0000e+00   2.5422e+02
20251212_18:00:00   1.8153e-01   4.8930e+01   4.1012e+00   0.0000e+00   0.0000e+00   2.5431e+02
20251212_19:00:00   1.8563e-01   4.9892e+01   4.1786e+00   0.0000e+00   0.0000e+00   2.5416e+02
20251212_20:00:00   1.8884e-01   5.0665e+01   4.2303e+00   0.0000e+00   0.0000e+00   2.5413e+02
20251212_21:00:00   1.9351e-01   5.1696e+01   4.3269e+00   0.0000e+00   0.0000e+00   2.5271e+02
20251212_22:00:00   1.9525e-01   5.2086e+01   4.3609e+00   0.0000e+00   0.0000e+00   2.5224e+02
20251212_23:00:00   1.9327e-01   5.1677e+01   4.3257e+00   0.0000e+00   0.0000e+00   2.5272e+02
20251213_00:00:00   1.8522e-01   4.9974e+01   4.1411e+00   0.0000e+00   0.0000e+00   2.5239e+02
20251213_01:00:00   1.7659e-01   4.8104e+01   3.9315e+00   0.0000e+00   0.0000e+00   2.5046e+02
20251213_02:00:00   1.6502e-01   4.5524e+01   3.6650e+00   0.0000e+00   0.0000e+00   2.4983e+02
20251213_03:00:00   1.5468e-01   4.3168e+01   3.4293e+00   0.0000e+00   0.0000e+00   2.4905e+02
20251213_04:00:00   1.4483e-01   4.0903e+01   3.2047e+00   0.0000e+00   0.0000e+00   2.4758e+02
20251213_05:00:00   1.3657e-01   3.8961e+01   3.0166e+00   0.0000e+00   0.0000e+00   2.4727e+02
20251213_06:00:00   1.3179e-01   3.7842e+01   2.9080e+00   0.0000e+00   0.0000e+00   2.4688e+02
20251213_07:00:00   1.2748e-01   3.6810e+01   2.8150e+00   0.0000e+00   0.0000e+00   2.4557e+02
20251213_08:00:00   1.2600e-01   3.6437e+01   2.7821e+00   0.0000e+00   0.0000e+00   2.4684e+02
20251213_09:00:00   1.2414e-01   3.5987e+01   2.7322e+00   0.0000e+00   0.0000e+00   2.4645e+02
20251213_10:00:00   1.2140e-01   3.5325e+01   2.6726e+00   0.0000e+00   0.0000e+00   2.4659e+02
20251213_11:00:00   1.1988e-01   3.4913e+01   2.6518e+00   0.0000e+00   0.0000e+00   2.4691e+02
20251213_12:00:00   1.1689e-01   3.4132e+01   2.6002e+00   0.0000e+00   0.0000e+00   2.4672e+02
20251213_13:00:00   1.1276e-01   3.3058e+01   2.5315e+00   0.0000e+00   0.0000e+00   2.4720e+02
20251213_14:00:00   1.0920e-01   3.2169e+01   2.4592e+00   0.0000e+00   0.0000e+00   2.4703e+02
20251213_15:00:00   1.0813e-01   3.1891e+01   2.4353e+00   0.0000e+00   0.0000e+00   2.4634e+02
20251213_16:00:00   1.0585e-01   3.1378e+01   2.3664e+00   0.0000e+00   0.0000e+00   2.4740e+02
20251213_17:00:00   1.0287e-01   3.0668e+01   2.2942e+00   0.0000e+00   0.0000e+00   2.4804e+02
20251213_18:00:00   9.9450e-02   2.9851e+01   2.2113e+00   0.0000e+00   0.0000e+00   2.4867e+02
20251213_19:00:00   9.6458e-02   2.9135e+01   2.1389e+00   0.0000e+00   0.0000e+00   2.4859e+02
20251213_20:00:00   9.3255e-02   2.8339e+01   2.0673e+00   0.0000e+00   0.0000e+00   2.4748e+02
20251213_21:00:00   9.0204e-02   2.7581e+01   1.9950e+00   0.0000e+00   0.0000e+00   2.4688e+02
20251213_22:00:00   8.8260e-02   2.7111e+01   1.9424e+00   0.0000e+00   0.0000e+00   2.4750e+02
20251213_23:00:00   8.8625e-02   2.7254e+01   1.9333e+00   0.0000e+00   0.0000e+00   2.4688e+02
20251214_00:00:00   9.4879e-02   2.8769e+01   2.0809e+00   0.0000e+00   0.0000e+00   2.4512e+02
20251214_01:00:00   1.0487e-01   3.1093e+01   2.3368e+00   7.5760e-06   0.0000e+00   2.4330e+02
20251214_02:00:00   1.0772e-01   3.1765e+01   2.4022e+00   7.9320e-07   0.0000e+00   2.4296e+02
20251214_03:00:00   1.0547e-01   3.1245e+01   2.3452e+00   0.0000e+00   0.0000e+00   2.4392e+02
20251214_04:00:00   1.0004e-01   2.9930e+01   2.2169e+00   0.0000e+00   0.0000e+00   2.4558e+02
20251214_05:00:00   1.0161e-01   3.0254e+01   2.2683e+00   0.0000e+00   0.0000e+00   2.4632e+02
20251214_06:00:00   1.0001e-01   2.9862e+01   2.2312e+00   0.0000e+00   0.0000e+00   2.4662e+02
20251214_07:00:00   1.0590e-01   3.1226e+01   2.3824e+00   0.0000e+00   1.7276e-06   2.4705e+02
20251214_08:00:00   1.0920e-01   3.2011e+01   2.4599e+00   0.0000e+00   0.0000e+00   2.4678e+02
20251214_09:00:00   1.0963e-01   3.2177e+01   2.4398e+00   0.0000e+00   0.0000e+00   2.4561e+02
20251214_10:00:00   1.1690e-01   3.3819e+01   2.6296e+00   0.0000e+00   0.0000e+00   2.4389e+02
20251214_11:00:00   1.3043e-01   3.6875e+01   2.9777e+00   0.0000e+00   3.4560e-06   2.4310e+02
20251214_12:00:00   1.3936e-01   3.8902e+01   3.1983e+00   0.0000e+00   1.7024e-05   2.4202e+02
20251214_13:00:00   1.5389e-01   4.2059e+01   3.5789e+00   0.0000e+00   2.0177e-03   2.4101e+02
20251214_14:00:00   1.6738e-01   4.5073e+01   3.9007e+00   0.0000e+00   6.4555e-04   2.4123e+02
20251214_15:00:00   1.8491e-01   4.9000e+01   4.2917e+00   0.0000e+00   1.4330e-05   2.4186e+02
20251214_16:00:00   2.0520e-01   5.3434e+01   4.7462e+00   0.0000e+00   1.7276e-06   2.4224e+02
20251214_17:00:00   2.2219e-01   5.7015e+01   5.1374e+00   0.0000e+00   6.9110e-06   2.4304e+02
20251214_18:00:00   2.3223e-01   5.9111e+01   5.3576e+00   0.0000e+00   0.0000e+00   2.4358e+02
20251214_19:00:00   2.4055e-01   6.0871e+01   5.5353e+00   0.0000e+00   0.0000e+00   2.4470e+02
20251214_20:00:00   2.4166e-01   6.1177e+01   5.5426e+00   0.0000e+00   0.0000e+00   2.4520e+02
20251214_21:00:00   2.4358e-01   6.1613e+01   5.5712e+00   0.0000e+00   0.0000e+00   2.4464e+02
20251214_22:00:00   2.5500e-01   6.3961e+01   5.8049e+00   2.6050e-07   0.0000e+00   2.4379e+02
20251214_23:00:00   2.7181e-01   6.7484e+01   5.9487e+00   3.8920e-03   0.0000e+00   2.4283e+02
20251215_00:00:00   2.7964e-01   6.9134e+01   6.0981e+00   3.6570e-03   0.0000e+00   2.4217e+02
20251215_01:00:00   3.0220e-01   7.3647e+01   6.5234e+00   4.3050e-03   5.0315e-05   2.4212e+02
20251215_02:00:00   3.4546e-01   8.2070e+01   7.0981e+00   1.0341e-02   4.2017e-05   2.4099e+02
20251215_03:00:00   4.3464e-01   9.8534e+01   7.7533e+00   3.2110e-02   5.1828e-06   2.4118e+02
20251215_04:00:00   3.8041e-01   8.8461e+01   8.2313e+00   1.4610e-05   3.0843e-05   2.4238e+02
20251215_05:00:00   4.0851e-01   9.3418e+01   8.7857e+00   2.9440e-04   7.8777e-04   2.4223e+02
20251215_06:00:00   4.5109e-01   1.0089e+02   9.0907e+00   1.1254e-02   1.4714e-03   2.4220e+02
20251215_07:00:00   4.3036e-01   9.7095e+01   9.2572e+00   1.7733e-04   6.1966e-03   2.4302e+02
20251215_08:00:00   4.3167e-01   9.7265e+01   9.3130e+00   0.0000e+00   1.7552e-02   2.4327e+02
20251215_09:00:00   4.2042e-01   9.5243e+01   9.1450e+00   0.0000e+00   1.9840e-02   2.4268e+02
20251215_10:00:00   4.0372e-01   9.2256e+01   8.8783e+00   0.0000e+00   1.6426e-02   2.4235e+02
20251215_11:00:00   3.9351e-01   9.0339e+01   8.7352e+00   0.0000e+00   5.0428e-02   2.4355e+02
20251215_12:00:00   3.9109e-01   8.9935e+01   8.7189e+00   0.0000e+00   3.1015e-03   2.4329e+02
20251215_13:00:00   3.9324e-01   9.0265e+01   8.7799e+00   0.0000e+00   7.0028e-03   2.4276e+02
20251215_14:00:00   4.1015e-01   9.3175e+01   9.1211e+00   0.0000e+00   3.6348e-02   2.4251e+02
20251215_15:00:00   4.2968e-01   9.6560e+01   9.4963e+00   0.0000e+00   3.5787e-02   2.4232e+02
20251215_16:00:00   4.3755e-01   9.7999e+01   9.6277e+00   0.0000e+00   4.7002e-02   2.4254e+02
20251215_17:00:00   4.5814e-01   1.0153e+02   1.0037e+01   0.0000e+00   1.3687e-02   2.4223e+02
20251215_18:00:00   4.7382e-01   1.0413e+02   1.0289e+01   0.0000e+00   3.6766e-02   2.4031e+02
20251215_19:00:00   4.7310e-01   1.0403e+02   1.0254e+01   0.0000e+00   3.0958e-02   2.3964e+02
20251215_20:00:00   5.0427e-01   1.0889e+02   1.0724e+01   0.0000e+00   2.9621e-01   2.3890e+02
20251215_21:00:00   5.0910e-01   1.0977e+02   1.0843e+01   0.0000e+00   2.6251e-01   2.3911e+02
20251215_22:00:00   4.9423e-01   1.0746e+02   1.0625e+01   3.3070e-05   9.7805e-02   2.4033e+02
20251215_23:00:00   4.9990e-01   1.0844e+02   1.0701e+01   8.8418e-05   1.7596e-02   2.3816e+02
20251216_00:00:00   5.4537e-01   1.1589e+02   1.0819e+01   1.5454e-02   5.7213e-02   2.3630e+02
20251216_01:00:00   5.4081e-01   1.1522e+02   1.0901e+01   1.1275e-02   2.1929e-03   2.3575e+02
20251216_02:00:00   5.3586e-01   1.1443e+02   1.1006e+01   6.1190e-03   4.7459e-03   2.3660e+02
20251216_03:00:00   5.7033e-01   1.1961e+02   1.1449e+01   8.2310e-03   1.7259e-01   2.3823e+02
20251216_04:00:00   4.9504e-01   1.0769e+02   1.0584e+01   1.6078e-04   3.9638e-02   2.3663e+02
20251216_05:00:00   5.0006e-01   1.0833e+02   1.0507e+01   4.8512e-03   8.2012e-02   2.3677e+02
20251216_06:00:00   5.1784e-01   1.1144e+02   1.0274e+01   1.7447e-02   3.3922e-02   2.3653e+02
20251216_09:00:00   3.6094e-01   8.3868e+01   8.1772e+00   2.9900e-06   5.9475e-02   2.3739e+02
20251216_12:00:00   3.3187e-01   7.8289e+01   7.4274e+00   0.0000e+00   1.8156e-01   2.4313e+02
20251216_15:00:00   5.5497e-01   1.1662e+02   1.1300e+01   0.0000e+00   4.6656e-01   2.4391e+02
20251216_18:00:00   5.2167e-01   1.1167e+02   1.0830e+01   0.0000e+00   7.6327e-02   2.4538e+02
20251216_21:00:00   4.8445e-01   1.0562e+02   1.0281e+01   0.0000e+00   1.7170e-01   2.4516e+02
20251217_00:00:00   4.0429e-01   9.2244e+01   8.7980e+00   0.0000e+00   5.4971e-02   2.4368e+02
20251217_03:00:00   3.1929e-01   7.7227e+01   6.9162e+00   0.0000e+00   1.9210e-03   2.4256e+02
20251217_06:00:00   3.2039e-01   7.7550e+01   6.8204e+00   0.0000e+00   9.7086e-04   2.4259e+02
20251217_09:00:00   3.2705e-01   7.8662e+01   6.9576e+00   0.0000e+00   7.1600e-03   2.4273e+02
20251217_12:00:00   3.7351e-01   8.7279e+01   7.7836e+00   0.0000e+00   0.0000e+00   2.4690e+02
20251217_15:00:00   3.7114e-01   8.6729e+01   7.8425e+00   0.0000e+00   0.0000e+00   2.4973e+02
20251217_18:00:00   4.2140e-01   9.5647e+01   8.7903e+00   0.0000e+00   0.0000e+00   2.4871e+02
20251217_21:00:00   3.8355e-01   8.9105e+01   8.0804e+00   0.0000e+00   4.9760e-04   2.4748e+02
20251218_00:00:00   3.8587e-01   8.9627e+01   8.0516e+00   1.1339e-03   0.0000e+00   2.4607e+02
20251218_03:00:00   3.6737e-01   8.6251e+01   7.8426e+00   1.6930e-06   5.8100e-04   2.4577e+02
20251218_06:00:00   3.8209e-01   8.8808e+01   8.1723e+00   0.0000e+00   0.0000e+00   2.4300e+02
20251218_09:00:00   3.8661e-01   8.9566e+01   8.2691e+00   0.0000e+00   0.0000e+00   2.4245e+02
20251218_12:00:00   3.7754e-01   8.7875e+01   8.1421e+00   0.0000e+00   0.0000e+00   2.4357e+02
20251218_15:00:00   3.6332e-01   8.5476e+01   7.7909e+00   0.0000e+00   0.0000e+00   2.4525e+02
20251218_18:00:00   3.4634e-01   8.2407e+01   7.4813e+00   0.0000e+00   1.2752e-04   2.4611e+02
20251218_21:00:00   3.2398e-01   7.8307e+01   7.0545e+00   0.0000e+00   7.1245e-04   2.4588e+02
20251219_00:00:00   3.1582e-01   7.6888e+01   6.8557e+00   4.7200e-04   1.9903e-04   2.4556e+02
20251219_03:00:00   3.0645e-01   7.4998e+01   6.7332e+00   1.7440e-07   0.0000e+00   2.4699e+02
20251219_06:00:00   3.2017e-01   7.7602e+01   7.0091e+00   0.0000e+00   0.0000e+00   2.4927e+02
20251219_09:00:00   3.3961e-01   8.1299e+01   7.3662e+00   0.0000e+00   0.0000e+00   2.5135e+02
20251219_12:00:00   3.5135e-01   8.3562e+01   7.4785e+00   0.0000e+00   3.4560e-06   2.5081e+02
20251219_15:00:00   3.6221e-01   8.5446e+01   7.7271e+00   0.0000e+00   1.3571e-04   2.4930e+02
20251219_18:00:00   3.0105e-01   7.3709e+01   6.6599e+00   0.0000e+00   8.7964e-04   2.4973e+02
20251219_21:00:00   2.6901e-01   6.7413e+01   5.9725e+00   0.0000e+00   0.0000e+00   2.4968e+02
20251220_00:00:00   2.6231e-01   6.6176e+01   5.8228e+00   2.1600e-04   0.0000e+00   2.4755e+02
20251220_03:00:00   2.9563e-01   7.2833e+01   6.5486e+00   2.3200e-04   2.3945e-03   2.4787e+02
20251220_06:00:00   3.3864e-01   8.1009e+01   7.4750e+00   0.0000e+00   1.5126e-05   2.4741e+02
20251220_09:00:00   3.5344e-01   8.3711e+01   7.7630e+00   0.0000e+00   0.0000e+00   2.4793e+02
20251220_12:00:00   3.4767e-01   8.2610e+01   7.6524e+00   0.0000e+00   1.9588e-04   2.4785e+02
20251220_15:00:00   3.2636e-01   7.8637e+01   7.2329e+00   0.0000e+00   0.0000e+00   2.4807e+02
20251220_18:00:00   2.9478e-01   7.2699e+01   6.5605e+00   0.0000e+00   0.0000e+00   2.4876e+02
20251220_21:00:00   2.9915e-01   7.3681e+01   6.6143e+00   0.0000e+00   0.0000e+00   2.4804e+02
20251221_00:00:00   3.2161e-01   7.8204e+01   6.9851e+00   0.0000e+00   0.0000e+00   2.4602e+02
20251221_03:00:00   3.1002e-01   7.6126e+01   6.7684e+00   0.0000e+00   0.0000e+00   2.4709e+02
20251221_06:00:00   3.0460e-01   7.5114e+01   6.6299e+00   0.0000e+00   0.0000e+00   2.4819e+02
20251221_09:00:00   3.0293e-01   7.4742e+01   6.5915e+00   0.0000e+00   0.0000e+00   2.4638e+02
20251221_12:00:00   2.9426e-01   7.3077e+01   6.4002e+00   0.0000e+00   0.0000e+00   2.4657e+02
20251221_15:00:00   2.8390e-01   7.1087e+01   6.1850e+00   0.0000e+00   0.0000e+00   2.4712e+02
20251221_18:00:00   2.6208e-01   6.6780e+01   5.7656e+00   0.0000e+00   0.0000e+00   2.4865e+02
20251221_21:00:00   2.5143e-01   6.4578e+01   5.5505e+00   0.0000e+00   0.0000e+00   2.5091e+02
20251222_00:00:00   2.5758e-01   6.5673e+01   5.7484e+00   0.0000e+00   0.0000e+00   2.5008e+02
20251222_03:00:00   2.4684e-01   6.3449e+01   5.5603e+00   0.0000e+00   0.0000e+00   2.4983e+02
20251222_06:00:00   2.3738e-01   6.1429e+01   5.3474e+00   0.0000e+00   2.6883e-03   2.4900e+02
20251222_09:00:00   2.4852e-01   6.3726e+01   5.5678e+00   0.0000e+00   2.5880e-05   2.4778e+02
20251222_12:00:00   2.2637e-01   5.9110e+01   5.0786e+00   0.0000e+00   7.8680e-05   2.4708e+02
20251222_15:00:00   2.1705e-01   5.7108e+01   4.8930e+00   0.0000e+00   0.0000e+00   2.4627e+02
20251222_18:00:00   2.1392e-01   5.6463e+01   4.8249e+00   0.0000e+00   0.0000e+00   2.4778e+02
20251222_21:00:00   2.1531e-01   5.6750e+01   4.8779e+00   0.0000e+00   0.0000e+00   2.4786e+02
20251223_00:00:00   2.2675e-01   5.9274e+01   5.0896e+00   0.0000e+00   0.0000e+00   2.4713e+02
20251223_03:00:00   2.1495e-01   5.6866e+01   4.7416e+00   2.8480e-06   3.6043e-05   2.4772e+02
20251223_06:00:00   1.8100e-01   4.9386e+01   3.9698e+00   0.0000e+00   0.0000e+00   2.4348e+02
20251223_09:00:00   1.4872e-01   4.1968e+01   3.2771e+00   0.0000e+00   0.0000e+00   2.4170e+02
20251223_12:00:00   1.2989e-01   3.7462e+01   2.8721e+00   0.0000e+00   0.0000e+00   2.4334e+02
20251223_15:00:00   1.2899e-01   3.7222e+01   2.8504e+00   0.0000e+00   0.0000e+00   2.4366e+02
20251223_18:00:00   1.3598e-01   3.8905e+01   2.9875e+00   0.0000e+00   0.0000e+00   2.4273e+02
20251223_21:00:00   1.4217e-01   4.0374e+01   3.1360e+00   0.0000e+00   0.0000e+00   2.4487e+02
20251224_00:00:00   1.4046e-01   4.0021e+01   3.0935e+00   0.0000e+00   0.0000e+00   2.4625e+02
20251224_03:00:00   1.3263e-01   3.8198e+01   2.9044e+00   0.0000e+00   0.0000e+00   2.4531e+02
20251224_06:00:00   1.0679e-01   3.2046e+01   2.2976e+00   0.0000e+00   0.0000e+00   2.4528e+02
20251224_09:00:00   7.7915e-02   2.4895e+01   1.6115e+00   0.0000e+00   0.0000e+00   2.4659e+02
20251224_12:00:00   7.1270e-02   2.3156e+01   1.4696e+00   0.0000e+00   0.0000e+00   2.4784e+02
20251224_15:00:00   7.3597e-02   2.3699e+01   1.5385e+00   0.0000e+00   0.0000e+00   2.4642e+02
20251224_18:00:00   8.7869e-02   2.7294e+01   1.8638e+00   0.0000e+00   0.0000e+00   2.4582e+02
20251224_21:00:00   1.2489e-01   3.6359e+01   2.6986e+00   0.0000e+00   0.0000e+00   2.4537e+02
20251225_00:00:00   1.6130e-01   4.4810e+01   3.5079e+00   0.0000e+00   0.0000e+00   2.4493e+02
20251225_03:00:00   1.7044e-01   4.6874e+01   3.7493e+00   0.0000e+00   0.0000e+00   2.4209e+02
20251225_06:00:00   1.7157e-01   4.7165e+01   3.7530e+00   0.0000e+00   0.0000e+00   2.4174e+02
20251225_09:00:00   1.7021e-01   4.6686e+01   3.7930e+00   0.0000e+00   0.0000e+00   2.4347e+02
20251225_12:00:00   1.6038e-01   4.4369e+01   3.5941e+00   0.0000e+00   0.0000e+00   2.4130e+02
20251225_15:00:00   1.5056e-01   4.2151e+01   3.3558e+00   0.0000e+00   0.0000e+00   2.4074e+02
20251225_18:00:00   1.6132e-01   4.4589e+01   3.6028e+00   0.0000e+00   3.4560e-06   2.4343e+02
20251225_21:00:00   1.4426e-01   4.0703e+01   3.2145e+00   0.0000e+00   1.0790e-04   2.4109e+02
20251226_00:00:00   1.5748e-01   4.3785e+01   3.4903e+00   0.0000e+00   3.6780e-04   2.4447e+02
20251226_03:00:00   1.5720e-01   4.3805e+01   3.4687e+00   0.0000e+00   1.2076e-04   2.4371e+02
20251226_06:00:00   1.7083e-01   4.6949e+01   3.7269e+00   0.0000e+00   3.0080e-05   2.4262e+02
20251226_09:00:00   1.7784e-01   4.8518e+01   3.8429e+00   0.0000e+00   0.0000e+00   2.4714e+02
20251226_12:00:00   1.8274e-01   4.9652e+01   3.9053e+00   0.0000e+00   0.0000e+00   2.4878e+02
20251226_15:00:00   1.7257e-01   4.7379e+01   3.6813e+00   0.0000e+00   0.0000e+00   2.4902e+02
20251226_18:00:00   1.6747e-01   4.6332e+01   3.4645e+00   0.0000e+00   0.0000e+00   2.4991e+02
20251226_21:00:00   1.8458e-01   5.0250e+01   3.7628e+00   1.4590e-07   0.0000e+00   2.5386e+02
20251227_00:00:00   2.7252e-01   6.9211e+01   4.1747e+00   2.6646e-02   0.0000e+00   2.5541e+02
20251227_03:00:00   1.4726e+00   2.1412e+02   4.9969e+00   4.8769e-01   0.0000e+00   2.5590e+02
20251227_06:00:00   1.8243e+00   2.3224e+02   5.4318e+00   6.2064e-01   1.5980e-05   2.5367e+02
