#            date       tau255        Tb[K]      pwv[mm] lwp[kg*m^-2] iwp[kg*m^-2]       o3[DU]
20251212_06:00:00   1.3389e-01   3.7889e+01   3.1043e+00   0.0000e+00   0.0000e+00   2.5707e+02
20251212_07:00:00   1.2927e-01   3.6912e+01   2.9676e+00   0.0000e+00   0.0000e+00   2.5678e+02
20251212_08:00:00   1.2914e-01   3.6909e+01   2.9592e+00   0.0000e+00   0.0000e+00   2.5689e+02
20251212_09:00:00   1.4101e-01   3.9710e+01   3.2347e+00   0.0000e+00   0.0000e+00   2.5541e+02
20251212_10:00:00   1.5636e-01   4.3194e+01   3.5918e+00   0.0000e+00   0.0000e+00   2.5439e+02
20251212_11:00:00   1.6280e-01   4.4623e+01   3.7358e+00   0.0000e+00   0.0000e+00   2.5294e+02
20251212_12:00:00   1.6455e-01   4.5014e+01   3.7664e+00   0.0000e+00   0.0000e+00   2.5124e+02
20251212_13:00:00   1.6242e-01   4.4551e+01   3.7024e+00   0.0000e+00   0.0000e+00   2.5049e+02
20251212_14:00:00   1.5289e-01   4.2392e+01   3.4752e+00   0.0000e+00   0.0000e+00   2.4956e+02
20251212_15:00:00   1.4140e-01   3.9704e+01   3.2217e+00   0.0000e+00   0.0000e+00   2.4828e+02
20251212_16:00:00   1.4245e-01   3.9856e+01   3.2670e+00   0.0000e+00   0.0000e+00   2.4854e+02
20251212_17:00:00   1.5059e-01   4.1692e+01   3.4650e+00   0.0000e+00   0.0000e+00   2.4966e+02
20251212_18:00:00   1.6039e-01   4.3982e+01   3.6828e+00   0.0000e+00   0.0000e+00   2.5101e+02
20251212_19:00:00   1.6886e-01   4.5956e+01   3.8688e+00   0.0000e+00   0.0000e+00   2.5344e+02
20251212_20:00:00   1.7160e-01   4.6625e+01   3.9225e+00   0.0000e+00   0.0000e+00   2.5515e+02
20251212_21:00:00   1.7399e-01   4.7214e+01   3.9597e+00   0.0000e+00   0.0000e+00   2.5761e+02
20251212_22:00:00   1.7798e-01   4.8137e+01   4.0508e+00   0.0000e+00   0.0000e+00   2.5939e+02
20251212_23:00:00   1.7002e-01   4.6396e+01   3.8615e+00   4.4740e-08   0.0000e+00   2.6047e+02
20251213_00:00:00   1.6731e-01   4.5810e+01   3.8005e+00   0.0000e+00   0.0000e+00   2.5948e+02
20251213_01:00:00   1.5996e-01   4.4175e+01   3.6207e+00   0.0000e+00   0.0000e+00   2.5877e+02
20251213_02:00:00   1.4716e-01   4.1312e+01   3.3059e+00   2.0190e-06   0.0000e+00   2.5691e+02
20251213_03:00:00   1.4015e-01   3.9735e+01   3.1210e+00   3.0240e-04   0.0000e+00   2.5498e+02
20251213_04:00:00   1.3160e-01   3.7751e+01   2.9201e+00   2.9540e-04   0.0000e+00   2.5306e+02
20251213_05:00:00   1.2600e-01   3.6440e+01   2.8044e+00   0.0000e+00   0.0000e+00   2.5188e+02
20251213_06:00:00   1.2209e-01   3.5514e+01   2.7095e+00   0.0000e+00   0.0000e+00   2.5191e+02
20251213_07:00:00   1.1758e-01   3.4442e+01   2.6054e+00   0.0000e+00   0.0000e+00   2.5285e+02
20251213_08:00:00   1.1535e-01   3.3887e+01   2.5483e+00   0.0000e+00   0.0000e+00   2.5342e+02
20251213_09:00:00   1.1216e-01   3.3105e+01   2.4732e+00   0.0000e+00   0.0000e+00   2.5305e+02
20251213_10:00:00   1.1163e-01   3.2960e+01   2.4631e+00   0.0000e+00   0.0000e+00   2.5282e+02
20251213_11:00:00   1.0928e-01   3.2399e+01   2.4049e+00   0.0000e+00   0.0000e+00   2.5161e+02
20251213_12:00:00   1.0607e-01   3.1619e+01   2.3285e+00   0.0000e+00   0.0000e+00   2.5049e+02
20251213_13:00:00   1.0441e-01   3.1217e+01   2.2904e+00   0.0000e+00   0.0000e+00   2.5079e+02
20251213_14:00:00   1.0336e-01   3.0965e+01   2.2645e+00   0.0000e+00   0.0000e+00   2.4884e+02
20251213_15:00:00   1.0278e-01   3.0830e+01   2.2480e+00   0.0000e+00   0.0000e+00   2.4768e+02
20251213_16:00:00   1.0188e-01   3.0627e+01   2.2220e+00   0.0000e+00   0.0000e+00   2.4808e+02
20251213_17:00:00   1.0111e-01   3.0452e+01   2.1972e+00   0.0000e+00   0.0000e+00   2.4879e+02
20251213_18:00:00   1.0076e-01   3.0379e+01   2.1828e+00   0.0000e+00   0.0000e+00   2.4905e+02
20251213_19:00:00   9.9619e-02   3.0120e+01   2.1515e+00   0.0000e+00   0.0000e+00   2.4804e+02
20251213_20:00:00   9.7427e-02   2.9597e+01   2.0940e+00   0.0000e+00   0.0000e+00   2.4756e+02
20251213_21:00:00   9.5814e-02   2.9208e+01   2.0500e+00   0.0000e+00   0.0000e+00   2.4791e+02
20251213_22:00:00   9.4167e-02   2.8807e+01   2.0062e+00   0.0000e+00   0.0000e+00   2.4718e+02
20251213_23:00:00   9.4249e-02   2.8811e+01   2.0109e+00   0.0000e+00   0.0000e+00   2.4702e+02
20251214_00:00:00   9.7048e-02   2.9478e+01   2.0804e+00   0.0000e+00   0.0000e+00   2.4633e+02
20251214_01:00:00   9.7673e-02   2.9628e+01   2.0943e+00   0.0000e+00   0.0000e+00   2.4575e+02
20251214_02:00:00   9.7797e-02   2.9647e+01   2.1034e+00   0.0000e+00   0.0000e+00   2.4543e+02
20251214_03:00:00   9.6274e-02   2.9244e+01   2.0850e+00   0.0000e+00   0.0000e+00   2.4533e+02
20251214_04:00:00   9.8127e-02   2.9662e+01   2.1372e+00   0.0000e+00   0.0000e+00   2.4571e+02
20251214_05:00:00   1.0187e-01   3.0512e+01   2.2402e+00   0.0000e+00   0.0000e+00   2.4606e+02
20251214_06:00:00   1.0614e-01   3.1468e+01   2.3617e+00   0.0000e+00   0.0000e+00   2.4669e+02
20251214_07:00:00   1.0550e-01   3.1309e+01   2.3483e+00   0.0000e+00   0.0000e+00   2.4782e+02
20251214_08:00:00   1.0615e-01   3.1444e+01   2.3677e+00   0.0000e+00   0.0000e+00   2.4776e+02
20251214_09:00:00   1.0617e-01   3.1415e+01   2.3732e+00   0.0000e+00   0.0000e+00   2.4705e+02
20251214_10:00:00   1.0269e-01   3.0565e+01   2.2909e+00   0.0000e+00   0.0000e+00   2.4595e+02
20251214_11:00:00   1.0188e-01   3.0348e+01   2.2719e+00   0.0000e+00   0.0000e+00   2.4699e+02
20251214_12:00:00   1.0385e-01   3.0794e+01   2.3199e+00   0.0000e+00   0.0000e+00   2.4754e+02
20251214_13:00:00   1.0829e-01   3.1834e+01   2.4272e+00   0.0000e+00   0.0000e+00   2.4811e+02
20251214_14:00:00   1.1234e-01   3.2796e+01   2.5194e+00   0.0000e+00   0.0000e+00   2.4813e+02
20251214_15:00:00   1.1923e-01   3.4466e+01   2.6724e+00   0.0000e+00   0.0000e+00   2.4757e+02
20251214_16:00:00   1.2853e-01   3.6710e+01   2.8723e+00   0.0000e+00   0.0000e+00   2.4766e+02
20251214_17:00:00   1.3949e-01   3.9306e+01   3.1010e+00   0.0000e+00   0.0000e+00   2.4805e+02
20251214_18:00:00   1.4594e-01   4.0830e+01   3.2302e+00   0.0000e+00   0.0000e+00   2.4813e+02
20251214_19:00:00   1.4978e-01   4.1646e+01   3.3466e+00   0.0000e+00   0.0000e+00   2.4818e+02
20251214_20:00:00   1.5014e-01   4.1650e+01   3.3936e+00   0.0000e+00   0.0000e+00   2.4867e+02
20251214_21:00:00   1.5050e-01   4.1713e+01   3.4105e+00   0.0000e+00   0.0000e+00   2.4708e+02
20251214_22:00:00   1.5200e-01   4.1969e+01   3.4772e+00   0.0000e+00   0.0000e+00   2.4474e+02
20251214_23:00:00   1.6858e-01   4.5737e+01   3.8265e+00   6.1620e-08   0.0000e+00   2.4305e+02
20251215_00:00:00   1.8003e-01   4.8293e+01   4.0886e+00   1.3480e-06   0.0000e+00   2.4133e+02
20251215_01:00:00   1.9652e-01   5.1929e+01   4.3451e+00   2.3107e-03   0.0000e+00   2.4022e+02
20251215_02:00:00   1.9333e-01   5.1151e+01   4.4272e+00   1.5572e-04   0.0000e+00   2.4005e+02
20251215_03:00:00   2.2799e-01   5.8739e+01   4.9334e+00   4.2630e-03   0.0000e+00   2.4038e+02
20251215_04:00:00   2.5908e-01   6.5341e+01   5.4130e+00   7.2310e-03   0.0000e+00   2.4057e+02
20251215_05:00:00   2.5493e-01   6.4295e+01   5.7455e+00   7.8840e-05   0.0000e+00   2.4054e+02
20251215_06:00:00   2.8165e-01   6.9573e+01   6.3343e+00   3.5250e-04   1.7276e-06   2.4022e+02
20251215_07:00:00   2.8117e-01   6.9420e+01   6.3571e+00   3.0540e-04   8.3856e-06   2.4036e+02
20251215_08:00:00   2.9613e-01   7.2190e+01   6.7274e+00   0.0000e+00   2.4199e-04   2.4053e+02
20251215_09:00:00   2.9721e-01   7.2302e+01   6.7665e+00   0.0000e+00   7.5968e-04   2.4121e+02
20251215_10:00:00   3.0171e-01   7.3063e+01   6.8967e+00   0.0000e+00   6.0232e-03   2.4104e+02
20251215_11:00:00   3.0057e-01   7.2812e+01   6.9037e+00   0.0000e+00   7.2617e-04   2.4150e+02
20251215_12:00:00   3.0196e-01   7.2997e+01   6.9787e+00   3.3640e-06   8.5212e-04   2.4192e+02
20251215_13:00:00   3.1495e-01   7.5413e+01   7.2893e+00   5.0900e-06   2.0751e-03   2.4235e+02
20251215_14:00:00   3.2643e-01   7.7627e+01   7.4946e+00   4.2380e-06   1.1524e-02   2.4280e+02
20251215_15:00:00   3.3716e-01   7.9683e+01   7.6972e+00   0.0000e+00   1.3024e-02   2.4310e+02
20251215_16:00:00   3.5559e-01   8.3099e+01   8.0864e+00   0.0000e+00   1.4720e-02   2.4298e+02
20251215_17:00:00   3.9100e-01   8.9448e+01   8.6910e+00   0.0000e+00   1.8656e-01   2.4373e+02
20251215_18:00:00   3.9923e-01   9.1031e+01   8.8657e+00   3.3290e-06   1.7079e-01   2.4390e+02
20251215_19:00:00   4.0019e-01   9.1441e+01   8.9027e+00   0.0000e+00   2.4864e-02   2.4448e+02
20251215_20:00:00   4.1539e-01   9.4096e+01   9.1844e+00   0.0000e+00   2.0522e-02   2.4424e+02
20251215_21:00:00   4.2482e-01   9.5713e+01   9.3100e+00   0.0000e+00   7.9318e-02   2.4424e+02
20251215_22:00:00   4.2742e-01   9.6179e+01   9.3940e+00   0.0000e+00   2.7608e-02   2.4385e+02
20251215_23:00:00   4.4065e-01   9.8405e+01   9.6141e+00   0.0000e+00   5.2630e-02   2.4445e+02
20251216_00:00:00   4.3153e-01   9.6923e+01   9.4411e+00   4.4980e-07   1.3664e-02   2.4333e+02
20251216_01:00:00   4.4859e-01   9.9759e+01   9.7708e+00   5.2020e-04   3.5304e-02   2.4410e+02
20251216_02:00:00   4.6024e-01   1.0166e+02   9.9868e+00   1.3610e-05   6.6790e-02   2.4569e+02
20251216_03:00:00   4.7877e-01   1.0473e+02   1.0239e+01   3.6980e-05   2.1208e-01   2.4581e+02
20251216_04:00:00   4.8412e-01   1.0580e+02   1.0356e+01   1.5650e-06   4.5998e-02   2.4581e+02
20251216_05:00:00   4.6562e-01   1.0267e+02   1.0036e+01   4.2330e-06   1.9992e-02   2.4610e+02
20251216_06:00:00   4.5010e-01   9.9960e+01   9.7470e+00   0.0000e+00   1.1188e-01   2.4862e+02
20251216_07:00:00   4.3321e-01   9.7020e+01   9.4353e+00   8.4600e-07   9.5274e-02   2.5003e+02
20251216_08:00:00   4.6561e-01   1.0236e+02   9.9456e+00   6.1080e-05   2.2914e-01   2.5071e+02
20251216_09:00:00   5.0079e-01   1.0803e+02   1.0421e+01   0.0000e+00   4.0909e-01   2.5081e+02
20251216_10:00:00   5.6970e-01   1.1948e+02   1.1109e+01   8.4529e-03   1.5144e-01   2.4951e+02
20251216_11:00:00   5.3921e-01   1.1441e+02   1.0982e+01   0.0000e+00   2.0436e-01   2.4961e+02
20251216_12:00:00   5.2553e-01   1.1252e+02   1.0761e+01   1.2092e-05   5.5956e-02   2.4935e+02
20251216_13:00:00   5.1493e-01   1.1100e+02   1.0519e+01   0.0000e+00   4.3231e-02   2.4840e+02
20251216_14:00:00   4.9392e-01   1.0778e+02   1.0130e+01   0.0000e+00   1.6312e-02   2.4764e+02
20251216_15:00:00   4.4883e-01   1.0028e+02   9.3561e+00   0.0000e+00   2.2156e-02   2.4529e+02
20251216_16:00:00   4.5034e-01   1.0029e+02   9.4042e+00   0.0000e+00   1.0219e-01   2.4420e+02
20251216_17:00:00   4.2970e-01   9.7077e+01   8.9346e+00   0.0000e+00   1.6584e-02   2.4451e+02
20251216_18:00:00   4.3413e-01   9.7696e+01   9.0398e+00   4.8380e-05   6.9063e-03   2.4459e+02
20251216_19:00:00   4.1615e-01   9.4456e+01   8.6767e+00   2.4180e-05   2.0487e-01   2.4390e+02
20251216_20:00:00   3.8724e-01   8.9584e+01   8.0214e+00   0.0000e+00   8.1927e-02   2.4431e+02
20251216_21:00:00   3.3928e-01   8.0998e+01   7.0786e+00   0.0000e+00   5.4687e-03   2.4484e+02
20251216_22:00:00   3.3858e-01   8.0924e+01   6.9350e+00   2.2104e-03   2.6137e-03   2.4500e+02
20251216_23:00:00   3.7125e-01   8.7242e+01   6.8707e+00   1.5637e-02   5.5409e-04   2.4429e+02
20251217_00:00:00   6.0669e-01   1.2704e+02   6.3849e+00   1.1949e-01   3.7300e-07   2.4414e+02
20251217_01:00:00   4.2815e-01   9.8168e+01   6.1374e+00   5.1843e-02   5.1828e-06   2.4520e+02
20251217_02:00:00   3.9149e-01   9.1476e+01   6.2142e+00   3.5707e-02   1.3821e-05   2.4540e+02
20251217_03:00:00   3.9737e-01   9.2646e+01   6.0329e+00   4.3040e-02   0.0000e+00   2.4652e+02
20251217_04:00:00   2.6334e-01   6.6471e+01   5.5446e+00   0.0000e+00   0.0000e+00   2.4643e+02
20251217_05:00:00   2.3296e-01   6.0232e+01   4.9245e+00   0.0000e+00   0.0000e+00   2.4646e+02
20251217_06:00:00   2.1812e-01   5.7082e+01   4.6325e+00   0.0000e+00   0.0000e+00   2.4869e+02
20251217_09:00:00   1.8723e-01   5.0292e+01   4.0276e+00   0.0000e+00   0.0000e+00   2.4823e+02
20251217_12:00:00   1.8431e-01   4.9583e+01   3.9625e+00   0.0000e+00   0.0000e+00   2.4520e+02
20251217_15:00:00   1.7234e-01   4.6794e+01   3.7558e+00   0.0000e+00   0.0000e+00   2.4520e+02
20251217_18:00:00   1.7145e-01   4.6535e+01   3.7805e+00   0.0000e+00   0.0000e+00   2.4706e+02
20251217_21:00:00   1.7139e-01   4.6494e+01   3.8068e+00   0.0000e+00   0.0000e+00   2.4824e+02
20251218_00:00:00   1.7501e-01   4.7385e+01   3.8610e+00   4.6310e-05   0.0000e+00   2.4841e+02
20251218_03:00:00   1.7211e-01   4.6781e+01   3.7841e+00   1.5440e-04   0.0000e+00   2.4799e+02
20251218_06:00:00   1.7901e-01   4.8297e+01   3.9533e+00   3.8970e-04   0.0000e+00   2.4613e+02
20251218_09:00:00   1.8295e-01   4.9171e+01   4.0472e+00   2.1410e-06   0.0000e+00   2.4384e+02
20251218_12:00:00   1.8745e-01   5.0089e+01   4.1690e+00   1.0960e-06   0.0000e+00   2.4466e+02
20251218_15:00:00   1.8788e-01   5.0175e+01   4.1911e+00   0.0000e+00   0.0000e+00   2.4565e+02
20251218_18:00:00   1.8583e-01   4.9565e+01   4.2481e+00   0.0000e+00   0.0000e+00   2.4673e+02
20251218_21:00:00   1.8769e-01   4.9955e+01   4.3056e+00   0.0000e+00   0.0000e+00   2.4698e+02
20251219_00:00:00   1.9992e-01   5.2535e+01   4.5809e+00   5.9430e-04   5.1820e-06   2.4694e+02
20251219_03:00:00   2.2385e-01   5.7775e+01   4.6652e+00   9.1610e-03   3.3006e-03   2.4501e+02
20251219_06:00:00   2.0624e-01   5.3802e+01   4.7602e+00   3.5290e-05   3.8702e-03   2.4423e+02
20251219_09:00:00   1.9710e-01   5.1806e+01   4.5752e+00   0.0000e+00   6.3961e-04   2.4456e+02
20251219_12:00:00   1.7682e-01   4.7425e+01   4.1088e+00   0.0000e+00   3.7300e-07   2.4427e+02
20251219_15:00:00   1.6681e-01   4.5085e+01   3.9169e+00   0.0000e+00   0.0000e+00   2.4457e+02
20251219_18:00:00   1.7910e-01   4.7647e+01   4.2225e+00   0.0000e+00   4.4395e-04   2.4561e+02
20251219_21:00:00   1.8248e-01   4.8341e+01   4.2978e+00   0.0000e+00   7.6160e-04   2.4664e+02
20251220_00:00:00   2.0588e-01   5.3348e+01   4.8569e+00   4.3740e-05   1.9120e-03   2.4545e+02
20251220_03:00:00   3.3018e-01   7.8206e+01   7.4741e+00   1.4000e-05   2.5299e-02   2.4496e+02
20251220_06:00:00   3.7861e-01   8.7544e+01   8.4251e+00   2.0670e-06   1.4543e-03   2.4742e+02
20251220_09:00:00   4.2892e-01   9.6658e+01   9.3783e+00   0.0000e+00   8.7196e-03   2.4584e+02
20251220_12:00:00   4.1704e-01   9.4524e+01   9.1398e+00   0.0000e+00   2.0306e-03   2.4292e+02
20251220_15:00:00   4.2886e-01   9.6579e+01   9.3570e+00   0.0000e+00   1.6295e-03   2.4384e+02
20251220_18:00:00   4.3087e-01   9.7047e+01   9.3322e+00   0.0000e+00   1.2276e-03   2.4664e+02
20251220_21:00:00   4.2401e-01   9.5944e+01   9.2173e+00   0.0000e+00   8.2388e-03   2.4882e+02
20251221_00:00:00   4.4990e-01   1.0056e+02   9.8002e+00   0.0000e+00   9.7912e-03   2.4600e+02
20251221_03:00:00   4.3837e-01   9.8911e+01   9.5621e+00   6.2130e-06   1.4561e-02   2.4518e+02
20251221_06:00:00   3.7751e-01   8.8660e+01   8.1522e+00   0.0000e+00   1.0646e-04   2.4557e+02
20251221_09:00:00   3.7500e-01   8.8244e+01   8.0294e+00   0.0000e+00   4.7144e-04   2.4644e+02
20251221_12:00:00   3.7141e-01   8.7742e+01   7.9438e+00   0.0000e+00   1.8110e-06   2.4553e+02
20251221_15:00:00   3.9508e-01   9.1977e+01   8.3960e+00   0.0000e+00   0.0000e+00   2.4324e+02
20251221_18:00:00   3.8246e-01   8.9735e+01   8.1380e+00   0.0000e+00   0.0000e+00   2.4506e+02
20251221_21:00:00   3.8506e-01   9.0376e+01   8.1542e+00   0.0000e+00   2.9840e-06   2.4502e+02
20251222_00:00:00   3.4425e-01   8.2875e+01   7.4451e+00   0.0000e+00   2.3280e-03   2.4603e+02
20251222_03:00:00   3.3078e-01   8.0226e+01   7.2515e+00   0.0000e+00   7.6713e-03   2.4399e+02
20251222_06:00:00   3.2028e-01   7.8009e+01   7.1626e+00   0.0000e+00   2.7200e-02   2.4369e+02
20251222_09:00:00   3.1804e-01   7.7685e+01   7.0081e+00   0.0000e+00   1.7525e-03   2.4362e+02
20251222_12:00:00   3.0723e-01   7.5599e+01   6.7399e+00   0.0000e+00   1.1473e-02   2.4069e+02
20251222_15:00:00   3.0643e-01   7.5289e+01   6.7872e+00   0.0000e+00   7.6022e-03   2.3908e+02
20251222_18:00:00   3.0064e-01   7.4131e+01   6.6631e+00   0.0000e+00   4.7294e-04   2.4148e+02
20251222_21:00:00   2.9357e-01   7.2759e+01   6.5489e+00   0.0000e+00   6.9717e-03   2.4299e+02
20251223_00:00:00   2.8861e-01   7.1425e+01   6.4589e+00   0.0000e+00   2.2700e-01   2.4440e+02
20251223_03:00:00   3.0654e-01   7.4847e+01   7.0017e+00   0.0000e+00   7.2287e-02   2.4498e+02
20251223_06:00:00   2.8775e-01   7.1287e+01   6.5926e+00   0.0000e+00   4.6591e-02   2.4557e+02
20251223_09:00:00   2.5563e-01   6.5059e+01   5.7949e+00   0.0000e+00   2.8099e-02   2.4547e+02
20251223_12:00:00   2.4714e-01   6.3369e+01   5.5266e+00   0.0000e+00   1.0026e-02   2.4323e+02
20251223_15:00:00   2.5464e-01   6.4894e+01   5.6801e+00   0.0000e+00   1.2915e-02   2.4227e+02
20251223_18:00:00   2.6597e-01   6.7046e+01   5.9743e+00   0.0000e+00   1.7650e-02   2.4286e+02
20251223_21:00:00   2.4869e-01   6.3571e+01   5.5751e+00   0.0000e+00   1.1063e-02   2.4184e+02
20251224_00:00:00   2.5587e-01   6.4906e+01   5.6865e+00   0.0000e+00   9.1250e-02   2.4037e+02
20251224_03:00:00   2.5850e-01   6.5539e+01   5.6877e+00   0.0000e+00   1.0280e-01   2.4080e+02
20251224_06:00:00   2.5992e-01   6.6010e+01   5.6355e+00   0.0000e+00   8.4036e-03   2.3857e+02
20251224_09:00:00   2.6096e-01   6.6054e+01   5.7627e+00   0.0000e+00   3.6596e-03   2.3857e+02
20251224_12:00:00   2.6161e-01   6.5906e+01   5.9494e+00   0.0000e+00   7.3368e-04   2.3843e+02
20251224_15:00:00   2.4138e-01   6.1678e+01   5.5556e+00   0.0000e+00   3.7850e-05   2.3974e+02
20251224_18:00:00   2.2132e-01   5.7557e+01   5.1017e+00   0.0000e+00   2.6797e-05   2.4330e+02
20251224_21:00:00   2.1521e-01   5.6232e+01   4.9994e+00   0.0000e+00   7.8545e-04   2.4265e+02
20251225_00:00:00   2.2386e-01   5.8148e+01   5.1446e+00   0.0000e+00   2.3136e-03   2.4248e+02
20251225_03:00:00   2.1841e-01   5.7005e+01   5.0475e+00   0.0000e+00   1.3940e-03   2.4301e+02
20251225_06:00:00   2.1599e-01   5.6531e+01   4.9800e+00   0.0000e+00   0.0000e+00   2.4333e+02
20251225_09:00:00   2.1381e-01   5.6134e+01   4.8877e+00   0.0000e+00   0.0000e+00   2.4382e+02
20251225_12:00:00   2.1109e-01   5.5627e+01   4.7855e+00   0.0000e+00   0.0000e+00   2.4256e+02
20251225_15:00:00   2.0298e-01   5.3898e+01   4.5956e+00   0.0000e+00   0.0000e+00   2.4044e+02
20251225_18:00:00   1.9368e-01   5.1859e+01   4.3998e+00   0.0000e+00   8.0900e-06   2.4026e+02
20251225_21:00:00   1.8157e-01   4.9143e+01   4.1481e+00   0.0000e+00   6.2080e-05   2.4526e+02
20251226_00:00:00   2.0401e-01   5.4075e+01   4.6789e+00   0.0000e+00   0.0000e+00   2.4555e+02
20251226_03:00:00   2.1685e-01   5.6772e+01   4.9868e+00   0.0000e+00   0.0000e+00   2.4702e+02
20251226_06:00:00   2.4091e-01   6.1740e+01   5.5341e+00   0.0000e+00   0.0000e+00   2.4712e+02
20251226_09:00:00   2.2216e-01   5.7650e+01   5.1087e+00   0.0000e+00   0.0000e+00   2.4746e+02
20251226_12:00:00   2.2455e-01   5.8207e+01   5.1255e+00   0.0000e+00   0.0000e+00   2.4709e+02
20251226_15:00:00   2.3391e-01   6.0248e+01   5.2963e+00   0.0000e+00   2.7300e-04   2.4937e+02
20251226_18:00:00   2.2945e-01   5.9320e+01   5.1586e+00   0.0000e+00   4.2818e-05   2.5115e+02
20251226_21:00:00   2.3818e-01   6.1074e+01   5.3801e+00   0.0000e+00   4.1242e-03   2.5358e+02
20251227_00:00:00   2.4236e-01   6.1776e+01   5.5253e+00   3.0250e-05   1.0893e-02   2.5518e+02
20251227_03:00:00   2.3308e-01   5.9760e+01   5.3260e+00   0.0000e+00   5.2403e-03   2.5627e+02
20251227_06:00:00   2.7054e-01   6.6869e+01   6.2099e+00   0.0000e+00   1.6545e-01   2.5683e+02
20251227_09:00:00   2.9974e-01   7.2511e+01   6.8602e+00   0.0000e+00   7.5063e-02   2.5610e+02
20251227_12:00:00   2.7513e-01   6.7840e+01   6.2853e+00   0.0000e+00   1.0555e-02   2.5450e+02
20251227_15:00:00   2.6704e-01   6.6224e+01   6.0656e+00   0.0000e+00   1.7540e-03   2.5477e+02
20251227_18:00:00   2.4818e-01   6.2657e+01   5.5356e+00   0.0000e+00   0.0000e+00   2.5611e+02
20251227_21:00:00   2.2918e-01   5.8800e+01   5.0960e+00   5.0160e-05   0.0000e+00   2.5845e+02
20251228_00:00:00   2.1896e-01   5.7026e+01   4.7328e+00   2.4880e-04   0.0000e+00   2.5822e+02
20251228_03:00:00   2.1519e-01   5.6208e+01   4.3598e+00   7.0840e-03   0.0000e+00   2.5756e+02
20251228_06:00:00   1.7045e-01   4.6377e+01   3.7342e+00   3.6400e-05   0.0000e+00   2.5738e+02
