#            date       tau255        Tb[K]      pwv[mm] lwp[kg*m^-2] iwp[kg*m^-2]       o3[DU]
20251204_12:00:00   1.5129e-01   4.2183e+01   3.3910e+00   0.0000e+00   0.0000e+00   2.6591e+02
20251204_13:00:00   1.4083e-01   3.9716e+01   3.1586e+00   0.0000e+00   0.0000e+00   2.6456e+02
20251204_14:00:00   1.3185e-01   3.7583e+01   2.9580e+00   0.0000e+00   0.0000e+00   2.6566e+02
20251204_15:00:00   1.2651e-01   3.6306e+01   2.8343e+00   0.0000e+00   0.0000e+00   2.6685e+02
20251204_16:00:00   1.2306e-01   3.5474e+01   2.7504e+00   0.0000e+00   0.0000e+00   2.6612e+02
20251204_17:00:00   1.2089e-01   3.4964e+01   2.6901e+00   0.0000e+00   0.0000e+00   2.6575e+02
20251204_18:00:00   1.2123e-01   3.5051e+01   2.6913e+00   0.0000e+00   0.0000e+00   2.6415e+02
20251204_19:00:00   1.2162e-01   3.5136e+01   2.6987e+00   0.0000e+00   0.0000e+00   2.6389e+02
20251204_20:00:00   1.2578e-01   3.6108e+01   2.7929e+00   0.0000e+00   0.0000e+00   2.6389e+02
20251204_21:00:00   1.2775e-01   3.6524e+01   2.8383e+00   0.0000e+00   0.0000e+00   2.6212e+02
20251204_22:00:00   1.2792e-01   3.6563e+01   2.8437e+00   0.0000e+00   0.0000e+00   2.6079e+02
20251204_23:00:00   1.3014e-01   3.7065e+01   2.8946e+00   0.0000e+00   0.0000e+00   2.5997e+02
20251205_00:00:00   1.3012e-01   3.7035e+01   2.8953e+00   0.0000e+00   0.0000e+00   2.5884e+02
20251205_01:00:00   1.2941e-01   3.6876e+01   2.8751e+00   1.0360e-04   0.0000e+00   2.5933e+02
20251205_02:00:00   1.3347e-01   3.7792e+01   2.9754e+00   4.2290e-06   0.0000e+00   2.5987e+02
20251205_03:00:00   1.4006e-01   3.9286e+01   3.1190e+00   1.4130e-06   0.0000e+00   2.5961e+02
20251205_04:00:00   1.4431e-01   4.0234e+01   3.2015e+00   0.0000e+00   0.0000e+00   2.6025e+02
20251205_05:00:00   1.4577e-01   4.0611e+01   3.2193e+00   0.0000e+00   0.0000e+00   2.5899e+02
20251205_06:00:00   1.4745e-01   4.1028e+01   3.2448e+00   2.3500e-05   0.0000e+00   2.5815e+02
20251205_07:00:00   1.5531e-01   4.2851e+01   3.4003e+00   1.5690e-05   0.0000e+00   2.5809e+02
20251205_08:00:00   1.6868e-01   4.5900e+01   3.6635e+00   3.8610e-05   0.0000e+00   2.5856e+02
20251205_09:00:00   1.8043e-01   4.8588e+01   3.8801e+00   0.0000e+00   0.0000e+00   2.5838e+02
20251205_10:00:00   1.8929e-01   5.0623e+01   4.0067e+00   2.5060e-04   0.0000e+00   2.5926e+02
20251205_11:00:00   1.8369e-01   4.9417e+01   3.9097e+00   4.7730e-05   0.0000e+00   2.6013e+02
20251205_12:00:00   1.8152e-01   4.8947e+01   3.8215e+00   5.6020e-04   0.0000e+00   2.5989e+02
20251205_13:00:00   1.6219e-01   4.4601e+01   3.4357e+00   2.7070e-04   0.0000e+00   2.5826e+02
20251205_14:00:00   1.3636e-01   3.8636e+01   2.9110e+00   0.0000e+00   0.0000e+00   2.5971e+02
20251205_15:00:00   1.0956e-01   3.2281e+01   2.3295e+00   0.0000e+00   0.0000e+00   2.6086e+02
20251205_16:00:00   9.1222e-02   2.7824e+01   1.9263e+00   0.0000e+00   0.0000e+00   2.6125e+02
20251205_17:00:00   8.5540e-02   2.6428e+01   1.7917e+00   0.0000e+00   0.0000e+00   2.6115e+02
20251205_18:00:00   7.7092e-02   2.4322e+01   1.5981e+00   0.0000e+00   0.0000e+00   2.6100e+02
20251205_19:00:00   7.1586e-02   2.2944e+01   1.4719e+00   0.0000e+00   0.0000e+00   2.6037e+02
20251205_20:00:00   7.4237e-02   2.3619e+01   1.5315e+00   0.0000e+00   0.0000e+00   2.6018e+02
20251205_21:00:00   7.9598e-02   2.4971e+01   1.6487e+00   2.1500e-05   0.0000e+00   2.6161e+02
20251205_22:00:00   9.0878e-02   2.7801e+01   1.8809e+00   1.2880e-04   0.0000e+00   2.6231e+02
20251205_23:00:00   1.0433e-01   3.1142e+01   2.0745e+00   1.6479e-03   0.0000e+00   2.6102e+02
20251206_00:00:00   1.2052e-01   3.5073e+01   2.2810e+00   3.8739e-03   6.6580e-06   2.5949e+02
20251206_01:00:00   1.0726e-01   3.1858e+01   2.1752e+00   7.9270e-04   0.0000e+00   2.5950e+02
20251206_02:00:00   1.1369e-01   3.3444e+01   2.2450e+00   1.7727e-03   1.3820e-06   2.6043e+02
20251206_03:00:00   1.2590e-01   3.6371e+01   2.4424e+00   2.2811e-03   6.6580e-06   2.5930e+02
20251206_04:00:00   1.0312e-01   3.0868e+01   2.1000e+00   6.2769e-05   0.0000e+00   2.5918e+02
20251206_05:00:00   1.2277e-01   3.5660e+01   2.2371e+00   4.7080e-03   1.1858e-05   2.5854e+02
20251206_06:00:00   1.8444e-01   5.0090e+01   2.2159e+00   3.0120e-02   0.0000e+00   2.5826e+02
20251206_07:00:00   1.3002e-01   3.7374e+01   2.2831e+00   7.3810e-03   0.0000e+00   2.5799e+02
20251206_08:00:00   1.2339e-01   3.5775e+01   2.2301e+00   6.0270e-03   0.0000e+00   2.5821e+02
20251206_09:00:00   1.1262e-01   3.3140e+01   2.1653e+00   3.0290e-03   0.0000e+00   2.5669e+02
20251206_10:00:00   9.7436e-02   2.9383e+01   2.0204e+00   0.0000e+00   0.0000e+00   2.5574e+02
20251206_11:00:00   9.0180e-02   2.7542e+01   1.8838e+00   0.0000e+00   0.0000e+00   2.5442e+02
20251206_12:00:00   8.5611e-02   2.6401e+01   1.7879e+00   0.0000e+00   1.3318e-05   2.5399e+02
20251206_13:00:00   8.2054e-02   2.5478e+01   1.7214e+00   0.0000e+00   0.0000e+00   2.5408e+02
20251206_14:00:00   7.8016e-02   2.4438e+01   1.6422e+00   0.0000e+00   0.0000e+00   2.5393e+02
20251206_15:00:00   7.4839e-02   2.3625e+01   1.5809e+00   0.0000e+00   0.0000e+00   2.5470e+02
20251206_16:00:00   7.2569e-02   2.3059e+01   1.5286e+00   0.0000e+00   0.0000e+00   2.5552e+02
20251206_17:00:00   7.0844e-02   2.2633e+01   1.4857e+00   0.0000e+00   4.3723e-04   2.5548e+02
20251206_18:00:00   6.8243e-02   2.1978e+01   1.4247e+00   0.0000e+00   4.8640e-05   2.5578e+02
20251206_19:00:00   6.5287e-02   2.1226e+01   1.3553e+00   0.0000e+00   4.1360e-05   2.5674e+02
20251206_20:00:00   6.1645e-02   2.0297e+01   1.2737e+00   0.0000e+00   3.5800e-05   2.5642e+02
20251206_21:00:00   6.2514e-02   2.0482e+01   1.3062e+00   0.0000e+00   3.0658e-04   2.5744e+02
20251206_22:00:00   6.4849e-02   2.1053e+01   1.3746e+00   0.0000e+00   9.6162e-04   2.5692e+02
20251206_23:00:00   8.6265e-02   2.6525e+01   1.8449e+00   0.0000e+00   9.6999e-04   2.5596e+02
20251207_00:00:00   7.5081e-02   2.3683e+01   1.6122e+00   0.0000e+00   9.6070e-05   2.5612e+02
20251207_01:00:00   8.2987e-02   2.5670e+01   1.7886e+00   0.0000e+00   3.7740e-04   2.5493e+02
20251207_02:00:00   7.8570e-02   2.4516e+01   1.7042e+00   0.0000e+00   1.0498e-03   2.5502e+02
20251207_03:00:00   7.7454e-02   2.4244e+01   1.6756e+00   0.0000e+00   2.7257e-04   2.5457e+02
20251207_04:00:00   7.6699e-02   2.4053e+01   1.6594e+00   0.0000e+00   9.2759e-05   2.5561e+02
20251207_05:00:00   7.6689e-02   2.3993e+01   1.6704e+00   0.0000e+00   4.0008e-04   2.5439e+02
20251207_06:00:00   7.5996e-02   2.3724e+01   1.6759e+00   0.0000e+00   1.7044e-03   2.5315e+02
20251207_07:00:00   7.6841e-02   2.3868e+01   1.7138e+00   0.0000e+00   3.1188e-03   2.5400e+02
20251207_08:00:00   7.7432e-02   2.4026e+01   1.7229e+00   0.0000e+00   7.1859e-04   2.5526e+02
20251207_09:00:00   7.7671e-02   2.4129e+01   1.7196e+00   0.0000e+00   7.7320e-05   2.5623e+02
20251207_10:00:00   7.8757e-02   2.4400e+01   1.7475e+00   0.0000e+00   4.8423e-03   2.5560e+02
20251207_11:00:00   8.2999e-02   2.5480e+01   1.8360e+00   0.0000e+00   5.1958e-03   2.5506e+02
20251207_12:00:00   8.3605e-02   2.5792e+01   1.8134e+00   0.0000e+00   1.8755e-04   2.5433e+02
20251207_13:00:00   8.3068e-02   2.5774e+01   1.7711e+00   5.0250e-06   1.4476e-03   2.5466e+02
20251207_14:00:00   7.7340e-02   2.4409e+01   1.6166e+00   0.0000e+00   6.3600e-04   2.5600e+02
20251207_15:00:00   6.9804e-02   2.2553e+01   1.4268e+00   0.0000e+00   6.0760e-04   2.5704e+02
20251207_16:00:00   7.0401e-02   2.2707e+01   1.4358e+00   0.0000e+00   1.0866e-04   2.5786e+02
20251207_17:00:00   7.1823e-02   2.3071e+01   1.4637e+00   0.0000e+00   1.0248e-03   2.5715e+02
20251207_18:00:00   7.0983e-02   2.2875e+01   1.4377e+00   1.3790e-06   2.9300e-03   2.5768e+02
20251207_19:00:00   6.4448e-02   2.1214e+01   1.2870e+00   0.0000e+00   5.4561e-03   2.5791e+02
20251207_20:00:00   6.2288e-02   2.0660e+01   1.2355e+00   0.0000e+00   8.0940e-03   2.5732e+02
20251207_21:00:00   6.0123e-02   2.0120e+01   1.1863e+00   0.0000e+00   5.0840e-03   2.5797e+02
20251207_22:00:00   6.2150e-02   2.0684e+01   1.2262e+00   5.0070e-06   4.3875e-03   2.5787e+02
20251207_23:00:00   6.1056e-02   2.0409e+01   1.1917e+00   2.3170e-04   2.1480e-03   2.5764e+02
20251208_00:00:00   6.9810e-02   2.2674e+01   1.3704e+00   4.9510e-04   4.4798e-03   2.5735e+02
20251208_01:00:00   7.4420e-02   2.3860e+01   1.4425e+00   1.0330e-03   7.4305e-03   2.5681e+02
20251208_02:00:00   2.2611e-01   5.9690e+01   1.7341e+00   5.5890e-02   4.8920e-03   2.5734e+02
20251208_03:00:00   7.0952e-02   2.2921e+01   1.4015e+00   7.1410e-04   1.1090e-03   2.5695e+02
20251208_04:00:00   6.8844e-02   2.2303e+01   1.4134e+00   2.2780e-05   2.8000e-03   2.5589e+02
20251208_05:00:00   6.8710e-02   2.2279e+01   1.4070e+00   0.0000e+00   1.3843e-04   2.5661e+02
20251208_06:00:00   6.6646e-02   2.1772e+01   1.3553e+00   0.0000e+00   7.7990e-05   2.5638e+02
20251208_07:00:00   6.9221e-02   2.2389e+01   1.4223e+00   0.0000e+00   1.1608e-04   2.5466e+02
20251208_08:00:00   7.1559e-02   2.2939e+01   1.4878e+00   0.0000e+00   8.1340e-04   2.5539e+02
20251208_09:00:00   7.3223e-02   2.3314e+01   1.5362e+00   0.0000e+00   5.2680e-04   2.5417e+02
20251208_10:00:00   7.7424e-02   2.4312e+01   1.6484e+00   0.0000e+00   1.2132e-04   2.5221e+02
20251208_11:00:00   8.1858e-02   2.5360e+01   1.7678e+00   0.0000e+00   3.3720e-05   2.5233e+02
20251208_12:00:00   8.2390e-02   2.5527e+01   1.7819e+00   0.0000e+00   5.1282e-04   2.5102e+02
20251208_13:00:00   8.9519e-02   2.7200e+01   1.9660e+00   0.0000e+00   1.7568e-03   2.5072e+02
20251208_14:00:00   9.3210e-02   2.8124e+01   2.0551e+00   0.0000e+00   1.6640e-03   2.5043e+02
20251208_15:00:00   9.0986e-02   2.7611e+01   1.9968e+00   0.0000e+00   4.2520e-04   2.5188e+02
20251208_16:00:00   8.9727e-02   2.7336e+01   1.9666e+00   0.0000e+00   6.6580e-06   2.5234e+02
20251208_17:00:00   8.9597e-02   2.7318e+01   1.9561e+00   0.0000e+00   0.0000e+00   2.5271e+02
20251208_18:00:00   9.0149e-02   2.7479e+01   1.9628e+00   0.0000e+00   0.0000e+00   2.5423e+02
20251208_19:00:00   9.2235e-02   2.8010e+01   2.0183e+00   0.0000e+00   3.0354e-04   2.5324e+02
20251208_20:00:00   9.7524e-02   2.9255e+01   2.1480e+00   0.0000e+00   1.8493e-03   2.5335e+02
20251208_21:00:00   1.0393e-01   3.0758e+01   2.3061e+00   0.0000e+00   1.2998e-03   2.5467e+02
20251208_22:00:00   1.0969e-01   3.2105e+01   2.4500e+00   0.0000e+00   1.9877e-03   2.5408e+02
20251208_23:00:00   1.1501e-01   3.3389e+01   2.5755e+00   0.0000e+00   7.6920e-04   2.5402e+02
20251209_00:00:00   1.2018e-01   3.4662e+01   2.6929e+00   0.0000e+00   4.3546e-04   2.5460e+02
20251209_01:00:00   1.2417e-01   3.5665e+01   2.7707e+00   0.0000e+00   9.0505e-04   2.5368e+02
20251209_02:00:00   1.2272e-01   3.5341e+01   2.7356e+00   1.7230e-05   4.0778e-04   2.5363e+02
20251209_03:00:00   1.1980e-01   3.4676e+01   2.6646e+00   0.0000e+00   4.0200e-04   2.5421e+02
20251209_04:00:00   1.2106e-01   3.4960e+01   2.6950e+00   0.0000e+00   5.4040e-04   2.5515e+02
20251209_05:00:00   1.1894e-01   3.4434e+01   2.6497e+00   0.0000e+00   1.7022e-03   2.5628e+02
20251209_06:00:00   1.1636e-01   3.3813e+01   2.5797e+00   0.0000e+00   1.7248e-03   2.5548e+02
20251209_07:00:00   1.1632e-01   3.3794e+01   2.5695e+00   0.0000e+00   2.8280e-04   2.5545e+02
20251209_08:00:00   1.2099e-01   3.4865e+01   2.6735e+00   0.0000e+00   2.3360e-03   2.5482e+02
20251209_09:00:00   1.2205e-01   3.5175e+01   2.6782e+00   0.0000e+00   2.3700e-03   2.5491e+02
20251209_10:00:00   1.2484e-01   3.5851e+01   2.7365e+00   0.0000e+00   1.5450e-03   2.5407e+02
20251209_11:00:00   1.2348e-01   3.5561e+01   2.6882e+00   0.0000e+00   2.3474e-03   2.5444e+02
20251209_12:00:00   1.2074e-01   3.4952e+01   2.6150e+00   0.0000e+00   3.2523e-03   2.5304e+02
20251209_15:00:00   8.6801e-02   2.6816e+01   1.8169e+00   0.0000e+00   1.8748e-05   2.5281e+02
20251209_18:00:00   6.6001e-02   2.1601e+01   1.3227e+00   0.0000e+00   0.0000e+00   2.5558e+02
20251209_21:00:00   6.4813e-02   2.1349e+01   1.2700e+00   0.0000e+00   0.0000e+00   2.5759e+02
20251210_00:00:00   8.3536e-02   2.6158e+01   1.6085e+00   4.2320e-04   0.0000e+00   2.5474e+02
20251210_03:00:00   3.9780e-01   9.3233e+01   2.3336e+00   1.1350e-01   0.0000e+00   2.5708e+02
20251210_06:00:00   3.2821e-01   8.0013e+01   2.8330e+00   7.6860e-02   6.6746e-04   2.5821e+02
20251210_09:00:00   1.2756e-01   3.6370e+01   2.7359e+00   0.0000e+00   1.2106e-03   2.5757e+02
20251210_12:00:00   1.2777e-01   3.6349e+01   2.7834e+00   0.0000e+00   2.8760e-06   2.5701e+02
20251210_15:00:00   1.3118e-01   3.7091e+01   2.8911e+00   0.0000e+00   0.0000e+00   2.5433e+02
20251210_18:00:00   1.3053e-01   3.6901e+01   2.9081e+00   0.0000e+00   0.0000e+00   2.5613e+02
20251210_21:00:00   1.2751e-01   3.6135e+01   2.8692e+00   0.0000e+00   0.0000e+00   2.5845e+02
20251211_00:00:00   1.9905e-01   5.2769e+01   3.4983e+00   1.4630e-02   0.0000e+00   2.5747e+02
20251211_03:00:00   1.3903e-01   3.8942e+01   3.0915e+00   7.7100e-05   0.0000e+00   2.5526e+02
20251211_06:00:00   1.1954e-01   3.4245e+01   2.7014e+00   0.0000e+00   0.0000e+00   2.5500e+02
20251211_09:00:00   1.0273e-01   3.0230e+01   2.2966e+00   0.0000e+00   0.0000e+00   2.5631e+02
20251211_12:00:00   1.0743e-01   3.1332e+01   2.4068e+00   0.0000e+00   0.0000e+00   2.5513e+02
20251211_15:00:00   1.0337e-01   3.0416e+01   2.2951e+00   0.0000e+00   0.0000e+00   2.5380e+02
20251211_18:00:00   1.0348e-01   3.0177e+01   2.3612e+00   0.0000e+00   1.2392e-03   2.5624e+02
20251211_21:00:00   2.2924e-01   5.8386e+01   5.0821e+00   0.0000e+00   2.5253e-03   2.5575e+02
20251212_00:00:00   4.5032e-01   9.9994e+01   9.2774e+00   4.1780e-04   4.5486e-02   2.5453e+02
20251212_03:00:00   4.6463e-01   1.0272e+02   9.4763e+00   0.0000e+00   4.4142e-04   2.5682e+02
20251212_06:00:00   4.0811e-01   9.3791e+01   8.0953e+00   0.0000e+00   0.0000e+00   2.5675e+02
20251212_09:00:00   3.4622e-01   8.2774e+01   6.7126e+00   0.0000e+00   2.9233e-04   2.5392e+02
20251212_12:00:00   3.6063e-01   8.5505e+01   7.1425e+00   0.0000e+00   0.0000e+00   2.5289e+02
20251212_15:00:00   3.8281e-01   8.9621e+01   7.3901e+00   0.0000e+00   5.3670e-06   2.5313e+02
20251212_18:00:00   3.8269e-01   8.9638e+01   7.4201e+00   0.0000e+00   1.1112e-05   2.5603e+02
20251212_21:00:00   4.1704e-01   9.5657e+01   8.1314e+00   1.2310e-04   1.6422e-04   2.5413e+02
20251213_00:00:00   1.4759e+00   2.1148e+02   9.7847e+00   3.9932e-01   2.3450e-02   2.5399e+02
20251213_03:00:00   1.3156e+00   2.0128e+02   1.0371e+01   3.1702e-01   6.3737e-02   2.5383e+02
20251213_06:00:00   5.6315e-01   1.1955e+02   9.7001e+00   2.6176e-02   6.9670e-03   2.5550e+02
20251213_09:00:00   5.1134e-01   1.1143e+02   9.4423e+00   9.5676e-03   1.9841e-04   2.5438e+02
20251213_12:00:00   5.5244e-01   1.1761e+02   9.6047e+00   2.3075e-02   1.2984e-03   2.5298e+02
20251213_15:00:00   4.6753e-01   1.0372e+02   9.3216e+00   0.0000e+00   2.3652e-04   2.5309e+02
20251213_18:00:00   3.3003e-01   7.9483e+01   6.7652e+00   0.0000e+00   0.0000e+00   2.5199e+02
20251213_21:00:00   2.2820e-01   5.8818e+01   4.9571e+00   1.5340e-05   0.0000e+00   2.5256e+02
20251214_00:00:00   3.0034e-01   7.3478e+01   6.4503e+00   6.8520e-05   0.0000e+00   2.5183e+02
20251214_03:00:00   3.4590e-01   8.2523e+01   7.1844e+00   9.5810e-05   0.0000e+00   2.4971e+02
20251214_06:00:00   3.0491e-01   7.4661e+01   6.4663e+00   0.0000e+00   0.0000e+00   2.4993e+02
20251214_09:00:00   2.6953e-01   6.7539e+01   5.8211e+00   0.0000e+00   0.0000e+00   2.5059e+02
20251214_12:00:00   2.9515e-01   7.2531e+01   6.3628e+00   0.0000e+00   0.0000e+00   2.4890e+02
20251214_15:00:00   3.3419e-01   8.0118e+01   7.1439e+00   0.0000e+00   0.0000e+00   2.5006e+02
20251214_18:00:00   3.4327e-01   8.1825e+01   7.3660e+00   0.0000e+00   0.0000e+00   2.5151e+02
20251214_21:00:00   3.5000e-01   8.2983e+01   7.5553e+00   0.0000e+00   5.6980e-05   2.5304e+02
20251215_00:00:00   4.9870e-01   1.0920e+02   8.8933e+00   2.9520e-02   1.0230e-04   2.5346e+02
20251215_03:00:00   4.3606e-01   9.8705e+01   8.4886e+00   1.2439e-02   2.1880e-05   2.4919e+02
20251215_06:00:00   3.2630e-01   7.8286e+01   7.0002e+00   3.7980e-03   6.9060e-04   2.4894e+02
20251215_09:00:00   2.8276e-01   6.9556e+01   6.3778e+00   1.1210e-05   0.0000e+00   2.4897e+02
20251215_12:00:00   2.6158e-01   6.5376e+01   5.9312e+00   0.0000e+00   3.9360e-04   2.4812e+02
20251215_15:00:00   2.8360e-01   6.9784e+01   6.3407e+00   0.0000e+00   2.9915e-04   2.4906e+02
20251215_18:00:00   3.0798e-01   7.4607e+01   6.8255e+00   0.0000e+00   1.1319e-02   2.4826e+02
20251215_21:00:00   3.0801e-01   7.4831e+01   6.7472e+00   0.0000e+00   1.1580e-03   2.4769e+02
20251216_00:00:00   3.1342e-01   7.6031e+01   6.7793e+00   0.0000e+00   0.0000e+00   2.4488e+02
20251216_03:00:00   3.1265e-01   7.6032e+01   6.6943e+00   0.0000e+00   1.7276e-06   2.4462e+02
20251216_06:00:00   2.8310e-01   7.0060e+01   6.1825e+00   0.0000e+00   1.6882e-04   2.4636e+02
20251216_09:00:00   2.7288e-01   6.7980e+01   5.9299e+00   0.0000e+00   0.0000e+00   2.4545e+02
20251216_12:00:00   2.3984e-01   6.1167e+01   5.2945e+00   0.0000e+00   0.0000e+00   2.4547e+02
20251216_15:00:00   2.3675e-01   6.0337e+01   5.2972e+00   0.0000e+00   3.6635e-03   2.4428e+02
20251216_18:00:00   2.2763e-01   5.8498e+01   5.0740e+00   0.0000e+00   3.3497e-04   2.4639e+02
20251216_21:00:00   2.3907e-01   6.0981e+01   5.2885e+00   0.0000e+00   1.4922e-06   2.4735e+02
20251217_00:00:00   3.1925e-01   7.7342e+01   6.2834e+00   9.1893e-03   2.1215e-04   2.4765e+02
20251217_03:00:00   2.8989e-01   7.1105e+01   6.2919e+00   2.7159e-05   5.5646e-04   2.4863e+02
20251217_06:00:00   3.2460e-01   7.7548e+01   7.0493e+00   0.0000e+00   2.0901e-03   2.5322e+02
20251217_09:00:00   3.1823e-01   7.6409e+01   6.8537e+00   0.0000e+00   1.2484e-04   2.5160e+02
20251217_12:00:00   2.5961e-01   6.4706e+01   5.7409e+00   0.0000e+00   7.4620e-07   2.5032e+02
20251217_15:00:00   2.6536e-01   6.5918e+01   5.8351e+00   0.0000e+00   0.0000e+00   2.5391e+02
20251217_18:00:00   2.7049e-01   6.7048e+01   5.9363e+00   0.0000e+00   1.4194e-05   2.4940e+02
20251217_21:00:00   2.5486e-01   6.3945e+01   5.6484e+00   0.0000e+00   0.0000e+00   2.5103e+02
20251218_00:00:00   3.2323e-01   7.8026e+01   6.2109e+00   1.4141e-02   0.0000e+00   2.5064e+02
20251218_03:00:00   2.7324e-01   6.7778e+01   6.0419e+00   6.6680e-06   0.0000e+00   2.4718e+02
20251218_06:00:00   2.7465e-01   6.8036e+01   6.1370e+00   0.0000e+00   0.0000e+00   2.4618e+02
20251218_09:00:00   2.9125e-01   7.1374e+01   6.4714e+00   0.0000e+00   0.0000e+00   2.4714e+02
20251218_12:00:00   2.9498e-01   7.2097e+01   6.5417e+00   0.0000e+00   0.0000e+00   2.4761e+02
20251218_15:00:00   2.8966e-01   7.1210e+01   6.4099e+00   0.0000e+00   0.0000e+00   2.4403e+02
20251218_18:00:00   2.9013e-01   7.1539e+01   6.3576e+00   0.0000e+00   0.0000e+00   2.4329e+02
20251218_21:00:00   2.9075e-01   7.1821e+01   6.3538e+00   0.0000e+00   0.0000e+00   2.4261e+02
20251219_00:00:00   2.9986e-01   7.3848e+01   6.4584e+00   1.7440e-04   0.0000e+00   2.4376e+02
20251219_03:00:00   3.0077e-01   7.4213e+01   6.4329e+00   7.9750e-05   0.0000e+00   2.4485e+02
20251219_06:00:00   2.9133e-01   7.2520e+01   6.1559e+00   2.1110e-04   0.0000e+00   2.4503e+02
20251219_09:00:00   2.7964e-01   7.0184e+01   5.8671e+00   0.0000e+00   0.0000e+00   2.4401e+02
20251219_12:00:00   2.7041e-01   6.8314e+01   5.6186e+00   0.0000e+00   0.0000e+00   2.4483e+02
20251219_15:00:00   2.4993e-01   6.4115e+01   5.2541e+00   0.0000e+00   0.0000e+00   2.4188e+02
20251219_18:00:00   2.3277e-01   6.0571e+01   4.9132e+00   0.0000e+00   0.0000e+00   2.4528e+02
20251219_21:00:00   2.1037e-01   5.5874e+01   4.4588e+00   0.0000e+00   0.0000e+00   2.4434e+02
20251220_00:00:00   2.0202e-01   5.4051e+01   4.3088e+00   6.3380e-06   0.0000e+00   2.4528e+02
20251220_03:00:00   1.9674e-01   5.2919e+01   4.1815e+00   7.8700e-04   0.0000e+00   2.4248e+02
20251220_06:00:00   1.8255e-01   4.9770e+01   3.9115e+00   1.0150e-06   0.0000e+00   2.4199e+02
20251220_09:00:00   1.9717e-01   5.2975e+01   4.1872e+00   0.0000e+00   0.0000e+00   2.4194e+02
20251220_12:00:00   2.0396e-01   5.4519e+01   4.0077e+00   5.8420e-03   0.0000e+00   2.4180e+02
