#            date       tau255        Tb[K]      pwv[mm] lwp[kg*m^-2] iwp[kg*m^-2]       o3[DU]
20251201_06:00:00   9.0665e-02   2.7146e+01   2.1204e+00   0.0000e+00   0.0000e+00   2.5155e+02
20251201_07:00:00   9.0713e-02   2.7166e+01   2.1203e+00   0.0000e+00   2.1102e-05   2.5111e+02
20251201_08:00:00   9.2239e-02   2.7502e+01   2.1671e+00   0.0000e+00   1.8056e-03   2.5132e+02
20251201_09:00:00   9.1635e-02   2.7333e+01   2.1548e+00   0.0000e+00   2.4593e-03   2.5159e+02
20251201_10:00:00   9.0519e-02   2.7110e+01   2.1182e+00   0.0000e+00   2.5220e-04   2.5126e+02
20251201_11:00:00   8.6938e-02   2.6311e+01   2.0115e+00   0.0000e+00   0.0000e+00   2.4995e+02
20251201_12:00:00   8.4103e-02   2.5673e+01   1.9305e+00   0.0000e+00   0.0000e+00   2.4873e+02
20251201_13:00:00   8.3725e-02   2.5607e+01   1.9176e+00   0.0000e+00   0.0000e+00   2.4734e+02
20251201_14:00:00   8.8923e-02   2.6844e+01   2.0543e+00   0.0000e+00   0.0000e+00   2.4793e+02
20251201_15:00:00   9.4580e-02   2.8213e+01   2.1954e+00   0.0000e+00   4.9480e-06   2.4836e+02
20251201_16:00:00   1.0225e-01   3.0061e+01   2.3910e+00   0.0000e+00   8.3340e-06   2.4926e+02
20251201_17:00:00   1.1224e-01   3.2440e+01   2.6389e+00   0.0000e+00   0.0000e+00   2.5030e+02
20251201_18:00:00   1.2173e-01   3.4671e+01   2.8657e+00   0.0000e+00   5.2220e-06   2.5133e+02
20251201_19:00:00   1.2298e-01   3.5014e+01   2.8953e+00   0.0000e+00   2.1580e-04   2.5142e+02
20251201_20:00:00   1.2120e-01   3.4631e+01   2.8549e+00   0.0000e+00   1.3124e-03   2.5043e+02
20251201_21:00:00   1.1970e-01   3.4320e+01   2.8156e+00   0.0000e+00   2.1380e-03   2.4989e+02
20251201_22:00:00   1.2180e-01   3.4812e+01   2.8641e+00   0.0000e+00   1.6986e-03   2.4891e+02
20251201_23:00:00   1.2170e-01   3.4802e+01   2.8579e+00   0.0000e+00   1.1338e-04   2.4871e+02
20251202_00:00:00   1.2134e-01   3.4743e+01   2.8454e+00   7.3380e-06   2.4835e-05   2.4895e+02
20251202_01:00:00   1.2199e-01   3.4895e+01   2.8648e+00   1.4410e-05   6.9100e-05   2.4850e+02
20251202_02:00:00   1.2857e-01   3.6419e+01   3.0270e+00   5.8110e-05   1.5694e-04   2.4766e+02
20251202_03:00:00   1.4237e-01   3.9647e+01   3.2460e+00   2.0220e-03   2.3060e-05   2.4924e+02
20251202_04:00:00   1.4659e-01   4.0455e+01   3.4807e+00   0.0000e+00   3.6700e-05   2.4908e+02
20251202_05:00:00   1.5509e-01   4.2289e+01   3.6903e+00   0.0000e+00   0.0000e+00   2.4912e+02
20251202_06:00:00   1.6424e-01   4.4342e+01   3.9131e+00   0.0000e+00   0.0000e+00   2.4967e+02
20251202_07:00:00   1.6811e-01   4.5181e+01   4.0051e+00   0.0000e+00   7.6100e-05   2.4994e+02
20251202_08:00:00   1.6822e-01   4.5144e+01   4.0050e+00   0.0000e+00   1.3782e-04   2.5087e+02
20251202_09:00:00   1.7268e-01   4.6074e+01   4.1114e+00   0.0000e+00   1.3170e-03   2.5121e+02
20251202_10:00:00   1.7414e-01   4.6383e+01   4.1434e+00   0.0000e+00   4.3478e-04   2.5129e+02
20251202_11:00:00   1.7102e-01   4.5661e+01   4.0700e+00   0.0000e+00   2.4242e-03   2.5092e+02
20251202_12:00:00   1.6465e-01   4.4267e+01   3.9263e+00   0.0000e+00   3.2192e-03   2.5091e+02
20251202_13:00:00   1.5781e-01   4.2707e+01   3.7701e+00   0.0000e+00   5.1060e-03   2.5083e+02
20251202_14:00:00   1.5414e-01   4.1859e+01   3.6914e+00   0.0000e+00   5.4120e-03   2.5135e+02
20251202_15:00:00   1.5145e-01   4.1298e+01   3.6227e+00   0.0000e+00   2.3567e-03   2.5376e+02
20251202_16:00:00   1.5539e-01   4.2249e+01   3.7125e+00   0.0000e+00   5.8315e-04   2.5416e+02
20251202_17:00:00   1.6768e-01   4.5178e+01   3.9890e+00   0.0000e+00   4.1285e-04   2.5351e+02
20251202_18:00:00   1.9000e-01   5.0341e+01   4.4871e+00   0.0000e+00   4.6640e-04   2.5250e+02
20251202_19:00:00   2.0520e-01   5.3786e+01   4.8212e+00   0.0000e+00   9.2235e-04   2.5277e+02
20251202_20:00:00   2.1221e-01   5.5375e+01   4.9653e+00   0.0000e+00   1.7346e-03   2.5378e+02
20251202_21:00:00   2.1562e-01   5.6170e+01   5.0269e+00   0.0000e+00   2.6981e-03   2.5378e+02
20251202_22:00:00   2.1859e-01   5.6845e+01   5.0915e+00   0.0000e+00   3.9915e-03   2.5298e+02
20251202_23:00:00   2.2336e-01   5.7869e+01   5.2034e+00   0.0000e+00   3.6470e-03   2.5228e+02
20251203_00:00:00   2.2532e-01   5.8325e+01   5.2474e+00   0.0000e+00   2.3839e-03   2.5135e+02
20251203_01:00:00   2.2376e-01   5.8065e+01   5.1982e+00   0.0000e+00   3.3299e-05   2.5096e+02
20251203_02:00:00   2.2114e-01   5.7569e+01   5.1261e+00   0.0000e+00   2.9840e-07   2.5199e+02
20251203_03:00:00   2.1802e-01   5.6970e+01   5.0342e+00   0.0000e+00   1.8086e-05   2.5232e+02
20251203_04:00:00   2.1312e-01   5.5953e+01   4.9128e+00   0.0000e+00   1.2934e-04   2.5322e+02
20251203_05:00:00   2.1150e-01   5.5568e+01   4.8757e+00   0.0000e+00   2.8321e-04   2.5461e+02
20251203_06:00:00   2.1617e-01   5.6441e+01   5.0095e+00   0.0000e+00   5.2747e-04   2.5391e+02
20251203_07:00:00   2.2109e-01   5.7381e+01   5.1333e+00   0.0000e+00   9.0950e-03   2.5369e+02
20251203_08:00:00   2.1825e-01   5.6769e+01   5.0659e+00   0.0000e+00   1.5557e-03   2.5271e+02
20251203_09:00:00   2.1158e-01   5.5390e+01   4.9028e+00   0.0000e+00   8.4878e-04   2.5273e+02
20251203_10:00:00   1.9618e-01   5.2054e+01   4.5567e+00   0.0000e+00   1.2275e-02   2.5030e+02
20251203_11:00:00   1.9790e-01   5.2544e+01   4.5377e+00   0.0000e+00   5.5466e-03   2.5303e+02
20251203_12:00:00   1.9592e-01   5.2237e+01   4.4435e+00   0.0000e+00   3.2894e-03   2.5547e+02
20251203_13:00:00   1.9269e-01   5.1559e+01   4.3531e+00   0.0000e+00   3.8295e-04   2.5711e+02
20251203_14:00:00   1.8632e-01   5.0182e+01   4.1991e+00   0.0000e+00   1.9976e-04   2.5649e+02
20251203_15:00:00   1.8059e-01   4.8933e+01   4.0698e+00   0.0000e+00   0.0000e+00   2.5703e+02
20251203_16:00:00   1.7575e-01   4.7861e+01   3.9670e+00   0.0000e+00   0.0000e+00   2.5820e+02
20251203_17:00:00   1.7625e-01   4.7970e+01   3.9698e+00   0.0000e+00   0.0000e+00   2.5875e+02
20251203_18:00:00   1.7537e-01   4.7804e+01   3.9380e+00   0.0000e+00   0.0000e+00   2.5981e+02
20251203_19:00:00   1.7610e-01   4.8016e+01   3.9404e+00   0.0000e+00   0.0000e+00   2.5999e+02
20251203_20:00:00   1.7623e-01   4.8082e+01   3.9264e+00   0.0000e+00   0.0000e+00   2.5961e+02
20251203_21:00:00   1.7318e-01   4.7397e+01   3.8703e+00   2.3910e-06   0.0000e+00   2.5857e+02
20251203_22:00:00   1.7185e-01   4.7101e+01   3.8397e+00   1.1770e-05   0.0000e+00   2.5929e+02
20251203_23:00:00   1.7707e-01   4.8231e+01   3.9429e+00   3.1930e-05   1.3274e-04   2.6139e+02
20251204_00:00:00   1.7958e-01   4.8770e+01   3.9931e+00   5.0200e-05   1.5568e-03   2.6146e+02
20251204_01:00:00   1.8165e-01   4.9196e+01   4.0419e+00   1.8060e-05   3.2507e-03   2.6134e+02
20251204_02:00:00   1.8195e-01   4.9261e+01   4.0448e+00   0.0000e+00   2.7297e-03   2.6157e+02
20251204_03:00:00   1.8366e-01   4.9661e+01   4.0692e+00   0.0000e+00   5.1436e-04   2.6156e+02
20251204_04:00:00   1.8582e-01   5.0167e+01   4.0939e+00   0.0000e+00   1.5734e-04   2.6068e+02
20251204_05:00:00   1.8522e-01   5.0040e+01   4.0751e+00   0.0000e+00   2.0500e-05   2.6113e+02
20251204_06:00:00   1.8311e-01   4.9561e+01   4.0318e+00   0.0000e+00   1.8110e-06   2.6111e+02
20251204_07:00:00   1.7766e-01   4.8347e+01   3.9119e+00   0.0000e+00   5.1300e-05   2.6069e+02
20251204_08:00:00   1.7581e-01   4.7916e+01   3.8697e+00   0.0000e+00   5.7520e-06   2.6063e+02
20251204_09:00:00   1.7329e-01   4.7332e+01   3.8110e+00   0.0000e+00   0.0000e+00   2.6055e+02
20251204_10:00:00   1.6809e-01   4.6149e+01   3.6996e+00   0.0000e+00   0.0000e+00   2.5942e+02
20251204_11:00:00   1.6639e-01   4.5750e+01   3.6591e+00   0.0000e+00   0.0000e+00   2.5910e+02
20251204_12:00:00   1.6368e-01   4.5121e+01   3.6000e+00   0.0000e+00   1.4756e-05   2.5845e+02
20251204_13:00:00   1.6262e-01   4.4860e+01   3.5789e+00   0.0000e+00   3.9120e-06   2.5831e+02
20251204_14:00:00   1.6401e-01   4.5172e+01   3.5991e+00   0.0000e+00   2.0300e-05   2.5853e+02
20251204_15:00:00   1.6472e-01   4.5322e+01   3.6121e+00   0.0000e+00   3.6220e-06   2.5830e+02
20251204_16:00:00   1.6867e-01   4.6222e+01   3.6926e+00   0.0000e+00   0.0000e+00   2.5866e+02
20251204_17:00:00   1.7425e-01   4.7461e+01   3.8057e+00   0.0000e+00   0.0000e+00   2.5920e+02
20251204_18:00:00   1.7223e-01   4.6989e+01   3.7716e+00   0.0000e+00   0.0000e+00   2.5960e+02
20251204_19:00:00   1.6580e-01   4.5503e+01   3.6496e+00   0.0000e+00   0.0000e+00   2.6024e+02
20251204_20:00:00   1.5785e-01   4.3674e+01   3.4926e+00   0.0000e+00   0.0000e+00   2.6173e+02
20251204_21:00:00   1.5014e-01   4.1865e+01   3.3448e+00   0.0000e+00   0.0000e+00   2.6197e+02
20251204_22:00:00   1.4583e-01   4.0823e+01   3.2665e+00   1.3880e-07   0.0000e+00   2.6169e+02
20251204_23:00:00   1.4174e-01   3.9842e+01   3.1767e+00   5.9299e-05   0.0000e+00   2.6103e+02
20251205_00:00:00   1.3808e-01   3.8983e+01   3.0904e+00   1.9485e-04   0.0000e+00   2.5992e+02
20251205_01:00:00   1.3632e-01   3.8518e+01   3.0879e+00   1.5750e-07   0.0000e+00   2.5876e+02
20251205_02:00:00   1.3749e-01   3.8723e+01   3.1410e+00   0.0000e+00   0.0000e+00   2.5860e+02
20251205_03:00:00   1.3791e-01   3.8791e+01   3.1600e+00   0.0000e+00   0.0000e+00   2.5925e+02
20251205_04:00:00   1.3836e-01   3.8908e+01   3.1609e+00   0.0000e+00   0.0000e+00   2.6005e+02
20251205_05:00:00   1.3511e-01   3.8250e+01   3.0451e+00   0.0000e+00   0.0000e+00   2.6014e+02
20251205_06:00:00   1.2796e-01   3.6678e+01   2.8199e+00   0.0000e+00   0.0000e+00   2.5964e+02
20251205_07:00:00   1.2386e-01   3.5795e+01   2.6643e+00   0.0000e+00   0.0000e+00   2.5981e+02
20251205_08:00:00   1.1308e-01   3.3268e+01   2.3844e+00   2.5100e-05   0.0000e+00   2.5978e+02
20251205_09:00:00   1.0138e-01   3.0468e+01   2.1021e+00   1.0460e-05   0.0000e+00   2.5999e+02
20251205_10:00:00   9.3390e-02   2.8497e+01   1.9178e+00   0.0000e+00   0.0000e+00   2.6009e+02
20251205_11:00:00   8.3797e-02   2.6085e+01   1.7127e+00   0.0000e+00   0.0000e+00   2.5935e+02
20251205_12:00:00   7.4419e-02   2.3710e+01   1.5091e+00   0.0000e+00   0.0000e+00   2.5824e+02
20251205_13:00:00   7.0555e-02   2.2728e+01   1.4197e+00   0.0000e+00   0.0000e+00   2.5746e+02
20251205_14:00:00   6.6009e-02   2.1572e+01   1.3197e+00   0.0000e+00   0.0000e+00   2.5808e+02
20251205_15:00:00   5.9275e-02   1.9837e+01   1.1706e+00   0.0000e+00   0.0000e+00   2.5805e+02
20251205_16:00:00   5.4324e-02   1.8557e+01   1.0579e+00   0.0000e+00   0.0000e+00   2.5808e+02
20251205_17:00:00   5.2915e-02   1.8197e+01   1.0216e+00   0.0000e+00   0.0000e+00   2.5771e+02
20251205_18:00:00   5.3209e-02   1.8271e+01   1.0299e+00   0.0000e+00   0.0000e+00   2.5728e+02
20251205_19:00:00   5.5596e-02   1.8891e+01   1.0910e+00   0.0000e+00   0.0000e+00   2.5756e+02
20251205_20:00:00   5.7246e-02   1.9317e+01   1.1333e+00   0.0000e+00   0.0000e+00   2.5734e+02
20251205_21:00:00   5.7827e-02   1.9460e+01   1.1486e+00   0.0000e+00   0.0000e+00   2.5776e+02
20251205_22:00:00   5.7703e-02   1.9432e+01   1.1466e+00   0.0000e+00   0.0000e+00   2.5855e+02
20251205_23:00:00   5.7386e-02   1.9352e+01   1.1399e+00   0.0000e+00   0.0000e+00   2.5821e+02
20251206_00:00:00   6.0478e-02   2.0162e+01   1.2078e+00   0.0000e+00   0.0000e+00   2.5811e+02
20251206_01:00:00   6.2718e-02   2.0744e+01   1.2536e+00   4.7490e-05   0.0000e+00   2.5823e+02
20251206_02:00:00   5.7173e-02   1.9304e+01   1.1340e+00   5.4400e-06   0.0000e+00   2.5903e+02
20251206_03:00:00   5.4424e-02   1.8577e+01   1.0764e+00   0.0000e+00   0.0000e+00   2.5879e+02
20251206_04:00:00   5.3936e-02   1.8447e+01   1.0652e+00   0.0000e+00   0.0000e+00   2.5878e+02
20251206_05:00:00   5.3031e-02   1.8198e+01   1.0454e+00   0.0000e+00   0.0000e+00   2.5951e+02
20251206_06:00:00   5.1249e-02   1.7746e+01   1.0036e+00   0.0000e+00   0.0000e+00   2.6045e+02
20251206_09:00:00   5.1969e-02   1.7922e+01   1.0209e+00   0.0000e+00   1.9976e-05   2.5916e+02
20251206_12:00:00   5.4784e-02   1.8656e+01   1.0844e+00   0.0000e+00   4.0680e-05   2.5616e+02
20251206_15:00:00   5.9543e-02   1.9850e+01   1.2070e+00   0.0000e+00   9.6100e-05   2.5828e+02
20251206_18:00:00   6.1291e-02   2.0254e+01   1.2599e+00   0.0000e+00   1.3142e-04   2.6117e+02
20251206_21:00:00   7.1868e-02   2.2918e+01   1.5085e+00   0.0000e+00   9.9379e-04   2.6160e+02
20251207_00:00:00   8.0435e-02   2.4905e+01   1.7411e+00   1.2570e-05   3.7823e-03   2.5721e+02
20251207_03:00:00   9.3338e-02   2.7935e+01   2.0833e+00   2.2320e-06   3.0840e-03   2.5710e+02
20251207_06:00:00   9.2247e-02   2.7436e+01   2.0977e+00   0.0000e+00   4.3210e-03   2.6068e+02
20251207_09:00:00   9.1145e-02   2.7340e+01   2.0404e+00   0.0000e+00   1.1050e-03   2.6235e+02
20251207_12:00:00   7.6030e-02   2.4047e+01   1.5641e+00   0.0000e+00   3.1240e-03   2.6190e+02
20251207_15:00:00   7.1991e-02   2.3057e+01   1.4639e+00   0.0000e+00   5.8000e-04   2.6161e+02
20251207_18:00:00   7.6534e-02   2.4245e+01   1.5547e+00   0.0000e+00   6.4320e-05   2.6393e+02
20251207_21:00:00   7.3775e-02   2.3599e+01   1.4680e+00   0.0000e+00   1.5908e-04   2.6451e+02
20251208_00:00:00   7.8087e-02   2.4661e+01   1.5481e+00   1.7180e-05   0.0000e+00   2.6606e+02
20251208_03:00:00   7.1013e-02   2.2779e+01   1.4251e+00   3.4440e-05   0.0000e+00   2.6543e+02
20251208_06:00:00   6.1471e-02   2.0351e+01   1.2054e+00   0.0000e+00   0.0000e+00   2.6499e+02
20251208_09:00:00   5.5140e-02   1.8751e+01   1.0510e+00   0.0000e+00   0.0000e+00   2.6550e+02
20251208_12:00:00   5.6642e-02   1.9065e+01   1.1094e+00   0.0000e+00   0.0000e+00   2.6273e+02
20251208_15:00:00   6.4696e-02   2.0944e+01   1.3511e+00   0.0000e+00   6.7220e-05   2.5964e+02
20251208_18:00:00   8.3520e-02   2.5510e+01   1.8351e+00   0.0000e+00   1.3318e-05   2.5986e+02
20251208_21:00:00   7.4464e-02   2.3481e+01   1.5713e+00   0.0000e+00   0.0000e+00   2.6150e+02
20251209_00:00:00   6.8416e-02   2.2160e+01   1.3761e+00   2.3570e-05   0.0000e+00   2.5528e+02
20251209_03:00:00   6.4908e-02   2.1385e+01   1.2680e+00   4.8570e-07   0.0000e+00   2.4894e+02
20251209_06:00:00   6.0256e-02   2.0201e+01   1.1597e+00   0.0000e+00   0.0000e+00   2.4958e+02
20251209_09:00:00   6.1315e-02   2.0459e+01   1.1886e+00   0.0000e+00   0.0000e+00   2.4962e+02
20251209_12:00:00   6.3504e-02   2.1033e+01   1.2393e+00   0.0000e+00   0.0000e+00   2.4906e+02
20251209_15:00:00   6.4838e-02   2.1411e+01   1.2610e+00   0.0000e+00   0.0000e+00   2.4752e+02
20251209_18:00:00   6.8393e-02   2.2327e+01   1.3450e+00   0.0000e+00   0.0000e+00   2.4963e+02
20251209_21:00:00   6.7521e-02   2.2097e+01   1.3294e+00   0.0000e+00   0.0000e+00   2.4973e+02
20251210_00:00:00   7.4656e-02   2.3928e+01   1.4823e+00   9.0230e-08   0.0000e+00   2.4901e+02
20251210_03:00:00   6.7196e-02   2.2061e+01   1.3229e+00   3.0080e-05   0.0000e+00   2.4917e+02
20251210_06:00:00   6.3219e-02   2.1065e+01   1.2232e+00   0.0000e+00   0.0000e+00   2.4642e+02
20251210_09:00:00   6.8573e-02   2.2345e+01   1.3642e+00   0.0000e+00   0.0000e+00   2.4647e+02
20251210_12:00:00   7.2255e-02   2.3123e+01   1.4947e+00   0.0000e+00   0.0000e+00   2.4447e+02
20251210_15:00:00   7.9879e-02   2.4914e+01   1.7184e+00   0.0000e+00   4.0045e-05   2.4322e+02
20251210_18:00:00   8.8050e-02   2.6871e+01   1.9213e+00   0.0000e+00   0.0000e+00   2.4422e+02
20251210_21:00:00   9.3222e-02   2.7949e+01   2.0995e+00   0.0000e+00   4.1878e-03   2.4446e+02
20251211_00:00:00   1.3028e-01   3.6608e+01   2.9535e+00   1.2290e-04   1.7908e-02   2.4574e+02
20251211_03:00:00   1.0277e-01   3.0235e+01   2.3223e+00   6.4780e-06   2.5256e-04   2.4671e+02
20251211_06:00:00   9.8222e-02   2.9046e+01   2.2213e+00   0.0000e+00   1.5012e-03   2.4799e+02
20251211_09:00:00   1.0614e-01   3.0836e+01   2.4113e+00   0.0000e+00   8.2517e-03   2.4805e+02
20251211_12:00:00   1.1574e-01   3.3022e+01   2.6401e+00   0.0000e+00   2.0908e-02   2.4715e+02
20251211_15:00:00   1.1691e-01   3.3306e+01   2.6636e+00   0.0000e+00   5.3267e-03   2.5250e+02
20251211_18:00:00   1.0257e-01   2.9951e+01   2.3189e+00   0.0000e+00   1.0436e-04   2.5427e+02
20251211_21:00:00   1.1713e-01   3.3265e+01   2.6912e+00   0.0000e+00   2.0162e-04   2.5287e+02
20251212_00:00:00   1.7006e-01   4.5097e+01   3.9272e+00   0.0000e+00   5.2947e-02   2.5148e+02
20251212_03:00:00   2.1514e-01   5.4742e+01   4.9444e+00   0.0000e+00   6.7718e-02   2.5360e+02
20251212_06:00:00   2.6215e-01   6.4342e+01   5.9699e+00   0.0000e+00   6.0909e-02   2.5184e+02
20251212_09:00:00   3.6628e-01   8.4632e+01   7.9216e+00   0.0000e+00   2.2711e-01   2.5337e+02
20251212_12:00:00   4.9680e-01   1.0728e+02   1.0235e+01   4.2490e-04   1.3460e-01   2.5296e+02
20251212_15:00:00   5.6035e-01   1.1708e+02   1.1197e+01   3.8548e-04   3.3308e-01   2.5067e+02
20251212_18:00:00   5.8167e-01   1.2075e+02   1.1218e+01   1.7119e-03   3.6894e-01   2.5541e+02
20251212_21:00:00   5.8407e-01   1.2151e+02   1.0673e+01   1.9281e-02   1.0400e-02   2.5585e+02
20251213_00:00:00   5.1420e-01   1.1071e+02   1.0282e+01   1.3088e-03   1.6589e-03   2.5704e+02
20251213_03:00:00   4.8829e-01   1.0670e+02   9.8421e+00   2.3190e-03   7.8714e-05   2.5877e+02
20251213_06:00:00   4.4931e-01   1.0042e+02   9.1133e+00   2.3810e-04   4.0136e-04   2.6205e+02
20251213_09:00:00   4.5790e-01   1.0193e+02   9.1686e+00   0.0000e+00   9.4436e-05   2.6321e+02
20251213_12:00:00   4.5214e-01   1.0099e+02   9.1185e+00   0.0000e+00   2.1546e-03   2.6203e+02
20251213_15:00:00   4.1964e-01   9.5608e+01   8.4732e+00   4.3140e-06   4.1697e-03   2.6166e+02
20251213_18:00:00   4.2231e-01   9.6153e+01   8.4707e+00   0.0000e+00   4.4337e-04   2.6123e+02
20251213_21:00:00   4.4453e-01   1.0007e+02   8.7391e+00   1.6759e-03   1.2000e-03   2.6002e+02
20251214_00:00:00   4.9860e-01   1.0915e+02   9.0535e+00   1.4284e-02   1.1445e-03   2.5636e+02
20251214_03:00:00   6.9249e-01   1.3813e+02   9.3708e+00   8.2864e-02   9.6620e-03   2.5202e+02
20251214_06:00:00   5.4730e-01   1.1692e+02   9.1079e+00   3.1983e-02   3.3696e-03   2.5515e+02
20251214_09:00:00   4.9717e-01   1.0866e+02   9.2014e+00   1.0910e-02   4.2289e-03   2.5704e+02
20251214_12:00:00   4.5405e-01   1.0146e+02   8.8635e+00   3.9883e-03   2.7202e-03   2.5404e+02
20251214_15:00:00   4.0101e-01   9.1955e+01   8.3082e+00   0.0000e+00   3.3150e-03   2.5396e+02
20251214_18:00:00   2.7054e-01   6.6962e+01   6.0412e+00   0.0000e+00   4.8083e-03   2.5780e+02
20251214_21:00:00   2.1136e-01   5.4232e+01   4.8863e+00   0.0000e+00   6.4733e-02   2.5890e+02
20251215_00:00:00   2.2860e-01   5.7658e+01   5.2144e+00   0.0000e+00   1.8814e-01   2.5834e+02
20251215_03:00:00   2.5285e-01   6.2886e+01   5.8145e+00   0.0000e+00   4.0689e-03   2.5714e+02
20251215_06:00:00   1.3059e-01   3.6024e+01   3.0850e+00   4.7350e-08   7.1083e-03   2.5766e+02
20251215_09:00:00   1.0128e-01   2.9436e+01   2.3228e+00   0.0000e+00   2.0746e-03   2.5910e+02
20251215_12:00:00   8.4769e-02   2.5503e+01   1.8982e+00   0.0000e+00   7.9479e-04   2.5900e+02
20251215_15:00:00   6.3325e-02   2.0404e+01   1.3304e+00   0.0000e+00   2.6120e-06   2.6017e+02
20251215_18:00:00   5.1010e-02   1.7586e+01   9.6270e-01   0.0000e+00   0.0000e+00   2.7095e+02
20251215_21:00:00   4.6901e-02   1.6696e+01   8.2532e-01   0.0000e+00   0.0000e+00   2.7326e+02
20251216_00:00:00   5.5773e-02   1.8987e+01   1.0336e+00   0.0000e+00   0.0000e+00   2.6799e+02
20251216_03:00:00   5.0610e-02   1.7600e+01   9.3302e-01   0.0000e+00   0.0000e+00   2.6856e+02
20251216_06:00:00   5.2685e-02   1.8073e+01   9.9553e-01   0.0000e+00   0.0000e+00   2.6462e+02
20251216_09:00:00   5.6472e-02   1.8993e+01   1.0993e+00   0.0000e+00   0.0000e+00   2.6145e+02
20251216_12:00:00   6.8179e-02   2.2002e+01   1.3669e+00   0.0000e+00   0.0000e+00   2.6084e+02
20251216_15:00:00   7.3738e-02   2.3379e+01   1.4894e+00   0.0000e+00   0.0000e+00   2.5992e+02
20251216_18:00:00   7.0013e-02   2.2462e+01   1.4005e+00   0.0000e+00   0.0000e+00   2.6266e+02
20251216_21:00:00   6.1598e-02   2.0280e+01   1.2114e+00   0.0000e+00   0.0000e+00   2.6377e+02
20251217_00:00:00   6.7396e-02   2.1758e+01   1.3451e+00   5.5730e-05   0.0000e+00   2.6662e+02
20251217_03:00:00   6.5058e-02   2.1172e+01   1.2963e+00   0.0000e+00   0.0000e+00   2.6068e+02
20251217_06:00:00   5.7021e-02   1.9220e+01   1.0876e+00   2.3220e-07   0.0000e+00   2.5905e+02
