#            date       tau255        Tb[K]      pwv[mm] lwp[kg*m^-2] iwp[kg*m^-2]       o3[DU]
20251206_12:00:00   9.1981e-02   2.7976e+01   1.9099e+00   0.0000e+00   1.2604e-05   2.6525e+02
20251206_13:00:00   8.8882e-02   2.7142e+01   1.8644e+00   0.0000e+00   2.0180e-03   2.6368e+02
20251206_14:00:00   8.0020e-02   2.4899e+01   1.6872e+00   0.0000e+00   1.3048e-03   2.6159e+02
20251206_15:00:00   7.9752e-02   2.4811e+01   1.6895e+00   0.0000e+00   1.2094e-03   2.6133e+02
20251206_16:00:00   7.5463e-02   2.3791e+01   1.5787e+00   0.0000e+00   1.4756e-05   2.6107e+02
20251206_17:00:00   7.2428e-02   2.3028e+01   1.5111e+00   0.0000e+00   9.7900e-05   2.6149e+02
20251206_18:00:00   7.2647e-02   2.3074e+01   1.5201e+00   0.0000e+00   3.1940e-05   2.6346e+02
20251206_19:00:00   7.2177e-02   2.2926e+01   1.5196e+00   0.0000e+00   1.4550e-04   2.6611e+02
20251206_20:00:00   7.7577e-02   2.4265e+01   1.6441e+00   0.0000e+00   9.2580e-04   2.6724e+02
20251206_21:00:00   7.6636e-02   2.4000e+01   1.6365e+00   0.0000e+00   2.2180e-04   2.6638e+02
20251206_22:00:00   7.7210e-02   2.4104e+01   1.6609e+00   0.0000e+00   2.0179e-03   2.6294e+02
20251206_23:00:00   9.8748e-02   2.9507e+01   2.0963e+00   0.0000e+00   4.8702e-04   2.5896e+02
20251207_00:00:00   1.0222e-01   3.0317e+01   2.1589e+00   4.5960e-04   1.2558e-03   2.5748e+02
20251207_01:00:00   8.6435e-02   2.6405e+01   1.8514e+00   1.4200e-04   2.4660e-04   2.5659e+02
20251207_02:00:00   9.6056e-02   2.8769e+01   2.0241e+00   7.9699e-04   7.8960e-04   2.5673e+02
20251207_03:00:00   8.7206e-02   2.6512e+01   1.8946e+00   0.0000e+00   8.7860e-04   2.5668e+02
20251207_04:00:00   8.7545e-02   2.6530e+01   1.7831e+00   2.7300e-03   1.6188e-03   2.5669e+02
20251207_05:00:00   8.5034e-02   2.5859e+01   1.8237e+00   1.1970e-03   1.0667e-03   2.5602e+02
20251207_06:00:00   7.8817e-02   2.4281e+01   1.7563e+00   0.0000e+00   2.0818e-04   2.5586e+02
20251207_07:00:00   7.9776e-02   2.4541e+01   1.7739e+00   0.0000e+00   1.9700e-04   2.5446e+02
20251207_08:00:00   8.7121e-02   2.6267e+01   1.9705e+00   0.0000e+00   1.1618e-03   2.5312e+02
20251207_09:00:00   8.7911e-02   2.6415e+01   1.9965e+00   0.0000e+00   2.6768e-04   2.5470e+02
20251207_10:00:00   8.9360e-02   2.6719e+01   2.0447e+00   0.0000e+00   2.4066e-04   2.5238e+02
20251207_11:00:00   8.7279e-02   2.6209e+01   1.9938e+00   0.0000e+00   1.4616e-04   2.5215e+02
20251207_12:00:00   8.9528e-02   2.6746e+01   2.0520e+00   0.0000e+00   1.3679e-04   2.5192e+02
20251207_13:00:00   9.2589e-02   2.7368e+01   2.1506e+00   0.0000e+00   1.7131e-04   2.5081e+02
20251207_14:00:00   9.9115e-02   2.8896e+01   2.3182e+00   0.0000e+00   9.9116e-04   2.5170e+02
20251207_15:00:00   1.0476e-01   3.0187e+01   2.4637e+00   0.0000e+00   1.6003e-03   2.5363e+02
20251207_16:00:00   1.0983e-01   3.1390e+01   2.5803e+00   0.0000e+00   2.6207e-03   2.5544e+02
20251207_17:00:00   1.1191e-01   3.1907e+01   2.6198e+00   0.0000e+00   2.9042e-03   2.5602e+02
20251207_18:00:00   1.1281e-01   3.2134e+01   2.6277e+00   0.0000e+00   1.0132e-03   2.5573e+02
20251207_19:00:00   1.1401e-01   3.2469e+01   2.6420e+00   0.0000e+00   6.3129e-04   2.5383e+02
20251207_20:00:00   1.0856e-01   3.1371e+01   2.4712e+00   0.0000e+00   8.2140e-04   2.5654e+02
20251207_21:00:00   1.0323e-01   3.0388e+01   2.2716e+00   6.8790e-06   2.2223e-03   2.5858e+02
20251207_22:00:00   9.7451e-02   2.9246e+01   2.0523e+00   1.2544e-04   5.0500e-04   2.5956e+02
20251207_23:00:00   1.5797e-01   4.3854e+01   2.3992e+00   1.6197e-02   0.0000e+00   2.6052e+02
20251208_00:00:00   3.7121e-01   8.8371e+01   2.5076e+00   9.9680e-02   0.0000e+00   2.5915e+02
20251208_01:00:00   1.8093e-01   4.9156e+01   2.4135e+00   2.5140e-02   0.0000e+00   2.5797e+02
20251208_02:00:00   1.0639e-01   3.1607e+01   2.0963e+00   1.7109e-03   0.0000e+00   2.5713e+02
20251208_03:00:00   8.7704e-02   2.6985e+01   1.7881e+00   3.0253e-04   3.0620e-05   2.5934e+02
20251208_04:00:00   8.2062e-02   2.5585e+01   1.6743e+00   0.0000e+00   0.0000e+00   2.5810e+02
20251208_05:00:00   7.7133e-02   2.4381e+01   1.5261e+00   5.4850e-04   0.0000e+00   2.5885e+02
20251208_06:00:00   7.3432e-02   2.3432e+01   1.4763e+00   0.0000e+00   0.0000e+00   2.5910e+02
20251208_07:00:00   7.1635e-02   2.2976e+01   1.4407e+00   0.0000e+00   0.0000e+00   2.5922e+02
20251208_08:00:00   7.1220e-02   2.2867e+01   1.4325e+00   0.0000e+00   0.0000e+00   2.5730e+02
20251208_09:00:00   7.1060e-02   2.2809e+01   1.4295e+00   0.0000e+00   0.0000e+00   2.5481e+02
20251208_10:00:00   6.8149e-02   2.2095e+01   1.3533e+00   0.0000e+00   0.0000e+00   2.5621e+02
20251208_11:00:00   6.6920e-02   2.1798e+01   1.3215e+00   0.0000e+00   0.0000e+00   2.5822e+02
20251208_12:00:00   6.6714e-02   2.1740e+01   1.3180e+00   0.0000e+00   0.0000e+00   2.5678e+02
20251208_13:00:00   6.6760e-02   2.1743e+01   1.3221e+00   0.0000e+00   0.0000e+00   2.5629e+02
20251208_14:00:00   6.6090e-02   2.1577e+01   1.3044e+00   0.0000e+00   0.0000e+00   2.5464e+02
20251208_15:00:00   6.4690e-02   2.1222e+01   1.2713e+00   0.0000e+00   0.0000e+00   2.5549e+02
20251208_16:00:00   6.2337e-02   2.0650e+01   1.2079e+00   0.0000e+00   0.0000e+00   2.5582e+02
20251208_17:00:00   6.0652e-02   2.0227e+01   1.1656e+00   0.0000e+00   0.0000e+00   2.5960e+02
20251208_18:00:00   5.8420e-02   1.9686e+01   1.1083e+00   0.0000e+00   0.0000e+00   2.6159e+02
20251208_19:00:00   5.9965e-02   2.0069e+01   1.1464e+00   0.0000e+00   6.7220e-04   2.6293e+02
20251208_20:00:00   6.0867e-02   2.0312e+01   1.1644e+00   0.0000e+00   0.0000e+00   2.6320e+02
20251208_21:00:00   6.1623e-02   2.0491e+01   1.1896e+00   0.0000e+00   0.0000e+00   2.6389e+02
20251208_22:00:00   6.1310e-02   2.0408e+01   1.1835e+00   0.0000e+00   0.0000e+00   2.6217e+02
20251208_23:00:00   6.7006e-02   2.1896e+01   1.3029e+00   1.1690e-04   0.0000e+00   2.6166e+02
20251209_00:00:00   6.7290e-02   2.1981e+01   1.3155e+00   8.0230e-05   0.0000e+00   2.5857e+02
20251209_01:00:00   6.8372e-02   2.2265e+01   1.3222e+00   4.1720e-04   0.0000e+00   2.5683e+02
20251209_02:00:00   6.5725e-02   2.1601e+01   1.2848e+00   2.7860e-05   0.0000e+00   2.5642e+02
20251209_03:00:00   6.5341e-02   2.1538e+01   1.2485e+00   4.7470e-04   0.0000e+00   2.5563e+02
20251209_04:00:00   6.1061e-02   2.0453e+01   1.1813e+00   0.0000e+00   0.0000e+00   2.5410e+02
20251209_05:00:00   6.3006e-02   2.0963e+01   1.2218e+00   0.0000e+00   0.0000e+00   2.5548e+02
20251209_06:00:00   6.3656e-02   2.1128e+01   1.2383e+00   0.0000e+00   0.0000e+00   2.5627e+02
20251209_07:00:00   6.3541e-02   2.1096e+01   1.2394e+00   0.0000e+00   0.0000e+00   2.5748e+02
20251209_08:00:00   6.3019e-02   2.0946e+01   1.2317e+00   0.0000e+00   0.0000e+00   2.5870e+02
20251209_09:00:00   6.3264e-02   2.1019e+01   1.2337e+00   0.0000e+00   0.0000e+00   2.5814e+02
20251209_10:00:00   6.3236e-02   2.1000e+01   1.2343e+00   0.0000e+00   0.0000e+00   2.5572e+02
20251209_11:00:00   6.2065e-02   2.0674e+01   1.2158e+00   0.0000e+00   0.0000e+00   2.5545e+02
20251209_12:00:00   6.2245e-02   2.0689e+01   1.2282e+00   0.0000e+00   1.5458e-04   2.5720e+02
20251209_13:00:00   6.0505e-02   2.0224e+01   1.1953e+00   0.0000e+00   4.1100e-04   2.5710e+02
20251209_14:00:00   6.0428e-02   2.0193e+01   1.1971e+00   0.0000e+00   1.1728e-04   2.5728e+02
20251209_15:00:00   5.8620e-02   1.9743e+01   1.1534e+00   0.0000e+00   2.3680e-05   2.5735e+02
20251209_16:00:00   6.0277e-02   2.0151e+01   1.1975e+00   0.0000e+00   4.3760e-04   2.5700e+02
20251209_17:00:00   6.1306e-02   2.0382e+01   1.2322e+00   0.0000e+00   3.5160e-04   2.5672e+02
20251209_18:00:00   6.1044e-02   2.0288e+01   1.2318e+00   0.0000e+00   1.2798e-03   2.5418e+02
20251209_19:00:00   6.2640e-02   2.0676e+01   1.2771e+00   0.0000e+00   1.5130e-03   2.5450e+02
20251209_20:00:00   5.9767e-02   1.9963e+01   1.2071e+00   0.0000e+00   1.1425e-03   2.5531e+02
20251209_21:00:00   5.8243e-02   1.9584e+01   1.1678e+00   0.0000e+00   6.3240e-04   2.5562e+02
20251209_22:00:00   5.6226e-02   1.9076e+01   1.1174e+00   0.0000e+00   2.6541e-03   2.5310e+02
20251209_23:00:00   5.7216e-02   1.9354e+01   1.1350e+00   2.7790e-06   1.5406e-03   2.5202e+02
20251210_00:00:00   6.0204e-02   2.0124e+01   1.2091e+00   0.0000e+00   2.9521e-03   2.5103e+02
20251210_01:00:00   6.4721e-02   2.1264e+01   1.2947e+00   5.3740e-04   2.6101e-03   2.5292e+02
20251210_02:00:00   7.2706e-02   2.3313e+01   1.4977e+00   0.0000e+00   4.1441e-03   2.5542e+02
20251210_03:00:00   6.7708e-02   2.2045e+01   1.3417e+00   8.6370e-04   6.1615e-03   2.5554e+02
20251210_04:00:00   8.2589e-02   2.5852e+01   1.4025e+00   5.6510e-03   7.3560e-03   2.5679e+02
20251210_05:00:00   6.7207e-02   2.1876e+01   1.3801e+00   8.1640e-06   7.4996e-03   2.5774e+02
20251210_06:00:00   7.0535e-02   2.2661e+01   1.4759e+00   0.0000e+00   1.7888e-03   2.5819e+02
20251210_07:00:00   7.1366e-02   2.2793e+01   1.5145e+00   1.4420e-05   2.2897e-03   2.5795e+02
20251210_08:00:00   7.2574e-02   2.3045e+01   1.5509e+00   6.3560e-05   2.8457e-03   2.5661e+02
20251210_09:00:00   7.1104e-02   2.2644e+01   1.5283e+00   1.5330e-07   2.1859e-03   2.5726e+02
20251210_10:00:00   7.2522e-02   2.3020e+01   1.5531e+00   5.9160e-08   2.1560e-04   2.5727e+02
20251210_11:00:00   7.0586e-02   2.2531e+01   1.5072e+00   0.0000e+00   1.0792e-03   2.5627e+02
20251210_12:00:00   6.9633e-02   2.2276e+01   1.4866e+00   0.0000e+00   3.2760e-03   2.5608e+02
20251210_13:00:00   6.7839e-02   2.1811e+01   1.4482e+00   0.0000e+00   4.3520e-03   2.5602e+02
20251210_14:00:00   6.8878e-02   2.2061e+01   1.4783e+00   0.0000e+00   1.1270e-03   2.5533e+02
20251210_15:00:00   6.9958e-02   2.2359e+01   1.4993e+00   0.0000e+00   5.0240e-05   2.5502e+02
20251210_16:00:00   7.1822e-02   2.2853e+01   1.5380e+00   0.0000e+00   0.0000e+00   2.5429e+02
20251210_17:00:00   7.7952e-02   2.4345e+01   1.6929e+00   0.0000e+00   0.0000e+00   2.5444e+02
20251210_18:00:00   8.1818e-02   2.5288e+01   1.7862e+00   0.0000e+00   3.3575e-06   2.5375e+02
20251210_19:00:00   8.4072e-02   2.5848e+01   1.8362e+00   0.0000e+00   0.0000e+00   2.5420e+02
20251210_20:00:00   8.3223e-02   2.5642e+01   1.8120e+00   0.0000e+00   0.0000e+00   2.5482e+02
20251210_21:00:00   8.1903e-02   2.5329e+01   1.7767e+00   0.0000e+00   0.0000e+00   2.5711e+02
20251210_22:00:00   7.8731e-02   2.4541e+01   1.7029e+00   0.0000e+00   0.0000e+00   2.5679e+02
20251210_23:00:00   8.4249e-02   2.5889e+01   1.8295e+00   0.0000e+00   0.0000e+00   2.5816e+02
20251211_00:00:00   9.6682e-02   2.8928e+01   2.1044e+00   0.0000e+00   0.0000e+00   2.5719e+02
20251211_01:00:00   9.3138e-02   2.8073e+01   2.0219e+00   8.4110e-05   0.0000e+00   2.5591e+02
20251211_02:00:00   9.2787e-02   2.8060e+01   1.9979e+00   0.0000e+00   0.0000e+00   2.5552e+02
20251211_03:00:00   9.7920e-02   2.9275e+01   2.1284e+00   0.0000e+00   0.0000e+00   2.5498e+02
20251211_04:00:00   9.5615e-02   2.8707e+01   2.0795e+00   2.3680e-05   0.0000e+00   2.5553e+02
20251211_05:00:00   9.3667e-02   2.8297e+01   2.0118e+00   0.0000e+00   0.0000e+00   2.5505e+02
20251211_06:00:00   1.0177e-01   3.0271e+01   2.1502e+00   8.2580e-04   0.0000e+00   2.5452e+02
20251211_07:00:00   1.0596e-01   3.1292e+01   2.2214e+00   1.0530e-03   0.0000e+00   2.5555e+02
20251211_08:00:00   1.1287e-01   3.2917e+01   2.4228e+00   0.0000e+00   0.0000e+00   2.5746e+02
20251211_09:00:00   1.0759e-01   3.1602e+01   2.3257e+00   0.0000e+00   0.0000e+00   2.5778e+02
20251211_10:00:00   9.7867e-02   2.9182e+01   2.1315e+00   0.0000e+00   0.0000e+00   2.5850e+02
20251211_11:00:00   9.1374e-02   2.7576e+01   1.9906e+00   0.0000e+00   0.0000e+00   2.5909e+02
20251211_12:00:00   9.5497e-02   2.8461e+01   2.1251e+00   0.0000e+00   0.0000e+00   2.5842e+02
20251211_15:00:00   1.0826e-01   3.1363e+01   2.4643e+00   0.0000e+00   0.0000e+00   2.5467e+02
20251211_18:00:00   1.2623e-01   3.5784e+01   2.8424e+00   0.0000e+00   0.0000e+00   2.5434e+02
20251211_21:00:00   1.2414e-01   3.5412e+01   2.7856e+00   0.0000e+00   0.0000e+00   2.5692e+02
20251212_00:00:00   1.2320e-01   3.5425e+01   2.6808e+00   0.0000e+00   0.0000e+00   2.5656e+02
20251212_03:00:00   1.0092e-01   3.0136e+01   2.1667e+00   0.0000e+00   0.0000e+00   2.5664e+02
20251212_06:00:00   1.2514e-01   3.5626e+01   2.7966e+00   0.0000e+00   0.0000e+00   2.5759e+02
20251212_09:00:00   1.8419e-01   4.8826e+01   4.1492e+00   0.0000e+00   1.8110e-06   2.5612e+02
20251212_12:00:00   1.5662e-01   4.2999e+01   3.4172e+00   0.0000e+00   0.0000e+00   2.5568e+02
20251212_15:00:00   1.6989e-01   4.6023e+01   3.6392e+00   0.0000e+00   0.0000e+00   2.5667e+02
20251212_18:00:00   1.7168e-01   4.6527e+01   3.6255e+00   0.0000e+00   0.0000e+00   2.5976e+02
20251212_21:00:00   1.4115e-01   3.9498e+01   3.0406e+00   0.0000e+00   0.0000e+00   2.5975e+02
20251213_00:00:00   1.5302e-01   4.1903e+01   3.3773e+00   0.0000e+00   5.2435e-04   2.5845e+02
20251213_03:00:00   1.7338e-01   4.6367e+01   3.8349e+00   0.0000e+00   2.4508e-03   2.5571e+02
20251213_06:00:00   1.6300e-01   4.3922e+01   3.6150e+00   0.0000e+00   1.4707e-04   2.5639e+02
20251213_09:00:00   1.4326e-01   3.9461e+01   3.1780e+00   0.0000e+00   7.1011e-04   2.5284e+02
20251213_12:00:00   1.5498e-01   4.2039e+01   3.4341e+00   0.0000e+00   9.2925e-04   2.5115e+02
20251213_15:00:00   1.3047e-01   3.6545e+01   2.8556e+00   0.0000e+00   1.2636e-04   2.4958e+02
20251213_18:00:00   1.2108e-01   3.4234e+01   2.6733e+00   0.0000e+00   2.9442e-04   2.4885e+02
20251213_21:00:00   1.2414e-01   3.4880e+01   2.7425e+00   0.0000e+00   1.1086e-04   2.4864e+02
20251214_00:00:00   1.5408e-01   4.1852e+01   3.3490e+00   0.0000e+00   8.2752e-04   2.4761e+02
20251214_03:00:00   1.4759e-01   4.0398e+01   3.2101e+00   0.0000e+00   1.2546e-03   2.4714e+02
20251214_06:00:00   2.2642e-01   5.7804e+01   4.7662e+00   0.0000e+00   3.2023e-04   2.5023e+02
20251214_09:00:00   2.6668e-01   6.6271e+01   5.0688e+00   7.4100e-03   4.0250e-06   2.5061e+02
20251214_12:00:00   3.1990e-01   7.6482e+01   6.3854e+00   9.3260e-04   2.5950e-06   2.4794e+02
20251214_15:00:00   3.0353e-01   7.3537e+01   6.0331e+00   1.9370e-04   0.0000e+00   2.4733e+02
20251214_18:00:00   2.7552e-01   6.8162e+01   5.4217e+00   9.2930e-04   0.0000e+00   2.4652e+02
20251214_21:00:00   2.1654e-01   5.6104e+01   4.3410e+00   3.7740e-05   0.0000e+00   2.4640e+02
20251215_00:00:00   2.3092e-01   5.9233e+01   4.6065e+00   0.0000e+00   0.0000e+00   2.4671e+02
20251215_03:00:00   1.8900e-01   5.0370e+01   3.8089e+00   0.0000e+00   0.0000e+00   2.4692e+02
20251215_06:00:00   1.7987e-01   4.8460e+01   3.6358e+00   0.0000e+00   0.0000e+00   2.4785e+02
20251215_09:00:00   1.4612e-01   4.0961e+01   2.9553e+00   0.0000e+00   0.0000e+00   2.4834e+02
20251215_12:00:00   1.3033e-01   3.7343e+01   2.6386e+00   0.0000e+00   0.0000e+00   2.4767e+02
20251215_15:00:00   1.4044e-01   3.9700e+01   2.8347e+00   0.0000e+00   0.0000e+00   2.4991e+02
20251215_18:00:00   1.5025e-01   4.1714e+01   3.1884e+00   0.0000e+00   1.8096e-04   2.4846e+02
20251215_21:00:00   2.0582e-01   5.3968e+01   4.4432e+00   0.0000e+00   5.6561e-04   2.4571e+02
20251216_00:00:00   3.4355e-01   8.1522e+01   7.0833e+00   3.4830e-03   5.6630e-03   2.4480e+02
20251216_03:00:00   3.7347e-01   8.6901e+01   7.9566e+00   0.0000e+00   1.9566e-03   2.4307e+02
20251216_06:00:00   4.1563e-01   9.4241e+01   8.8054e+00   0.0000e+00   6.6441e-03   2.4334e+02
20251216_09:00:00   4.3012e-01   9.6648e+01   9.0853e+00   0.0000e+00   3.7075e-02   2.4558e+02
20251216_12:00:00   4.3737e-01   9.7839e+01   9.1246e+00   0.0000e+00   3.2757e-02   2.4475e+02
20251216_15:00:00   5.1925e-01   1.1106e+02   1.0530e+01   0.0000e+00   5.3594e-02   2.4601e+02
20251216_18:00:00   9.1980e-01   1.6442e+02   1.1374e+01   1.3913e-01   1.6714e-01   2.4900e+02
20251216_21:00:00   8.7367e-01   1.5904e+02   1.1256e+01   1.2333e-01   3.7491e-01   2.5171e+02
20251217_00:00:00   5.0160e-01   1.0811e+02   1.0137e+01   5.0850e-04   2.3652e-01   2.5230e+02
20251217_03:00:00   5.5604e-01   1.1653e+02   1.0996e+01   6.1542e-04   2.4445e-01   2.5268e+02
20251217_06:00:00   9.3623e-01   1.6644e+02   1.0778e+01   1.5873e-01   2.9334e-01   2.5194e+02
20251217_09:00:00   5.1101e-01   1.1023e+02   9.9249e+00   2.5583e-03   4.4808e-02   2.5646e+02
20251217_12:00:00   4.5933e-01   1.0182e+02   9.0761e+00   0.0000e+00   8.0076e-03   2.5930e+02
20251217_15:00:00   3.5184e-01   8.2958e+01   7.2907e+00   0.0000e+00   5.2923e-04   2.6072e+02
20251217_18:00:00   3.1208e-01   7.5774e+01   6.3687e+00   0.0000e+00   0.0000e+00   2.6123e+02
20251217_21:00:00   3.0539e-01   7.4641e+01   6.1542e+00   0.0000e+00   0.0000e+00   2.5948e+02
20251218_00:00:00   3.1933e-01   7.7153e+01   6.5425e+00   0.0000e+00   0.0000e+00   2.5525e+02
20251218_03:00:00   2.7613e-01   6.8736e+01   5.7540e+00   2.2700e-04   0.0000e+00   2.5216e+02
20251218_06:00:00   2.4928e-01   6.3133e+01   5.3315e+00   0.0000e+00   0.0000e+00   2.4766e+02
20251218_09:00:00   2.6201e-01   6.5512e+01   5.6868e+00   0.0000e+00   8.6878e-04   2.4863e+02
20251218_12:00:00   2.6478e-01   6.6151e+01   5.7123e+00   0.0000e+00   0.0000e+00   2.4854e+02
20251218_15:00:00   2.7099e-01   6.7324e+01   5.9035e+00   0.0000e+00   0.0000e+00   2.4826e+02
20251218_18:00:00   2.9766e-01   7.2731e+01   6.4460e+00   0.0000e+00   0.0000e+00   2.4945e+02
20251218_21:00:00   3.3365e-01   7.9872e+01   7.1188e+00   0.0000e+00   0.0000e+00   2.4855e+02
20251219_00:00:00   3.8322e-01   8.9188e+01   7.9952e+00   5.5320e-04   3.3600e-24   2.4633e+02
20251219_03:00:00   4.1553e-01   9.4903e+01   8.6612e+00   1.0960e-04   9.8940e-06   2.4723e+02
20251219_06:00:00   4.4908e-01   1.0082e+02   9.2175e+00   0.0000e+00   0.0000e+00   2.4883e+02
20251219_09:00:00   4.0379e-01   9.3236e+01   8.3935e+00   0.0000e+00   0.0000e+00   2.4346e+02
20251219_12:00:00   3.7697e-01   8.8515e+01   7.8318e+00   0.0000e+00   0.0000e+00   2.4503e+02
20251219_15:00:00   3.5090e-01   8.3862e+01   7.2019e+00   0.0000e+00   0.0000e+00   2.4619e+02
20251219_18:00:00   3.1392e-01   7.6918e+01   6.5859e+00   0.0000e+00   0.0000e+00   2.4973e+02
20251219_21:00:00   2.8282e-01   7.0734e+01   6.0552e+00   2.6380e-06   0.0000e+00   2.5283e+02
20251220_00:00:00   3.4540e-01   8.3125e+01   6.4663e+00   1.6524e-02   3.2126e-04   2.5310e+02
20251220_03:00:00   3.4231e-01   8.2256e+01   6.8910e+00   8.4760e-03   3.3297e-05   2.5291e+02
20251220_06:00:00   2.7912e-01   6.9865e+01   6.0944e+00   0.0000e+00   0.0000e+00   2.5109e+02
20251220_09:00:00   2.5216e-01   6.4505e+01   5.5091e+00   0.0000e+00   0.0000e+00   2.5078e+02
20251220_12:00:00   2.3502e-01   6.0866e+01   5.1218e+00   0.0000e+00   0.0000e+00   2.4979e+02
20251220_15:00:00   2.1057e-01   5.5778e+01   4.5387e+00   0.0000e+00   0.0000e+00   2.4929e+02
20251220_18:00:00   1.9795e-01   5.2971e+01   4.3609e+00   0.0000e+00   0.0000e+00   2.5282e+02
20251220_21:00:00   2.0420e-01   5.4349e+01   4.5109e+00   0.0000e+00   0.0000e+00   2.5402e+02
20251221_00:00:00   2.1569e-01   5.6768e+01   4.7704e+00   4.7680e-05   1.1830e-05   2.5549e+02
20251221_03:00:00   2.1669e-01   5.6902e+01   4.8423e+00   1.8820e-07   5.4825e-04   2.5293e+02
20251221_06:00:00   2.1947e-01   5.7438e+01   4.9128e+00   0.0000e+00   3.6220e-06   2.4820e+02
20251221_09:00:00   2.0836e-01   5.5105e+01   4.6421e+00   0.0000e+00   0.0000e+00   2.4779e+02
20251221_12:00:00   2.0451e-01   5.4188e+01   4.6147e+00   0.0000e+00   8.4183e-05   2.4644e+02
20251221_15:00:00   2.0859e-01   5.5010e+01   4.7173e+00   0.0000e+00   9.7010e-04   2.4622e+02
20251221_18:00:00   2.1237e-01   5.5960e+01   4.7864e+00   0.0000e+00   0.0000e+00   2.4959e+02
20251221_21:00:00   2.3539e-01   6.0855e+01   5.3091e+00   0.0000e+00   6.3837e-04   2.5065e+02
20251222_00:00:00   2.4408e-01   6.2605e+01   5.5206e+00   0.0000e+00   0.0000e+00   2.5090e+02
20251222_03:00:00   2.1051e-01   5.5642e+01   4.7618e+00   0.0000e+00   0.0000e+00   2.4993e+02
20251222_06:00:00   1.7489e-01   4.7784e+01   3.9521e+00   0.0000e+00   0.0000e+00   2.4960e+02
20251222_09:00:00   1.6823e-01   4.6305e+01   3.7383e+00   0.0000e+00   0.0000e+00   2.4826e+02
20251222_12:00:00   1.6156e-01   4.4767e+01   3.5722e+00   0.0000e+00   0.0000e+00   2.4674e+02
