#            date       tau255        Tb[K]      pwv[mm] lwp[kg*m^-2] iwp[kg*m^-2]       o3[DU]
20251202_12:00:00   1.5266e-01   4.1715e+01   3.6125e+00   0.0000e+00   1.6188e-04   2.5357e+02
20251202_13:00:00   1.5046e-01   4.1237e+01   3.5627e+00   0.0000e+00   2.6920e-04   2.5387e+02
20251202_14:00:00   1.4405e-01   3.9836e+01   3.4061e+00   0.0000e+00   3.7836e-04   2.5460e+02
20251202_15:00:00   1.3590e-01   3.8026e+01   3.2033e+00   0.0000e+00   3.2315e-04   2.5556e+02
20251202_16:00:00   1.3317e-01   3.7434e+01   3.1334e+00   0.0000e+00   3.3318e-04   2.5462e+02
20251202_17:00:00   1.4568e-01   4.0386e+01   3.4263e+00   0.0000e+00   2.4042e-04   2.5360e+02
20251202_18:00:00   1.6091e-01   4.3931e+01   3.7768e+00   0.0000e+00   1.9066e-04   2.5324e+02
20251202_19:00:00   1.7149e-01   4.6343e+01   4.0239e+00   0.0000e+00   4.6824e-04   2.5275e+02
20251202_20:00:00   1.7728e-01   4.7624e+01   4.1635e+00   0.0000e+00   4.9490e-04   2.5266e+02
20251202_21:00:00   1.8435e-01   4.9202e+01   4.3348e+00   0.0000e+00   1.1982e-03   2.5282e+02
20251202_22:00:00   1.9350e-01   5.1277e+01   4.5490e+00   0.0000e+00   1.2002e-03   2.5313e+02
20251202_23:00:00   1.9839e-01   5.2469e+01   4.6520e+00   0.0000e+00   1.8967e-03   2.5319e+02
20251203_00:00:00   2.0198e-01   5.3346e+01   4.7236e+00   2.3850e-07   2.7038e-03   2.5227e+02
20251203_01:00:00   2.0734e-01   5.4536e+01   4.8356e+00   1.4800e-04   4.2906e-03   2.5139e+02
20251203_02:00:00   2.1548e-01   5.6269e+01   5.0231e+00   3.5930e-04   5.7503e-03   2.5180e+02
20251203_03:00:00   2.2542e-01   5.8331e+01   5.2262e+00   1.2300e-03   8.4029e-03   2.5266e+02
20251203_04:00:00   2.3136e-01   5.9476e+01   5.4439e+00   1.5270e-04   4.5722e-03   2.5356e+02
20251203_05:00:00   2.3246e-01   5.9702e+01   5.4764e+00   4.4080e-06   7.5602e-04   2.5339e+02
20251203_06:00:00   2.2272e-01   5.7824e+01   5.1932e+00   2.7930e-05   1.9246e-04   2.5340e+02
20251203_07:00:00   2.1309e-01   5.5906e+01   4.9160e+00   3.1870e-05   1.1111e-04   2.5167e+02
20251203_08:00:00   2.0768e-01   5.4750e+01   4.7780e+00   0.0000e+00   6.5323e-04   2.5396e+02
20251203_09:00:00   2.0279e-01   5.3737e+01   4.6419e+00   0.0000e+00   5.1560e-04   2.5691e+02
20251203_10:00:00   2.0486e-01   5.4155e+01   4.6814e+00   0.0000e+00   6.2600e-05   2.5417e+02
20251203_11:00:00   1.9819e-01   5.2689e+01   4.5132e+00   0.0000e+00   2.9300e-06   2.5404e+02
20251203_12:00:00   1.9787e-01   5.2634e+01   4.4981e+00   0.0000e+00   3.4560e-06   2.5457e+02
20251203_13:00:00   1.9663e-01   5.2358e+01   4.4663e+00   0.0000e+00   0.0000e+00   2.5626e+02
20251203_14:00:00   1.9027e-01   5.1020e+01   4.3187e+00   0.0000e+00   0.0000e+00   2.5731e+02
20251203_15:00:00   1.8811e-01   5.0565e+01   4.2707e+00   0.0000e+00   0.0000e+00   2.5932e+02
20251203_16:00:00   1.8243e-01   4.9341e+01   4.1323e+00   0.0000e+00   0.0000e+00   2.6101e+02
20251203_17:00:00   1.8172e-01   4.9219e+01   4.1053e+00   0.0000e+00   0.0000e+00   2.6138e+02
20251203_18:00:00   1.8094e-01   4.9089e+01   4.0692e+00   0.0000e+00   0.0000e+00   2.6097e+02
20251203_19:00:00   1.8033e-01   4.8987e+01   4.0427e+00   0.0000e+00   0.0000e+00   2.6240e+02
20251203_20:00:00   1.7746e-01   4.8386e+01   3.9608e+00   0.0000e+00   0.0000e+00   2.6348e+02
20251203_21:00:00   1.7521e-01   4.7892e+01   3.9059e+00   0.0000e+00   0.0000e+00   2.6360e+02
20251203_22:00:00   1.7421e-01   4.7660e+01   3.8884e+00   0.0000e+00   0.0000e+00   2.6367e+02
20251203_23:00:00   1.7719e-01   4.8332e+01   3.9411e+00   0.0000e+00   0.0000e+00   2.6325e+02
20251204_00:00:00   1.7978e-01   4.8904e+01   3.9877e+00   1.4210e-06   0.0000e+00   2.6218e+02
20251204_01:00:00   1.8183e-01   4.9361e+01   4.0220e+00   3.2520e-05   0.0000e+00   2.6171e+02
20251204_02:00:00   1.8329e-01   4.9684e+01   4.0513e+00   7.3440e-05   0.0000e+00   2.6055e+02
20251204_03:00:00   1.8256e-01   4.9523e+01   4.0232e+00   1.1480e-04   0.0000e+00   2.5969e+02
20251204_04:00:00   1.8171e-01   4.9301e+01   4.0038e+00   7.7410e-06   0.0000e+00   2.5910e+02
20251204_05:00:00   1.7374e-01   4.7474e+01   3.8362e+00   0.0000e+00   0.0000e+00   2.6026e+02
20251204_06:00:00   1.6408e-01   4.5269e+01   3.6344e+00   0.0000e+00   0.0000e+00   2.6199e+02
20251204_07:00:00   1.6013e-01   4.4335e+01   3.5577e+00   0.0000e+00   0.0000e+00   2.6332e+02
20251204_08:00:00   1.6321e-01   4.4968e+01   3.6482e+00   0.0000e+00   0.0000e+00   2.6411e+02
20251204_09:00:00   1.6942e-01   4.6273e+01   3.8235e+00   0.0000e+00   0.0000e+00   2.6455e+02
20251204_10:00:00   1.7675e-01   4.7848e+01   4.0077e+00   0.0000e+00   0.0000e+00   2.6468e+02
20251204_11:00:00   1.8451e-01   4.9527e+01   4.1871e+00   0.0000e+00   0.0000e+00   2.6392e+02
20251204_12:00:00   1.8746e-01   5.0169e+01   4.2483e+00   0.0000e+00   0.0000e+00   2.6245e+02
20251204_13:00:00   1.8578e-01   4.9762e+01   4.2142e+00   0.0000e+00   0.0000e+00   2.6186e+02
20251204_14:00:00   1.8573e-01   4.9736e+01   4.2092e+00   0.0000e+00   0.0000e+00   2.6173e+02
20251204_15:00:00   1.8341e-01   4.9221e+01   4.1578e+00   0.0000e+00   0.0000e+00   2.6279e+02
20251204_16:00:00   1.7524e-01   4.7328e+01   3.9803e+00   0.0000e+00   0.0000e+00   2.6307e+02
20251204_17:00:00   1.6582e-01   4.5140e+01   3.7747e+00   0.0000e+00   0.0000e+00   2.6227e+02
20251204_18:00:00   1.6440e-01   4.4806e+01   3.7440e+00   0.0000e+00   0.0000e+00   2.6209e+02
20251204_19:00:00   1.5689e-01   4.3088e+01   3.5779e+00   0.0000e+00   0.0000e+00   2.6235e+02
20251204_20:00:00   1.5088e-01   4.1717e+01   3.4338e+00   0.0000e+00   0.0000e+00   2.6323e+02
20251204_21:00:00   1.5778e-01   4.3376e+01   3.5540e+00   3.7470e-08   0.0000e+00   2.6221e+02
20251204_22:00:00   1.7037e-01   4.6337e+01   3.7754e+00   3.1580e-06   0.0000e+00   2.5936e+02
20251204_23:00:00   1.7415e-01   4.7219e+01   3.8362e+00   1.0620e-05   0.0000e+00   2.5715e+02
20251205_00:00:00   1.7171e-01   4.6644e+01   3.8096e+00   8.4770e-06   0.0000e+00   2.5517e+02
20251205_01:00:00   1.7185e-01   4.6633e+01   3.8432e+00   2.9850e-06   0.0000e+00   2.5316e+02
20251205_02:00:00   1.8130e-01   4.8749e+01   4.0457e+00   0.0000e+00   0.0000e+00   2.5225e+02
20251205_03:00:00   1.9522e-01   5.1848e+01   4.3314e+00   0.0000e+00   0.0000e+00   2.5268e+02
20251205_04:00:00   2.0113e-01   5.3141e+01   4.4449e+00   0.0000e+00   0.0000e+00   2.5295e+02
20251205_05:00:00   1.9791e-01   5.2392e+01   4.3801e+00   0.0000e+00   0.0000e+00   2.5238e+02
20251205_06:00:00   1.8970e-01   5.0553e+01   4.2145e+00   0.0000e+00   0.0000e+00   2.5294e+02
20251205_07:00:00   1.7884e-01   4.8127e+01   3.9720e+00   0.0000e+00   0.0000e+00   2.5373e+02
20251205_08:00:00   1.7524e-01   4.7323e+01   3.8727e+00   0.0000e+00   0.0000e+00   2.5400e+02
20251205_09:00:00   1.7404e-01   4.7124e+01   3.7882e+00   0.0000e+00   0.0000e+00   2.5329e+02
20251205_10:00:00   1.7415e-01   4.7226e+01   3.7163e+00   1.5595e-05   0.0000e+00   2.5346e+02
20251205_11:00:00   1.7138e-01   4.6661e+01   3.6210e+00   0.0000e+00   0.0000e+00   2.5366e+02
20251205_12:00:00   1.5908e-01   4.3888e+01   3.3625e+00   0.0000e+00   0.0000e+00   2.5276e+02
20251205_13:00:00   1.4328e-01   4.0258e+01   3.0279e+00   0.0000e+00   0.0000e+00   2.5262e+02
20251205_14:00:00   1.1686e-01   3.4028e+01   2.4738e+00   0.0000e+00   0.0000e+00   2.5318e+02
20251205_15:00:00   9.4103e-02   2.8514e+01   1.9800e+00   0.0000e+00   0.0000e+00   2.5496e+02
20251205_16:00:00   7.8379e-02   2.4639e+01   1.6214e+00   0.0000e+00   0.0000e+00   2.5482e+02
20251205_17:00:00   7.0544e-02   2.2682e+01   1.4387e+00   0.0000e+00   0.0000e+00   2.5590e+02
20251205_18:00:00   6.4265e-02   2.1099e+01   1.2920e+00   0.0000e+00   0.0000e+00   2.5664e+02
20251205_19:00:00   6.3169e-02   2.0833e+01   1.2640e+00   0.0000e+00   0.0000e+00   2.5813e+02
20251205_20:00:00   6.4891e-02   2.1274e+01   1.3046e+00   0.0000e+00   0.0000e+00   2.5846e+02
20251205_21:00:00   6.9442e-02   2.2448e+01   1.4057e+00   0.0000e+00   0.0000e+00   2.5829e+02
20251205_22:00:00   7.6279e-02   2.4190e+01   1.5520e+00   0.0000e+00   0.0000e+00   2.5866e+02
20251205_23:00:00   9.3124e-02   2.8400e+01   1.8938e+00   2.8080e-07   0.0000e+00   2.5815e+02
20251206_00:00:00   1.0017e-01   3.0149e+01   2.0355e+00   2.3690e-07   0.0000e+00   2.5594e+02
20251206_01:00:00   1.0127e-01   3.0428e+01   2.0518e+00   2.1100e-04   0.0000e+00   2.5392e+02
20251206_02:00:00   9.1019e-02   2.7861e+01   1.8654e+00   1.4050e-04   3.3446e-05   2.5424e+02
20251206_03:00:00   8.1960e-02   2.5596e+01   1.6852e+00   2.4010e-05   3.9040e-05   2.5318e+02
20251206_04:00:00   7.8278e-02   2.4638e+01   1.5827e+00   6.7600e-04   4.5062e-03   2.5084e+02
20251206_05:00:00   7.3160e-02   2.3310e+01   1.5149e+00   2.8880e-05   2.8037e-03   2.5126e+02
20251206_06:00:00   6.7898e-02   2.1954e+01   1.4053e+00   0.0000e+00   4.5540e-04   2.5218e+02
20251206_07:00:00   6.6446e-02   2.1527e+01   1.3807e+00   4.0370e-07   3.3340e-03   2.5310e+02
20251206_08:00:00   6.7043e-02   2.1644e+01   1.4013e+00   0.0000e+00   2.1600e-03   2.5379e+02
20251206_09:00:00   6.7769e-02   2.1814e+01   1.4214e+00   0.0000e+00   2.3218e-03   2.5425e+02
20251206_10:00:00   6.8647e-02   2.2012e+01   1.4524e+00   0.0000e+00   2.4436e-03   2.5320e+02
20251206_11:00:00   7.1222e-02   2.2642e+01   1.5207e+00   0.0000e+00   2.0801e-03   2.5185e+02
20251206_12:00:00   7.3659e-02   2.3271e+01   1.5677e+00   0.0000e+00   5.6000e-03   2.5146e+02
20251206_13:00:00   7.3878e-02   2.3301e+01   1.5768e+00   0.0000e+00   1.4805e-02   2.5211e+02
20251206_14:00:00   7.3957e-02   2.3278e+01   1.5929e+00   0.0000e+00   1.3287e-02   2.5386e+02
20251206_15:00:00   7.6957e-02   2.3943e+01   1.6713e+00   0.0000e+00   3.8934e-02   2.5423e+02
20251206_16:00:00   8.1083e-02   2.4959e+01   1.7793e+00   0.0000e+00   2.5105e-02   2.5446e+02
20251206_17:00:00   8.3950e-02   2.5745e+01   1.8355e+00   0.0000e+00   6.0357e-03   2.5394e+02
20251206_18:00:00   8.6625e-02   2.6358e+01   1.8940e+00   0.0000e+00   3.2332e-02   2.5408e+02
20251206_19:00:00   9.2308e-02   2.7716e+01   2.0219e+00   0.0000e+00   5.3924e-02   2.5569e+02
20251206_20:00:00   8.9966e-02   2.7195e+01   1.9827e+00   0.0000e+00   9.1396e-03   2.5629e+02
20251206_21:00:00   8.9722e-02   2.7071e+01   1.9904e+00   0.0000e+00   2.1468e-02   2.5687e+02
20251206_22:00:00   9.4039e-02   2.8099e+01   2.1032e+00   0.0000e+00   1.2679e-02   2.5718e+02
20251206_23:00:00   9.0226e-02   2.7191e+01   2.0114e+00   0.0000e+00   1.2308e-02   2.5552e+02
20251207_00:00:00   9.0927e-02   2.7346e+01   2.0251e+00   0.0000e+00   2.4177e-02   2.5527e+02
20251207_01:00:00   9.2484e-02   2.7749e+01   2.0548e+00   0.0000e+00   2.5365e-02   2.5395e+02
20251207_02:00:00   9.3137e-02   2.7862e+01   2.0784e+00   0.0000e+00   4.0596e-02   2.5266e+02
20251207_03:00:00   9.3710e-02   2.7957e+01   2.1161e+00   0.0000e+00   2.7527e-02   2.5288e+02
20251207_04:00:00   9.2213e-02   2.7543e+01   2.0951e+00   0.0000e+00   2.2523e-02   2.5209e+02
20251207_05:00:00   9.4548e-02   2.8107e+01   2.1556e+00   0.0000e+00   9.0563e-03   2.5264e+02
20251207_06:00:00   9.6973e-02   2.8655e+01   2.2161e+00   0.0000e+00   2.4154e-02   2.5228e+02
20251207_07:00:00   1.0400e-01   3.0265e+01   2.4000e+00   0.0000e+00   2.7297e-02   2.5067e+02
20251207_08:00:00   1.0608e-01   3.0799e+01   2.4463e+00   0.0000e+00   2.8927e-02   2.5133e+02
20251207_09:00:00   1.0446e-01   3.0495e+01   2.3848e+00   0.0000e+00   1.5529e-02   2.5163e+02
20251207_10:00:00   1.0599e-01   3.0854e+01   2.4220e+00   0.0000e+00   1.0282e-02   2.5266e+02
20251207_11:00:00   1.0333e-01   3.0260e+01   2.3532e+00   0.0000e+00   4.5324e-03   2.5374e+02
20251207_12:00:00   9.7527e-02   2.8958e+01   2.1961e+00   0.0000e+00   4.2676e-03   2.5277e+02
20251207_15:00:00   8.9817e-02   2.7212e+01   1.9670e+00   0.0000e+00   6.1243e-03   2.5230e+02
20251207_18:00:00   8.6281e-02   2.6453e+01   1.8369e+00   0.0000e+00   2.0352e-02   2.5199e+02
20251207_21:00:00   8.8001e-02   2.6792e+01   1.9116e+00   0.0000e+00   3.7387e-02   2.5323e+02
20251208_00:00:00   8.6083e-02   2.6423e+01   1.8478e+00   0.0000e+00   2.9223e-02   2.5462e+02
20251208_03:00:00   9.1778e-02   2.7880e+01   1.9664e+00   0.0000e+00   5.3003e-03   2.5302e+02
20251208_06:00:00   9.7964e-02   2.9524e+01   2.0800e+00   0.0000e+00   1.0766e-04   2.4929e+02
20251208_09:00:00   1.0759e-01   3.1944e+01   2.2730e+00   0.0000e+00   8.2080e-06   2.5116e+02
20251208_12:00:00   1.0485e-01   3.1335e+01   2.1862e+00   0.0000e+00   6.0883e-04   2.5062e+02
20251208_15:00:00   1.0656e-01   3.1688e+01   2.2357e+00   0.0000e+00   2.7520e-03   2.4873e+02
20251208_18:00:00   1.1045e-01   3.2531e+01   2.3570e+00   0.0000e+00   2.7800e-03   2.4847e+02
20251208_21:00:00   1.1409e-01   3.3513e+01   2.3752e+00   0.0000e+00   4.7220e-05   2.5145e+02
20251209_00:00:00   1.6702e-01   4.6100e+01   2.4961e+00   1.7736e-02   8.0142e-04   2.5042e+02
20251209_03:00:00   1.1782e-01   3.4475e+01   2.4314e+00   2.1780e-07   1.7507e-03   2.4779e+02
20251209_06:00:00   1.2118e-01   3.5281e+01   2.5222e+00   0.0000e+00   8.7720e-04   2.4894e+02
20251209_09:00:00   1.1028e-01   3.2714e+01   2.2862e+00   0.0000e+00   0.0000e+00   2.4945e+02
20251209_12:00:00   9.5127e-02   2.9035e+01   1.9491e+00   0.0000e+00   2.4320e-04   2.5103e+02
20251209_15:00:00   9.2336e-02   2.8378e+01   1.8645e+00   0.0000e+00   0.0000e+00   2.4960e+02
20251209_18:00:00   7.5616e-02   2.4195e+01   1.5008e+00   0.0000e+00   0.0000e+00   2.4874e+02
20251209_21:00:00   5.7855e-02   1.9663e+01   1.0907e+00   0.0000e+00   0.0000e+00   2.4639e+02
20251210_00:00:00   5.6473e-02   1.9312e+01   1.0512e+00   2.2090e-05   0.0000e+00   2.5034e+02
20251210_03:00:00   5.1679e-02   1.8027e+01   9.5154e-01   0.0000e+00   3.7800e-04   2.5263e+02
20251210_06:00:00   5.1767e-02   1.8013e+01   9.6418e-01   0.0000e+00   7.6944e-04   2.5225e+02
20251210_09:00:00   7.4409e-02   2.3860e+01   1.4506e+00   0.0000e+00   0.0000e+00   2.5415e+02
20251210_12:00:00   1.1145e-01   3.2916e+01   2.2346e+00   0.0000e+00   0.0000e+00   2.5170e+02
20251210_15:00:00   1.3358e-01   3.8193e+01   2.6734e+00   0.0000e+00   0.0000e+00   2.5060e+02
20251210_18:00:00   1.7190e-01   4.6911e+01   3.4141e+00   0.0000e+00   0.0000e+00   2.5487e+02
20251210_21:00:00   1.9775e-01   5.2461e+01   3.9766e+00   0.0000e+00   0.0000e+00   2.5573e+02
20251211_00:00:00   2.2075e-01   5.7215e+01   4.5399e+00   2.3030e-04   0.0000e+00   2.5617e+02
20251211_03:00:00   2.5815e-01   6.4772e+01   5.3017e+00   2.6017e-03   0.0000e+00   2.5876e+02
20251211_06:00:00   2.1570e-01   5.5861e+01   4.5489e+00   0.0000e+00   0.0000e+00   2.5864e+02
20251211_09:00:00   1.7732e-01   4.7579e+01   3.7286e+00   0.0000e+00   0.0000e+00   2.5936e+02
20251211_12:00:00   1.7151e-01   4.6344e+01   3.5595e+00   0.0000e+00   0.0000e+00   2.6039e+02
20251211_15:00:00   1.7187e-01   4.6458e+01   3.5625e+00   0.0000e+00   0.0000e+00   2.6091e+02
20251211_18:00:00   1.6454e-01   4.4922e+01   3.4038e+00   0.0000e+00   0.0000e+00   2.6334e+02
20251211_21:00:00   1.7273e-01   4.6888e+01   3.4897e+00   0.0000e+00   0.0000e+00   2.6241e+02
20251212_00:00:00   3.5339e-01   8.4174e+01   4.5584e+00   4.9917e-02   2.6160e-05   2.5914e+02
20251212_03:00:00   3.0198e-01   7.3993e+01   5.6661e+00   5.8600e-03   1.5980e-04   2.5830e+02
20251212_06:00:00   2.0541e-01   5.4234e+01   4.0501e+00   0.0000e+00   0.0000e+00   2.6093e+02
20251212_09:00:00   1.4223e-01   4.0064e+01   2.8769e+00   0.0000e+00   0.0000e+00   2.6095e+02
20251212_12:00:00   1.3856e-01   3.9143e+01   2.8708e+00   0.0000e+00   0.0000e+00   2.5893e+02
20251212_15:00:00   1.1005e-01   3.2478e+01   2.2809e+00   0.0000e+00   0.0000e+00   2.5863e+02
20251212_18:00:00   9.8001e-02   2.9609e+01   2.0261e+00   0.0000e+00   0.0000e+00   2.6199e+02
20251212_21:00:00   1.1035e-01   3.2538e+01   2.2747e+00   0.0000e+00   3.8960e-04   2.6215e+02
20251213_00:00:00   1.4932e-01   4.1870e+01   2.2304e+00   1.5704e-02   6.6600e-06   2.6150e+02
20251213_03:00:00   7.9370e-02   2.4894e+01   1.5818e+00   8.8830e-04   1.1000e-04   2.5972e+02
20251213_06:00:00   5.4121e-02   1.8574e+01   1.0235e+00   0.0000e+00   0.0000e+00   2.6102e+02
20251213_09:00:00   4.7548e-02   1.7004e+01   8.0914e-01   0.0000e+00   0.0000e+00   2.6040e+02
20251213_12:00:00   8.8310e-02   2.7340e+01   1.7509e+00   0.0000e+00   0.0000e+00   2.5760e+02
20251213_15:00:00   7.8028e-02   2.4685e+01   1.5721e+00   0.0000e+00   0.0000e+00   2.5527e+02
20251213_18:00:00   8.1620e-02   2.5586e+01   1.6494e+00   0.0000e+00   0.0000e+00   2.5707e+02
20251213_21:00:00   7.5465e-02   2.4007e+01   1.5271e+00   0.0000e+00   0.0000e+00   2.6170e+02
20251214_00:00:00   7.3764e-02   2.3516e+01   1.5063e+00   0.0000e+00   0.0000e+00   2.5927e+02
20251214_03:00:00   6.5139e-02   2.1376e+01   1.2992e+00   1.9240e-07   0.0000e+00   2.5518e+02
20251214_06:00:00   5.7358e-02   1.9388e+01   1.1100e+00   0.0000e+00   0.0000e+00   2.5237e+02
20251214_09:00:00   6.1784e-02   2.0502e+01   1.2250e+00   2.0380e-07   0.0000e+00   2.5027e+02
20251214_12:00:00   7.5103e-02   2.3840e+01   1.5432e+00   1.9500e-06   0.0000e+00   2.4947e+02
20251214_15:00:00   9.7626e-02   2.9343e+01   2.0781e+00   0.0000e+00   0.0000e+00   2.5247e+02
20251214_18:00:00   1.2625e-01   3.6224e+01   2.7183e+00   1.2068e-04   0.0000e+00   2.5675e+02
20251214_21:00:00   1.4923e-01   4.1661e+01   3.1858e+00   7.9620e-06   0.0000e+00   2.5469e+02
20251215_00:00:00   2.2944e-01   5.9681e+01   3.6267e+00   2.2745e-02   0.0000e+00   2.5522e+02
20251215_03:00:00   1.7785e-01   4.8150e+01   3.6184e+00   1.6397e-03   5.3458e-05   2.5567e+02
20251215_06:00:00   1.6270e-01   4.4777e+01   3.3316e+00   0.0000e+00   0.0000e+00   2.5782e+02
20251215_09:00:00   2.1305e-01   5.5855e+01   4.2107e+00   1.6416e-05   0.0000e+00   2.5861e+02
20251215_12:00:00   2.5567e-01   6.4654e+01   5.0326e+00   2.2074e-04   0.0000e+00   2.5870e+02
20251215_15:00:00   1.5107e-01   4.1930e+01   3.0983e+00   0.0000e+00   0.0000e+00   2.6171e+02
20251215_18:00:00   1.1885e-01   3.4261e+01   2.5165e+00   0.0000e+00   0.0000e+00   2.6221e+02
20251215_21:00:00   1.1980e-01   3.4560e+01   2.5487e+00   0.0000e+00   0.0000e+00   2.6310e+02
20251216_00:00:00   1.4749e-01   4.1145e+01   2.9116e+00   3.7380e-03   0.0000e+00   2.5906e+02
20251216_03:00:00   1.5505e-01   4.2789e+01   3.3080e+00   0.0000e+00   0.0000e+00   2.5642e+02
20251216_06:00:00   3.3808e-01   8.1043e+01   6.7421e+00   0.0000e+00   0.0000e+00   2.5961e+02
20251216_09:00:00   3.2234e-01   7.8100e+01   6.4079e+00   0.0000e+00   0.0000e+00   2.5720e+02
20251216_12:00:00   3.1659e-01   7.6970e+01   6.3061e+00   0.0000e+00   0.0000e+00   2.5630e+02
20251216_15:00:00   2.5612e-01   6.5051e+01   5.1215e+00   0.0000e+00   0.0000e+00   2.5384e+02
20251216_18:00:00   1.9701e-01   5.2472e+01   4.0105e+00   0.0000e+00   0.0000e+00   2.5438e+02
20251216_21:00:00   2.3569e-01   6.0828e+01   4.6803e+00   6.1200e-05   0.0000e+00   2.5157e+02
20251217_00:00:00   2.4770e-01   6.3354e+01   4.8563e+00   1.1351e-03   0.0000e+00   2.5269e+02
20251217_03:00:00   1.9260e-01   5.1553e+01   3.8958e+00   2.5296e-04   0.0000e+00   2.5092e+02
20251217_06:00:00   1.7146e-01   4.6847e+01   3.5144e+00   0.0000e+00   0.0000e+00   2.5030e+02
20251217_09:00:00   1.8231e-01   4.9158e+01   3.7364e+00   0.0000e+00   0.0000e+00   2.4880e+02
20251217_12:00:00   1.5616e-01   4.3176e+01   3.2145e+00   0.0000e+00   0.0000e+00   2.4914e+02
20251217_15:00:00   1.2688e-01   3.6357e+01   2.6521e+00   0.0000e+00   0.0000e+00   2.5141e+02
20251217_18:00:00   1.3423e-01   3.8206e+01   2.7746e+00   0.0000e+00   0.0000e+00   2.5005e+02
20251217_21:00:00   1.3757e-01   3.9057e+01   2.8164e+00   0.0000e+00   0.0000e+00   2.4905e+02
20251218_00:00:00   1.3271e-01   3.7976e+01   2.6119e+00   1.9569e-03   0.0000e+00   2.4449e+02
20251218_03:00:00   1.0567e-01   3.1537e+01   2.1572e+00   0.0000e+00   0.0000e+00   2.5034e+02
20251218_06:00:00   1.0871e-01   3.2305e+01   2.2016e+00   0.0000e+00   0.0000e+00   2.5176e+02
20251218_09:00:00   1.1111e-01   3.2915e+01   2.2377e+00   0.0000e+00   0.0000e+00   2.5004e+02
20251218_12:00:00   1.0111e-01   3.0442e+01   2.0254e+00   0.0000e+00   0.0000e+00   2.4814e+02
