#            date       tau255        Tb[K]      pwv[mm] lwp[kg*m^-2] iwp[kg*m^-2]       o3[DU]
20251202_06:00:00   1.4198e-01   3.9471e+01   3.3547e+00   0.0000e+00   0.0000e+00   2.5035e+02
20251202_07:00:00   1.4501e-01   4.0155e+01   3.4313e+00   0.0000e+00   3.4560e-06   2.5139e+02
20251202_08:00:00   1.5368e-01   4.2109e+01   3.6435e+00   0.0000e+00   4.9700e-05   2.5191e+02
20251202_09:00:00   1.5674e-01   4.2751e+01   3.7160e+00   0.0000e+00   3.6720e-04   2.5193e+02
20251202_10:00:00   1.5720e-01   4.2804e+01   3.7278e+00   0.0000e+00   4.8140e-04   2.5097e+02
20251202_11:00:00   1.5724e-01   4.2770e+01   3.7242e+00   0.0000e+00   2.7460e-04   2.5115e+02
20251202_12:00:00   1.6171e-01   4.3767e+01   3.8268e+00   0.0000e+00   2.3917e-04   2.5205e+02
20251202_13:00:00   1.6409e-01   4.4328e+01   3.8886e+00   0.0000e+00   9.4260e-04   2.5269e+02
20251202_14:00:00   1.6169e-01   4.3860e+01   3.8285e+00   0.0000e+00   9.8663e-04   2.5344e+02
20251202_15:00:00   1.5680e-01   4.2817e+01   3.7057e+00   0.0000e+00   4.4626e-04   2.5433e+02
20251202_16:00:00   1.5186e-01   4.1717e+01   3.5889e+00   0.0000e+00   2.3203e-04   2.5289e+02
20251202_17:00:00   1.5874e-01   4.3338e+01   3.7497e+00   0.0000e+00   3.2112e-05   2.5169e+02
20251202_18:00:00   1.6848e-01   4.5622e+01   3.9674e+00   0.0000e+00   3.5052e-05   2.5236e+02
20251202_19:00:00   1.7956e-01   4.8134e+01   4.2198e+00   0.0000e+00   1.6278e-04   2.5291e+02
20251202_20:00:00   1.8739e-01   4.9888e+01   4.3999e+00   0.0000e+00   1.7157e-04   2.5358e+02
20251202_21:00:00   1.9380e-01   5.1324e+01   4.5524e+00   0.0000e+00   2.2581e-04   2.5336e+02
20251202_22:00:00   2.0058e-01   5.2893e+01   4.7057e+00   0.0000e+00   3.3946e-04   2.5340e+02
20251202_23:00:00   2.0584e-01   5.4155e+01   4.8130e+00   0.0000e+00   7.5180e-04   2.5350e+02
20251203_00:00:00   2.1277e-01   5.5717e+01   4.9642e+00   0.0000e+00   6.6022e-04   2.5257e+02
20251203_01:00:00   2.1887e-01   5.7038e+01   5.1019e+00   4.7800e-05   5.3590e-04   2.5207e+02
20251203_02:00:00   2.2416e-01   5.8141e+01   5.2355e+00   6.6680e-07   6.9236e-04   2.5327e+02
20251203_03:00:00   2.3362e-01   6.0037e+01   5.4829e+00   6.9550e-06   6.5362e-04   2.5564e+02
20251203_04:00:00   2.3658e-01   6.0641e+01   5.5546e+00   3.8210e-05   1.4178e-03   2.5689e+02
20251203_05:00:00   2.2876e-01   5.9133e+01   5.3248e+00   3.0630e-04   4.1445e-03   2.5734e+02
20251203_06:00:00   2.1878e-01   5.7238e+01   4.9704e+00   1.0820e-03   2.9756e-03   2.5686e+02
20251203_07:00:00   2.1610e-01   5.6647e+01   4.9508e+00   2.8290e-05   5.4282e-03   2.5454e+02
20251203_08:00:00   2.1182e-01   5.5764e+01   4.8373e+00   1.7870e-07   1.4895e-03   2.5496e+02
20251203_09:00:00   2.0780e-01   5.4932e+01   4.7174e+00   0.0000e+00   1.3858e-03   2.5499e+02
20251203_10:00:00   2.1096e-01   5.5608e+01   4.7619e+00   0.0000e+00   7.5519e-04   2.5289e+02
20251203_11:00:00   2.0780e-01   5.4954e+01   4.6660e+00   0.0000e+00   2.2784e-04   2.5269e+02
20251203_12:00:00   1.9882e-01   5.3035e+01   4.4605e+00   0.0000e+00   6.7580e-05   2.5348e+02
20251203_13:00:00   1.8902e-01   5.0892e+01   4.2338e+00   0.0000e+00   0.0000e+00   2.5448e+02
20251203_14:00:00   1.8146e-01   4.9225e+01   4.0584e+00   0.0000e+00   0.0000e+00   2.5627e+02
20251203_15:00:00   1.7964e-01   4.8816e+01   4.0170e+00   0.0000e+00   0.0000e+00   2.5675e+02
20251203_16:00:00   1.7634e-01   4.8087e+01   3.9324e+00   0.0000e+00   0.0000e+00   2.5769e+02
20251203_17:00:00   1.7431e-01   4.7643e+01   3.8806e+00   0.0000e+00   0.0000e+00   2.5859e+02
20251203_18:00:00   1.7205e-01   4.7164e+01   3.8224e+00   0.0000e+00   0.0000e+00   2.6017e+02
20251203_19:00:00   1.7284e-01   4.7363e+01   3.8323e+00   0.0000e+00   0.0000e+00   2.6142e+02
20251203_20:00:00   1.7934e-01   4.8824e+01   3.9757e+00   0.0000e+00   0.0000e+00   2.6074e+02
20251203_21:00:00   1.8309e-01   4.9651e+01   4.0607e+00   0.0000e+00   0.0000e+00   2.6094e+02
20251203_22:00:00   1.8366e-01   4.9764e+01   4.0726e+00   0.0000e+00   0.0000e+00   2.6108e+02
20251203_23:00:00   1.8680e-01   5.0442e+01   4.1362e+00   0.0000e+00   0.0000e+00   2.6058e+02
20251204_00:00:00   1.9293e-01   5.1781e+01   4.2637e+00   3.0190e-06   0.0000e+00   2.6006e+02
20251204_01:00:00   1.9506e-01   5.2251e+01   4.3041e+00   2.8970e-05   0.0000e+00   2.5923e+02
20251204_02:00:00   1.9046e-01   5.1256e+01   4.1936e+00   1.9790e-04   0.0000e+00   2.5883e+02
20251204_03:00:00   1.8571e-01   5.0198e+01   4.1079e+00   1.0730e-07   0.0000e+00   2.5778e+02
20251204_04:00:00   1.8167e-01   4.9283e+01   4.0217e+00   0.0000e+00   0.0000e+00   2.5797e+02
20251204_05:00:00   1.7857e-01   4.8581e+01   3.9484e+00   0.0000e+00   0.0000e+00   2.5895e+02
20251204_06:00:00   1.7224e-01   4.7143e+01   3.8126e+00   0.0000e+00   0.0000e+00   2.5980e+02
20251204_07:00:00   1.6340e-01   4.5114e+01   3.6180e+00   0.0000e+00   0.0000e+00   2.5984e+02
20251204_08:00:00   1.5545e-01   4.3283e+01   3.4469e+00   0.0000e+00   0.0000e+00   2.6129e+02
20251204_09:00:00   1.5124e-01   4.2314e+01   3.3486e+00   0.0000e+00   0.0000e+00   2.6253e+02
20251204_10:00:00   1.4820e-01   4.1607e+01   3.2833e+00   0.0000e+00   0.0000e+00   2.6281e+02
20251204_11:00:00   1.4958e-01   4.1892e+01   3.3213e+00   0.0000e+00   0.0000e+00   2.6378e+02
20251204_12:00:00   1.5547e-01   4.3187e+01   3.4710e+00   0.0000e+00   0.0000e+00   2.6285e+02
20251204_13:00:00   1.6320e-01   4.4896e+01   3.6539e+00   0.0000e+00   0.0000e+00   2.6175e+02
20251204_14:00:00   1.7146e-01   4.6704e+01   3.8469e+00   0.0000e+00   0.0000e+00   2.6159e+02
20251204_15:00:00   1.7118e-01   4.6615e+01   3.8428e+00   0.0000e+00   0.0000e+00   2.6206e+02
20251204_16:00:00   1.6932e-01   4.6157e+01   3.8092e+00   0.0000e+00   0.0000e+00   2.6150e+02
20251204_17:00:00   1.7013e-01   4.6323e+01   3.8259e+00   0.0000e+00   0.0000e+00   2.6079e+02
20251204_18:00:00   1.7167e-01   4.6660e+01   3.8493e+00   0.0000e+00   0.0000e+00   2.6048e+02
20251204_19:00:00   1.6501e-01   4.5135e+01   3.6990e+00   0.0000e+00   0.0000e+00   2.6057e+02
20251204_20:00:00   1.4838e-01   4.1337e+01   3.3295e+00   0.0000e+00   0.0000e+00   2.6143e+02
20251204_21:00:00   1.4067e-01   3.9590e+01   3.1376e+00   0.0000e+00   0.0000e+00   2.6219e+02
20251204_22:00:00   1.4338e-01   4.0285e+01   3.1646e+00   2.6880e-06   0.0000e+00   2.6087e+02
20251204_23:00:00   1.4570e-01   4.0877e+01   3.1942e+00   7.4680e-06   0.0000e+00   2.5882e+02
20251205_00:00:00   1.4798e-01   4.1440e+01   3.2279e+00   2.7050e-06   0.0000e+00   2.5689e+02
20251205_01:00:00   1.5049e-01   4.2033e+01   3.2668e+00   2.4691e-04   0.0000e+00   2.5517e+02
20251205_02:00:00   1.5108e-01   4.2134e+01   3.3066e+00   5.7870e-08   0.0000e+00   2.5520e+02
20251205_03:00:00   1.5627e-01   4.3289e+01   3.4277e+00   0.0000e+00   0.0000e+00   2.5486e+02
20251205_04:00:00   1.6600e-01   4.5469e+01   3.6318e+00   0.0000e+00   0.0000e+00   2.5374e+02
20251205_05:00:00   1.7373e-01   4.7213e+01   3.7993e+00   0.0000e+00   0.0000e+00   2.5362e+02
20251205_06:00:00   1.7532e-01   4.7563e+01   3.8383e+00   0.0000e+00   0.0000e+00   2.5363e+02
20251205_07:00:00   1.7350e-01   4.7131e+01   3.7968e+00   0.0000e+00   0.0000e+00   2.5470e+02
20251205_08:00:00   1.6802e-01   4.5829e+01   3.6845e+00   0.0000e+00   0.0000e+00   2.5391e+02
20251205_09:00:00   1.6492e-01   4.5090e+01   3.6137e+00   0.0000e+00   0.0000e+00   2.5262e+02
20251205_10:00:00   1.6705e-01   4.5563e+01   3.6380e+00   0.0000e+00   0.0000e+00   2.5166e+02
20251205_11:00:00   1.7369e-01   4.7058e+01   3.7593e+00   0.0000e+00   0.0000e+00   2.5188e+02
20251205_12:00:00   1.7985e-01   4.8494e+01   3.8551e+00   1.6690e-06   0.0000e+00   2.5301e+02
20251205_13:00:00   1.6854e-01   4.5984e+01   3.6164e+00   0.0000e+00   0.0000e+00   2.5349e+02
20251205_14:00:00   1.4277e-01   4.0079e+01   3.0844e+00   0.0000e+00   0.0000e+00   2.5383e+02
20251205_15:00:00   1.1469e-01   3.3426e+01   2.4968e+00   0.0000e+00   0.0000e+00   2.5393e+02
20251205_16:00:00   9.6853e-02   2.9085e+01   2.1023e+00   0.0000e+00   0.0000e+00   2.5465e+02
20251205_17:00:00   8.2217e-02   2.5467e+01   1.7685e+00   0.0000e+00   0.0000e+00   2.5449e+02
20251205_18:00:00   7.2865e-02   2.3155e+01   1.5414e+00   0.0000e+00   0.0000e+00   2.5476e+02
20251205_19:00:00   6.8967e-02   2.2194e+01   1.4404e+00   0.0000e+00   0.0000e+00   2.5624e+02
20251205_20:00:00   6.8079e-02   2.1983e+01   1.4135e+00   0.0000e+00   0.0000e+00   2.5885e+02
20251205_21:00:00   6.9248e-02   2.2289e+01   1.4371e+00   0.0000e+00   0.0000e+00   2.6066e+02
20251205_22:00:00   7.3346e-02   2.3345e+01   1.5256e+00   0.0000e+00   0.0000e+00   2.6113e+02
20251205_23:00:00   7.9976e-02   2.5023e+01   1.6709e+00   0.0000e+00   0.0000e+00   2.6058e+02
20251206_00:00:00   8.6076e-02   2.6541e+01   1.8040e+00   9.7580e-06   0.0000e+00   2.5739e+02
20251206_01:00:00   9.1387e-02   2.7853e+01   1.9064e+00   2.3500e-04   0.0000e+00   2.5569e+02
20251206_02:00:00   8.9055e-02   2.7279e+01   1.8667e+00   9.6240e-05   0.0000e+00   2.5582e+02
20251206_03:00:00   8.0322e-02   2.5135e+01   1.6410e+00   7.6490e-04   0.0000e+00   2.5483e+02
20251206_04:00:00   7.5439e-02   2.3877e+01   1.5734e+00   0.0000e+00   0.0000e+00   2.5426e+02
20251206_05:00:00   7.2252e-02   2.3038e+01   1.5039e+00   0.0000e+00   0.0000e+00   2.5456e+02
20251206_06:00:00   6.7071e-02   2.1695e+01   1.3967e+00   0.0000e+00   2.6472e-03   2.5400e+02
20251206_07:00:00   6.6916e-02   2.1643e+01   1.3929e+00   0.0000e+00   1.2962e-03   2.5433e+02
20251206_08:00:00   6.6270e-02   2.1434e+01   1.3903e+00   0.0000e+00   6.6120e-03   2.5502e+02
20251206_09:00:00   6.7818e-02   2.1781e+01   1.4402e+00   0.0000e+00   5.8511e-03   2.5497e+02
20251206_10:00:00   6.8838e-02   2.1996e+01   1.4742e+00   0.0000e+00   6.6113e-03   2.5587e+02
20251206_11:00:00   7.0054e-02   2.2272e+01   1.5055e+00   0.0000e+00   9.3479e-03   2.5585e+02
20251206_12:00:00   7.1478e-02   2.2582e+01   1.5543e+00   0.0000e+00   4.3899e-03   2.5502e+02
20251206_13:00:00   7.1762e-02   2.2642e+01   1.5655e+00   0.0000e+00   4.3198e-03   2.5407e+02
20251206_14:00:00   7.1194e-02   2.2510e+01   1.5327e+00   0.0000e+00   3.6732e-02   2.5395e+02
20251206_15:00:00   7.1474e-02   2.2516e+01   1.5343e+00   0.0000e+00   6.9700e-02   2.5449e+02
20251206_16:00:00   7.5334e-02   2.3397e+01   1.6704e+00   0.0000e+00   2.4644e-02   2.5530e+02
20251206_17:00:00   8.3536e-02   2.5294e+01   1.8972e+00   0.0000e+00   1.9770e-02   2.5367e+02
20251206_18:00:00   8.9672e-02   2.6633e+01   1.9944e+00   0.0000e+00   1.6357e-01   2.5547e+02
20251206_19:00:00   9.6864e-02   2.8272e+01   2.1919e+00   0.0000e+00   1.5815e-01   2.5642e+02
20251206_20:00:00   1.0177e-01   2.9425e+01   2.3360e+00   0.0000e+00   1.2150e-01   2.5621e+02
20251206_21:00:00   1.0037e-01   2.9154e+01   2.3340e+00   0.0000e+00   5.3042e-02   2.5553e+02
20251206_22:00:00   9.1066e-02   2.7062e+01   2.1076e+00   0.0000e+00   5.2273e-03   2.5510e+02
20251206_23:00:00   8.6218e-02   2.6051e+01   1.9561e+00   0.0000e+00   4.7096e-04   2.5486e+02
20251207_00:00:00   8.1326e-02   2.4908e+01   1.8231e+00   0.0000e+00   1.2010e-03   2.5430e+02
20251207_01:00:00   8.3453e-02   2.5497e+01   1.8533e+00   0.0000e+00   6.2019e-03   2.5348e+02
20251207_02:00:00   8.8092e-02   2.6551e+01   1.9836e+00   1.0020e-07   5.3400e-03   2.5344e+02
20251207_03:00:00   8.8475e-02   2.6558e+01   2.0055e+00   1.7630e-05   1.9170e-02   2.5276e+02
20251207_04:00:00   8.7924e-02   2.6439e+01   1.9956e+00   1.2970e-05   1.4592e-02   2.5178e+02
20251207_05:00:00   9.1330e-02   2.7185e+01   2.0931e+00   0.0000e+00   2.2925e-02   2.5139e+02
20251207_06:00:00   9.5066e-02   2.8014e+01   2.1971e+00   0.0000e+00   2.0361e-02   2.5211e+02
20251207_09:00:00   9.7836e-02   2.8631e+01   2.2791e+00   0.0000e+00   2.3557e-02   2.5327e+02
20251207_12:00:00   1.0172e-01   2.9436e+01   2.3839e+00   0.0000e+00   4.9047e-02   2.5069e+02
20251207_15:00:00   1.0889e-01   3.0950e+01   2.5043e+00   0.0000e+00   1.8795e-01   2.5454e+02
20251207_18:00:00   1.2029e-01   3.3566e+01   2.8490e+00   0.0000e+00   6.9299e-02   2.5670e+02
20251207_21:00:00   1.2274e-01   3.4137e+01   2.9245e+00   0.0000e+00   4.2810e-02   2.5675e+02
20251208_00:00:00   1.5384e-01   4.0993e+01   3.6657e+00   0.0000e+00   5.0702e-02   2.5634e+02
20251208_03:00:00   1.6725e-01   4.3871e+01   3.8981e+00   3.2270e-05   2.1055e-01   2.5657e+02
20251208_06:00:00   1.9132e-01   4.9261e+01   4.5063e+00   0.0000e+00   8.1155e-02   2.5638e+02
20251208_09:00:00   1.9811e-01   5.0958e+01   4.6692e+00   0.0000e+00   7.7060e-02   2.5520e+02
20251208_12:00:00   1.7746e-01   4.6473e+01   4.1118e+00   0.0000e+00   2.2144e-01   2.5407e+02
20251208_15:00:00   1.5278e-01   4.0955e+01   3.5839e+00   0.0000e+00   1.4913e-01   2.5336e+02
20251208_18:00:00   1.3250e-01   3.6445e+01   3.1036e+00   0.0000e+00   1.1820e-01   2.5508e+02
20251208_21:00:00   1.3277e-01   3.6535e+01   3.0731e+00   0.0000e+00   1.7628e-01   2.5973e+02
20251209_00:00:00   9.5457e-02   2.8238e+01   2.1506e+00   1.0110e-06   6.5980e-02   2.5532e+02
20251209_03:00:00   8.1232e-02   2.5238e+01   1.7187e+00   1.9040e-04   1.1594e-04   2.5565e+02
20251209_06:00:00   7.1446e-02   2.2921e+01   1.4620e+00   0.0000e+00   4.3140e-05   2.5570e+02
20251209_09:00:00   6.5953e-02   2.1584e+01   1.3163e+00   0.0000e+00   0.0000e+00   2.5746e+02
20251209_12:00:00   6.0658e-02   2.0282e+01   1.1809e+00   0.0000e+00   0.0000e+00   2.5584e+02
20251209_15:00:00   6.0555e-02   2.0244e+01   1.1875e+00   0.0000e+00   0.0000e+00   2.5459e+02
20251209_18:00:00   5.8146e-02   1.9674e+01   1.1196e+00   0.0000e+00   0.0000e+00   2.5591e+02
20251209_21:00:00   6.0114e-02   2.0194e+01   1.1712e+00   0.0000e+00   0.0000e+00   2.5559e+02
20251210_00:00:00   8.1964e-02   2.5801e+01   1.3756e+00   5.1970e-03   0.0000e+00   2.5616e+02
20251210_03:00:00   7.5130e-02   2.3969e+01   1.5417e+00   2.6240e-06   0.0000e+00   2.5587e+02
20251210_06:00:00   8.0728e-02   2.5328e+01   1.6862e+00   0.0000e+00   0.0000e+00   2.5545e+02
20251210_09:00:00   8.2270e-02   2.5663e+01   1.7337e+00   0.0000e+00   1.9626e-04   2.5454e+02
20251210_12:00:00   8.9165e-02   2.7292e+01   1.9107e+00   0.0000e+00   2.6860e-04   2.5094e+02
20251210_15:00:00   8.6992e-02   2.6761e+01   1.8601e+00   0.0000e+00   5.7697e-04   2.5095e+02
20251210_18:00:00   8.6722e-02   2.6597e+01   1.8753e+00   0.0000e+00   3.0118e-03   2.5358e+02
20251210_21:00:00   8.9958e-02   2.7225e+01   1.9840e+00   0.0000e+00   3.5102e-03   2.5288e+02
20251211_00:00:00   1.0758e-01   3.1473e+01   2.3864e+00   0.0000e+00   1.9803e-03   2.5233e+02
20251211_03:00:00   1.1557e-01   3.3276e+01   2.6071e+00   2.6230e-05   0.0000e+00   2.5378e+02
20251211_06:00:00   1.4369e-01   3.9700e+01   3.2661e+00   0.0000e+00   1.7968e-03   2.5532e+02
20251211_09:00:00   1.5534e-01   4.2099e+01   3.5733e+00   0.0000e+00   4.7260e-03   2.5279e+02
20251211_12:00:00   1.5681e-01   4.2469e+01   3.5928e+00   0.0000e+00   0.0000e+00   2.5398e+02
20251211_15:00:00   2.4595e-01   6.1886e+01   5.4691e+00   0.0000e+00   5.4440e-05   2.5318e+02
20251211_18:00:00   2.8087e-01   6.9059e+01   6.2304e+00   0.0000e+00   4.7658e-03   2.5462e+02
20251211_21:00:00   3.7604e-01   8.6841e+01   8.2074e+00   0.0000e+00   1.3499e-01   2.5445e+02
20251212_00:00:00   5.2011e-01   1.1118e+02   1.0796e+01   0.0000e+00   2.1953e-01   2.5211e+02
20251212_03:00:00   5.2555e-01   1.1224e+02   1.0935e+01   1.0010e-04   6.2301e-03   2.5519e+02
20251212_06:00:00   6.5474e-01   1.3166e+02   1.2400e+01   1.3890e-02   4.5953e-02   2.5361e+02
20251212_09:00:00   1.5185e+00   2.1360e+02   1.2466e+01   3.6683e-01   2.4988e-02   2.5296e+02
20251212_12:00:00   6.4365e-01   1.3020e+02   1.2120e+01   1.4820e-02   4.4055e-02   2.5388e+02
20251212_15:00:00   5.7669e-01   1.2035e+02   1.1706e+01   0.0000e+00   3.6987e-02   2.5092e+02
20251212_18:00:00   6.5299e-01   1.3132e+02   1.2591e+01   8.5309e-03   1.4159e-01   2.5320e+02
20251212_21:00:00   8.3464e-01   1.5478e+02   1.2833e+01   7.5576e-02   2.6495e-01   2.5378e+02
20251213_00:00:00   6.6195e-01   1.3236e+02   1.2524e+01   1.4444e-02   1.9487e-01   2.5076e+02
20251213_03:00:00   6.1421e-01   1.2537e+02   1.2132e+01   2.4851e-03   4.1581e-01   2.4937e+02
20251213_06:00:00   5.2942e-01   1.1264e+02   1.0967e+01   0.0000e+00   2.2134e-01   2.5059e+02
20251213_09:00:00   4.7384e-01   1.0391e+02   9.9703e+00   0.0000e+00   6.3846e-02   2.5078e+02
20251213_12:00:00   4.0384e-01   9.2210e+01   8.5579e+00   0.0000e+00   1.6834e-03   2.4932e+02
20251213_15:00:00   2.9566e-01   7.2220e+01   6.4482e+00   0.0000e+00   1.8110e-06   2.4820e+02
20251213_18:00:00   2.4467e-01   6.2303e+01   5.2747e+00   0.0000e+00   0.0000e+00   2.4979e+02
20251213_21:00:00   2.3304e-01   6.0187e+01   4.8385e+00   0.0000e+00   0.0000e+00   2.4847e+02
20251214_00:00:00   3.0516e-01   7.5144e+01   5.4297e+00   1.4120e-02   0.0000e+00   2.4467e+02
20251214_03:00:00   2.8523e-01   7.1243e+01   5.6529e+00   3.5550e-05   0.0000e+00   2.4381e+02
20251214_06:00:00   3.0925e-01   7.6023e+01   6.1784e+00   1.1710e-05   0.0000e+00   2.4817e+02
20251214_09:00:00   4.0506e-01   9.3597e+01   8.1085e+00   0.0000e+00   0.0000e+00   2.5119e+02
20251214_12:00:00   4.3605e-01   9.9093e+01   8.6961e+00   3.3540e-06   0.0000e+00   2.5066e+02
20251214_15:00:00   3.9402e-01   9.1762e+01   7.9969e+00   5.4620e-06   0.0000e+00   2.5173e+02
20251214_18:00:00   3.6790e-01   8.7220e+01   7.5577e+00   0.0000e+00   0.0000e+00   2.5133e+02
20251214_21:00:00   3.3238e-01   8.0736e+01   6.8370e+00   7.4120e-06   0.0000e+00   2.5053e+02
20251215_00:00:00   2.8212e-01   7.0918e+01   5.8819e+00   7.7210e-05   0.0000e+00   2.5078e+02
20251215_03:00:00   2.2258e-01   5.8761e+01   4.5927e+00   0.0000e+00   0.0000e+00   2.4870e+02
20251215_06:00:00   1.8903e-01   5.1488e+01   3.8613e+00   0.0000e+00   0.0000e+00   2.5023e+02
20251215_09:00:00   1.6309e-01   4.5555e+01   3.3596e+00   0.0000e+00   0.0000e+00   2.5392e+02
20251215_12:00:00   9.8356e-02   3.0028e+01   2.0442e+00   0.0000e+00   0.0000e+00   2.5454e+02
20251215_15:00:00   6.5048e-02   2.1517e+01   1.3249e+00   0.0000e+00   0.0000e+00   2.5354e+02
20251215_18:00:00   5.9535e-02   1.9956e+01   1.2257e+00   0.0000e+00   0.0000e+00   2.5238e+02
20251215_21:00:00   5.5681e-02   1.8982e+01   1.1239e+00   0.0000e+00   0.0000e+00   2.5339e+02
20251216_00:00:00   5.1838e-02   1.8034e+01   1.0175e+00   0.0000e+00   0.0000e+00   2.5574e+02
20251216_03:00:00   5.0248e-02   1.7646e+01   9.7388e-01   0.0000e+00   0.0000e+00   2.5377e+02
20251216_06:00:00   5.5491e-02   1.9041e+01   1.0954e+00   0.0000e+00   0.0000e+00   2.5492e+02
20251216_09:00:00   7.7389e-02   2.4748e+01   1.5787e+00   0.0000e+00   0.0000e+00   2.5574e+02
20251216_12:00:00   1.1792e-01   3.4782e+01   2.4064e+00   0.0000e+00   0.0000e+00   2.5606e+02
20251216_15:00:00   1.4651e-01   4.1558e+01   2.9362e+00   0.0000e+00   0.0000e+00   2.5426e+02
20251216_18:00:00   1.9226e-01   5.1990e+01   3.7502e+00   0.0000e+00   0.0000e+00   2.5511e+02
20251216_21:00:00   2.6113e-01   6.6705e+01   5.0538e+00   1.0030e-03   0.0000e+00   2.5520e+02
20251217_00:00:00   6.5247e-01   1.3386e+02   7.8640e+00   1.0099e-01   0.0000e+00   2.5128e+02
20251217_03:00:00   7.3545e-01   1.4485e+02   8.3186e+00   1.2641e-01   5.3260e-06   2.5155e+02
20251217_06:00:00   6.9572e-01   1.3892e+02   7.6617e+00   1.2436e-01   4.8766e-04   2.5269e+02
20251217_09:00:00   4.6512e-01   1.0405e+02   6.3885e+00   6.0198e-02   7.2919e-04   2.5379e+02
20251217_12:00:00   3.1657e-01   7.6659e+01   6.6227e+00   9.6062e-04   2.8413e-02   2.5566e+02
20251217_15:00:00   3.6260e-01   8.4966e+01   7.7191e+00   0.0000e+00   3.2617e-02   2.5614e+02
20251217_18:00:00   3.3952e-01   8.0530e+01   7.3663e+00   0.0000e+00   2.1382e-02   2.5678e+02
20251217_21:00:00   2.7425e-01   6.7890e+01   6.0634e+00   1.9300e-06   1.1177e-03   2.5570e+02
20251218_00:00:00   5.8602e-01   1.2323e+02   7.2062e+00   1.0159e-01   2.0603e-05   2.5091e+02
20251218_03:00:00   4.4191e-01   9.8692e+01   9.2532e+00   4.3250e-06   1.5026e-02   2.4966e+02
20251218_06:00:00   4.4771e-01   1.0008e+02   9.2412e+00   0.0000e+00   1.0569e-03   2.4949e+02
