#            date       tau255        Tb[K]      pwv[mm] lwp[kg*m^-2] iwp[kg*m^-2]       o3[DU]
20251211_18:00:00   1.2090e-01   3.4655e+01   2.7922e+00   0.0000e+00   3.4560e-06   2.5994e+02
20251211_19:00:00   1.2862e-01   3.6295e+01   3.0162e+00   0.0000e+00   6.2160e-04   2.5877e+02
20251211_20:00:00   1.2759e-01   3.6064e+01   2.9956e+00   0.0000e+00   2.8258e-04   2.5755e+02
20251211_21:00:00   1.2354e-01   3.5123e+01   2.8999e+00   0.0000e+00   7.5538e-05   2.5691e+02
20251211_22:00:00   1.2053e-01   3.4408e+01   2.8390e+00   0.0000e+00   3.1776e-04   2.5614e+02
20251211_23:00:00   1.1479e-01   3.3107e+01   2.6960e+00   0.0000e+00   2.9300e-04   2.5475e+02
20251212_00:00:00   1.1292e-01   3.2652e+01   2.6514e+00   0.0000e+00   6.4975e-06   2.5314e+02
20251212_01:00:00   1.0931e-01   3.1847e+01   2.5481e+00   0.0000e+00   0.0000e+00   2.5307e+02
20251212_02:00:00   1.0961e-01   3.1947e+01   2.5560e+00   0.0000e+00   0.0000e+00   2.5330e+02
20251212_03:00:00   1.1064e-01   3.2217e+01   2.5782e+00   0.0000e+00   0.0000e+00   2.5522e+02
20251212_04:00:00   1.1359e-01   3.2972e+01   2.6377e+00   0.0000e+00   0.0000e+00   2.5727e+02
20251212_05:00:00   1.1949e-01   3.4422e+01   2.7679e+00   0.0000e+00   0.0000e+00   2.5828e+02
20251212_06:00:00   1.2447e-01   3.5656e+01   2.8736e+00   0.0000e+00   0.0000e+00   2.5736e+02
20251212_07:00:00   1.2386e-01   3.5592e+01   2.8330e+00   0.0000e+00   0.0000e+00   2.5726e+02
20251212_08:00:00   1.3247e-01   3.7628e+01   3.0325e+00   0.0000e+00   0.0000e+00   2.5778e+02
20251212_09:00:00   1.4670e-01   4.0931e+01   3.3683e+00   0.0000e+00   0.0000e+00   2.5786e+02
20251212_10:00:00   1.5603e-01   4.3070e+01   3.5801e+00   0.0000e+00   0.0000e+00   2.5780e+02
20251212_11:00:00   1.6705e-01   4.5578e+01   3.8252e+00   0.0000e+00   0.0000e+00   2.5788e+02
20251212_12:00:00   1.7562e-01   4.7512e+01   4.0145e+00   0.0000e+00   0.0000e+00   2.5803e+02
20251212_13:00:00   1.9053e-01   5.0847e+01   4.3277e+00   0.0000e+00   0.0000e+00   2.5962e+02
20251212_14:00:00   1.9786e-01   5.2501e+01   4.4612e+00   0.0000e+00   0.0000e+00   2.6183e+02
20251212_15:00:00   2.0239e-01   5.3519e+01   4.5516e+00   0.0000e+00   0.0000e+00   2.6083e+02
20251212_16:00:00   2.1020e-01   5.5211e+01   4.7117e+00   0.0000e+00   0.0000e+00   2.6042e+02
20251212_17:00:00   2.1426e-01   5.6118e+01   4.7857e+00   0.0000e+00   0.0000e+00   2.5940e+02
20251212_18:00:00   2.1670e-01   5.6700e+01   4.8264e+00   0.0000e+00   0.0000e+00   2.5969e+02
20251212_19:00:00   2.1931e-01   5.7336e+01   4.8632e+00   0.0000e+00   0.0000e+00   2.5933e+02
20251212_20:00:00   2.2444e-01   5.8462e+01   4.9634e+00   0.0000e+00   0.0000e+00   2.5861e+02
20251212_21:00:00   2.2762e-01   5.9170e+01   5.0184e+00   0.0000e+00   0.0000e+00   2.5731e+02
20251212_22:00:00   2.3022e-01   5.9758e+01   5.0567e+00   0.0000e+00   0.0000e+00   2.5521e+02
20251212_23:00:00   2.2295e-01   5.8255e+01   4.8932e+00   0.0000e+00   0.0000e+00   2.5353e+02
20251213_00:00:00   2.2173e-01   5.7999e+01   4.8659e+00   0.0000e+00   0.0000e+00   2.5346e+02
20251213_01:00:00   2.2038e-01   5.7712e+01   4.8433e+00   0.0000e+00   0.0000e+00   2.5290e+02
20251213_02:00:00   2.1894e-01   5.7446e+01   4.8142e+00   0.0000e+00   0.0000e+00   2.5053e+02
20251213_03:00:00   2.1080e-01   5.5704e+01   4.6420e+00   3.8960e-05   0.0000e+00   2.4929e+02
20251213_04:00:00   1.9743e-01   5.2816e+01   4.3478e+00   4.3090e-05   0.0000e+00   2.4965e+02
20251213_05:00:00   1.8847e-01   5.0848e+01   4.1429e+00   2.3100e-06   0.0000e+00   2.4954e+02
20251213_06:00:00   1.7180e-01   4.7148e+01   3.7696e+00   1.0150e-07   0.0000e+00   2.4952e+02
20251213_07:00:00   1.5835e-01   4.4068e+01   3.4847e+00   0.0000e+00   0.0000e+00   2.5122e+02
20251213_08:00:00   1.4799e-01   4.1639e+01   3.2564e+00   0.0000e+00   0.0000e+00   2.5216e+02
20251213_09:00:00   1.4056e-01   3.9873e+01   3.0996e+00   0.0000e+00   0.0000e+00   2.5197e+02
20251213_10:00:00   1.3427e-01   3.8372e+01   2.9607e+00   0.0000e+00   0.0000e+00   2.5252e+02
20251213_11:00:00   1.2902e-01   3.7120e+01   2.8454e+00   0.0000e+00   0.0000e+00   2.5023e+02
20251213_12:00:00   1.2574e-01   3.6321e+01   2.7746e+00   0.0000e+00   0.0000e+00   2.4751e+02
20251213_13:00:00   1.2160e-01   3.5326e+01   2.6826e+00   0.0000e+00   0.0000e+00   2.4624e+02
20251213_14:00:00   1.1684e-01   3.4197e+01   2.5743e+00   0.0000e+00   0.0000e+00   2.4608e+02
20251213_15:00:00   1.1270e-01   3.3195e+01   2.4743e+00   0.0000e+00   0.0000e+00   2.4681e+02
20251213_16:00:00   1.0982e-01   3.2493e+01   2.4111e+00   0.0000e+00   0.0000e+00   2.4847e+02
20251213_17:00:00   1.0830e-01   3.2114e+01   2.3832e+00   0.0000e+00   0.0000e+00   2.5089e+02
20251213_18:00:00   1.0783e-01   3.2000e+01   2.3746e+00   0.0000e+00   0.0000e+00   2.5265e+02
20251213_19:00:00   1.0748e-01   3.1914e+01   2.3631e+00   0.0000e+00   0.0000e+00   2.5245e+02
20251213_20:00:00   1.0814e-01   3.2050e+01   2.3894e+00   0.0000e+00   0.0000e+00   2.5100e+02
20251213_21:00:00   1.0701e-01   3.1775e+01   2.3627e+00   0.0000e+00   0.0000e+00   2.5046e+02
20251213_22:00:00   1.0437e-01   3.1160e+01   2.2926e+00   0.0000e+00   0.0000e+00   2.4998e+02
20251213_23:00:00   1.0310e-01   3.0863e+01   2.2556e+00   0.0000e+00   0.0000e+00   2.4870e+02
20251214_00:00:00   1.0127e-01   3.0436e+01   2.2069e+00   0.0000e+00   0.0000e+00   2.4611e+02
20251214_01:00:00   9.9062e-02   2.9896e+01   2.1582e+00   1.0920e-06   0.0000e+00   2.4363e+02
20251214_02:00:00   9.9884e-02   3.0059e+01   2.1887e+00   6.3250e-07   0.0000e+00   2.4295e+02
20251214_03:00:00   1.0030e-01   3.0100e+01   2.2182e+00   0.0000e+00   0.0000e+00   2.4249e+02
20251214_04:00:00   1.0120e-01   3.0273e+01   2.2461e+00   0.0000e+00   0.0000e+00   2.4277e+02
20251214_05:00:00   1.0332e-01   3.0765e+01   2.2945e+00   0.0000e+00   0.0000e+00   2.4307e+02
20251214_06:00:00   1.0690e-01   3.1562e+01   2.3985e+00   0.0000e+00   0.0000e+00   2.4410e+02
20251214_07:00:00   1.0356e-01   3.0773e+01   2.3109e+00   0.0000e+00   0.0000e+00   2.4502e+02
20251214_08:00:00   9.8689e-02   2.9652e+01   2.1732e+00   0.0000e+00   0.0000e+00   2.4502e+02
20251214_09:00:00   9.9466e-02   2.9776e+01   2.2059e+00   0.0000e+00   0.0000e+00   2.4520e+02
20251214_10:00:00   1.0211e-01   3.0340e+01   2.2855e+00   0.0000e+00   0.0000e+00   2.4447e+02
20251214_11:00:00   1.0027e-01   2.9869e+01   2.2446e+00   0.0000e+00   5.1820e-06   2.4435e+02
20251214_12:00:00   1.0099e-01   3.0024e+01   2.2639e+00   0.0000e+00   0.0000e+00   2.4441e+02
20251214_13:00:00   1.0174e-01   3.0201e+01   2.2802e+00   0.0000e+00   0.0000e+00   2.4398e+02
20251214_14:00:00   1.0228e-01   3.0371e+01   2.2803e+00   0.0000e+00   0.0000e+00   2.4428e+02
20251214_15:00:00   1.1371e-01   3.3056e+01   2.5676e+00   0.0000e+00   1.7276e-06   2.4451e+02
20251214_16:00:00   1.2700e-01   3.6200e+01   2.8811e+00   0.0000e+00   0.0000e+00   2.4495e+02
20251214_17:00:00   1.4079e-01   3.9390e+01   3.1989e+00   0.0000e+00   1.7276e-06   2.4456e+02
20251214_18:00:00   1.5352e-01   4.2329e+01   3.4715e+00   0.0000e+00   0.0000e+00   2.4380e+02
20251214_19:00:00   1.6447e-01   4.4860e+01   3.6927e+00   0.0000e+00   0.0000e+00   2.4398e+02
20251214_20:00:00   1.7268e-01   4.6711e+01   3.8777e+00   0.0000e+00   0.0000e+00   2.4376e+02
20251214_21:00:00   1.8175e-01   4.8690e+01   4.0909e+00   0.0000e+00   0.0000e+00   2.4340e+02
20251214_22:00:00   1.8861e-01   5.0150e+01   4.2665e+00   0.0000e+00   0.0000e+00   2.4218e+02
20251214_23:00:00   1.9561e-01   5.1647e+01   4.4336e+00   0.0000e+00   0.0000e+00   2.3982e+02
20251215_00:00:00   2.0058e-01   5.2718e+01   4.5504e+00   1.2597e-04   0.0000e+00   2.3794e+02
20251215_01:00:00   2.1681e-01   5.6206e+01   4.8436e+00   1.4514e-03   0.0000e+00   2.3736e+02
20251215_02:00:00   2.2243e-01   5.7264e+01   5.0953e+00   5.4750e-05   0.0000e+00   2.3663e+02
20251215_03:00:00   2.4849e-01   6.2677e+01   5.6527e+00   5.7430e-04   6.2320e-05   2.3630e+02
20251215_04:00:00   2.7920e-01   6.8949e+01   6.2535e+00   1.2750e-03   1.0042e-04   2.3558e+02
20251215_05:00:00   3.0578e-01   7.4111e+01   6.8509e+00   5.4250e-04   8.6415e-04   2.3644e+02
20251215_06:00:00   3.3237e-01   7.9406e+01   6.9772e+00   8.5860e-03   9.5218e-05   2.3746e+02
20251215_07:00:00   3.1822e-01   7.6432e+01   7.1615e+00   0.0000e+00   1.7178e-04   2.3830e+02
20251215_08:00:00   3.3224e-01   7.9113e+01   7.4510e+00   0.0000e+00   2.9045e-04   2.3907e+02
20251215_09:00:00   3.3425e-01   7.9450e+01   7.5192e+00   0.0000e+00   4.7050e-04   2.3930e+02
20251215_10:00:00   3.3919e-01   8.0283e+01   7.6736e+00   0.0000e+00   1.7459e-03   2.3895e+02
20251215_11:00:00   3.4860e-01   8.2017e+01   7.8858e+00   0.0000e+00   7.2093e-03   2.3800e+02
20251215_12:00:00   3.6426e-01   8.4892e+01   8.1993e+00   0.0000e+00   9.0550e-03   2.3733e+02
20251215_13:00:00   3.7696e-01   8.7224e+01   8.4548e+00   0.0000e+00   1.7288e-02   2.3723e+02
20251215_14:00:00   3.9055e-01   8.9697e+01   8.7491e+00   0.0000e+00   3.2775e-02   2.3770e+02
20251215_15:00:00   3.9122e-01   8.9937e+01   8.7861e+00   0.0000e+00   1.5940e-03   2.3684e+02
20251215_16:00:00   4.0828e-01   9.2920e+01   9.1057e+00   0.0000e+00   8.4519e-03   2.3621e+02
20251215_17:00:00   4.1932e-01   9.4842e+01   9.3203e+00   0.0000e+00   6.0481e-03   2.3705e+02
20251215_18:00:00   4.1260e-01   9.3792e+01   9.1511e+00   0.0000e+00   1.8543e-03   2.3820e+02
20251215_19:00:00   4.0125e-01   9.1902e+01   8.8918e+00   0.0000e+00   4.4323e-04   2.3827e+02
20251215_20:00:00   4.0636e-01   9.2763e+01   8.9863e+00   0.0000e+00   3.0030e-03   2.3726e+02
20251215_21:00:00   4.2541e-01   9.6078e+01   9.3790e+00   6.2240e-06   2.0831e-03   2.3719e+02
20251215_22:00:00   4.5647e-01   1.0139e+02   9.9305e+00   5.7160e-05   1.6476e-03   2.3697e+02
20251215_23:00:00   5.0690e-01   1.0957e+02   1.0595e+01   4.0520e-03   1.9520e-01   2.3693e+02
20251216_00:00:00   5.1586e-01   1.1106e+02   1.0709e+01   4.5650e-03   1.5830e-01   2.3659e+02
20251216_01:00:00   5.4206e-01   1.1569e+02   1.0233e+01   2.4883e-02   3.6558e-03   2.3829e+02
20251216_02:00:00   5.6331e-01   1.1877e+02   1.0574e+01   2.6251e-02   9.5455e-02   2.3755e+02
20251216_03:00:00   5.2380e-01   1.1242e+02   1.0903e+01   4.1400e-03   2.4126e-02   2.3641e+02
20251216_04:00:00   6.2581e-01   1.2831e+02   1.0637e+01   5.1057e-02   9.8454e-03   2.3563e+02
20251216_05:00:00   5.5337e-01   1.1752e+02   9.8967e+00   3.8265e-02   8.3891e-03   2.3667e+02
20251216_06:00:00   7.3633e-01   1.4400e+02   9.5618e+00   1.2009e-01   7.0631e-02   2.3887e+02
20251216_07:00:00   4.6679e-01   1.0277e+02   9.8953e+00   4.4190e-03   2.2895e-01   2.3913e+02
20251216_08:00:00   4.1209e-01   9.3371e+01   8.9031e+00   4.7020e-03   1.8072e-01   2.3980e+02
20251216_09:00:00   4.3309e-01   9.6907e+01   9.0869e+00   6.8540e-03   3.4109e-01   2.4051e+02
20251216_10:00:00   4.1930e-01   9.4623e+01   9.1316e+00   8.2510e-04   9.8316e-02   2.3930e+02
20251216_11:00:00   3.8005e-01   8.7322e+01   8.4539e+00   0.0000e+00   9.2295e-02   2.3840e+02
20251216_12:00:00   3.8069e-01   8.7480e+01   8.4437e+00   1.2330e-04   8.0968e-02   2.3920e+02
20251216_13:00:00   3.4767e-01   8.1064e+01   7.7686e+00   0.0000e+00   2.4411e-01   2.3765e+02
20251216_14:00:00   4.1277e-01   9.3037e+01   8.9778e+00   0.0000e+00   3.2742e-01   2.3755e+02
20251216_15:00:00   5.5102e-01   1.1610e+02   1.0851e+01   1.1233e-02   2.6560e-01   2.3679e+02
20251216_16:00:00   5.5756e-01   1.1724e+02   1.1248e+01   0.0000e+00   3.7545e-01   2.3657e+02
20251216_17:00:00   5.1806e-01   1.1124e+02   1.0659e+01   0.0000e+00   1.8041e-01   2.3669e+02
20251216_18:00:00   4.5756e-01   1.0143e+02   9.6936e+00   0.0000e+00   5.6241e-02   2.3805e+02
20251216_21:00:00   5.2967e-01   1.1299e+02   1.0898e+01   0.0000e+00   2.5195e-01   2.4061e+02
20251217_00:00:00   4.6707e-01   1.0293e+02   9.8285e+00   0.0000e+00   1.9383e-01   2.4122e+02
20251217_03:00:00   3.3409e-01   7.9325e+01   7.3459e+00   0.0000e+00   2.5295e-01   2.4419e+02
20251217_06:00:00   2.3433e-01   6.0234e+01   5.1831e+00   0.0000e+00   0.0000e+00   2.4439e+02
20251217_09:00:00   2.2945e-01   5.9321e+01   4.9650e+00   0.0000e+00   0.0000e+00   2.4669e+02
20251217_12:00:00   2.1896e-01   5.6977e+01   4.7600e+00   0.0000e+00   0.0000e+00   2.4760e+02
20251217_15:00:00   2.3195e-01   5.9654e+01   5.0517e+00   0.0000e+00   0.0000e+00   2.4828e+02
20251217_18:00:00   2.2405e-01   5.8007e+01   4.9059e+00   0.0000e+00   0.0000e+00   2.4870e+02
20251217_21:00:00   2.2036e-01   5.7172e+01   4.8828e+00   0.0000e+00   0.0000e+00   2.4846e+02
20251218_00:00:00   2.3513e-01   6.0333e+01   5.1717e+00   2.7410e-04   0.0000e+00   2.4903e+02
20251218_03:00:00   2.2027e-01   5.7106e+01   4.9260e+00   3.5230e-04   0.0000e+00   2.4810e+02
20251218_06:00:00   2.1525e-01   5.6026e+01   4.8421e+00   0.0000e+00   0.0000e+00   2.4678e+02
20251218_09:00:00   2.1311e-01   5.5606e+01   4.7835e+00   0.0000e+00   0.0000e+00   2.4574e+02
20251218_12:00:00   2.1254e-01   5.5402e+01   4.7873e+00   5.7120e-06   0.0000e+00   2.4709e+02
20251218_15:00:00   2.0844e-01   5.4509e+01   4.7083e+00   0.0000e+00   0.0000e+00   2.4784e+02
20251218_18:00:00   2.1010e-01   5.4873e+01   4.7659e+00   0.0000e+00   0.0000e+00   2.4799e+02
20251218_21:00:00   2.0688e-01   5.4269e+01   4.7076e+00   0.0000e+00   0.0000e+00   2.4672e+02
20251219_00:00:00   2.1868e-01   5.6751e+01   4.9891e+00   7.4400e-05   0.0000e+00   2.4474e+02
20251219_03:00:00   2.1178e-01   5.5246e+01   4.8785e+00   0.0000e+00   0.0000e+00   2.4313e+02
20251219_06:00:00   1.9951e-01   5.2698e+01   4.5502e+00   0.0000e+00   0.0000e+00   2.4495e+02
20251219_09:00:00   1.7953e-01   4.8335e+01   4.0922e+00   0.0000e+00   0.0000e+00   2.4766e+02
20251219_12:00:00   1.5739e-01   4.3535e+01   3.5580e+00   0.0000e+00   0.0000e+00   2.4930e+02
20251219_15:00:00   1.5864e-01   4.3700e+01   3.6339e+00   0.0000e+00   0.0000e+00   2.4939e+02
20251219_18:00:00   1.6763e-01   4.5636e+01   3.8652e+00   0.0000e+00   0.0000e+00   2.5403e+02
20251219_21:00:00   1.7350e-01   4.6870e+01   4.0223e+00   0.0000e+00   0.0000e+00   2.5416e+02
20251220_00:00:00   1.7065e-01   4.6209e+01   3.9698e+00   1.2520e-05   0.0000e+00   2.5411e+02
20251220_03:00:00   1.6706e-01   4.5480e+01   3.8590e+00   6.9780e-05   0.0000e+00   2.5311e+02
20251220_06:00:00   1.7061e-01   4.6177e+01   3.9403e+00   1.7390e-04   4.9480e-06   2.5139e+02
20251220_09:00:00   1.7449e-01   4.6921e+01   4.0543e+00   0.0000e+00   0.0000e+00   2.5044e+02
20251220_12:00:00   1.7249e-01   4.6369e+01   4.0283e+00   0.0000e+00   0.0000e+00   2.4856e+02
20251220_15:00:00   1.7198e-01   4.6305e+01   4.0119e+00   0.0000e+00   0.0000e+00   2.4972e+02
20251220_18:00:00   1.9913e-01   5.2272e+01   4.6472e+00   0.0000e+00   7.3381e-05   2.5100e+02
20251220_21:00:00   2.1109e-01   5.4919e+01   4.9020e+00   0.0000e+00   0.0000e+00   2.5167e+02
20251221_00:00:00   2.1525e-01   5.5977e+01   4.9845e+00   1.4110e-05   0.0000e+00   2.5062e+02
20251221_03:00:00   2.2440e-01   5.7892e+01   5.2090e+00   0.0000e+00   0.0000e+00   2.4822e+02
20251221_06:00:00   2.1670e-01   5.6491e+01   5.0108e+00   9.4600e-07   0.0000e+00   2.4870e+02
20251221_09:00:00   2.1400e-01   5.5795e+01   4.9540e+00   0.0000e+00   0.0000e+00   2.5004e+02
20251221_12:00:00   2.0874e-01   5.4599e+01   4.8421e+00   0.0000e+00   0.0000e+00   2.4783e+02
20251221_15:00:00   1.9065e-01   5.0749e+01   4.4108e+00   0.0000e+00   0.0000e+00   2.4647e+02
20251221_18:00:00   1.8663e-01   4.9895e+01   4.3388e+00   0.0000e+00   0.0000e+00   2.4476e+02
20251221_21:00:00   1.8088e-01   4.8685e+01   4.1924e+00   0.0000e+00   0.0000e+00   2.4302e+02
20251222_00:00:00   1.9195e-01   5.1306e+01   4.4185e+00   1.0780e-04   0.0000e+00   2.4200e+02
20251222_03:00:00   1.8017e-01   4.8730e+01   4.1833e+00   2.4840e-05   0.0000e+00   2.4199e+02
20251222_06:00:00   1.8435e-01   4.9634e+01   4.2586e+00   3.4640e-05   0.0000e+00   2.4208e+02
20251222_09:00:00   1.8826e-01   5.0391e+01   4.3692e+00   0.0000e+00   2.7760e-04   2.4177e+02
20251222_12:00:00   1.8516e-01   4.9688e+01   4.2901e+00   0.0000e+00   0.0000e+00   2.4178e+02
20251222_15:00:00   1.8317e-01   4.9315e+01   4.2137e+00   0.0000e+00   0.0000e+00   2.3952e+02
20251222_18:00:00   1.8478e-01   4.9614e+01   4.2516e+00   0.0000e+00   2.1000e-06   2.4231e+02
20251222_21:00:00   1.8911e-01   5.0661e+01   4.3505e+00   0.0000e+00   0.0000e+00   2.4429e+02
20251223_00:00:00   1.8600e-01   5.0115e+01   4.2740e+00   1.5700e-05   0.0000e+00   2.4273e+02
20251223_03:00:00   1.6396e-01   4.5340e+01   3.8035e+00   0.0000e+00   2.0500e-03   2.4280e+02
20251223_06:00:00   1.6420e-01   4.5257e+01   3.8064e+00   0.0000e+00   2.9390e-03   2.4449e+02
20251223_09:00:00   1.6021e-01   4.4292e+01   3.6862e+00   0.0000e+00   9.6740e-05   2.4492e+02
20251223_12:00:00   1.6297e-01   4.4702e+01   3.8062e+00   0.0000e+00   1.8692e-04   2.4664e+02
20251223_15:00:00   1.6054e-01   4.4125e+01   3.7343e+00   0.0000e+00   4.8643e-05   2.4585e+02
20251223_18:00:00   1.6417e-01   4.4867e+01   3.8364e+00   0.0000e+00   5.9140e-06   2.4637e+02
20251223_21:00:00   1.6684e-01   4.5540e+01   3.8873e+00   0.0000e+00   1.3820e-05   2.4945e+02
20251224_00:00:00   1.7139e-01   4.6604e+01   3.9884e+00   0.0000e+00   6.4540e-05   2.4863e+02
20251224_03:00:00   1.7977e-01   4.8531e+01   4.1838e+00   0.0000e+00   2.1545e-03   2.5048e+02
20251224_06:00:00   1.8912e-01   5.0611e+01   4.3769e+00   0.0000e+00   4.6947e-03   2.5060e+02
20251224_09:00:00   1.9016e-01   5.0872e+01   4.3877e+00   0.0000e+00   1.4684e-03   2.5114e+02
20251224_12:00:00   1.9931e-01   5.2892e+01   4.5576e+00   0.0000e+00   3.2270e-03   2.5081e+02
20251224_15:00:00   2.0026e-01   5.3048e+01   4.5807e+00   0.0000e+00   1.6062e-02   2.5213e+02
20251224_18:00:00   1.9670e-01   5.2378e+01   4.4710e+00   0.0000e+00   9.8579e-04   2.5244e+02
20251224_21:00:00   1.9115e-01   5.1154e+01   4.3543e+00   0.0000e+00   1.9311e-04   2.4914e+02
20251225_00:00:00   1.8373e-01   4.9572e+01   4.1665e+00   0.0000e+00   0.0000e+00   2.4964e+02
20251225_03:00:00   1.6912e-01   4.6281e+01   3.8639e+00   0.0000e+00   1.2414e-03   2.5162e+02
20251225_06:00:00   1.6306e-01   4.4917e+01   3.7087e+00   0.0000e+00   8.1640e-05   2.5062e+02
20251225_09:00:00   1.7236e-01   4.6923e+01   3.9223e+00   0.0000e+00   1.7154e-03   2.5022e+02
20251225_12:00:00   1.7275e-01   4.6933e+01   3.9430e+00   0.0000e+00   1.9090e-03   2.4989e+02
20251225_15:00:00   1.7501e-01   4.7348e+01   4.0069e+00   0.0000e+00   9.4579e-04   2.4779e+02
20251225_18:00:00   1.7455e-01   4.7259e+01   3.9781e+00   0.0000e+00   1.4922e-06   2.4447e+02
20251225_21:00:00   1.7807e-01   4.8059e+01   4.0353e+00   0.0000e+00   0.0000e+00   2.4617e+02
20251226_00:00:00   1.7285e-01   4.6889e+01   3.9260e+00   0.0000e+00   0.0000e+00   2.4761e+02
20251226_03:00:00   1.6750e-01   4.5686e+01   3.8079e+00   0.0000e+00   0.0000e+00   2.4849e+02
20251226_06:00:00   1.6057e-01   4.4090e+01   3.6517e+00   0.0000e+00   7.8600e-06   2.5014e+02
20251226_09:00:00   1.5548e-01   4.2930e+01   3.5269e+00   0.0000e+00   3.1360e-05   2.5095e+02
20251226_12:00:00   1.5107e-01   4.1880e+01   3.4326e+00   0.0000e+00   8.3870e-04   2.4903e+02
20251226_15:00:00   1.5271e-01   4.2172e+01   3.4699e+00   0.0000e+00   5.3102e-03   2.4842e+02
20251226_18:00:00   1.4735e-01   4.1051e+01   3.3147e+00   0.0000e+00   3.9534e-03   2.5122e+02
20251226_21:00:00   1.4644e-01   4.0859e+01   3.2853e+00   0.0000e+00   4.3637e-03   2.5391e+02
20251227_00:00:00   1.5181e-01   4.2074e+01   3.3943e+00   0.0000e+00   4.1344e-03   2.5483e+02
20251227_03:00:00   1.5624e-01   4.2924e+01   3.4581e+00   2.0290e-03   1.3118e-02   2.5419e+02
20251227_06:00:00   1.5201e-01   4.2073e+01   3.3997e+00   0.0000e+00   5.7378e-04   2.5345e+02
20251227_09:00:00   1.3955e-01   3.9389e+01   3.0440e+00   0.0000e+00   1.4380e-05   2.5341e+02
20251227_12:00:00   1.4525e-01   4.0634e+01   3.1666e+00   0.0000e+00   0.0000e+00   2.5393e+02
20251227_15:00:00   1.5349e-01   4.2421e+01   3.3556e+00   0.0000e+00   2.5080e-04   2.5387e+02
20251227_18:00:00   1.7015e-01   4.6006e+01   3.7499e+00   0.0000e+00   2.7714e-04   2.5427e+02
