#            date       tau255        Tb[K]      pwv[mm] lwp[kg*m^-2] iwp[kg*m^-2]       o3[DU]
20251208_06:00:00   7.6410e-02   2.4024e+01   1.5606e+00   0.0000e+00   0.0000e+00   2.6962e+02
20251208_07:00:00   7.7130e-02   2.4209e+01   1.5775e+00   0.0000e+00   0.0000e+00   2.6850e+02
20251208_08:00:00   7.2652e-02   2.3134e+01   1.4669e+00   0.0000e+00   0.0000e+00   2.6745e+02
20251208_09:00:00   7.1290e-02   2.2800e+01   1.4356e+00   0.0000e+00   0.0000e+00   2.6636e+02
20251208_10:00:00   7.2207e-02   2.3009e+01   1.4634e+00   0.0000e+00   0.0000e+00   2.6738e+02
20251208_11:00:00   7.2355e-02   2.3050e+01   1.4696e+00   0.0000e+00   0.0000e+00   2.7011e+02
20251208_12:00:00   7.5571e-02   2.3836e+01   1.5499e+00   0.0000e+00   0.0000e+00   2.6958e+02
20251208_13:00:00   8.0590e-02   2.5041e+01   1.6742e+00   0.0000e+00   0.0000e+00   2.7050e+02
20251208_14:00:00   8.2558e-02   2.5504e+01   1.7262e+00   0.0000e+00   0.0000e+00   2.6904e+02
20251208_15:00:00   8.3727e-02   2.5795e+01   1.7545e+00   0.0000e+00   0.0000e+00   2.6613e+02
20251208_16:00:00   8.0761e-02   2.5120e+01   1.6782e+00   0.0000e+00   0.0000e+00   2.6752e+02
20251208_17:00:00   7.6978e-02   2.4224e+01   1.5843e+00   0.0000e+00   0.0000e+00   2.6433e+02
20251208_18:00:00   7.1557e-02   2.2961e+01   1.4459e+00   0.0000e+00   0.0000e+00   2.6412e+02
20251208_19:00:00   6.9374e-02   2.2465e+01   1.3843e+00   0.0000e+00   0.0000e+00   2.6636e+02
20251208_20:00:00   6.5308e-02   2.1490e+01   1.2799e+00   0.0000e+00   0.0000e+00   2.6589e+02
20251208_21:00:00   5.9905e-02   2.0143e+01   1.1451e+00   0.0000e+00   0.0000e+00   2.6605e+02
20251208_22:00:00   5.8985e-02   1.9882e+01   1.1265e+00   0.0000e+00   0.0000e+00   2.6467e+02
20251208_23:00:00   6.0629e-02   2.0320e+01   1.1601e+00   0.0000e+00   0.0000e+00   2.6375e+02
20251209_00:00:00   6.6228e-02   2.1773e+01   1.2820e+00   0.0000e+00   0.0000e+00   2.6210e+02
20251209_01:00:00   6.4670e-02   2.1400e+01   1.2408e+00   0.0000e+00   0.0000e+00   2.5980e+02
20251209_02:00:00   6.2246e-02   2.0786e+01   1.1773e+00   1.7340e-04   0.0000e+00   2.6206e+02
20251209_03:00:00   6.0376e-02   2.0250e+01   1.1646e+00   0.0000e+00   0.0000e+00   2.6251e+02
20251209_04:00:00   6.2969e-02   2.0891e+01   1.2346e+00   0.0000e+00   0.0000e+00   2.6042e+02
20251209_05:00:00   6.3353e-02   2.0986e+01   1.2432e+00   0.0000e+00   0.0000e+00   2.6011e+02
20251209_06:00:00   6.2082e-02   2.0654e+01   1.2158e+00   0.0000e+00   0.0000e+00   2.6138e+02
20251209_07:00:00   6.3515e-02   2.0986e+01   1.2545e+00   0.0000e+00   0.0000e+00   2.6166e+02
20251209_08:00:00   6.3201e-02   2.0861e+01   1.2615e+00   0.0000e+00   0.0000e+00   2.6159e+02
20251209_09:00:00   6.2428e-02   2.0644e+01   1.2495e+00   0.0000e+00   0.0000e+00   2.6177e+02
20251209_10:00:00   6.2887e-02   2.0737e+01   1.2757e+00   0.0000e+00   0.0000e+00   2.6241e+02
20251209_11:00:00   6.1553e-02   2.0400e+01   1.2478e+00   0.0000e+00   0.0000e+00   2.6042e+02
20251209_12:00:00   6.2195e-02   2.0550e+01   1.2735e+00   0.0000e+00   0.0000e+00   2.5926e+02
20251209_13:00:00   6.3648e-02   2.0898e+01   1.3229e+00   0.0000e+00   0.0000e+00   2.5949e+02
20251209_14:00:00   6.4569e-02   2.1124e+01   1.3512e+00   0.0000e+00   0.0000e+00   2.6075e+02
20251209_15:00:00   6.4697e-02   2.1147e+01   1.3593e+00   0.0000e+00   4.3400e-05   2.5970e+02
20251209_16:00:00   6.4662e-02   2.1122e+01   1.3674e+00   0.0000e+00   4.9277e-05   2.5829e+02
20251209_17:00:00   6.3653e-02   2.0895e+01   1.3378e+00   0.0000e+00   2.8277e-05   2.5875e+02
20251209_18:00:00   6.2231e-02   2.0584e+01   1.2896e+00   0.0000e+00   0.0000e+00   2.5898e+02
20251209_19:00:00   5.9657e-02   1.9929e+01   1.2269e+00   0.0000e+00   3.6604e-04   2.5955e+02
20251209_20:00:00   5.9781e-02   1.9963e+01   1.2281e+00   0.0000e+00   8.7158e-04   2.6019e+02
20251209_21:00:00   6.0230e-02   2.0087e+01   1.2360e+00   0.0000e+00   5.8561e-04   2.6099e+02
20251209_22:00:00   6.2871e-02   2.0726e+01   1.3117e+00   0.0000e+00   9.1064e-04   2.6080e+02
20251209_23:00:00   6.6826e-02   2.1738e+01   1.4069e+00   0.0000e+00   7.4029e-04   2.6054e+02
20251210_00:00:00   6.6326e-02   2.1601e+01   1.3981e+00   0.0000e+00   3.7323e-04   2.5998e+02
20251210_01:00:00   6.9014e-02   2.2253e+01   1.4683e+00   1.2300e-06   2.8504e-04   2.5903e+02
20251210_02:00:00   6.8650e-02   2.2103e+01   1.4760e+00   1.4610e-08   1.6238e-05   2.5910e+02
20251210_03:00:00   7.1032e-02   2.2736e+01   1.5259e+00   6.2720e-06   1.1290e-05   2.5932e+02
20251210_04:00:00   7.7563e-02   2.4367e+01   1.6881e+00   1.1147e-05   6.8067e-04   2.5888e+02
20251210_05:00:00   8.4659e-02   2.6133e+01   1.8543e+00   5.8871e-05   1.9844e-03   2.5788e+02
20251210_06:00:00   8.9670e-02   2.7337e+01   1.9581e+00   4.3710e-04   4.3297e-03   2.5795e+02
20251210_07:00:00   8.9102e-02   2.7179e+01   1.9723e+00   3.0090e-07   3.1322e-03   2.5855e+02
20251210_08:00:00   8.2949e-02   2.5605e+01   1.8376e+00   8.1950e-07   2.6344e-03   2.5777e+02
20251210_09:00:00   7.7224e-02   2.4150e+01   1.7077e+00   0.0000e+00   3.4163e-03   2.5722e+02
20251210_10:00:00   7.7391e-02   2.4216e+01   1.7071e+00   0.0000e+00   2.9744e-04   2.5632e+02
20251210_11:00:00   8.0291e-02   2.4920e+01   1.7768e+00   0.0000e+00   1.3708e-03   2.5585e+02
20251210_12:00:00   8.3753e-02   2.5719e+01   1.8694e+00   0.0000e+00   4.2667e-03   2.5545e+02
20251210_13:00:00   8.6615e-02   2.6372e+01   1.9473e+00   0.0000e+00   6.4899e-03   2.5540e+02
20251210_14:00:00   9.5210e-02   2.8364e+01   2.1618e+00   0.0000e+00   2.0118e-02   2.5570e+02
20251210_15:00:00   9.7439e-02   2.8965e+01   2.2034e+00   0.0000e+00   1.0023e-02   2.5628e+02
20251210_16:00:00   9.5237e-02   2.8523e+01   2.1235e+00   0.0000e+00   5.6052e-03   2.5630e+02
20251210_17:00:00   9.0076e-02   2.7278e+01   1.9969e+00   0.0000e+00   9.5710e-04   2.5617e+02
20251210_18:00:00   8.1872e-02   2.5232e+01   1.8022e+00   0.0000e+00   1.4186e-03   2.5627e+02
20251210_19:00:00   7.5760e-02   2.3721e+01   1.6530e+00   0.0000e+00   2.1775e-04   2.5703e+02
20251210_20:00:00   7.2686e-02   2.2886e+01   1.5906e+00   0.0000e+00   4.4401e-03   2.5787e+02
20251210_21:00:00   7.1950e-02   2.2650e+01   1.5566e+00   0.0000e+00   2.1638e-02   2.5866e+02
20251210_22:00:00   1.2561e-01   3.5905e+01   2.6881e+00   0.0000e+00   1.1580e-03   2.5903e+02
20251210_23:00:00   8.6441e-02   2.6432e+01   1.8695e+00   0.0000e+00   0.0000e+00   2.5876e+02
20251211_00:00:00   7.8442e-02   2.4479e+01   1.6822e+00   0.0000e+00   0.0000e+00   2.5702e+02
20251211_01:00:00   7.6379e-02   2.3955e+01   1.6428e+00   0.0000e+00   0.0000e+00   2.5620e+02
20251211_02:00:00   7.6118e-02   2.3908e+01   1.6337e+00   0.0000e+00   0.0000e+00   2.5653e+02
20251211_03:00:00   8.4677e-02   2.5989e+01   1.8537e+00   0.0000e+00   0.0000e+00   2.5670e+02
20251211_04:00:00   8.4896e-02   2.6094e+01   1.8545e+00   0.0000e+00   0.0000e+00   2.5777e+02
20251211_05:00:00   8.5590e-02   2.6273e+01   1.8720e+00   0.0000e+00   0.0000e+00   2.5846e+02
20251211_06:00:00   8.9100e-02   2.7119e+01   1.9616e+00   0.0000e+00   0.0000e+00   2.5835e+02
20251211_07:00:00   9.2243e-02   2.7860e+01   2.0476e+00   0.0000e+00   0.0000e+00   2.5805e+02
20251211_08:00:00   9.7710e-02   2.9209e+01   2.1885e+00   0.0000e+00   0.0000e+00   2.5747e+02
20251211_09:00:00   9.5427e-02   2.8671e+01   2.1330e+00   0.0000e+00   0.0000e+00   2.5627e+02
20251211_10:00:00   9.6995e-02   2.9012e+01   2.1761e+00   0.0000e+00   1.4800e-05   2.5648e+02
20251211_11:00:00   1.0428e-01   3.0732e+01   2.3640e+00   0.0000e+00   0.0000e+00   2.5455e+02
20251211_12:00:00   1.1235e-01   3.2680e+01   2.5581e+00   0.0000e+00   0.0000e+00   2.5430e+02
20251211_13:00:00   1.2014e-01   3.4522e+01   2.7416e+00   0.0000e+00   0.0000e+00   2.5376e+02
20251211_14:00:00   1.2294e-01   3.5187e+01   2.8083e+00   0.0000e+00   0.0000e+00   2.5341e+02
20251211_15:00:00   1.2404e-01   3.5454e+01   2.8319e+00   0.0000e+00   0.0000e+00   2.5220e+02
20251211_16:00:00   1.2317e-01   3.5294e+01   2.8042e+00   0.0000e+00   0.0000e+00   2.5208e+02
20251211_17:00:00   1.2575e-01   3.5923e+01   2.8484e+00   0.0000e+00   0.0000e+00   2.5210e+02
20251211_18:00:00   1.3291e-01   3.7656e+01   3.0081e+00   0.0000e+00   0.0000e+00   2.5190e+02
20251211_19:00:00   1.4010e-01   3.9377e+01   3.1727e+00   0.0000e+00   0.0000e+00   2.5144e+02
20251211_20:00:00   1.5157e-01   4.1973e+01   3.4555e+00   0.0000e+00   0.0000e+00   2.5209e+02
20251211_21:00:00   1.6350e-01   4.4719e+01   3.7322e+00   0.0000e+00   0.0000e+00   2.5193e+02
20251211_22:00:00   1.6583e-01   4.5355e+01   3.7642e+00   0.0000e+00   0.0000e+00   2.5237e+02
20251211_23:00:00   1.7833e-01   4.8123e+01   4.0588e+00   0.0000e+00   0.0000e+00   2.5268e+02
20251212_00:00:00   1.8345e-01   4.9267e+01   4.1899e+00   0.0000e+00   0.0000e+00   2.5200e+02
20251212_01:00:00   1.9499e-01   5.1784e+01   4.4601e+00   0.0000e+00   0.0000e+00   2.5255e+02
20251212_02:00:00   1.9368e-01   5.1542e+01   4.4119e+00   0.0000e+00   0.0000e+00   2.5162e+02
20251212_03:00:00   1.9037e-01   5.0867e+01   4.3083e+00   0.0000e+00   0.0000e+00   2.5183e+02
20251212_04:00:00   1.8998e-01   5.0835e+01   4.2714e+00   0.0000e+00   0.0000e+00   2.5146e+02
20251212_05:00:00   1.8890e-01   5.0691e+01   4.2198e+00   0.0000e+00   0.0000e+00   2.5167e+02
20251212_06:00:00   1.8894e-01   5.0719e+01   4.2046e+00   0.0000e+00   0.0000e+00   2.5046e+02
20251212_07:00:00   1.9496e-01   5.2010e+01   4.3447e+00   0.0000e+00   0.0000e+00   2.5051e+02
20251212_08:00:00   1.9530e-01   5.2095e+01   4.3442e+00   0.0000e+00   0.0000e+00   2.5083e+02
20251212_09:00:00   1.9602e-01   5.2255e+01   4.3492e+00   0.0000e+00   0.0000e+00   2.5127e+02
20251212_10:00:00   2.0032e-01   5.3187e+01   4.4442e+00   0.0000e+00   0.0000e+00   2.5210e+02
20251212_11:00:00   1.9978e-01   5.3089e+01   4.4211e+00   0.0000e+00   0.0000e+00   2.5202e+02
20251212_12:00:00   1.9460e-01   5.2004e+01   4.2781e+00   0.0000e+00   0.0000e+00   2.5190e+02
20251212_13:00:00   1.9562e-01   5.2187e+01   4.3044e+00   0.0000e+00   0.0000e+00   2.5226e+02
20251212_14:00:00   1.9583e-01   5.2207e+01   4.3206e+00   0.0000e+00   0.0000e+00   2.5242e+02
20251212_15:00:00   1.9479e-01   5.1959e+01   4.3027e+00   0.0000e+00   0.0000e+00   2.5247e+02
20251212_16:00:00   1.9468e-01   5.1943e+01   4.3148e+00   0.0000e+00   0.0000e+00   2.5211e+02
20251212_17:00:00   1.9355e-01   5.1737e+01   4.2666e+00   0.0000e+00   0.0000e+00   2.5302e+02
20251212_18:00:00   1.9165e-01   5.1349e+01   4.2037e+00   0.0000e+00   0.0000e+00   2.5343e+02
20251212_19:00:00   1.9318e-01   5.1731e+01   4.2262e+00   0.0000e+00   0.0000e+00   2.5398e+02
20251212_20:00:00   1.9119e-01   5.1341e+01   4.1670e+00   0.0000e+00   0.0000e+00   2.5328e+02
20251212_21:00:00   1.8695e-01   5.0420e+01   4.0875e+00   0.0000e+00   0.0000e+00   2.5179e+02
20251212_22:00:00   1.8377e-01   4.9709e+01   4.0203e+00   0.0000e+00   0.0000e+00   2.5020e+02
20251212_23:00:00   1.8111e-01   4.9136e+01   3.9457e+00   2.7190e-08   0.0000e+00   2.5016e+02
20251213_00:00:00   1.8030e-01   4.8960e+01   3.9302e+00   3.3860e-07   0.0000e+00   2.5131e+02
20251213_01:00:00   1.7924e-01   4.8745e+01   3.9114e+00   0.0000e+00   0.0000e+00   2.5159e+02
20251213_02:00:00   1.7775e-01   4.8411e+01   3.8944e+00   2.2080e-06   0.0000e+00   2.5175e+02
20251213_03:00:00   1.7398e-01   4.7578e+01   3.8054e+00   3.5850e-08   0.0000e+00   2.5026e+02
20251213_04:00:00   1.7173e-01   4.7074e+01   3.7519e+00   0.0000e+00   0.0000e+00   2.4805e+02
20251213_05:00:00   1.7111e-01   4.6936e+01   3.7372e+00   0.0000e+00   0.0000e+00   2.4713e+02
20251213_06:00:00   1.7282e-01   4.7301e+01   3.7859e+00   0.0000e+00   0.0000e+00   2.4787e+02
20251213_09:00:00   1.6993e-01   4.6504e+01   3.7710e+00   0.0000e+00   0.0000e+00   2.4890e+02
20251213_12:00:00   1.6352e-01   4.4908e+01   3.6631e+00   0.0000e+00   0.0000e+00   2.4798e+02
20251213_15:00:00   1.6694e-01   4.5484e+01   3.7820e+00   0.0000e+00   0.0000e+00   2.4785e+02
20251213_18:00:00   1.6562e-01   4.5198e+01   3.7490e+00   0.0000e+00   0.0000e+00   2.4495e+02
20251213_21:00:00   1.5323e-01   4.2484e+01   3.4297e+00   0.0000e+00   0.0000e+00   2.4342e+02
20251214_00:00:00   1.5419e-01   4.2640e+01   3.4637e+00   0.0000e+00   0.0000e+00   2.4427e+02
20251214_03:00:00   1.6112e-01   4.4198e+01   3.6328e+00   0.0000e+00   0.0000e+00   2.4490e+02
20251214_06:00:00   1.4776e-01   4.1167e+01   3.3215e+00   0.0000e+00   0.0000e+00   2.4513e+02
20251214_09:00:00   1.3921e-01   3.9179e+01   3.1100e+00   0.0000e+00   0.0000e+00   2.4548e+02
20251214_12:00:00   1.3819e-01   3.8741e+01   3.1363e+00   0.0000e+00   0.0000e+00   2.4506e+02
20251214_15:00:00   1.4487e-01   4.0235e+01   3.2887e+00   0.0000e+00   0.0000e+00   2.4557e+02
20251214_18:00:00   1.9795e-01   5.2158e+01   4.3962e+00   0.0000e+00   0.0000e+00   2.4378e+02
20251214_21:00:00   2.5095e-01   6.3469e+01   5.4425e+00   2.9790e-07   0.0000e+00   2.4425e+02
20251215_00:00:00   2.4776e-01   6.3050e+01   5.2398e+00   0.0000e+00   0.0000e+00   2.4579e+02
20251215_03:00:00   2.1945e-01   5.7137e+01   4.6928e+00   0.0000e+00   0.0000e+00   2.4741e+02
20251215_06:00:00   2.1093e-01   5.5419e+01   4.4533e+00   0.0000e+00   0.0000e+00   2.4708e+02
20251215_09:00:00   2.2374e-01   5.8008e+01   4.7219e+00   0.0000e+00   0.0000e+00   2.4485e+02
20251215_12:00:00   2.0252e-01   5.3425e+01   4.3084e+00   0.0000e+00   0.0000e+00   2.4456e+02
20251215_15:00:00   1.9177e-01   5.1039e+01   4.0966e+00   0.0000e+00   0.0000e+00   2.4631e+02
20251215_18:00:00   1.9038e-01   5.0657e+01   4.0945e+00   0.0000e+00   0.0000e+00   2.4666e+02
20251215_21:00:00   2.1062e-01   5.4865e+01   4.5506e+00   0.0000e+00   6.9100e-06   2.4218e+02
20251216_00:00:00   2.5974e-01   6.5083e+01   5.4849e+00   9.1820e-05   2.2738e-02   2.4238e+02
20251216_03:00:00   2.6819e-01   6.6739e+01   5.7031e+00   0.0000e+00   6.3314e-02   2.4371e+02
20251216_06:00:00   2.7091e-01   6.7094e+01   5.8967e+00   0.0000e+00   2.8762e-02   2.4596e+02
20251216_09:00:00   3.2777e-01   7.7595e+01   7.0985e+00   0.0000e+00   5.5954e-02   2.4561e+02
20251216_12:00:00   3.4254e-01   8.0351e+01   7.2864e+00   0.0000e+00   1.1242e-01   2.4557e+02
20251216_15:00:00   3.4773e-01   8.1366e+01   7.2946e+00   3.9150e-04   6.6163e-02   2.4968e+02
20251216_18:00:00   3.4398e-01   8.0873e+01   7.1652e+00   0.0000e+00   6.6878e-04   2.4982e+02
20251216_21:00:00   3.4445e-01   8.0768e+01   7.2483e+00   0.0000e+00   7.3173e-03   2.5098e+02
20251217_00:00:00   3.7513e-01   8.6428e+01   7.8247e+00   5.9660e-06   8.0151e-03   2.5139e+02
20251217_03:00:00   3.6226e-01   8.4346e+01   7.5009e+00   6.7920e-06   2.8026e-04   2.5357e+02
20251217_06:00:00   3.5295e-01   8.2533e+01   7.2812e+00   0.0000e+00   5.4658e-04   2.5484e+02
20251217_09:00:00   4.0840e-01   9.2531e+01   8.2436e+00   0.0000e+00   7.3193e-03   2.5669e+02
20251217_12:00:00   3.7240e-01   8.6340e+01   7.4801e+00   0.0000e+00   2.6896e-03   2.5873e+02
20251217_15:00:00   3.7660e-01   8.7261e+01   7.5695e+00   0.0000e+00   1.8628e-05   2.5455e+02
20251217_18:00:00   2.8390e-01   6.9996e+01   5.8958e+00   0.0000e+00   5.6120e-05   2.5026e+02
20251217_21:00:00   2.9465e-01   7.2265e+01   6.1216e+00   2.9030e-07   3.7300e-07   2.4688e+02
20251218_00:00:00   3.0203e-01   7.3779e+01   6.2980e+00   0.0000e+00   0.0000e+00   2.4585e+02
20251218_03:00:00   3.2093e-01   7.7224e+01   6.8423e+00   0.0000e+00   0.0000e+00   2.4426e+02
20251218_06:00:00   3.2978e-01   7.8881e+01   7.0481e+00   0.0000e+00   0.0000e+00   2.4484e+02
20251218_09:00:00   3.3525e-01   7.9987e+01   7.0916e+00   0.0000e+00   0.0000e+00   2.4622e+02
20251218_12:00:00   3.2375e-01   7.7725e+01   6.8807e+00   0.0000e+00   0.0000e+00   2.4692e+02
20251218_15:00:00   3.6211e-01   8.4781e+01   7.6718e+00   0.0000e+00   0.0000e+00   2.4701e+02
20251218_18:00:00   3.7816e-01   8.7650e+01   7.9585e+00   0.0000e+00   0.0000e+00   2.4633e+02
20251218_21:00:00   4.2535e-01   9.6127e+01   8.7354e+00   1.3513e-03   2.1300e-05   2.4786e+02
20251219_00:00:00   5.6742e-01   1.1976e+02   9.4687e+00   3.8475e-02   8.4704e-05   2.4863e+02
20251219_03:00:00   3.7660e-01   8.7788e+01   7.7975e+00   3.9282e-04   0.0000e+00   2.4551e+02
20251219_06:00:00   3.6810e-01   8.6338e+01   7.6756e+00   0.0000e+00   0.0000e+00   2.4848e+02
20251219_09:00:00   3.8506e-01   8.9051e+01   8.1161e+00   0.0000e+00   0.0000e+00   2.5032e+02
20251219_12:00:00   3.9531e-01   9.0785e+01   8.4489e+00   0.0000e+00   0.0000e+00   2.4850e+02
20251219_15:00:00   3.9326e-01   9.0395e+01   8.4351e+00   0.0000e+00   1.4296e-03   2.5101e+02
20251219_18:00:00   3.6951e-01   8.6203e+01   7.9351e+00   0.0000e+00   7.6023e-04   2.5171e+02
20251219_21:00:00   3.5387e-01   8.3454e+01   7.6055e+00   0.0000e+00   2.7917e-04   2.5254e+02
20251220_00:00:00   4.3158e-01   9.7418e+01   8.3662e+00   1.5718e-02   1.3694e-02   2.5294e+02
20251220_03:00:00   3.8614e-01   8.9110e+01   8.3705e+00   2.3830e-07   2.2960e-02   2.5007e+02
20251220_06:00:00   3.7003e-01   8.6116e+01   8.1528e+00   0.0000e+00   3.3343e-02   2.4982e+02
20251220_09:00:00   3.9113e-01   8.9734e+01   8.5668e+00   0.0000e+00   5.9140e-02   2.5018e+02
20251220_12:00:00   4.1190e-01   9.3222e+01   8.9416e+00   0.0000e+00   4.9057e-02   2.5077e+02
20251220_15:00:00   4.3251e-01   9.6648e+01   9.2476e+00   0.0000e+00   1.5770e-01   2.5007e+02
20251220_18:00:00   4.4076e-01   9.8186e+01   9.3571e+00   0.0000e+00   6.2664e-02   2.5426e+02
20251220_21:00:00   4.5707e-01   1.0099e+02   9.6343e+00   0.0000e+00   3.8569e-02   2.5539e+02
20251221_00:00:00   4.9762e-01   1.0745e+02   1.0231e+01   0.0000e+00   3.2973e-01   2.5537e+02
20251221_03:00:00   5.5121e-01   1.1569e+02   1.0855e+01   4.2140e-03   3.2150e-01   2.5266e+02
20251221_06:00:00   6.3316e-01   1.2773e+02   1.1435e+01   2.0943e-02   5.0999e-01   2.5218e+02
20251221_09:00:00   1.3779e+00   2.0335e+02   1.1968e+01   3.1719e-01   6.3544e-01   2.5388e+02
20251221_12:00:00   9.4232e-01   1.6570e+02   1.1735e+01   1.3895e-01   9.6684e-01   2.5473e+02
20251221_15:00:00   1.0658e+00   1.7800e+02   1.1215e+01   2.0509e-01   5.4260e-01   2.5466e+02
20251221_18:00:00   2.7192e-01   6.6263e+01   6.0450e+00   0.0000e+00   1.7457e-01   2.5731e+02
20251221_21:00:00   2.0694e-01   5.3612e+01   4.4903e+00   0.0000e+00   2.3347e-04   2.6399e+02
20251222_00:00:00   1.8731e-01   4.9682e+01   3.8887e+00   4.1010e-05   0.0000e+00   2.6525e+02
20251222_03:00:00   2.5355e-01   6.3335e+01   5.2902e+00   3.0400e-04   0.0000e+00   2.6500e+02
20251222_06:00:00   2.4340e-01   6.1496e+01   4.9672e+00   0.0000e+00   0.0000e+00   2.6480e+02
20251222_09:00:00   2.3053e-01   5.8788e+01   4.7551e+00   0.0000e+00   0.0000e+00   2.6536e+02
20251222_12:00:00   1.9948e-01   5.2275e+01   4.1483e+00   0.0000e+00   0.0000e+00   2.6031e+02
20251222_15:00:00   1.5309e-01   4.2055e+01   3.2137e+00   0.0000e+00   0.0000e+00   2.5703e+02
20251222_18:00:00   1.6857e-01   4.5359e+01   3.6143e+00   0.0000e+00   7.9900e-05   2.5737e+02
20251222_21:00:00   1.4570e-01   3.9835e+01   3.2813e+00   0.0000e+00   5.5406e-03   2.5730e+02
20251223_00:00:00   1.6459e-01   4.3989e+01   3.7698e+00   0.0000e+00   3.3558e-03   2.5519e+02
20251223_03:00:00   1.9289e-01   5.0408e+01   4.3796e+00   0.0000e+00   3.8836e-03   2.5110e+02
20251223_06:00:00   1.9511e-01   5.1094e+01   4.3887e+00   0.0000e+00   9.1020e-04   2.4918e+02
20251223_09:00:00   1.6759e-01   4.5223e+01   3.7309e+00   0.0000e+00   2.1840e-06   2.5046e+02
20251223_12:00:00   1.3491e-01   3.7885e+01   2.9852e+00   0.0000e+00   0.0000e+00   2.4867e+02
20251223_15:00:00   1.4143e-01   3.9386e+01   3.1844e+00   0.0000e+00   0.0000e+00   2.5183e+02
20251223_18:00:00   1.5218e-01   4.2012e+01   3.4071e+00   0.0000e+00   0.0000e+00   2.4991e+02
20251223_21:00:00   1.6365e-01   4.4617e+01   3.7122e+00   0.0000e+00   0.0000e+00   2.4897e+02
20251224_00:00:00   2.4437e-01   6.2199e+01   5.1668e+00   3.7141e-03   1.5400e-05   2.4533e+02
20251224_03:00:00   2.9076e-01   7.1715e+01   6.0538e+00   5.9230e-03   0.0000e+00   2.4240e+02
20251224_06:00:00   2.5443e-01   6.4257e+01   5.6494e+00   0.0000e+00   0.0000e+00   2.4378e+02
